APD#	0010	Started	06/11/07 12:46	Sense_ohms	1.004464E+6	1.004628E+6	1.002105E+6	1.000924E+6	9.998282E+5	1.007735E+6	1.002821E+6	9.989270E+5	9.993226E+5	1.002376E+6	1.001862E+6	1.003102E+6	1.000030E+6	1.003780E+6	1.000011E+6	1.000898E+6	9.999006E+5	1.006439E+6	1.005624E+6	1.010450E+6	1.003884E+6	1.005600E+6	1.002519E+6	1.006362E+6	1.004620E+6	1.008599E+6	1.003214E+6	1.000475E+6	1.003139E+6	9.996927E+5	1.009944E+6	1.000506E+6	
ElapTime	Shutter_Open	DegC	BiasV	KE237_Amps	Pixel_Sum	A1	A2	A3	A4	A5	A6	A7	A8	B1	B2	B3	B4	B5	B6	B7	B8	C1	C2	C3	C4	C5	C6	C7	C8	D1	D2	D3	D4	D5	D6	D7	D8
0:00:00	0	2.281693E+1	0.000000E+0	2.465000E-11	-3.410067E-10	-1.264356E-11	-2.518345E-11	-1.267332E-11	0.000000E+0	-1.270218E-11	-2.510581E-11	-1.266427E-11	-1.271364E-11	0.000000E+0	-1.266990E-11	-2.525298E-11	0.000000E+0	0.000000E+0	-1.265217E-11	-1.269986E-11	-1.268861E-11	0.000000E+0	1.261875E-11	-1.262897E-11	-1.256866E-11	-1.265086E-11	-1.262928E-11	-1.266809E-11	-2.514006E-11	-2.518365E-11	-1.259172E-11	0.000000E+0	0.000000E+0	-2.522083E-11	0.000000E+0	0.000000E+0	-1.269358E-11
0:00:08	0	2.291658E+1	5.000000E+1	1.493400E-7	2.907891E-10	2.518756E-11	1.264150E-11	0.000000E+0	1.268828E-11	1.270218E-11	1.260252E-11	0.000000E+0	1.271364E-11	1.270861E-11	1.266990E-11	1.267640E-11	1.266073E-11	1.269962E-11	0.000000E+0	1.269986E-11	1.268861E-11	-1.270126E-11	1.261875E-11	2.515851E-11	0.000000E+0	2.520211E-11	-1.262928E-11	2.523643E-11	0.000000E+0	1.264160E-11	0.000000E+0	2.521895E-11	0.000000E+0	0.000000E+0	1.270390E-11	0.000000E+0	0.000000E+0
0:00:17	0	2.291536E+1	1.000000E+2	1.731000E-7	3.159142E-10	2.518756E-11	0.000000E+0	1.267332E-11	1.268828E-11	0.000000E+0	1.260252E-11	0.000000E+0	1.271364E-11	3.802576E-11	1.266990E-11	-1.267640E-11	0.000000E+0	0.000000E+0	0.000000E+0	2.529972E-11	1.268861E-11	-1.270126E-11	0.000000E+0	1.262897E-11	1.256866E-11	1.265086E-11	1.262928E-11	1.266809E-11	1.261971E-11	0.000000E+0	0.000000E+0	3.787826E-11	1.269397E-11	1.266026E-11	0.000000E+0	2.505089E-11	1.269358E-11
0:00:26	0	2.291536E+1	1.500000E+2	1.963400E-7	5.428127E-10	2.518756E-11	1.264150E-11	2.524686E-11	1.268828E-11	0.000000E+0	2.510581E-11	2.522883E-11	0.000000E+0	1.270861E-11	2.524003E-11	1.267640E-11	1.266073E-11	2.529924E-11	2.520473E-11	5.069944E-11	1.268861E-11	2.530252E-11	1.261875E-11	0.000000E+0	1.256866E-11	2.520211E-11	0.000000E+0	2.523643E-11	2.514006E-11	2.518365E-11	1.259172E-11	1.265931E-11	3.798196E-11	0.000000E+0	0.000000E+0	2.505089E-11	0.000000E+0
0:00:35	0	2.291627E+1	2.000000E+2	2.103800E-7	8.457813E-10	2.518756E-11	3.782495E-11	2.524686E-11	1.268828E-11	1.270218E-11	2.510581E-11	2.522883E-11	1.271364E-11	1.270861E-11	3.790993E-11	1.267640E-11	1.266073E-11	5.069848E-11	2.520473E-11	6.329930E-11	3.796591E-11	3.800378E-11	3.775688E-11	1.262897E-11	3.760701E-11	2.520211E-11	2.515911E-11	2.523643E-11	3.775977E-11	2.518365E-11	2.508430E-11	2.521895E-11	2.528799E-11	1.266026E-11	2.530778E-11	1.257495E-11	2.528720E-11
0:00:43	0	2.291673E+1	2.500000E+2	2.195500E-7	1.048135E-9	5.047468E-11	2.518345E-11	2.524686E-11	1.268828E-11	3.800653E-11	1.260252E-11	2.522883E-11	3.804082E-11	3.802576E-11	3.790993E-11	2.525298E-11	3.788249E-11	2.529924E-11	2.520473E-11	7.599916E-11	3.796591E-11	2.530252E-11	5.037563E-11	1.262897E-11	1.256866E-11	3.785298E-11	3.778839E-11	2.523643E-11	3.775977E-11	3.782525E-11	2.508430E-11	3.787826E-11	6.326995E-11	2.522083E-11	3.801168E-11	3.762585E-11	1.269358E-11
0:00:52	0	2.291802E+1	3.000000E+2	2.203900E-7	1.426747E-9	1.134934E-10	3.782495E-11	2.524686E-11	5.065320E-11	2.530435E-11	3.770833E-11	5.055738E-11	2.532718E-11	5.073437E-11	3.790993E-11	3.792938E-11	5.054321E-11	5.069848E-11	1.265217E-11	1.012989E-10	5.065451E-11	3.800378E-11	3.775688E-11	3.778748E-11	3.760701E-11	7.570596E-11	3.778839E-11	3.790452E-11	7.551954E-11	3.782525E-11	3.767602E-11	6.309721E-11	5.067593E-11	1.266026E-11	2.530778E-11	5.020080E-11	1.269358E-11
0:01:01	0	2.291794E+1	3.500000E+2	2.257200E-7	2.183977E-9	3.026490E-10	6.300840E-11	6.316703E-11	3.796492E-11	5.070871E-11	2.510581E-11	2.522883E-11	5.075446E-11	7.605152E-11	6.314996E-11	5.060577E-11	3.788249E-11	7.599772E-11	3.785690E-11	1.139987E-10	6.324321E-11	3.800378E-11	5.037563E-11	6.294599E-11	5.017566E-11	5.050384E-11	5.041766E-11	3.790452E-11	6.289983E-11	3.026020E-10	5.026775E-11	6.309721E-11	3.798196E-11	5.054135E-11	3.801168E-11	5.020080E-11	5.067436E-11
0:01:10	0	2.291688E+1	4.000000E+2	2.256100E-7	3.976463E-9	8.702154E-10	7.564989E-11	8.851368E-11	6.324156E-11	5.070871E-11	7.541665E-11	7.578621E-11	8.879528E-11	2.028374E-10	1.516397E-10	6.318235E-11	7.576498E-11	7.599772E-11	5.050908E-11	1.772980E-10	6.324321E-11	7.600756E-11	1.006519E-10	6.294599E-11	8.778267E-11	1.009081E-10	7.557677E-11	8.847713E-11	8.813926E-11	4.539030E-10	7.535205E-11	1.136348E-10	1.012519E-10	6.310192E-11	7.602336E-11	7.525170E-11	8.865514E-11
0:01:18	0	2.281609E+1	4.100000E+2	2.195000E-7	1.636181E-8	1.293934E-8	5.046644E-11	-1.643540E-10	5.065320E-11	7.601306E-11	8.801917E-11	1.010150E-10	1.014088E-10	2.535718E-10	1.389698E-10	8.853515E-11	1.009867E-10	8.869734E-11	8.836598E-11	2.026978E-10	1.012091E-10	7.600756E-11	1.384088E-10	1.007335E-10	8.778267E-11	1.640628E-10	7.557677E-11	1.137136E-10	8.813926E-11	4.791862E-10	5.026775E-11	1.262941E-10	1.772158E-10	8.842244E-11	1.013311E-10	8.782665E-11	1.012488E-10
0:01:26	0	2.281647E+1	4.200000E+2	6.539000E-6	6.210158E-6	6.210373E-6	-4.665508E-9	-1.200872E-9	4.935440E-10	5.828001E-10	4.524999E-10	-2.400229E-10	3.804082E-10	-7.605152E-11	2.148894E-10	-3.540408E-10	-2.147339E-10	4.433867E-10	1.514276E-10	4.179954E-10	1.391750E-10	-1.596259E-9	-1.510275E-10	1.763582E-9	1.504280E-10	-7.445083E-10	2.393596E-10	5.939040E-10	0.000000E+0	1.967112E-9	1.180648E-9	4.166609E-10	-1.050901E-9	2.651676E-10	2.407740E-10	2.509050E-10	-2.658655E-10
