APD#	0006	Started	06/22/07 21:21	Sense_ohms	1.004464E+6	1.004628E+6	1.002105E+6	1.000924E+6	9.998282E+5	1.007735E+6	1.002821E+6	9.989270E+5	9.993226E+5	1.002376E+6	1.001862E+6	1.003102E+6	1.000030E+6	1.003780E+6	1.000011E+6	1.000898E+6	9.999006E+5	1.006439E+6	1.005624E+6	1.010450E+6	1.003884E+6	1.005600E+6	1.002519E+6	1.006362E+6	1.004620E+6	1.008599E+6	1.003214E+6	1.000475E+6	1.003139E+6	9.996927E+5	1.009944E+6	1.000506E+6					
ElapTime	Shutter_Open	DegC	H2O_In	H2O_Out	TE_A	TE_V	BiasV	KE237_Amps	Pixel_Sum	A1	A2	A3	A4	A5	A6	A7	A8	B1	B2	B3	B4	B5	B6	B7	B8	C1	C2	C3	C4	C5	C6	C7	C8	D1	D2	D3	D4	D5	D6	D7	D8
0:00:00	0	-1.499717E+1	1.531800E+1	1.577200E+1	1.575050E+0	1.814079E+0	0.000000E+0	-4.412000E-11	-1.530589E-10	1.072214E-12	-6.052987E-12	-3.666282E-12	-3.923375E-12	-4.434762E-12	-7.857224E-12	-4.105419E-12	-7.989573E-12	-3.676490E-12	-6.699083E-12	-4.679287E-12	-7.893514E-12	-5.320840E-12	-4.795872E-12	2.216976E-12	-6.582089E-12	-3.801378E-12	-5.664526E-12	-6.802741E-12	-5.642041E-12	-2.524196E-12	-3.527247E-12	-3.538088E-12	-7.994141E-12	-3.405268E-12	-7.096973E-12	-4.419795E-12	-5.508384E-12	-3.157090E-12	-4.182285E-12	-5.519118E-12	-5.888021E-12
0:00:13	0	-1.499573E+1	1.531000E+1	1.576200E+1	1.573809E+0	1.813192E+0	0.000000E+0	-6.749000E-11	-3.985868E-10	7.566224E-13	-1.292618E-11	-1.232605E-11	-1.170818E-11	-1.134095E-11	-1.364049E-11	-1.313894E-11	-9.194866E-12	-1.293076E-11	-1.364957E-11	-1.245581E-11	-1.812378E-11	-1.197164E-11	-1.419933E-11	-1.140187E-11	-1.272058E-11	-1.317731E-11	-1.397303E-11	-1.436223E-11	-1.379187E-11	-9.527993E-12	-1.209427E-11	-1.244764E-11	-1.328150E-11	-1.361908E-11	-1.155563E-11	-1.224963E-11	-1.209326E-11	-1.414460E-11	-1.362319E-11	-1.279477E-11	-1.487847E-11
0:00:27	0	-1.499710E+1	1.528400E+1	1.574700E+1	1.572555E+0	1.812280E+0	1.000000E+1	1.178600E-10	-3.235787E-10	1.702400E-12	-1.134947E-11	-1.055678E-11	-1.246748E-11	-1.083386E-11	-3.960367E-12	-1.086435E-11	-6.336799E-13	-1.064921E-11	-1.371342E-11	-1.403686E-11	1.389689E-12	4.429867E-13	-1.552432E-11	-1.526583E-11	-1.265863E-12	-1.311330E-11	-1.321690E-11	-9.259922E-12	-1.423029E-11	-1.489116E-11	-1.165374E-11	-1.074194E-11	-1.258891E-11	-1.141228E-11	-1.186993E-11	-1.098669E-11	-1.126965E-11	-1.218774E-11	-1.235580E-11	-1.310865E-11	-1.310537E-11
0:00:41	0	-1.499657E+1	1.527100E+1	1.574600E+1	1.575468E+0	1.814928E+0	2.000000E+1	1.827300E-10	-2.880765E-10	1.513245E-12	-1.128676E-11	-1.030331E-11	-9.808937E-12	-1.045380E-11	6.725975E-12	-1.086435E-11	-5.897328E-12	-1.210720E-11	-1.207032E-11	-1.055934E-11	-2.967794E-12	1.399858E-11	-1.445137E-11	-1.608982E-11	1.322712E-11	-1.222722E-11	-1.315430E-11	-1.316496E-11	-1.435598E-11	-1.224145E-11	-1.177904E-11	-1.206860E-11	-1.151872E-11	-1.147598E-11	-1.256099E-11	-1.073450E-11	-1.392938E-11	-1.130352E-11	-1.191266E-11	-1.292052E-11	-1.133327E-11
0:00:54	0	-1.499497E+1	1.529800E+1	1.574400E+1	1.579320E+0	1.818576E+0	3.000000E+1	2.353100E-10	-2.368299E-10	8.830580E-13	-9.836477E-12	-9.797377E-12	-1.101183E-11	-1.267118E-11	1.282282E-11	-1.105382E-11	2.295563E-11	-1.140973E-11	-1.207032E-11	-1.315151E-11	5.052328E-12	2.438727E-11	-1.394628E-11	-2.457773E-11	2.132785E-11	-1.191018E-11	-1.277673E-11	-1.284973E-11	-1.266366E-11	-1.318778E-11	-1.102327E-11	-1.105715E-11	-1.347030E-11	-1.053035E-11	-1.224669E-11	-1.098669E-11	-1.164947E-11	-1.237715E-11	-1.229278E-11	-1.285814E-11	-1.285250E-11
0:01:08	0	-1.499618E+1	1.528300E+1	1.575300E+1	1.574860E+0	1.815511E+0	4.000000E+1	2.934800E-10	-1.901764E-10	7.566224E-13	-1.040385E-11	-9.861242E-12	-1.056923E-11	-1.203807E-11	1.980084E-11	-1.193832E-11	2.777480E-11	-1.185303E-11	-1.276567E-11	-1.030581E-11	1.420892E-11	3.990580E-11	-1.501923E-11	-2.749170E-11	3.259373E-11	-1.007300E-11	-1.195900E-11	-1.222027E-11	-1.291405E-11	-1.400859E-11	-1.064539E-11	-1.067810E-11	-1.177012E-11	-1.191694E-11	-1.293775E-11	-1.130267E-11	-1.462605E-11	-1.307097E-11	-1.184864E-11	-1.154024E-11	-1.145920E-11
0:01:22	0	-1.499831E+1	1.527700E+1	1.574400E+1	1.574949E+0	1.814649E+0	5.000000E+1	3.459700E-10	-1.354331E-10	2.333583E-12	-9.961896E-12	-1.036718E-11	-1.101183E-11	-1.083386E-11	2.778310E-11	-1.181168E-11	2.010157E-11	-1.223429E-11	-1.042722E-11	-8.219695E-12	2.450199E-11	4.345370E-11	-1.432485E-11	-1.463284E-11	4.474482E-11	-1.146614E-11	-1.221038E-11	-1.379541E-11	-1.266366E-11	-1.034881E-11	-1.203162E-11	-1.099431E-11	-1.095232E-11	-1.090860E-11	-9.295072E-12	-1.231243E-11	-1.133362E-11	-1.054590E-11	-1.153254E-11	-1.197987E-11	-1.215585E-11
0:01:36	0	-1.499603E+1	1.529000E+1	1.573900E+1	1.579472E+0	1.818665E+0	6.000000E+1	3.964300E-10	-8.006446E-11	1.702400E-12	-8.386189E-12	-1.074638E-11	-1.056923E-11	-1.165700E-11	3.696111E-11	-1.073871E-11	4.407229E-11	-1.115656E-11	-1.131212E-11	-1.378334E-11	3.157406E-11	5.719828E-11	-1.438861E-11	-1.203587E-11	5.025087E-11	-1.311330E-11	-1.233656E-11	-1.158982E-11	-1.234994E-11	-1.205219E-11	-9.826969E-12	-1.238480E-11	-1.183371E-11	-1.160140E-11	-1.048881E-11	-1.142827E-11	-1.126965E-11	-1.111411E-11	-1.146852E-11	-1.285814E-11	-1.133327E-11
0:01:49	0	-1.499649E+1	1.528200E+1	1.574500E+1	1.574797E+0	1.815460E+0	7.000000E+1	4.545800E-10	-5.362940E-11	1.766116E-12	-1.034114E-11	-9.607776E-12	-1.120165E-11	-9.883698E-12	4.651520E-11	-1.067489E-11	4.952514E-11	-1.014187E-11	-1.346002E-11	-9.167929E-12	2.721757E-11	6.416608E-11	-1.514575E-11	-1.931979E-11	6.354094E-11	-1.197319E-11	-1.239916E-11	-1.165346E-11	-1.341580E-11	-1.179917E-11	-1.234686E-11	-1.137335E-11	-1.063733E-11	-1.053035E-11	-1.099049E-11	-1.067070E-11	-9.877308E-12	-1.281876E-11	-1.216574E-11	-1.241851E-11	-1.234575E-11
0:02:03	0	-1.499596E+1	1.530500E+1	1.575300E+1	1.576672E+0	1.815764E+0	8.000000E+1	5.026400E-10	7.775891E-12	4.477015E-12	-1.015202E-11	-7.459298E-12	-1.056923E-11	-1.007373E-11	5.562970E-11	-1.149657E-11	6.112959E-11	-1.083934E-11	-1.131212E-11	-1.232904E-11	4.388886E-11	7.341480E-11	-1.558708E-11	-1.412584E-11	7.043975E-11	-1.267026E-11	-1.208419E-11	-1.083407E-11	-1.153446E-11	-1.287201E-11	-9.826969E-12	-1.099431E-11	-1.088972E-11	-1.103402E-11	-1.099049E-11	-1.155486E-11	-1.310577E-11	-1.105031E-11	-1.210272E-11	-1.235613E-11	-1.335924E-11
0:02:17	0	-1.499550E+1	1.527900E+1	1.574200E+1	1.579269E+0	1.818538E+0	9.000000E+1	5.529600E-10	4.883696E-11	1.576960E-12	-1.008831E-11	-1.276912E-11	-1.164424E-11	-9.376611E-12	6.537334E-11	-1.124328E-11	6.766160E-11	-9.888699E-12	-1.156452E-11	-1.131793E-11	5.216120E-11	8.424647E-11	-1.527127E-11	-1.520283E-11	8.138791E-11	-1.127612E-11	-1.246176E-11	-1.133823E-11	-1.209956E-11	-1.337704E-11	-1.052009E-11	-1.105715E-11	-1.158132E-11	-1.210607E-11	-1.105395E-11	-1.187085E-11	-1.057398E-11	-1.067150E-11	-1.064527E-11	-1.279477E-11	-1.177604E-11
0:02:31	0	-1.499504E+1	1.528600E+1	1.574300E+1	1.573125E+0	1.814029E+0	1.000000E+2	6.050200E-10	9.887282E-11	2.901050E-12	-9.394522E-12	-9.861242E-12	-9.429287E-12	-9.629654E-12	7.505346E-11	-1.263336E-11	8.510031E-11	-1.033200E-11	-1.042722E-11	-8.978282E-12	3.902594E-11	9.121426E-11	-1.552432E-11	-1.000789E-11	9.005913E-11	-1.254325E-11	-1.290292E-11	-1.177876E-11	-1.372953E-11	-6.120229E-12	-1.007856E-11	-9.603808E-12	-1.088972E-11	-1.109773E-11	-1.136725E-11	-1.123888E-11	-1.107974E-11	-9.913880E-12	-1.146852E-11	-1.216800E-11	-1.228278E-11
0:02:45	0	-1.509135E+1	1.529500E+1	1.574200E+1	1.576925E+0	1.816258E+0	1.200000E+2	7.804900E-10	1.882188E-10	1.324089E-12	-9.269103E-12	-1.030331E-11	-9.745995E-12	-1.045380E-11	9.510536E-11	-1.231725E-11	1.100211E-10	-8.493754E-12	-1.055392E-11	-9.420459E-12	6.378015E-11	1.111667E-10	-1.419933E-11	-2.413373E-11	1.050577E-10	-1.178317E-11	-1.227297E-11	-1.114930E-11	-1.272601E-11	-9.906523E-12	-1.020485E-11	-1.004669E-11	-1.145612E-11	-1.204336E-11	-1.061373E-11	-5.934925E-12	-1.171344E-11	-1.199834E-11	-1.229278E-11	-1.292052E-11	-1.228278E-11
0:02:59	0	-1.499580E+1	1.529900E+1	1.575300E+1	1.574531E+0	1.813560E+0	1.400000E+2	5.525500E-10	2.911276E-10	2.648179E-12	-9.016273E-12	-9.355307E-12	-9.303404E-12	-9.819687E-12	1.158489E-10	-1.212779E-11	1.162357E-10	-9.888699E-12	-1.017482E-11	-8.851518E-12	7.521070E-11	1.261162E-10	-1.438861E-11	1.709981E-12	1.220824E-10	-1.013601E-11	-1.252535E-11	-7.495843E-12	-1.347815E-11	-1.388208E-11	-8.818616E-12	-9.982853E-12	-8.749337E-12	-9.899265E-12	-1.073965E-11	-1.104949E-11	-1.006722E-11	-1.155573E-11	-1.134249E-11	-1.436317E-11	-1.171307E-11
0:03:13	0	-1.499725E+1	1.528900E+1	1.574500E+1	1.574442E+0	1.813129E+0	1.600000E+2	1.022000E-9	3.956863E-10	3.973263E-12	-9.583647E-12	-8.913238E-12	-9.049638E-12	-9.503633E-12	1.375977E-10	-1.339122E-11	1.469277E-10	-9.761613E-12	-8.973679E-12	-1.264545E-11	8.638802E-11	1.423317E-10	-1.476718E-11	6.840925E-12	1.380310E-10	-1.153015E-11	-1.170662E-11	-1.121194E-11	-1.241229E-11	-7.635344E-12	-8.440732E-12	-8.214308E-12	-9.504532E-12	-1.179053E-11	-1.092803E-11	-1.003973E-11	-1.082686E-11	-1.155573E-11	-1.051823E-11	-1.223038E-11	-1.126930E-11
0:03:27	0	-1.499657E+1	1.529000E+1	1.573900E+1	1.568944E+0	1.809278E+0	1.800000E+2	1.111000E-9	4.969614E-10	3.216641E-12	-8.890853E-12	-8.849372E-12	-8.796872E-12	-9.756676E-12	1.583412E-10	-1.155939E-11	1.614492E-10	-9.001097E-12	-1.067963E-11	-9.294693E-12	1.097525E-10	1.633611E-10	-1.565084E-11	-1.203987E-12	1.612582E-10	-9.565951E-12	-1.114027E-11	-1.190505E-11	-1.216191E-11	-1.444988E-11	-7.747613E-12	-8.150469E-12	-5.791157E-12	-1.097131E-11	-1.036289E-11	-1.073450E-11	-1.082686E-11	-9.345664E-12	-1.070829E-11	-1.166599E-11	-1.120633E-11
0:03:41	0	-1.499649E+1	1.528700E+1	1.575200E+1	1.573682E+0	1.813712E+0	2.000000E+2	1.265200E-9	6.134947E-10	2.963770E-12	-8.133359E-12	-8.217702E-12	-8.100515E-12	-8.616480E-12	1.814733E-10	-1.187550E-11	1.959463E-10	-8.303625E-12	-1.061677E-11	-9.989400E-12	1.169522E-10	1.809076E-10	-1.470342E-11	5.447940E-12	1.808776E-10	-1.077007E-11	-1.233656E-11	-1.133823E-11	-1.078232E-11	-9.654502E-12	-6.740255E-12	-8.150469E-12	-7.867944E-12	-9.647429E-12	-1.030043E-11	-1.130267E-11	-1.057398E-11	-1.149292E-11	-1.001108E-11	-1.110161E-11	-1.044671E-11
0:03:55	0	-1.499694E+1	1.529200E+1	1.575200E+1	1.574151E+0	1.814269E+0	2.200000E+2	1.384000E-9	7.304402E-10	3.909548E-12	-6.998610E-12	-1.112558E-11	-9.049638E-12	-7.856350E-12	2.005815E-10	-1.174886E-11	2.293641E-10	-9.001097E-12	-1.004813E-11	-1.087475E-11	1.534520E-10	2.013040E-10	-1.432485E-11	-8.994901E-12	2.045473E-10	-1.184618E-11	-1.164402E-11	-1.127559E-11	-1.015587E-11	-1.116862E-11	-7.811257E-12	-8.340989E-12	-5.349964E-12	-1.034122E-11	-1.073965E-11	-9.597155E-12	-9.180639E-12	-1.004048E-11	-1.039219E-11	-1.417504E-11	-1.063662E-11
0:04:09	0	-1.499884E+1	1.526300E+1	1.573600E+1	1.573163E+0	1.813471E+0	2.400000E+2	1.553500E-9	8.433906E-10	4.225139E-12	-6.873191E-12	-6.384561E-12	-7.593983E-12	-6.779165E-12	2.209480E-10	-1.370733E-11	2.436324E-10	-7.860325E-12	-9.163228E-12	-8.788636E-12	1.497894E-10	2.188494E-10	-1.432485E-11	9.501895E-12	2.255584E-10	-9.945989E-12	-1.120286E-11	-1.033090E-11	-1.040625E-11	-9.717258E-12	-5.984487E-12	-6.823811E-12	-1.951584E-12	-9.961976E-12	-1.036289E-11	-1.003973E-11	-8.358030E-12	-1.054590E-11	-1.077231E-11	-1.085110E-11	-1.038375E-11
0:04:23	0	-1.499580E+1	1.526700E+1	1.572900E+1	1.573847E+0	1.814142E+0	2.600000E+2	1.681700E-9	9.693138E-10	5.108197E-12	-5.737447E-12	-6.194960E-12	-5.379030E-12	-5.701980E-12	2.436404E-10	-1.206496E-11	2.816162E-10	-7.543110E-12	-9.163228E-12	-9.863634E-12	1.718918E-10	2.385498E-10	-1.489271E-11	-4.813947E-12	2.501773E-10	-1.197319E-11	-1.088889E-11	-1.001567E-11	-1.078232E-11	-6.183981E-12	-4.976134E-12	-6.508605E-12	-5.037949E-13	-9.583723E-12	-1.042535E-11	-8.839590E-12	-9.687398E-12	-9.976683E-12	-1.001108E-11	-1.179174E-11	-8.166868E-12
0:04:37	0	-1.498843E+1	1.529600E+1	1.574300E+1	1.572225E+0	1.811470E+0	2.800000E+2	1.862200E-9	1.116145E-9	5.802099E-12	-4.980948E-12	-4.172217E-12	-4.177140E-12	-4.561784E-12	2.669611E-10	-1.395962E-11	2.946161E-10	-7.986410E-12	-7.330583E-12	-6.448992E-12	1.888781E-10	2.598332E-10	-1.388352E-11	2.153976E-12	2.796069E-10	-1.064306E-11	-9.818777E-12	-1.033090E-11	-9.090009E-12	-4.859127E-12	-4.283015E-12	-4.360017E-12	5.349964E-12	-9.142760E-12	-9.232609E-12	-5.177360E-12	-8.737850E-12	-5.367153E-12	-9.187823E-12	-1.191749E-11	-7.407252E-12
0:04:51	0	-1.499565E+1	1.529800E+1	1.574900E+1	1.572099E+0	1.811165E+0	3.000000E+2	2.055100E-9	1.293836E-9	6.747877E-12	-5.044653E-12	-1.011870E-12	-9.491230E-13	-1.077185E-12	2.939900E-10	-1.035978E-11	3.319662E-10	-5.577778E-12	-4.739738E-12	-7.397226E-12	2.242424E-10	2.787726E-10	-1.388352E-11	7.664916E-12	3.096050E-10	-1.108610E-11	-1.101408E-11	-8.377883E-12	-7.397694E-12	-5.616187E-12	-1.133652E-12	-3.475246E-12	1.271511E-11	-8.701798E-12	-1.268691E-11	-8.460807E-12	-9.053699E-12	-7.577215E-12	-7.730376E-12	-1.172837E-11	-7.787060E-12
0:05:05	0	-1.499596E+1	1.527700E+1	1.573600E+1	1.571959E+0	1.811077E+0	3.200000E+2	2.259100E-9	1.474692E-9	9.206900E-12	-2.269497E-12	2.401944E-12	3.480784E-12	2.914501E-12	3.233449E-10	-1.130710E-11	3.525122E-10	-6.085122E-12	-2.717543E-12	-4.615406E-12	2.193167E-10	2.985350E-10	-1.482994E-11	2.362774E-11	3.529570E-10	-7.348730E-12	-1.051132E-11	-8.188945E-12	-5.892424E-12	-4.038315E-12	3.968775E-12	-2.717155E-12	2.133825E-11	-7.251498E-12	-9.420989E-12	-7.766040E-12	-7.534421E-12	-4.798936E-12	-6.019850E-12	-1.078773E-11	-4.811565E-12
0:05:19	0	-1.499672E+1	1.527700E+1	1.575300E+1	1.572061E+0	1.810938E+0	3.400000E+2	2.579400E-9	1.761934E-9	1.381135E-11	-1.954952E-12	1.359039E-11	1.056923E-11	1.058082E-11	3.574769E-10	-1.105382E-11	4.169394E-10	-2.915975E-12	7.581985E-13	-2.592173E-12	2.359880E-10	3.229853E-10	-1.438861E-11	3.293864E-11	4.089667E-10	-1.134013E-11	-8.937452E-12	-7.684781E-12	-3.009550E-12	-2.397687E-12	1.140115E-11	1.895226E-13	3.291957E-11	-3.908941E-12	-9.609369E-12	-6.440301E-12	-7.787301E-12	-1.894055E-12	-3.231993E-12	-7.401400E-12	-6.326799E-13
0:05:33	0	-1.499634E+1	1.527700E+1	1.574100E+1	1.571769E+0	1.810861E+0	3.600000E+2	3.021600E-9	2.190506E-9	2.112669E-11	2.711451E-12	2.262937E-11	2.601097E-11	2.496229E-11	4.079525E-10	-1.212779E-11	4.753430E-10	-8.235579E-13	1.055392E-11	6.575756E-12	2.556270E-10	3.470556E-10	-1.514575E-11	8.013012E-11	5.066211E-10	-9.502945E-12	-1.019635E-11	-6.046992E-12	1.191548E-12	-8.835682E-13	2.399960E-11	4.801904E-12	4.689366E-11	-1.576716E-12	-9.232609E-12	-4.546388E-12	-5.888203E-12	4.673330E-12	2.470759E-12	-9.032184E-12	4.178885E-12
0:05:46	0	-1.499687E+1	1.529000E+1	1.573800E+1	1.570401E+0	1.811014E+0	3.610000E+2	2.912000E-9	2.222981E-9	2.169416E-11	2.837866E-12	2.212443E-11	2.518773E-11	2.591245E-11	4.049358E-10	-1.086435E-11	4.892940E-10	3.802576E-13	1.118542E-11	5.753287E-12	2.323253E-10	3.456626E-10	-1.363048E-11	1.036949E-10	5.111770E-10	-1.134013E-11	-8.497286E-12	-3.401868E-12	-2.883864E-12	5.048392E-12	2.456643E-11	5.813356E-12	5.060704E-11	-1.891262E-13	-8.541551E-12	-4.735779E-12	-6.268023E-12	4.420125E-12	2.724837E-12	-8.279667E-12	6.267828E-12
0:06:00	0	-1.499580E+1	1.529300E+1	1.575600E+1	1.568298E+0	1.809253E+0	3.620000E+2	2.963900E-9	2.247817E-9	2.181960E-11	3.026991E-12	2.402044E-11	2.866851E-11	2.496229E-11	4.072608E-10	-1.174886E-11	4.867573E-10	1.140773E-12	9.984277E-12	3.350761E-12	2.539223E-10	3.466756E-10	-1.495646E-11	8.279109E-11	5.152913E-10	-7.728768E-12	-7.049608E-12	-3.779743E-12	1.755653E-12	-1.265086E-13	2.488166E-11	5.180949E-12	5.778338E-11	3.782525E-13	-7.285353E-12	-2.272696E-12	-5.255504E-12	3.473098E-12	3.295013E-12	-8.655925E-12	1.025681E-11
0:06:13	0	-1.499565E+1	1.529400E+1	1.574900E+1	1.572314E+0	1.812217E+0	3.630000E+2	3.006900E-9	2.294510E-9	8.071967E-12	5.737447E-12	2.806592E-11	3.088346E-11	2.958708E-11	4.098379E-10	-1.092817E-11	4.892940E-10	-2.091417E-12	7.393433E-12	5.690404E-12	2.476069E-10	3.500335E-10	-1.426209E-11	1.429044E-10	5.228225E-10	-6.841680E-12	-9.063639E-12	-2.771414E-12	6.234846E-14	-2.107514E-11	2.777944E-11	6.192401E-12	5.136223E-11	2.647767E-12	-7.222890E-12	-3.978214E-12	-4.431895E-12	6.567385E-12	3.865188E-12	-7.902418E-12	8.673611E-12
0:06:27	0	-1.499596E+1	1.528900E+1	1.574300E+1	1.571263E+0	1.810608E+0	3.640000E+2	3.014700E-9	2.328364E-9	2.301825E-11	4.287159E-12	2.686545E-11	3.037793E-11	2.698964E-11	4.108441E-10	-1.174886E-11	5.021038E-10	6.334291E-13	1.137497E-11	3.035348E-12	2.278412E-10	3.477526E-10	-1.432485E-11	1.354295E-10	5.257968E-10	-9.312926E-12	-7.678558E-12	-5.858054E-12	1.504280E-12	8.076630E-12	2.853520E-11	6.318085E-12	5.960877E-11	1.891262E-12	-7.034510E-12	-3.094056E-12	-5.445413E-12	4.988342E-12	3.802168E-12	-8.090548E-12	9.877002E-12
0:06:40	0	-1.499580E+1	1.530700E+1	1.576800E+1	1.569236E+0	1.810051E+0	3.650000E+2	3.428800E-9	2.989365E-9	2.263994E-11	4.224449E-12	2.629565E-11	2.987140E-11	2.908000E-11	4.132326E-10	-1.092817E-11	5.152929E-10	-2.531715E-13	9.794728E-12	5.248228E-12	2.399656E-10	3.504135E-10	-1.432485E-11	8.111851E-10	5.342143E-10	-1.127612E-11	-8.748667E-12	-5.102305E-12	-5.641051E-13	1.640628E-12	2.853520E-11	5.876198E-12	2.335243E-11	1.891262E-13	-7.850494E-12	-4.293202E-12	-7.914241E-12	4.925539E-12	3.928207E-12	-8.592556E-12	9.307291E-12
0:06:54	0	-1.499679E+1	1.529700E+1	1.576600E+1	1.572225E+0	1.812268E+0	3.660000E+2	3.700000E-9	3.145044E-9	2.232434E-11	2.837866E-12	2.800305E-11	3.404854E-11	3.028420E-11	4.192670E-10	-1.212779E-11	5.156733E-10	9.506440E-13	1.207032E-11	6.259345E-12	2.261993E-10	3.517434E-10	-1.426209E-11	9.335027E-10	5.440874E-10	-8.488844E-12	-8.937452E-12	-7.936366E-12	3.636004E-12	8.897442E-12	2.947991E-11	5.813356E-12	2.240844E-11	2.144094E-12	-8.227254E-12	-3.535636E-12	-5.508384E-12	7.008999E-12	5.575713E-12	-8.404426E-12	1.025681E-11
0:07:07	0	-1.499588E+1	1.530700E+1	1.576400E+1	1.570579E+0	1.809772E+0	3.670000E+2	3.851300E-9	3.288480E-9	2.516267E-11	5.296488E-12	2.977233E-11	3.392166E-11	3.307168E-11	4.208388E-10	-1.162221E-11	5.209370E-10	1.457988E-12	1.415537E-11	5.627522E-12	2.309356E-10	3.526304E-10	-1.457790E-11	1.040998E-9	5.485804E-10	-8.108806E-12	-8.622480E-12	-2.708766E-12	1.379583E-12	3.786294E-12	3.086615E-11	7.519059E-12	2.612181E-11	7.565049E-13	-6.217535E-12	-3.599431E-12	-4.748744E-12	6.693988E-12	5.892811E-12	-7.275651E-12	9.560163E-12
0:07:21	0	-1.499679E+1	1.530700E+1	1.576400E+1	1.572555E+0	1.812141E+0	3.680000E+2	3.883100E-9	3.257317E-9	2.440506E-11	4.980948E-12	3.078420E-11	3.638938E-11	3.269162E-11	4.239190E-10	-1.200214E-11	5.144050E-10	1.394945E-12	1.377627E-11	8.598989E-12	2.491860E-10	3.521864E-10	-1.602941E-11	9.826582E-10	5.587702E-10	-1.000899E-11	-8.874855E-12	-5.164952E-12	4.701866E-12	4.038315E-12	3.313345E-11	7.013333E-12	2.926879E-11	1.891262E-12	-7.850494E-12	-3.220649E-12	-6.964692E-12	7.451609E-12	3.865188E-12	-9.282693E-12	1.120633E-11
0:07:34	0	-1.499558E+1	1.531300E+1	1.575600E+1	1.569350E+0	1.808873E+0	3.690000E+2	4.055200E-9	3.407455E-9	2.591930E-11	5.863862E-12	3.166934E-11	3.563008E-11	3.490900E-11	4.289471E-10	-1.219161E-11	5.342533E-10	1.775203E-12	1.466117E-11	5.753287E-12	2.493116E-10	3.541504E-10	-1.527127E-11	1.081285E-9	5.659218E-10	-1.026302E-11	-8.874855E-12	-3.212930E-12	1.629967E-12	1.041156E-11	3.603123E-11	8.340989E-12	2.813600E-11	3.027015E-12	-9.169154E-12	-2.272696E-12	-4.685774E-12	7.325007E-12	6.590025E-12	-8.655925E-12	1.050968E-11
0:07:48	0	-1.499679E+1	1.529400E+1	1.574800E+1	1.569641E+0	1.810456E+0	3.700000E+2	4.082300E-9	3.366642E-9	2.724339E-11	5.674737E-12	3.362821E-11	3.759226E-11	3.503602E-11	4.315877E-10	-1.111764E-11	5.361563E-10	1.330902E-12	1.453447E-11	9.926517E-12	2.657935E-10	3.570013E-10	-1.520851E-11	9.915261E-10	5.767441E-10	-6.715668E-12	-8.433695E-12	-3.779743E-12	5.328319E-12	1.265086E-13	3.615752E-11	8.656195E-12	2.970999E-11	2.963310E-12	-7.159436E-12	-2.399289E-12	-5.191534E-12	8.966853E-12	6.780084E-12	-7.213271E-12	1.139623E-11
0:08:01	0	-1.499558E+1	1.531500E+1	1.577100E+1	1.572099E+0	1.811736E+0	3.710000E+2	4.111800E-9	3.517427E-9	2.818916E-11	6.935901E-12	3.527175E-11	3.961739E-11	3.756945E-11	4.359251E-10	-1.042260E-11	5.313371E-10	2.345589E-12	1.845316E-11	8.661872E-12	2.707192E-10	3.568743E-10	-1.590289E-11	1.108016E-9	5.892119E-10	-7.095705E-12	-8.433695E-12	-2.330891E-12	5.892424E-12	2.902726E-12	3.773270E-11	1.004669E-11	3.065398E-11	1.702136E-12	-8.415634E-12	-1.893913E-12	-7.154602E-12	9.787278E-12	7.160200E-12	-8.718305E-12	1.278953E-11
0:08:15	0	-1.499634E+1	1.530000E+1	1.576300E+1	1.567893E+0	1.808277E+0	3.720000E+2	4.171600E-9	3.546237E-9	2.951325E-11	6.873191E-12	3.641036E-11	4.100911E-11	3.947078E-11	4.398220E-10	-1.339122E-11	5.386289E-10	2.535718E-12	1.978000E-11	9.736870E-12	2.587214E-10	3.594082E-10	-1.438861E-11	1.110423E-9	5.975654E-10	-8.995894E-12	-8.371098E-12	-2.393539E-12	7.522391E-12	2.965482E-12	3.899165E-11	9.288602E-12	3.184937E-11	2.333221E-12	-6.279998E-12	-1.262941E-12	-5.888203E-12	9.597872E-12	7.350259E-12	-7.087522E-12	1.449866E-11
0:08:28	0	-1.498212E+1	1.529600E+1	1.577000E+1	1.570312E+0	1.810760E+0	3.730000E+2	4.190200E-9	3.601525E-9	3.001800E-11	7.251440E-12	3.988704E-11	4.202217E-11	4.054797E-11	4.456678E-10	-1.370733E-11	5.660233E-10	2.725846E-12	2.072775E-11	1.138081E-11	2.654785E-10	3.620681E-10	-1.476718E-11	1.077357E-9	6.115518E-10	-9.628957E-12	-7.427176E-12	-3.778748E-13	7.585729E-12	6.057473E-12	4.000000E-11	9.857170E-12	3.474495E-11	2.963310E-12	-8.038874E-12	4.925171E-12	-3.039556E-12	1.180793E-11	9.567940E-12	-6.711263E-12	1.500541E-11
0:08:42	0	-1.499968E+1	1.531600E+1	1.576600E+1	1.561204E+0	1.803185E+0	3.740000E+2	4.434200E-9	3.841611E-9	3.260346E-11	7.692400E-12	4.127711E-11	4.417418E-11	4.320842E-11	4.513875E-10	-1.105382E-11	5.561307E-10	3.486362E-12	2.015910E-11	1.270834E-11	2.731188E-10	3.650450E-10	-1.419933E-11	1.268403E-9	6.231974E-10	-5.004497E-12	-6.419664E-12	-7.557497E-13	6.770251E-12	3.091991E-12	4.314936E-11	1.219528E-11	3.764053E-11	4.350899E-12	-6.279998E-12	1.003973E-11	-4.304955E-12	1.161853E-11	8.744687E-12	-6.961772E-12	1.639770E-11
0:08:55	0	-1.499725E+1	1.528500E+1	1.574900E+1	1.565005E+0	1.804629E+0	3.750000E+2	4.550500E-9	3.793460E-9	3.172040E-11	7.881524E-12	4.260432E-11	4.588260E-11	4.409558E-11	4.554104E-10	-1.206496E-11	5.795308E-10	4.309920E-12	2.098015E-11	1.087475E-11	2.642782E-10	3.652350E-10	-1.445137E-11	1.191820E-9	6.350317E-10	-1.000899E-11	-7.678558E-12	-8.183973E-13	9.215696E-12	1.186292E-11	4.472454E-11	1.017337E-11	3.764053E-11	5.233820E-12	-5.778312E-12	-1.515130E-12	-5.001624E-12	1.351358E-11	9.757999E-12	-7.777659E-12	1.677751E-11
0:09:09	0	-1.499778E+1	1.527800E+1	1.574100E+1	1.565701E+0	1.806643E+0	3.760000E+2	4.500600E-9	3.854953E-9	3.197327E-11	9.583647E-12	4.620773E-11	4.873097E-11	4.777021E-11	4.613197E-10	-1.174886E-11	5.858086E-10	3.929662E-12	2.357199E-11	1.270834E-11	2.639622E-10	3.664390E-10	-1.451414E-11	1.209177E-9	6.432594E-10	-9.248919E-12	-7.678558E-12	-7.557497E-13	8.964323E-12	5.994717E-12	4.667761E-11	1.194192E-11	3.996971E-11	4.855567E-12	-5.966692E-12	-9.469565E-13	-3.672256E-12	1.376579E-11	1.210272E-11	-7.526160E-12	1.829774E-11
0:09:22	0	-1.499535E+1	1.528100E+1	1.573300E+1	1.568957E+0	1.808113E+0	3.770000E+2	4.449400E-9	3.842160E-9	3.380211E-11	1.078210E-11	4.665080E-11	5.309694E-11	4.878438E-11	4.659707E-10	-1.238107E-11	5.950665E-10	5.704864E-12	2.388724E-11	1.289798E-11	2.621309E-10	3.696699E-10	-1.457790E-11	1.136647E-9	6.600303E-10	-9.565951E-12	-8.244911E-12	1.889374E-13	1.015587E-11	1.192568E-11	5.045644E-11	1.314289E-11	3.921452E-11	5.359240E-12	-6.217535E-12	0.000000E+0	-3.102526E-12	1.427120E-11	1.241982E-11	-6.773643E-12	2.076649E-11
0:09:36	0	-1.499611E+1	1.529300E+1	1.575100E+1	1.564929E+0	1.804439E+0	3.780000E+2	4.500100E-9	3.875680E-9	3.682860E-11	1.172772E-11	4.936808E-11	5.480636E-11	5.081173E-11	4.733883E-10	-1.181168E-11	6.053395E-10	4.627134E-12	2.546749E-11	1.403686E-11	2.762132E-10	3.701759E-10	-1.419933E-11	1.100795E-9	6.761688E-10	-8.742869E-12	-7.112205E-12	2.708766E-12	1.090801E-11	1.072734E-11	5.329157E-11	1.434287E-11	4.185770E-11	4.791862E-12	-7.599651E-12	1.265931E-13	-3.039556E-12	1.420840E-11	1.235580E-11	-7.338031E-12	2.044965E-11
0:09:49	0	-1.499550E+1	1.528700E+1	1.576700E+1	1.564245E+0	1.805034E+0	3.790000E+2	4.601400E-9	4.155265E-9	3.657672E-11	1.059298E-11	5.113835E-11	5.872973E-11	5.271206E-11	4.804289E-10	-1.193832E-11	6.275974E-10	3.423319E-12	2.673149E-11	1.517474E-11	2.707830E-10	3.744838E-10	-1.457790E-11	1.328707E-9	6.885737E-10	-8.995894E-12	-6.042095E-12	1.953016E-12	1.166015E-11	1.356631E-11	5.448787E-11	1.516480E-11	4.758626E-11	-2.774183E-12	-5.589932E-12	0.000000E+0	-9.053699E-12	1.446061E-11	1.419336E-11	-6.648884E-12	2.215979E-11
0:10:03	0	-1.499451E+1	1.530200E+1	1.576300E+1	1.563649E+0	1.804414E+0	3.800000E+2	4.796900E-9	4.242250E-9	3.758622E-11	1.078210E-11	5.335070E-11	6.271705E-11	5.752688E-11	4.867778E-10	-1.326458E-11	6.186558E-10	6.655508E-12	2.888038E-11	1.745051E-11	2.793714E-10	3.750537E-10	-1.293710E-11	1.342896E-9	7.112943E-10	-7.221718E-12	-7.300989E-12	1.259914E-12	1.191152E-11	8.013874E-12	5.707041E-11	1.497528E-11	4.733386E-11	7.376919E-12	-6.405916E-12	2.715273E-12	-2.849646E-12	1.850192E-11	1.647506E-11	-6.335005E-12	2.393189E-11
0:10:16	0	-1.499558E+1	1.529400E+1	1.574400E+1	1.567956E+0	1.807999E+0	3.810000E+2	4.960600E-9	4.328083E-9	4.099102E-11	1.216968E-11	5.828132E-11	6.607095E-11	6.025135E-11	4.957037E-10	-1.263336E-11	6.392649E-10	4.754221E-12	3.159693E-11	1.719798E-11	2.593525E-10	3.764467E-10	-1.426209E-11	1.370641E-9	7.262938E-10	-6.968693E-12	-7.112205E-12	2.267249E-12	1.410560E-11	1.135789E-11	6.166965E-11	1.687050E-11	4.903405E-11	6.873246E-12	-6.846130E-12	2.209897E-12	-3.229466E-12	1.938615E-11	1.641104E-11	-5.644867E-12	2.557806E-11
0:10:30	0	-1.499497E+1	1.530100E+1	1.573400E+1	1.567640E+0	1.806998E+0	3.820000E+2	5.078500E-9	4.309275E-9	4.200051E-11	1.279976E-11	5.891299E-11	6.866555E-11	6.297582E-11	5.018006E-10	-1.067489E-11	6.426896E-10	7.035766E-12	3.248182E-11	1.814621E-11	2.882748E-10	3.806276E-10	-1.577637E-11	1.258268E-9	7.449001E-10	-7.031699E-12	-5.286957E-12	5.039657E-12	1.473205E-11	1.243072E-11	6.393695E-11	1.743907E-11	5.161463E-11	9.899265E-12	-6.217535E-12	2.209897E-12	-3.039556E-12	2.096419E-11	1.894582E-11	-6.397384E-12	2.690838E-11
0:10:43	0	-1.499618E+1	1.529100E+1	1.574200E+1	1.563370E+0	1.804224E+0	3.830000E+2	5.164200E-9	4.410806E-9	4.389207E-11	1.443918E-11	6.295847E-11	7.157686E-11	6.601634E-11	5.090922E-10	-1.136993E-11	6.571481E-10	4.500048E-12	3.342957E-11	2.269873E-11	2.789926E-10	3.825285E-10	-1.539780E-11	1.288420E-9	7.682531E-10	-4.814479E-12	-4.846792E-12	3.023993E-12	1.454402E-11	1.072734E-11	6.714996E-11	1.952482E-11	5.771979E-11	1.002568E-11	-5.589932E-12	3.031258E-12	-1.899098E-12	2.336466E-11	1.862872E-11	-5.958746E-12	2.899733E-11
0:10:57	0	-1.499527E+1	1.528100E+1	1.575300E+1	1.567652E+0	1.807973E+0	3.840000E+2	5.093800E-9	4.477242E-9	4.628837E-11	1.626771E-11	6.662475E-11	7.771519E-11	6.861379E-11	5.188983E-10	-1.162221E-11	6.861913E-10	9.254269E-12	3.810646E-11	2.061162E-11	2.921268E-10	3.865184E-10	-1.489271E-11	1.231790E-9	7.886958E-10	-7.665762E-12	-5.413145E-12	5.164952E-12	1.811767E-11	1.810966E-11	7.244133E-11	2.072479E-11	6.143416E-11	1.065577E-11	-5.401552E-12	3.346245E-12	-2.849646E-12	2.191222E-11	2.129054E-11	-6.899392E-12	3.108627E-11
0:11:10	0	-1.499793E+1	1.529900E+1	1.575300E+1	1.567044E+0	1.806719E+0	3.850000E+2	5.439500E-9	4.820484E-9	4.900026E-11	1.733975E-11	7.041777E-11	8.195627E-11	7.520292E-11	5.288930E-10	-1.105382E-11	6.876498E-10	9.064140E-12	3.949715E-11	2.415303E-11	2.924428E-10	3.887353E-10	-1.369424E-11	1.491629E-9	8.141369E-10	-4.561453E-12	-5.915907E-12	5.417532E-12	1.811767E-11	1.160991E-11	7.666169E-11	2.230481E-11	6.489613E-11	1.298899E-11	-5.213172E-12	5.619938E-12	-2.912617E-12	2.570033E-11	2.401538E-11	-4.954730E-12	3.134014E-11
0:11:24	0	-1.499550E+1	1.532600E+1	1.576500E+1	1.563687E+0	1.804616E+0	3.855521E+2	5.411800E-9	4.734240E-9	4.994604E-11	1.670867E-11	7.288358E-11	8.385452E-11	7.754732E-11	5.336066E-10	-1.288565E-11	7.012194E-10	9.381355E-12	3.974956E-11	2.522803E-11	2.832862E-10	3.894323E-10	-1.539780E-11	1.351828E-9	8.319209E-10	-4.307428E-12	-5.349554E-12	5.417532E-12	2.024840E-11	1.615326E-11	7.943317E-11	2.287338E-11	6.709912E-11	1.380920E-11	-3.893520E-12	6.693487E-12	-1.139459E-12	2.582693E-11	2.401538E-11	-5.707247E-12	3.475841E-11
0:11:37	0	-1.499710E+1	1.531000E+1	1.576500E+1	1.565473E+0	1.805148E+0	3.861042E+2	5.637400E-9	4.803143E-9	5.127013E-11	1.765529E-11	7.433752E-11	8.872702E-11	7.621709E-11	5.422815E-10	-1.118046E-11	7.326091E-10	1.121960E-11	4.019150E-11	2.301515E-11	2.736880E-10	3.951331E-10	-1.565084E-11	1.355438E-9	8.441360E-10	-9.755970E-12	-4.594417E-12	5.291242E-12	1.999802E-11	2.296879E-11	8.113365E-11	2.470577E-11	6.816831E-11	1.443929E-11	-6.531833E-12	5.682736E-12	-2.405857E-12	2.740597E-11	2.547283E-11	-4.202213E-12	3.627864E-11
0:11:51	0	-1.499649E+1	1.530400E+1	1.575100E+1	1.565499E+0	1.806301E+0	3.866563E+2	5.526700E-9	4.855315E-9	5.259521E-11	1.847450E-11	7.857260E-11	9.182815E-11	8.020878E-11	5.486303E-10	-1.206496E-11	7.405356E-10	1.083934E-11	4.644764E-11	2.585985E-11	2.910532E-10	3.943102E-10	-1.293710E-11	1.325033E-9	8.592614E-10	-6.905686E-12	-5.601929E-12	5.920702E-12	2.187837E-11	1.861470E-11	8.554296E-11	2.369431E-11	7.125269E-11	1.443929E-11	-5.087255E-12	4.798577E-12	-1.329369E-12	2.866901E-11	2.737341E-11	-4.327963E-12	3.773491E-11
0:12:04	0	-1.499694E+1	1.531400E+1	1.576000E+1	1.568577E+0	1.808265E+0	3.872083E+2	5.462400E-9	4.740892E-9	5.366643E-11	2.036575E-11	7.958348E-11	9.252451E-11	8.483357E-11	5.535334E-10	-1.301229E-11	7.353991E-10	1.299480E-11	4.638479E-11	2.636591E-11	2.728038E-10	3.967171E-10	-1.533503E-11	1.188653E-9	8.777418E-10	-5.701567E-12	-6.230879E-12	6.991679E-12	2.143995E-11	2.019158E-11	8.774761E-11	2.660099E-11	6.917590E-11	1.330453E-11	-4.145354E-12	7.324459E-12	1.899098E-13	2.885841E-11	2.693028E-11	-4.766601E-12	3.976088E-11
0:12:18	0	-1.499588E+1	1.530000E+1	1.577200E+1	1.565245E+0	1.804832E+0	3.877604E+2	5.449500E-9	4.838808E-9	5.404574E-11	1.885275E-11	8.407203E-11	9.784060E-11	8.629082E-11	5.602594E-10	-1.282283E-11	7.522672E-10	1.280467E-11	4.745924E-11	2.725126E-11	2.813921E-10	3.986170E-10	-1.426209E-11	1.183902E-9	8.995762E-10	-7.031699E-12	-4.468229E-12	7.117969E-12	2.357168E-11	2.700710E-11	9.171639E-11	2.849722E-11	7.597366E-11	1.563775E-11	-3.893520E-12	7.703242E-12	-1.203428E-12	3.233151E-11	2.952807E-11	-2.885308E-12	4.165992E-11
0:12:31	0	-1.499657E+1	1.530400E+1	1.577400E+1	1.564118E+0	1.805212E+0	3.883125E+2	5.647600E-9	5.106776E-9	5.663120E-11	2.143779E-11	8.375569E-11	1.005621E-10	8.939536E-11	5.688083E-10	-1.105382E-11	7.588623E-10	1.350115E-11	5.049303E-11	3.148737E-11	2.791820E-10	4.012140E-10	-1.565084E-11	1.398006E-9	9.159045E-10	-4.878485E-12	-4.468229E-12	8.125303E-12	2.382206E-11	1.798315E-11	9.574781E-11	2.874958E-11	7.654005E-11	1.614143E-11	-3.831057E-12	8.776791E-12	-1.456308E-12	3.245712E-11	3.193581E-11	-4.014084E-12	4.260944E-11
0:12:45	0	-1.499542E+1	1.531000E+1	1.576800E+1	1.568653E+0	1.808328E+0	3.888646E+2	5.705300E-9	5.043549E-9	5.909022E-11	2.250982E-11	8.849671E-11	1.037901E-10	9.427320E-11	5.747791E-10	-1.250672E-11	7.716079E-10	1.413558E-11	5.283047E-11	3.230884E-11	2.775401E-10	4.024179E-10	-1.476718E-11	1.253074E-9	9.327384E-10	-6.081605E-12	-3.776682E-12	8.000008E-12	2.495027E-11	2.372585E-11	9.864558E-11	3.032960E-11	8.107222E-11	1.639426E-11	-2.763239E-12	9.407763E-12	1.899098E-13	3.454157E-11	3.358332E-11	-2.257551E-12	4.526909E-11
0:12:58	0	-1.499558E+1	1.529900E+1	1.576000E+1	1.566157E+0	1.805896E+0	3.894167E+2	5.818000E-9	5.290388E-9	6.186484E-11	2.105954E-11	9.146746E-11	1.106877E-10	9.547740E-11	5.814425E-10	-1.111764E-11	7.768716E-10	1.350115E-11	5.194558E-11	3.205631E-11	2.918118E-10	4.045719E-10	-1.451414E-11	1.422393E-9	9.546997E-10	-3.991397E-12	-4.028063E-12	1.051984E-11	2.770845E-11	1.697407E-11	1.031812E-10	3.102385E-11	8.220501E-11	1.935757E-11	-2.826693E-12	1.003973E-11	-5.067593E-13	3.839348E-11	3.428053E-11	-2.822929E-12	4.666139E-11
0:13:12	0	-1.499816E+1	1.529800E+1	1.575200E+1	1.561850E+0	1.803362E+0	3.899688E+2	5.904900E-9	5.289237E-9	6.394654E-11	2.232070E-11	9.431247E-11	1.127129E-10	1.003552E-10	5.913112E-10	-1.332840E-11	8.044562E-10	1.559356E-11	5.643292E-11	3.496490E-11	2.697094E-10	4.036849E-10	-1.577637E-11	1.340235E-9	9.759646E-10	-5.004497E-12	-4.405632E-12	1.064513E-11	2.977782E-11	2.605978E-11	1.083463E-10	3.298292E-11	8.730357E-11	1.879019E-11	-2.386479E-12	1.054511E-11	6.297009E-14	3.776147E-11	3.510379E-11	-3.512076E-12	5.027056E-11
0:13:25	0	-1.499786E+1	1.530500E+1	1.575000E+1	1.564257E+0	1.804224E+0	3.905209E+2	5.833800E-9	5.305628E-9	6.451401E-11	2.377099E-11	9.816836E-11	1.172696E-10	1.043469E-10	5.976601E-10	-1.231725E-11	8.224655E-10	1.749485E-11	5.832841E-11	3.205631E-11	2.800652E-10	4.090687E-10	-1.407280E-11	1.253771E-9	9.997612E-10	-6.334630E-12	-3.210329E-12	1.133823E-11	3.071800E-11	2.978332E-11	1.096062E-10	3.386769E-11	9.233954E-11	2.042962E-11	-3.139999E-12	1.010253E-11	-2.528799E-13	4.098236E-11	3.833578E-11	-2.509050E-12	5.122008E-11
0:13:39	0	-1.499694E+1	1.529600E+1	1.574300E+1	1.567449E+0	1.807859E+0	3.910730E+2	5.950400E-9	5.343190E-9	6.861271E-11	2.534769E-11	1.041098E-10	1.233450E-10	1.087187E-10	6.081569E-10	-1.212779E-11	8.426942E-10	1.717764E-11	6.205755E-11	3.825277E-11	2.825286E-10	4.109687E-10	-1.527127E-11	1.179088E-9	1.021026E-9	-3.231321E-12	-2.706572E-12	1.196869E-11	3.284972E-11	2.277853E-11	1.171649E-10	3.449910E-11	9.580151E-11	2.030320E-11	-1.507041E-12	1.319659E-11	1.963068E-12	4.167718E-11	3.972921E-11	-1.316905E-12	5.533500E-11
0:13:52	0	-1.499527E+1	1.528900E+1	1.575300E+1	1.567728E+0	1.807188E+0	3.916250E+2	6.067700E-9	5.397796E-9	6.880187E-11	2.591507E-11	1.068281E-10	1.272684E-10	1.106190E-10	6.177745E-10	-1.118046E-11	8.393326E-10	1.705155E-11	6.218325E-11	4.033889E-11	2.983156E-10	4.121096E-10	-1.508199E-11	1.147669E-9	1.051151E-9	-3.801378E-12	-3.335523E-12	1.341655E-11	3.303776E-11	2.713262E-11	1.206931E-10	3.791150E-11	9.926349E-11	2.194263E-11	-3.077536E-12	1.300719E-11	1.203428E-12	4.458106E-11	4.150375E-11	-1.380275E-12	5.660136E-11
0:14:06	0	-1.499558E+1	1.528800E+1	1.574800E+1	1.563586E+0	1.803692E+0	3.921771E+2	6.192800E-9	5.617002E-9	7.176564E-11	2.856281E-11	1.130860E-10	1.351801E-10	1.158139E-10	6.287754E-10	-1.149657E-11	8.789031E-10	1.825537E-11	6.780789E-11	4.021213E-11	2.833491E-10	4.150865E-10	-1.482994E-11	1.243002E-9	1.079947E-9	-4.434441E-12	-3.335523E-12	1.499169E-11	3.548221E-11	3.041387E-11	1.263624E-10	3.778482E-11	1.051172E-10	2.251000E-11	-9.419006E-13	1.319659E-11	1.013519E-12	4.559189E-11	4.340434E-11	-1.380275E-12	5.780475E-11
0:14:19	0	-1.499542E+1	1.529400E+1	1.574600E+1	1.565448E+0	1.806149E+0	3.927292E+2	6.305500E-9	5.602582E-9	7.573890E-11	2.856281E-11	1.168790E-10	1.408758E-10	1.217059E-10	6.400899E-10	-1.149657E-11	8.917759E-10	1.933310E-11	6.843939E-11	4.577676E-11	2.911170E-10	4.190774E-10	-1.382076E-11	1.104279E-9	1.107414E-9	-6.018598E-12	-2.391600E-12	1.568479E-11	3.711218E-11	3.060314E-11	1.324095E-10	4.024961E-11	1.085166E-10	2.768012E-11	-2.574859E-12	1.527989E-11	2.278918E-12	4.900218E-11	4.612918E-11	-5.020080E-13	6.337593E-11
0:14:33	0	-1.499657E+1	1.530500E+1	1.575000E+1	1.561838E+0	1.802045E+0	3.932813E+2	6.382800E-9	5.804308E-9	7.756774E-11	3.032864E-11	1.221249E-10	1.492291E-10	1.255706E-10	6.524096E-10	-1.155939E-11	9.121307E-10	2.142551E-11	7.431742E-11	4.255177E-11	2.806345E-10	4.219903E-10	-1.552432E-11	1.186880E-9	1.139374E-9	-4.814479E-12	-1.132707E-12	1.581108E-11	4.124994E-11	3.401090E-11	1.373230E-10	4.271340E-11	1.144956E-10	2.831120E-11	1.883801E-13	1.641724E-11	2.975587E-12	5.108564E-11	4.917111E-11	-3.138788E-13	6.736491E-11
0:14:46	0	-1.499588E+1	1.529500E+1	1.575600E+1	1.567487E+0	1.807505E+0	3.938334E+2	6.521500E-9	5.789631E-9	7.996404E-11	3.209447E-11	1.247165E-10	1.546081E-10	1.323497E-10	6.651074E-10	-1.187550E-11	9.380035E-10	2.250224E-11	7.608622E-11	4.723106E-11	2.947158E-10	4.257912E-10	-1.464066E-11	1.030800E-9	1.168677E-9	-3.041302E-12	-1.261875E-13	1.870779E-11	4.206443E-11	3.180248E-11	1.455748E-10	4.486199E-11	1.198465E-10	3.070713E-11	-1.821338E-12	1.805896E-11	2.405857E-12	5.455874E-11	5.151483E-11	-8.148967E-13	6.920098E-11
0:15:00	0	-1.499694E+1	1.531200E+1	1.575900E+1	1.564574E+0	1.804578E+0	3.943855E+2	6.740900E-9	6.050158E-9	8.488308E-11	3.417484E-11	1.328084E-10	1.631522E-10	1.367215E-10	6.811364E-10	-1.061206E-11	9.510665E-10	2.281946E-11	8.107836E-11	5.102399E-11	3.137876E-10	4.293381E-10	-1.489271E-11	1.114414E-9	1.215573E-9	-3.611359E-12	-1.636463E-12	1.965347E-11	4.375773E-11	3.363237E-11	1.537639E-10	4.884296E-11	1.268331E-10	3.259840E-11	3.142974E-13	1.742699E-11	4.115045E-12	5.916827E-11	5.430369E-11	-3.138788E-13	7.483613E-11
0:15:13	0	-1.499527E+1	1.531500E+1	1.574700E+1	1.563345E+0	1.804160E+0	3.949376E+2	6.923200E-9	6.266200E-9	8.816244E-11	3.512046E-11	1.375485E-10	1.710629E-10	1.422974E-10	6.935821E-10	-1.200214E-11	9.932998E-10	2.307363E-11	8.417500E-11	5.266793E-11	2.995787E-10	4.350389E-10	-1.495646E-11	1.175921E-9	1.255382E-9	-3.674365E-12	-1.447678E-12	2.148020E-11	4.714236E-11	3.981635E-11	1.608184E-10	5.124392E-11	1.330644E-10	3.568812E-11	-8.794377E-13	1.989007E-11	4.115045E-12	6.150494E-11	5.873905E-11	1.505034E-12	7.724192E-11
0:15:27	0	-1.499710E+1	1.531400E+1	1.575600E+1	1.567196E+0	1.807505E+0	3.954897E+2	7.045100E-9	6.451047E-9	9.257674E-11	3.770550E-11	1.443761E-10	1.844166E-10	1.519901E-10	7.120622E-10	-1.105382E-11	1.010992E-9	2.522809E-11	8.847279E-11	5.576616E-11	3.090513E-10	4.393468E-10	-1.419933E-11	1.169713E-9	1.304493E-9	-1.014101E-12	5.663533E-13	2.223595E-11	4.958781E-11	3.741767E-11	1.710869E-10	5.509821E-11	1.391696E-10	3.638192E-11	1.382115E-12	2.064764E-11	5.698293E-12	6.567285E-11	6.247720E-11	-1.881292E-13	8.388955E-11
0:15:40	0	-1.499740E+1	1.528700E+1	1.573900E+1	1.564827E+0	1.804553E+0	3.960417E+2	7.260900E-9	6.663730E-9	9.591981E-11	3.738996E-11	1.525928E-10	1.932764E-10	1.590863E-10	7.262058E-10	-1.250672E-11	1.041874E-9	2.706633E-11	9.270673E-11	6.038157E-11	2.983156E-10	4.428307E-10	-1.514575E-11	1.217348E-9	1.347845E-9	-1.077107E-12	6.289502E-13	2.399903E-11	5.485378E-11	4.562081E-11	1.790235E-10	5.749916E-11	1.442682E-10	3.947164E-11	-1.821338E-12	2.374169E-11	5.698293E-12	6.996638E-11	6.659546E-11	2.007042E-12	8.806844E-11
0:15:54	0	-1.499687E+1	1.533800E+1	1.578900E+1	1.563434E+0	1.804578E+0	3.965938E+2	7.430500E-9	6.833092E-9	9.964021E-11	4.117345E-11	1.596729E-10	2.080857E-10	1.673858E-10	7.492754E-10	-1.269618E-11	1.089497E-9	2.846128E-11	9.908956E-11	5.930657E-11	3.008418E-10	4.484685E-10	-1.356771E-11	1.150139E-9	1.400627E-9	-3.547353E-12	-1.070110E-12	2.658250E-11	5.704785E-11	5.104773E-11	1.919372E-10	6.185918E-11	1.562281E-10	4.262408E-11	1.947256E-12	2.614098E-11	7.407481E-12	7.299786E-11	7.001752E-11	1.944662E-12	9.452617E-11
0:16:07	0	-1.499618E+1	1.533700E+1	1.578200E+1	1.565131E+0	1.806225E+0	3.971459E+2	7.775600E-9	7.108205E-9	1.043701E-10	4.413674E-11	1.702297E-10	2.271351E-10	1.784097E-10	7.694523E-10	-1.174886E-11	1.112769E-9	2.998231E-11	1.038293E-10	6.980303E-11	3.096196E-10	4.529654E-10	-1.577637E-11	1.167749E-9	1.463726E-9	-1.270126E-13	1.070110E-12	2.847187E-11	6.275224E-11	4.940710E-11	2.081255E-10	6.564963E-11	1.675580E-10	4.609205E-11	4.392231E-13	2.847747E-11	7.217572E-12	8.158590E-11	7.895226E-11	4.390342E-12	1.014906E-10
0:16:21	0	-1.499611E+1	1.533500E+1	1.579900E+1	1.564523E+0	1.805528E+0	3.976980E+2	8.044800E-9	7.364665E-9	1.123156E-10	4.646994E-11	1.769296E-10	2.413740E-10	1.874692E-10	7.915791E-10	-1.212779E-11	1.158173E-9	3.264511E-11	1.112227E-10	6.961338E-11	3.219334E-10	4.578433E-10	-1.495646E-11	1.164455E-9	1.524925E-9	2.530252E-13	1.951435E-12	3.092806E-11	6.601217E-11	5.653741E-11	2.214171E-10	6.975728E-11	1.771251E-10	4.804702E-11	4.648032E-12	2.841368E-11	7.787301E-12	8.524841E-11	8.440094E-11	4.452722E-12	1.078214E-10
0:16:34	0	-1.499618E+1	1.531300E+1	1.579400E+1	1.566905E+0	1.806479E+0	3.982501E+2	8.264900E-9	7.605194E-9	1.177394E-10	4.861401E-11	1.933021E-10	2.583353E-10	1.977330E-10	8.174133E-10	-1.124328E-11	1.209981E-9	3.568717E-11	1.200069E-10	7.207879E-11	3.159340E-10	4.689279E-10	-1.394628E-11	1.075013E-9	1.603782E-9	-1.710170E-12	3.146738E-12	3.401470E-11	7.290811E-11	6.499257E-11	2.392442E-10	7.670777E-11	1.900290E-10	5.454102E-11	7.159436E-12	3.529656E-11	1.126965E-11	9.440466E-11	8.991363E-11	5.142859E-12	1.187749E-10
0:16:48	0	-1.499657E+1	1.534700E+1	1.579200E+1	1.562839E+0	1.803172E+0	3.988022E+2	8.660000E-9	8.029988E-9	1.240453E-10	5.069439E-11	2.010767E-10	2.790931E-10	2.104682E-10	8.490943E-10	-1.206496E-11	1.246253E-9	3.765251E-11	1.267688E-10	8.168989E-11	3.288170E-10	4.764657E-10	-1.514575E-11	1.189160E-9	1.677196E-9	1.710170E-12	3.839279E-12	3.804603E-11	7.855015E-11	6.455128E-11	2.568815E-10	8.245729E-11	2.032479E-10	6.090960E-11	8.729931E-12	3.409641E-11	1.032010E-11	1.028023E-10	9.960861E-11	5.018100E-12	1.279553E-10
0:17:01	0	-1.499710E+1	1.534000E+1	1.579900E+1	1.564827E+0	1.805630E+0	3.993543E+2	9.144600E-9	8.501797E-9	1.308569E-10	5.447788E-11	2.132132E-10	3.067496E-10	2.260528E-10	8.809012E-10	-1.111764E-11	1.318227E-9	4.088470E-11	1.347947E-10	8.668459E-11	3.210491E-10	4.885013E-10	-1.577637E-11	1.269607E-9	1.763078E-9	-1.270126E-13	6.419664E-12	4.043957E-11	8.619823E-11	7.187085E-11	2.790553E-10	8.947062E-11	2.208092E-10	6.538691E-11	8.980774E-12	4.514690E-11	1.177641E-11	1.142324E-10	1.061986E-10	8.530176E-12	1.392246E-10
0:17:15	0	-1.499565E+1	1.532400E+1	1.579100E+1	1.566373E+0	1.806466E+0	3.999064E+2	9.430000E-9	8.933518E-9	1.393699E-10	5.725204E-11	2.283214E-10	3.335188E-10	2.435398E-10	9.139645E-10	-1.181168E-11	1.359826E-9	4.202647E-11	1.448419E-10	9.420858E-11	3.537606E-10	4.951521E-10	-1.558708E-11	1.293931E-9	1.864908E-9	5.258523E-12	7.174801E-12	4.497506E-11	9.334455E-11	6.871611E-11	3.056374E-10	9.541066E-11	2.369853E-10	7.251199E-11	1.086557E-11	4.508310E-11	1.164947E-11	1.229461E-10	1.183644E-10	9.220313E-12	1.481520E-10
0:17:28	0	-1.499938E+1	1.531400E+1	1.577500E+1	1.563130E+0	1.803147E+0	4.004584E+2	1.015600E-8	9.536593E-9	1.513524E-10	6.639473E-11	2.458934E-10	3.841480E-10	2.581744E-10	9.589088E-10	-1.320176E-11	1.440804E-9	4.760425E-11	1.601355E-10	1.032497E-10	3.439092E-10	5.075038E-10	-1.401004E-11	1.312491E-9	2.004078E-9	5.321529E-12	7.112205E-12	5.070782E-11	1.061962E-10	8.537441E-11	3.405986E-10	1.059621E-10	2.631071E-10	8.209572E-11	1.356535E-11	5.430247E-11	1.513181E-11	1.355754E-10	1.364229E-10	1.041147E-11	1.672724E-10
0:17:42	0	-1.499618E+1	1.533500E+1	1.578200E+1	1.563219E+0	1.804376E+0	4.010105E+2	1.065700E-8	1.008342E-8	1.579738E-10	6.816055E-11	2.622659E-10	4.399665E-10	2.798421E-10	1.001967E-9	-1.313894E-11	1.535353E-9	5.159795E-11	1.739746E-10	1.079290E-10	3.494032E-10	5.204254E-10	-1.401004E-11	1.292918E-9	2.123315E-9	5.954592E-12	9.252424E-12	5.700640E-11	1.168539E-10	9.862494E-11	3.721569E-10	1.160716E-10	2.826200E-10	9.571480E-11	1.532423E-11	6.345805E-11	1.905795E-11	1.514885E-10	1.464980E-10	1.273239E-11	1.826576E-10
0:17:55	0	-1.499641E+1	1.533000E+1	1.577500E+1	1.562560E+0	1.803806E+0	4.015626E+2	1.132700E-8	1.093525E-8	1.729201E-10	7.515916E-11	2.825562E-10	5.066079E-10	3.049944E-10	1.060551E-9	-1.282283E-11	1.625779E-9	5.863372E-11	1.895207E-10	1.225977E-10	3.794619E-10	5.386688E-10	-1.464066E-11	1.347140E-9	2.292610E-9	1.051605E-11	1.239916E-11	6.840827E-11	1.367886E-10	1.002656E-10	4.226144E-10	1.304155E-10	3.235973E-10	1.108479E-10	1.859014E-11	7.400216E-11	2.057723E-11	1.804735E-10	1.729211E-10	1.524144E-11	2.078558E-10
0:18:19	1	-1.499641E+1	1.533900E+1	1.581400E+1	1.564941E+0	1.805807E+0	0.000000E+0	1.598100E-9	2.183191E-9	9.251402E-11	7.370888E-11	8.141662E-11	7.999409E-11	8.172904E-11	3.004659E-11	-1.155939E-11	4.159864E-11	8.367168E-11	8.101551E-11	7.486061E-11	7.262173E-11	3.794286E-11	-1.666003E-11	7.050222E-11	4.050463E-11	7.741470E-11	7.294729E-11	7.615570E-11	7.466376E-11	8.215591E-11	7.993735E-11	7.696014E-11	8.195361E-11	7.995162E-11	8.045318E-11	7.987428E-11	7.819386E-11	7.981745E-11	8.319757E-11	8.254121E-11	8.306597E-11
0:18:32	1	-1.499664E+1	1.535700E+1	1.581400E+1	1.562851E+0	1.803134E+0	0.000000E+0	2.349700E-9	2.291456E-9	9.213571E-11	7.484362E-11	8.110028E-11	7.993114E-11	8.198208E-11	5.732757E-11	-1.130710E-11	6.594976E-11	8.005923E-11	7.608622E-11	7.897096E-11	8.019922E-11	6.308911E-11	-1.584012E-11	7.620316E-11	6.252885E-11	7.659161E-11	7.527530E-11	7.502208E-11	7.685784E-11	8.108307E-11	7.811058E-11	8.056206E-11	8.151341E-11	7.673648E-11	7.963621E-11	7.949550E-11	7.952323E-11	7.994406E-11	8.148604E-11	8.335611E-11	8.300300E-11
0:18:46	1	-1.499748E+1	1.535100E+1	1.582100E+1	1.566347E+0	1.806111E+0	1.000000E+1	2.983200E-9	2.750638E-9	1.043064E-10	8.739155E-11	9.563968E-11	9.081609E-11	9.554041E-11	9.001374E-11	-1.238107E-11	8.199298E-11	9.260973E-11	9.093693E-11	9.117324E-11	8.872478E-11	9.431717E-11	-1.482994E-11	9.900691E-11	9.322329E-11	9.293624E-11	8.843060E-11	8.862756E-11	8.594785E-11	9.199967E-11	9.240951E-11	9.282019E-11	9.384993E-11	9.294061E-11	9.364177E-11	9.654371E-11	9.148954E-11	9.345664E-11	9.612354E-11	9.527360E-11	9.566559E-11
0:19:00	1	-1.499641E+1	1.536700E+1	1.581600E+1	1.565917E+0	1.806479E+0	2.000000E+1	3.159400E-9	2.869317E-9	1.054423E-10	9.237250E-11	9.507088E-11	9.315792E-11	9.706068E-11	1.059793E-10	-1.389680E-11	1.187724E-10	9.520849E-11	9.163228E-11	9.079394E-11	9.592345E-11	1.111667E-10	-1.388352E-11	1.093958E-10	1.044882E-10	9.046499E-11	8.868198E-11	9.165155E-11	8.883171E-11	9.275673E-11	9.077168E-11	9.503162E-11	9.384993E-11	9.256236E-11	9.602825E-11	9.490199E-11	9.281991E-11	9.295222E-11	9.669371E-11	9.684101E-11	9.579253E-11
0:19:14	1	-1.499687E+1	1.534500E+1	1.583100E+1	1.562725E+0	1.803882E+0	3.000000E+1	3.248600E-9	2.943743E-9	1.068928E-10	9.148959E-11	9.475454E-11	9.132262E-11	9.661760E-11	1.198718E-10	-1.250672E-11	1.213092E-10	9.356038E-11	9.175898E-11	9.420858E-11	1.160680E-10	1.238353E-10	-1.438861E-11	1.111058E-10	1.210063E-10	9.331628E-11	9.119976E-11	9.152526E-11	8.701371E-11	8.808687E-11	9.247216E-11	9.522114E-11	9.447992E-11	9.394995E-11	9.609171E-11	9.787044E-11	9.389540E-11	9.295222E-11	9.606052E-11	9.627663E-11	9.642521E-11
0:19:27	1	-1.499588E+1	1.537900E+1	1.582500E+1	1.566728E+0	1.806352E+0	4.000000E+1	3.358900E-9	3.022955E-9	1.078386E-10	9.054396E-11	9.696688E-11	9.265139E-11	9.794783E-11	1.333227E-10	-1.206496E-11	1.396989E-10	9.514545E-11	9.321253E-11	9.016212E-11	1.208671E-10	1.354909E-10	-1.470342E-11	1.265616E-10	1.280950E-10	8.888183E-11	9.126236E-11	9.146261E-11	8.883171E-11	9.446012E-11	9.285004E-11	9.522114E-11	9.492012E-11	9.331887E-11	9.640501E-11	9.439761E-11	9.326270E-11	9.535169E-11	9.701081E-11	9.696676E-11	9.661511E-11
0:19:41	1	-1.499702E+1	1.538100E+1	1.581700E+1	1.565511E+0	1.806631E+0	5.000000E+1	3.460600E-9	3.086181E-9	1.061352E-10	9.256162E-11	9.595501E-11	9.416999E-11	9.535038E-11	1.445747E-10	-1.276000E-11	1.478156E-10	9.514545E-11	9.390688E-11	9.395506E-11	1.285712E-10	1.487925E-10	-1.571360E-11	1.270046E-10	1.455623E-10	9.312626E-11	9.157733E-11	9.158791E-11	8.895641E-11	8.821338E-11	9.272474E-11	9.572587E-11	9.529772E-11	9.502200E-11	9.609171E-11	9.692249E-11	9.471901E-11	9.421526E-11	9.739093E-11	9.684101E-11	9.674205E-11
0:19:55	1	-1.499702E+1	1.536900E+1	1.582400E+1	1.562534E+0	1.803540E+0	6.000000E+1	3.583000E-9	3.172733E-9	1.077122E-10	9.268804E-11	9.759856E-11	9.467652E-11	9.699766E-11	1.547579E-10	-1.257054E-11	1.558692E-10	9.514545E-11	9.365448E-11	9.597829E-11	1.298343E-10	1.605742E-10	-1.401004E-11	1.460084E-10	1.569541E-10	9.483643E-11	9.176612E-11	9.102110E-11	8.977188E-11	9.136813E-11	9.366945E-11	9.673732E-11	9.561271E-11	9.577850E-11	9.621663E-11	9.944837E-11	9.573153E-11	9.434086E-11	9.796110E-11	9.865993E-11	9.794444E-11
0:20:09	1	-1.499634E+1	1.536400E+1	1.581300E+1	1.566461E+0	1.806263E+0	7.000000E+1	3.647500E-9	3.252757E-9	1.072074E-10	9.376008E-11	9.873716E-11	9.575252E-11	9.820187E-11	1.637464E-10	-1.111764E-11	1.710245E-10	9.691965E-11	9.416028E-11	9.231112E-11	1.496627E-10	1.720398E-10	-1.438861E-11	1.500623E-10	1.654984E-10	9.350629E-11	9.138855E-11	9.335199E-11	9.077441E-11	9.237820E-11	9.385839E-11	9.958016E-11	9.655671E-11	9.659772E-11	9.602825E-11	9.793324E-11	9.509883E-11	9.680413E-11	9.713785E-11	9.897380E-11	9.921080E-11
0:20:22	1	-1.499565E+1	1.537000E+1	1.580000E+1	1.565587E+0	1.806618E+0	8.000000E+1	3.733200E-9	3.342455E-9	1.094783E-10	9.451658E-11	9.842082E-11	9.676459E-11	9.712469E-11	1.722953E-10	-1.168603E-11	1.769218E-10	9.761713E-11	9.630917E-11	9.629470E-11	1.525049E-10	1.836945E-10	-1.495646E-11	1.728661E-10	1.779022E-10	9.521646E-11	9.271004E-11	9.448561E-11	9.158989E-11	9.206243E-11	9.744829E-11	9.604207E-11	9.819329E-11	9.836356E-11	9.860311E-11	9.894300E-11	9.573153E-11	1.001506E-10	9.935553E-11	9.865993E-11	9.883099E-11
0:20:36	1	-1.499717E+1	1.533300E+1	1.581400E+1	1.562458E+0	1.803413E+0	9.000000E+1	3.853100E-9	3.422868E-9	1.094783E-10	9.615599E-11	9.842082E-11	9.682853E-11	9.959511E-11	1.812213E-10	-1.288565E-11	1.839604E-10	9.818751E-11	9.725692E-11	9.768611E-11	1.496627E-10	1.941462E-10	-1.470342E-11	1.928199E-10	1.916359E-10	9.369631E-11	9.510164E-11	9.448561E-11	9.353357E-11	9.805715E-11	9.675617E-11	9.875923E-11	9.718570E-11	9.924648E-11	9.967093E-11	9.982716E-11	9.769460E-11	9.888759E-11	9.929151E-11	1.008561E-10	1.003512E-10
0:20:50	1	-1.499862E+1	1.534300E+1	1.578400E+1	1.561204E+0	1.802057E+0	1.000000E+2	3.978400E-9	3.547653E-9	1.109288E-10	9.811094E-11	1.008228E-10	9.967590E-11	1.009253E-10	1.890160E-10	-1.061206E-11	1.881459E-10	1.016108E-10	1.000373E-10	9.945581E-11	1.738487E-10	2.056108E-10	-1.615493E-11	2.215146E-10	2.001163E-10	9.965091E-11	9.541661E-11	9.624969E-11	9.422238E-11	9.319802E-11	9.858294E-11	1.008440E-10	9.995608E-11	1.007595E-10	1.019949E-10	1.010901E-10	9.991054E-11	9.951861E-11	1.015092E-10	1.024859E-10	9.921080E-11
0:21:04	1	-1.499603E+1	1.534400E+1	1.579400E+1	1.561002E+0	1.801715E+0	1.200000E+2	4.382300E-9	3.857772E-9	1.168564E-10	1.051723E-10	1.076494E-10	1.061309E-10	1.083386E-10	2.127762E-10	-1.364351E-11	2.139556E-10	1.083934E-10	1.056619E-10	1.052730E-10	1.813634E-10	2.293011E-10	-1.609217E-11	2.603441E-10	2.261279E-10	1.056695E-10	1.009550E-10	1.024230E-10	1.019961E-10	1.031683E-10	1.066458E-10	1.079840E-10	1.053060E-10	1.083892E-10	1.072706E-10	1.096775E-10	1.073190E-10	1.063392E-10	1.082263E-10	1.090724E-10	1.097215E-10
0:21:18	1	-1.499444E+1	1.536500E+1	1.582000E+1	1.564967E+0	1.805642E+0	1.400000E+2	4.906600E-9	4.374604E-9	1.294063E-10	1.185394E-10	1.203557E-10	1.174595E-10	1.201226E-10	2.451488E-10	-1.238107E-11	2.674760E-10	1.227822E-10	1.178580E-10	1.170970E-10	1.999926E-10	2.609732E-10	-1.533503E-11	3.203315E-10	2.567594E-10	1.147924E-10	1.144242E-10	1.147059E-10	1.127785E-10	1.166718E-10	1.184248E-10	1.195469E-10	1.166360E-10	1.198015E-10	1.199575E-10	1.218005E-10	1.203618E-10	1.183365E-10	1.187445E-10	1.204245E-10	1.206110E-10
0:21:32	1	-1.499603E+1	1.532500E+1	1.577200E+1	1.563789E+0	1.804642E+0	1.600000E+2	5.604200E-9	5.092824E-9	1.494598E-10	1.379605E-10	1.404563E-10	1.384071E-10	1.405862E-10	2.850640E-10	-1.212779E-11	2.980408E-10	1.428127E-10	1.394078E-10	1.388465E-10	2.198849E-10	2.979021E-10	-1.577637E-11	3.663190E-10	2.954916E-10	1.400059E-10	1.345019E-10	1.348625E-10	1.346578E-10	1.379990E-10	1.393387E-10	1.402727E-10	1.381630E-10	1.418706E-10	1.421903E-10	1.408064E-10	1.405592E-10	1.408170E-10	1.422527E-10	1.425030E-10	1.392885E-10
0:21:46	1	-1.499634E+1	1.531200E+1	1.577900E+1	1.564637E+0	1.805364E+0	1.800000E+2	6.734000E-9	6.224374E-9	1.815595E-10	1.706851E-10	1.734529E-10	1.725186E-10	1.735948E-10	3.363563E-10	-1.168603E-11	3.634830E-10	1.750766E-10	1.723315E-10	1.703967E-10	2.580266E-10	3.502235E-10	-1.722788E-11	4.391652E-10	3.458055E-10	1.675006E-10	1.673564E-10	1.681851E-10	1.678203E-10	1.703065E-10	1.736058E-10	1.740765E-10	1.723416E-10	1.774323E-10	1.766074E-10	1.766084E-10	1.743052E-10	1.740317E-10	1.763432E-10	1.763722E-10	1.777191E-10
0:22:00	1	-1.499687E+1	1.529400E+1	1.576500E+1	1.564929E+0	1.805731E+0	2.000000E+2	8.346100E-9	7.771653E-9	2.272804E-10	2.186053E-10	2.194710E-10	2.181484E-10	2.206049E-10	4.060036E-10	-1.143275E-11	4.211249E-10	2.233153E-10	2.197279E-10	2.211682E-10	3.247117E-10	4.148966E-10	-1.438861E-11	4.973145E-10	4.140931E-10	2.182447E-10	2.141839E-10	2.167510E-10	2.150260E-10	2.137817E-10	2.202834E-10	2.221614E-10	2.217532E-10	2.264886E-10	2.254692E-10	2.252271E-10	2.248942E-10	2.261282E-10	2.261475E-10	2.271760E-10	2.272930E-10
0:22:14	1	-1.499618E+1	1.532600E+1	1.577000E+1	1.564245E+0	1.805110E+0	2.200000E+2	1.046700E-8	1.000169E-8	2.948209E-10	2.839280E-10	2.874240E-10	2.855482E-10	2.889026E-10	4.931257E-10	-1.225443E-11	5.208098E-10	2.925982E-10	2.891161E-10	2.869876E-10	3.943657E-10	5.037669E-10	-1.539780E-11	6.374960E-10	5.009881E-10	2.843833E-10	2.802067E-10	2.832053E-10	2.831065E-10	2.833813E-10	2.920943E-10	2.927396E-10	2.907403E-10	2.976757E-10	2.960622E-10	2.977769E-10	2.945401E-10	2.963468E-10	2.969883E-10	3.010612E-10	2.991526E-10
0:22:28	1	-1.499573E+1	1.530500E+1	1.577000E+1	1.564194E+0	1.805034E+0	2.400000E+2	1.348300E-8	1.307393E-8	3.884072E-10	3.792638E-10	3.844537E-10	3.830720E-10	3.867864E-10	6.115516E-10	-1.181168E-11	6.315286E-10	3.921807E-10	3.875103E-10	3.866970E-10	4.970452E-10	6.180375E-10	-1.577637E-11	7.542387E-10	6.230075E-10	3.816269E-10	3.756234E-10	3.787628E-10	3.814667E-10	3.813120E-10	3.906772E-10	3.934569E-10	3.897514E-10	4.024706E-10	3.987472E-10	3.997512E-10	3.976801E-10	4.004131E-10	4.007161E-10	4.022312E-10	4.030491E-10
0:22:42	1	-1.499634E+1	1.530400E+1	1.575800E+1	1.565182E+0	1.805718E+0	2.600000E+2	1.804500E-8	1.750132E-8	5.245604E-10	5.179181E-10	5.218765E-10	5.242006E-10	5.268025E-10	7.729095E-10	-1.193832E-11	8.076266E-10	5.377823E-10	5.294450E-10	5.268720E-10	6.543492E-10	7.812086E-10	-1.482994E-11	8.775703E-10	7.861640E-10	5.229640E-10	5.183076E-10	5.223185E-10	5.247128E-10	5.268198E-10	5.366299E-10	5.373315E-10	5.343346E-10	5.560690E-10	5.469666E-10	5.521125E-10	5.469762E-10	5.508280E-10	5.520937E-10	5.543297E-10	5.560127E-10
0:22:56	1	-1.499466E+1	1.530900E+1	1.575900E+1	1.565093E+0	1.805934E+0	2.800000E+2	2.469300E-8	2.412331E-8	7.248503E-10	7.211376E-10	7.266195E-10	7.287426E-10	7.347362E-10	1.002281E-9	-1.149657E-11	1.034518E-9	7.458212E-10	7.399469E-10	7.378601E-10	8.829491E-10	1.010764E-9	-1.584012E-11	1.182635E-9	1.022924E-9	7.384214E-10	7.290288E-10	7.356676E-10	7.374823E-10	7.360591E-10	7.547086E-10	7.539947E-10	7.509892E-10	7.826840E-10	7.731893E-10	7.776556E-10	7.714276E-10	7.762613E-10	7.751992E-10	7.808779E-10	7.812167E-10
0:23:10	1	-1.499687E+1	1.531800E+1	1.579000E+1	1.564409E+0	1.805186E+0	3.000000E+2	3.454600E-8	3.402551E-8	1.031401E-9	1.030728E-9	1.039391E-9	1.043656E-9	1.052022E-9	1.341844E-9	-1.294947E-11	1.393816E-9	1.068401E-9	1.061481E-9	1.053301E-9	1.203493E-9	1.348319E-9	-1.344119E-11	1.496506E-9	1.374046E-9	1.059864E-9	1.046623E-9	1.058809E-9	1.061525E-9	1.071435E-9	1.086361E-9	1.084140E-9	1.079622E-9	1.128154E-9	1.114408E-9	1.119380E-9	1.113707E-9	1.120474E-9	1.119331E-9	1.123649E-9	1.126018E-9
0:23:24	1	-1.499694E+1	1.531800E+1	1.579200E+1	1.565220E+0	1.806136E+0	3.200000E+2	5.054300E-8	5.000210E-8	1.520142E-9	1.527775E-9	1.542557E-9	1.550264E-9	1.560325E-9	1.877147E-9	-1.130710E-11	1.936883E-9	1.582983E-9	1.575570E-9	1.563670E-9	1.738112E-9	1.885022E-9	-1.451414E-11	2.093018E-9	1.926804E-9	1.581561E-9	1.561971E-9	1.579867E-9	1.586051E-9	1.593774E-9	1.619653E-9	1.614015E-9	1.610747E-9	1.686745E-9	1.666400E-9	1.673829E-9	1.664799E-9	1.675470E-9	1.673135E-9	1.678606E-9	1.681018E-9
0:23:38	1	-1.499672E+1	1.533700E+1	1.581200E+1	1.565283E+0	1.806352E+0	3.400000E+2	7.800100E-8	7.750379E-8	2.358381E-9	2.374706E-9	2.404453E-9	2.415073E-9	2.437234E-9	2.782377E-9	-1.257054E-11	2.848129E-9	2.474851E-9	2.462762E-9	2.453024E-9	2.640260E-9	2.791209E-9	-1.520851E-11	3.030513E-9	2.869861E-9	2.489892E-9	2.457226E-9	2.489453E-9	2.494991E-9	2.499699E-9	2.547591E-9	2.534632E-9	2.527409E-9	2.664393E-9	2.631334E-9	2.643881E-9	2.629781E-9	2.644268E-9	2.639696E-9	2.649532E-9	2.644959E-9
0:23:52	1	-1.499565E+1	1.536100E+1	1.581700E+1	1.565613E+0	1.806174E+0	3.600000E+2	1.311600E-7	1.305916E-7	3.953506E-9	3.998889E-9	4.049223E-9	4.070835E-9	4.107291E-9	4.490940E-9	-1.042260E-11	4.599214E-9	4.179793E-9	4.163838E-9	4.149155E-9	4.352230E-9	4.524908E-9	-1.363048E-11	4.733333E-9	4.656863E-9	4.255174E-9	4.206886E-9	4.262388E-9	4.270743E-9	4.281450E-9	4.353135E-9	4.322095E-9	4.305150E-9	4.582042E-9	4.528544E-9	4.550326E-9	4.525617E-9	4.545868E-9	4.529793E-9	4.537879E-9	4.528580E-9
0:24:05	1	-1.499573E+1	1.537900E+1	1.582500E+1	1.564827E+0	1.805009E+0	3.610000E+2	1.343700E-7	1.343502E-7	4.068028E-9	4.108223E-9	4.161803E-9	4.189117E-9	4.225325E-9	4.610308E-9	-1.187550E-11	4.697314E-9	4.297443E-9	4.285869E-9	4.269732E-9	4.485032E-9	4.638989E-9	-1.520851E-11	4.887892E-9	4.781920E-9	4.383777E-9	4.329492E-9	4.389126E-9	4.398379E-9	4.398879E-9	4.479435E-9	4.448023E-9	4.433241E-9	4.717670E-9	4.663009E-9	4.687660E-9	4.664530E-9	4.680496E-9	4.665456E-9	4.669093E-9	4.661980E-9
0:24:19	1	-1.499999E+1	1.536700E+1	1.582000E+1	1.566347E+0	1.806567E+0	3.620000E+2	1.394300E-7	1.386456E-7	4.191383E-9	4.237295E-9	4.297268E-9	4.324172E-9	4.360716E-9	4.746586E-9	-1.187550E-11	4.837901E-9	4.434234E-9	4.422622E-9	4.408832E-9	4.623013E-9	4.777266E-9	-1.476718E-11	4.984492E-9	4.926217E-9	4.528661E-9	4.470665E-9	4.533941E-9	4.544759E-9	4.553410E-9	4.633262E-9	4.593856E-9	4.574362E-9	4.877259E-9	4.822596E-9	4.846399E-9	4.815916E-9	4.833878E-9	4.822726E-9	4.831979E-9	4.816527E-9
0:24:32	1	-1.499596E+1	1.536000E+1	1.582600E+1	1.563497E+0	1.803755E+0	3.630000E+2	1.433300E-7	1.429455E-7	4.320789E-9	4.368193E-9	4.423691E-9	4.455111E-9	4.494713E-9	4.881606E-9	-1.282283E-11	4.982863E-9	4.573370E-9	4.558175E-9	4.541609E-9	4.746723E-9	4.917000E-9	-1.527127E-11	5.177882E-9	5.066526E-9	4.668477E-9	4.613412E-9	4.674977E-9	4.690513E-9	4.704597E-9	4.772789E-9	4.734887E-9	4.716239E-9	5.034956E-9	4.974207E-9	4.996550E-9	4.967175E-9	4.989851E-9	4.975624E-9	4.982572E-9	4.968541E-9
0:24:46	1	-1.499664E+1	1.534700E+1	1.580200E+1	1.565410E+0	1.806225E+0	3.640000E+2	1.473300E-7	1.473409E-7	4.451456E-9	4.497830E-9	4.562126E-9	4.589026E-9	4.629281E-9	5.019958E-9	-1.149657E-11	5.136448E-9	4.709020E-9	4.699668E-9	4.678052E-9	4.886345E-9	5.059522E-9	-1.514575E-11	5.323004E-9	5.211203E-9	4.817669E-9	4.756538E-9	4.822815E-9	4.835139E-9	4.843038E-9	4.923718E-9	4.890639E-9	4.869131E-9	5.195364E-9	5.133228E-9	5.158383E-9	5.127299E-9	5.151444E-9	5.130297E-9	5.135173E-9	5.124733E-9
0:24:59	1	-1.499634E+1	1.536900E+1	1.580600E+1	1.566563E+0	1.806631E+0	3.650000E+2	1.526600E-7	1.522520E-7	4.600285E-9	4.647959E-9	4.713454E-9	4.745027E-9	4.784123E-9	5.175093E-9	-1.162221E-11	5.266636E-9	4.871736E-9	4.859360E-9	4.841748E-9	5.055142E-9	5.217436E-9	-1.640798E-11	5.395344E-9	5.380309E-9	4.985043E-9	4.926726E-9	4.991505E-9	5.006093E-9	5.009684E-9	5.097450E-9	5.059725E-9	5.035242E-9	5.380301E-9	5.317373E-9	5.340801E-9	5.307240E-9	5.335580E-9	5.310316E-9	5.318696E-9	5.304606E-9
0:25:13	1	-1.499672E+1	1.535000E+1	1.582800E+1	1.563231E+0	1.803616E+0	3.660000E+2	1.569100E-7	1.571311E-7	4.745331E-9	4.794872E-9	4.863330E-9	4.893686E-9	4.937380E-9	5.327778E-9	-1.212779E-11	5.442607E-9	5.023043E-9	5.012987E-9	4.993998E-9	5.201394E-9	5.373895E-9	-1.533503E-11	5.582209E-9	5.539732E-9	5.146208E-9	5.088166E-9	5.153579E-9	5.170717E-9	5.175448E-9	5.258396E-9	5.216931E-9	5.197134E-9	5.553635E-9	5.494796E-9	5.522018E-9	5.485344E-9	5.508223E-9	5.483110E-9	5.493123E-9	5.479539E-9
0:25:26	1	-1.499717E+1	1.535000E+1	1.581800E+1	1.564891E+0	1.805972E+0	3.670000E+2	1.620700E-7	1.622463E-7	4.892142E-9	4.944687E-9	5.013078E-9	5.051270E-9	5.093805E-9	5.493913E-9	-1.181168E-11	5.609002E-9	5.189625E-9	5.173186E-9	5.159400E-9	5.369372E-9	5.538333E-9	-1.546056E-11	5.731511E-9	5.707572E-9	5.316053E-9	5.259488E-9	5.331088E-9	5.341610E-9	5.350108E-9	5.439750E-9	5.394673E-9	5.367841E-9	5.743300E-9	5.672974E-9	5.706961E-9	5.674719E-9	5.697474E-9	5.674281E-9	5.676081E-9	5.660234E-9
0:25:40	1	-1.499535E+1	1.535500E+1	1.581500E+1	1.566639E+0	1.806744E+0	3.680000E+2	1.678300E-7	1.676800E-7	5.053521E-9	5.106544E-9	5.179326E-9	5.214549E-9	5.261002E-9	5.663945E-9	-1.244390E-11	5.761764E-9	5.357984E-9	5.341979E-9	5.325942E-9	5.553893E-9	5.714870E-9	-1.501923E-11	5.965314E-9	5.886487E-9	5.499582E-9	5.436034E-9	5.506705E-9	5.527046E-9	5.526409E-9	5.617136E-9	5.575131E-9	5.547106E-9	5.945891E-9	5.873258E-9	5.902701E-9	5.871438E-9	5.897711E-9	5.869253E-9	5.871833E-9	5.853085E-9
0:25:53	1	-1.499839E+1	1.533800E+1	1.580100E+1	1.562547E+0	1.802893E+0	3.690000E+2	1.741400E-7	1.737580E-7	5.228776E-9	5.289083E-9	5.363399E-9	5.403586E-9	5.448662E-9	5.853779E-9	-1.351787E-11	5.972929E-9	5.548782E-9	5.539842E-9	5.518911E-9	5.725848E-9	5.902428E-9	-1.577637E-11	6.179354E-9	6.088440E-9	5.699074E-9	5.640965E-9	5.714952E-9	5.729409E-9	5.737920E-9	5.828916E-9	5.779726E-9	5.747584E-9	6.170740E-9	6.092950E-9	6.128054E-9	6.089557E-9	6.111653E-9	6.091408E-9	6.089476E-9	6.071134E-9
0:26:07	1	-1.499588E+1	1.535800E+1	1.584000E+1	1.565347E+0	1.805174E+0	3.700000E+2	1.796400E-7	1.796578E-7	5.403650E-9	5.465065E-9	5.544122E-9	5.585407E-9	5.633914E-9	6.038206E-9	-1.174886E-11	6.165514E-9	5.743383E-9	5.730754E-9	5.703977E-9	5.919526E-9	6.101832E-9	-1.356771E-11	6.274814E-9	6.285518E-9	5.903445E-9	5.839036E-9	5.916207E-9	5.933965E-9	5.941984E-9	6.035719E-9	5.981162E-9	5.949824E-9	6.388782E-9	6.317541E-9	6.352652E-9	6.306348E-9	6.334435E-9	6.302603E-9	6.303420E-9	6.280320E-9
0:26:20	1	-1.499672E+1	1.532700E+1	1.580800E+1	1.563548E+0	1.804870E+0	3.710000E+2	1.859000E-7	1.859722E-7	5.585272E-9	5.649305E-9	5.740457E-9	5.780139E-9	5.829810E-9	6.234199E-9	-1.181168E-11	6.362476E-9	5.941723E-9	5.932850E-9	5.907441E-9	6.141305E-9	6.301807E-9	-1.476718E-11	6.435203E-9	6.488674E-9	6.118269E-9	6.049946E-9	6.132014E-9	6.146735E-9	6.145923E-9	6.254112E-9	6.198079E-9	6.163521E-9	6.622647E-9	6.548475E-9	6.586655E-9	6.547832E-9	6.572372E-9	6.537748E-9	6.538437E-9	6.505399E-9
0:26:34	1	-1.499672E+1	1.533700E+1	1.580700E+1	1.566487E+0	1.807112E+0	3.720000E+2	1.930100E-7	1.927124E-7	5.784679E-9	5.856056E-9	5.940586E-9	5.983099E-9	6.034386E-9	6.446852E-9	-1.250672E-11	6.584168E-9	6.155086E-9	6.140319E-9	6.114384E-9	6.330627E-9	6.516414E-9	-1.628146E-11	6.718605E-9	6.711195E-9	6.340190E-9	6.275524E-9	6.363506E-9	6.380945E-9	6.380404E-9	6.485484E-9	6.425107E-9	6.381688E-9	6.877951E-9	6.791905E-9	6.827226E-9	6.787731E-9	6.811445E-9	6.776188E-9	6.772135E-9	6.747317E-9
0:26:47	1	-1.499694E+1	1.534000E+1	1.579200E+1	1.564815E+0	1.804832E+0	3.730000E+2	2.004100E-7	2.002143E-7	6.006536E-9	6.070689E-9	6.167579E-9	6.212828E-9	6.263543E-9	6.682697E-9	-1.067489E-11	6.816894E-9	6.386834E-9	6.377869E-9	6.356799E-9	6.581139E-9	6.758953E-9	-1.539780E-11	6.899389E-9	6.954855E-9	6.597396E-9	6.526779E-9	6.618051E-9	6.633585E-9	6.634128E-9	6.742052E-9	6.676396E-9	6.639571E-9	7.154440E-9	7.071890E-9	7.109471E-9	7.067139E-9	7.095289E-9	7.063862E-9	7.048359E-9	7.025324E-9
0:27:01	1	-1.499573E+1	1.532900E+1	1.580100E+1	1.562370E+0	1.803717E+0	3.740000E+2	2.082800E-7	2.077468E-7	6.226437E-9	6.298753E-9	6.384461E-9	6.436675E-9	6.497138E-9	6.917349E-9	-1.155939E-11	7.046258E-9	6.630053E-9	6.616113E-9	6.599148E-9	6.814096E-9	6.995413E-9	-1.552432E-11	7.148015E-9	7.208323E-9	6.856439E-9	6.776712E-9	6.875493E-9	6.892933E-9	6.889934E-9	6.995153E-9	6.937985E-9	6.890153E-9	7.435975E-9	7.351811E-9	7.390452E-9	7.348826E-9	7.367136E-9	7.328598E-9	7.324395E-9	7.293643E-9
0:27:14	1	-1.499626E+1	1.533100E+1	1.579900E+1	1.566208E+0	1.806669E+0	3.750000E+2	2.154800E-7	2.157476E-7	6.449936E-9	6.528014E-9	6.626562E-9	6.677226E-9	6.738650E-9	7.166521E-9	-1.143275E-11	7.301495E-9	6.880435E-9	6.868133E-9	6.836566E-9	7.064671E-9	7.253028E-9	-1.552432E-11	7.456754E-9	7.467804E-9	7.121500E-9	7.046660E-9	7.150447E-9	7.165131E-9	7.164923E-9	7.272444E-9	7.202860E-9	7.161569E-9	7.730939E-9	7.644732E-9	7.680337E-9	7.645456E-9	7.659441E-9	7.623369E-9	7.609212E-9	7.579754E-9
0:27:28	1	-1.499527E+1	1.537100E+1	1.582200E+1	1.565600E+0	1.805655E+0	3.760000E+2	2.243500E-7	2.241386E-7	6.693802E-9	6.778966E-9	6.882570E-9	6.935877E-9	7.003033E-9	7.429019E-9	-1.136993E-11	7.554004E-9	7.147615E-9	7.138291E-9	7.112742E-9	7.341579E-9	7.517738E-9	-1.584012E-11	7.628227E-9	7.747220E-9	7.413802E-9	7.325105E-9	7.424456E-9	7.454507E-9	7.442373E-9	7.565925E-9	7.489091E-9	7.443811E-9	8.060583E-9	7.959133E-9	8.005392E-9	7.960321E-9	7.976058E-9	7.932397E-9	7.921375E-9	7.880806E-9
0:27:41	1	-1.499733E+1	1.540500E+1	1.583400E+1	1.562509E+0	1.803514E+0	3.770000E+2	2.335400E-7	2.338955E-7	6.973235E-9	7.058228E-9	7.165759E-9	7.228704E-9	7.299918E-9	7.732814E-9	-1.320176E-11	7.862128E-9	7.450228E-9	7.437328E-9	7.413829E-9	7.630297E-9	7.833820E-9	-1.558708E-11	7.966041E-9	8.066951E-9	7.734042E-9	7.655789E-9	7.764102E-9	7.790399E-9	7.784752E-9	7.903248E-9	7.817656E-9	7.766905E-9	8.423270E-9	8.332071E-9	8.376353E-9	8.321151E-9	8.337384E-9	8.291546E-9	8.276377E-9	8.229914E-9
0:27:55	1	-1.499733E+1	1.537300E+1	1.584500E+1	1.565980E+0	1.806352E+0	3.780000E+2	2.433300E-7	2.436383E-7	7.254057E-9	7.349721E-9	7.457039E-9	7.518745E-9	7.593256E-9	8.026490E-9	-1.130710E-11	8.182237E-9	7.750242E-9	7.742875E-9	7.717763E-9	7.940042E-9	8.137740E-9	-1.382076E-11	8.303223E-9	8.376683E-9	8.063722E-9	7.982446E-9	8.098455E-9	8.122216E-9	8.112871E-9	8.237987E-9	8.146601E-9	8.089999E-9	8.788603E-9	8.695648E-9	8.738030E-9	8.673755E-9	8.700354E-9	8.649620E-9	8.634455E-9	8.578517E-9
0:28:08	1	-1.499634E+1	1.536800E+1	1.581900E+1	1.560951E+0	1.801956E+0	3.790000E+2	2.541800E-7	2.538478E-7	7.541625E-9	7.640901E-9	7.760392E-9	7.825620E-9	7.903825E-9	8.344620E-9	-1.162221E-11	8.487509E-9	8.068703E-9	8.058596E-9	8.039842E-9	8.280731E-9	8.468963E-9	-1.539780E-11	8.551788E-9	8.706543E-9	8.422228E-9	8.333082E-9	8.446040E-9	8.475977E-9	8.461248E-9	8.594085E-9	8.498359E-9	8.434245E-9	9.179345E-9	9.076433E-9	9.123007E-9	9.065863E-9	9.082390E-9	9.032658E-9	9.006266E-9	8.963965E-9
0:28:22	1	-1.499679E+1	1.534900E+1	1.581000E+1	1.566588E+0	1.806542E+0	3.800000E+2	2.661500E-7	2.659825E-7	7.881663E-9	7.992863E-9	8.110206E-9	8.188125E-9	8.264256E-9	8.710709E-9	-1.042260E-11	8.856382E-9	8.439777E-9	8.435239E-9	8.415161E-9	8.638346E-9	8.836922E-9	-1.464066E-11	9.066966E-9	9.100954E-9	8.828753E-9	8.735521E-9	8.867196E-9	8.880075E-9	8.875561E-9	9.010022E-9	8.907802E-9	8.837089E-9	9.642032E-9	9.534971E-9	9.581164E-9	9.514891E-9	9.535783E-9	9.476905E-9	9.453154E-9	9.389111E-9
0:28:35	1	-1.499710E+1	1.534700E+1	1.581100E+1	1.564371E+0	1.804160E+0	3.810000E+2	2.783800E-7	2.778834E-7	8.223340E-9	8.333349E-9	8.466344E-9	8.539241E-9	8.622535E-9	9.070512E-9	-1.231725E-11	9.241742E-9	8.811104E-9	8.807645E-9	8.786367E-9	9.027534E-9	9.218246E-9	-1.394628E-11	9.338649E-9	9.482708E-9	9.234707E-9	9.144314E-9	9.278776E-9	9.300034E-9	9.281924E-9	9.425139E-9	9.318256E-9	9.235086E-9	1.009476E-8	9.989175E-9	1.004330E-8	9.965187E-9	9.993407E-9	9.926982E-9	9.889881E-9	9.819384E-9
0:28:49	1	-1.499664E+1	1.534500E+1	1.583000E+1	1.564169E+0	1.805427E+0	3.820000E+2	2.914700E-7	2.908782E-7	8.583939E-9	8.700699E-9	8.838536E-9	8.916364E-9	9.011793E-9	9.460235E-9	-1.206496E-11	9.639849E-9	9.212475E-9	9.207099E-9	9.187859E-9	9.428593E-9	9.626175E-9	-1.388352E-11	9.823992E-9	9.902244E-9	9.672273E-9	9.584827E-9	9.725632E-9	9.742498E-9	9.730752E-9	9.864699E-9	9.761567E-9	9.668458E-9	1.059364E-8	1.047949E-8	1.052836E-8	1.046392E-8	1.047863E-8	1.039841E-8	1.037271E-8	1.029841E-8
0:29:02	1	-1.499710E+1	1.535900E+1	1.580600E+1	1.567475E+0	1.807087E+0	3.830000E+2	3.046900E-7	3.048289E-7	8.968121E-9	9.099006E-9	9.240689E-9	9.332978E-9	9.420882E-9	9.885349E-9	-1.155939E-11	1.005951E-8	9.648519E-9	9.638087E-9	9.622925E-9	9.858195E-9	1.005906E-8	-1.514575E-11	1.024865E-8	1.034646E-8	1.015254E-8	1.005687E-8	1.020209E-8	1.023455E-8	1.021599E-8	1.037046E-8	1.022055E-8	1.013387E-8	1.113451E-8	1.101579E-8	1.106930E-8	1.099412E-8	1.100761E-8	1.092757E-8	1.088765E-8	1.080371E-8
0:29:16	1	-1.499679E+1	1.535200E+1	1.581000E+1	1.564105E+0	1.804236E+0	3.840000E+2	3.207500E-7	3.211967E-7	9.421673E-9	9.556581E-9	9.716484E-9	9.804336E-9	9.906187E-9	1.037445E-8	-1.130710E-11	1.055775E-8	1.014187E-8	1.013682E-8	1.011957E-8	1.037854E-8	1.057917E-8	-1.432485E-11	1.074343E-8	1.086733E-8	1.071871E-8	1.061754E-8	1.077040E-8	1.080102E-8	1.077443E-8	1.093563E-8	1.078120E-8	1.068036E-8	1.177608E-8	1.164365E-8	1.171259E-8	1.162340E-8	1.163465E-8	1.154778E-8	1.149573E-8	1.140493E-8
0:29:29	1	-1.499550E+1	1.535600E+1	1.581500E+1	1.563408E+0	1.804426E+0	3.850000E+2	3.377700E-7	3.379961E-7	9.885503E-9	1.002595E-8	1.018823E-8	1.030113E-8	1.040416E-8	1.088386E-8	-1.257054E-11	1.106658E-8	1.065778E-8	1.065218E-8	1.065132E-8	1.087730E-8	1.110201E-8	-1.476718E-11	1.125703E-8	1.141806E-8	1.130160E-8	1.119143E-8	1.136156E-8	1.138629E-8	1.137066E-8	1.152530E-8	1.134810E-8	1.123093E-8	1.242497E-8	1.229832E-8	1.235929E-8	1.226510E-8	1.227225E-8	1.218263E-8	1.212489E-8	1.200906E-8
0:29:43	1	-1.499831E+1	1.535200E+1	1.580300E+1	1.566930E+0	1.806580E+0	3.855521E+2	3.481100E-7	3.481697E-7	1.015270E-8	1.031404E-8	1.049646E-8	1.059618E-8	1.069693E-8	1.119199E-8	-1.219161E-11	1.136665E-8	1.096984E-8	1.096486E-8	1.094988E-8	1.119670E-8	1.141346E-8	-1.432485E-11	1.157818E-8	1.172798E-8	1.164028E-8	1.153923E-8	1.171280E-8	1.174111E-8	1.171777E-8	1.187509E-8	1.170592E-8	1.157845E-8	1.282561E-8	1.269161E-8	1.276409E-8	1.266734E-8	1.266660E-8	1.256852E-8	1.249470E-8	1.239128E-8
0:29:56	1	-1.499580E+1	1.533400E+1	1.581400E+1	1.560115E+0	1.800943E+0	3.861042E+2	3.584900E-7	3.588594E-7	1.045068E-8	1.060623E-8	1.078515E-8	1.090002E-8	1.102024E-8	1.150886E-8	-1.212779E-11	1.169189E-8	1.128697E-8	1.128305E-8	1.126867E-8	1.153948E-8	1.173993E-8	-1.426209E-11	1.194691E-8	1.206315E-8	1.200993E-8	1.190428E-8	1.209106E-8	1.211104E-8	1.207870E-8	1.224498E-8	1.206987E-8	1.192999E-8	1.323521E-8	1.310832E-8	1.318342E-8	1.307819E-8	1.308198E-8	1.297411E-8	1.291154E-8	1.278199E-8
0:30:10	1	-1.499504E+1	1.533400E+1	1.580600E+1	1.565587E+0	1.805465E+0	3.866563E+2	3.701500E-7	3.701817E-7	1.076076E-8	1.092837E-8	1.110955E-8	1.122132E-8	1.135488E-8	1.183893E-8	-1.149657E-11	1.201225E-8	1.164080E-8	1.163251E-8	1.163052E-8	1.187802E-8	1.210333E-8	-1.666003E-11	1.222499E-8	1.242763E-8	1.240214E-8	1.229293E-8	1.249136E-8	1.250606E-8	1.248866E-8	1.265696E-8	1.245132E-8	1.231257E-8	1.369966E-8	1.355587E-8	1.362270E-8	1.352526E-8	1.352855E-8	1.340632E-8	1.332475E-8	1.318086E-8
0:30:23	1	-1.499527E+1	1.533700E+1	1.582200E+1	1.562801E+0	1.803692E+0	3.872083E+2	3.810600E-7	3.806063E-7	1.104316E-8	1.121986E-8	1.140772E-8	1.152933E-8	1.164619E-8	1.214682E-8	-1.206496E-11	1.233490E-8	1.195013E-8	1.195102E-8	1.194229E-8	1.219155E-8	1.242169E-8	-1.445137E-11	1.261874E-8	1.275053E-8	1.276122E-8	1.265358E-8	1.284298E-8	1.287003E-8	1.284606E-8	1.300858E-8	1.280693E-8	1.264630E-8	1.410245E-8	1.396014E-8	1.403729E-8	1.393319E-8	1.393080E-8	1.379994E-8	1.370453E-8	1.357485E-8
0:30:37	1	-1.499694E+1	1.535600E+1	1.581600E+1	1.565613E+0	1.806669E+0	3.877604E+2	3.949900E-7	3.945263E-7	1.140905E-8	1.159793E-8	1.179938E-8	1.192424E-8	1.204451E-8	1.255326E-8	-1.219161E-11	1.273662E-8	1.237344E-8	1.237828E-8	1.236496E-8	1.263429E-8	1.284495E-8	-1.514575E-11	1.302053E-8	1.318778E-8	1.325403E-8	1.313349E-8	1.332964E-8	1.335531E-8	1.332196E-8	1.349223E-8	1.328354E-8	1.311838E-8	1.467062E-8	1.451603E-8	1.459085E-8	1.447637E-8	1.447891E-8	1.433677E-8	1.423935E-8	1.408687E-8
0:30:50	1	-1.499694E+1	1.532400E+1	1.581200E+1	1.565803E+0	1.805756E+0	3.883125E+2	4.060300E-7	4.061631E-7	1.172424E-8	1.192530E-8	1.212865E-8	1.225365E-8	1.237998E-8	1.289452E-8	-1.136993E-11	1.308178E-8	1.271256E-8	1.272490E-8	1.271739E-8	1.299948E-8	1.320981E-8	-1.558708E-11	1.333301E-8	1.355213E-8	1.364662E-8	1.353247E-8	1.373757E-8	1.376361E-8	1.374119E-8	1.391302E-8	1.367195E-8	1.350354E-8	1.512801E-8	1.499196E-8	1.506296E-8	1.494028E-8	1.494241E-8	1.479027E-8	1.466849E-8	1.451828E-8
0:31:04	1	-1.499657E+1	1.536500E+1	1.581000E+1	1.563066E+0	1.803806E+0	3.888646E+2	4.222100E-7	4.220407E-7	1.215352E-8	1.235690E-8	1.256766E-8	1.270653E-8	1.283259E-8	1.335251E-8	-1.042260E-11	1.356194E-8	1.318601E-8	1.320006E-8	1.319659E-8	1.348491E-8	1.369546E-8	-1.495646E-11	1.384217E-8	1.405255E-8	1.421386E-8	1.408042E-8	1.430128E-8	1.433183E-8	1.427754E-8	1.446162E-8	1.421667E-8	1.404638E-8	1.578150E-8	1.560306E-8	1.569552E-8	1.556178E-8	1.554678E-8	1.539482E-8	1.526861E-8	1.509500E-8
0:31:17	1	-1.499520E+1	1.531300E+1	1.579900E+1	1.566170E+0	1.806744E+0	3.894167E+2	4.345600E-7	4.351046E-7	1.249324E-8	1.269209E-8	1.292714E-8	1.307106E-8	1.320981E-8	1.373538E-8	-1.269618E-11	1.394876E-8	1.357096E-8	1.359402E-8	1.359227E-8	1.386576E-8	1.408369E-8	-1.672279E-11	1.418714E-8	1.445526E-8	1.466955E-8	1.454882E-8	1.476936E-8	1.479373E-8	1.475735E-8	1.493872E-8	1.465695E-8	1.447339E-8	1.629224E-8	1.614129E-8	1.623236E-8	1.608698E-8	1.607690E-8	1.590611E-8	1.577696E-8	1.558669E-8
0:31:31	1	-1.499542E+1	1.533700E+1	1.579700E+1	1.565663E+0	1.805756E+0	3.899688E+2	4.507600E-7	4.510330E-7	1.290441E-8	1.312898E-8	1.336779E-8	1.352172E-8	1.366629E-8	1.417514E-8	-1.276000E-11	1.437528E-8	1.405062E-8	1.406267E-8	1.406622E-8	1.435567E-8	1.458245E-8	-1.363048E-11	1.473887E-8	1.494618E-8	1.520252E-8	1.509337E-8	1.534623E-8	1.536991E-8	1.530701E-8	1.549230E-8	1.521823E-8	1.499293E-8	1.693911E-8	1.677104E-8	1.686523E-8	1.672120E-8	1.670250E-8	1.653748E-8	1.636974E-8	1.618829E-8
0:31:44	1	-1.499672E+1	1.531900E+1	1.579700E+1	1.559963E+0	1.801158E+0	3.905209E+2	4.653400E-7	4.657025E-7	1.329263E-8	1.351336E-8	1.377121E-8	1.392745E-8	1.409395E-8	1.460755E-8	-1.276000E-11	1.482431E-8	1.448774E-8	1.450352E-8	1.451520E-8	1.479519E-8	1.502193E-8	-1.577637E-11	1.514548E-8	1.540141E-8	1.572460E-8	1.560828E-8	1.585230E-8	1.587194E-8	1.582923E-8	1.600518E-8	1.570603E-8	1.548252E-8	1.754745E-8	1.735801E-8	1.747025E-8	1.732079E-8	1.729349E-8	1.709521E-8	1.693731E-8	1.672752E-8
0:31:58	1	-1.499687E+1	1.536100E+1	1.581600E+1	1.564815E+0	1.805085E+0	3.910730E+2	4.860400E-7	4.861187E-7	1.381852E-8	1.405322E-8	1.431521E-8	1.449209E-8	1.465008E-8	1.519660E-8	-1.174886E-11	1.538487E-8	1.508295E-8	1.512150E-8	1.511706E-8	1.541575E-8	1.565295E-8	-1.369424E-11	1.575308E-8	1.602411E-8	1.644047E-8	1.632642E-8	1.658582E-8	1.661400E-8	1.654308E-8	1.672631E-8	1.639772E-8	1.615571E-8	1.838095E-8	1.820330E-8	1.829925E-8	1.815193E-8	1.811597E-8	1.791344E-8	1.772364E-8	1.748816E-8
0:32:11	1	-1.499679E+1	1.532900E+1	1.582300E+1	1.563320E+0	1.804882E+0	3.916250E+2	5.032000E-7	5.030862E-7	1.424994E-8	1.449478E-8	1.478323E-8	1.495345E-8	1.512519E-8	1.566138E-8	-1.276000E-11	1.587164E-8	1.558106E-8	1.561176E-8	1.563666E-8	1.593282E-8	1.615799E-8	-1.344119E-11	1.634205E-8	1.653313E-8	1.702324E-8	1.691340E-8	1.717794E-8	1.723657E-8	1.712688E-8	1.732978E-8	1.698137E-8	1.671705E-8	1.907688E-8	1.889799E-8	1.901136E-8	1.882889E-8	1.880225E-8	1.856412E-8	1.836810E-8	1.812155E-8
0:32:25	1	-1.499687E+1	1.533600E+1	1.581600E+1	1.566943E+0	1.807150E+0	3.921771E+2	5.261500E-7	5.261944E-7	1.484324E-8	1.510665E-8	1.540334E-8	1.559783E-8	1.577129E-8	1.632680E-8	-1.105382E-11	1.653544E-8	1.625405E-8	1.629358E-8	1.630674E-8	1.660788E-8	1.685723E-8	-1.514575E-11	1.704891E-8	1.724443E-8	1.786936E-8	1.772218E-8	1.801918E-8	1.804884E-8	1.795216E-8	1.814603E-8	1.775931E-8	1.748730E-8	2.004324E-8	1.982059E-8	1.996329E-8	1.978013E-8	1.971283E-8	1.947740E-8	1.924714E-8	1.897424E-8
0:32:38	1	-1.499694E+1	1.534900E+1	1.581600E+1	1.564333E+0	1.804376E+0	3.927292E+2	5.454000E-7	5.453969E-7	1.532845E-8	1.561088E-8	1.590999E-8	1.612381E-8	1.630152E-8	1.685972E-8	-1.257054E-11	1.707940E-8	1.681985E-8	1.685854E-8	1.686813E-8	1.721039E-8	1.742535E-8	-1.217996E-11	1.755833E-8	1.782162E-8	1.852441E-8	1.841451E-8	1.870275E-8	1.874451E-8	1.863635E-8	1.885482E-8	1.840886E-8	1.810925E-8	2.083172E-8	2.064535E-8	2.075983E-8	2.057201E-8	2.051624E-8	2.024892E-8	1.999077E-8	1.968537E-8
0:32:52	1	-1.499672E+1	1.532600E+1	1.580800E+1	1.563510E+0	1.804933E+0	3.932813E+2	5.687100E-7	5.693393E-7	1.591620E-8	1.621392E-8	1.654249E-8	1.676275E-8	1.695427E-8	1.752074E-8	-1.143275E-11	1.775367E-8	1.749334E-8	1.754066E-8	1.757748E-8	1.791678E-8	1.813853E-8	-1.495646E-11	1.828146E-8	1.854379E-8	1.938187E-8	1.924645E-8	1.956616E-8	1.961684E-8	1.948795E-8	1.968052E-8	1.923666E-8	1.892275E-8	2.184802E-8	2.165776E-8	2.177534E-8	2.157707E-8	2.149218E-8	2.120858E-8	2.091942E-8	2.059202E-8
0:33:05	1	-1.499596E+1	1.537600E+1	1.582000E+1	1.566981E+0	1.807213E+0	3.938334E+2	5.915700E-7	5.918720E-7	1.646605E-8	1.678872E-8	1.711196E-8	1.737903E-8	1.757288E-8	1.814417E-8	-1.257054E-11	1.836142E-8	1.814554E-8	1.818992E-8	1.825180E-8	1.857681E-8	1.882150E-8	-1.236924E-11	1.896736E-8	1.920541E-8	2.016305E-8	2.003911E-8	2.039008E-8	2.042303E-8	2.031159E-8	2.050673E-8	2.001365E-8	1.966146E-8	2.282258E-8	2.259883E-8	2.273605E-8	2.252357E-8	2.243629E-8	2.208041E-8	2.179494E-8	2.141299E-8
0:33:19	1	-1.499603E+1	1.533800E+1	1.582200E+1	1.564473E+0	1.804680E+0	3.943855E+2	6.228700E-7	6.234137E-7	1.724457E-8	1.758470E-8	1.793574E-8	1.819910E-8	1.842286E-8	1.900578E-8	-1.092817E-11	1.922986E-8	1.904736E-8	1.911149E-8	1.913894E-8	1.949190E-8	1.973877E-8	-1.482994E-11	1.987692E-8	2.013980E-8	2.130356E-8	2.118757E-8	2.152927E-8	2.156894E-8	2.141660E-8	2.163599E-8	2.108724E-8	2.066776E-8	2.417704E-8	2.395334E-8	2.410686E-8	2.387135E-8	2.374273E-8	2.337501E-8	2.305595E-8	2.259252E-8
0:33:32	1	-1.499596E+1	1.537100E+1	1.581800E+1	1.562978E+0	1.804097E+0	3.949376E+2	6.493600E-7	6.498857E-7	1.788592E-8	1.824341E-8	1.862936E-8	1.890297E-8	1.913143E-8	1.971168E-8	-1.162221E-11	1.996266E-8	1.979267E-8	1.986174E-8	1.990595E-8	2.024780E-8	2.052885E-8	-1.293710E-11	2.069209E-8	2.092779E-8	2.223318E-8	2.210819E-8	2.250399E-8	2.252590E-8	2.239522E-8	2.255606E-8	2.199958E-8	2.153709E-8	2.531156E-8	2.508051E-8	2.521576E-8	2.500152E-8	2.487943E-8	2.446050E-8	2.406972E-8	2.360767E-8
0:33:46	1	-1.499596E+1	1.534400E+1	1.583700E+1	1.566195E+0	1.806643E+0	3.954897E+2	6.869100E-7	6.873661E-7	1.878912E-8	1.915567E-8	1.956831E-8	1.987809E-8	2.011966E-8	2.072723E-8	-1.061206E-11	2.094391E-8	2.082615E-8	2.092468E-8	2.096482E-8	2.135316E-8	2.161315E-8	-1.508199E-11	2.184895E-8	2.202616E-8	2.358301E-8	2.348481E-8	2.388141E-8	2.390476E-8	2.374448E-8	2.389382E-8	2.324447E-8	2.277905E-8	2.695247E-8	2.671795E-8	2.688322E-8	2.659168E-8	2.643253E-8	2.597428E-8	2.556750E-8	2.501734E-8
0:33:59	1	-1.499618E+1	1.533600E+1	1.581900E+1	1.564637E+0	1.805959E+0	3.960417E+2	7.187100E-7	7.190321E-7	1.952954E-8	1.993677E-8	2.036997E-8	2.067506E-8	2.095076E-8	2.157601E-8	-1.048542E-11	2.178496E-8	2.171136E-8	2.182047E-8	2.189552E-8	2.228031E-8	2.256754E-8	-1.161111E-11	2.269631E-8	2.293966E-8	2.472415E-8	2.462509E-8	2.504793E-8	2.508145E-8	2.486280E-8	2.504872E-8	2.434687E-8	2.379497E-8	2.833417E-8	2.810167E-8	2.827304E-8	2.795852E-8	2.780325E-8	2.728605E-8	2.681070E-8	2.622054E-8
0:34:13	1	-1.499634E+1	1.532900E+1	1.581000E+1	1.566246E+0	1.806060E+0	3.965938E+2	7.587600E-7	7.589009E-7	2.045437E-8	2.090464E-8	2.135500E-8	2.170238E-8	2.197833E-8	2.262424E-8	-1.162221E-11	2.282582E-8	2.279435E-8	2.290287E-8	2.302141E-8	2.343291E-8	2.368827E-8	-1.489271E-11	2.377392E-8	2.408556E-8	2.618244E-8	2.606414E-8	2.651347E-8	2.653893E-8	2.630577E-8	2.648305E-8	2.570973E-8	2.509345E-8	3.014967E-8	2.991466E-8	3.006798E-8	2.971880E-8	2.951719E-8	2.897389E-8	2.841022E-8	2.773992E-8
0:34:26	1	-1.499687E+1	1.533700E+1	1.582300E+1	1.563801E+0	1.804135E+0	3.971459E+2	8.086200E-7	8.094324E-7	2.160547E-8	2.205996E-8	2.257815E-8	2.295786E-8	2.326458E-8	2.392133E-8	-1.149657E-11	2.414773E-8	2.419687E-8	2.431287E-8	2.441026E-8	2.484518E-8	2.513908E-8	-1.293710E-11	2.524009E-8	2.551479E-8	2.798022E-8	2.789952E-8	2.839526E-8	2.841793E-8	2.815037E-8	2.829213E-8	2.743729E-8	2.673926E-8	3.245781E-8	3.217922E-8	3.237159E-8	3.199358E-8	3.172802E-8	3.107974E-8	3.044578E-8	2.969490E-8
0:34:40	1	-1.499550E+1	1.531600E+1	1.581000E+1	1.565397E+0	1.806453E+0	3.976980E+2	8.519300E-7	8.528506E-7	2.258125E-8	2.308546E-8	2.362355E-8	2.400709E-8	2.435246E-8	2.502224E-8	-1.004367E-11	2.522823E-8	2.534330E-8	2.550675E-8	2.562093E-8	2.606938E-8	2.635147E-8	-1.476718E-11	2.641740E-8	2.674189E-8	2.958390E-8	2.950159E-8	3.004511E-8	3.001922E-8	2.972421E-8	2.989786E-8	2.891773E-8	2.816427E-8	3.443435E-8	3.414966E-8	3.439226E-8	3.401795E-8	3.365715E-8	3.292295E-8	3.217770E-8	3.131812E-8
0:34:53	1	-1.499672E+1	1.536100E+1	1.581100E+1	1.566183E+0	1.806225E+0	3.982501E+2	9.181000E-7	9.195035E-7	2.402755E-8	2.457111E-8	2.517976E-8	2.564767E-8	2.597469E-8	2.667121E-8	-1.017031E-11	2.689072E-8	2.710498E-8	2.730414E-8	2.742841E-8	2.791170E-8	2.823592E-8	-1.407280E-11	2.831450E-8	2.857085E-8	3.195672E-8	3.192528E-8	3.255574E-8	3.257659E-8	3.219583E-8	3.230448E-8	3.117581E-8	3.028732E-8	3.758704E-8	3.729845E-8	3.751760E-8	3.705288E-8	3.662581E-8	3.580940E-8	3.490156E-8	3.392401E-8
0:35:07	1	-1.499657E+1	1.535700E+1	1.580500E+1	1.563117E+0	1.803603E+0	3.988022E+2	9.753000E-7	9.749881E-7	2.518848E-8	2.580418E-8	2.644033E-8	2.696042E-8	2.733361E-8	2.803789E-8	-1.143275E-11	2.826266E-8	2.853977E-8	2.874643E-8	2.891141E-8	2.940637E-8	2.973329E-8	-1.438861E-11	2.989083E-8	3.008281E-8	3.402514E-8	3.399750E-8	3.463456E-8	3.466504E-8	3.425080E-8	3.433988E-8	3.303783E-8	3.208627E-8	4.024211E-8	3.993839E-8	4.019072E-8	3.963088E-8	3.920706E-8	3.819412E-8	3.717031E-8	3.606482E-8
0:35:20	1	-1.499672E+1	1.532400E+1	1.579900E+1	1.565005E+0	1.806086E+0	3.993543E+2	1.046400E-6	1.047525E-6	2.668346E-8	2.736456E-8	2.805028E-8	2.865871E-8	2.899999E-8	2.976387E-8	-1.288565E-11	2.994019E-8	3.040286E-8	3.063690E-8	3.087057E-8	3.136254E-8	3.171619E-8	-1.476718E-11	3.176145E-8	3.202835E-8	3.668627E-8	3.669598E-8	3.744438E-8	3.743412E-8	3.694921E-8	3.697220E-8	3.555332E-8	3.437607E-8	4.373112E-8	4.348537E-8	4.376065E-8	4.312593E-8	4.261136E-8	4.142304E-8	4.019442E-8	3.886882E-8
0:35:34	1	-1.499474E+1	1.538900E+1	1.582800E+1	1.566917E+0	1.806440E+0	3.999064E+2	1.117900E-6	1.119336E-6	2.817094E-8	2.887248E-8	2.964164E-8	3.023132E-8	3.069730E-8	3.144509E-8	-9.159162E-12	3.165095E-8	3.222615E-8	3.248504E-8	3.273798E-8	3.328808E-8	3.364999E-8	-1.382076E-11	3.364784E-8	3.388124E-8	3.938991E-8	3.942555E-8	4.020665E-8	4.017862E-8	3.960060E-8	3.959035E-8	3.798256E-8	3.664214E-8	4.730885E-8	4.703963E-8	4.730917E-8	4.664155E-8	4.595593E-8	4.464114E-8	4.316459E-8	4.165586E-8
0:35:47	1	-1.500006E+1	1.535200E+1	1.579900E+1	1.560039E+0	1.801095E+0	4.004584E+2	1.225000E-6	1.227074E-6	3.025494E-8	3.105708E-8	3.190368E-8	3.261785E-8	3.305737E-8	3.391814E-8	-1.092817E-11	3.403870E-8	3.480953E-8	3.515609E-8	3.546143E-8	3.613093E-8	3.648098E-8	-1.527127E-11	3.641959E-8	3.667807E-8	4.342989E-8	4.351053E-8	4.436121E-8	4.428756E-8	4.361647E-8	4.357745E-8	4.163919E-8	4.000218E-8	5.288702E-8	5.256326E-8	5.291271E-8	5.203953E-8	5.115051E-8	4.951317E-8	4.773290E-8	4.589175E-8
0:36:01	1	-1.499603E+1	1.533200E+1	1.580000E+1	1.565625E+0	1.805465E+0	4.010105E+2	1.324800E-6	1.326158E-6	3.208945E-8	3.298089E-8	3.387835E-8	3.466201E-8	3.522002E-8	3.606552E-8	-1.193832E-11	3.619183E-8	3.718727E-8	3.759535E-8	3.795550E-8	3.859848E-8	3.901477E-8	-1.388352E-11	3.892157E-8	3.905125E-8	4.711789E-8	4.729214E-8	4.826027E-8	4.827734E-8	4.738316E-8	4.722640E-8	4.494210E-8	4.310019E-8	5.803221E-8	5.778612E-8	5.821172E-8	5.716905E-8	5.609485E-8	5.409828E-8	5.195793E-8	4.982146E-8
0:36:14	1	-1.499657E+1	1.536000E+1	1.581900E+1	1.563662E+0	1.804756E+0	4.015626E+2	1.477200E-6	1.477675E-6	3.480383E-8	3.578910E-8	3.688528E-8	3.777710E-8	3.833282E-8	3.926503E-8	-1.206496E-11	3.935227E-8	4.062562E-8	4.114223E-8	4.161610E-8	4.235358E-8	4.284753E-8	-1.710136E-11	4.261537E-8	4.275164E-8	5.290047E-8	5.319236E-8	5.426921E-8	5.416442E-8	5.306891E-8	5.278836E-8	4.995615E-8	4.771446E-8	6.636248E-8	6.599793E-8	6.660267E-8	6.528204E-8	6.376737E-8	6.119042E-8	5.853106E-8	5.575800E-8
