APD#	0010	Started	03/06/07 20:31	Sense_ohms	1.004464E+6	1.004628E+6	1.002105E+6	1.000924E+6	9.998282E+5	1.007735E+6	1.002821E+6	9.989270E+5	9.993226E+5	1.002376E+6	1.001862E+6	1.003102E+6	1.000030E+6	1.003780E+6	1.000011E+6	1.000898E+6	9.999006E+5	1.006439E+6	1.005624E+6	1.010450E+6	1.003884E+6	1.005600E+6	1.002519E+6	1.006362E+6	1.004620E+6	1.008599E+6	1.003214E+6	1.000475E+6	1.003139E+6	9.996927E+5	1.009944E+6	1.000506E+6	
ElapTime	Shutter_Open	DegC	BiasV	KE237_Amps	Pixel_Sum	A1	A2	A3	A4	A5	A6	A7	A8	B1	B2	B3	B4	B5	B6	B7	B8	C1	C2	C3	C4	C5	C6	C7	C8	D1	D2	D3	D4	D5	D6	D7	D8
   0:00:00	0	2.942700E+1	0.000000E+0	1.780000E-12	-3.029514E-10	-3.657672E-12	-8.953563E-12	-6.700895E-12	-8.859814E-12	-1.013674E-11	-7.542658E-12	-7.453972E-12	-9.512207E-12	-9.634526E-12	-8.088781E-12	-9.863634E-12	-9.093791E-12	-1.013470E-11	-8.582558E-12	-8.867902E-12	-1.202520E-11	-1.241723E-11	-1.120286E-11	-1.222027E-11	-1.153446E-11	-9.212220E-12	-1.033115E-11	-1.010953E-11	-9.693331E-12	-1.160140E-11	-8.541551E-12	-8.966183E-12	-9.623429E-12	-9.345664E-12	-9.757999E-12	-9.408442E-12	-9.877002E-12
   0:00:09	0	2.937900E+1	5.000000E+1	1.329100E-9	4.806664E-10	2.535183E-11	1.336714E-11	1.580274E-11	1.063218E-11	1.191105E-11	1.106342E-11	1.149657E-11	1.306302E-11	2.522809E-11	2.325574E-11	1.277222E-11	1.111452E-11	1.254162E-11	1.110702E-11	1.380885E-11	9.999021E-12	9.755970E-12	2.618241E-11	7.558491E-12	9.152358E-12	3.760793E-11	1.108691E-11	1.074194E-11	1.321791E-11	1.879019E-11	9.545915E-12	2.563561E-11	2.545291E-11	9.597872E-12	9.250843E-12	1.254426E-11	1.202991E-11
   0:00:18	0	2.938000E+1	1.000000E+2	1.676600E-9	7.346712E-10	3.544179E-11	2.042945E-11	1.415919E-11	1.835304E-11	1.862620E-11	2.011441E-11	1.061206E-11	2.105259E-11	3.752542E-11	3.248182E-11	2.010656E-11	2.184922E-11	2.039639E-11	2.221303E-11	2.267675E-11	2.050559E-11	1.824481E-11	3.574981E-11	1.826726E-11	1.642437E-11	4.669364E-11	2.091289E-11	1.440671E-11	2.265984E-11	2.988692E-11	1.733395E-11	2.879246E-11	3.672256E-11	1.957555E-11	2.015019E-11	1.154024E-11	2.076649E-11
   0:00:27	0	2.938100E+1	1.500000E+2	1.995600E-9	1.113129E-9	4.654124E-11	2.900477E-11	3.362821E-11	2.847869E-11	3.015718E-11	2.866329E-11	3.170955E-11	3.335479E-11	4.830172E-11	4.474169E-11	3.237272E-11	3.132184E-11	3.179805E-11	3.319353E-11	3.331863E-11	3.037872E-11	2.888787E-11	4.581997E-11	2.645621E-11	2.695631E-11	5.843006E-11	3.187351E-11	3.121337E-11	3.398976E-11	3.997631E-11	2.713169E-11	4.520970E-11	4.773932E-11	2.930003E-11	2.952807E-11	3.110965E-11	3.254253E-11
   0:00:36	0	2.938200E+1	2.000000E+2	2.560800E-9	1.664118E-9	6.255874E-11	4.602898E-11	5.044282E-11	4.442695E-11	4.637597E-11	4.588706E-11	4.750100E-11	5.073043E-11	6.833229E-11	6.496464E-11	4.817929E-11	4.723548E-11	4.763357E-11	4.871785E-11	5.156243E-11	4.949156E-11	4.561253E-11	6.344349E-11	4.384144E-11	4.338166E-11	7.786557E-11	4.862967E-11	4.928485E-11	5.173983E-11	5.788358E-11	4.358620E-11	6.301547E-11	6.597366E-11	4.622291E-11	4.600214E-11	4.691547E-11	5.065037E-11
   0:00:46	0	2.938300E+1	2.500000E+2	3.105700E-9	2.177971E-9	8.147828E-11	6.053086E-11	6.447628E-11	6.050210E-11	5.892112E-11	5.921299E-11	6.190337E-11	6.671058E-11	8.798260E-11	8.278530E-11	6.335403E-11	6.466441E-11	6.524304E-11	6.512582E-11	6.841125E-11	6.873128E-11	6.145111E-11	7.905198E-11	5.921100E-11	6.143599E-11	9.603799E-11	6.450378E-11	6.621820E-11	6.999370E-11	7.566443E-11	5.551959E-11	7.741220E-11	8.180314E-11	5.998969E-11	5.981638E-11	6.322331E-11	6.660530E-11
   0:00:55	0	2.938400E+1	3.000000E+2	3.649900E-9	2.686788E-9	1.030450E-10	7.478091E-11	7.901467E-11	7.353905E-11	7.311256E-11	7.379619E-11	7.655803E-11	8.294400E-11	1.143515E-10	1.055352E-10	7.701061E-11	7.792627E-11	7.816566E-11	7.913487E-11	8.386808E-11	8.379375E-11	7.564152E-11	9.629794E-11	7.256490E-11	7.547825E-11	1.144634E-10	8.075577E-11	8.100395E-11	8.749237E-11	9.470646E-11	6.958762E-11	9.521797E-11	9.851820E-11	7.249245E-11	7.426282E-11	7.764886E-11	8.407946E-11
   0:01:04	0	2.938500E+1	3.500000E+2	4.337800E-9	3.387861E-9	1.446672E-10	9.394920E-11	9.835796E-11	8.872702E-11	9.186578E-11	9.353352E-11	9.437078E-11	1.033629E-10	1.606248E-10	1.387753E-10	9.534646E-11	9.649168E-11	9.818205E-11	9.882444E-11	1.028709E-10	1.054383E-10	9.388633E-11	1.208439E-10	9.398244E-11	9.190361E-11	1.398289E-10	1.005350E-10	1.009707E-10	1.088942E-10	1.167755E-10	8.918311E-11	1.192119E-10	1.210575E-10	9.257341E-11	9.454005E-11	9.495972E-11	1.033267E-10
   0:01:13	0	2.938600E+1	4.000000E+2	6.088000E-9	5.190265E-9	2.797492E-10	1.379605E-10	1.461454E-10	1.320150E-10	1.384958E-10	1.366550E-10	1.377035E-10	1.488938E-10	2.995709E-10	2.280063E-10	1.421343E-10	1.423375E-10	1.442957E-10	1.474168E-10	1.486054E-10	1.554354E-10	1.450744E-10	1.784967E-10	1.397133E-10	1.406759E-10	2.034339E-10	1.477794E-10	1.488650E-10	1.592489E-10	1.837381E-10	1.336488E-10	1.788183E-10	1.799405E-10	1.500360E-10	1.402891E-10	1.425030E-10	1.525838E-10
   0:01:22	0	2.938600E+1	4.100000E+2	6.585900E-9	5.942296E-9	3.361275E-10	1.593983E-10	1.672579E-10	1.510015E-10	1.529403E-10	1.540038E-10	1.557686E-10	1.700735E-10	3.708182E-10	2.640277E-10	1.618616E-10	1.627980E-10	1.649451E-10	1.655911E-10	1.688751E-10	1.754345E-10	1.666136E-10	2.037987E-10	1.594920E-10	1.597338E-10	2.253926E-10	1.679366E-10	1.690851E-10	1.807759E-10	2.050497E-10	1.544995E-10	2.031909E-10	2.055194E-10	1.587507E-10	1.599311E-10	1.644547E-10	1.771494E-10
   0:01:31	0	2.938600E+1	4.200000E+2	7.749900E-9	7.120346E-9	4.447228E-10	1.889067E-10	1.973476E-10	1.784671E-10	1.803100E-10	1.819129E-10	1.843200E-10	2.002579E-10	4.854238E-10	3.139511E-10	1.905662E-10	1.907094E-10	1.935762E-10	1.955030E-10	2.000408E-10	2.083439E-10	1.996828E-10	2.424429E-10	1.890975E-10	1.904518E-10	2.627475E-10	1.977953E-10	1.991613E-10	2.122487E-10	2.428819E-10	1.862792E-10	2.398132E-10	2.412294E-10	1.889349E-10	1.914868E-10	1.931810E-10	2.085525E-10
   0:01:40	0	2.938700E+1	4.300000E+2	9.864000E-9	9.287101E-9	6.746514E-10	2.408623E-10	2.489280E-10	2.266915E-10	2.266869E-10	2.309427E-10	2.329588E-10	2.521295E-10	7.174230E-10	4.028029E-10	2.440566E-10	2.431238E-10	2.452636E-10	2.481341E-10	2.531232E-10	2.651769E-10	2.568255E-10	3.060126E-10	2.456634E-10	2.448661E-10	3.267310E-10	2.510869E-10	2.542595E-10	2.720452E-10	3.157721E-10	2.436826E-10	3.039651E-10	3.070771E-10	2.429883E-10	2.431927E-10	2.495049E-10	2.704721E-10
   0:01:48	0	2.938800E+1	4.400000E+2	1.558800E-8	1.500633E-8	1.442889E-9	3.648246E-10	3.732024E-10	3.398480E-10	3.381931E-10	3.419510E-10	3.481748E-10	3.812381E-10	1.490374E-9	5.853093E-10	3.746843E-10	3.692954E-10	3.665020E-10	3.747255E-10	3.850058E-10	4.056767E-10	4.181176E-10	4.627315E-10	3.839904E-10	3.800247E-10	4.753936E-10	3.885352E-10	3.918779E-10	4.252525E-10	5.095987E-10	3.911485E-10	4.634614E-10	4.559934E-10	3.769856E-10	3.814532E-10	3.926346E-10	4.272348E-10
   0:01:57	0	2.938800E+1	4.410000E+2	1.672600E-8	1.625480E-8	1.635989E-9	3.919381E-10	3.972228E-10	3.582010E-10	3.625213E-10	3.635747E-10	3.712936E-10	4.055892E-10	1.694103E-9	6.126094E-10	3.993424E-10	3.939231E-10	3.970341E-10	3.999681E-10	4.133845E-10	4.340292E-10	4.560013E-10	4.984813E-10	4.125886E-10	4.064803E-10	5.061860E-10	4.109606E-10	4.167731E-10	4.594937E-10	5.561327E-10	4.236808E-10	4.941488E-10	4.847377E-10	4.084329E-10	4.075592E-10	4.201065E-10	4.623101E-10
   0:02:06	0	2.938800E+1	4.420000E+2	1.827800E-8	1.776336E-8	1.886477E-9	4.228341E-10	4.236452E-10	3.845277E-10	3.858363E-10	3.899745E-10	3.961814E-10	4.348856E-10	1.937131E-9	6.461029E-10	4.337384E-10	4.262558E-10	4.259182E-10	4.265985E-10	4.397352E-10	4.685842E-10	5.068094E-10	5.371264E-10	4.497526E-10	4.392043E-10	5.378629E-10	4.457319E-10	4.541789E-10	4.971352E-10	6.082141E-10	4.593540E-10	5.334226E-10	5.227267E-10	4.393738E-10	4.443105E-10	4.532231E-10	5.065027E-10
   0:02:14	0	2.938800E+1	4.430000E+2	2.028200E-8	1.978602E-8	2.228912E-9	4.653314E-10	4.630892E-10	4.189559E-10	4.180208E-10	4.246732E-10	4.256173E-10	4.759767E-10	2.281709E-9	7.091710E-10	4.733187E-10	4.645240E-10	4.635441E-10	4.626950E-10	4.816687E-10	5.140254E-10	5.611648E-10	5.845829E-10	4.961139E-10	4.817081E-10	5.779941E-10	4.868029E-10	4.973981E-10	5.477423E-10	6.872837E-10	5.122363E-10	5.740859E-10	5.676804E-10	4.853455E-10	4.885391E-10	5.047795E-10	5.613310E-10
   0:02:23	0	2.938800E+1	4.440000E+2	2.335300E-8	2.280253E-8	2.824483E-9	5.244747E-10	5.103717E-10	4.635097E-10	4.633836E-10	4.655311E-10	4.733706E-10	5.253127E-10	2.842818E-9	7.695855E-10	5.336374E-10	5.137803E-10	5.124446E-10	5.181026E-10	5.355111E-10	5.736429E-10	6.597386E-10	6.568376E-10	5.635138E-10	5.431441E-10	6.374342E-10	5.467711E-10	5.613420E-10	6.259189E-10	7.908174E-10	5.873504E-10	6.446790E-10	6.296019E-10	5.436923E-10	5.501291E-10	5.725189E-10	6.390796E-10
   0:02:32	0	2.938800E+1	4.450000E+2	4.548000E-8	2.872869E-8	4.255518E-9	9.121257E-10	1.495338E-9	5.242646E-10	5.424522E-10	4.769716E-10	5.312314E-10	5.868227E-10	3.682452E-9	8.516116E-10	6.071066E-10	4.958459E-10	5.599512E-10	5.669469E-10	6.117783E-10	6.695877E-10	8.402895E-10	7.645898E-10	6.411184E-10	6.147360E-10	7.097463E-10	6.200945E-10	6.547297E-10	7.169368E-10	9.668631E-10	6.841956E-10	7.333301E-10	7.368570E-10	6.326033E-10	6.341499E-10	6.585722E-10	7.498766E-10
   0:02:43	0	2.938800E+1	4.460000E+2	2.552900E-7	2.286851E-7	1.987756E-7	8.904351E-10	1.350077E-9	5.790699E-10	3.280564E-10	7.843501E-10	6.228230E-10	8.485915E-10	5.298971E-9	9.838155E-10	6.919576E-10	8.401339E-10	6.856244E-10	6.667816E-10	8.061181E-10	7.679364E-10	1.186694E-9	9.238275E-10	8.615854E-10	6.571142E-10	7.410438E-10	7.249135E-10	7.794585E-10	9.918777E-10	1.016928E-9	6.026746E-10	8.639074E-10	1.102690E-9	8.872100E-10	6.523995E-10	8.008236E-10	9.715984E-10
   0:02:52	0	2.938900E+1	4.470000E+2	9.878000E-7	8.347659E-7	6.594612E-7	-4.654077E-9	-1.347677E-9	9.413212E-10	3.384461E-10	7.467608E-10	2.045340E-10	2.703921E-10	4.577608E-8	1.435531E-9	9.807788E-10	2.724249E-10	4.751987E-10	8.116729E-10	9.727133E-10	1.137286E-9	6.755393E-9	1.833808E-9	7.478242E-10	1.019335E-9	5.388720E-10	1.179590E-9	4.674475E-10	1.024231E-9	1.067302E-7	1.580671E-9	8.256434E-10	-4.381419E-11	1.425851E-9	9.401999E-10	1.178907E-9	7.391140E-10
   0:03:03	0	2.939400E+1	4.480000E+2	2.554600E-6	2.752003E-6	1.523570E-6	9.014159E-8	3.418622E-9	5.866649E-10	9.467877E-10	1.340272E-9	1.916856E-9	2.076138E-10	3.387141E-7	6.434864E-8	3.496460E-10	6.932495E-10	6.386238E-10	1.305418E-9	1.232043E-9	1.400817E-9	8.783580E-8	7.532450E-8	3.935402E-9	2.691900E-9	1.555914E-9	1.503622E-9	4.349703E-10	1.954802E-9	4.779957E-7	5.129240E-8	9.162028E-9	4.625773E-10	1.358537E-9	4.686683E-9	4.277584E-10	5.699416E-10
   0:03:13	0	2.940800E+1	4.490000E+2	7.462000E-6	8.097521E-6	2.147990E-6	5.468378E-7	2.402582E-7	2.577785E-8	3.942883E-9	2.380207E-9	2.999660E-9	2.216790E-9	8.179799E-7	5.074634E-7	9.740806E-8	1.063682E-8	2.949377E-9	5.075006E-10	4.269907E-9	2.709109E-9	4.282897E-7	7.915812E-7	1.379671E-7	8.560492E-8	2.942208E-8	1.061406E-8	9.204648E-9	1.097941E-8	1.257991E-6	4.336082E-7	2.539939E-7	1.622973E-7	3.427049E-8	1.226785E-8	7.081351E-9	1.602032E-8
   0:03:24	0	2.944800E+1	4.500000E+2	1.999200E-5	2.032612E-5	2.839240E-6	1.127852E-6	8.170022E-7	4.756556E-7	2.066987E-7	1.953215E-7	5.881712E-8	1.189847E-7	1.573152E-6	1.093757E-6	3.356348E-7	1.899195E-7	2.025444E-7	1.055945E-7	5.079147E-8	6.276147E-8	9.571258E-7	1.388822E-6	5.422026E-7	6.034653E-7	4.014538E-7	3.602292E-7	3.548034E-7	3.848194E-7	1.900813E-6	9.288672E-7	8.065119E-7	5.767728E-7	4.291642E-7	2.701583E-7	3.683322E-7	5.988546E-7
