APD#	0008	Started	03/06/07 18:57	Sense_ohms	1.004464E+6	1.004628E+6	1.002105E+6	1.000924E+6	9.998282E+5	1.007735E+6	1.002821E+6	9.989270E+5	9.993226E+5	1.002376E+6	1.001862E+6	1.003102E+6	1.000030E+6	1.003780E+6	1.000011E+6	1.000898E+6	9.999006E+5	1.006439E+6	1.005624E+6	1.010450E+6	1.003884E+6	1.005600E+6	1.002519E+6	1.006362E+6	1.004620E+6	1.008599E+6	1.003214E+6	1.000475E+6	1.003139E+6	9.996927E+5	1.009944E+6	1.000506E+6	
ElapTime	Shutter_Open	DegC	BiasV	KE237_Amps	Pixel_Sum	A1	A2	A3	A4	A5	A6	A7	A8	B1	B2	B3	B4	B5	B6	B7	B8	C1	C2	C3	C4	C5	C6	C7	C8	D1	D2	D3	D4	D5	D6	D7	D8
   0:00:00	0	2.659000E+1	0.000000E+0	1.236000E-11	-1.808388E-10	-1.766116E-12	-5.422903E-12	-5.751892E-12	-6.138328E-12	-5.638969E-12	-5.091616E-12	-4.737635E-12	-4.883240E-12	-5.958036E-12	-5.371238E-12	-4.615406E-12	-5.999390E-12	-5.067848E-12	-6.058100E-12	-5.890935E-12	-6.645033E-12	-6.334630E-12	-6.923420E-12	-7.811071E-12	-6.833589E-12	-7.824609E-12	-6.613962E-12	-5.939040E-12	-7.050147E-12	-4.855567E-12	-4.333734E-12	-6.250910E-12	-6.268023E-12	-4.988342E-12	-5.639733E-12	-3.449696E-12	-4.685629E-12
   0:00:13	0	2.654000E+1	0.000000E+0	1.349000E-11	-3.822352E-10	-2.648179E-12	-1.128676E-11	-1.150478E-11	-1.075906E-11	-1.279820E-11	-1.056032E-11	-1.478130E-11	-1.020996E-11	-1.039604E-11	-1.080632E-11	-1.030581E-11	-1.149335E-11	-1.171865E-11	-1.186415E-11	-1.273186E-11	-1.556902E-11	-1.450744E-11	-1.416181E-11	-1.593637E-11	-1.573556E-11	-1.514418E-11	-1.196897E-11	-1.263717E-11	-1.227391E-11	-1.103402E-11	-1.080211E-11	-1.130267E-11	-1.095380E-11	-1.256655E-11	-1.127847E-11	-1.103923E-11	-1.145920E-11
   0:00:27	0	2.654000E+1	1.000000E+1	1.684400E-9	1.270785E-9	7.706299E-11	5.132547E-11	7.073410E-11	4.012393E-11	3.307168E-11	2.552060E-11	1.812886E-11	2.479460E-11	4.392776E-11	4.771164E-11	-1.220328E-11	4.786652E-11	4.503665E-11	6.512582E-11	3.534561E-11	3.664409E-11	4.301528E-11	6.659023E-11	4.717966E-11	-1.604830E-11	7.313295E-11	3.703958E-11	3.273055E-11	1.793887E-11	4.205670E-11	4.327290E-11	6.768845E-11	3.938129E-11	4.136117E-11	4.150375E-11	2.283097E-11	2.089343E-11
   0:00:41	0	2.654100E+1	2.000000E+1	1.912600E-9	1.515798E-9	8.406374E-11	5.599087E-11	7.812954E-11	4.860409E-11	4.403256E-11	3.809236E-11	3.044611E-11	3.614578E-11	4.963262E-11	5.580142E-11	-1.220328E-11	5.853941E-11	5.428537E-11	7.661141E-11	4.782447E-11	4.689689E-11	4.820979E-11	7.414260E-11	5.417233E-11	-1.466970E-11	8.505863E-11	4.434666E-11	4.309245E-11	2.555542E-11	4.766877E-11	4.691557E-11	7.090810E-11	4.457383E-11	4.717093E-11	4.917111E-11	2.835009E-11	2.823771E-11
   0:00:55	0	2.654100E+1	3.000000E+1	2.113500E-9	1.733142E-9	9.219843E-11	6.166561E-11	8.704277E-11	5.619807E-11	5.112778E-11	4.827559E-11	4.333276E-11	4.686228E-11	5.578079E-11	6.420545E-11	-1.213940E-11	6.599030E-11	6.385008E-11	8.525673E-11	5.548939E-11	5.506056E-11	5.264523E-11	8.037348E-11	5.984145E-11	-1.498243E-11	9.603799E-11	4.894491E-11	4.922201E-11	3.254197E-11	5.151500E-11	5.024395E-11	7.873794E-11	4.925860E-11	5.184326E-11	5.740764E-11	3.499798E-11	3.431564E-11
   0:01:09	0	2.654100E+1	4.000000E+1	2.348400E-9	1.960119E-9	9.976664E-11	6.816055E-11	9.311100E-11	6.208363E-11	5.955423E-11	5.795571E-11	4.844932E-11	5.535940E-11	5.952132E-11	7.134648E-11	-1.239292E-11	7.653658E-11	7.233783E-11	9.484847E-11	6.524428E-11	6.702181E-11	6.024699E-11	8.880816E-11	6.910038E-11	-1.560988E-11	1.082794E-10	5.845664E-11	5.800489E-11	4.009591E-11	5.718978E-11	5.570797E-11	8.650398E-11	5.584347E-11	5.841065E-11	6.323743E-11	3.882393E-11	3.811471E-11
   0:01:23	0	2.654200E+1	5.000000E+1	2.646300E-9	2.205961E-9	1.078386E-10	7.572654E-11	1.025930E-10	6.948879E-11	6.880482E-11	6.713273E-11	5.754467E-11	6.582263E-11	6.668417E-11	8.057356E-11	-1.232904E-11	8.664024E-11	8.297951E-11	1.053876E-10	7.373219E-11	7.873030E-11	6.563152E-11	9.610915E-11	7.710039E-11	-1.498243E-11	1.202051E-10	6.481901E-11	6.539726E-11	4.695626E-11	6.311640E-11	6.129790E-11	9.237710E-11	6.261826E-11	6.643047E-11	7.058769E-11	4.396778E-11	4.697823E-11
   0:01:37	0	2.654200E+1	6.000000E+1	3.041200E-9	2.562423E-9	1.222164E-10	8.959834E-11	1.185854E-10	8.024685E-11	7.900457E-11	7.675034E-11	6.594597E-11	7.343179E-11	7.980506E-11	9.460223E-11	-1.150757E-11	1.017334E-10	9.298721E-11	1.227420E-10	8.424807E-11	8.778017E-11	7.773173E-11	1.131027E-10	9.303676E-11	-1.410560E-11	1.388198E-10	7.836217E-11	7.462203E-11	5.306242E-11	7.282654E-11	7.172325E-11	1.089199E-10	7.407781E-11	7.653376E-11	8.186716E-11	5.067905E-11	5.299319E-11
   0:01:51	0	2.654300E+1	7.000000E+1	3.175500E-9	2.691000E-9	1.275138E-10	9.249892E-11	1.244011E-10	8.170251E-11	8.267920E-11	8.316174E-11	7.112536E-11	7.666626E-11	8.208761E-11	9.934196E-11	-1.188687E-11	1.072274E-10	9.989200E-11	1.279165E-10	8.912502E-11	9.233708E-11	8.406736E-11	1.170046E-10	9.769854E-11	-1.636202E-11	1.482213E-10	8.062947E-11	7.980397E-11	5.627200E-11	7.736657E-11	7.662213E-11	1.130875E-10	7.718034E-11	7.893323E-11	8.680868E-11	5.456738E-11	5.330903E-11
   0:02:05	0	2.654300E+1	8.000000E+1	3.246700E-9	2.812590E-9	1.322437E-10	9.577774E-11	1.298367E-10	8.676583E-11	8.774808E-11	8.800230E-11	7.453673E-11	8.186584E-11	8.544688E-11	1.056619E-10	-1.270834E-11	1.126575E-10	1.041359E-10	1.331547E-10	9.469996E-11	9.638744E-11	8.381333E-11	1.204037E-10	1.030524E-10	-1.586026E-11	1.557929E-10	8.472454E-11	8.441636E-11	5.878998E-11	7.913241E-11	7.819163E-11	1.178861E-10	7.946026E-11	8.177531E-11	9.042079E-11	5.670017E-11	5.767782E-11
   0:02:19	0	2.654300E+1	9.000000E+1	3.349000E-9	2.934088E-9	1.355857E-10	9.760628E-11	1.349569E-10	9.220780E-11	9.218284E-11	9.359603E-11	7.933719E-11	8.668501E-11	8.512967E-11	1.100216E-10	-1.232904E-11	1.175833E-10	1.100897E-10	1.398434E-10	9.913391E-11	1.005647E-10	8.622057E-11	1.249355E-10	1.075253E-10	-1.548419E-11	1.632390E-10	8.944909E-11	8.864969E-11	6.231455E-11	8.115009E-11	8.026480E-11	1.199694E-10	8.281566E-11	8.316395E-11	9.511023E-11	6.090239E-11	6.166680E-11
   0:02:33	0	2.654300E+1	1.000000E+2	3.471400E-9	3.057496E-9	1.404421E-10	1.011996E-10	1.407098E-10	9.796748E-11	9.585747E-11	9.925427E-11	8.394818E-11	8.985642E-11	8.994693E-11	1.145089E-10	-1.163334E-11	1.238987E-10	1.140806E-10	1.450178E-10	1.051508E-10	1.038557E-10	8.831178E-11	1.283963E-10	1.116819E-10	-1.473205E-11	1.706851E-10	9.285004E-11	9.383064E-11	6.571393E-11	8.398698E-11	8.177184E-11	1.233795E-10	8.572828E-11	8.486860E-11	9.872134E-11	6.378770E-11	6.445239E-11
   0:02:47	0	2.654400E+1	1.200000E+2	3.767400E-9	3.331790E-9	1.483249E-10	1.075055E-10	1.501280E-10	1.032836E-10	1.083386E-10	1.122656E-10	9.689765E-11	1.008903E-10	9.698370E-11	1.306236E-10	-1.119116E-11	1.398123E-10	1.263692E-10	1.558728E-10	1.156027E-10	1.136649E-10	9.179612E-11	1.356982E-10	1.205639E-10	-1.529616E-11	1.879112E-10	1.016060E-10	1.040040E-10	7.421186E-11	8.877984E-11	8.616804E-11	1.284940E-10	9.104675E-11	9.048896E-11	1.080992E-10	7.256838E-11	7.027744E-11
   0:03:01	0	2.654400E+1	1.400000E+2	4.059100E-9	3.632333E-9	1.569643E-10	1.148196E-10	1.610640E-10	1.120804E-10	1.195525E-10	1.269113E-10	1.093415E-10	1.118600E-10	1.033850E-10	1.386496E-10	-1.194975E-11	1.522517E-10	1.394178E-10	1.706390E-10	1.278286E-10	1.247410E-10	9.762370E-11	1.474049E-10	1.313354E-10	-1.604830E-11	2.052000E-10	1.147086E-10	1.164517E-10	8.270881E-11	9.294061E-11	9.288825E-11	1.368282E-10	9.832829E-11	9.743515E-11	1.200119E-10	7.984403E-11	7.711498E-11
   0:03:16	0	2.654400E+1	1.600000E+2	4.454300E-9	4.052117E-9	1.699553E-10	1.255390E-10	1.773088E-10	1.280916E-10	1.397630E-10	1.496663E-10	1.281654E-10	1.291085E-10	1.118798E-10	1.507827E-10	-1.188687E-11	1.653870E-10	1.620311E-10	1.890663E-10	1.475924E-10	1.395497E-10	1.045294E-10	1.546423E-10	1.446266E-10	-1.567223E-11	2.267174E-10	1.299523E-10	1.345221E-10	9.668290E-11	1.006331E-10	9.923171E-11	1.461104E-10	1.075719E-10	1.048230E-10	1.344593E-10	9.176152E-11	8.952470E-11
   0:03:30	0	2.654500E+1	1.800000E+2	5.010100E-9	4.572388E-9	1.828836E-10	1.358792E-10	1.957040E-10	1.456224E-10	1.646613E-10	1.808442E-10	1.541900E-10	1.501621E-10	1.219576E-10	1.683510E-10	-1.119116E-11	1.904572E-10	1.892053E-10	2.124161E-10	1.693191E-10	1.588533E-10	1.135883E-10	1.659713E-10	1.550828E-10	-1.479440E-11	2.512003E-10	1.513703E-10	1.594803E-10	1.124814E-10	1.078219E-10	1.057001E-10	1.556448E-10	1.171953E-10	1.148006E-10	1.567632E-10	1.075040E-10	1.032627E-10
   0:03:44	0	2.654500E+1	2.000000E+2	5.583100E-9	5.188070E-9	1.991540E-10	1.482380E-10	2.180171E-10	1.675822E-10	1.969728E-10	2.171761E-10	1.872258E-10	1.758437E-10	1.333043E-10	1.847810E-10	-1.239292E-11	2.142644E-10	2.222703E-10	2.410030E-10	1.987738E-10	1.800543E-10	1.210010E-10	1.776153E-10	1.727206E-10	-1.372953E-11	2.792793E-10	1.751810E-10	1.893041E-10	1.330644E-10	1.177838E-10	1.138649E-10	1.680210E-10	1.281491E-10	1.244623E-10	1.802714E-10	1.282022E-10	1.206110E-10
   0:03:58	0	2.654500E+1	2.200000E+2	6.326400E-9	5.912946E-9	2.173796E-10	1.645684E-10	2.446929E-10	1.936561E-10	2.383439E-10	2.647611E-10	2.276528E-10	2.064725E-10	1.458558E-10	2.039923E-10	-1.201363E-11	2.407243E-10	2.650270E-10	2.757746E-10	2.341204E-10	2.073318E-10	1.289828E-10	1.886930E-10	1.869566E-10	-1.642437E-11	3.101982E-10	2.086923E-10	2.284795E-10	1.576759E-10	1.249716E-10	1.193289E-10	1.766084E-10	1.414448E-10	1.360808E-10	2.125873E-10	1.500291E-10	1.403010E-10
   0:04:12	0	2.654600E+1	2.400000E+2	7.235300E-9	6.817420E-9	2.358571E-10	1.803314E-10	2.738336E-10	2.265017E-10	2.901058E-10	3.271793E-10	2.808388E-10	2.456616E-10	1.596742E-10	2.261108E-10	-1.176010E-11	2.769718E-10	3.198824E-10	3.183078E-10	2.820719E-10	2.417599E-10	1.380417E-10	2.013435E-10	2.019482E-10	-1.466970E-11	3.477424E-10	2.503302E-10	2.790281E-10	1.882663E-10	1.343672E-10	1.264259E-10	1.860161E-10	1.570844E-10	1.495944E-10	2.517464E-10	1.812011E-10	1.656262E-10
   0:04:27	0	2.654600E+1	2.600000E+2	8.411500E-9	7.961182E-9	2.584334E-10	2.008873E-10	3.137835E-10	2.712454E-10	3.589737E-10	4.058785E-10	3.539226E-10	2.936020E-10	1.759012E-10	2.521469E-10	-1.074899E-11	3.167554E-10	3.935502E-10	3.759878E-10	3.438322E-10	2.856185E-10	1.469746E-10	2.139941E-10	2.224201E-10	-1.523381E-11	3.928591E-10	3.021102E-10	3.441720E-10	2.271032E-10	1.425644E-10	1.345282E-10	1.987711E-10	1.748749E-10	1.667705E-10	3.031352E-10	2.190854E-10	1.972832E-10
   0:04:41	0	2.654600E+1	2.800000E+2	9.902000E-9	9.476814E-9	2.876947E-10	2.266122E-10	3.666282E-10	3.326336E-10	4.538810E-10	5.211608E-10	4.541050E-10	3.554924E-10	1.955515E-10	2.840601E-10	-1.138081E-11	3.711268E-10	4.918582E-10	4.507053E-10	4.302973E-10	3.407430E-10	1.557805E-10	2.286597E-10	2.425767E-10	-1.542184E-11	4.507852E-10	3.719680E-10	4.333274E-10	2.785916E-10	1.516434E-10	1.433206E-10	2.125359E-10	1.972253E-10	1.855246E-10	3.748632E-10	2.712061E-10	2.430580E-10
   0:04:55	0	2.654600E+1	3.000000E+2	1.180800E-8	1.150854E-8	3.234521E-10	2.579502E-10	4.399539E-10	4.168678E-10	5.850905E-10	6.746615E-10	5.938298E-10	4.393244E-10	2.229350E-10	3.258318E-10	-1.157046E-11	4.429898E-10	6.336830E-10	5.508548E-10	5.455830E-10	4.194733E-10	1.637623E-10	2.469747E-10	2.675215E-10	-1.360384E-11	5.311739E-10	4.680947E-10	5.577401E-10	3.448093E-10	1.602188E-10	1.505435E-10	2.249111E-10	2.243874E-10	2.039638E-10	4.685790E-10	3.447152E-10	3.038383E-10
   0:05:09	0	2.654700E+1	3.200000E+2	1.496500E-8	1.453292E-8	3.814701E-10	3.049875E-10	5.589185E-10	5.398332E-10	7.783257E-10	8.972438E-10	7.982372E-10	5.561307E-10	2.571012E-10	3.847289E-10	-1.062222E-11	5.507217E-10	8.391678E-10	7.051495E-10	7.154721E-10	5.313658E-10	1.765596E-10	2.759899E-10	3.003389E-10	-1.523381E-11	6.670273E-10	6.100159E-10	7.411680E-10	4.420586E-10	1.730187E-10	1.641713E-10	2.622920E-10	2.648462E-10	2.328212E-10	6.034184E-10	4.538499E-10	3.923495E-10
   0:05:23	0	2.654700E+1	3.400000E+2	1.915400E-8	1.894502E-8	4.702000E-10	3.729589E-10	7.181493E-10	7.247553E-10	1.063933E-9	1.230898E-9	1.105733E-9	7.322917E-10	3.112338E-10	4.729493E-10	-1.194975E-11	7.017741E-10	1.146761E-9	9.279155E-10	9.701153E-10	6.959780E-10	1.937283E-10	3.270342E-10	3.419757E-10	-1.617398E-11	8.409936E-10	8.192751E-10	1.016405E-9	5.843762E-10	1.904850E-10	1.804384E-10	2.946829E-10	3.217662E-10	2.730459E-10	8.032698E-10	6.160470E-10	5.239769E-10
   0:05:38	0	2.654700E+1	3.600000E+2	2.595600E-8	2.570450E-8	5.820119E-10	4.759871E-10	9.572789E-10	1.012266E-9	1.516990E-9	1.749482E-9	1.588894E-9	1.005158E-9	3.876166E-10	6.033195E-10	-1.207651E-11	9.354253E-10	1.625127E-9	1.271339E-9	1.367030E-9	9.558387E-10	2.144433E-10	3.737981E-10	4.045886E-10	-1.560988E-11	1.105444E-9	1.147149E-9	1.447647E-9	8.079548E-10	2.135623E-10	2.043042E-10	3.270120E-10	4.051516E-10	3.305723E-10	1.116986E-9	8.698799E-10	7.299337E-10
   0:05:51	0	2.654700E+1	3.620000E+2	2.692600E-8	2.659751E-8	5.983450E-10	4.904900E-10	9.880003E-10	1.047136E-9	1.574897E-9	1.817683E-9	1.652756E-9	1.042572E-9	3.982017E-10	6.175387E-10	-1.100152E-11	9.635271E-10	1.686886E-9	1.317723E-9	1.419605E-9	9.883694E-10	2.197648E-10	3.792113E-10	4.108245E-10	-1.479440E-11	1.143368E-9	1.192378E-9	1.505272E-9	8.397416E-10	2.167785E-10	2.045550E-10	3.323159E-10	4.192708E-10	3.386550E-10	1.158743E-9	9.035610E-10	7.551319E-10
   0:06:05	0	2.654700E+1	3.640000E+2	2.782700E-8	2.749429E-8	6.128492E-10	5.037934E-10	1.019859E-9	1.089096E-9	1.635022E-9	1.888022E-9	1.720912E-9	1.080365E-9	4.092953E-10	6.324523E-10	-1.144369E-11	9.925750E-10	1.751876E-9	1.362907E-9	1.474272E-9	1.024000E-9	2.200189E-10	3.845608E-10	4.176909E-10	-1.611163E-11	1.174287E-9	1.235275E-9	1.563593E-9	8.675626E-10	2.181651E-10	2.076950E-10	3.370517E-10	4.294010E-10	3.458544E-10	1.200247E-9	9.376183E-10	7.855225E-10
   0:06:19	0	2.654700E+1	3.660000E+2	2.876000E-8	2.850508E-8	6.275436E-10	5.187373E-10	1.054816E-9	1.130547E-9	1.704270E-9	1.967035E-9	1.790775E-9	1.121648E-9	4.203878E-10	6.530543E-10	-1.296187E-11	1.027055E-9	1.822186E-9	1.412887E-9	1.533499E-9	1.063365E-9	2.230592E-10	3.900992E-10	4.273914E-10	-1.448167E-11	1.212967E-9	1.285039E-9	1.629180E-9	9.037553E-10	2.216968E-10	2.119038E-10	3.409661E-10	4.437732E-10	3.552628E-10	1.247897E-9	9.758789E-10	8.158492E-10
   0:06:33	0	2.654800E+1	3.680000E+2	2.963700E-8	2.951958E-8	6.452645E-10	5.348786E-10	1.091225E-9	1.173962E-9	1.770919E-9	2.044918E-9	1.864427E-9	1.162358E-9	4.316074E-10	6.696739E-10	-1.296187E-11	1.062165E-9	1.895348E-9	1.464949E-9	1.594372E-9	1.100516E-9	2.264175E-10	3.967712E-10	4.353914E-10	-1.498243E-11	1.251962E-9	1.334046E-9	1.696725E-9	9.356683E-10	2.252902E-10	2.146036E-10	3.453859E-10	4.567530E-10	3.636615E-10	1.296054E-9	1.014138E-9	8.480749E-10
   0:06:46	0	2.654800E+1	3.700000E+2	3.085600E-8	3.065019E-8	6.624807E-10	5.507053E-10	1.129785E-9	1.222819E-9	1.849291E-9	2.130847E-9	1.945407E-9	1.207952E-9	4.437146E-10	6.926772E-10	-1.144369E-11	1.098602E-9	1.976680E-9	1.521935E-9	1.659300E-9	1.145640E-9	2.285707E-10	4.042610E-10	4.433904E-10	-1.429363E-11	1.297836E-9	1.388976E-9	1.767430E-9	9.743164E-10	2.293892E-10	2.171795E-10	3.516368E-10	4.717579E-10	3.752172E-10	1.349090E-9	1.057604E-9	8.814410E-10
   0:07:00	0	2.654800E+1	3.720000E+2	3.217600E-8	3.179676E-8	6.814620E-10	5.693063E-10	1.169292E-9	1.269461E-9	1.922656E-9	2.221992E-9	2.026955E-9	1.258365E-9	4.567724E-10	7.129630E-10	-1.119116E-11	1.138639E-9	2.059406E-9	1.580371E-9	1.728979E-9	1.191080E-9	2.311680E-10	4.111844E-10	4.535323E-10	-1.253798E-11	1.338662E-9	1.444850E-9	1.841358E-9	1.011264E-9	2.323525E-10	2.212614E-10	3.558044E-10	4.860671E-10	3.827316E-10	1.402569E-9	1.101509E-9	9.184792E-10
   0:07:14	0	2.654800E+1	3.740000E+2	3.337400E-8	3.307559E-8	7.000659E-10	5.877808E-10	1.214614E-9	1.323002E-9	2.008694E-9	2.317789E-9	2.119812E-9	1.309350E-9	4.724931E-10	7.362187E-10	-1.119116E-11	1.181896E-9	2.150178E-9	1.645749E-9	1.803598E-9	1.238293E-9	2.359195E-10	4.218209E-10	4.652484E-10	-1.586026E-11	1.391413E-9	1.507967E-9	1.924889E-9	1.054318E-9	2.360723E-10	2.270397E-10	3.611084E-10	5.011370E-10	3.945405E-10	1.464476E-9	1.149553E-9	9.576065E-10
   0:07:27	0	2.654800E+1	3.760000E+2	3.474300E-8	3.437196E-8	7.206251E-10	6.077682E-10	1.258230E-9	1.381225E-9	2.102652E-9	2.419871E-9	2.215952E-9	1.360143E-9	4.865016E-10	7.626340E-10	-1.176010E-11	1.224900E-9	2.242216E-9	1.711632E-9	1.885565E-9	1.289430E-9	2.400379E-10	4.268565E-10	4.753268E-10	-1.598595E-11	1.437413E-9	1.572220E-9	2.007220E-9	1.096680E-9	2.394139E-10	2.281075E-10	3.668549E-10	5.170284E-10	4.059697E-10	1.523532E-9	1.197598E-9	9.961010E-10
   0:07:41	0	2.654800E+1	3.780000E+2	3.600700E-8	3.581273E-8	7.447783E-10	6.278822E-10	1.309622E-9	1.443879E-9	2.196228E-9	2.529560E-9	2.316703E-9	1.421273E-9	5.025384E-10	7.894283E-10	-1.188687E-11	1.274978E-9	2.344515E-9	1.784521E-9	1.967976E-9	1.344048E-9	2.425081E-10	4.350388E-10	4.866023E-10	-1.473205E-11	1.494455E-9	1.642330E-9	2.100421E-9	1.145903E-9	2.433866E-10	2.322519E-10	3.729792E-10	5.381754E-10	4.174626E-10	1.593233E-9	1.255489E-9	1.041179E-9
   0:07:55	0	2.654800E+1	3.800000E+2	3.757100E-8	3.735565E-8	7.696881E-10	6.513376E-10	1.363415E-9	1.508747E-9	2.298612E-9	2.649871E-9	2.431476E-9	1.482847E-9	5.199702E-10	8.184982E-10	-1.087475E-11	1.328086E-9	2.454034E-9	1.862268E-9	2.058811E-9	1.405247E-9	2.456124E-10	4.444790E-10	4.992005E-10	-1.454402E-11	1.553012E-9	1.717479E-9	2.203097E-9	1.197329E-9	2.462872E-10	2.370883E-10	3.775256E-10	5.566636E-10	4.320488E-10	1.664518E-9	1.313130E-9	1.090690E-9
   0:08:09	0	2.654800E+1	3.820000E+2	3.921700E-8	3.896841E-8	7.938413E-10	6.756760E-10	1.418726E-9	1.577350E-9	2.408914E-9	2.774331E-9	2.546377E-9	1.548416E-9	5.395565E-10	8.473148E-10	-1.239292E-11	1.382899E-9	2.571536E-9	1.944873E-9	2.153830E-9	1.465941E-9	2.513770E-10	4.535426E-10	5.113581E-10	-1.479440E-11	1.613840E-9	1.796850E-9	2.304953E-9	1.252657E-9	2.529713E-10	2.423639E-10	3.864280E-10	5.768610E-10	4.472680E-10	1.740618E-9	1.374471E-9	1.140454E-9
   0:08:22	0	2.654800E+1	3.840000E+2	4.096200E-8	4.074163E-8	8.217786E-10	7.028522E-10	1.484529E-9	1.654749E-9	2.528212E-9	2.907717E-9	2.674984E-9	1.620263E-9	5.581291E-10	8.842201E-10	-1.264545E-11	1.442575E-9	2.696131E-9	2.033412E-9	2.260185E-9	1.534545E-9	2.547983E-10	4.630464E-10	5.283655E-10	-1.404226E-11	1.682871E-9	1.887369E-9	2.419319E-9	1.310503E-9	2.578886E-10	2.450012E-10	3.942579E-10	6.001609E-10	4.582555E-10	1.824449E-9	1.442085E-9	1.195663E-9
   0:08:36	0	2.654800E+1	3.860000E+2	4.278200E-8	4.259833E-8	8.499677E-10	7.309741E-10	1.545654E-9	1.735250E-9	2.649032E-9	3.052355E-9	2.806560E-9	1.702573E-9	5.795546E-10	9.184717E-10	-1.157046E-11	1.503514E-9	2.827758E-9	2.127884E-9	2.370277E-9	1.607136E-9	2.604999E-10	4.743129E-10	5.477664E-10	-1.454402E-11	1.754111E-9	1.978204E-9	2.538424E-9	1.372692E-9	2.615457E-10	2.514071E-10	4.005726E-10	6.233339E-10	4.762520E-10	1.911575E-9	1.515218E-9	1.251568E-9
   0:08:50	0	2.654800E+1	3.880000E+2	4.473300E-8	4.464974E-8	8.811207E-10	7.608607E-10	1.613797E-9	1.820243E-9	2.793927E-9	3.212393E-9	2.957528E-9	1.786848E-9	6.001555E-10	9.561362E-10	-1.119116E-11	1.573356E-9	2.979085E-9	2.230873E-9	2.494052E-9	1.684285E-9	2.651244E-10	4.841943E-10	5.621276E-10	-1.542184E-11	1.832607E-9	2.078739E-9	2.674905E-9	1.442245E-9	2.674106E-10	2.576881E-10	4.092228E-10	6.492926E-10	4.903338E-10	2.009409E-9	1.591674E-9	1.316717E-9
   0:09:03	0	2.654800E+1	3.900000E+2	4.697400E-8	4.680811E-8	9.171936E-10	7.947210E-10	1.688829E-9	1.913084E-9	2.932359E-9	3.378402E-9	3.112161E-9	1.876642E-9	6.248132E-10	9.977184E-10	-1.277222E-11	1.646104E-9	3.130411E-9	2.340047E-9	2.623780E-9	1.769913E-9	2.703189E-10	4.966560E-10	5.795138E-10	-1.485774E-11	1.916151E-9	2.184316E-9	2.812397E-9	1.515639E-9	2.730216E-10	2.623986E-10	4.176208E-10	6.791774E-10	5.103510E-10	2.110415E-9	1.674529E-9	1.387057E-9
   0:09:17	0	2.654800E+1	3.920000E+2	4.939800E-8	4.922372E-8	9.517524E-10	8.275710E-10	1.772585E-9	2.018266E-9	3.095690E-9	3.567104E-9	3.284037E-9	1.976580E-9	6.516895E-10	1.044229E-9	-1.169722E-11	1.728072E-9	3.305174E-9	2.460896E-9	2.768712E-9	1.863326E-9	2.773516E-10	5.109440E-10	5.978437E-10	-1.429363E-11	2.008340E-9	2.304378E-9	2.971751E-9	1.596962E-9	2.809669E-10	2.685537E-10	4.260188E-10	7.077958E-10	5.294849E-10	2.224217E-9	1.769239E-9	1.460183E-9
   0:09:31	0	2.654800E+1	3.940000E+2	5.206000E-8	5.175005E-8	9.926170E-10	8.666014E-10	1.858111E-9	2.123767E-9	3.266054E-9	3.759012E-9	3.470568E-9	2.080070E-9	6.792001E-10	1.090551E-9	-1.397298E-11	1.812691E-9	3.485764E-9	2.592030E-9	2.917064E-9	1.962435E-9	2.823561E-10	5.239721E-10	6.196382E-10	-1.466970E-11	2.106083E-9	2.427214E-9	3.135718E-9	1.682441E-9	2.872091E-10	2.759015E-10	4.368161E-10	7.418596E-10	5.481763E-10	2.348284E-9	1.865453E-9	1.541034E-9
   0:09:45	0	2.654800E+1	3.960000E+2	5.484300E-8	5.464622E-8	1.034491E-9	9.087832E-10	1.959945E-9	2.245719E-9	3.460430E-9	3.981531E-9	3.676871E-9	2.200809E-9	7.125417E-10	1.145151E-9	-1.093863E-11	1.911393E-9	3.690235E-9	2.734714E-9	3.090183E-9	2.072810E-9	2.902749E-10	5.405882E-10	6.445202E-10	-1.542184E-11	2.219726E-9	2.572473E-9	3.325401E-9	1.778305E-9	2.950907E-10	2.831869E-10	4.484965E-10	7.783283E-10	5.800014E-10	2.482996E-9	1.977849E-9	1.629735E-9
   0:09:58	0	2.654800E+1	3.980000E+2	5.794600E-8	5.766300E-8	1.083239E-9	9.537401E-10	2.060198E-9	2.378304E-9	3.660317E-9	4.211595E-9	3.895679E-9	2.325036E-9	7.466448E-10	1.204112E-9	-1.188687E-11	2.009021E-9	3.906235E-9	2.885727E-9	3.268244E-9	2.186603E-9	2.983837E-10	5.560715E-10	6.687082E-10	-1.197387E-11	2.339236E-9	2.719686E-9	3.522099E-9	1.881849E-9	3.030350E-10	2.934863E-10	4.576521E-10	8.180264E-10	6.045663E-10	2.629241E-9	2.092631E-9	1.727490E-9
   0:10:12	0	2.654800E+1	4.000000E+2	6.128400E-8	6.110084E-8	1.132681E-9	1.005317E-9	2.180366E-9	2.522343E-9	3.892009E-9	4.481197E-9	4.147146E-9	2.468222E-9	7.844244E-10	1.268507E-9	-1.283510E-11	2.127301E-9	4.156250E-9	3.062236E-9	3.473289E-9	2.323748E-9	3.043393E-10	5.743865E-10	6.968648E-10	-1.542184E-11	2.464490E-9	2.890773E-9	3.746408E-9	1.998044E-9	3.121777E-10	3.012119E-10	4.695230E-10	8.611440E-10	6.309614E-10	2.791264E-9	2.227481E-9	1.834995E-9
   0:10:26	0	2.654800E+1	4.020000E+2	6.501100E-8	6.476362E-8	1.190572E-9	1.060237E-9	2.300279E-9	2.678091E-9	4.137765E-9	4.765883E-9	4.408910E-9	2.618003E-9	8.263868E-10	1.337452E-9	-1.232904E-11	2.249873E-9	4.414945E-9	3.242594E-9	3.689229E-9	2.472222E-9	3.124481E-10	5.922614E-10	7.269118E-10	-1.504577E-11	2.601480E-9	3.076599E-9	3.988030E-9	2.121920E-9	3.211314E-10	3.108837E-10	4.823408E-10	9.085035E-10	6.613979E-10	2.972169E-9	2.371301E-9	1.951175E-9
   0:10:39	0	2.654900E+1	4.040000E+2	6.915800E-8	6.897663E-8	1.252879E-9	1.121146E-9	2.442000E-9	2.857825E-9	4.420143E-9	5.081685E-9	4.715963E-9	2.795432E-9	8.713282E-10	1.415435E-9	-1.150757E-11	2.385391E-9	4.713734E-9	3.465675E-9	3.946153E-9	2.630442E-9	3.241042E-10	6.154233E-10	7.603597E-10	-1.460636E-11	2.766106E-9	3.287433E-9	4.266996E-9	2.268015E-9	3.324182E-10	3.218742E-10	4.962959E-10	9.617512E-10	6.960651E-10	3.169992E-9	2.532870E-9	2.087804E-9
   0:10:53	0	2.654900E+1	4.060000E+2	7.402200E-8	7.366749E-8	1.323069E-9	1.190253E-9	2.602684E-9	3.057177E-9	4.735402E-9	5.442809E-9	5.054473E-9	2.991949E-9	9.218485E-10	1.504793E-9	-1.125404E-11	2.545726E-9	5.051731E-9	3.691343E-9	4.225693E-9	2.812965E-9	3.344942E-10	6.372001E-10	7.972721E-10	-1.560988E-11	2.955847E-9	3.520882E-9	4.573384E-9	2.424998E-9	3.443352E-10	3.339335E-10	5.120174E-10	1.022470E-9	7.374262E-10	3.393289E-9	2.716079E-9	2.238806E-9
   0:11:07	0	2.654900E+1	4.080000E+2	7.911200E-8	7.875097E-8	1.400447E-9	1.265349E-9	2.770259E-9	3.272984E-9	5.076952E-9	5.829578E-9	5.423810E-9	3.204953E-9	9.799748E-10	1.597373E-9	-1.087475E-11	2.712882E-9	5.414498E-9	3.948249E-9	4.530315E-9	3.009158E-9	3.473545E-10	6.610545E-10	8.416804E-10	-1.523381E-11	3.149186E-9	3.774425E-9	4.912439E-9	2.601305E-9	3.574506E-10	3.461802E-10	5.287506E-10	1.088381E-9	7.773977E-10	3.640409E-9	2.913399E-9	2.400887E-9
   0:11:21	0	2.655000E+1	4.100000E+2	8.505600E-8	8.464646E-8	1.489682E-9	1.350786E-9	2.969250E-9	3.519167E-9	5.470203E-9	6.279774E-9	5.849301E-9	3.451059E-9	1.047864E-9	1.711376E-9	-1.138081E-11	2.911674E-9	5.834398E-9	4.246681E-9	4.881241E-9	3.243829E-9	3.581236E-10	6.927762E-10	8.894269E-10	-1.435598E-11	3.364103E-9	4.064504E-9	5.303180E-9	2.806441E-9	3.705023E-10	3.605625E-10	5.481353E-10	1.164042E-9	8.252635E-10	3.926626E-9	3.147098E-9	2.595131E-9
   0:11:34	0	2.655000E+1	4.110000E+2	8.794300E-8	8.777906E-8	1.534520E-9	1.397382E-9	3.071273E-9	3.652385E-9	5.684852E-9	6.514928E-9	6.073984E-9	3.585240E-9	1.081523E-9	1.768188E-9	-1.131793E-11	3.013155E-9	6.062115E-9	4.399649E-9	5.072160E-9	3.365975E-9	3.662964E-10	7.076296E-10	9.165762E-10	-1.441833E-11	3.488473E-9	4.226396E-9	5.511313E-9	2.911559E-9	3.781320E-10	3.672827E-10	5.563429E-10	1.204944E-9	8.483750E-10	4.079461E-9	3.270660E-9	2.694026E-9
   0:11:48	0	2.655000E+1	4.120000E+2	9.140000E-8	9.112642E-8	1.585727E-9	1.446626E-9	3.187204E-9	3.792817E-9	5.902162E-9	6.776609E-9	6.314336E-9	3.728046E-9	1.120886E-9	1.833657E-9	-1.093863E-11	3.126192E-9	6.310232E-9	4.569154E-9	5.271189E-9	3.489324E-9	3.744052E-10	7.236792E-10	9.395042E-10	-1.636202E-11	3.614483E-9	4.396915E-9	5.729431E-9	3.026998E-9	3.879686E-10	3.742538E-10	5.668252E-10	1.247491E-9	8.752755E-10	4.241738E-9	3.398360E-9	2.802227E-9
   0:12:02	0	2.655100E+1	4.130000E+2	9.520000E-8	9.478992E-8	1.636620E-9	1.496627E-9	3.309392E-9	3.947300E-9	6.139620E-9	7.053061E-9	6.584057E-9	3.881315E-9	1.157208E-9	1.899380E-9	-1.182299E-11	3.248069E-9	6.564744E-9	4.753235E-9	5.496441E-9	3.640392E-9	3.821340E-10	7.394139E-10	9.710627E-10	-1.504577E-11	3.758035E-9	4.578207E-9	5.977877E-9	3.160000E-9	3.961657E-10	3.853077E-10	5.785067E-10	1.296433E-9	9.038807E-10	4.417702E-9	3.545441E-9	2.919166E-9
   0:12:15	0	2.655100E+1	4.140000E+2	9.957000E-8	9.894033E-8	1.699052E-9	1.559112E-9	3.449280E-9	4.126083E-9	6.431438E-9	7.363017E-9	6.879236E-9	4.054813E-9	1.208108E-9	1.975277E-9	-1.188687E-11	3.380997E-9	6.860682E-9	4.958835E-9	5.740696E-9	3.797537E-9	3.906228E-10	7.600580E-10	1.004448E-9	-1.460636E-11	3.913766E-9	4.784946E-9	6.255072E-9	3.300114E-9	4.046147E-10	3.952304E-10	5.916395E-10	1.347909E-9	9.431584E-10	4.617109E-9	3.711025E-9	3.062949E-9
   0:12:29	0	2.655100E+1	4.150000E+2	1.037700E-7	1.030690E-7	1.760728E-9	1.620904E-9	3.579054E-9	4.292023E-9	6.704501E-9	7.683282E-9	7.176182E-9	4.230532E-9	1.250071E-9	2.052058E-9	-1.049546E-11	3.518599E-9	7.155100E-9	5.167653E-9	5.987104E-9	3.960629E-9	3.989857E-10	7.801993E-10	1.035691E-9	-1.535850E-11	4.085207E-9	4.997860E-9	6.531575E-9	3.443060E-9	4.153342E-10	4.039603E-10	6.038891E-10	1.400523E-9	9.731533E-10	4.816770E-9	3.874977E-9	3.195210E-9
   0:12:43	0	2.655200E+1	4.160000E+2	1.077800E-7	1.074967E-7	1.824485E-9	1.682823E-9	3.718815E-9	4.485173E-9	7.001513E-9	8.020078E-9	7.488289E-9	4.420643E-9	1.300021E-9	2.136931E-9	-1.138081E-11	3.662516E-9	7.486827E-9	5.385623E-9	6.249793E-9	4.131254E-9	4.085516E-10	7.988293E-10	1.075564E-9	-1.548419E-11	4.239047E-9	5.224632E-9	6.831012E-9	3.597589E-9	4.256117E-10	4.138840E-10	6.170229E-10	1.459406E-9	1.009652E-9	5.039813E-9	4.049405E-9	3.338804E-9
   0:12:57	0	2.655200E+1	4.170000E+2	1.131200E-7	1.122975E-7	1.892909E-9	1.754199E-9	3.875707E-9	4.689145E-9	7.307204E-9	8.381016E-9	7.831789E-9	4.623628E-9	1.353393E-9	2.222875E-9	-1.372045E-11	3.819504E-9	7.823368E-9	5.628456E-9	6.546245E-9	4.330171E-9	4.177375E-10	8.212361E-10	1.116319E-9	-1.523381E-11	4.432385E-9	5.459971E-9	7.155787E-9	3.765587E-9	4.370877E-10	4.252513E-10	6.314824E-10	1.523417E-9	1.048171E-9	5.271727E-9	4.239327E-9	3.501327E-9
   0:13:10	0	2.655200E+1	4.180000E+2	1.185900E-7	1.179099E-7	1.976152E-9	1.833771E-9	4.062055E-9	4.924823E-9	7.689366E-9	8.804620E-9	8.228097E-9	4.864408E-9	1.413928E-9	2.331824E-9	-1.365657E-11	4.004026E-9	8.216095E-9	5.907576E-9	6.880766E-9	4.542755E-9	4.308508E-10	8.518241E-10	1.156633E-9	-1.523381E-11	4.634998E-9	5.750805E-9	7.535405E-9	3.963737E-9	4.500129E-10	4.380006E-10	6.468261E-10	1.595722E-9	1.093700E-9	5.546728E-9	4.473339E-9	3.689936E-9
   0:13:24	0	2.655300E+1	4.190000E+2	1.236100E-7	1.235427E-7	2.056369E-9	1.916687E-9	4.245814E-9	5.162210E-9	8.051191E-9	9.224892E-9	8.633819E-9	5.105376E-9	1.477316E-9	2.427690E-9	-1.182299E-11	4.185770E-9	8.622126E-9	6.186127E-9	7.218771E-9	4.769009E-9	4.426980E-10	8.724056E-10	1.204884E-9	-1.567223E-11	4.866574E-9	6.030112E-9	7.913130E-9	4.159305E-9	4.626237E-10	4.528222E-10	6.621688E-10	1.669547E-9	1.148384E-9	5.823123E-9	4.697065E-9	3.882154E-9
   0:13:38	0	2.655300E+1	4.200000E+2	1.300100E-7	1.297671E-7	2.150336E-9	2.003195E-9	4.452073E-9	5.419977E-9	8.481126E-9	9.693253E-9	9.081733E-9	5.366638E-9	1.545331E-9	2.549592E-9	-1.289798E-11	4.395235E-9	9.073001E-9	6.502229E-9	7.594464E-9	5.007478E-9	4.553683E-10	8.987768E-10	1.254962E-9	-1.554753E-11	5.082502E-9	6.341674E-9	8.332493E-9	4.378794E-9	4.766847E-10	4.670161E-10	6.793436E-10	1.748311E-9	1.201807E-9	6.131644E-9	4.943121E-9	4.087351E-9
   0:13:51	0	2.655300E+1	4.210000E+2	1.363200E-7	1.370400E-7	2.255210E-9	2.109063E-9	4.686211E-9	5.731346E-9	8.943940E-9	1.023987E-8	9.600774E-9	5.668864E-9	1.624630E-9	2.684323E-9	-1.119116E-11	4.627876E-9	9.590576E-9	6.863324E-9	8.023938E-9	5.289998E-9	4.706988E-10	9.338350E-10	1.311275E-9	-1.498243E-11	5.377494E-9	6.719500E-9	8.824902E-9	4.643286E-9	4.943401E-10	4.831573E-10	6.967706E-10	1.843979E-9	1.256429E-9	6.499412E-9	5.244434E-9	4.326739E-9
   0:14:05	0	2.655400E+1	4.220000E+2	1.449400E-7	1.444693E-7	2.364436E-9	2.213227E-9	4.928944E-9	6.038158E-9	9.421262E-9	1.080504E-8	1.013017E-8	5.993538E-9	1.703484E-9	2.829418E-9	-1.283510E-11	4.867274E-9	1.012139E-8	7.235082E-9	8.480209E-9	5.584857E-9	4.836861E-10	9.667521E-10	1.373258E-9	-1.598595E-11	5.649328E-9	7.089327E-9	9.328872E-9	4.905450E-9	5.111754E-10	4.996118E-10	7.185546E-10	1.940851E-9	1.323427E-9	6.865785E-9	5.543363E-9	4.582205E-9
   0:14:19	0	2.655400E+1	4.230000E+2	1.536100E-7	1.527594E-7	2.474986E-9	2.330001E-9	5.195128E-9	6.381678E-9	9.990956E-9	1.140785E-8	1.072666E-8	6.353281E-9	1.800911E-9	2.974197E-9	-1.011616E-11	5.137930E-9	1.071903E-8	7.640982E-9	8.968592E-9	5.909840E-9	5.026910E-10	1.000613E-9	1.438327E-9	-1.586026E-11	5.975490E-9	7.520822E-9	9.894383E-9	5.193043E-9	5.301547E-10	5.186422E-10	7.401492E-10	2.047790E-9	1.380701E-9	7.279744E-9	5.884503E-9	4.866291E-9
   0:14:33	0	2.655500E+1	4.240000E+2	1.619300E-7	1.618933E-7	2.610004E-9	2.463359E-9	5.478445E-9	6.760701E-9	1.056712E-8	1.210388E-8	1.137279E-8	6.745490E-9	1.899098E-9	3.150510E-9	-1.296187E-11	5.434605E-9	1.136539E-8	8.086197E-9	9.529568E-9	6.272987E-9	5.204927E-10	1.042216E-9	1.509191E-9	-1.548419E-11	6.327021E-9	7.985075E-9	1.052005E-8	5.520796E-9	5.513398E-10	5.393680E-10	7.620597E-10	2.167773E-9	1.455657E-9	7.735334E-9	6.264094E-9	5.181145E-9
   0:14:46	0	2.655500E+1	4.250000E+2	1.724800E-7	1.728873E-7	2.769366E-9	2.619730E-9	5.834137E-9	7.206363E-9	1.128728E-8	1.290634E-8	1.215637E-8	7.213287E-9	2.022768E-9	3.345466E-9	-1.245581E-11	5.777188E-9	1.214330E-8	8.639138E-9	1.018239E-8	6.702019E-9	5.450732E-10	1.089044E-9	1.601536E-9	-1.504577E-11	6.760138E-9	8.545581E-9	1.127727E-8	5.931823E-9	5.751747E-10	5.625427E-10	7.915470E-10	2.310548E-9	1.545640E-9	8.293574E-9	6.712111E-9	5.568051E-9
   0:15:00	0	2.655600E+1	4.260000E+2	1.848400E-7	1.844213E-7	2.930240E-9	2.780074E-9	6.191916E-9	7.690124E-9	1.205832E-8	1.376116E-8	1.296011E-8	7.705435E-9	2.140228E-9	3.557801E-9	-1.251869E-11	6.151978E-9	1.297500E-8	9.205896E-9	1.087177E-8	7.150920E-9	5.674994E-10	1.135493E-9	1.690541E-9	-1.423029E-11	7.188018E-9	9.148101E-9	1.208927E-8	6.341844E-9	6.018465E-10	5.865969E-10	8.206554E-10	2.461491E-9	1.641496E-9	8.873297E-9	7.193747E-9	5.977179E-9
   0:15:14	0	2.655600E+1	4.270000E+2	1.976700E-7	1.975646E-7	3.114006E-9	2.967215E-9	6.609748E-9	8.221603E-9	1.289101E-8	1.472981E-8	1.387470E-8	8.266765E-9	2.290710E-9	3.805776E-9	-1.226616E-11	6.565415E-9	1.390506E-8	9.869774E-9	1.164862E-8	7.673743E-9	5.933470E-10	1.191384E-9	1.799452E-9	-1.498243E-11	7.710989E-9	9.816636E-9	1.297747E-8	6.823180E-9	6.275089E-10	6.163659E-10	8.549412E-10	2.632947E-9	1.763118E-9	9.545022E-9	7.748516E-9	6.456965E-9
   0:15:27	0	2.655600E+1	4.280000E+2	2.127700E-7	2.123806E-7	3.325584E-9	3.179641E-9	7.080297E-9	8.823903E-9	1.383520E-8	1.580174E-8	1.493041E-8	8.903244E-9	2.453680E-9	4.073722E-9	-1.163334E-11	7.033728E-9	1.495713E-8	1.060194E-8	1.256027E-8	8.251879E-9	6.202707E-10	1.255456E-9	1.907040E-9	-1.335247E-11	8.259073E-9	1.060165E-8	1.402016E-8	7.367523E-9	6.599819E-10	6.443770E-10	8.852498E-10	2.829349E-9	1.884422E-9	1.030951E-8	8.368956E-9	6.980182E-9
   0:15:41	0	2.655700E+1	4.290000E+2	2.314200E-7	2.306902E-7	3.578342E-9	3.437086E-9	7.664942E-9	9.568277E-9	1.502876E-8	1.712951E-8	1.621149E-8	9.680749E-9	2.657282E-9	4.401831E-9	-1.194975E-11	7.625686E-9	1.627124E-8	1.149420E-8	1.364600E-8	8.991845E-9	6.538470E-10	1.331487E-9	2.059793E-9	-1.404226E-11	8.951849E-9	1.152442E-8	1.529140E-8	8.065451E-9	7.003992E-10	6.879007E-10	9.312799E-10	3.070958E-9	2.022523E-9	1.122836E-8	9.153786E-9	7.655539E-9
   0:15:55	0	2.655700E+1	4.300000E+2	2.511000E-7	2.508108E-7	3.857587E-9	3.712692E-9	8.289601E-9	1.036626E-8	1.630380E-8	1.859034E-8	1.759440E-8	1.053277E-8	2.873561E-9	4.772405E-9	-1.125404E-11	8.253830E-9	1.768386E-8	1.247443E-8	1.487196E-8	9.777693E-9	6.923018E-10	1.414882E-9	2.213302E-9	-1.535850E-11	9.736557E-9	1.259264E-8	1.672306E-8	8.818521E-9	7.474996E-10	7.299799E-10	9.737743E-10	3.337894E-9	2.203504E-9	1.228331E-8	1.000259E-8	8.412447E-9
   0:16:09	0	2.655800E+1	4.310000E+2	2.744300E-7	2.745586E-7	4.197185E-9	4.034010E-9	8.999978E-9	1.133214E-8	1.779583E-8	2.029143E-8	1.925013E-8	1.152721E-8	3.130344E-9	5.190564E-9	-1.043257E-11	8.993433E-9	1.935827E-8	1.363635E-8	1.626782E-8	1.072898E-8	7.386114E-10	1.511746E-9	2.409393E-9	-1.567223E-11	1.070344E-8	1.381733E-8	1.839136E-8	9.722465E-9	7.951056E-10	7.816684E-10	1.034390E-9	3.654341E-9	2.404374E-9	1.354553E-8	1.102934E-8	9.311932E-9
   0:16:22	0	2.655800E+1	4.320000E+2	3.050000E-7	3.053156E-7	4.604637E-9	4.466367E-9	9.954098E-9	1.254027E-8	1.969916E-8	2.244949E-8	2.131846E-8	1.284614E-8	3.464082E-9	5.765447E-9	-1.258257E-11	9.970347E-9	2.152124E-8	1.512181E-8	1.810904E-8	1.195512E-8	7.960701E-10	1.634541E-9	2.653796E-9	-1.504577E-11	1.185741E-8	1.543384E-8	2.063755E-8	1.091419E-8	8.607444E-10	8.400772E-10	1.101511E-9	4.077220E-9	2.658286E-9	1.515493E-8	1.240049E-8	1.053691E-8
   0:16:36	0	2.655900E+1	4.330000E+2	3.400200E-7	3.398765E-7	5.083981E-9	4.927285E-9	1.093818E-8	1.388018E-8	2.189755E-8	2.484636E-8	2.368930E-8	1.430787E-8	3.848212E-9	6.367948E-9	-1.270834E-11	1.100271E-8	2.395469E-8	1.678479E-8	2.019757E-8	1.331588E-8	8.543539E-10	1.767847E-9	2.939836E-9	-1.692612E-11	1.324359E-8	1.724839E-8	2.312574E-8	1.229205E-8	9.309858E-10	9.158199E-10	1.177344E-9	4.538850E-9	2.948192E-9	1.699966E-8	1.396074E-8	1.192023E-8
   0:16:50	0	2.655900E+1	4.340000E+2	3.836500E-7	3.834871E-7	5.679174E-9	5.510273E-9	1.229199E-8	1.554815E-8	2.448297E-8	2.783567E-8	2.663243E-8	1.612954E-8	4.322924E-9	7.131340E-9	-1.270834E-11	1.231728E-8	2.699016E-8	1.885714E-8	2.276288E-8	1.506485E-8	9.406375E-10	1.944329E-9	3.272490E-9	-1.435598E-11	1.493555E-8	1.957835E-8	2.634607E-8	1.405739E-8	1.022981E-9	1.008456E-9	1.268458E-9	5.133377E-9	3.323914E-9	1.938577E-8	1.597084E-8	1.376878E-8
   0:17:03	0	2.656000E+1	4.350000E+2	4.396300E-7	4.390711E-7	6.422629E-9	6.256632E-9	1.384327E-8	1.764680E-8	2.779585E-8	3.160349E-8	3.031019E-8	1.848457E-8	4.922510E-9	8.118504E-9	-1.213940E-11	1.399888E-8	3.078042E-8	2.148186E-8	2.605311E-8	1.728708E-8	1.030469E-9	2.155998E-9	3.710967E-9	-1.454402E-11	1.717080E-8	2.260443E-8	3.046414E-8	1.635172E-8	1.137108E-9	1.116418E-9	1.391522E-9	5.892015E-9	3.791137E-9	2.247466E-8	1.856599E-8	1.623457E-8
   0:17:17	0	2.656100E+1	4.360000E+2	5.190500E-7	5.189098E-7	7.499878E-9	7.302873E-9	1.612434E-8	2.056063E-8	3.240132E-8	3.672108E-8	3.543832E-8	2.181571E-8	5.775774E-9	9.493877E-9	-1.074899E-11	1.637935E-8	3.625611E-8	2.523070E-8	3.077188E-8	2.053604E-8	1.179852E-9	2.474912E-9	4.355047E-9	-1.316443E-11	2.033898E-8	2.684626E-8	3.644525E-8	1.979610E-8	1.297453E-9	1.281657E-9	1.563584E-9	7.053210E-9	4.477669E-9	2.704153E-8	2.250056E-8	1.997377E-8
   0:17:31	0	2.656200E+1	4.370000E+2	6.230000E-7	6.232105E-7	8.856499E-9	8.622072E-9	1.894258E-8	2.428504E-8	3.825635E-8	4.329736E-8	4.195878E-8	2.607745E-8	6.917263E-9	1.125587E-8	-1.119116E-11	1.938499E-8	4.314791E-8	3.008333E-8	3.685091E-8	2.465306E-8	1.368258E-9	2.852864E-9	5.218271E-9	-1.429363E-11	2.455506E-8	3.259947E-8	4.457177E-8	2.454225E-8	1.516942E-9	1.487658E-9	1.766774E-9	8.509009E-9	5.362923E-9	3.317806E-8	2.780170E-8	2.531548E-8
   0:17:45	0	2.656300E+1	4.380000E+2	7.777800E-7	7.773842E-7	1.081758E-8	1.051033E-8	2.297841E-8	2.946327E-8	4.649110E-8	5.247054E-8	5.112479E-8	3.216612E-8	8.553748E-9	1.380168E-8	-1.308763E-11	2.363537E-8	5.310810E-8	3.696490E-8	4.569998E-8	3.084752E-8	1.614504E-9	3.423286E-9	6.439661E-9	-1.529616E-11	3.081646E-8	4.118084E-8	5.690818E-8	3.190015E-8	1.815186E-9	1.787361E-9	2.080968E-9	1.077296E-8	6.833041E-9	4.268888E-8	3.625120E-8	3.426647E-8
   0:17:58	0	2.656400E+1	4.390000E+2	1.038400E-6	1.039584E-6	1.403256E-8	1.361702E-8	2.919675E-8	3.744908E-8	5.940214E-8	6.656235E-8	6.565228E-8	4.243948E-8	1.135720E-8	1.791996E-8	-1.251869E-11	3.053579E-8	6.920213E-8	4.817791E-8	6.019747E-8	4.135525E-8	2.039717E-9	4.359892E-9	8.486670E-9	-1.611163E-11	4.170978E-8	5.591744E-8	7.866383E-8	4.572227E-8	2.345279E-9	2.301421E-9	2.602964E-9	1.471380E-8	9.217524E-9	5.980052E-8	5.187206E-8	5.276165E-8
   0:18:12	0	2.656600E+1	4.400000E+2	1.592900E-6	1.592322E-6	2.033896E-8	1.950176E-8	4.054076E-8	5.214985E-8	8.234953E-8	9.178407E-8	9.195621E-8	6.187539E-8	1.689737E-8	2.596074E-8	-1.163334E-11	4.348679E-8	9.957060E-8	6.925118E-8	8.880231E-8	6.306892E-8	2.841554E-9	6.240968E-9	1.291164E-8	-1.730219E-11	6.482373E-8	8.706768E-8	1.257585E-7	7.949681E-8	3.428602E-9	3.308873E-9	3.622707E-9	2.361366E-8	1.440945E-8	9.870575E-8	9.038578E-8	1.082008E-7
   0:18:37	1	2.656200E+1	0.000000E+0	4.306600E-9	4.395295E-9	1.509103E-10	1.480488E-10	1.429850E-10	1.513811E-10	1.535114E-10	1.572725E-10	1.598112E-10	1.579615E-10	1.542225E-10	1.212070E-10	-1.112828E-11	1.189729E-10	1.546834E-10	1.453336E-10	1.551933E-10	1.520175E-10	1.469116E-10	1.347533E-10	1.085963E-10	-1.542184E-11	1.036096E-10	1.524413E-10	1.587222E-10	1.562907E-10	1.541030E-10	1.526157E-10	1.444687E-10	1.536650E-10	1.533197E-10	1.564461E-10	1.609426E-10	1.614473E-10
   0:18:51	1	2.656200E+1	0.000000E+0	4.699500E-9	4.438406E-9	1.495235E-10	1.465985E-10	1.420370E-10	1.527099E-10	1.535114E-10	1.574610E-10	1.603806E-10	1.578344E-10	1.559977E-10	1.345413E-10	-1.207651E-11	1.333075E-10	1.554433E-10	1.471637E-10	1.560803E-10	1.502461E-10	1.464676E-10	1.369561E-10	1.194930E-10	-1.573556E-11	1.131376E-10	1.526929E-10	1.530993E-10	1.559767E-10	1.546077E-10	1.522389E-10	1.439005E-10	1.538549E-10	1.539517E-10	1.553057E-10	1.603148E-10	1.613843E-10
   0:19:05	1	2.656200E+1	1.000000E+1	6.781600E-9	6.463705E-9	2.510553E-10	2.232080E-10	2.441241E-10	2.130222E-10	2.083768E-10	2.018388E-10	1.974590E-10	2.017164E-10	2.233153E-10	2.110066E-10	-1.213940E-11	2.095280E-10	2.188494E-10	2.407510E-10	2.111257E-10	2.129638E-10	2.183077E-10	2.367784E-10	1.988616E-10	-1.579791E-11	2.264654E-10	2.088186E-10	2.066804E-10	1.932396E-10	2.192371E-10	2.203195E-10	2.417700E-10	2.152697E-10	2.162143E-10	2.197475E-10	2.013973E-10	2.001947E-10
   0:19:19	1	2.656200E+1	2.000000E+1	7.074700E-9	6.727538E-9	2.564791E-10	2.285045E-10	2.503819E-10	2.228950E-10	2.200978E-10	2.141595E-10	2.086394E-10	2.144621E-10	2.283867E-10	2.223188E-10	-1.176010E-11	2.218418E-10	2.300621E-10	2.517315E-10	2.227186E-10	2.232166E-10	2.209690E-10	2.439542E-10	2.094441E-10	-1.529616E-11	2.407260E-10	2.167562E-10	2.159690E-10	2.012964E-10	2.262358E-10	2.246532E-10	2.489050E-10	2.220445E-10	2.229711E-10	2.269707E-10	2.077323E-10	2.100717E-10
   0:19:33	1	2.656200E+1	3.000000E+1	7.363500E-9	6.962604E-9	2.653704E-10	2.348730E-10	2.577774E-10	2.295399E-10	2.276371E-10	2.264802E-10	2.191887E-10	2.241645E-10	2.333301E-10	2.322402E-10	-1.245581E-11	2.337140E-10	2.393728E-10	2.603140E-10	2.324734E-10	2.339759E-10	2.273036E-10	2.505000E-10	2.187667E-10	-1.592360E-11	2.539138E-10	2.253232E-10	2.237404E-10	2.075277E-10	2.304603E-10	2.287351E-10	2.548409E-10	2.274899E-10	2.294747E-10	2.333707E-10	2.133148E-10	2.157698E-10
   0:19:47	1	2.656200E+1	4.000000E+1	7.594700E-9	7.198555E-9	2.723074E-10	2.423126E-10	2.670070E-10	2.367542E-10	2.353664E-10	2.361603E-10	2.282212E-10	2.332963E-10	2.410003E-10	2.409615E-10	-1.201363E-11	2.436921E-10	2.486845E-10	2.699058E-10	2.405814E-10	2.444185E-10	2.323721E-10	2.587449E-10	2.268293E-10	-1.416794E-11	2.655865E-10	2.322514E-10	2.309433E-10	2.147667E-10	2.363252E-10	2.326286E-10	2.609025E-10	2.334411E-10	2.355367E-10	2.414182E-10	2.196498E-10	2.226713E-10
   0:20:01	1	2.656200E+1	5.000000E+1	7.822800E-9	7.458135E-9	2.823347E-10	2.507615E-10	2.764880E-10	2.441584E-10	2.437299E-10	2.443311E-10	2.355485E-10	2.437596E-10	2.475297E-10	2.510725E-10	-1.157046E-11	2.553748E-10	2.568553E-10	2.786776E-10	2.517932E-10	2.549241E-10	2.396578E-10	2.663599E-10	2.380413E-10	-1.542184E-11	2.814877E-10	2.407558E-10	2.400423E-10	2.228860E-10	2.417471E-10	2.395372E-10	2.711944E-10	2.404698E-10	2.427361E-10	2.488315E-10	2.255452E-10	2.284964E-10
   0:20:15	1	2.656300E+1	6.000000E+1	8.190000E-9	7.837483E-9	2.979738E-10	2.639405E-10	2.934922E-10	2.547906E-10	2.557669E-10	2.543258E-10	2.453389E-10	2.511154E-10	2.609678E-10	2.671243E-10	-1.239292E-11	2.704670E-10	2.702839E-10	2.993764E-10	2.630681E-10	2.658093E-10	2.538482E-10	2.856825E-10	2.553638E-10	-1.460636E-11	3.018058E-10	2.507090E-10	2.500890E-10	2.254040E-10	2.534122E-10	2.516590E-10	2.868541E-10	2.521832E-10	2.549228E-10	2.595408E-10	2.329466E-10	2.362205E-10
   0:20:29	1	2.656300E+1	7.000000E+1	8.358900E-9	7.993041E-9	3.043434E-10	2.693624E-10	3.016470E-10	2.597270E-10	2.595686E-10	2.608632E-10	2.501404E-10	2.570128E-10	2.633764E-10	2.743282E-10	-1.264545E-11	2.764026E-10	2.754787E-10	3.072645E-10	2.692760E-10	2.716321E-10	2.570155E-10	2.919770E-10	2.568753E-10	-1.454402E-11	3.113348E-10	2.551183E-10	2.550176E-10	2.317615E-10	2.573212E-10	2.552382E-10	2.920314E-10	2.564882E-10	2.580171E-10	2.670171E-10	2.347655E-10	2.398286E-10
   0:20:43	1	2.656300E+1	8.000000E+1	8.518700E-9	8.149018E-9	3.079384E-10	2.727676E-10	3.066405E-10	2.631449E-10	2.652076E-10	2.662694E-10	2.548142E-10	2.625297E-10	2.684468E-10	2.811530E-10	-1.194975E-11	2.864435E-10	2.820025E-10	3.147742E-10	2.742800E-10	2.770752E-10	2.617040E-10	2.962564E-10	2.678993E-10	-1.410560E-11	3.204842E-10	2.607239E-10	2.598824E-10	2.355375E-10	2.600326E-10	2.591327E-10	2.958202E-10	2.606672E-10	2.595323E-10	2.710723E-10	2.398460E-10	2.429950E-10
   0:20:57	1	2.656300E+1	9.000000E+1	8.686100E-9	8.311569E-9	3.150646E-10	2.777486E-10	3.134672E-10	2.688406E-10	2.722398E-10	2.735610E-10	2.610047E-10	2.674119E-10	2.721233E-10	2.865881E-10	-1.232904E-11	2.928845E-10	2.896043E-10	3.191915E-10	2.799179E-10	2.820747E-10	2.646813E-10	3.017321E-10	2.738200E-10	-1.667574E-11	3.296337E-10	2.645664E-10	2.674014E-10	2.408885E-10	2.650136E-10	2.630262E-10	3.001762E-10	2.644024E-10	2.659103E-10	2.751275E-10	2.458037E-10	2.466672E-10
   0:21:11	1	2.656400E+1	1.000000E+2	8.961500E-9	8.494286E-9	3.208029E-10	2.827295E-10	3.202938E-10	2.739669E-10	2.774347E-10	2.783381E-10	2.682054E-10	2.757188E-10	2.759900E-10	2.963828E-10	-1.125404E-11	3.010940E-10	2.951781E-10	3.261970E-10	2.851119E-10	2.892263E-10	2.686087E-10	3.073967E-10	2.827021E-10	-1.655005E-11	3.415594E-10	2.720625E-10	2.713195E-10	2.461122E-10	2.693018E-10	2.669207E-10	3.070591E-10	2.685185E-10	2.693834E-10	2.820977E-10	2.493168E-10	2.530610E-10
   0:21:25	1	2.656400E+1	1.200000E+2	9.408900E-9	8.988374E-9	3.372625E-10	2.957184E-10	3.359079E-10	2.906744E-10	2.968850E-10	3.010930E-10	2.862714E-10	2.923337E-10	2.901896E-10	3.146464E-10	-1.264545E-11	3.216811E-10	3.115837E-10	3.454442E-10	3.052556E-10	3.053648E-10	2.801388E-10	3.214959E-10	2.978191E-10	-1.479440E-11	3.645909E-10	2.890076E-10	2.911596E-10	2.610303E-10	2.821644E-10	2.802353E-10	3.224656E-10	2.816242E-10	2.827076E-10	2.990799E-10	2.653731E-10	2.666101E-10
   0:21:39	1	2.656500E+1	1.400000E+2	9.817000E-9	9.741982E-9	3.617312E-10	3.169681E-10	3.635308E-10	3.151658E-10	3.258390E-10	3.313907E-10	3.145696E-10	3.187770E-10	3.107265E-10	3.405558E-10	-1.226616E-11	3.510451E-10	3.436987E-10	3.729582E-10	3.335703E-10	3.299837E-10	3.018050E-10	3.446568E-10	3.245905E-10	-1.717651E-11	3.974025E-10	3.129445E-10	3.180139E-10	2.845090E-10	3.034769E-10	3.002065E-10	3.429866E-10	3.054939E-10	3.034196E-10	3.260732E-10	2.872625E-10	2.880732E-10
   0:21:53	1	2.656500E+1	1.600000E+2	1.097200E-8	1.088525E-8	3.986235E-10	3.501963E-10	4.031643E-10	3.526322E-10	3.667660E-10	3.784715E-10	3.570807E-10	3.594877E-10	3.443863E-10	3.784727E-10	-1.188687E-11	3.931654E-10	3.882294E-10	4.164389E-10	3.748069E-10	3.685890E-10	3.324670E-10	3.799038E-10	3.598651E-10	-1.435598E-11	4.401843E-10	3.550865E-10	3.591473E-10	3.203867E-10	3.347514E-10	3.306676E-10	3.764521E-10	3.381644E-10	3.356245E-10	3.678931E-10	3.245824E-10	3.258081E-10
   0:22:07	1	2.656600E+1	1.800000E+2	1.267900E-8	1.255160E-8	4.497045E-10	4.007025E-10	4.599917E-10	4.072477E-10	4.304389E-10	4.456052E-10	4.213853E-10	4.188424E-10	3.947154E-10	4.338951E-10	-1.169722E-11	4.522730E-10	4.526484E-10	4.790402E-10	4.364412E-10	4.258016E-10	3.787136E-10	4.288069E-10	4.113913E-10	-1.423029E-11	5.004443E-10	4.121569E-10	4.219541E-10	3.754633E-10	3.829239E-10	3.776456E-10	4.248186E-10	3.857138E-10	3.834264E-10	4.269492E-10	3.799646E-10	3.784205E-10
   0:22:22	1	2.656600E+1	2.000000E+2	1.489400E-8	1.477020E-8	5.185064E-10	4.667190E-10	5.336976E-10	4.831915E-10	5.141313E-10	5.369388E-10	5.065331E-10	4.960152E-10	4.607021E-10	5.053682E-10	-1.125404E-11	5.287458E-10	5.420257E-10	5.603837E-10	5.189153E-10	5.018743E-10	4.423180E-10	4.925018E-10	4.784134E-10	-1.579791E-11	5.825374E-10	4.906454E-10	5.060542E-10	4.494864E-10	4.468605E-10	4.386917E-10	4.901078E-10	4.501052E-10	4.490355E-10	5.045701E-10	4.532855E-10	4.488879E-10
   0:22:36	1	2.656600E+1	2.200000E+2	1.783100E-8	1.772644E-8	6.105167E-10	5.541106E-10	6.326233E-10	5.824248E-10	6.280459E-10	6.567471E-10	6.180226E-10	6.022953E-10	5.488118E-10	5.966843E-10	-1.232904E-11	6.294684E-10	6.576903E-10	6.681066E-10	6.297681E-10	6.046540E-10	5.223299E-10	5.782258E-10	5.664115E-10	-1.310208E-11	6.871561E-10	5.966607E-10	6.175773E-10	5.479311E-10	5.302174E-10	5.219081E-10	5.769278E-10	5.390619E-10	5.353575E-10	6.114659E-10	5.531376E-10	5.475290E-10
   0:22:50	1	2.656700E+1	2.400000E+2	2.191500E-8	2.170983E-8	7.302103E-10	6.716406E-10	7.652422E-10	7.167178E-10	7.823164E-10	8.217508E-10	7.782137E-10	7.440233E-10	6.670929E-10	7.234531E-10	-1.119116E-11	7.665023E-10	8.137666E-10	8.104116E-10	7.782464E-10	7.421156E-10	6.327509E-10	6.899435E-10	6.827552E-10	-1.466970E-11	8.243990E-10	7.377009E-10	7.689071E-10	6.809955E-10	6.445333E-10	6.321928E-10	6.922252E-10	6.598666E-10	6.526204E-10	7.558093E-10	6.888669E-10	6.804227E-10
   0:23:04	1	2.656700E+1	2.600000E+2	2.751200E-8	2.713739E-8	8.957514E-10	8.316063E-10	9.442573E-10	9.018937E-10	9.905032E-10	1.042762E-9	9.915907E-10	9.356570E-10	8.293658E-10	8.916774E-10	-1.359369E-11	9.491288E-10	1.029323E-9	1.010205E-9	9.808842E-10	9.288779E-10	7.829568E-10	8.440829E-10	8.410499E-10	-1.542184E-11	1.013130E-9	9.332906E-10	9.766608E-10	8.622126E-10	7.996446E-10	7.860646E-10	8.471124E-10	8.227122E-10	8.152230E-10	9.531899E-10	8.729534E-10	8.626375E-10
   0:23:18	1	2.656700E+1	2.800000E+2	3.500000E-8	3.469918E-8	1.124293E-9	1.055066E-9	1.191922E-9	1.160039E-9	1.283460E-9	1.354164E-9	1.292011E-9	1.195840E-9	1.056230E-9	1.127014E-9	-1.289798E-11	1.203557E-9	1.327351E-9	1.287495E-9	1.266693E-9	1.189752E-9	9.927757E-10	1.056567E-9	1.058998E-9	-1.548419E-11	1.269252E-9	1.201070E-9	1.265736E-9	1.115249E-9	1.016801E-9	9.987845E-10	1.064762E-9	1.050772E-9	1.039457E-9	1.230662E-9	1.133999E-9	1.117787E-9
   0:23:33	1	2.656800E+1	3.000000E+2	4.571500E-8	4.530489E-8	1.444844E-9	1.370521E-9	1.543569E-9	1.525644E-9	1.694449E-9	1.786945E-9	1.714911E-9	1.562874E-9	1.373486E-9	1.456954E-9	-1.245581E-11	1.560727E-9	1.750165E-9	1.669225E-9	1.665572E-9	1.552772E-9	1.288562E-9	1.356096E-9	1.367085E-9	-1.529616E-11	1.629930E-9	1.576818E-9	1.674168E-9	1.466856E-9	1.322170E-9	1.299494E-9	1.370243E-9	1.366080E-9	1.349317E-9	1.616171E-9	1.500980E-9	1.476012E-9
   0:23:47	1	2.656900E+1	3.200000E+2	6.122700E-8	6.085190E-8	1.915297E-9	1.823872E-9	2.070313E-9	2.054529E-9	2.295443E-9	2.419934E-9	2.331673E-9	2.099856E-9	1.833112E-9	1.932051E-9	-1.207651E-11	2.081516E-9	2.368648E-9	2.242359E-9	2.252013E-9	2.087682E-9	1.711875E-9	1.796862E-9	1.807263E-9	-1.510812E-11	2.173158E-9	2.132222E-9	2.274498E-9	1.983126E-9	1.766256E-9	1.737055E-9	1.828401E-9	1.832203E-9	1.800816E-9	2.179418E-9	2.041887E-9	2.005750E-9
   0:24:01	1	2.656900E+1	3.400000E+2	8.473000E-8	8.440243E-8	2.635671E-9	2.519034E-9	2.851423E-9	2.859597E-9	3.204789E-9	3.379094E-9	3.269509E-9	2.912176E-9	2.533612E-9	2.658035E-9	-1.182299E-11	2.863807E-9	3.303337E-9	3.091644E-9	3.142505E-9	2.897961E-9	2.363887E-9	2.472520E-9	2.475217E-9	-1.473205E-11	2.974651E-9	2.971717E-9	3.185382E-9	2.771381E-9	2.439796E-9	2.404546E-9	2.510020E-9	2.533796E-9	2.492905E-9	3.032935E-9	2.864665E-9	2.813370E-9
   0:24:15	1	2.657000E+1	3.600000E+2	1.224400E-7	1.217005E-7	3.750757E-9	3.611744E-9	4.078427E-9	4.135387E-9	4.646514E-9	4.895246E-9	4.759802E-9	4.208147E-9	3.640680E-9	3.803691E-9	-1.106440E-11	4.103737E-9	4.787907E-9	4.444960E-9	4.551218E-9	4.188657E-9	3.389035E-9	3.515744E-9	3.529365E-9	-1.548419E-11	4.237532E-9	4.308412E-9	4.633789E-9	4.027059E-9	3.511580E-9	3.459981E-9	3.579896E-9	3.658203E-9	3.589131E-9	4.394383E-9	4.178425E-9	4.107675E-9
   0:24:29	1	2.657000E+1	3.620000E+2	1.269800E-7	1.266416E-7	3.898514E-9	3.757080E-9	4.238733E-9	4.306009E-9	4.834934E-9	5.093251E-9	4.960103E-9	4.381074E-9	3.788373E-9	3.953525E-9	-1.194975E-11	4.267548E-9	4.983384E-9	4.623172E-9	4.741694E-9	4.361561E-9	3.525240E-9	3.655659E-9	3.665929E-9	-1.523381E-11	4.401844E-9	4.484096E-9	4.827137E-9	4.194179E-9	3.652253E-9	3.602674E-9	3.719629E-9	3.807562E-9	3.735504E-9	4.576112E-9	4.353919E-9	4.278051E-9
   0:24:43	1	2.657100E+1	3.640000E+2	1.323000E-7	1.317120E-7	4.047975E-9	3.906895E-9	4.402516E-9	4.476819E-9	5.032414E-9	5.300434E-9	5.162426E-9	4.557996E-9	3.939236E-9	4.106899E-9	-1.327728E-11	4.434956E-9	5.189122E-9	4.806433E-9	4.932487E-9	4.536742E-9	3.662459E-9	3.796140E-9	3.812823E-9	-1.523381E-11	4.574233E-9	4.665262E-9	5.025920E-9	4.365010E-9	3.798221E-9	3.747439E-9	3.866245E-9	3.959835E-9	3.880552E-9	4.763037E-9	4.533865E-9	4.456150E-9
   0:24:57	1	2.657100E+1	3.660000E+2	1.378200E-7	1.372927E-7	4.214653E-9	4.072031E-9	4.585830E-9	4.667501E-9	5.246557E-9	5.526097E-9	5.380036E-9	4.749566E-9	4.105692E-9	4.277147E-9	-1.176010E-11	4.616825E-9	5.410634E-9	5.006227E-9	5.141839E-9	4.730657E-9	3.818620E-9	3.953363E-9	3.971622E-9	-1.535850E-11	4.763279E-9	4.867781E-9	5.241321E-9	4.553842E-9	3.960206E-9	3.905393E-9	4.026436E-9	4.131102E-9	4.049027E-9	4.966500E-9	4.729367E-9	4.650711E-9
   0:25:10	1	2.657100E+1	3.680000E+2	1.432200E-7	1.430212E-7	4.385807E-9	4.237106E-9	4.774012E-9	4.860967E-9	5.466401E-9	5.758548E-9	5.614510E-9	4.952361E-9	4.275194E-9	4.455484E-9	-1.207651E-11	4.809681E-9	5.634741E-9	5.214100E-9	5.359681E-9	4.929571E-9	3.976047E-9	4.113356E-9	4.132940E-9	-1.435598E-11	4.956302E-9	5.070490E-9	5.463798E-9	4.748026E-9	4.121308E-9	4.067806E-9	4.190290E-9	4.301800E-9	4.220599E-9	5.175856E-9	4.931768E-9	4.849132E-9
   0:25:24	1	2.657200E+1	3.700000E+2	1.493800E-7	1.492990E-7	4.573105E-9	4.421157E-9	4.979766E-9	5.073863E-9	5.706773E-9	6.011806E-9	5.863640E-9	5.167394E-9	4.463075E-9	4.646648E-9	-1.131793E-11	5.015358E-9	5.885135E-9	5.441284E-9	5.600768E-9	5.148927E-9	4.151340E-9	4.286945E-9	4.311080E-9	-1.454402E-11	5.170463E-9	5.295436E-9	5.707569E-9	4.962100E-9	4.306876E-9	4.245608E-9	4.367656E-9	4.491365E-9	4.403534E-9	5.404158E-9	5.153613E-9	5.068385E-9
   0:25:38	1	2.657200E+1	3.720000E+2	1.557400E-7	1.557602E-7	4.764502E-9	4.610316E-9	5.190387E-9	5.296695E-9	5.959309E-9	6.276128E-9	6.123444E-9	5.394476E-9	4.653492E-9	4.841982E-9	-1.182299E-11	5.231391E-9	6.142941E-9	5.672694E-9	5.842934E-9	5.371639E-9	4.327268E-9	4.467330E-9	4.492808E-9	-1.429363E-11	5.386202E-9	5.530144E-9	5.963723E-9	5.178062E-9	4.488345E-9	4.428495E-9	4.558219E-9	4.683968E-9	4.593291E-9	5.641141E-9	5.383174E-9	5.291816E-9
   0:25:51	1	2.657300E+1	3.740000E+2	1.626400E-7	1.628357E-7	4.974314E-9	4.814986E-9	5.422376E-9	5.539714E-9	6.234843E-9	6.565655E-9	6.402138E-9	5.637983E-9	4.863686E-9	5.058739E-9	-1.194975E-11	5.466306E-9	6.421462E-9	5.932377E-9	6.107459E-9	5.618019E-9	4.522326E-9	4.664583E-9	4.692488E-9	-1.742788E-11	5.623583E-9	5.782805E-9	6.237949E-9	5.419140E-9	4.692638E-9	4.630036E-9	4.758505E-9	4.898352E-9	4.802432E-9	5.902075E-9	5.635877E-9	5.542283E-9
   0:26:05	1	2.657300E+1	3.760000E+2	1.697400E-7	1.701651E-7	5.194152E-9	5.030817E-9	5.662455E-9	5.787797E-9	6.512660E-9	6.858325E-9	6.695610E-9	5.893600E-9	5.080473E-9	5.285736E-9	-1.245581E-11	5.706208E-9	6.709863E-9	6.195783E-9	6.386618E-9	5.872311E-9	4.725430E-9	4.868633E-9	4.898971E-9	-1.535850E-11	5.876487E-9	6.047751E-9	6.519064E-9	5.668526E-9	4.904624E-9	4.837795E-9	4.966810E-9	5.121790E-9	5.022813E-9	6.169599E-9	5.892720E-9	5.799522E-9
   0:26:19	1	2.657300E+1	3.780000E+2	1.783700E-7	1.782855E-7	5.435056E-9	5.270672E-9	5.925794E-9	6.067333E-9	6.823863E-9	7.186635E-9	7.018202E-9	6.175470E-9	5.322424E-9	5.534407E-9	-1.188687E-11	5.975223E-9	7.033418E-9	6.488598E-9	6.696941E-9	6.150208E-9	4.949059E-9	5.096978E-9	5.128258E-9	-1.435598E-11	6.146932E-9	6.335438E-9	6.838594E-9	5.943404E-9	5.137103E-9	5.068853E-9	5.199993E-9	5.366502E-9	5.264793E-9	6.465449E-9	6.182617E-9	6.083481E-9
   0:26:33	1	2.657400E+1	3.800000E+2	1.873400E-7	1.869712E-7	5.695823E-9	5.523703E-9	6.210943E-9	6.358958E-9	7.155910E-9	7.540089E-9	7.363092E-9	6.477064E-9	5.582885E-9	5.798941E-9	-1.182299E-11	6.261793E-9	7.375534E-9	6.796430E-9	7.020820E-9	6.454372E-9	5.188527E-9	5.339359E-9	5.376063E-9	-1.554753E-11	6.441169E-9	6.648508E-9	7.178596E-9	6.237733E-9	5.390200E-9	5.317310E-9	5.452625E-9	5.626726E-9	5.516684E-9	6.788987E-9	6.495472E-9	6.384219E-9
   0:26:46	1	2.657400E+1	3.820000E+2	1.962400E-7	1.959831E-7	5.958922E-9	5.786887E-9	6.502098E-9	6.667290E-9	7.503860E-9	7.902092E-9	7.722953E-9	6.791972E-9	5.848100E-9	6.074722E-9	-1.087475E-11	6.560868E-9	7.735702E-9	7.126097E-9	7.364969E-9	6.762206E-9	5.435977E-9	5.589040E-9	5.632687E-9	-1.441833E-11	6.743101E-9	6.976130E-9	7.531994E-9	6.542385E-9	5.651305E-9	5.569848E-9	5.709487E-9	5.901512E-9	5.782532E-9	7.117025E-9	6.811650E-9	6.705024E-9
   0:27:00	1	2.657400E+1	3.840000E+2	2.062900E-7	2.060314E-7	6.258348E-9	6.081976E-9	6.828714E-9	7.010113E-9	7.886529E-9	8.305205E-9	8.123302E-9	7.141377E-9	6.147163E-9	6.379829E-9	-1.194975E-11	6.890001E-9	8.132229E-9	7.490410E-9	7.741423E-9	7.115796E-9	5.711872E-9	5.867359E-9	5.913373E-9	-1.586026E-11	7.090150E-9	7.335563E-9	7.932717E-9	6.883480E-9	5.939019E-9	5.858310E-9	5.996150E-9	6.207512E-9	6.078942E-9	7.487389E-9	7.170603E-9	7.054384E-9
   0:27:14	1	2.657500E+1	3.860000E+2	2.165500E-7	2.164712E-7	6.570513E-9	6.384632E-9	7.167023E-9	7.362427E-9	8.295110E-9	8.725167E-9	8.535658E-9	7.505050E-9	6.458399E-9	6.700036E-9	-1.220328E-11	7.239215E-9	8.548839E-9	7.862043E-9	8.140617E-9	7.478879E-9	6.001387E-9	6.159587E-9	6.211192E-9	-1.517047E-11	7.438650E-9	7.713389E-9	8.333252E-9	7.237418E-9	6.237829E-9	6.156194E-9	6.295824E-9	6.517567E-9	6.389752E-9	7.870554E-9	7.538400E-9	7.423941E-9
   0:27:27	1	2.657500E+1	3.880000E+2	2.281500E-7	2.281077E-7	6.917929E-9	6.727200E-9	7.543259E-9	7.763094E-9	8.734169E-9	9.192709E-9	9.000311E-9	7.909244E-9	6.801517E-9	7.056581E-9	-1.226616E-11	7.618677E-9	9.008202E-9	8.282521E-9	8.580546E-9	7.886454E-9	6.323402E-9	6.484610E-9	6.538620E-9	-1.504577E-11	7.831131E-9	8.129956E-9	8.785853E-9	7.634848E-9	6.572204E-9	6.487491E-9	6.627383E-9	6.871687E-9	6.737627E-9	8.296679E-9	7.952987E-9	7.838134E-9
   0:27:41	1	2.657500E+1	3.900000E+2	2.405700E-7	2.403448E-7	7.277894E-9	7.087295E-9	7.943580E-9	8.173822E-9	9.203761E-9	9.687720E-9	9.487390E-9	8.331066E-9	7.158897E-9	7.428165E-9	-1.176010E-11	8.022262E-9	9.489227E-9	8.721492E-9	9.043782E-9	8.309724E-9	6.656819E-9	6.828134E-9	6.884060E-9	-1.473205E-11	8.244182E-9	8.567313E-9	9.266065E-9	8.053177E-9	6.926628E-9	6.835743E-9	6.983503E-9	7.244611E-9	7.102235E-9	8.751193E-9	8.394609E-9	8.266951E-9
   0:27:55	1	2.657600E+1	3.920000E+2	2.543800E-7	2.540510E-7	7.683960E-9	7.487808E-9	8.387962E-9	8.636829E-9	9.734492E-9	1.023227E-8	1.003340E-8	8.808124E-9	7.577574E-9	7.848346E-9	-1.169722E-11	8.475548E-9	1.003417E-8	9.212459E-9	9.557756E-9	8.788564E-9	7.037497E-9	7.206779E-9	7.273404E-9	-1.560988E-11	8.707147E-9	9.057896E-9	9.801437E-9	8.523500E-9	7.320460E-9	7.226515E-9	7.369236E-9	7.662424E-9	7.501006E-9	9.253863E-9	8.880510E-9	8.757376E-9
   0:28:09	1	2.657600E+1	3.940000E+2	2.681400E-7	2.684441E-7	8.112033E-9	7.902004E-9	8.853770E-9	9.128627E-9	1.028081E-8	1.081673E-8	1.059704E-8	9.311686E-9	7.997201E-9	8.286981E-9	-1.169722E-11	8.945124E-9	1.060134E-8	9.732707E-9	1.010416E-8	9.291071E-9	7.432871E-9	7.609088E-9	7.683348E-9	-1.397991E-11	9.190428E-9	9.580604E-9	1.036676E-8	9.014907E-9	7.734281E-9	7.641027E-9	7.783069E-9	8.098663E-9	7.929456E-9	9.784666E-9	9.393694E-9	9.265588E-9
   0:28:22	1	2.657700E+1	3.960000E+2	2.844700E-7	2.847419E-7	8.591949E-9	8.376229E-9	9.383927E-9	9.676497E-9	1.090480E-8	1.146631E-8	1.124759E-8	9.876314E-9	8.482247E-9	8.785274E-9	-1.081187E-11	9.483469E-9	1.124244E-8	1.031619E-8	1.072469E-8	9.848385E-9	7.879686E-9	8.058540E-9	8.146328E-9	-1.466970E-11	9.744003E-9	1.016775E-8	1.101233E-8	9.567118E-9	8.205228E-9	8.104777E-9	8.250319E-9	8.591636E-9	8.416510E-9	1.038929E-8	9.978569E-9	9.849015E-9
   0:28:36	1	2.657700E+1	3.980000E+2	3.021600E-7	3.019541E-7	9.106356E-9	8.880841E-9	9.936461E-9	1.025728E-8	1.155965E-8	1.215379E-8	1.192638E-8	1.047100E-8	8.990491E-9	9.313392E-9	-1.188687E-11	1.004429E-8	1.192483E-8	1.093690E-8	1.137384E-8	1.045639E-8	8.353363E-9	8.548087E-9	8.631044E-9	-1.617398E-11	1.032414E-8	1.079018E-8	1.167717E-8	1.016811E-8	8.703039E-9	8.594720E-9	8.747059E-9	9.115248E-9	8.931976E-9	1.101920E-8	1.059393E-8	1.045296E-8
   0:28:50	1	2.657700E+1	4.000000E+2	3.209400E-7	3.215468E-7	9.680863E-9	9.449896E-9	1.057200E-8	1.091419E-8	1.231580E-8	1.293419E-8	1.270068E-8	1.115719E-8	9.571187E-9	9.907233E-9	-1.359369E-11	1.069499E-8	1.270040E-8	1.163947E-8	1.211148E-8	1.113370E-8	8.900403E-9	9.088423E-9	9.186873E-9	-1.736553E-11	1.098770E-8	1.148939E-8	1.244557E-8	1.083646E-8	9.267368E-9	9.156132E-9	9.307633E-9	9.710597E-9	9.511030E-9	1.174808E-8	1.130130E-8	1.115750E-8
   0:29:03	1	2.657800E+1	4.020000E+2	3.424100E-7	3.424559E-7	1.030160E-8	1.005590E-8	1.124520E-8	1.162256E-8	1.310027E-8	1.376612E-8	1.353120E-8	1.188061E-8	1.018795E-8	1.054955E-8	-1.081187E-11	1.137889E-8	1.352564E-8	1.238797E-8	1.290297E-8	1.186683E-8	9.465749E-9	9.665202E-9	9.781630E-9	-1.473205E-11	1.169492E-8	1.225122E-8	1.326914E-8	1.155975E-8	9.877474E-9	9.748758E-9	9.909123E-9	1.034951E-8	1.012993E-8	1.252239E-8	1.204674E-8	1.190662E-8
   0:29:17	1	2.657900E+1	4.040000E+2	3.672100E-7	3.664627E-7	1.101119E-8	1.074658E-8	1.200766E-8	1.243490E-8	1.400791E-8	1.472642E-8	1.447365E-8	1.271341E-8	1.090195E-8	1.127351E-8	-1.264545E-11	1.215890E-8	1.446913E-8	1.324426E-8	1.380721E-8	1.270844E-8	1.013664E-8	1.033658E-8	1.046023E-8	-1.460636E-11	1.251901E-8	1.311478E-8	1.422267E-8	1.238288E-8	1.056634E-8	1.043823E-8	1.060104E-8	1.107655E-8	1.085113E-8	1.341348E-8	1.291531E-8	1.276996E-8
   0:29:31	1	2.657900E+1	4.060000E+2	3.933200E-7	3.931460E-7	1.180005E-8	1.152699E-8	1.286469E-8	1.331541E-8	1.502737E-8	1.579483E-8	1.552436E-8	1.363334E-8	1.168955E-8	1.207602E-8	-1.093863E-11	1.304564E-8	1.551626E-8	1.420165E-8	1.481818E-8	1.363397E-8	1.087608E-8	1.107908E-8	1.121587E-8	-1.416794E-11	1.340266E-8	1.407844E-8	1.527548E-8	1.330766E-8	1.134007E-8	1.119723E-8	1.136865E-8	1.188952E-8	1.164867E-8	1.441312E-8	1.388128E-8	1.372902E-8
   0:29:45	1	2.657900E+1	4.080000E+2	4.219300E-7	4.221533E-7	1.265330E-8	1.236831E-8	1.379858E-8	1.429977E-8	1.612412E-8	1.693383E-8	1.666825E-8	1.465677E-8	1.253945E-8	1.296182E-8	-1.176010E-11	1.398524E-8	1.665345E-8	1.522871E-8	1.590530E-8	1.463841E-8	1.167069E-8	1.187722E-8	1.203355E-8	-1.617398E-11	1.440033E-8	1.513759E-8	1.642514E-8	1.431307E-8	1.219135E-8	1.202374E-8	1.219909E-8	1.277137E-8	1.252407E-8	1.548252E-8	1.493719E-8	1.477900E-8
   0:29:58	1	2.658000E+1	4.100000E+2	4.559000E-7	4.559518E-7	1.364869E-8	1.334078E-8	1.487167E-8	1.542158E-8	1.740308E-8	1.826989E-8	1.798755E-8	1.582312E-8	1.353927E-8	1.398608E-8	-1.169722E-11	1.509875E-8	1.798936E-8	1.643600E-8	1.718523E-8	1.581829E-8	1.260981E-8	1.282610E-8	1.299491E-8	-1.441833E-11	1.553651E-8	1.635403E-8	1.775937E-8	1.547893E-8	1.316692E-8	1.299219E-8	1.317615E-8	1.380422E-8	1.353802E-8	1.674766E-8	1.616703E-8	1.600677E-8
   0:30:12	1	2.658100E+1	4.110000E+2	4.737100E-7	4.738072E-7	1.417237E-8	1.385599E-8	1.544386E-8	1.601331E-8	1.807035E-8	1.897045E-8	1.869161E-8	1.644869E-8	1.407242E-8	1.453271E-8	-1.239292E-11	1.567435E-8	1.868474E-8	1.708656E-8	1.785288E-8	1.644820E-8	1.309983E-8	1.331589E-8	1.349323E-8	-1.529616E-11	1.614498E-8	1.700556E-8	1.846225E-8	1.611404E-8	1.367791E-8	1.350895E-8	1.368641E-8	1.435335E-8	1.405823E-8	1.741856E-8	1.681694E-8	1.666022E-8
   0:30:26	1	2.658100E+1	4.120000E+2	4.932700E-7	4.929187E-7	1.473508E-8	1.440821E-8	1.605702E-8	1.665934E-8	1.879273E-8	1.973701E-8	1.944209E-8	1.710692E-8	1.463563E-8	1.510684E-8	-1.264545E-11	1.629706E-8	1.943529E-8	1.776073E-8	1.857196E-8	1.710741E-8	1.362742E-8	1.384597E-8	1.404163E-8	-1.604830E-11	1.678829E-8	1.769816E-8	1.922566E-8	1.677269E-8	1.424413E-8	1.404518E-8	1.423669E-8	1.493287E-8	1.464208E-8	1.813090E-8	1.750876E-8	1.735369E-8
   0:30:39	1	2.658200E+1	4.130000E+2	5.141300E-7	5.133540E-7	1.533658E-8	1.499365E-8	1.669299E-8	1.733720E-8	1.956745E-8	2.054412E-8	2.023831E-8	1.782463E-8	1.523730E-8	1.573152E-8	-1.226616E-11	1.695817E-8	2.023905E-8	1.848620E-8	1.934970E-8	1.783123E-8	1.417991E-8	1.441891E-8	1.462757E-8	-1.529616E-11	1.747248E-8	1.843208E-8	2.003514E-8	1.749353E-8	1.482996E-8	1.463423E-8	1.481463E-8	1.556260E-8	1.525448E-8	1.889926E-8	1.824787E-8	1.811078E-8
   0:30:53	1	2.658200E+1	4.140000E+2	5.369200E-7	5.369212E-7	1.602656E-8	1.567507E-8	1.744098E-8	1.812404E-8	2.043903E-8	2.146758E-8	2.115972E-8	1.864487E-8	1.592253E-8	1.644417E-8	-1.258257E-11	1.772562E-8	2.116791E-8	1.932431E-8	2.022702E-8	1.865119E-8	1.484319E-8	1.507141E-8	1.528613E-8	-1.567223E-11	1.827934E-8	1.929318E-8	2.097307E-8	1.832685E-8	1.552078E-8	1.531622E-8	1.549075E-8	1.629370E-8	1.595427E-8	1.977464E-8	1.910652E-8	1.897874E-8
   0:31:07	1	2.658300E+1	4.150000E+2	5.598500E-7	5.603224E-7	1.671206E-8	1.634526E-8	1.817266E-8	1.889310E-8	2.131366E-8	2.237243E-8	2.208013E-8	1.946201E-8	1.661935E-8	1.715391E-8	-1.081187E-11	1.848291E-8	2.208468E-8	2.015656E-8	2.111403E-8	1.947666E-8	1.549242E-8	1.572818E-8	1.595390E-8	-1.629967E-11	1.906764E-8	2.015057E-8	2.189103E-8	1.913028E-8	1.620289E-8	1.597932E-8	1.617130E-8	1.700637E-8	1.666657E-8	2.065737E-8	1.996480E-8	1.984745E-8
   0:31:21	1	2.658300E+1	4.160000E+2	5.849600E-7	5.857886E-7	1.745331E-8	1.707662E-8	1.897583E-8	1.974424E-8	2.228313E-8	2.338200E-8	2.307677E-8	2.035170E-8	1.736447E-8	1.791351E-8	-1.068510E-11	1.931249E-8	2.307644E-8	2.105545E-8	2.206584E-8	2.036238E-8	1.618890E-8	1.643134E-8	1.667747E-8	-1.573556E-11	1.993199E-8	2.106547E-8	2.291780E-8	2.003882E-8	1.693431E-8	1.670566E-8	1.689528E-8	1.778470E-8	1.743310E-8	2.161658E-8	2.090461E-8	2.079474E-8
   0:31:34	1	2.658400E+1	4.170000E+2	6.124900E-7	6.131825E-7	1.826682E-8	1.785223E-8	1.985321E-8	2.065139E-8	2.329239E-8	2.444482E-8	2.414158E-8	2.130270E-8	1.817267E-8	1.874155E-8	-1.340404E-11	2.019772E-8	2.414213E-8	2.202571E-8	2.309772E-8	2.132164E-8	1.694855E-8	1.717655E-8	1.744754E-8	-1.636202E-11	2.087476E-8	2.206805E-8	2.401793E-8	2.100602E-8	1.773503E-8	1.749901E-8	1.768854E-8	1.862432E-8	1.825445E-8	2.264828E-8	2.191581E-8	2.180319E-8
   0:31:48	1	2.658500E+1	4.180000E+2	6.448500E-7	6.450707E-7	1.919695E-8	1.876026E-8	2.085663E-8	2.169454E-8	2.447943E-8	2.569382E-8	2.538243E-8	2.239969E-8	1.910695E-8	1.970818E-8	-1.144369E-11	2.123955E-8	2.539062E-8	2.314276E-8	2.429980E-8	2.243406E-8	1.781424E-8	1.806192E-8	1.835202E-8	-1.723984E-11	2.196506E-8	2.323303E-8	2.530408E-8	2.212379E-8	1.867295E-8	1.840616E-8	1.860782E-8	1.961077E-8	1.921346E-8	2.385531E-8	2.308844E-8	2.300462E-8
   0:32:02	1	2.658500E+1	4.190000E+2	6.776300E-7	6.773204E-7	2.013691E-8	1.969042E-8	2.187390E-8	2.275623E-8	2.567901E-8	2.695458E-8	2.662561E-8	2.353078E-8	2.006581E-8	2.068113E-8	-1.100152E-11	2.226920E-8	2.662289E-8	2.429918E-8	2.549898E-8	2.356489E-8	1.872314E-8	1.896309E-8	1.926658E-8	-1.535850E-11	2.303839E-8	2.441936E-8	2.658611E-8	2.327461E-8	1.961151E-8	1.932782E-8	1.954169E-8	2.059696E-8	2.018390E-8	2.508293E-8	2.427939E-8	2.420168E-8
   0:32:15	1	2.658600E+1	4.200000E+2	7.125200E-7	7.126168E-7	2.116333E-8	2.068559E-8	2.297000E-8	2.390741E-8	2.699909E-8	2.832509E-8	2.799077E-8	2.474958E-8	2.109302E-8	2.174356E-8	-1.106440E-11	2.341794E-8	2.802005E-8	2.554428E-8	2.683567E-8	2.479331E-8	1.968519E-8	1.994565E-8	2.026108E-8	-1.473205E-11	2.423350E-8	2.569666E-8	2.799383E-8	2.452758E-8	2.064628E-8	2.035481E-8	2.055872E-8	2.168458E-8	2.127836E-8	2.641093E-8	2.559767E-8	2.552910E-8
   0:32:29	1	2.658600E+1	4.210000E+2	7.547600E-7	7.539787E-7	2.236482E-8	2.187181E-8	2.427646E-8	2.525909E-8	2.851342E-8	2.992749E-8	2.960070E-8	2.617599E-8	2.230651E-8	2.297965E-8	-1.106440E-11	2.474098E-8	2.962327E-8	2.699610E-8	2.839425E-8	2.624660E-8	2.082995E-8	2.108712E-8	2.144322E-8	-1.535850E-11	2.566581E-8	2.721005E-8	2.967116E-8	2.599280E-8	2.184531E-8	2.152826E-8	2.173948E-8	2.296411E-8	2.251743E-8	2.799314E-8	2.713422E-8	2.710590E-8
   0:32:43	1	2.658700E+1	4.220000E+2	7.966700E-7	7.963999E-7	2.358780E-8	2.307259E-8	2.557774E-8	2.665892E-8	3.008313E-8	3.156496E-8	3.124500E-8	2.766151E-8	2.354473E-8	2.425024E-8	-1.112828E-11	2.609193E-8	3.128786E-8	2.848636E-8	2.999186E-8	2.772146E-8	2.198997E-8	2.226541E-8	2.264767E-8	-1.554753E-11	2.710499E-8	2.875027E-8	3.135715E-8	2.752934E-8	2.309069E-8	2.277192E-8	2.297896E-8	2.425808E-8	2.380815E-8	2.961539E-8	2.871429E-8	2.871817E-8
   0:32:57	1	2.658700E+1	4.230000E+2	8.429700E-7	8.431809E-7	2.495376E-8	2.438820E-8	2.703674E-8	2.817558E-8	3.180165E-8	3.336681E-8	3.302687E-8	2.927271E-8	2.492659E-8	2.564356E-8	-1.125404E-11	2.761231E-8	3.310847E-8	3.014070E-8	3.172908E-8	2.936398E-8	2.328114E-8	2.355096E-8	2.397734E-8	-1.535850E-11	2.867126E-8	3.045774E-8	3.326189E-8	2.920921E-8	2.446292E-8	2.412229E-8	2.434289E-8	2.572705E-8	2.523457E-8	3.139619E-8	3.045468E-8	3.051037E-8
   0:33:10	1	2.658800E+1	4.240000E+2	8.941500E-7	8.946758E-7	2.644855E-8	2.582619E-8	2.862848E-8	2.982350E-8	3.369036E-8	3.533692E-8	3.502667E-8	3.106229E-8	2.641716E-8	2.718356E-8	-1.220328E-11	2.926050E-8	3.510099E-8	3.197368E-8	3.363549E-8	3.117674E-8	2.470591E-8	2.497692E-8	2.543243E-8	-1.435598E-11	3.042096E-8	3.238568E-8	3.532004E-8	3.108168E-8	2.597892E-8	2.560329E-8	2.582357E-8	2.732322E-8	2.677567E-8	3.338767E-8	3.239346E-8	3.250194E-8
   0:33:24	1	2.658800E+1	4.250000E+2	9.586000E-7	9.584529E-7	2.827859E-8	2.763115E-8	3.061302E-8	3.190638E-8	3.603376E-8	3.775875E-8	3.745347E-8	3.326678E-8	2.827582E-8	2.908560E-8	-1.289798E-11	3.129882E-8	3.755186E-8	3.419194E-8	3.601844E-8	3.343107E-8	2.647278E-8	2.674924E-8	2.722981E-8	-1.560988E-11	3.262693E-8	3.470121E-8	3.794099E-8	3.338501E-8	2.784758E-8	2.743381E-8	2.766189E-8	2.929478E-8	2.873631E-8	3.581402E-8	3.482366E-8	3.496798E-8
   0:33:38	1	2.658900E+1	4.260000E+2	1.023100E-6	1.024098E-6	3.016810E-8	2.946833E-8	3.256639E-8	3.397990E-8	3.841651E-8	4.025990E-8	3.995684E-8	3.559689E-8	3.018468E-8	3.104255E-8	-1.043257E-11	3.338293E-8	4.009901E-8	3.648517E-8	3.847670E-8	3.571659E-8	2.828773E-8	2.857846E-8	2.912532E-8	-1.517047E-11	3.485133E-8	3.711646E-8	4.063213E-8	3.578068E-8	2.975344E-8	2.932373E-8	2.955924E-8	3.133485E-8	3.074735E-8	3.835975E-8	3.730485E-8	3.756755E-8
   0:33:51	1	2.659000E+1	4.270000E+2	1.097800E-6	1.098140E-6	3.230015E-8	3.152758E-8	3.486060E-8	3.636258E-8	4.106479E-8	4.306277E-8	4.278431E-8	3.812479E-8	3.232960E-8	3.322334E-8	-1.169722E-11	3.573972E-8	4.293076E-8	3.907007E-8	4.123769E-8	3.835254E-8	3.032897E-8	3.060109E-8	3.120590E-8	-1.473205E-11	3.736990E-8	3.984887E-8	4.368129E-8	3.850586E-8	3.195338E-8	3.147348E-8	3.171409E-8	3.364173E-8	3.304816E-8	4.124455E-8	4.011307E-8	4.046481E-8
   0:34:05	1	2.659000E+1	4.280000E+2	1.181500E-6	1.181860E-6	3.470236E-8	3.385519E-8	3.739780E-8	3.903947E-8	4.406343E-8	4.620295E-8	4.590829E-8	4.103602E-8	3.478665E-8	3.572453E-8	-1.074899E-11	3.840588E-8	4.615430E-8	4.196514E-8	4.436354E-8	4.129228E-8	3.262805E-8	3.290839E-8	3.357007E-8	-1.492009E-11	4.024517E-8	4.295326E-8	4.711166E-8	4.160657E-8	3.443499E-8	3.389775E-8	3.412157E-8	3.624334E-8	3.562537E-8	4.449730E-8	4.332076E-8	4.382325E-8
   0:34:19	1	2.659200E+1	4.290000E+2	1.283800E-6	1.284785E-6	3.768716E-8	3.669170E-8	4.054513E-8	4.228474E-8	4.775505E-8	5.002784E-8	4.976443E-8	4.460642E-8	3.774420E-8	3.870037E-8	-1.403686E-11	4.162781E-8	5.010355E-8	4.554864E-8	4.820132E-8	4.487325E-8	3.546980E-8	3.575849E-8	3.648661E-8	-1.460636E-11	4.378097E-8	4.676057E-8	5.133955E-8	4.544141E-8	3.747764E-8	3.688011E-8	3.713584E-8	3.946145E-8	3.878859E-8	4.853260E-8	4.732615E-8	4.801197E-8
   0:34:33	1	2.659300E+1	4.300000E+2	1.397200E-6	1.397565E-6	4.088795E-8	3.979058E-8	4.387197E-8	4.582258E-8	5.179151E-8	5.421877E-8	5.399225E-8	4.845236E-8	4.099841E-8	4.203321E-8	-1.144369E-11	4.520893E-8	5.440670E-8	4.941656E-8	5.242765E-8	4.888211E-8	3.858054E-8	3.887766E-8	3.969454E-8	-1.567223E-11	4.759638E-8	5.095170E-8	5.605972E-8	4.971006E-8	4.081835E-8	4.014496E-8	4.041241E-8	4.298284E-8	4.225099E-8	5.295430E-8	5.169964E-8	5.265674E-8
   0:34:46	1	2.659400E+1	4.310000E+2	1.529000E-6	1.529720E-6	4.464073E-8	4.337774E-8	4.779668E-8	4.991121E-8	5.634427E-8	5.908234E-8	5.894308E-8	5.301018E-8	4.481665E-8	4.588791E-8	-1.258257E-11	4.930933E-8	5.942132E-8	5.395852E-8	5.728319E-8	5.355879E-8	4.220626E-8	4.247561E-8	4.340072E-8	-1.466970E-11	5.213439E-8	5.592084E-8	6.153686E-8	5.475601E-8	4.475032E-8	4.398297E-8	4.428820E-8	4.717992E-8	4.640402E-8	5.822762E-8	5.693505E-8	5.820638E-8
   0:35:00	1	2.659500E+1	4.320000E+2	1.699200E-6	1.699325E-6	4.938178E-8	4.798951E-8	5.278935E-8	5.509780E-8	6.232595E-8	6.523540E-8	6.517992E-8	5.879561E-8	4.968947E-8	5.079859E-8	-9.673987E-12	5.456397E-8	6.584678E-8	5.975947E-8	6.359082E-8	5.952630E-8	4.691447E-8	4.713448E-8	4.825164E-8	-1.592360E-11	5.802951E-8	6.221440E-8	6.871629E-8	6.128015E-8	4.978711E-8	4.893307E-8	4.921038E-8	5.249850E-8	5.170128E-8	6.500794E-8	6.366681E-8	6.543343E-8
   0:35:14	1	2.659600E+1	4.330000E+2	1.890400E-6	1.889793E-6	5.472301E-8	5.305615E-8	5.829429E-8	6.090345E-8	6.884249E-8	7.206030E-8	7.212498E-8	6.530274E-8	5.504873E-8	5.628934E-8	-1.087475E-11	6.043539E-8	7.296579E-8	6.616616E-8	7.061888E-8	6.631668E-8	5.211092E-8	5.240467E-8	5.365335E-8	-1.517047E-11	6.454047E-8	6.947426E-8	7.678784E-8	6.872643E-8	5.547481E-8	5.447912E-8	5.481165E-8	5.862315E-8	5.767743E-8	7.273226E-8	7.138379E-8	7.379080E-8
   0:35:27	1	2.659800E+1	4.340000E+2	2.127000E-6	2.126894E-6	6.133389E-8	5.935283E-8	6.510942E-8	6.797357E-8	7.682223E-8	8.042511E-8	8.065175E-8	7.334212E-8	6.179923E-8	6.305441E-8	-1.169722E-11	6.768162E-8	8.185613E-8	7.423830E-8	7.927254E-8	7.469281E-8	5.868691E-8	5.886091E-8	6.030020E-8	-1.397991E-11	7.276524E-8	7.832058E-8	8.698781E-8	7.821885E-8	6.261627E-8	6.141951E-8	6.175860E-8	6.611818E-8	6.519973E-8	8.242070E-8	8.115709E-8	8.448304E-8
   0:35:41	1	2.660000E+1	4.350000E+2	2.422900E-6	2.425107E-6	6.962182E-8	6.711683E-8	7.343260E-8	7.670984E-8	8.667553E-8	9.071113E-8	9.123301E-8	8.342974E-8	7.019636E-8	7.143393E-8	-1.226616E-11	7.669509E-8	9.277508E-8	8.415182E-8	9.020279E-8	8.532213E-8	6.683053E-8	6.704893E-8	6.878688E-8	-1.297640E-11	8.318342E-8	8.972797E-8	9.993737E-8	9.032573E-8	7.164601E-8	7.015147E-8	7.046470E-8	7.572369E-8	7.471362E-8	9.484210E-8	9.366046E-8	9.838150E-8
   0:35:55	1	2.660200E+1	4.360000E+2	2.845400E-6	2.845040E-6	8.101128E-8	7.785523E-8	8.494565E-8	8.863385E-8	1.004241E-7	1.049090E-7	1.058062E-7	9.741124E-8	8.181791E-8	8.312776E-8	-8.661872E-12	8.903184E-8	1.081097E-7	9.801631E-8	1.054192E-7	1.003351E-7	7.831702E-8	7.846607E-8	8.059450E-8	-1.260033E-11	9.780601E-8	1.057450E-7	1.183940E-7	1.080352E-7	8.440442E-8	8.252813E-8	8.295224E-8	8.936015E-8	8.825514E-8	1.126435E-7	1.117516E-7	1.189534E-7
   0:36:11	1	2.660400E+1	4.370000E+2	3.378400E-6	3.379137E-6	9.533363E-8	9.112629E-8	9.922529E-8	1.033532E-7	1.169866E-7	1.223975E-7	1.238659E-7	1.150877E-7	9.644303E-8	9.760842E-8	-1.138081E-11	1.047355E-7	1.272131E-7	1.151818E-7	1.244838E-7	1.193794E-7	9.286717E-8	9.286895E-8	9.564060E-8	-1.216191E-11	1.164495E-7	1.264014E-7	1.422643E-7	1.313197E-7	1.007479E-7	9.834745E-8	9.881896E-8	1.068964E-7	1.058612E-7	1.358884E-7	1.355215E-7	1.468461E-7
   0:36:27	1	2.660800E+1	4.380000E+2	4.138400E-6	4.139174E-6	1.151944E-7	1.095081E-7	1.187451E-7	1.234886E-7	1.399644E-7	1.460297E-7	1.487270E-7	1.398624E-7	1.169494E-7	1.177789E-7	-1.100152E-11	1.262684E-7	1.536228E-7	1.391717E-7	1.511779E-7	1.464987E-7	1.135725E-7	1.132267E-7	1.169916E-7	-1.385422E-11	1.430736E-7	1.559735E-7	1.772689E-7	1.660075E-7	1.242173E-7	1.208687E-7	1.215371E-7	1.321247E-7	1.312080E-7	1.696542E-7	1.707411E-7	1.897455E-7
   0:36:44	1	2.661400E+1	4.390000E+2	5.296700E-6	5.294114E-6	1.446977E-7	1.360444E-7	1.465903E-7	1.522444E-7	1.726346E-7	1.800271E-7	1.845392E-7	1.765809E-7	1.473249E-7	1.476024E-7	-1.030581E-11	1.578966E-7	1.925510E-7	1.742718E-7	1.910121E-7	1.876110E-7	1.447555E-7	1.440361E-7	1.492675E-7	-1.090801E-11	1.838472E-7	2.013085E-7	2.316350E-7	2.222301E-7	1.602781E-7	1.554613E-7	1.562548E-7	1.708773E-7	1.707999E-7	2.229383E-7	2.269908E-7	2.618263E-7
   0:36:58	1	2.662000E+1	4.400000E+2	7.395200E-6	7.390593E-6	1.960314E-7	1.813620E-7	1.935185E-7	2.002362E-7	2.268859E-7	2.359877E-7	2.448929E-7	2.407886E-7	2.005273E-7	1.986840E-7	-7.207579E-12	2.123321E-7	2.593245E-7	2.348764E-7	2.606179E-7	2.620985E-7	2.010982E-7	1.993215E-7	2.072279E-7	-1.454402E-11	2.584772E-7	2.844558E-7	3.329459E-7	3.327604E-7	2.270921E-7	2.185803E-7	2.201293E-7	2.431534E-7	2.443871E-7	3.241699E-7	3.365018E-7	4.121501E-7
