APD#	0002	Started	06/21/07 22:21	Sense_ohms	1.004464E+6	1.004628E+6	1.002105E+6	1.000924E+6	9.998282E+5	1.007735E+6	1.002821E+6	9.989270E+5	9.993226E+5	1.002376E+6	1.001862E+6	1.003102E+6	1.000030E+6	1.003780E+6	1.000011E+6	1.000898E+6	9.999006E+5	1.006439E+6	1.005624E+6	1.010450E+6	1.003884E+6	1.005600E+6	1.002519E+6	1.006362E+6	1.004620E+6	1.008599E+6	1.003214E+6	1.000475E+6	1.003139E+6	9.996927E+5	1.009944E+6	1.000506E+6	
ElapTime	Shutter_Open	DegC	BiasV	KE237_Amps	Pixel_Sum	A1	A2	A3	A4	A5	A6	A7	A8	B1	B2	B3	B4	B5	B6	B7	B8	C1	C2	C3	C4	C5	C6	C7	C8	D1	D2	D3	D4	D5	D6	D7	D8
0:00:00	0	-1.509682E+1	0.000000E+0	1.853000E-11	-3.661701E-10	1.264356E-11	-2.518345E-11	-1.267332E-11	-1.268828E-11	0.000000E+0	0.000000E+0	-1.266427E-11	0.000000E+0	0.000000E+0	-2.524003E-11	-2.525298E-11	-3.788249E-11	-1.269962E-11	-2.520473E-11	0.000000E+0	-1.268861E-11	0.000000E+0	-2.513814E-11	-1.262897E-11	-2.503835E-11	-1.265086E-11	-1.262928E-11	0.000000E+0	-1.261971E-11	-1.264160E-11	0.000000E+0	0.000000E+0	-1.269397E-11	0.000000E+0	-2.530778E-11	0.000000E+0	-2.528720E-11
0:00:08	0	-1.509879E+1	5.000000E+1	1.964000E-10	-4.296921E-10	2.518756E-11	-1.264150E-11	-2.524686E-11	-2.527664E-11	-1.270218E-11	-1.260252E-11	-1.266427E-11	-1.271364E-11	-2.531715E-11	-1.266990E-11	-3.792938E-11	1.266073E-11	-1.269962E-11	-1.265217E-11	-5.069944E-11	-1.268861E-11	0.000000E+0	-1.261875E-11	0.000000E+0	-2.503835E-11	-1.265086E-11	-1.262928E-11	0.000000E+0	-2.514006E-11	-1.264160E-11	0.000000E+0	-2.521895E-11	-1.269397E-11	-1.266026E-11	0.000000E+0	-2.505089E-11	-1.269358E-11
0:00:17	0	-1.509841E+1	1.000000E+2	2.447200E-10	-5.058639E-10	0.000000E+0	-1.264150E-11	-1.267332E-11	-1.268828E-11	-1.270218E-11	-1.260252E-11	-3.789310E-11	-1.271364E-11	-3.802576E-11	0.000000E+0	-2.525298E-11	0.000000E+0	-2.529924E-11	-1.265217E-11	-5.069944E-11	-1.268861E-11	-1.270126E-11	-1.261875E-11	0.000000E+0	-1.256866E-11	-2.520211E-11	-1.262928E-11	0.000000E+0	-3.775977E-11	0.000000E+0	-1.259172E-11	-1.265931E-11	-3.798196E-11	-2.522083E-11	-1.270390E-11	0.000000E+0	-1.269358E-11
0:00:26	0	-1.509879E+1	1.500000E+2	2.988700E-10	-3.917803E-10	1.264356E-11	-1.264150E-11	-1.267332E-11	-1.268828E-11	-2.530435E-11	-1.260252E-11	-2.522883E-11	-1.271364E-11	-2.531715E-11	-1.266990E-11	0.000000E+0	-2.522176E-11	-2.529924E-11	-1.265217E-11	0.000000E+0	-1.268861E-11	-2.530252E-11	-2.513814E-11	0.000000E+0	-1.256866E-11	-1.265086E-11	0.000000E+0	-1.266809E-11	0.000000E+0	0.000000E+0	-1.259172E-11	0.000000E+0	-1.269397E-11	-1.266026E-11	-1.270390E-11	-2.505089E-11	-1.269358E-11
0:00:35	0	-1.509826E+1	2.000000E+2	3.026800E-10	-3.915388E-10	1.264356E-11	-1.264150E-11	0.000000E+0	-1.268828E-11	-1.270218E-11	-1.260252E-11	-1.266427E-11	-1.271364E-11	-1.270861E-11	-2.524003E-11	-1.267640E-11	-2.522176E-11	-1.269962E-11	-2.520473E-11	0.000000E+0	-1.268861E-11	0.000000E+0	0.000000E+0	-2.515851E-11	-1.256866E-11	-2.520211E-11	-1.262928E-11	0.000000E+0	-1.261971E-11	-1.264160E-11	-1.259172E-11	-1.265931E-11	-1.269397E-11	-2.522083E-11	0.000000E+0	-2.505089E-11	-1.269358E-11
0:00:43	0	-1.499900E+1	2.500000E+2	3.418300E-10	-2.778940E-10	1.264356E-11	-1.264150E-11	-2.524686E-11	-1.268828E-11	0.000000E+0	0.000000E+0	-1.266427E-11	1.271364E-11	-1.270861E-11	-1.266990E-11	-2.525298E-11	-1.266073E-11	0.000000E+0	-1.265217E-11	0.000000E+0	0.000000E+0	-1.270126E-11	1.261875E-11	-2.515851E-11	-1.256866E-11	0.000000E+0	0.000000E+0	-1.266809E-11	1.261971E-11	0.000000E+0	-1.259172E-11	-1.265931E-11	-1.269397E-11	-2.522083E-11	-1.270390E-11	-2.505089E-11	-2.528720E-11
0:00:52	0	-1.499953E+1	3.000000E+2	3.910100E-10	-4.673240E-10	1.264356E-11	-2.518345E-11	-2.524686E-11	-1.268828E-11	-2.530435E-11	0.000000E+0	-1.266427E-11	-2.532718E-11	-1.270861E-11	-1.266990E-11	-1.267640E-11	0.000000E+0	-2.529924E-11	-2.520473E-11	-1.269986E-11	0.000000E+0	-2.530252E-11	-1.261875E-11	-1.262897E-11	-2.503835E-11	-2.520211E-11	-1.262928E-11	-1.266809E-11	-1.261971E-11	-1.264160E-11	-2.508430E-11	-2.521895E-11	-2.528799E-11	-1.266026E-11	0.000000E+0	0.000000E+0	-1.269358E-11
0:01:01	0	-1.499869E+1	3.500000E+2	4.398400E-10	-3.788511E-10	0.000000E+0	-2.518345E-11	0.000000E+0	-1.268828E-11	-1.270218E-11	-2.510581E-11	0.000000E+0	-3.804082E-11	-1.270861E-11	0.000000E+0	0.000000E+0	0.000000E+0	0.000000E+0	-3.785690E-11	-1.269986E-11	-1.268861E-11	0.000000E+0	-2.513814E-11	0.000000E+0	-1.256866E-11	-1.265086E-11	-1.262928E-11	0.000000E+0	-2.514006E-11	0.000000E+0	-1.259172E-11	0.000000E+0	-2.528799E-11	0.000000E+0	-2.530778E-11	-1.257495E-11	-2.528720E-11
0:01:10	0	-1.499801E+1	4.000000E+2	1.116600E-9	-1.140398E-10	6.301868E-11	0.000000E+0	-1.267332E-11	0.000000E+0	-1.270218E-11	0.000000E+0	-1.266427E-11	-1.271364E-11	-1.270861E-11	-1.266990E-11	-1.267640E-11	-1.266073E-11	-2.529924E-11	0.000000E+0	5.069944E-11	0.000000E+0	0.000000E+0	0.000000E+0	-1.262897E-11	-1.256866E-11	1.265086E-11	-1.262928E-11	1.266809E-11	-1.261971E-11	0.000000E+0	-1.259172E-11	0.000000E+0	-1.269397E-11	0.000000E+0	-2.530778E-11	-1.257495E-11	-1.269358E-11
0:01:18	0	-1.499945E+1	4.100000E+2	1.166700E-9	2.523597E-10	1.134934E-10	0.000000E+0	1.267332E-11	1.268828E-11	-1.270218E-11	-1.260252E-11	0.000000E+0	2.532718E-11	-1.270861E-11	-1.266990E-11	0.000000E+0	-1.266073E-11	0.000000E+0	0.000000E+0	3.799958E-11	-1.268861E-11	-1.270126E-11	1.261875E-11	1.262897E-11	1.256866E-11	1.265086E-11	1.262928E-11	1.266809E-11	2.514006E-11	0.000000E+0	0.000000E+0	-1.265931E-11	1.269397E-11	0.000000E+0	1.270390E-11	1.257495E-11	1.269358E-11
0:01:26	0	-1.499961E+1	4.200000E+2	4.799900E-5	4.680650E-5	2.534884E-9	1.474924E-7	3.367988E-7	6.453725E-7	6.657816E-7	8.066652E-7	9.296131E-7	9.798537E-7	2.258550E-7	4.134443E-7	6.842056E-7	1.000704E-6	1.227675E-6	1.381572E-6	1.460530E-6	1.622301E-6	8.653596E-7	1.129296E-6	1.443170E-6	1.837918E-6	2.129546E-6	2.351114E-6	2.531667E-6	2.761405E-6	1.303032E-6	1.521029E-6	1.925902E-6	2.285300E-6	2.656510E-6	2.917543E-6	3.127991E-6	3.489316E-6
0:01:34	0	-1.490194E+1	4.300000E+2	9.998600E-5	9.985862E-5	1.488157E-9	1.802368E-6	2.000013E-6	2.264278E-6	2.379421E-6	2.472932E-6	2.587989E-6	2.712020E-6	1.815550E-6	2.128959E-6	2.381419E-6	2.730498E-6	2.950812E-6	3.136813E-6	3.190604E-6	3.381420E-6	2.564040E-6	2.844078E-6	3.154315E-6	3.592769E-6	3.869413E-6	4.081146E-6	4.264716E-6	4.486377E-6	2.982926E-6	3.232792E-6	3.666691E-6	4.045365E-6	4.389246E-6	4.663108E-6	4.855311E-6	5.229739E-6
