APD#	0007	Started	03/22/07 11:55	Sense_ohms	1.004464E+6	1.004628E+6	1.002105E+6	1.000924E+6	9.998282E+5	1.007735E+6	1.002821E+6	9.989270E+5	9.993226E+5	1.002376E+6	1.001862E+6	1.003102E+6	1.000030E+6	1.003780E+6	1.000011E+6	1.000898E+6	9.999006E+5	1.006439E+6	1.005624E+6	1.010450E+6	1.003884E+6	1.005600E+6	1.002519E+6	1.006362E+6	1.004620E+6	1.008599E+6	1.003214E+6	1.000475E+6	1.003139E+6	9.996927E+5	1.009944E+6	1.000506E+6	
ElapTime	Shutter_Open	DegC	BiasV	KE237_Amps	Pixel_Sum	A1	A2	A3	A4	A5	A6	A7	A8	B1	B2	B3	B4	B5	B6	B7	B8	C1	C2	C3	C4	C5	C6	C7	C8	D1	D2	D3	D4	D5	D6	D7	D8
   0:00:00	0	2.690700E+1	0.000000E+0	1.825200E-10	-1.955807E-10	6.272002E-12	-1.891247E-11	0.000000E+0	0.000000E+0	0.000000E+0	-6.251644E-12	-6.282278E-12	-6.306767E-12	-6.304271E-12	-1.266990E-11	-1.267640E-11	0.000000E+0	-1.269962E-11	-1.265217E-11	-6.299931E-12	0.000000E+0	-1.270126E-11	-1.261875E-11	-1.889374E-11	-1.256866E-11	-6.275625E-12	-1.889419E-11	0.000000E+0	0.000000E+0	0.000000E+0	-6.246288E-12	0.000000E+0	0.000000E+0	0.000000E+0	-6.301937E-12	0.000000E+0	-6.296814E-12
   0:00:13	0	2.685200E+1	0.000000E+0	2.207000E-10	-2.146444E-10	-1.264356E-11	0.000000E+0	-1.267332E-11	-6.294184E-12	-1.270218E-11	-1.260252E-11	-1.266427E-11	0.000000E+0	-1.901288E-11	-6.285067E-12	-6.288291E-12	-6.280518E-12	-1.269962E-11	0.000000E+0	-1.269986E-11	-6.294348E-12	-6.300626E-12	-1.261875E-11	-1.889374E-11	-6.234846E-12	0.000000E+0	0.000000E+0	-6.284170E-12	-6.260173E-12	6.271028E-12	0.000000E+0	-1.265931E-11	6.297009E-12	-6.280286E-12	-6.301937E-12	-6.237970E-12	0.000000E+0
   0:00:26	0	2.685100E+1	1.000000E+1	1.797300E-9	1.432644E-9	5.674668E-11	4.409592E-11	4.420694E-11	3.167074E-11	4.430761E-11	5.031085E-11	4.417538E-11	4.434758E-11	-1.901288E-11	5.057982E-11	5.060577E-11	5.682373E-11	4.429867E-11	6.306163E-11	5.069944E-11	6.963747E-11	4.430440E-11	5.037563E-11	-1.262897E-11	5.641051E-11	4.412860E-11	5.668258E-11	5.057261E-11	5.663966E-11	4.409628E-11	4.392231E-11	3.787826E-11	4.427897E-11	5.054135E-11	3.801168E-11	5.020080E-11	5.067436E-11
   0:00:40	0	2.685000E+1	2.000000E+1	2.294700E-9	1.937748E-9	8.830580E-11	5.046644E-11	5.688027E-11	6.324156E-11	6.331088E-11	6.281413E-11	6.312193E-11	6.336799E-11	-1.270861E-11	9.477482E-11	5.689406E-11	8.204549E-11	5.069848E-11	8.199008E-11	6.329930E-11	7.593181E-11	8.870882E-11	8.177346E-11	-1.889374E-11	6.897917E-11	4.412860E-11	6.931185E-11	6.952487E-11	6.289983E-11	8.192152E-11	5.651404E-11	5.681739E-11	5.067593E-11	5.682164E-11	5.701752E-11	5.643877E-11	5.067436E-11
   0:00:53	0	2.684900E+1	3.000000E+1	2.536200E-9	2.139652E-9	8.830580E-11	5.673742E-11	4.420694E-11	5.694738E-11	5.700979E-11	7.541665E-11	6.950393E-11	8.238840E-11	-1.270861E-11	1.074447E-10	6.957046E-11	1.009867E-10	6.329810E-11	9.464225E-11	6.329930E-11	8.862042E-11	9.500944E-11	1.006519E-10	-1.262897E-11	8.144886E-11	6.943033E-11	6.931185E-11	7.580904E-11	6.289983E-11	8.192152E-11	7.535205E-11	5.053757E-11	5.697294E-11	5.054135E-11	5.701752E-11	5.643877E-11	6.326799E-11
   0:01:07	0	2.684900E+1	4.000000E+1	2.733200E-9	2.322928E-9	9.457780E-11	6.937891E-11	5.688027E-11	6.324156E-11	6.331088E-11	6.916501E-11	6.950393E-11	7.608164E-11	-1.270861E-11	1.137298E-10	8.853515E-11	9.470622E-11	6.969791E-11	1.072944E-10	8.229909E-11	1.012091E-10	1.077107E-10	1.006519E-10	-1.889374E-11	8.778267E-11	6.305509E-11	7.557677E-11	8.209321E-11	6.289983E-11	8.829209E-11	7.535205E-11	6.947670E-11	6.326995E-11	6.310192E-11	5.701752E-11	6.267674E-11	7.596156E-11
   0:01:20	0	2.684900E+1	5.000000E+1	2.935200E-9	2.537578E-9	1.072214E-10	6.937891E-11	6.316703E-11	6.963566E-11	6.971198E-11	8.801917E-11	7.578621E-11	9.510204E-11	-1.270861E-11	1.326847E-10	8.853515E-11	1.073669E-10	6.329810E-11	1.072944E-10	6.969923E-11	1.138977E-10	9.500944E-11	1.258894E-10	-1.889374E-11	1.002524E-10	7.570596E-11	8.820605E-11	9.476130E-11	7.551954E-11	8.829209E-11	8.159834E-11	6.947670E-11	6.326995E-11	7.576218E-11	6.972143E-11	7.525170E-11	6.966475E-11
   0:01:34	0	2.684800E+1	6.000000E+1	3.413500E-9	2.928970E-9	1.261369E-10	7.564989E-11	6.955359E-11	7.592984E-11	7.601306E-11	9.427082E-11	1.010150E-10	1.141225E-10	-1.901288E-11	1.516397E-10	1.011117E-10	1.325887E-10	8.869734E-11	1.262229E-10	8.869902E-11	1.328807E-10	1.267126E-10	1.447678E-10	-1.889374E-11	1.190559E-10	8.198158E-11	9.447096E-11	1.010455E-10	8.177972E-11	1.134757E-10	9.419006E-11	8.841583E-11	6.966691E-11	6.948190E-11	8.232530E-11	6.901373E-11	7.596156E-11
   0:01:47	0	2.684800E+1	7.000000E+1	3.535300E-9	3.054998E-9	1.261369E-10	8.192087E-11	7.584036E-11	8.222403E-11	8.231414E-11	9.427082E-11	9.473276E-11	1.141225E-10	-6.304271E-12	1.643096E-10	1.074998E-10	1.199280E-10	8.869734E-11	1.262229E-10	1.012989E-10	1.328807E-10	1.140113E-10	1.510275E-10	-2.515851E-11	1.253897E-10	9.463245E-11	1.007359E-10	9.476130E-11	1.006596E-10	1.134757E-10	9.419006E-11	9.469565E-11	7.596392E-11	8.204247E-11	8.872727E-11	8.148967E-11	8.225838E-11
   0:02:01	0	2.684800E+1	8.000000E+1	3.622800E-9	3.181231E-9	1.386809E-10	7.564989E-11	8.212712E-11	7.592984E-11	8.871524E-11	1.068733E-10	8.845048E-11	1.204292E-10	-1.270861E-11	1.643096E-10	1.137881E-10	1.325887E-10	8.869734E-11	1.387754E-10	1.012989E-10	1.328807E-10	1.393138E-10	1.699060E-10	-1.889374E-11	1.253897E-10	8.198158E-11	1.133652E-10	1.010455E-10	9.439943E-11	1.197468E-10	8.794377E-11	1.073550E-10	8.226093E-11	7.576218E-11	8.872727E-11	8.148967E-11	9.495195E-11
   0:02:14	0	2.684700E+1	9.000000E+1	3.736400E-9	3.339049E-9	1.386809E-10	8.192087E-11	8.212712E-11	8.861812E-11	7.601306E-11	1.068733E-10	1.073970E-10	1.268361E-10	-1.270861E-11	1.768797E-10	1.137881E-10	1.452494E-10	9.499715E-11	1.324992E-10	1.076988E-10	1.391750E-10	1.457145E-10	1.636463E-10	-1.262897E-11	1.316245E-10	9.463245E-11	1.133652E-10	1.199977E-10	1.006596E-10	1.261173E-10	1.004363E-10	1.073550E-10	8.226093E-11	8.842244E-11	8.232530E-11	8.782665E-11	1.012488E-10
   0:02:28	0	2.684700E+1	1.000000E+2	3.811000E-9	3.452668E-9	1.324089E-10	9.456237E-11	7.584036E-11	8.861812E-11	1.013174E-10	1.068733E-10	1.136793E-10	1.331429E-10	-6.304271E-12	1.832646E-10	1.137881E-10	1.388692E-10	1.012970E-10	1.451513E-10	9.499896E-11	1.645522E-10	1.520151E-10	1.761657E-10	-1.262897E-11	1.378594E-10	8.835682E-11	1.259944E-10	1.199977E-10	1.070191E-10	1.261173E-10	1.130281E-10	1.009755E-10	8.226093E-11	7.576218E-11	8.872727E-11	1.003026E-10	8.865514E-11
   0:02:42	0	2.684700E+1	1.200000E+2	4.015400E-9	3.578767E-9	1.513245E-10	8.829139E-11	8.212712E-11	8.861812E-11	9.501632E-11	1.131250E-10	1.199616E-10	1.394496E-10	-1.901288E-11	2.085046E-10	1.264645E-10	1.515300E-10	1.012970E-10	1.577039E-10	1.012989E-10	1.518636E-10	1.520151E-10	1.887844E-10	-1.889374E-11	1.566629E-10	1.072833E-10	1.196301E-10	1.137136E-10	1.070191E-10	1.261173E-10	1.004363E-10	1.009755E-10	9.495490E-11	9.470273E-11	8.872727E-11	8.782665E-11	1.012488E-10
   0:02:55	0	2.684700E+1	1.400000E+2	4.303900E-9	3.799893E-9	1.513245E-10	1.008333E-10	8.851368E-11	9.491230E-11	1.013174E-10	1.257275E-10	1.073970E-10	1.584700E-10	-2.531715E-11	2.085046E-10	1.264645E-10	1.578105E-10	1.076968E-10	1.577039E-10	1.266986E-10	1.581580E-10	1.647164E-10	2.014032E-10	-1.889374E-11	1.566629E-10	1.135589E-10	1.385243E-10	1.263816E-10	1.070191E-10	1.386594E-10	1.067818E-10	1.136348E-10	1.012519E-10	9.470273E-11	9.502920E-11	1.003026E-10	1.139423E-10
   0:03:09	0	2.684700E+1	1.600000E+2	4.580300E-9	4.052511E-9	1.575965E-10	9.456237E-11	1.010872E-10	1.076006E-10	1.077185E-10	1.257275E-10	1.263436E-10	1.584700E-10	-1.270861E-11	2.211745E-10	1.390411E-10	1.641907E-10	1.076968E-10	1.766323E-10	1.266986E-10	1.708466E-10	1.710170E-10	2.202816E-10	-6.264767E-12	1.692315E-10	1.072833E-10	1.322593E-10	1.326658E-10	1.132793E-10	1.450300E-10	1.318661E-10	1.262941E-10	1.012519E-10	1.073630E-10	1.077331E-10	1.003026E-10	1.202392E-10
   0:03:23	0	2.684700E+1	1.800000E+2	4.906400E-9	4.367916E-9	1.828836E-10	1.072039E-10	1.010872E-10	1.076006E-10	1.203207E-10	1.319791E-10	1.263436E-10	1.838973E-10	-1.270861E-11	2.338444E-10	1.454292E-10	1.704712E-10	1.202964E-10	1.892845E-10	1.329985E-10	1.771409E-10	1.964195E-10	2.454197E-10	-1.889374E-11	2.006037E-10	1.262098E-10	1.385243E-10	1.453339E-10	1.258990E-10	1.639426E-10	1.381124E-10	1.262941E-10	1.076489E-10	1.136433E-10	1.013311E-10	1.191155E-10	1.202392E-10
   0:03:37	0	2.684700E+1	2.000000E+2	5.161100E-9	4.683974E-9	1.828836E-10	1.072039E-10	1.327206E-10	1.138948E-10	1.267218E-10	1.382308E-10	1.389081E-10	1.966110E-10	-6.304271E-12	2.653695E-10	1.643939E-10	1.894124E-10	1.456956E-10	1.956604E-10	1.329985E-10	2.088125E-10	2.090208E-10	2.580385E-10	-1.262897E-11	2.068385E-10	1.324854E-10	1.448886E-10	1.516181E-10	1.321592E-10	1.639426E-10	1.318661E-10	1.325739E-10	1.076489E-10	1.199236E-10	1.203370E-10	1.191155E-10	1.329327E-10
   0:03:50	0	2.684700E+1	2.200000E+2	5.473700E-9	4.967796E-9	2.017992E-10	1.261163E-10	1.264339E-10	1.265830E-10	1.267218E-10	1.508333E-10	1.515724E-10	2.092245E-10	-1.270861E-11	2.780394E-10	1.706822E-10	2.020732E-10	1.392958E-10	2.145889E-10	1.456984E-10	2.152067E-10	2.090208E-10	2.769169E-10	-1.262897E-11	2.319759E-10	1.451363E-10	1.511535E-10	1.516181E-10	1.384194E-10	1.764846E-10	1.444578E-10	1.388537E-10	1.266398E-10	1.199236E-10	1.330409E-10	1.316905E-10	1.329327E-10
   0:04:04	0	2.684700E+1	2.400000E+2	5.797800E-9	5.283324E-9	2.207147E-10	1.323873E-10	1.327206E-10	1.328772E-10	1.393239E-10	1.634358E-10	1.642367E-10	2.156314E-10	-1.270861E-11	2.907093E-10	1.833586E-10	2.147339E-10	1.392958E-10	2.208651E-10	1.519983E-10	2.277954E-10	2.280227E-10	2.831766E-10	-1.889374E-11	2.507794E-10	1.451363E-10	1.700477E-10	1.768545E-10	1.636588E-10	1.891262E-10	1.569504E-10	1.515130E-10	1.266398E-10	1.325838E-10	1.267389E-10	1.316905E-10	1.519231E-10
   0:04:18	0	2.684700E+1	2.600000E+2	6.165200E-9	5.580169E-9	2.333583E-10	1.386583E-10	1.327206E-10	1.455655E-10	1.520261E-10	1.696875E-10	1.705190E-10	2.282449E-10	0.000000E+0	3.032794E-10	1.960350E-10	2.210144E-10	1.456956E-10	2.335173E-10	1.646982E-10	2.467784E-10	2.344233E-10	3.146738E-10	-1.262897E-11	2.570142E-10	1.576875E-10	1.700477E-10	1.895226E-10	1.572993E-10	1.954968E-10	1.632958E-10	1.577929E-10	1.456308E-10	1.325838E-10	1.393428E-10	1.442654E-10	1.519231E-10
   0:04:32	0	2.684700E+1	2.800000E+2	6.496700E-9	5.939891E-9	2.333583E-10	1.386583E-10	1.453939E-10	1.518597E-10	1.520261E-10	1.759391E-10	1.831832E-10	2.472653E-10	-1.270861E-11	3.222344E-10	2.086116E-10	2.210144E-10	1.582953E-10	2.587220E-10	1.772980E-10	2.721556E-10	2.534252E-10	3.335523E-10	-6.264767E-12	2.695829E-10	1.576875E-10	1.889419E-10	1.895226E-10	1.825387E-10	2.144094E-10	1.695421E-10	1.641724E-10	1.456308E-10	1.578047E-10	1.520467E-10	1.630783E-10	1.709135E-10
   0:04:45	0	2.684700E+1	3.000000E+2	6.892900E-9	6.337975E-9	2.522738E-10	1.575708E-10	1.579675E-10	1.581539E-10	1.710294E-10	1.948925E-10	1.894655E-10	2.662857E-10	-1.270861E-11	3.411893E-10	2.149997E-10	2.526164E-10	1.772947E-10	2.713742E-10	1.836980E-10	3.101215E-10	2.787277E-10	3.524307E-10	-1.262897E-11	2.883864E-10	1.829893E-10	1.953063E-10	1.959065E-10	1.825387E-10	2.206805E-10	1.821338E-10	1.831115E-10	1.646218E-10	1.578047E-10	1.520467E-10	1.630783E-10	1.646167E-10
   0:04:59	0	2.684600E+1	3.200000E+2	7.347000E-9	6.741749E-9	2.648179E-10	1.639413E-10	1.706408E-10	1.581539E-10	1.837316E-10	1.948925E-10	2.084121E-10	2.662857E-10	-1.901288E-11	3.665291E-10	2.465409E-10	2.651774E-10	1.899943E-10	2.965789E-10	1.963978E-10	3.353988E-10	2.914290E-10	3.775688E-10	-1.262897E-11	3.134247E-10	1.829893E-10	2.142005E-10	2.084749E-10	1.951584E-10	2.522347E-10	1.947256E-10	1.831115E-10	1.646218E-10	1.578047E-10	1.710526E-10	1.818913E-10	1.772103E-10
   0:05:13	0	2.684600E+1	3.400000E+2	8.429000E-9	7.853425E-9	3.152925E-10	1.764832E-10	1.896009E-10	1.962187E-10	2.027348E-10	2.199983E-10	2.210763E-10	3.170402E-10	-1.270861E-11	4.549191E-10	2.718937E-10	3.220012E-10	2.089937E-10	3.660165E-10	2.153976E-10	4.113306E-10	3.990397E-10	4.594417E-10	-6.264767E-12	3.322282E-10	2.081914E-10	2.267303E-10	2.527633E-10	2.202985E-10	2.836894E-10	2.198099E-10	2.209897E-10	1.899098E-10	1.957854E-10	1.837565E-10	1.944662E-10	1.963007E-10
   0:05:27	0	2.684600E+1	3.600000E+2	9.457500E-9	8.857176E-9	3.657672E-10	1.954952E-10	2.085610E-10	2.088071E-10	2.217381E-10	2.514550E-10	2.526872E-10	3.423674E-10	-1.901288E-11	5.371238E-10	3.034350E-10	3.536031E-10	2.406928E-10	4.228018E-10	2.406974E-10	4.935568E-10	4.750472E-10	5.223367E-10	-1.889374E-11	3.698352E-10	2.208422E-10	2.645187E-10	2.590475E-10	2.391783E-10	3.215146E-10	2.574859E-10	2.462087E-10	2.152977E-10	2.083460E-10	2.217681E-10	2.132792E-10	2.215879E-10
   0:05:40	0	2.684600E+1	3.620000E+2	9.502200E-9	8.945191E-9	3.720392E-10	2.080372E-10	2.022742E-10	2.152012E-10	2.217381E-10	2.451041E-10	2.589694E-10	3.423674E-10	-6.304271E-12	5.307390E-10	3.098231E-10	3.598836E-10	2.406928E-10	4.228018E-10	2.406974E-10	5.062454E-10	4.814479E-10	5.285964E-10	-1.262897E-11	3.760701E-10	2.271179E-10	2.645187E-10	2.590475E-10	2.391783E-10	3.215146E-10	2.637322E-10	2.399289E-10	2.089008E-10	2.083460E-10	2.217681E-10	2.257551E-10	2.215879E-10
   0:05:53	0	2.684600E+1	3.640000E+2	9.415000E-9	9.084543E-9	3.720392E-10	2.206787E-10	2.212343E-10	2.152012E-10	2.154370E-10	2.514550E-10	2.589694E-10	3.487742E-10	-6.304271E-12	5.434089E-10	3.161114E-10	3.598836E-10	2.279932E-10	4.353544E-10	2.406974E-10	5.125397E-10	4.940491E-10	5.412151E-10	-1.889374E-11	3.698352E-10	2.208422E-10	2.708831E-10	2.590475E-10	2.517981E-10	3.278852E-10	2.637322E-10	2.462087E-10	2.152977E-10	2.147260E-10	2.280701E-10	2.320921E-10	2.342815E-10
   0:06:06	0	2.684600E+1	3.660000E+2	9.667000E-9	9.198187E-9	3.846828E-10	2.144077E-10	2.212343E-10	2.214953E-10	2.280392E-10	2.514550E-10	2.652517E-10	3.550810E-10	-1.270861E-11	5.371238E-10	3.161114E-10	3.662638E-10	2.406928E-10	4.417303E-10	2.469973E-10	5.252283E-10	4.940491E-10	5.538339E-10	-1.262897E-11	3.698352E-10	2.271179E-10	2.771480E-10	2.717155E-10	2.517981E-10	3.278852E-10	2.637322E-10	2.462087E-10	2.215947E-10	2.210063E-10	2.217681E-10	2.257551E-10	2.342815E-10
   0:06:20	0	2.684700E+1	3.680000E+2	9.661000E-9	9.318180E-9	3.846828E-10	2.269497E-10	2.149475E-10	2.277895E-10	2.344403E-10	2.577066E-10	2.779160E-10	3.613878E-10	-6.304271E-12	5.496939E-10	3.161114E-10	3.662638E-10	2.469926E-10	4.480065E-10	2.469973E-10	5.442113E-10	5.004497E-10	5.474748E-10	-1.889374E-11	3.760701E-10	2.397687E-10	2.645187E-10	2.717155E-10	2.643184E-10	3.467978E-10	2.637322E-10	2.462087E-10	2.152977E-10	2.210063E-10	2.217681E-10	2.132792E-10	2.468751E-10
   0:06:33	0	2.684700E+1	3.700000E+2	9.906000E-9	9.463154E-9	3.909548E-10	2.269497E-10	2.212343E-10	2.277895E-10	2.154370E-10	2.639583E-10	2.716337E-10	3.804082E-10	-1.901288E-11	5.623638E-10	3.287878E-10	3.725444E-10	2.596922E-10	4.417303E-10	2.469973E-10	5.631943E-10	5.130510E-10	5.600936E-10	-2.515851E-11	3.760701E-10	2.397687E-10	2.708831E-10	2.842839E-10	2.517981E-10	3.404272E-10	2.637322E-10	2.651478E-10	2.278918E-10	2.272865E-10	2.280701E-10	2.445680E-10	2.405783E-10
   0:06:46	0	2.684700E+1	3.720000E+2	1.005000E-8	9.646324E-9	4.035983E-10	2.269497E-10	2.275211E-10	2.277895E-10	2.344403E-10	2.765608E-10	2.841983E-10	3.677946E-10	-6.304271E-12	5.687487E-10	3.223997E-10	3.788249E-10	2.533924E-10	4.732113E-10	2.659971E-10	5.695885E-10	5.130510E-10	5.600936E-10	-1.889374E-11	4.012074E-10	2.524196E-10	2.834129E-10	2.779997E-10	2.517981E-10	3.593398E-10	2.700776E-10	2.588680E-10	2.215947E-10	2.336665E-10	2.280701E-10	2.383300E-10	2.405783E-10
   0:06:59	0	2.684700E+1	3.740000E+2	1.022800E-8	9.747504E-9	3.972268E-10	2.333202E-10	2.212343E-10	2.277895E-10	2.344403E-10	2.703092E-10	2.841983E-10	3.804082E-10	-6.304271E-12	5.750337E-10	3.223997E-10	3.725444E-10	2.533924E-10	4.732113E-10	2.596971E-10	5.821772E-10	5.384535E-10	5.664526E-10	-6.264767E-12	3.948736E-10	2.460444E-10	2.771480E-10	2.842839E-10	2.643184E-10	3.657104E-10	2.763239E-10	2.651478E-10	2.342887E-10	2.336665E-10	2.407740E-10	2.383300E-10	2.468751E-10
   0:07:13	0	2.684700E+1	3.760000E+2	1.035000E-8	9.874033E-9	4.098703E-10	2.395912E-10	2.339076E-10	2.404778E-10	2.344403E-10	2.639583E-10	2.779160E-10	3.868151E-10	-1.901288E-11	5.813188E-10	3.223997E-10	3.852051E-10	2.659920E-10	4.795872E-10	2.596971E-10	5.885715E-10	5.447541E-10	5.727123E-10	-1.262897E-11	4.012074E-10	2.586952E-10	2.897772E-10	2.906678E-10	2.706779E-10	3.593398E-10	2.825702E-10	2.715273E-10	2.215947E-10	2.336665E-10	2.470759E-10	2.320921E-10	2.595687E-10
   0:07:26	0	2.684700E+1	3.780000E+2	1.057200E-8	1.010752E-8	4.225139E-10	2.458621E-10	2.464812E-10	2.404778E-10	2.534435E-10	2.891633E-10	2.905803E-10	3.931218E-10	-6.304271E-12	5.939887E-10	3.413644E-10	3.914856E-10	2.659920E-10	4.858634E-10	2.723970E-10	6.075544E-10	5.447541E-10	5.789720E-10	-1.889374E-11	4.012074E-10	2.524196E-10	2.960422E-10	2.969520E-10	2.769381E-10	3.593398E-10	2.825702E-10	2.778071E-10	2.342887E-10	2.462271E-10	2.407740E-10	2.445680E-10	2.595687E-10
   0:07:39	0	2.684800E+1	3.800000E+2	1.072100E-8	1.020858E-8	4.161423E-10	2.458621E-10	2.401944E-10	2.341836E-10	2.534435E-10	2.891633E-10	2.905803E-10	3.994286E-10	-6.304271E-12	5.877036E-10	3.413644E-10	4.041463E-10	2.723918E-10	4.985156E-10	2.786969E-10	6.328317E-10	5.574554E-10	5.915907E-10	-1.262897E-11	4.074422E-10	2.460444E-10	2.960422E-10	2.906678E-10	2.831983E-10	3.657104E-10	2.951619E-10	2.715273E-10	2.342887E-10	2.462271E-10	2.470759E-10	2.445680E-10	2.658655E-10
   0:07:52	0	2.684800E+1	3.820000E+2	1.087500E-8	1.041063E-8	4.350579E-10	2.458621E-10	2.464812E-10	2.404778E-10	2.534435E-10	2.891633E-10	2.968626E-10	4.184490E-10	-1.270861E-11	6.192287E-10	3.477525E-10	4.041463E-10	2.786916E-10	5.110682E-10	2.786969E-10	6.455203E-10	5.637560E-10	6.042095E-10	-1.889374E-11	4.012074E-10	2.649709E-10	2.960422E-10	3.096201E-10	2.831983E-10	3.719814E-10	2.825702E-10	2.778071E-10	2.532797E-10	2.526071E-10	2.470759E-10	2.571430E-10	2.658655E-10
   0:08:06	0	2.684800E+1	3.840000E+2	1.113700E-8	1.061215E-8	4.414295E-10	2.585036E-10	2.591545E-10	2.657544E-10	2.470424E-10	2.954150E-10	3.031448E-10	4.184490E-10	-1.270861E-11	6.192287E-10	3.540408E-10	4.104269E-10	2.849915E-10	5.237203E-10	2.786969E-10	6.518147E-10	5.701567E-10	6.104692E-10	-1.262897E-11	4.136771E-10	2.649709E-10	3.023071E-10	3.032361E-10	2.831983E-10	3.908941E-10	3.014082E-10	2.904664E-10	2.468827E-10	2.462271E-10	2.660818E-10	2.571430E-10	2.785590E-10
   0:08:19	0	2.684800E+1	3.860000E+2	1.126900E-8	1.082108E-8	4.539735E-10	2.711451E-10	2.591545E-10	2.657544E-10	2.597446E-10	3.016666E-10	3.158091E-10	4.311626E-10	-2.531715E-11	6.318986E-10	3.667172E-10	4.104269E-10	2.913913E-10	5.363725E-10	2.849969E-10	6.770920E-10	5.827579E-10	6.167289E-10	-1.262897E-11	4.200109E-10	2.713461E-10	3.086714E-10	3.096201E-10	2.895578E-10	3.846230E-10	3.077536E-10	2.967463E-10	2.532797E-10	2.526071E-10	2.660818E-10	2.633809E-10	2.785590E-10
   0:08:32	0	2.684800E+1	3.880000E+2	1.144200E-8	1.103562E-8	4.603450E-10	2.647746E-10	2.591545E-10	2.721485E-10	2.660457E-10	3.016666E-10	3.220914E-10	4.311626E-10	-1.270861E-11	6.445685E-10	3.730055E-10	4.230876E-10	2.913913E-10	5.489251E-10	2.976967E-10	7.024692E-10	6.081605E-10	6.293476E-10	-3.152272E-11	4.324806E-10	2.838973E-10	3.149364E-10	3.159042E-10	2.895578E-10	3.971651E-10	3.139999E-10	2.967463E-10	2.658737E-10	2.651676E-10	2.660818E-10	2.571430E-10	2.848559E-10
   0:08:45	0	2.684900E+1	3.900000E+2	1.162300E-8	1.129463E-8	4.603450E-10	2.711451E-10	2.654412E-10	2.721485E-10	2.724468E-10	3.142691E-10	3.347557E-10	4.438763E-10	-6.304271E-12	6.571386E-10	3.730055E-10	4.420288E-10	2.913913E-10	5.615772E-10	3.039967E-10	7.214521E-10	6.207617E-10	6.482261E-10	-1.889374E-11	4.388144E-10	2.838973E-10	3.149364E-10	3.221884E-10	3.020782E-10	4.035357E-10	3.202462E-10	3.030261E-10	2.595767E-10	2.778279E-10	2.724837E-10	2.759559E-10	2.912526E-10
   0:08:59	0	2.684900E+1	3.920000E+2	1.206100E-8	1.159784E-8	4.792606E-10	2.711451E-10	2.781146E-10	2.784427E-10	2.787479E-10	3.205208E-10	3.347557E-10	4.564898E-10	0.000000E+0	6.698085E-10	3.919702E-10	4.545899E-10	3.166905E-10	5.805057E-10	3.103966E-10	7.467294E-10	6.334630E-10	6.544858E-10	-1.262897E-11	4.388144E-10	2.965482E-10	3.275656E-10	3.411407E-10	3.084377E-10	4.098067E-10	3.265916E-10	3.094056E-10	2.722707E-10	2.715476E-10	2.724837E-10	2.821939E-10	2.975494E-10
   0:09:12	0	2.684900E+1	3.940000E+2	1.232400E-8	1.183773E-8	4.792606E-10	2.900576E-10	2.907879E-10	2.911310E-10	2.850490E-10	3.268716E-10	3.474199E-10	4.628967E-10	-1.901288E-11	6.824784E-10	3.982584E-10	4.545899E-10	3.229903E-10	6.058100E-10	3.103966E-10	7.720067E-10	6.334630E-10	6.544858E-10	-1.262897E-11	4.450492E-10	2.965482E-10	3.464598E-10	3.348565E-10	3.020782E-10	4.224483E-10	3.516759E-10	3.094056E-10	2.785677E-10	2.778279E-10	2.914896E-10	2.947688E-10	3.102430E-10
   0:09:25	0	2.684900E+1	3.960000E+2	1.251800E-8	1.214096E-8	4.981761E-10	2.900576E-10	2.970747E-10	3.037194E-10	3.040522E-10	3.268716E-10	3.537022E-10	4.819171E-10	-6.304271E-12	7.014334E-10	4.046465E-10	4.735311E-10	3.229903E-10	6.120863E-10	3.166965E-10	7.973839E-10	6.524649E-10	6.797233E-10	-1.889374E-11	4.576179E-10	3.028238E-10	3.338305E-10	3.475246E-10	3.273176E-10	4.349903E-10	3.454297E-10	3.283447E-10	2.848647E-10	2.904882E-10	2.850876E-10	2.947688E-10	3.165398E-10
   0:09:38	0	2.685000E+1	3.980000E+2	1.273700E-8	1.250033E-8	5.044481E-10	3.089701E-10	3.033614E-10	3.101135E-10	3.104533E-10	3.457258E-10	3.663665E-10	4.882239E-10	0.000000E+0	7.140035E-10	4.172231E-10	4.735311E-10	3.229903E-10	6.372910E-10	3.356963E-10	8.353499E-10	6.714667E-10	6.922426E-10	-1.262897E-11	4.700876E-10	3.154747E-10	3.589897E-10	3.475246E-10	3.335778E-10	4.476319E-10	3.579222E-10	3.283447E-10	2.912617E-10	3.030487E-10	3.040934E-10	3.010068E-10	3.165398E-10
   0:09:52	0	2.685000E+1	4.000000E+2	1.307900E-8	1.277862E-8	5.233637E-10	3.152411E-10	3.160347E-10	3.164076E-10	3.167544E-10	3.457258E-10	3.726488E-10	5.009375E-10	-1.901288E-11	7.203884E-10	4.298995E-10	4.861918E-10	3.419897E-10	6.625954E-10	3.356963E-10	8.606272E-10	6.904686E-10	6.986017E-10	-6.264767E-12	4.700876E-10	3.217503E-10	3.778839E-10	3.664768E-10	3.335778E-10	4.602735E-10	3.516759E-10	3.409043E-10	3.102526E-10	2.967684E-10	3.040934E-10	3.073438E-10	3.292334E-10
   0:10:05	0	2.685000E+1	4.020000E+2	1.357700E-8	1.316973E-8	5.360073E-10	3.278826E-10	3.223215E-10	3.164076E-10	3.230555E-10	3.645800E-10	3.915953E-10	5.262647E-10	-1.270861E-11	7.456284E-10	4.425759E-10	5.051331E-10	3.419897E-10	6.815238E-10	3.419962E-10	8.985931E-10	7.031699E-10	7.237398E-10	-2.515851E-11	4.888911E-10	3.344012E-10	3.778839E-10	3.727610E-10	3.461975E-10	4.728156E-10	3.705140E-10	3.535636E-10	3.102526E-10	3.094287E-10	3.167974E-10	3.323947E-10	3.292334E-10
   0:10:18	0	2.685000E+1	4.040000E+2	1.414300E-8	1.358661E-8	5.485513E-10	3.341535E-10	3.349948E-10	3.290959E-10	3.420588E-10	3.708316E-10	4.042596E-10	5.389783E-10	-1.270861E-11	7.708684E-10	4.615406E-10	5.177938E-10	3.609892E-10	7.067286E-10	3.609960E-10	9.492476E-10	7.157711E-10	7.363586E-10	-1.889374E-11	5.014597E-10	3.470520E-10	3.716189E-10	3.854291E-10	3.587178E-10	4.980988E-10	3.767602E-10	3.598435E-10	3.165496E-10	3.219893E-10	3.230993E-10	3.261567E-10	3.482238E-10
   0:10:31	0	2.685000E+1	4.060000E+2	1.450800E-8	1.404769E-8	5.738384E-10	3.467950E-10	3.349948E-10	3.480784E-10	3.547609E-10	3.959374E-10	4.168241E-10	5.643055E-10	-1.901288E-11	7.898234E-10	4.678289E-10	5.367350E-10	3.673890E-10	7.383092E-10	3.673960E-10	9.872135E-10	7.474743E-10	7.488780E-10	-1.889374E-11	5.014597E-10	3.533277E-10	3.967780E-10	3.917133E-10	3.713376E-10	5.043698E-10	4.019437E-10	3.662230E-10	3.355406E-10	3.283692E-10	3.421051E-10	3.386326E-10	3.672142E-10
   0:10:45	0	2.685000E+1	4.080000E+2	1.504400E-8	1.450848E-8	5.927539E-10	3.657075E-10	3.476682E-10	3.606667E-10	3.610620E-10	3.959374E-10	4.357707E-10	5.770191E-10	-1.270861E-11	8.087783E-10	4.805053E-10	5.367350E-10	3.799886E-10	7.697902E-10	3.799958E-10	1.044162E-9	7.791775E-10	7.803752E-10	-1.889374E-11	5.202632E-10	3.596033E-10	4.031424E-10	4.106655E-10	3.839573E-10	5.170114E-10	4.081900E-10	3.851621E-10	3.418376E-10	3.409298E-10	3.485071E-10	3.512076E-10	3.735110E-10
   0:10:58	0	2.685100E+1	4.100000E+2	1.533700E-8	1.507662E-8	6.053975E-10	3.846200E-10	3.729150E-10	3.670608E-10	3.737642E-10	4.147916E-10	4.484350E-10	6.023463E-10	-1.901288E-11	8.341181E-10	5.057583E-10	5.683370E-10	3.989880E-10	8.013708E-10	3.989956E-10	1.101111E-9	7.917787E-10	7.992536E-10	-1.889374E-11	5.453016E-10	3.785298E-10	4.283015E-10	4.169497E-10	3.902174E-10	5.359240E-10	4.207817E-10	3.977217E-10	3.608286E-10	3.535901E-10	3.611110E-10	3.700205E-10	3.862046E-10
   0:11:11	0	2.685100E+1	4.110000E+2	1.570100E-8	1.537332E-8	6.243131E-10	3.846200E-10	3.918751E-10	3.733550E-10	3.737642E-10	4.147916E-10	4.547172E-10	6.150600E-10	-1.270861E-11	8.530731E-10	5.184347E-10	5.808981E-10	4.116876E-10	8.202993E-10	3.989956E-10	1.113800E-9	8.107806E-10	7.992536E-10	-1.262897E-11	5.453016E-10	3.911807E-10	4.283015E-10	4.296178E-10	3.964776E-10	5.484661E-10	4.332743E-10	4.103810E-10	3.608286E-10	3.725306E-10	3.738149E-10	3.762585E-10	3.925014E-10
   0:11:24	0	2.685100E+1	4.120000E+2	1.615800E-8	1.567027E-8	6.432286E-10	3.908910E-10	3.855883E-10	3.860433E-10	3.864664E-10	4.336458E-10	4.673815E-10	6.277736E-10	-6.304271E-12	8.656432E-10	5.120466E-10	5.872783E-10	4.116876E-10	8.455040E-10	4.116955E-10	1.145371E-9	8.234819E-10	8.243917E-10	-1.262897E-11	5.453016E-10	3.974563E-10	4.345664E-10	4.359020E-10	4.028372E-10	5.548367E-10	4.396197E-10	4.103810E-10	3.672256E-10	3.788109E-10	3.801168E-10	3.888334E-10	4.051950E-10
   0:11:38	0	2.685200E+1	4.130000E+2	1.657800E-8	1.602401E-8	6.368571E-10	4.160744E-10	3.918751E-10	4.050258E-10	3.990686E-10	4.399966E-10	4.800458E-10	6.467940E-10	-6.304271E-12	8.845982E-10	5.310113E-10	6.062195E-10	4.179875E-10	8.581562E-10	4.243953E-10	1.189732E-9	8.361831E-10	8.432702E-10	-1.889374E-11	5.578703E-10	4.038315E-10	4.471957E-10	4.422859E-10	4.153575E-10	5.548367E-10	4.584577E-10	4.356000E-10	3.735226E-10	3.788109E-10	3.801168E-10	3.888334E-10	4.051950E-10
   0:11:51	0	2.685200E+1	4.140000E+2	1.686700E-8	1.638406E-8	6.621442E-10	4.224449E-10	3.981619E-10	4.050258E-10	4.117707E-10	4.524999E-10	4.863281E-10	6.658144E-10	-6.304271E-12	8.909830E-10	5.563641E-10	6.125000E-10	4.369869E-10	8.708083E-10	4.369952E-10	1.227698E-9	8.487844E-10	8.496292E-10	-1.262897E-11	5.704389E-10	4.101071E-10	4.660899E-10	4.485701E-10	4.342374E-10	5.737493E-10	4.521123E-10	4.356000E-10	3.925136E-10	3.851909E-10	3.928207E-10	3.888334E-10	4.177886E-10
   0:12:04	0	2.685300E+1	4.150000E+2	1.713700E-8	1.676274E-8	6.746882E-10	4.224449E-10	4.235085E-10	4.113199E-10	4.180718E-10	4.713541E-10	5.052746E-10	6.848348E-10	-6.304271E-12	9.099380E-10	5.563641E-10	6.251608E-10	4.496865E-10	9.022893E-10	4.306953E-10	1.259269E-9	8.551850E-10	8.621486E-10	-1.889374E-11	5.830076E-10	4.227580E-10	4.723548E-10	4.612381E-10	4.342374E-10	5.926619E-10	4.709503E-10	4.419795E-10	3.988106E-10	3.977515E-10	4.118266E-10	4.076464E-10	4.304822E-10
   0:12:17	0	2.685300E+1	4.160000E+2	1.747500E-8	1.711649E-8	6.746882E-10	4.413574E-10	4.235085E-10	4.303024E-10	4.370751E-10	4.713541E-10	5.242212E-10	6.911416E-10	-6.304271E-12	9.225081E-10	5.816170E-10	6.314413E-10	4.559863E-10	9.338700E-10	4.496951E-10	1.297235E-9	8.867881E-10	8.747674E-10	-1.889374E-11	5.830076E-10	4.416845E-10	4.787192E-10	4.675223E-10	4.468571E-10	6.053035E-10	4.709503E-10	4.482593E-10	4.052075E-10	4.041314E-10	4.118266E-10	4.138843E-10	4.367790E-10
   0:12:31	0	2.685300E+1	4.170000E+2	1.793200E-8	1.754579E-8	6.999753E-10	4.538994E-10	4.360820E-10	4.429907E-10	4.370751E-10	4.777050E-10	5.242212E-10	7.038552E-10	-1.270861E-11	9.351780E-10	5.880051E-10	6.503825E-10	4.623861E-10	9.527984E-10	4.559950E-10	1.347890E-9	9.057900E-10	8.873861E-10	-1.262897E-11	6.018111E-10	4.479601E-10	4.976134E-10	4.864746E-10	4.594768E-10	6.178456E-10	4.961337E-10	4.734782E-10	4.178015E-10	4.166920E-10	4.245305E-10	4.202213E-10	4.494726E-10
   0:12:44	0	2.685400E+1	4.180000E+2	1.837000E-8	1.802567E-8	7.188909E-10	4.728118E-10	4.614287E-10	4.619731E-10	4.560784E-10	4.965591E-10	5.494500E-10	7.354892E-10	-1.901288E-11	9.668029E-10	6.069698E-10	6.566630E-10	4.813856E-10	9.843790E-10	4.623949E-10	1.385856E-9	9.184913E-10	9.125243E-10	-1.889374E-11	6.142808E-10	4.479601E-10	5.038783E-10	4.991427E-10	4.657370E-10	6.304871E-10	5.086263E-10	4.798577E-10	4.304955E-10	4.356325E-10	4.245305E-10	4.390342E-10	4.557694E-10
   0:12:57	0	2.685400E+1	4.190000E+2	1.892400E-8	1.855584E-8	7.314349E-10	4.917243E-10	4.740022E-10	4.682673E-10	4.750816E-10	4.965591E-10	5.494500E-10	7.545096E-10	-1.270861E-11	9.920429E-10	6.322228E-10	6.756043E-10	4.939852E-10	1.015960E-9	4.939946E-10	1.442804E-9	9.501944E-10	9.376624E-10	-2.515851E-11	6.394181E-10	4.731622E-10	5.101432E-10	5.117110E-10	4.783567E-10	6.556708E-10	5.212180E-10	4.924174E-10	4.494865E-10	4.293523E-10	4.435363E-10	4.452722E-10	4.684630E-10
   0:13:10	0	2.685400E+1	4.200000E+2	1.934700E-8	1.908647E-8	7.629940E-10	5.043658E-10	4.803888E-10	4.745615E-10	4.750816E-10	5.216649E-10	5.810608E-10	7.735300E-10	-1.901288E-11	1.023668E-9	6.448992E-10	6.945455E-10	5.193844E-10	1.047441E-9	5.003945E-10	1.512442E-9	9.691963E-10	9.566402E-10	-1.889374E-11	6.456529E-10	4.795375E-10	5.290374E-10	5.243791E-10	4.908770E-10	6.556708E-10	5.463023E-10	4.987969E-10	4.494865E-10	4.545731E-10	4.625421E-10	4.515102E-10	4.937502E-10
   0:13:24	0	2.685500E+1	4.210000E+2	2.009200E-8	1.965536E-8	7.819096E-10	5.295492E-10	4.993489E-10	5.062322E-10	4.940849E-10	5.342674E-10	5.874428E-10	8.052640E-10	-1.901288E-11	1.042623E-9	6.701522E-10	7.198670E-10	5.319840E-10	1.079021E-9	5.193943E-10	1.563096E-9	1.000899E-9	9.691596E-10	-2.515851E-11	6.582216E-10	4.984640E-10	5.354018E-10	5.370472E-10	5.034968E-10	6.745834E-10	5.526478E-10	5.240158E-10	4.747745E-10	4.672334E-10	4.625421E-10	4.766601E-10	5.001469E-10
   0:13:37	0	2.685500E+1	4.220000E+2	2.078600E-8	2.034973E-8	8.070971E-10	5.421907E-10	5.245957E-10	5.189205E-10	5.194892E-10	5.467707E-10	6.126717E-10	8.305912E-10	-6.304271E-12	1.061578E-9	6.891169E-10	7.388082E-10	5.509835E-10	1.129530E-9	5.319941E-10	1.626340E-9	1.026202E-9	9.943971E-10	-1.889374E-11	6.770251E-10	5.110152E-10	5.669252E-10	5.496155E-10	5.286368E-10	6.998666E-10	5.714858E-10	5.366751E-10	4.811714E-10	4.861739E-10	4.941519E-10	4.954730E-10	5.254341E-10
   0:13:50	0	2.685600E+1	4.230000E+2	2.159900E-8	2.102560E-8	8.323842E-10	5.611032E-10	5.498426E-10	5.441972E-10	5.447936E-10	5.719758E-10	6.379005E-10	8.750389E-10	-1.270861E-11	1.086818E-9	7.207579E-10	7.640300E-10	5.700829E-10	1.154735E-9	5.383941E-10	1.708666E-9	1.045204E-9	1.013276E-9	-1.262897E-11	6.958286E-10	5.299417E-10	5.858194E-10	5.749517E-10	5.412565E-10	7.313213E-10	5.903238E-10	5.492348E-10	4.937655E-10	4.988342E-10	5.068558E-10	4.954730E-10	5.381277E-10
   0:14:03	0	2.685600E+1	4.240000E+2	2.238400E-8	2.184652E-8	8.702154E-10	5.926572E-10	5.625159E-10	5.695737E-10	5.574958E-10	5.908299E-10	6.568470E-10	8.940593E-10	-6.304271E-12	1.137398E-9	7.460109E-10	7.892517E-10	5.826825E-10	1.211520E-9	5.763937E-10	1.784597E-9	1.083208E-9	1.051032E-9	-1.262897E-11	7.208669E-10	5.552434E-10	5.920843E-10	5.876198E-10	5.664960E-10	7.502339E-10	6.091618E-10	5.745534E-10	5.317474E-10	5.177747E-10	5.195597E-10	5.330989E-10	5.507213E-10
   0:14:17	0	2.685600E+1	4.250000E+2	2.321600E-8	2.269263E-8	9.016749E-10	6.115697E-10	5.941493E-10	5.885562E-10	5.828001E-10	6.222866E-10	6.884579E-10	9.321001E-10	-1.270861E-11	1.169022E-9	7.839403E-10	8.208537E-10	6.143816E-10	1.280958E-9	5.890935E-10	1.879512E-9	1.114911E-9	1.069911E-9	-6.264767E-12	7.396704E-10	5.741699E-10	6.172434E-10	6.128562E-10	5.790163E-10	7.880592E-10	6.342461E-10	5.997723E-10	5.317474E-10	5.303353E-10	5.385655E-10	5.393368E-10	5.824053E-10
   0:14:30	0	2.685600E+1	4.260000E+2	2.417100E-8	2.365264E-8	9.458776E-10	6.556656E-10	6.320695E-10	6.265211E-10	6.082045E-10	6.411408E-10	7.200687E-10	9.828546E-10	-1.901288E-11	1.200547E-9	8.218697E-10	8.460755E-10	6.460806E-10	1.331467E-9	6.016934E-10	1.968033E-9	1.159215E-9	1.107668E-9	-1.889374E-11	7.772775E-10	6.057473E-10	6.361376E-10	6.318085E-10	5.916360E-10	8.069718E-10	6.656759E-10	6.187115E-10	5.634324E-10	5.619361E-10	5.702752E-10	5.644867E-10	6.013957E-10
   0:14:43	0	2.685700E+1	4.270000E+2	2.519800E-8	2.475127E-8	9.899807E-10	6.872195E-10	6.637029E-10	6.517977E-10	6.462110E-10	6.788491E-10	7.579618E-10	1.027202E-9	-1.901288E-11	1.251127E-9	8.471227E-10	8.776774E-10	6.713799E-10	1.400805E-9	6.396930E-10	2.081930E-9	1.197219E-9	1.151684E-9	-6.264767E-12	7.898461E-10	6.246738E-10	6.676611E-10	6.507607E-10	6.293958E-10	8.511676E-10	6.907602E-10	6.565897E-10	5.951173E-10	5.808766E-10	5.892811E-10	5.957756E-10	6.330797E-10
   0:14:56	0	2.685700E+1	4.280000E+2	2.618100E-8	2.591914E-8	1.027812E-9	7.313155E-10	7.016231E-10	6.707802E-10	6.588132E-10	7.102066E-10	7.831906E-10	1.071550E-9	-1.270861E-11	1.301707E-9	8.914401E-10	9.345012E-10	7.030789E-10	1.470242E-9	6.650927E-10	2.202222E-9	1.247924E-9	1.195701E-9	-6.264767E-12	8.274531E-10	6.561515E-10	6.991846E-10	6.949494E-10	6.671556E-10	8.952639E-10	7.284362E-10	6.755289E-10	6.204053E-10	6.061971E-10	6.208908E-10	6.209255E-10	6.583669E-10
   0:15:10	0	2.685700E+1	4.290000E+2	2.767100E-8	2.735308E-8	1.097202E-9	7.755109E-10	7.521168E-10	7.277276E-10	7.032208E-10	7.416632E-10	8.337480E-10	1.135018E-9	-1.270861E-11	1.358572E-9	9.546225E-10	9.723837E-10	7.410778E-10	1.558608E-9	7.030923E-10	2.347792E-9	1.304930E-9	1.246077E-9	-1.889374E-11	8.712950E-10	6.877289E-10	7.369730E-10	7.265698E-10	6.860354E-10	9.393602E-10	7.598659E-10	7.197866E-10	6.647842E-10	6.376983E-10	6.589025E-10	6.459764E-10	6.963476E-10
   0:15:23	0	2.685700E+1	4.300000E+2	2.932000E-8	2.906411E-8	1.166592E-9	8.511608E-10	8.089971E-10	7.656925E-10	7.602306E-10	7.919741E-10	8.842057E-10	1.204693E-9	-6.304271E-12	1.428107E-9	1.030481E-9	1.029207E-9	7.980761E-10	1.672179E-9	7.473918E-10	2.512344E-9	1.361935E-9	1.296452E-9	-1.889374E-11	9.089020E-10	7.255818E-10	7.747613E-10	7.644743E-10	7.300554E-10	1.002469E-9	8.226262E-10	7.639447E-10	6.900722E-10	6.755794E-10	6.906122E-10	6.961772E-10	7.343284E-10
   0:15:36	0	2.685800E+1	4.310000E+2	3.138700E-8	3.100890E-8	1.248527E-9	9.141692E-10	8.722639E-10	8.353282E-10	8.045382E-10	8.359341E-10	9.410453E-10	1.287181E-9	-1.270861E-11	1.510212E-9	1.106340E-9	1.086031E-9	8.550743E-10	1.785750E-9	8.043912E-10	2.683190E-9	1.444244E-9	1.371966E-9	-6.264767E-12	9.716463E-10	7.886369E-10	8.250796E-10	8.086630E-10	7.678152E-10	1.078119E-9	8.666477E-10	8.144823E-10	7.407481E-10	7.261207E-10	7.349258E-10	7.338031E-10	7.850028E-10
   0:15:49	0	2.685800E+1	4.320000E+2	3.375100E-8	3.337052E-8	1.362020E-9	1.021373E-9	9.481042E-10	8.985697E-10	8.805513E-10	8.987482E-10	1.023214E-9	1.382283E-9	-1.901288E-11	1.617656E-9	1.194875E-9	1.168176E-9	9.183724E-10	1.924525E-9	8.486907E-10	2.942657E-9	1.558255E-9	1.453739E-9	-1.889374E-11	1.034292E-9	8.454164E-10	8.881265E-10	8.592356E-10	8.244548E-10	1.166411E-9	9.294080E-10	8.649201E-10	7.913241E-10	7.702821E-10	7.856414E-10	7.714289E-10	8.356771E-10
   0:16:03	0	2.685900E+1	4.330000E+2	3.650900E-8	3.621833E-8	1.494429E-9	1.128577E-9	1.055578E-9	9.934820E-10	9.565643E-10	9.742641E-10	1.092717E-9	1.490099E-9	-1.270861E-11	1.731386E-9	1.314952E-9	1.269163E-9	9.880704E-10	2.094981E-9	9.183899E-10	3.208419E-9	1.665966E-9	1.554491E-9	-6.264767E-12	1.122074E-9	9.211224E-10	9.510740E-10	9.223765E-10	8.937142E-10	1.260974E-9	1.023598E-9	9.406767E-10	8.546940E-10	8.334837E-10	8.426589E-10	8.466806E-10	8.926483E-10
   0:16:16	0	2.685900E+1	4.340000E+2	4.021500E-8	3.972945E-8	1.696228E-9	1.286148E-9	1.169339E-9	1.088394E-9	1.038978E-9	1.049681E-9	1.187450E-9	1.629549E-9	-2.531715E-11	1.901981E-9	1.473057E-9	1.382811E-9	1.095767E-9	2.315746E-9	9.817892E-10	3.543818E-9	1.824381E-9	1.686640E-9	-2.515851E-11	1.197288E-9	9.969279E-10	1.045545E-9	1.004569E-9	9.629736E-10	1.424917E-9	1.124134E-9	1.029092E-9	9.369549E-10	9.155262E-10	9.059784E-10	9.093574E-10	9.749067E-10
   0:16:29	0	2.685900E+1	4.350000E+2	4.498800E-8	4.441446E-8	1.961046E-9	1.475272E-9	1.339979E-9	1.246648E-9	1.165600E-9	1.156455E-9	1.307412E-9	1.788119E-9	-1.270861E-11	2.123155E-9	1.675380E-9	1.528060E-9	1.216064E-9	2.587121E-9	1.089388E-9	3.993114E-9	2.046003E-9	1.843927E-9	-1.889374E-11	1.328913E-9	1.116762E-9	1.140016E-9	1.105615E-9	1.044753E-9	1.607673E-9	1.262246E-9	1.161666E-9	1.057298E-9	1.003949E-9	1.001108E-9	1.009759E-9	1.063562E-9
   0:16:42	0	2.686000E+1	4.360000E+2	5.184400E-8	5.140431E-8	2.440306E-9	1.828338E-9	1.611707E-9	1.455455E-9	1.336730E-9	1.313639E-9	1.490595E-9	2.041691E-9	-1.901288E-11	2.489685E-9	1.978815E-9	1.755355E-9	1.399758E-9	2.984618E-9	1.228786E-9	4.594274E-9	2.381737E-9	2.133463E-9	-2.515851E-11	1.510713E-9	1.268174E-9	1.284905E-9	1.231997E-9	1.170652E-9	1.948199E-9	1.469464E-9	1.325839E-9	1.190235E-9	1.142813E-9	1.127747E-9	1.116300E-9	1.196495E-9
   0:16:56	0	2.686000E+1	4.370000E+2	6.135800E-8	6.096977E-8	3.209572E-9	2.345346E-9	1.953089E-9	1.740192E-9	1.577371E-9	1.502181E-9	1.692725E-9	2.314383E-9	-6.304271E-12	3.026709E-9	2.415003E-9	2.052134E-9	1.653050E-9	3.483134E-9	1.406085E-9	5.309332E-9	2.958194E-9	2.523650E-9	-1.262897E-11	1.761393E-9	1.482741E-9	1.473846E-9	1.383615E-9	1.328051E-9	2.452569E-9	1.777218E-9	1.546828E-9	1.392838E-9	1.306997E-9	1.292497E-9	1.273140E-9	1.354814E-9
   0:17:09	0	2.686000E+1	4.380000E+2	7.751100E-8	7.723261E-8	5.069769E-9	3.372990E-9	2.572485E-9	2.176889E-9	1.913129E-9	1.784993E-9	2.002152E-9	2.720119E-9	-6.304271E-12	3.999896E-9	3.198944E-9	2.550987E-9	2.001440E-9	4.233995E-9	1.646782E-9	6.315529E-9	4.066804E-9	3.285147E-9	-2.515851E-11	2.150032E-9	1.798216E-9	1.738465E-9	1.642662E-9	1.548250E-9	3.461309E-9	2.292189E-9	1.887733E-9	1.690297E-9	1.559604E-9	1.495259E-9	1.486320E-9	1.601690E-9
   0:17:22	0	2.686100E+1	4.390000E+2	1.166300E-7	1.165228E-7	1.333667E-8	6.197518E-9	4.000978E-9	3.050082E-9	2.553039E-9	2.224990E-9	2.463251E-9	3.347892E-9	-1.901288E-11	6.710655E-9	4.880712E-9	3.510710E-9	2.647521E-9	5.464444E-9	2.020478E-9	7.865936E-9	7.797775E-9	5.078698E-9	-1.889374E-11	2.827057E-9	2.328157E-9	2.185660E-9	1.983803E-9	1.844068E-9	6.708308E-9	3.290703E-9	2.500164E-9	2.171469E-9	1.957356E-9	1.862772E-9	1.793664E-9	1.956210E-9
   0:17:35	0	2.686300E+1	4.400000E+2	7.160500E-7	7.147625E-7	3.541621E-7	2.857296E-8	8.912040E-9	5.309194E-9	3.851662E-9	3.123738E-9	3.284335E-9	4.413135E-9	-6.304271E-12	2.463726E-8	1.091198E-8	5.866004E-9	3.983880E-9	8.013708E-9	2.609571E-9	1.066932E-8	1.183352E-7	1.424190E-8	6.931020E-11	4.513237E-9	3.470122E-9	3.017005E-9	2.603043E-9	2.385325E-9	6.365282E-8	6.876469E-9	4.015494E-9	3.247757E-9	2.683477E-9	2.515373E-9	2.282800E-9	2.538615E-9
   0:18:00	1	2.686100E+1	0.000000E+0	2.349600E-9	2.493793E-9	9.457780E-11	8.192087E-11	1.010872E-10	9.491230E-11	8.871524E-11	9.427082E-11	8.845048E-11	6.336799E-11	-6.304271E-12	6.314996E-11	9.482344E-11	8.204549E-11	8.869734E-11	8.836598E-11	8.229909E-11	8.222616E-11	8.230818E-11	3.775688E-11	-1.889374E-11	4.384185E-11	8.835682E-11	9.447096E-11	8.209321E-11	8.813926E-11	8.829209E-11	8.159834E-11	8.841583E-11	8.865789E-11	9.470273E-11	8.872727E-11	9.406462E-11	8.865514E-11
   0:18:13	1	2.686100E+1	0.000000E+0	2.664600E-9	2.512388E-9	8.193425E-11	9.456237E-11	1.010872E-10	8.222403E-11	1.013174E-10	8.801917E-11	8.845048E-11	7.608164E-11	-1.270861E-11	7.581985E-11	8.214704E-11	9.470622E-11	7.599772E-11	7.571380E-11	9.499896E-11	6.963747E-11	8.230818E-11	5.037563E-11	-1.262897E-11	4.384185E-11	8.198158E-11	9.447096E-11	9.476130E-11	8.177972E-11	9.456312E-11	9.419006E-11	8.203634E-11	9.495490E-11	8.842244E-11	8.232530E-11	9.406462E-11	9.495195E-11
   0:18:26	1	2.686100E+1	1.000000E+1	4.743300E-9	4.387410E-9	1.450525E-10	1.386583E-10	1.516807E-10	1.455655E-10	1.583272E-10	1.508333E-10	1.578547E-10	1.521633E-10	-6.304271E-12	1.389698E-10	1.580058E-10	1.388692E-10	1.392958E-10	1.703561E-10	1.392985E-10	1.708466E-10	1.457145E-10	1.006519E-10	-1.889374E-11	1.253897E-10	1.514119E-10	1.574185E-10	1.642862E-10	1.510391E-10	1.386594E-10	1.444578E-10	1.577929E-10	1.392339E-10	1.452441E-10	1.393428E-10	1.442654E-10	1.519231E-10
   0:18:40	1	2.686100E+1	2.000000E+1	5.268100E-9	4.949490E-9	1.828836E-10	1.450288E-10	1.579675E-10	1.518597E-10	1.583272E-10	1.696875E-10	1.578547E-10	1.648769E-10	-1.270861E-11	1.959345E-10	1.643939E-10	1.957927E-10	1.582953E-10	1.956604E-10	1.519983E-10	1.898295E-10	1.900189E-10	1.825247E-10	-1.889374E-11	1.441932E-10	1.640628E-10	1.637828E-10	1.642862E-10	1.572993E-10	1.702136E-10	1.632958E-10	1.641724E-10	1.646218E-10	1.515244E-10	1.457448E-10	1.567414E-10	1.582199E-10
   0:18:53	1	2.686100E+1	3.000000E+1	5.445400E-9	5.208146E-9	1.955272E-10	1.450288E-10	1.643540E-10	1.518597E-10	1.583272E-10	1.822900E-10	1.768012E-10	1.711837E-10	0.000000E+0	2.085046E-10	1.769705E-10	1.957927E-10	1.646951E-10	2.019367E-10	1.646982E-10	2.025181E-10	2.027202E-10	1.951435E-10	-1.262897E-11	1.629967E-10	1.576875E-10	1.826770E-10	1.705703E-10	1.572993E-10	1.891262E-10	1.695421E-10	1.767320E-10	1.519278E-10	1.515244E-10	1.583487E-10	1.630783E-10	1.709135E-10
   0:19:07	1	2.686100E+1	4.000000E+1	5.699000E-9	5.239553E-9	2.017992E-10	1.512998E-10	1.579675E-10	1.645480E-10	1.520261E-10	1.885416E-10	1.642367E-10	1.838973E-10	-1.901288E-11	2.274596E-10	1.706822E-10	2.083537E-10	1.582953E-10	1.956604E-10	1.709981E-10	2.025181E-10	2.090208E-10	1.951435E-10	-1.889374E-11	1.818002E-10	1.576875E-10	1.700477E-10	1.832384E-10	1.699190E-10	1.764846E-10	1.757884E-10	1.641724E-10	1.709188E-10	1.641846E-10	1.520467E-10	1.505034E-10	1.582199E-10
   0:19:20	1	2.686100E+1	5.000000E+1	5.912700E-9	5.561749E-9	2.080712E-10	1.639413E-10	1.516807E-10	1.708421E-10	1.710294E-10	1.948925E-10	1.894655E-10	1.838973E-10	-6.304271E-12	2.338444E-10	1.960350E-10	2.147339E-10	1.646951E-10	2.271414E-10	1.772980E-10	2.088125E-10	2.027202E-10	2.140219E-10	-6.264767E-12	1.754664E-10	1.703384E-10	1.953063E-10	1.895226E-10	1.699190E-10	2.144094E-10	1.883801E-10	1.767320E-10	1.519278E-10	1.641846E-10	1.773545E-10	1.567414E-10	1.709135E-10
   0:19:34	1	2.686100E+1	6.000000E+1	6.411600E-9	5.990975E-9	2.333583E-10	1.764832E-10	1.769276E-10	1.771363E-10	1.837316E-10	2.011441E-10	2.021298E-10	2.092245E-10	-6.304271E-12	2.464145E-10	2.149997E-10	2.210144E-10	1.836945E-10	2.145889E-10	1.772980E-10	2.341897E-10	2.154214E-10	2.391600E-10	-1.262897E-11	2.068385E-10	1.892649E-10	2.078361E-10	1.959065E-10	1.951584E-10	2.144094E-10	1.883801E-10	2.020506E-10	1.772158E-10	1.894055E-10	1.900584E-10	1.755543E-10	1.709135E-10
   0:19:47	1	2.686100E+1	7.000000E+1	6.569800E-9	6.117642E-9	2.396303E-10	1.828538E-10	1.833141E-10	1.771363E-10	1.773305E-10	1.948925E-10	2.084121E-10	2.219381E-10	-1.901288E-11	2.780394E-10	2.023233E-10	2.210144E-10	2.026939E-10	2.271414E-10	2.026978E-10	2.531727E-10	2.217220E-10	2.454197E-10	6.264767E-12	2.068385E-10	1.829893E-10	2.015712E-10	2.021907E-10	1.825387E-10	2.017678E-10	1.947256E-10	2.020506E-10	2.026038E-10	1.894055E-10	1.710526E-10	1.693163E-10	1.836071E-10
   0:20:01	1	2.686200E+1	8.000000E+1	6.712100E-9	6.332279E-9	2.333583E-10	1.702123E-10	1.896009E-10	1.962187E-10	1.773305E-10	2.199983E-10	2.021298E-10	2.219381E-10	0.000000E+0	2.717543E-10	2.339644E-10	2.336751E-10	2.026939E-10	2.460699E-10	2.026978E-10	2.467784E-10	2.534252E-10	2.517788E-10	0.000000E+0	2.131723E-10	2.019158E-10	2.078361E-10	2.084749E-10	2.014186E-10	2.206805E-10	2.072181E-10	2.020506E-10	1.836128E-10	1.831252E-10	1.773545E-10	1.818913E-10	1.899039E-10
   0:20:14	1	2.686200E+1	9.000000E+1	6.789700E-9	6.426842E-9	2.459023E-10	1.891247E-10	1.706408E-10	1.962187E-10	1.837316E-10	1.948925E-10	1.958475E-10	2.156314E-10	-1.901288E-11	2.717543E-10	2.086116E-10	2.399557E-10	2.026939E-10	2.524458E-10	2.153976E-10	2.531727E-10	2.534252E-10	2.769169E-10	-1.262897E-11	2.319759E-10	2.081914E-10	2.204654E-10	2.211429E-10	2.140383E-10	2.333221E-10	2.198099E-10	2.147099E-10	1.899098E-10	1.894055E-10	1.773545E-10	1.818913E-10	1.899039E-10
   0:20:28	1	2.686100E+1	1.000000E+2	6.983100E-9	6.527876E-9	2.459023E-10	1.639413E-10	1.896009E-10	1.962187E-10	1.964337E-10	2.199983E-10	2.084121E-10	2.472653E-10	-1.901288E-11	2.969943E-10	2.212880E-10	2.588969E-10	1.836945E-10	2.587220E-10	1.963978E-10	2.594670E-10	2.597258E-10	2.706572E-10	-2.515851E-11	2.382107E-10	2.019158E-10	2.267303E-10	2.084749E-10	2.076787E-10	2.269515E-10	2.135636E-10	2.083304E-10	1.836128E-10	1.957854E-10	1.837565E-10	1.881292E-10	2.152911E-10
   0:20:42	1	2.686100E+1	1.200000E+2	7.347400E-9	6.862514E-9	2.648179E-10	2.017662E-10	2.085610E-10	2.025129E-10	2.154370E-10	2.199983E-10	2.147941E-10	2.662857E-10	-6.304271E-12	3.096642E-10	2.212880E-10	2.526164E-10	1.963941E-10	2.587220E-10	2.153976E-10	2.657613E-10	2.597258E-10	2.769169E-10	-1.262897E-11	2.570142E-10	2.019158E-10	2.204654E-10	2.400952E-10	2.076787E-10	2.458641E-10	2.260561E-10	2.147099E-10	2.026038E-10	1.957854E-10	2.027623E-10	2.069422E-10	2.088943E-10
   0:20:55	1	2.686100E+1	1.400000E+2	7.841500E-9	7.310852E-9	2.837334E-10	2.017662E-10	2.022742E-10	2.152012E-10	2.154370E-10	2.326008E-10	2.273586E-10	2.853061E-10	-1.270861E-11	3.286192E-10	2.529290E-10	2.715576E-10	2.216933E-10	2.776505E-10	2.279975E-10	2.847443E-10	2.850283E-10	3.146738E-10	-2.515851E-11	2.695829E-10	2.208422E-10	2.393596E-10	2.400952E-10	2.265586E-10	2.522347E-10	2.386479E-10	2.336491E-10	2.215947E-10	2.210063E-10	2.217681E-10	2.195171E-10	2.152911E-10
   0:21:09	1	2.686100E+1	1.600000E+2	8.502900E-9	8.030093E-9	3.026490E-10	2.269497E-10	2.339076E-10	2.404778E-10	2.407414E-10	2.639583E-10	2.526872E-10	3.107334E-10	-1.901288E-11	3.728142E-10	2.655056E-10	3.030599E-10	2.406928E-10	2.965789E-10	2.469973E-10	3.101215E-10	3.040302E-10	3.335523E-10	-1.262897E-11	3.071899E-10	2.460444E-10	2.582538E-10	2.653316E-10	2.517981E-10	2.774183E-10	2.574859E-10	2.525882E-10	2.405857E-10	2.336665E-10	2.344721E-10	2.445680E-10	2.468751E-10
   0:21:23	1	2.686200E+1	1.800000E+2	8.906900E-9	8.951681E-9	3.342081E-10	2.522327E-10	2.528677E-10	2.594603E-10	2.597446E-10	2.954150E-10	2.905803E-10	3.360606E-10	-1.270861E-11	4.233940E-10	2.971467E-10	3.346619E-10	2.786916E-10	3.281596E-10	2.786969E-10	3.416932E-10	3.420340E-10	3.775688E-10	0.000000E+0	3.384631E-10	2.649709E-10	2.897772E-10	2.969520E-10	2.831983E-10	3.089725E-10	2.825702E-10	2.840869E-10	2.658737E-10	2.588874E-10	2.660818E-10	2.633809E-10	2.785590E-10
   0:21:37	1	2.686200E+1	2.000000E+2	1.042600E-8	1.022682E-8	3.657672E-10	2.963286E-10	2.970747E-10	2.974252E-10	3.104533E-10	3.268716E-10	3.284734E-10	3.804082E-10	-1.901288E-11	4.549191E-10	3.413644E-10	3.852051E-10	3.293901E-10	3.849449E-10	3.166965E-10	3.923477E-10	3.800378E-10	4.279445E-10	-6.264767E-12	3.824039E-10	3.091991E-10	3.338305E-10	3.411407E-10	3.146979E-10	3.593398E-10	3.390842E-10	3.219652E-10	2.912617E-10	3.094287E-10	3.040934E-10	3.261567E-10	3.038463E-10
   0:21:50	1	2.686200E+1	2.200000E+2	1.217000E-8	1.186824E-8	4.287859E-10	3.593370E-10	3.476682E-10	3.480784E-10	3.610620E-10	3.770833E-10	3.853130E-10	4.438763E-10	-6.304271E-12	5.117840E-10	4.046465E-10	4.356486E-10	3.609892E-10	4.353544E-10	3.673960E-10	4.492965E-10	4.434441E-10	4.971985E-10	-2.515851E-11	4.638527E-10	3.659785E-10	3.778839E-10	3.854291E-10	3.775977E-10	4.035357E-10	3.893520E-10	3.662230E-10	3.482346E-10	3.725306E-10	3.611110E-10	3.512076E-10	3.798078E-10
   0:22:04	1	2.686200E+1	2.400000E+2	1.446300E-8	1.391363E-8	4.981761E-10	4.098034E-10	4.108352E-10	4.050258E-10	4.244729E-10	4.588508E-10	4.421527E-10	5.262647E-10	-1.901288E-11	5.939887E-10	4.805053E-10	5.114136E-10	4.433867E-10	5.237203E-10	4.306953E-10	4.999510E-10	5.194516E-10	5.727123E-10	-1.262897E-11	5.202632E-10	4.290336E-10	4.534606E-10	4.485701E-10	4.342374E-10	4.854572E-10	4.396197E-10	4.356000E-10	4.052075E-10	4.293523E-10	4.371343E-10	4.264593E-10	4.494726E-10
   0:22:18	1	2.686200E+1	2.600000E+2	1.723300E-8	1.674830E-8	6.116695E-10	5.170073E-10	5.056356E-10	5.062322E-10	5.067871E-10	5.342674E-10	5.368854E-10	6.403871E-10	6.304271E-12	6.950486E-10	5.690404E-10	5.998393E-10	5.383838E-10	5.994341E-10	5.256942E-10	6.075544E-10	6.207617E-10	6.733642E-10	-3.152272E-11	6.206146E-10	5.236661E-10	5.354018E-10	5.370472E-10	5.223766E-10	5.800203E-10	5.338098E-10	5.429549E-10	5.127564E-10	5.051144E-10	5.258616E-10	5.267619E-10	5.191373E-10
   0:22:32	1	2.686200E+1	2.800000E+2	2.112000E-8	2.063732E-8	7.378064E-10	6.367531E-10	6.447428E-10	6.391095E-10	6.272078E-10	6.788491E-10	6.568470E-10	7.672232E-10	-2.531715E-11	8.530731E-10	6.891169E-10	7.134868E-10	6.586802E-10	7.256570E-10	6.650927E-10	7.404351E-10	7.601756E-10	8.118724E-10	-3.152272E-11	7.522391E-10	6.625267E-10	6.613962E-10	6.570449E-10	6.545358E-10	7.376919E-10	6.719221E-10	6.565897E-10	6.520903E-10	6.314180E-10	6.335947E-10	6.522144E-10	6.647636E-10
   0:22:45	1	2.686200E+1	3.000000E+2	2.639800E-8	2.600322E-8	9.143185E-10	8.258778E-10	8.279572E-10	8.226399E-10	8.172404E-10	8.170799E-10	8.337480E-10	9.384069E-10	-3.172149E-11	1.029953E-9	8.787637E-10	9.028992E-10	8.296751E-10	9.212178E-10	8.423907E-10	9.619362E-10	9.501944E-10	9.943971E-10	-2.515851E-11	9.402741E-10	8.264899E-10	8.566030E-10	8.465675E-10	8.308144E-10	9.079055E-10	8.414642E-10	8.334214E-10	8.103151E-10	8.081632E-10	8.173512E-10	8.090548E-10	8.229836E-10
   0:22:59	1	2.686200E+1	3.200000E+2	3.437000E-8	3.388821E-8	1.210695E-9	1.090752E-9	1.061865E-9	1.050429E-9	1.070584E-9	1.099892E-9	1.105282E-9	1.198386E-9	-1.901288E-11	1.333332E-9	1.150657E-9	1.168176E-9	1.089367E-9	1.167387E-9	1.083088E-9	1.240286E-9	1.203520E-9	1.271215E-9	6.264767E-12	1.184720E-9	1.072634E-9	1.095963E-9	1.086663E-9	1.088873E-9	1.178953E-9	1.111542E-9	1.104849E-9	1.057298E-9	1.079711E-9	1.083433E-9	1.059861E-9	1.101543E-9
   0:23:13	1	2.686200E+1	3.400000E+2	4.680800E-8	4.623044E-8	1.645753E-9	1.500555E-9	1.472700E-9	1.468143E-9	1.488756E-9	1.483326E-9	1.490595E-9	1.616835E-9	-2.531715E-11	1.807206E-9	1.580557E-9	1.584884E-9	1.482056E-9	1.627946E-9	1.456784E-9	1.651617E-9	1.703969E-9	1.749535E-9	-1.889374E-11	1.598397E-9	1.444888E-9	1.492741E-9	1.478376E-9	1.479090E-9	1.626585E-9	1.513486E-9	1.502670E-9	1.462405E-9	1.452241E-9	1.450946E-9	1.461269E-9	1.500341E-9
   0:23:27	1	2.686300E+1	3.600000E+2	6.567400E-8	6.520778E-8	2.320541E-9	2.149950E-9	2.111056E-9	2.075582E-9	2.077857E-9	2.105613E-9	2.115931E-9	2.225588E-9	0.000000E+0	2.502255E-9	2.225356E-9	2.235266E-9	2.090137E-9	2.277890E-9	2.071177E-9	2.341397E-9	2.400739E-9	2.429258E-9	-1.262897E-11	2.212776E-9	2.056811E-9	2.078560E-9	2.065996E-9	2.058106E-9	2.301268E-9	2.166570E-9	2.134041E-9	2.082811E-9	2.077279E-9	2.071837E-9	2.069620E-9	2.089143E-9
   0:23:40	1	2.686300E+1	3.620000E+2	6.807900E-8	6.766392E-8	2.408747E-9	2.219229E-9	2.199570E-9	2.157906E-9	2.166572E-9	2.187281E-9	2.172771E-9	2.295363E-9	-1.901288E-11	2.603414E-9	2.307603E-9	2.317312E-9	2.172435E-9	2.341051E-9	2.140876E-9	2.442706E-9	2.483147E-9	2.504772E-9	-1.262897E-11	2.281657E-9	2.145168E-9	2.173031E-9	2.154473E-9	2.127366E-9	2.383190E-9	2.260760E-9	2.228737E-9	2.165172E-9	2.153141E-9	2.166866E-9	2.157446E-9	2.177798E-9
   0:23:53	1	2.686300E+1	3.640000E+2	7.059800E-8	7.022021E-8	2.497053E-9	2.313792E-9	2.275410E-9	2.265407E-9	2.236284E-9	2.250096E-9	2.261121E-9	2.371445E-9	-2.531715E-11	2.679234E-9	2.389750E-9	2.412018E-9	2.254832E-9	2.435693E-9	2.235875E-9	2.512344E-9	2.590858E-9	2.592904E-9	6.264767E-12	2.375674E-9	2.233525E-9	2.242343E-9	2.249234E-9	2.215406E-9	2.477753E-9	2.342358E-9	2.298114E-9	2.247432E-9	2.254124E-9	2.230185E-9	2.238936E-9	2.260056E-9
   0:24:06	1	2.686300E+1	3.660000E+2	7.330100E-8	7.311815E-8	2.604275E-9	2.414725E-9	2.376497E-9	2.341337E-9	2.356605E-9	2.350717E-9	2.368518E-9	2.485567E-9	-1.901288E-11	2.792964E-9	2.490962E-9	2.487883E-9	2.362429E-9	2.530335E-9	2.311875E-9	2.600864E-9	2.704869E-9	2.699816E-9	-3.152272E-11	2.476026E-9	2.315507E-9	2.343079E-9	2.331327E-9	2.335044E-9	2.572316E-9	2.430302E-9	2.386530E-9	2.355081E-9	2.348827E-9	2.325215E-9	2.314188E-9	2.355008E-9
   0:24:20	1	2.686400E+1	3.680000E+2	7.627300E-8	7.592711E-8	2.698852E-9	2.503016E-9	2.471398E-9	2.448937E-9	2.419916E-9	2.444988E-9	2.463251E-9	2.580669E-9	-1.270861E-11	2.906694E-9	2.573109E-9	2.588869E-9	2.457426E-9	2.643906E-9	2.413173E-9	2.689485E-9	2.780876E-9	2.794208E-9	-6.264767E-12	2.576278E-9	2.410139E-9	2.424920E-9	2.413421E-9	2.410564E-9	2.679521E-9	2.530837E-9	2.481225E-9	2.456333E-9	2.418309E-9	2.420244E-9	2.408252E-9	2.437267E-9
   0:24:33	1	2.686400E+1	3.700000E+2	7.941700E-8	7.907182E-8	2.818618E-9	2.616491E-9	2.578772E-9	2.556538E-9	2.534035E-9	2.551861E-9	2.551702E-9	2.675771E-9	0.000000E+0	3.001469E-9	2.680609E-9	2.715178E-9	2.558823E-9	2.732272E-9	2.514572E-9	2.816071E-9	2.901188E-9	2.901219E-9	-1.262897E-11	2.664061E-9	2.498496E-9	2.532021E-9	2.520850E-9	2.492344E-9	2.774084E-9	2.650112E-9	2.601240E-9	2.551388E-9	2.525672E-9	2.515373E-9	2.502317E-9	2.551309E-9
   0:24:46	1	2.686400E+1	3.720000E+2	8.263300E-8	8.237904E-8	2.938483E-9	2.736237E-9	2.686245E-9	2.651450E-9	2.641654E-9	2.664986E-9	2.678045E-9	2.777180E-9	-2.531715E-11	3.108913E-9	2.806973E-9	2.816164E-9	2.660120E-9	2.826914E-9	2.615871E-9	2.936263E-9	3.021600E-9	3.020849E-9	-3.152272E-11	2.776882E-9	2.624706E-9	2.626492E-9	2.634564E-9	2.605623E-9	2.912843E-9	2.763140E-9	2.708495E-9	2.646343E-9	2.632935E-9	2.623006E-9	2.640344E-9	2.652558E-9
   0:24:59	1	2.686400E+1	3.740000E+2	8.644400E-8	8.598383E-8	3.058248E-9	2.868624E-9	2.800006E-9	2.797016E-9	2.755673E-9	2.778111E-9	2.772778E-9	2.897709E-9	-1.270861E-11	3.241598E-9	2.946114E-9	2.936192E-9	2.780517E-9	2.965690E-9	2.729870E-9	3.043867E-9	3.148213E-9	3.146639E-9	-2.515851E-11	2.908506E-9	2.738265E-9	2.739857E-9	2.748277E-9	2.706382E-9	3.032589E-9	2.895006E-9	2.828509E-9	2.753892E-9	2.752958E-9	2.743443E-9	2.740647E-9	2.766500E-9
   0:25:13	1	2.686400E+1	3.760000E+2	8.997700E-8	8.965229E-8	3.203300E-9	2.988469E-9	2.932727E-9	2.904616E-9	2.869793E-9	2.884985E-9	2.899122E-9	3.018138E-9	-2.531715E-11	3.393238E-9	3.053614E-9	3.056120E-9	2.913513E-9	3.072984E-9	2.843869E-9	3.183042E-9	3.268625E-9	3.272528E-9	-6.264767E-12	3.015092E-9	2.858199E-9	2.865851E-9	2.855706E-9	2.838541E-9	3.158707E-9	3.014379E-9	2.942144E-9	2.880532E-9	2.879262E-9	2.857478E-9	2.859862E-9	2.899433E-9
   0:25:26	1	2.686400E+1	3.780000E+2	9.443000E-8	9.392590E-8	3.354625E-9	3.127128E-9	3.078121E-9	3.050082E-9	3.015418E-9	3.023215E-9	3.038030E-9	3.151281E-9	-1.270861E-11	3.544877E-9	3.198944E-9	3.201369E-9	3.052808E-9	3.237064E-9	2.983267E-9	3.328611E-9	3.439642E-9	3.423556E-9	-1.262897E-11	3.146717E-9	2.978033E-9	3.023369E-9	2.994756E-9	2.951821E-9	3.316279E-9	3.152492E-9	3.106316E-9	3.032460E-9	3.011846E-9	2.990519E-9	2.985215E-9	3.013375E-9
   0:25:39	1	2.686400E+1	3.800000E+2	9.888000E-8	9.822535E-8	3.512321E-9	3.278427E-9	3.223515E-9	3.176665E-9	3.161143E-9	3.174049E-9	3.164373E-9	3.290831E-9	-1.270861E-11	3.702902E-9	3.357049E-9	3.365560E-9	3.179505E-9	3.375839E-9	3.122566E-9	3.467886E-9	3.591657E-9	3.587202E-9	-1.889374E-11	3.284675E-9	3.135721E-9	3.155628E-9	3.133706E-9	3.096599E-9	3.473950E-9	3.290703E-9	3.238890E-9	3.165396E-9	3.144430E-9	3.123560E-9	3.116905E-9	3.165298E-9
   0:25:52	1	2.686400E+1	3.820000E+2	1.030400E-7	1.028528E-7	3.676289E-9	3.442369E-9	3.394155E-9	3.334919E-9	3.306868E-9	3.318630E-9	3.315946E-9	3.442994E-9	-6.304271E-12	3.854542E-9	3.502478E-9	3.510710E-9	3.331500E-9	3.546195E-9	3.268264E-9	3.613455E-9	3.756373E-9	3.744589E-9	-1.262897E-11	3.435103E-9	3.287232E-9	3.287888E-9	3.266372E-9	3.253899E-9	3.644164E-9	3.460245E-9	3.390403E-9	3.323721E-9	3.302234E-9	3.275607E-9	3.279984E-9	3.304628E-9
   0:26:06	1	2.686400E+1	3.840000E+2	1.080600E-7	1.079220E-7	3.852801E-9	3.625222E-9	3.558509E-9	3.512055E-9	3.471596E-9	3.475715E-9	3.486465E-9	3.601464E-9	-1.270861E-11	4.037806E-9	3.692125E-9	3.681281E-9	3.496195E-9	3.716651E-9	3.420262E-9	3.796890E-9	3.952693E-9	3.914495E-9	-1.262897E-11	3.616903E-9	3.438644E-9	3.451671E-9	3.430658E-9	3.404938E-9	3.820649E-9	3.636034E-9	3.548196E-9	3.500937E-9	3.453759E-9	3.446659E-9	3.436824E-9	3.469245E-9
   0:26:19	1	2.686400E+1	3.860000E+2	1.135400E-7	1.131874E-7	4.048328E-9	3.801706E-9	3.722863E-9	3.670309E-9	3.642626E-9	3.645502E-9	3.656984E-9	3.779055E-9	-6.304271E-12	4.239926E-9	3.869096E-9	3.851752E-9	3.679890E-9	3.880631E-9	3.597560E-9	3.980426E-9	4.136411E-9	4.090660E-9	-1.262897E-11	3.792370E-9	3.602707E-9	3.627983E-9	3.601229E-9	3.574857E-9	4.016145E-9	3.805576E-9	3.737687E-9	3.646568E-9	3.636884E-9	3.617812E-9	3.599903E-9	3.652852E-9
   0:26:32	1	2.686500E+1	3.880000E+2	1.200100E-7	1.191283E-7	4.262671E-9	4.009842E-9	3.931424E-9	3.879116E-9	3.845361E-9	3.852898E-9	3.840167E-9	3.962952E-9	0.000000E+0	4.454815E-9	4.077807E-9	4.060106E-9	3.869884E-9	4.082568E-9	3.781258E-9	4.176649E-9	4.345432E-9	4.304682E-9	-1.262897E-11	3.967935E-9	3.785597E-9	3.810660E-9	3.797135E-9	3.744875E-9	4.236826E-9	4.012893E-9	3.927078E-9	3.861866E-9	3.826289E-9	3.807870E-9	3.800508E-9	3.823765E-9
   0:26:45	1	2.686500E+1	3.900000E+2	1.258900E-7	1.253148E-7	4.489658E-9	4.236792E-9	4.146272E-9	4.081629E-9	4.054397E-9	4.041439E-9	4.036014E-9	4.172177E-9	-6.304271E-12	4.675990E-9	4.280031E-9	4.268459E-9	4.072578E-9	4.284505E-9	3.971256E-9	4.379168E-9	4.573555E-9	4.531223E-9	-1.889374E-11	4.187243E-9	4.000163E-9	4.005967E-9	3.980373E-9	3.939934E-9	4.457506E-9	4.226358E-9	4.129129E-9	4.058072E-9	4.028355E-9	3.997929E-9	4.001212E-9	4.032659E-9
   0:26:59	1	2.686500E+1	3.920000E+2	1.327200E-7	1.322212E-7	4.754576E-9	4.470013E-9	4.386466E-9	4.315712E-9	4.269734E-9	4.261438E-9	4.256991E-9	4.381401E-9	-6.304271E-12	4.922404E-9	4.539248E-9	4.502134E-9	4.294271E-9	4.505370E-9	4.192954E-9	4.632240E-9	4.820579E-9	4.770384E-9	-1.262897E-11	4.400416E-9	4.208355E-9	4.226333E-9	4.207801E-9	4.160233E-9	4.709641E-9	4.465005E-9	4.362678E-9	4.273370E-9	4.249361E-9	4.225999E-9	4.214491E-9	4.260544E-9
   0:27:12	1	2.686500E+1	3.940000E+2	1.398700E-7	1.395761E-7	5.025665E-9	4.734887E-9	4.620374E-9	4.575173E-9	4.516876E-9	4.500290E-9	4.497014E-9	4.616053E-9	-1.270861E-11	5.200444E-9	4.785889E-9	4.742090E-9	4.541264E-9	4.764092E-9	4.427351E-9	4.866430E-9	5.092906E-9	5.022063E-9	-1.262897E-11	4.651096E-9	4.448123E-9	4.459427E-9	4.428943E-9	4.374271E-9	4.980789E-9	4.722491E-9	4.608887E-9	4.520253E-9	4.489308E-9	4.454069E-9	4.446484E-9	4.488429E-9
   0:27:25	1	2.686500E+1	3.960000E+2	1.483700E-7	1.478271E-7	5.315770E-9	5.024845E-9	4.911062E-9	4.821945E-9	4.782922E-9	4.764249E-9	4.749701E-9	4.882339E-9	-1.270861E-11	5.497438E-9	5.063971E-9	5.038770E-9	4.807256E-9	5.041742E-9	4.687048E-9	5.170157E-9	5.384335E-9	5.311599E-9	-6.264767E-12	4.926914E-9	4.713094E-9	4.717681E-9	4.681607E-9	4.644849E-9	5.270749E-9	5.017653E-9	4.880414E-9	4.792524E-9	4.748195E-9	4.726552E-9	4.709964E-9	4.760691E-9
   0:27:38	1	2.686600E+1	3.980000E+2	1.570500E-7	1.566025E-7	5.631063E-9	5.340086E-9	5.208137E-9	5.132058E-9	5.080673E-9	5.047061E-9	5.046564E-9	5.167645E-9	-2.531715E-11	5.825958E-9	5.380082E-9	5.329269E-9	5.092247E-9	5.344597E-9	4.965745E-9	5.461196E-9	5.701067E-9	5.632532E-9	-6.264767E-12	5.196497E-9	4.990716E-9	4.994829E-9	4.953323E-9	4.909168E-9	5.611276E-9	5.300223E-9	5.170881E-9	5.077388E-9	5.032304E-9	4.998936E-9	4.973345E-9	5.039250E-9
   0:27:52	1	2.686600E+1	4.000000E+2	1.670900E-7	1.666340E-7	6.015646E-9	5.699423E-9	5.562092E-9	5.454760E-9	5.403728E-9	5.380184E-9	5.355991E-9	5.484685E-9	-6.304271E-12	6.192487E-9	5.715158E-9	5.676591E-9	5.427937E-9	5.666381E-9	5.276042E-9	5.790300E-9	6.068503E-9	5.984963E-9	-6.264767E-12	5.516156E-9	5.325117E-9	5.309765E-9	5.275511E-9	5.211345E-9	5.964345E-9	5.651899E-9	5.505505E-9	5.412929E-9	5.348013E-9	5.322135E-9	5.293165E-9	5.355790E-9
   0:28:05	1	2.686600E+1	4.020000E+2	1.776100E-7	1.773094E-7	6.419244E-9	6.071402E-9	5.928720E-9	5.815427E-9	5.758489E-9	5.719559E-9	5.709693E-9	5.814439E-9	-6.304271E-12	6.577971E-9	6.094552E-9	6.030194E-9	5.776327E-9	6.013469E-9	5.611738E-9	6.144682E-9	6.461242E-9	6.350012E-9	-6.264767E-12	5.885991E-9	5.653243E-9	5.649861E-9	5.610367E-9	5.532303E-9	6.355239E-9	6.035005E-9	5.865349E-9	5.754766E-9	5.695322E-9	5.657939E-9	5.631797E-9	5.697617E-9
   0:28:18	1	2.686700E+1	4.040000E+2	1.898100E-7	1.896448E-7	6.879590E-9	6.519030E-9	6.352229E-9	6.245729E-9	6.151257E-9	6.109245E-9	6.088724E-9	6.220174E-9	-1.901288E-11	7.039275E-9	6.524451E-9	6.440621E-9	6.169015E-9	6.429895E-9	6.004434E-9	6.556013E-9	6.923588E-9	6.790575E-9	-6.264767E-12	6.287199E-9	6.044423E-9	6.046639E-9	5.989413E-9	5.922521E-9	6.821783E-9	6.455688E-9	6.275730E-9	6.166271E-9	6.080414E-9	6.038055E-9	6.020631E-9	6.077425E-9
   0:28:31	1	2.686700E+1	4.060000E+2	2.036800E-7	2.034202E-7	7.396681E-9	7.010854E-9	6.845191E-9	6.695114E-9	6.601034E-9	6.555493E-9	6.518212E-9	6.657744E-9	-1.270861E-11	7.551059E-9	7.004857E-9	6.907872E-9	6.612402E-9	6.884277E-9	6.416129E-9	7.024292E-9	7.436739E-9	7.287675E-9	-1.889374E-11	6.732248E-9	6.498659E-9	6.474940E-9	6.425414E-9	6.337878E-9	7.326153E-9	6.939230E-9	6.742928E-9	6.615758E-9	6.516146E-9	6.481592E-9	6.434614E-9	6.520601E-9
   0:28:45	1	2.686700E+1	4.080000E+2	2.185100E-7	2.182623E-7	7.957876E-9	7.546774E-9	7.357113E-9	7.188658E-9	7.088818E-9	7.014344E-9	6.991876E-9	7.120640E-9	-1.270861E-11	8.094468E-9	7.535968E-9	7.425666E-9	7.112787E-9	7.370141E-9	6.891224E-9	7.505260E-9	7.975193E-9	7.810111E-9	-2.515851E-11	7.227473E-9	6.971821E-9	6.934765E-9	6.867601E-9	6.791095E-9	7.880990E-9	7.454201E-9	7.229066E-9	7.096929E-9	7.002320E-9	6.950436E-9	6.917512E-9	6.989064E-9
   0:28:58	1	2.686700E+1	4.100000E+2	2.360000E-7	2.357806E-7	8.638836E-9	8.196168E-9	7.957649E-9	7.770820E-9	7.652615E-9	7.573717E-9	7.535044E-9	7.665926E-9	-6.304271E-12	8.757991E-9	8.155514E-9	8.031785E-9	7.695469E-9	7.956923E-9	7.429618E-9	8.074749E-9	8.633958E-9	8.433099E-9	-1.889374E-11	7.810382E-9	7.533440E-9	7.476432E-9	7.411032E-9	7.307112E-9	8.536661E-9	8.069609E-9	7.809899E-9	7.666658E-9	7.564256E-9	7.495303E-9	7.444274E-9	7.520894E-9
   0:29:11	1	2.686800E+1	4.110000E+2	2.452200E-7	2.449536E-7	8.985688E-9	8.517680E-9	8.292644E-9	8.093522E-9	7.950366E-9	7.869132E-9	7.819342E-9	7.951232E-9	-2.531715E-11	9.099180E-9	8.484302E-9	8.334845E-9	7.986760E-9	8.247225E-9	7.708215E-9	8.378576E-9	8.969692E-9	8.772911E-9	-1.262897E-11	8.111337E-9	7.829988E-9	7.778839E-9	7.695316E-9	7.596670E-9	8.883458E-9	8.371117E-9	8.131864E-9	7.970614E-9	7.848364E-9	7.780391E-9	7.726567E-9	7.805750E-9
   0:29:24	1	2.686800E+1	4.120000E+2	2.553100E-7	2.548397E-7	9.376643E-9	8.902300E-9	8.633926E-9	8.422618E-9	8.273521E-9	8.183401E-9	8.135051E-9	8.255558E-9	-6.304271E-12	9.459325E-9	8.831955E-9	8.682168E-9	8.309851E-9	8.581661E-9	8.012312E-9	8.701286E-9	9.356130E-9	9.125342E-9	-1.262897E-11	8.418427E-9	8.132812E-9	8.074781E-9	7.985884E-9	7.892488E-9	9.255340E-9	8.722793E-9	8.441270E-9	8.287164E-9	8.157793E-9	8.090886E-9	8.040050E-9	8.115893E-9
   0:29:38	1	2.686800E+1	4.130000E+2	2.658800E-7	2.654266E-7	9.786513E-9	9.280550E-9	9.013127E-9	8.783284E-9	8.609279E-9	8.516525E-9	8.463524E-9	8.598026E-9	0.000000E+0	9.851094E-9	9.223925E-9	9.023110E-9	8.651840E-9	8.916097E-9	8.341608E-9	9.042979E-9	9.736168E-9	9.521889E-9	-6.264767E-12	8.775694E-9	8.473489E-9	8.402347E-9	8.320740E-9	8.207186E-9	9.652605E-9	9.093307E-9	8.807493E-9	8.622704E-9	8.498723E-9	8.413986E-9	8.366206E-9	8.438830E-9
   0:29:51	1	2.686900E+1	4.140000E+2	2.773800E-7	2.776110E-7	1.026577E-8	9.747090E-9	9.423963E-9	9.200998E-9	9.021050E-9	8.899959E-9	8.829891E-9	8.959413E-9	-1.270861E-11	1.032507E-8	9.653825E-9	9.439917E-9	9.050828E-9	9.313595E-9	8.709004E-9	9.429033E-9	1.021121E-8	9.937214E-9	-1.262897E-11	9.176901E-9	8.858394E-9	8.780231E-9	8.693501E-9	8.572263E-9	1.012542E-8	9.513989E-9	9.217874E-9	9.034209E-9	8.890194E-9	8.800504E-9	8.723652E-9	8.831331E-9
   0:30:04	1	2.686900E+1	4.150000E+2	2.894500E-7	2.898452E-7	1.073866E-8	1.019472E-8	9.860144E-9	9.605924E-9	9.420118E-9	9.289645E-9	9.227768E-9	9.333515E-9	-1.270861E-11	1.078627E-8	1.006486E-8	9.869285E-9	9.462516E-9	9.717468E-9	9.082700E-9	9.840363E-9	1.066096E-8	1.039666E-8	-1.262897E-11	9.571775E-9	9.243199E-9	9.164479E-9	9.066262E-9	8.930981E-9	1.059834E-8	9.953609E-9	9.628255E-9	9.426722E-9	9.262724E-9	9.167917E-9	9.106247E-9	9.198446E-9
   0:30:17	1	2.687000E+1	4.160000E+2	3.027400E-7	3.031345E-7	1.126203E-8	1.068017E-8	1.032786E-8	1.005531E-8	9.863595E-9	9.710787E-9	9.625646E-9	9.732943E-9	-6.304271E-12	1.129816E-8	1.056423E-8	1.033016E-8	9.880604E-9	1.014655E-8	9.500695E-9	1.026438E-8	1.118041E-8	1.087498E-8	-2.515851E-11	1.001059E-8	9.672333E-9	9.573886E-9	9.451691E-9	9.327459E-9	1.109633E-8	1.042466E-8	1.006385E-8	9.863515E-9	9.679516E-9	9.586146E-9	9.513894E-9	9.603641E-9
   0:30:31	1	2.687000E+1	4.170000E+2	3.171100E-7	3.173953E-7	1.184214E-8	1.122236E-8	1.083350E-8	1.053616E-8	1.031967E-8	1.015068E-8	1.005523E-8	1.017051E-8	-1.901288E-11	1.182889E-8	1.107638E-8	1.081645E-8	1.035559E-8	1.060083E-8	9.925091E-9	1.071368E-8	1.171886E-8	1.139731E-8	-3.152272E-11	1.048701E-8	1.013922E-8	1.001482E-8	9.900261E-9	9.755436E-9	1.166381E-8	1.092704E-8	1.055637E-8	1.030670E-8	1.013409E-8	1.001698E-8	9.940353E-9	1.004042E-8
   0:30:44	1	2.687100E+1	4.180000E+2	3.337300E-7	3.340992E-7	1.251692E-8	1.185285E-8	1.142126E-8	1.111833E-8	1.087087E-8	1.067235E-8	1.057307E-8	1.067135E-8	-1.901288E-11	1.247975E-8	1.167696E-8	1.138468E-8	1.089397E-8	1.114985E-8	1.042549E-8	1.125789E-8	1.235863E-8	1.202030E-8	-1.262897E-11	1.103865E-8	1.063758E-8	1.052496E-8	1.038045E-8	1.024005E-8	1.231321E-8	1.152985E-8	1.109933E-8	1.086384E-8	1.064548E-8	1.053014E-8	1.043583E-8	1.054696E-8
   0:30:57	1	2.687100E+1	4.190000E+2	3.507400E-7	3.510058E-7	1.319788E-8	1.249597E-8	1.202808E-8	1.167521E-8	1.142196E-8	1.120037E-8	1.109101E-8	1.119131E-8	0.000000E+0	1.312432E-8	1.228383E-8	1.196558E-8	1.143866E-8	1.168623E-8	1.093848E-8	1.179581E-8	1.303010E-8	1.262451E-8	-1.262897E-11	1.158395E-8	1.117390E-8	1.104773E-8	1.089855E-8	1.073103E-8	1.296888E-8	1.211393E-8	1.165494E-8	1.141458E-8	1.119486E-8	1.103699E-8	1.095635E-8	1.105341E-8
   0:31:10	1	2.687200E+1	4.200000E+2	3.690700E-7	3.694900E-7	1.395461E-8	1.320210E-8	1.269178E-8	1.229534E-8	1.199216E-8	1.178484E-8	1.165313E-8	1.174300E-8	-1.901288E-11	1.385099E-8	1.294769E-8	1.260330E-8	1.205304E-8	1.228566E-8	1.148317E-8	1.237169E-8	1.375227E-8	1.331049E-8	-6.264767E-12	1.219823E-8	1.175435E-8	1.161466E-8	1.144816E-8	1.126603E-8	1.371285E-8	1.278585E-8	1.227993E-8	1.200340E-8	1.175052E-8	1.160727E-8	1.149569E-8	1.162312E-8
   0:31:24	1	2.687200E+1	4.210000E+2	3.919600E-7	3.915668E-7	1.486265E-8	1.405316E-8	1.349449E-8	1.305474E-8	1.271428E-8	1.245744E-8	1.229741E-8	1.240871E-8	-1.901288E-11	1.470406E-8	1.375688E-8	1.336733E-8	1.275612E-8	1.299867E-8	1.214827E-8	1.305508E-8	1.463275E-8	1.412863E-8	-1.262897E-11	1.292543E-8	1.244845E-8	1.229495E-8	1.209892E-8	1.190794E-8	1.456401E-8	1.355831E-8	1.302494E-8	1.271876E-8	1.243875E-8	1.228518E-8	1.215424E-8	1.228788E-8
   0:31:37	1	2.687200E+1	4.220000E+2	4.142400E-7	4.140404E-7	1.580853E-8	1.494215E-8	1.431616E-8	1.380774E-8	1.344911E-8	1.314879E-8	1.297948E-8	1.306182E-8	-1.901288E-11	1.558238E-8	1.458514E-8	1.413774E-8	1.347810E-8	1.370539E-8	1.281336E-8	1.377013E-8	1.550054E-8	1.497190E-8	-1.889374E-11	1.365877E-8	1.316138E-8	1.297514E-8	1.276864E-8	1.254996E-8	1.548446E-8	1.436835E-8	1.376994E-8	1.344681E-8	1.313327E-8	1.295048E-8	1.281269E-8	1.293995E-8
   0:31:50	1	2.687300E+1	4.230000E+2	4.396900E-7	4.391411E-7	1.688045E-8	1.590678E-8	1.521368E-8	1.468743E-8	1.425375E-8	1.393442E-8	1.373116E-8	1.379730E-8	-1.270861E-11	1.657442E-8	1.550184E-8	1.500914E-8	1.431417E-8	1.451942E-8	1.354805E-8	1.452326E-8	1.651414E-8	1.591592E-8	-6.264767E-12	1.448622E-8	1.394374E-8	1.372464E-8	1.350149E-8	1.325487E-8	1.647439E-8	1.526642E-8	1.460336E-8	1.425083E-8	1.390356E-8	1.370441E-8	1.354649E-8	1.367428E-8
   0:32:03	1	2.687300E+1	4.240000E+2	4.669300E-7	4.665579E-7	1.804077E-8	1.698489E-8	1.623123E-8	1.561128E-8	1.515960E-8	1.476410E-8	1.452064E-8	1.460257E-8	-1.270861E-11	1.766762E-8	1.651335E-8	1.594992E-8	1.518824E-8	1.538385E-8	1.437774E-8	1.537759E-8	1.761625E-8	1.696695E-8	-1.889374E-11	1.537632E-8	1.478916E-8	1.456245E-8	1.429130E-8	1.404783E-8	1.760287E-8	1.625859E-8	1.552510E-8	1.512452E-8	1.473076E-8	1.450276E-8	1.434297E-8	1.447827E-8
   0:32:17	1	2.687300E+1	4.250000E+2	5.004900E-7	5.002686E-7	1.952255E-8	1.834669E-8	1.745117E-8	1.675032E-8	1.623659E-8	1.580118E-8	1.553119E-8	1.556640E-8	-1.901288E-11	1.901981E-8	1.778409E-8	1.711172E-8	1.629031E-8	1.645032E-8	1.533413E-8	1.639008E-8	1.900359E-8	1.822555E-8	-1.262897E-11	1.649216E-8	1.584287E-8	1.555758E-8	1.527053E-8	1.498566E-8	1.898997E-8	1.750835E-8	1.664899E-8	1.618171E-8	1.575365E-8	1.549746E-8	1.530877E-8	1.544688E-8
   0:32:30	1	2.687400E+1	4.260000E+2	5.354500E-7	5.355704E-7	2.108637E-8	1.974004E-8	1.874684E-8	1.797799E-8	1.735148E-8	1.687596E-8	1.656706E-8	1.658730E-8	-2.531715E-11	2.047944E-8	1.909275E-8	1.834300E-8	1.741138E-8	1.755454E-8	1.636022E-8	1.745323E-8	2.046683E-8	1.957863E-8	-2.515851E-11	1.764550E-8	1.694698E-8	1.660312E-8	1.625615E-8	1.596116E-8	2.047152E-8	1.878318E-8	1.782332E-8	1.730868E-8	1.682698E-8	1.653658E-8	1.631853E-8	1.646607E-8
   0:32:43	1	2.687400E+1	4.270000E+2	5.758000E-7	5.760295E-7	2.289619E-8	2.143599E-8	2.024478E-8	1.934483E-8	1.865020E-8	1.807013E-8	1.773557E-8	1.772222E-8	-1.270861E-11	2.213501E-8	2.060374E-8	1.973219E-8	1.872874E-8	1.880392E-8	1.752571E-8	1.864925E-8	2.216450E-8	2.113938E-8	-1.262897E-11	1.898065E-8	1.819623E-8	1.780619E-8	1.739967E-8	1.705629E-8	2.218013E-8	2.028408E-8	1.915543E-8	1.860016E-8	1.804565E-8	1.772135E-8	1.744107E-8	1.760559E-8
   0:32:56	1	2.687500E+1	4.280000E+2	6.217900E-7	6.220000E-7	2.503375E-8	2.330853E-8	2.196407E-8	2.092686E-8	2.012626E-8	1.944033E-8	1.901765E-8	1.899668E-8	-6.304271E-12	2.404327E-8	2.235498E-8	2.132335E-8	2.017919E-8	2.023631E-8	1.881779E-8	1.997816E-8	2.415350E-8	2.295817E-8	-1.262897E-11	2.048513E-8	1.962846E-8	1.916040E-8	1.871386E-8	1.828358E-8	2.415988E-8	2.193568E-8	2.068332E-8	2.004988E-8	1.941575E-8	1.902014E-8	1.871421E-8	1.890973E-8
   0:33:10	1	2.687500E+1	4.290000E+2	6.789600E-7	6.790745E-7	2.772006E-8	2.575471E-8	2.413829E-8	2.287586E-8	2.193807E-8	2.114365E-8	2.060936E-8	2.055656E-8	-1.270861E-11	2.648238E-8	2.454250E-8	2.331238E-8	2.200324E-8	2.193997E-8	2.040758E-8	2.162348E-8	2.663035E-8	2.521752E-8	-1.889374E-11	2.235934E-8	2.136990E-8	2.078540E-8	2.029338E-8	1.980043E-8	2.666282E-8	2.404573E-8	2.259010E-8	2.184153E-8	2.108272E-8	2.064214E-8	2.026954E-8	2.046714E-8
   0:33:23	1	2.687600E+1	4.300000E+2	7.424900E-7	7.423158E-7	3.082878E-8	2.843421E-8	2.653385E-8	2.506534E-8	2.390191E-8	2.298521E-8	2.238415E-8	2.224947E-8	-1.901288E-11	2.921848E-8	2.698276E-8	2.551605E-8	2.403008E-8	2.388980E-8	2.213666E-8	2.340169E-8	2.942382E-8	2.775379E-8	-2.515851E-11	2.442793E-8	2.329423E-8	2.259318E-8	2.201814E-8	2.145570E-8	2.946846E-8	2.639434E-8	2.469244E-8	2.378510E-8	2.290749E-8	2.240348E-8	2.197538E-8	2.220806E-8
   0:33:36	1	2.687600E+1	4.310000E+2	8.176800E-7	8.174506E-7	3.463748E-8	3.174419E-8	2.944761E-8	2.764725E-8	2.626481E-8	2.516624E-8	2.439269E-8	2.420878E-8	-1.270861E-11	3.251694E-8	2.988465E-8	2.814280E-8	2.634821E-8	2.614248E-8	2.417623E-8	2.548372E-8	3.284446E-8	3.085642E-8	-1.262897E-11	2.687258E-8	2.552775E-8	2.474095E-8	2.401461E-8	2.333763E-8	3.291712E-8	2.923293E-8	2.715482E-8	2.614658E-8	2.506682E-8	2.445001E-8	2.392588E-8	2.418326E-8
   0:33:49	1	2.687700E+1	4.320000E+2	9.189000E-7	9.191357E-7	4.006037E-8	3.636560E-8	3.340428E-8	3.110236E-8	2.943866E-8	2.804487E-8	2.704540E-8	2.681477E-8	-6.304271E-12	3.712968E-8	3.389289E-8	3.169777E-8	2.957841E-8	2.913975E-8	2.684270E-8	2.816681E-8	3.767775E-8	3.504773E-8	-1.262897E-11	3.016973E-8	2.853099E-8	2.756275E-8	2.665555E-8	2.588661E-8	3.768360E-8	3.310126E-8	3.049469E-8	2.922972E-8	2.791448E-8	2.716175E-8	2.652226E-8	2.679144E-8
   0:34:03	1	2.687700E+1	4.330000E+2	1.031900E-6	1.033187E-6	4.643551E-8	4.170569E-8	3.792347E-8	3.508268E-8	3.290385E-8	3.115611E-8	3.000137E-8	2.960467E-8	-1.901288E-11	4.246919E-8	3.845749E-8	3.566945E-8	3.305561E-8	3.239574E-8	2.975627E-8	3.110317E-8	4.329640E-8	3.991250E-8	-1.262897E-11	3.382424E-8	3.191285E-8	3.065533E-8	2.953650E-8	2.858037E-8	4.328224E-8	3.744065E-8	3.420078E-8	3.268637E-8	3.107785E-8	3.015227E-8	2.933816E-8	2.960232E-8
   0:34:16	1	2.687800E+1	4.340000E+2	1.178900E-6	1.179533E-6	5.520049E-8	4.880473E-8	4.379531E-8	4.008186E-8	3.735732E-8	3.512838E-8	3.356362E-8	3.306037E-8	-6.304271E-12	4.955266E-8	4.446341E-8	4.079037E-8	3.748918E-8	3.647204E-8	3.336653E-8	3.471023E-8	5.079015E-8	4.635065E-8	-1.262897E-11	3.851927E-8	3.610228E-8	3.449751E-8	3.309982E-8	3.186577E-8	5.079114E-8	4.310514E-8	3.894862E-8	3.699133E-8	3.492308E-8	3.379539E-8	3.280004E-8	3.313483E-8
   0:34:29	1	2.687900E+1	4.350000E+2	1.371000E-6	1.371515E-6	6.761646E-8	5.862747E-8	5.158232E-8	4.665030E-8	4.300179E-8	4.012523E-8	3.805435E-8	3.732135E-8	-1.901288E-11	5.923316E-8	5.234713E-8	4.745828E-8	4.321480E-8	4.169041E-8	3.788258E-8	3.920320E-8	6.129279E-8	5.509216E-8	-1.889374E-11	4.463091E-8	4.144632E-8	3.933482E-8	3.758562E-8	3.605750E-8	6.113725E-8	5.064728E-8	4.503486E-8	4.253090E-8	3.982918E-8	3.834448E-8	3.710235E-8	3.747764E-8
   0:34:42	1	2.688000E+1	4.360000E+2	1.657700E-6	1.658746E-6	8.877849E-8	7.424430E-8	6.368624E-8	5.633854E-8	5.113599E-8	4.711437E-8	4.428198E-8	4.318644E-8	0.000000E+0	7.477753E-8	6.456149E-8	5.735917E-8	5.141696E-8	4.901004E-8	4.415301E-8	4.533529E-8	7.826298E-8	6.854106E-8	-1.262897E-11	5.343174E-8	4.910597E-8	4.614370E-8	4.378989E-8	4.173449E-8	7.785750E-8	6.189457E-8	5.398130E-8	5.052040E-8	4.680618E-8	4.481337E-8	4.304150E-8	4.345381E-8
   0:34:56	1	2.688200E+1	4.370000E+2	2.058000E-6	2.058667E-6	1.231196E-7	9.782387E-8	8.072647E-8	6.948819E-8	6.181672E-8	5.616516E-8	5.215816E-8	5.047826E-8	-1.270861E-11	9.787934E-8	8.166913E-8	7.080855E-8	6.224763E-8	5.844358E-8	5.207663E-8	5.298612E-8	1.046843E-7	8.839661E-8	-1.262897E-11	6.534791E-8	5.915674E-8	5.498061E-8	5.164311E-8	4.878990E-8	1.033225E-7	7.783291E-8	6.600237E-8	6.088408E-8	5.560167E-8	5.279652E-8	5.042309E-8	5.094302E-8
   0:35:09	1	2.688500E+1	4.380000E+2	2.712100E-6	2.711237E-6	1.930313E-7	1.405005E-7	1.089480E-7	9.002272E-8	7.773015E-8	6.900604E-8	6.295859E-8	6.040141E-8	-1.270861E-11	1.394260E-7	1.102008E-7	9.177840E-8	7.842385E-8	7.202275E-8	6.314821E-8	6.343394E-8	1.537705E-7	1.224312E-7	-2.515851E-11	8.331941E-8	7.373143E-8	6.753381E-8	6.253527E-8	5.839430E-8	1.504946E-7	1.034926E-7	8.406551E-8	7.610355E-8	6.833719E-8	6.420733E-8	6.062059E-8	6.120503E-8
   0:35:22	1	2.688900E+1	4.390000E+2	3.965900E-6	3.964635E-6	3.670511E-7	2.331610E-7	1.626412E-7	1.255294E-7	1.035389E-7	8.901834E-8	7.908989E-8	7.514353E-8	-1.270861E-11	2.281558E-7	1.645647E-7	1.284456E-7	1.048988E-7	9.309829E-8	7.983142E-8	7.872291E-8	2.664048E-7	1.917274E-7	-6.264767E-12	1.138966E-7	9.727180E-8	8.670048E-8	7.893047E-8	7.244222E-8	2.572597E-7	1.511821E-7	1.146423E-7	1.006294E-7	8.763930E-8	8.109872E-8	7.563459E-8	7.630379E-8
   0:35:35	1	2.690000E+1	4.400000E+2	7.047800E-6	7.035451E-6	8.301956E-7	4.953994E-7	2.995706E-7	2.053513E-7	1.557645E-7	1.261894E-7	1.075816E-7	9.977085E-8	0.000000E+0	4.758813E-7	3.015968E-7	2.111000E-7	1.580258E-7	1.326117E-7	1.091254E-7	1.046242E-7	5.924111E-7	3.808874E-7	0.000000E+0	1.783418E-7	1.435574E-7	1.222751E-7	1.077657E-7	9.631475E-8	5.673849E-7	2.672534E-7	1.795019E-7	1.490986E-7	1.232633E-7	1.113333E-7	1.010908E-7	1.021836E-7
