APD#	0011	Started	04/06/07 20:08	Sense_ohms	1.004464E+6	1.004628E+6	1.002105E+6	1.000924E+6	9.998282E+5	1.007735E+6	1.002821E+6	9.989270E+5	9.993226E+5	1.002376E+6	1.001862E+6	1.003102E+6	1.000030E+6	1.003780E+6	1.000011E+6	1.000898E+6	9.999006E+5	1.006439E+6	1.005624E+6	1.010450E+6	1.003884E+6	1.005600E+6	1.002519E+6	1.006362E+6	1.004620E+6	1.008599E+6	1.003214E+6	1.000475E+6	1.003139E+6	9.996927E+5	1.009944E+6	1.000506E+6	
ElapTime	Shutter_Open	DegC	BiasV	KE237_Amps	Pixel_Sum	A1	A2	A3	A4	A5	A6	A7	A8	B1	B2	B3	B4	B5	B6	B7	B8	C1	C2	C3	C4	C5	C6	C7	C8	D1	D2	D3	D4	D5	D6	D7	D8
   0:00:00	0	-1.507911E+1	0.000000E+0	-3.160000E-12	-3.665548E-10	1.264356E-11	0.000000E+0	-1.267332E-11	0.000000E+0	-2.530435E-11	-1.260252E-11	-1.266427E-11	-1.271364E-11	-1.270861E-11	-1.266990E-11	-1.267640E-11	-2.522176E-11	0.000000E+0	0.000000E+0	0.000000E+0	-1.268861E-11	-1.270126E-11	-1.261875E-11	-1.262897E-11	-2.503835E-11	0.000000E+0	0.000000E+0	-1.266809E-11	-1.261971E-11	-1.264160E-11	-2.508430E-11	-1.265931E-11	-3.798196E-11	-1.266026E-11	-1.270390E-11	-1.257495E-11	-1.269358E-11
   0:00:08	0	-1.508595E+1	5.000000E+1	2.387500E-9	-4.167487E-10	1.264356E-11	-1.264150E-11	-3.792018E-11	-1.268828E-11	-2.530435E-11	-1.260252E-11	-3.789310E-11	0.000000E+0	-2.531715E-11	-2.524003E-11	-2.525298E-11	-1.266073E-11	-1.269962E-11	0.000000E+0	-2.529972E-11	-1.268861E-11	-1.270126E-11	-1.261875E-11	0.000000E+0	-2.503835E-11	0.000000E+0	-2.515911E-11	0.000000E+0	-1.261971E-11	-1.264160E-11	0.000000E+0	0.000000E+0	0.000000E+0	-1.266026E-11	0.000000E+0	-2.505089E-11	-1.269358E-11
   0:00:17	0	-1.498767E+1	1.000000E+2	3.843100E-9	-4.042750E-10	0.000000E+0	-1.264150E-11	-1.267332E-11	0.000000E+0	-2.530435E-11	-1.260252E-11	-2.522883E-11	-1.271364E-11	-1.270861E-11	-2.524003E-11	-2.525298E-11	-3.788249E-11	0.000000E+0	0.000000E+0	0.000000E+0	-2.527730E-11	-1.270126E-11	0.000000E+0	-2.515851E-11	0.000000E+0	0.000000E+0	0.000000E+0	-1.266809E-11	-1.261971E-11	-1.264160E-11	-1.259172E-11	-2.521895E-11	0.000000E+0	-3.788109E-11	0.000000E+0	-1.257495E-11	-1.269358E-11
   0:00:26	0	-1.498630E+1	1.500000E+2	4.010300E-9	-4.296260E-10	1.264356E-11	-2.518345E-11	0.000000E+0	-2.527664E-11	-1.270218E-11	-1.260252E-11	0.000000E+0	-2.532718E-11	1.270861E-11	-1.266990E-11	-1.267640E-11	-2.522176E-11	0.000000E+0	-1.265217E-11	-1.269986E-11	-3.796591E-11	-1.270126E-11	-1.261875E-11	-1.262897E-11	0.000000E+0	-1.265086E-11	0.000000E+0	-1.266809E-11	-1.261971E-11	-2.518365E-11	-1.259172E-11	-2.521895E-11	-2.528799E-11	-1.266026E-11	-2.530778E-11	-1.257495E-11	-2.528720E-11
   0:00:35	0	-1.508694E+1	2.000000E+2	3.903000E-9	-4.041661E-10	-1.264356E-11	-1.264150E-11	-1.267332E-11	-1.268828E-11	-1.270218E-11	0.000000E+0	-2.522883E-11	-1.271364E-11	-1.270861E-11	-1.266990E-11	-1.267640E-11	-1.266073E-11	-2.529924E-11	-1.265217E-11	0.000000E+0	0.000000E+0	-1.270126E-11	-3.775688E-11	-2.515851E-11	-2.503835E-11	0.000000E+0	-1.262928E-11	-1.266809E-11	0.000000E+0	-1.264160E-11	0.000000E+0	-2.521895E-11	-1.269397E-11	-1.266026E-11	1.270390E-11	-2.505089E-11	-1.269358E-11
   0:00:43	0	-1.508625E+1	2.500000E+2	3.832300E-9	-2.398698E-10	1.264356E-11	0.000000E+0	-2.524686E-11	0.000000E+0	-1.270218E-11	0.000000E+0	-2.522883E-11	1.271364E-11	0.000000E+0	0.000000E+0	-2.525298E-11	-1.266073E-11	0.000000E+0	1.265217E-11	-1.269986E-11	-1.268861E-11	-2.530252E-11	0.000000E+0	-1.262897E-11	-1.256866E-11	0.000000E+0	-1.262928E-11	-1.266809E-11	-2.514006E-11	0.000000E+0	-1.259172E-11	-1.265931E-11	0.000000E+0	-2.522083E-11	1.270390E-11	0.000000E+0	-1.269358E-11
   0:00:52	0	-1.508542E+1	3.000000E+2	3.405100E-9	-1.762372E-10	1.264356E-11	1.264150E-11	0.000000E+0	0.000000E+0	1.270218E-11	0.000000E+0	0.000000E+0	0.000000E+0	0.000000E+0	0.000000E+0	-2.525298E-11	-1.266073E-11	0.000000E+0	0.000000E+0	0.000000E+0	-2.527730E-11	1.270126E-11	-1.261875E-11	0.000000E+0	-3.760701E-11	-1.265086E-11	-2.515911E-11	0.000000E+0	-1.261971E-11	0.000000E+0	-1.259172E-11	-2.521895E-11	0.000000E+0	0.000000E+0	0.000000E+0	-1.257495E-11	-1.269358E-11
   0:01:01	0	-1.508595E+1	3.500000E+2	3.751900E-9	3.161081E-10	3.783112E-11	2.518345E-11	3.792018E-11	2.527664E-11	2.530435E-11	2.510581E-11	1.266427E-11	2.532718E-11	1.270861E-11	-1.266990E-11	1.267640E-11	1.266073E-11	2.529924E-11	1.265217E-11	1.269986E-11	0.000000E+0	1.270126E-11	-1.261875E-11	1.262897E-11	-1.256866E-11	1.265086E-11	0.000000E+0	1.266809E-11	0.000000E+0	1.264160E-11	-1.259172E-11	0.000000E+0	0.000000E+0	1.266026E-11	-1.270390E-11	0.000000E+0	0.000000E+0
   0:01:10	0	-1.508602E+1	4.000000E+2	6.502200E-9	2.993692E-9	1.513245E-10	1.261163E-10	1.643540E-10	2.657544E-10	1.520261E-10	1.634358E-10	1.389081E-10	1.268361E-10	6.334291E-11	1.010599E-10	1.137881E-10	1.263082E-10	7.599772E-11	1.262229E-10	8.869902E-11	1.012091E-10	1.140113E-10	6.289502E-11	5.041646E-11	2.503835E-11	6.305509E-11	6.294749E-11	6.314095E-11	6.289983E-11	5.046684E-11	7.535205E-11	5.053757E-11	3.798196E-11	5.054135E-11	3.801168E-11	2.505089E-11	7.596156E-11
   0:01:18	0	-1.498782E+1	4.050000E+2	5.406000E-9	3.688377E-9	1.891556E-10	1.639413E-10	2.149475E-10	2.784427E-10	1.773305E-10	2.137467E-10	1.642367E-10	1.774904E-10	7.605152E-11	1.389698E-10	1.517175E-10	1.388692E-10	1.266962E-10	1.514276E-10	1.012989E-10	1.265863E-10	1.520151E-10	8.813251E-11	6.294599E-11	2.503835E-11	6.305509E-11	6.294749E-11	7.580904E-11	7.551954E-11	7.565049E-11	1.004363E-10	2.521895E-11	5.067593E-11	5.054135E-11	6.331946E-11	5.020080E-11	7.596156E-11
   0:01:26	0	-1.498623E+1	4.100000E+2	6.472400E-9	4.989108E-9	2.396303E-10	2.144077E-10	2.907879E-10	3.416843E-10	2.407414E-10	2.891633E-10	2.147941E-10	2.029177E-10	1.267859E-10	1.768797E-10	1.896469E-10	2.020732E-10	1.519954E-10	2.019367E-10	1.266986E-10	1.645522E-10	1.900189E-10	1.006519E-10	1.007335E-10	6.264536E-11	1.009081E-10	1.007359E-10	1.263816E-10	1.258990E-10	8.829209E-11	1.507041E-10	6.309721E-11	6.326995E-11	8.842244E-11	8.872727E-11	6.267674E-11	1.012488E-10
   0:01:34	0	-1.498744E+1	4.150000E+2	7.186400E-9	6.959822E-9	3.279361E-10	2.774161E-10	3.666282E-10	4.682673E-10	3.294566E-10	3.770833E-10	3.158091E-10	3.170402E-10	1.648116E-10	2.653695E-10	2.908584E-10	2.778381E-10	2.153935E-10	2.903027E-10	1.772980E-10	2.277954E-10	2.660264E-10	1.258894E-10	1.385210E-10	1.002524E-10	1.262098E-10	1.511535E-10	1.642862E-10	1.761791E-10	1.639426E-10	2.009718E-10	8.841583E-11	1.012519E-10	1.136433E-10	1.013311E-10	8.782665E-11	1.646167E-10
   0:01:43	0	-1.508587E+1	4.200000E+2	2.005200E-6	1.762821E-6	1.992605E-9	1.563564E-9	1.049191E-9	6.580919E-10	-1.241613E-9	-1.634160E-9	-1.116680E-8	-1.876814E-9	-6.731160E-9	-1.655566E-9	5.563641E-10	5.430156E-10	6.713799E-10	2.334675E-9	-1.646982E-10	-2.531727E-10	7.347730E-10	-4.908395E-10	4.582767E-8	3.134247E-10	2.813971E-9	1.104274E-7	1.446437E-7	1.575853E-7	1.231067E-7	2.750588E-8	2.525882E-10	1.355442E-7	9.385230E-8	2.509120E-7	6.296616E-8	6.221804E-7
   0:01:51	0	-1.508671E+1	4.250000E+2	6.417300E-5	6.914025E-5	1.299739E-7	9.366283E-8	-1.769276E-10	-1.177012E-9	3.104133E-9	8.386953E-7	4.655833E-7	3.169714E-7	2.858516E-8	6.192287E-10	2.729260E-7	2.673857E-7	1.149567E-7	5.458178E-8	3.421151E-7	1.346112E-6	2.985514E-6	2.952160E-6	2.616828E-6	3.975392E-6	3.865123E-6	3.634283E-6	4.266637E-6	4.867608E-6	3.636328E-6	3.478223E-6	4.028865E-6	4.298285E-6	3.953663E-6	4.978165E-6	5.577592E-6	5.751668E-6
