APD#	0017	Started	07/12/07 13:55	Sense_ohms	1.004464E+6	1.004628E+6	1.002105E+6	1.000924E+6	9.998282E+5	1.007735E+6	1.002821E+6	9.989270E+5	9.993226E+5	1.002376E+6	1.001862E+6	1.003102E+6	1.000030E+6	1.003780E+6	1.000011E+6	1.000898E+6	9.999006E+5	1.006439E+6	1.005624E+6	1.010450E+6	1.003884E+6	1.005600E+6	1.002519E+6	1.006362E+6	1.004620E+6	1.008599E+6	1.003214E+6	1.000475E+6	1.003139E+6	9.996927E+5	1.009944E+6	1.000506E+6	
ElapTime	Shutter_Open	DegC	BiasV	KE237_Amps	Pixel_Sum	A1	A2	A3	A4	A5	A6	A7	A8	B1	B2	B3	B4	B5	B6	B7	B8	C1	C2	C3	C4	C5	C6	C7	C8	D1	D2	D3	D4	D5	D6	D7	D8
0:00:00	0	-4.990339E+0	0.000000E+0	2.220000E-12	-3.663388E-10	-1.264356E-11	-1.264150E-11	-1.267332E-11	0.000000E+0	0.000000E+0	0.000000E+0	-1.266427E-11	-3.804082E-11	0.000000E+0	-1.266990E-11	0.000000E+0	-2.522176E-11	0.000000E+0	-2.520473E-11	0.000000E+0	-1.268861E-11	-1.270126E-11	-2.513814E-11	-1.262897E-11	0.000000E+0	0.000000E+0	-1.262928E-11	-1.266809E-11	-1.261971E-11	-2.518365E-11	-2.508430E-11	0.000000E+0	-1.269397E-11	-1.266026E-11	-2.530778E-11	-1.257495E-11	0.000000E+0
0:00:08	0	-4.989808E+0	5.000000E+1	2.262500E-9	-3.031856E-10	1.264356E-11	0.000000E+0	-1.267332E-11	0.000000E+0	-2.530435E-11	-2.510581E-11	-1.266427E-11	0.000000E+0	-1.270861E-11	0.000000E+0	-1.267640E-11	-1.266073E-11	1.269962E-11	-1.265217E-11	-1.269986E-11	0.000000E+0	-1.270126E-11	-1.261875E-11	-1.262897E-11	-1.256866E-11	-1.265086E-11	0.000000E+0	-1.266809E-11	-1.261971E-11	0.000000E+0	-2.508430E-11	-1.265931E-11	-1.269397E-11	-2.522083E-11	0.000000E+0	-1.257495E-11	-1.269358E-11
0:00:17	0	-4.988591E+0	1.000000E+2	3.718000E-9	-3.537863E-10	2.518756E-11	-1.264150E-11	-1.267332E-11	-1.268828E-11	-2.530435E-11	-1.260252E-11	0.000000E+0	-2.532718E-11	-1.270861E-11	0.000000E+0	-1.267640E-11	1.266073E-11	0.000000E+0	-2.520473E-11	-1.269986E-11	-1.268861E-11	-1.270126E-11	0.000000E+0	0.000000E+0	-2.503835E-11	-2.520211E-11	-1.262928E-11	-2.523643E-11	-1.261971E-11	-2.518365E-11	-1.259172E-11	0.000000E+0	-2.528799E-11	-1.266026E-11	0.000000E+0	-1.257495E-11	-1.269358E-11
0:00:26	0	-4.988059E+0	1.500000E+2	3.828700E-9	-2.150294E-10	1.264356E-11	-1.264150E-11	-1.267332E-11	-1.268828E-11	-2.530435E-11	1.260252E-11	-1.266427E-11	-1.271364E-11	1.270861E-11	-1.266990E-11	0.000000E+0	-1.266073E-11	0.000000E+0	0.000000E+0	-1.269986E-11	-1.268861E-11	0.000000E+0	-3.775688E-11	0.000000E+0	-1.256866E-11	-1.265086E-11	0.000000E+0	0.000000E+0	-1.261971E-11	1.264160E-11	-1.259172E-11	0.000000E+0	-1.269397E-11	-2.522083E-11	0.000000E+0	1.257495E-11	-1.269358E-11
0:00:35	0	-4.989808E+0	2.000000E+2	3.772300E-9	-8.878012E-11	1.264356E-11	0.000000E+0	0.000000E+0	-1.268828E-11	0.000000E+0	-1.260252E-11	-1.266427E-11	0.000000E+0	-1.270861E-11	1.266990E-11	-1.267640E-11	-1.266073E-11	0.000000E+0	-1.265217E-11	0.000000E+0	-1.268861E-11	0.000000E+0	0.000000E+0	0.000000E+0	0.000000E+0	0.000000E+0	1.262928E-11	0.000000E+0	-1.261971E-11	0.000000E+0	1.259172E-11	-1.265931E-11	-1.269397E-11	0.000000E+0	0.000000E+0	0.000000E+0	0.000000E+0
0:00:43	0	-4.989808E+0	2.500000E+2	3.465700E-9	3.410926E-10	5.047468E-11	0.000000E+0	0.000000E+0	2.527664E-11	0.000000E+0	2.510581E-11	2.522883E-11	2.532718E-11	1.270861E-11	0.000000E+0	1.267640E-11	0.000000E+0	0.000000E+0	1.265217E-11	1.269986E-11	1.268861E-11	0.000000E+0	0.000000E+0	1.262897E-11	1.256866E-11	1.265086E-11	0.000000E+0	1.266809E-11	1.261971E-11	1.264160E-11	1.259172E-11	1.265931E-11	0.000000E+0	1.266026E-11	-1.270390E-11	1.257495E-11	1.269358E-11
0:00:52	0	-4.991251E+0	3.000000E+2	3.960500E-9	9.218475E-10	6.301868E-11	5.046644E-11	2.524686E-11	2.527664E-11	2.530435E-11	2.510581E-11	1.266427E-11	2.532718E-11	3.802576E-11	2.524003E-11	5.060577E-11	3.788249E-11	3.799886E-11	3.785690E-11	1.269986E-11	3.796591E-11	2.530252E-11	3.775688E-11	1.262897E-11	2.503835E-11	3.785298E-11	2.515911E-11	2.523643E-11	1.261971E-11	3.782525E-11	1.259172E-11	2.521895E-11	3.798196E-11	1.266026E-11	2.530778E-11	0.000000E+0	3.798078E-11
0:01:01	0	-4.993228E+0	3.500000E+2	5.624100E-9	2.613978E-9	1.261369E-10	8.829139E-11	8.851368E-11	8.861812E-11	7.601306E-11	6.281413E-11	8.845048E-11	7.608164E-11	8.876013E-11	7.581985E-11	8.853515E-11	7.576498E-11	8.869734E-11	7.571380E-11	7.599916E-11	6.324321E-11	7.600756E-11	8.813251E-11	7.557497E-11	8.778267E-11	7.570596E-11	6.294749E-11	8.847713E-11	7.551954E-11	8.829209E-11	7.535205E-11	8.841583E-11	8.865789E-11	8.842244E-11	7.602336E-11	7.525170E-11	7.596156E-11
0:01:10	0	-4.988287E+0	4.000000E+2	1.258800E-8	9.950075E-9	3.404801E-10	3.025996E-10	3.412816E-10	3.543726E-10	3.547609E-10	3.142691E-10	3.158091E-10	2.917130E-10	2.788889E-10	3.032794E-10	3.161114E-10	2.904989E-10	3.039909E-10	3.281596E-10	3.166965E-10	2.531727E-10	3.040302E-10	3.146738E-10	2.897703E-10	3.259934E-10	3.281256E-10	2.897772E-10	3.032361E-10	2.769381E-10	3.152436E-10	3.139999E-10	3.156854E-10	3.165496E-10	3.030487E-10	3.167974E-10	3.135817E-10	3.165398E-10
0:01:18	0	-4.989959E+0	4.100000E+2	1.644700E-8	1.472230E-8	4.792606E-10	4.538994E-10	4.677155E-10	5.189205E-10	4.687805E-10	4.524999E-10	4.673815E-10	4.184490E-10	4.309920E-10	4.170092E-10	4.678289E-10	4.672506E-10	4.433867E-10	4.542828E-10	4.559950E-10	4.050363E-10	4.560453E-10	4.530826E-10	4.409203E-10	4.764214E-10	4.795375E-10	4.534606E-10	4.422859E-10	4.279772E-10	4.665446E-10	4.772957E-10	4.671984E-10	4.811714E-10	4.672334E-10	4.815480E-10	4.891360E-10	4.937502E-10
0:01:26	0	-4.987071E+0	4.200000E+2	2.568000E-8	2.411680E-8	7.188909E-10	7.187735E-10	7.585034E-10	7.846750E-10	7.602306E-10	7.416632E-10	7.200687E-10	6.721212E-10	7.098809E-10	6.824784E-10	7.586873E-10	7.577495E-10	7.093787E-10	7.445855E-10	7.220921E-10	6.581090E-10	7.601756E-10	7.299995E-10	7.432201E-10	7.898461E-10	7.950122E-10	7.558671E-10	7.328539E-10	7.175350E-10	7.691465E-10	8.037882E-10	8.081028E-10	8.230091E-10	7.956026E-10	8.363570E-10	8.027178E-10	8.356771E-10
0:01:34	0	-4.988135E+0	4.300000E+2	4.728000E-6	5.877411E-6	9.398077E-8	7.817819E-10	2.428368E-8	-7.441824E-9	-3.623623E-9	1.246994E-8	4.253242E-8	1.679269E-7	1.584543E-8	1.283999E-8	1.226516E-9	1.538164E-7	8.621431E-8	3.268645E-9	6.938064E-8	1.733043E-7	3.886736E-7	3.561292E-7	2.377295E-7	1.029645E-7	3.705251E-7	2.708533E-7	4.794715E-7	2.476379E-7	2.048796E-7	1.044974E-8	3.386363E-7	3.719268E-7	9.516567E-8	7.429029E-7	3.515442E-7	4.611149E-7
0:01:43	0	-4.891379E+0	4.400000E+2	9.999100E-5	1.063128E-4	2.410474E-6	2.620772E-6	2.805674E-6	2.749197E-6	2.463448E-6	2.492366E-6	2.407475E-6	2.821017E-6	2.276983E-6	2.863997E-6	2.524451E-6	2.586620E-6	2.608982E-6	2.415738E-6	3.188792E-6	3.271321E-6	3.207426E-6	3.604003E-6	3.835433E-6	3.885553E-6	4.290288E-6	4.252947E-6	4.428479E-6	4.642401E-6	3.773003E-6	3.197976E-6	4.047920E-6	3.940804E-6	4.067960E-6	4.398802E-6	4.173068E-6	4.059471E-6
