APD#	0016	Started	06/28/07 10:52	Sense_ohms	1.004464E+6	1.004628E+6	1.002105E+6	1.000924E+6	9.998282E+5	1.007735E+6	1.002821E+6	9.989270E+5	9.993226E+5	1.002376E+6	1.001862E+6	1.003102E+6	1.000030E+6	1.003780E+6	1.000011E+6	1.000898E+6	9.999006E+5	1.006439E+6	1.005624E+6	1.010450E+6	1.003884E+6	1.005600E+6	1.002519E+6	1.006362E+6	1.004620E+6	1.008599E+6	1.003214E+6	1.000475E+6	1.003139E+6	9.996927E+5	1.009944E+6	1.000506E+6					
ElapTime	Shutter_Open	DegC	H2O_In	H2O_Out	TE_A	TE_V	BiasV	KE237_Amps	Pixel_Sum	A1	A2	A3	A4	A5	A6	A7	A8	B1	B2	B3	B4	B5	B6	B7	B8	C1	C2	C3	C4	C5	C6	C7	C8	D1	D2	D3	D4	D5	D6	D7	D8
0:00:00	0	-1.498912E+1	1.473700E+1	1.560600E+1	1.618716E+0	1.854021E+0	0.000000E+0	-2.066700E-10	-1.550607E-10	-1.955272E-12	-5.801152E-12	-5.499424E-12	-6.328153E-12	-5.448936E-12	-4.965591E-12	-5.306032E-12	3.234471E-12	-5.451693E-12	-4.613039E-12	-5.500758E-12	-3.410421E-12	-4.560863E-12	-6.058100E-12	2.026978E-12	-4.430022E-12	-5.764573E-12	-5.475742E-12	-5.353890E-12	-6.268494E-12	-4.479601E-12	-5.606603E-12	-5.307630E-12	-5.161165E-12	-6.620414E-12	-5.903238E-12	-6.566894E-12	-4.179015E-12	-5.872566E-12	-6.907123E-12	-6.397384E-12	-5.128405E-12
0:00:13	0	-1.499489E+1	1.481100E+1	1.565000E+1	1.615676E+0	1.852589E+0	0.000000E+0	-2.074200E-10	-3.886159E-10	-2.080712E-12	-1.494384E-11	-1.137805E-11	-1.297401E-11	-1.298823E-11	-1.225719E-11	-1.219161E-11	-1.179466E-11	-1.147277E-11	-1.440876E-11	-1.112828E-11	-7.135865E-12	-1.032469E-11	-1.318915E-11	-1.152887E-11	-1.126488E-11	-1.476047E-11	-1.233656E-11	-1.266080E-11	-1.354050E-11	-1.407135E-11	-1.127586E-11	-1.276385E-11	-1.208511E-11	-1.368279E-11	-1.256099E-11	-1.269121E-11	-1.266299E-11	-1.344978E-11	-1.267289E-11	-1.329678E-11	-1.304240E-11
0:00:26	0	-1.499474E+1	1.488800E+1	1.573200E+1	1.613219E+0	1.850233E+0	1.000000E+1	2.767300E-10	-3.640777E-10	-6.301868E-13	-1.292618E-11	-1.055678E-11	-1.151836E-11	-1.146697E-11	-1.081137E-11	-1.155939E-11	2.156314E-12	-1.229733E-11	-1.067963E-11	-1.327728E-11	-2.842184E-12	-9.944702E-12	-1.236924E-11	-1.798980E-11	-1.354384E-11	-1.412740E-11	-1.283933E-11	-1.209398E-11	-1.209956E-11	-1.167366E-11	-1.266110E-11	-1.213144E-11	-1.208511E-11	-1.254803E-11	-1.356535E-11	-1.180705E-11	-1.209326E-11	-1.269216E-11	-1.222976E-11	-1.480181E-11	-1.437173E-11
0:00:40	0	-1.499406E+1	1.499800E+1	1.579600E+1	1.616804E+0	1.855237E+0	2.000000E+1	3.774800E-10	-3.647773E-10	-1.134934E-12	-8.575313E-12	-1.150478E-11	-1.120165E-11	-1.127694E-11	-1.219467E-11	-1.193832E-11	1.015089E-12	-1.153682E-11	-1.257612E-11	-1.150757E-11	-2.513304E-11	-1.216164E-11	-1.312638E-11	-9.881891E-12	-1.132883E-11	-1.647164E-11	-1.158043E-11	-1.341655E-11	-1.329012E-11	-5.300413E-12	-1.209427E-11	-1.187908E-11	-1.070092E-11	-1.116044E-11	-1.249853E-11	-1.243902E-11	-1.152353E-11	-1.294536E-11	-1.032817E-11	-1.210562E-11	-1.297943E-11
0:00:53	0	-1.499390E+1	1.508200E+1	1.588600E+1	1.620540E+0	1.859151E+0	3.000000E+1	3.278000E-10	-3.717787E-10	-1.324089E-12	-1.116035E-11	-1.359039E-11	-1.113871E-11	-1.140396E-11	-1.194362E-11	-1.168603E-11	-1.712137E-11	-1.159986E-11	-1.333432E-11	-1.081187E-11	-1.591364E-11	-1.019869E-11	-1.413557E-11	1.709981E-12	-8.290555E-12	-1.184618E-11	-1.277673E-11	-1.303867E-11	-1.203622E-11	-1.009579E-11	-1.196897E-11	-1.238480E-11	-1.265151E-11	-1.273715E-11	-1.212176E-11	-1.161766E-11	-1.386641E-11	-1.225055E-11	-1.235580E-11	-1.593158E-11	-1.215585E-11
0:01:07	0	-1.499368E+1	1.520300E+1	1.598600E+1	1.620249E+0	1.861672E+0	4.000000E+1	3.574700E-10	-3.748624E-10	-3.155912E-13	-1.021473E-11	-1.087211E-11	-9.998761E-12	-9.756676E-12	-1.150302E-11	-1.212779E-11	-2.485767E-11	-1.166290E-11	-1.327047E-11	-9.799753E-12	-1.004085E-11	-1.095867E-11	-1.356771E-11	-1.330185E-11	-1.063245E-11	-1.279727E-11	-1.277673E-11	-1.165346E-11	-1.272601E-11	-1.312502E-11	-1.127586E-11	-1.131051E-11	-1.107852E-11	-1.216978E-11	-1.143071E-11	-9.218372E-12	-1.367550E-11	-1.168233E-11	-1.267289E-11	-1.210562E-11	-1.228278E-11
0:01:20	0	-1.499345E+1	1.525500E+1	1.608600E+1	1.622757E+0	1.863027E+0	5.000000E+1	3.920300E-10	-3.542390E-10	1.009494E-12	-1.097123E-11	-1.257952E-11	-1.196095E-11	-1.108690E-11	-1.099992E-11	-1.086435E-11	-2.016564E-11	-1.102947E-11	-1.137497E-11	-1.087475E-11	9.470622E-13	-8.424747E-12	-1.306262E-11	-1.494884E-11	-7.973839E-12	-1.045304E-11	-1.151784E-11	-1.209398E-11	-1.253798E-11	-1.520694E-11	-1.152745E-11	-1.137335E-11	-1.114112E-11	-1.179053E-11	-1.130479E-11	-1.161766E-11	-1.222020E-11	-1.130352E-11	-1.102539E-11	-1.254426E-11	-1.221982E-11
0:01:34	0	-1.499406E+1	1.534500E+1	1.612700E+1	1.618539E+0	1.860405E+0	6.000000E+1	9.202000E-10	-3.608476E-10	-5.047468E-13	-1.027744E-11	-9.734509E-12	-1.177112E-11	-1.197406E-11	-1.118846E-11	-1.042260E-11	-1.331429E-12	-1.172694E-11	-1.194362E-11	-1.138081E-11	-1.155615E-11	-9.627711E-12	-1.205344E-11	-2.217076E-11	-1.018985E-11	-1.425442E-11	-1.246176E-11	-1.121194E-11	-1.241229E-11	-1.249348E-11	-1.001591E-11	-1.175240E-11	-1.158132E-11	-1.229520E-11	-1.237261E-11	-1.212304E-11	-1.139659E-11	-1.225055E-11	-1.184864E-11	-1.110161E-11	-1.342221E-11
0:01:47	0	-1.499368E+1	1.537700E+1	1.616900E+1	1.621364E+0	1.863838E+0	7.000000E+1	1.042400E-9	-3.340031E-10	6.301868E-13	-1.097123E-11	-9.607776E-12	-1.063218E-11	-1.013674E-11	-1.099992E-11	-1.054924E-11	1.711837E-12	-9.634526E-12	-9.794728E-12	-1.194975E-11	-2.172361E-11	-8.551743E-12	-1.312638E-11	-6.397930E-12	-8.923986E-12	-1.355735E-11	-1.107767E-11	-1.215763E-11	-1.310208E-11	-8.265895E-12	-1.033115E-11	-1.181524E-11	-1.082612E-11	-1.248432E-11	-1.212176E-11	-1.067070E-11	-1.234614E-11	-1.092471E-11	-1.140550E-11	-9.596572E-12	-1.266259E-11
0:02:01	0	-1.499459E+1	1.539200E+1	1.620900E+1	1.621896E+0	1.863673E+0	8.000000E+1	1.103700E-9	-3.450645E-10	4.410312E-13	-1.053027E-11	-9.797377E-12	-1.328972E-11	-1.096088E-11	-9.303041E-12	-1.130710E-11	-2.409686E-11	-1.077630E-11	-1.175407E-11	-1.144369E-11	-1.275643E-11	-9.564713E-12	-1.180039E-11	2.659971E-12	-1.037968E-11	-7.665762E-12	-1.120286E-11	-1.171611E-11	-1.335247E-11	-7.571592E-12	-1.039379E-11	-1.225812E-11	-1.132992E-11	-1.198065E-11	-1.136725E-11	-1.231243E-11	-1.095380E-11	-1.174513E-11	-1.115243E-11	-1.191749E-11	-1.348518E-11
0:02:14	0	-1.499444E+1	1.541200E+1	1.620200E+1	1.617868E+0	1.861089E+0	9.000000E+1	1.134700E-9	-3.237073E-10	1.198649E-12	-9.899187E-12	-8.153836E-12	-9.935819E-12	-9.376611E-12	-1.037177E-11	-1.017031E-11	-1.731158E-11	-9.571484E-12	-1.036437E-11	-9.294693E-12	-8.904379E-12	-8.867734E-12	-1.243201E-11	-2.786969E-12	-9.176759E-12	-1.203720E-11	-1.479076E-11	-1.228292E-11	-1.184819E-11	-1.079009E-11	-1.039379E-11	-1.238480E-11	-9.630729E-12	-1.172782E-11	-9.483452E-12	-1.073450E-11	-1.107974E-11	-1.130352E-11	-9.757999E-12	-9.533202E-12	-1.050968E-11
0:02:28	0	-1.499565E+1	1.539900E+1	1.620900E+1	1.621896E+0	1.865067E+0	1.000000E+2	1.179000E-9	-3.234344E-10	2.711894E-12	-9.583647E-12	-8.913238E-12	-1.303695E-11	-9.566644E-12	-1.081137E-11	-8.843054E-12	-1.271364E-13	-1.147277E-11	-9.731877E-12	-1.005328E-11	-7.956319E-12	-8.107757E-12	-1.192692E-11	-1.792680E-11	-9.999021E-12	-1.064306E-11	-1.120286E-11	-1.121194E-11	-1.128408E-11	-1.350355E-11	-9.638027E-12	-1.118383E-11	-1.132992E-11	-1.109773E-11	-1.042535E-11	-1.054511E-11	-1.082686E-11	-1.237715E-11	-1.165858E-11	-1.185412E-11	-9.307291E-12
0:02:42	0	-1.499520E+1	1.537000E+1	1.619100E+1	1.623061E+0	1.865105E+0	1.200000E+2	1.411600E-9	-3.142293E-10	6.939024E-13	-1.109764E-11	-9.986977E-12	-1.069512E-11	-1.026376E-11	-1.049780E-11	-9.538093E-12	-5.199579E-12	-8.620840E-12	-1.067963E-11	-1.125404E-11	-1.054629E-11	-7.157785E-12	-1.199068E-11	-2.850969E-12	-1.031574E-11	-1.324032E-11	-1.032253E-11	-1.108665E-11	-1.103370E-11	-6.499755E-12	-9.511734E-12	-1.150003E-11	-1.000833E-11	-1.021481E-11	-1.073965E-11	-1.098669E-11	-1.203029E-11	-1.142912E-11	-1.349615E-11	-1.009858E-11	-1.202991E-11
0:02:55	0	-1.499398E+1	1.534800E+1	1.616700E+1	1.618716E+0	1.861621E+0	1.400000E+2	1.361500E-9	-2.959402E-10	1.387805E-12	-8.323479E-12	-8.596904E-12	-1.044235E-11	-8.426448E-12	-9.429066E-12	-9.538093E-12	-4.434758E-13	-8.874011E-12	-1.017482E-11	-1.043257E-11	-2.349113E-11	-5.763827E-12	-1.079121E-11	-5.953935E-12	-8.480385E-12	-1.153015E-11	-1.044773E-11	-1.014196E-11	-1.071998E-11	-4.859127E-12	-9.449085E-12	-9.478125E-12	-9.441930E-12	-8.638092E-12	-1.011205E-11	-9.597155E-12	-1.164947E-11	-9.597872E-12	-1.077231E-11	-1.172837E-11	-1.000294E-11
0:03:09	0	-1.509355E+1	1.530700E+1	1.611300E+1	1.618932E+0	1.861659E+0	1.600000E+2	1.428500E-9	-2.789351E-10	2.080712E-12	-7.629690E-12	-8.723637E-12	-8.100515E-12	-8.363437E-12	-8.988474E-12	-8.338477E-12	-1.838973E-11	-1.007883E-11	-8.342179E-12	-5.627522E-12	-5.872783E-12	-6.904793E-12	-1.167487E-11	-2.659971E-12	-7.404351E-12	-7.221718E-12	-9.818777E-12	-1.045619E-11	-1.028156E-11	-1.091660E-11	-7.684964E-12	-9.224763E-12	-7.112749E-12	-9.205471E-12	-1.186993E-11	-1.161766E-11	-9.750369E-12	-9.976683E-12	-8.047473E-12	-1.047484E-11	-1.025681E-11
0:03:23	0	-1.509454E+1	1.526900E+1	1.609000E+1	1.612142E+0	1.853818E+0	1.800000E+2	1.461900E-9	-2.679920E-10	3.531237E-12	-7.692400E-12	-8.153836E-12	-8.986696E-12	-8.046382E-12	-6.914516E-12	-6.885576E-12	-1.109691E-11	-6.212208E-12	-7.520132E-12	-7.840401E-12	-1.073669E-12	-7.347780E-12	-1.116978E-11	-2.096677E-11	-7.910896E-12	-7.031699E-12	-8.371098E-12	-8.693110E-12	-9.967836E-12	-1.299851E-11	-8.944909E-12	-8.087627E-12	-8.560538E-12	-8.890924E-12	-9.357535E-12	-8.271416E-12	-9.053699E-12	-9.597872E-12	-8.110492E-12	-9.220313E-12	-8.547675E-12
0:03:37	0	-1.499504E+1	1.522500E+1	1.604300E+1	1.601602E+0	1.843582E+0	2.000000E+2	1.464900E-9	-2.035444E-10	4.225139E-12	-5.612028E-12	-6.384561E-12	-8.417222E-12	-6.462110E-12	-6.348891E-12	-7.264507E-12	-1.711837E-12	-7.543110E-12	-5.877036E-12	-7.966167E-12	-1.452494E-12	-6.143816E-12	-8.519795E-12	-4.560950E-12	-7.278464E-12	-7.348730E-12	-7.112205E-12	-6.929031E-12	-7.773764E-12	-6.814532E-12	-7.369730E-12	-7.013333E-12	-5.538762E-12	-8.070713E-12	-6.531833E-12	-8.524602E-12	-6.268023E-12	-7.703818E-12	-7.097181E-12	-8.216297E-12	-7.913996E-12
0:03:50	0	-1.499535E+1	1.518200E+1	1.598400E+1	1.602894E+0	1.842670E+0	2.200000E+2	1.481000E-9	-1.419650E-10	7.126189E-12	-4.350864E-12	-4.487554E-12	-3.860433E-12	-4.307740E-12	-4.777050E-12	-3.411377E-12	-1.711837E-12	-5.387650E-12	-4.044391E-12	-7.840401E-12	-1.376630E-11	-3.990880E-12	-6.058100E-12	2.469973E-12	-3.733647E-12	-6.144611E-12	-4.405632E-12	-6.109639E-12	-8.275521E-12	1.072833E-12	-4.409308E-12	-4.296178E-12	-3.273176E-12	-5.863909E-12	-5.589932E-12	-4.546388E-12	-6.141083E-12	-6.188574E-12	-5.069558E-12	-4.704221E-12	-5.888021E-12
0:04:04	0	-1.499512E+1	1.513500E+1	1.597300E+1	1.596801E+0	1.837996E+0	2.400000E+2	1.521800E-9	-7.465041E-11	9.459772E-12	-1.765828E-12	-2.907879E-12	-3.797491E-12	-1.647283E-12	-1.760383E-12	1.515724E-12	-4.058355E-12	-3.233190E-12	-2.717543E-12	-7.585875E-13	-9.472616E-12	-2.469926E-12	-4.922393E-12	-6.329930E-13	3.417931E-12	-3.170315E-13	-4.154251E-12	-3.086641E-12	-5.265971E-12	-1.577872E-12	-2.142005E-12	-2.148588E-12	-3.775977E-13	-3.027015E-12	-3.642677E-12	-2.588680E-12	-3.355406E-12	-2.904882E-12	-3.104954E-12	-6.837013E-12	-4.368789E-12
0:04:18	0	-1.499041E+1	1.512300E+1	1.594100E+1	1.598347E+0	1.839364E+0	2.600000E+2	1.610900E-9	5.230720E-11	1.172964E-11	1.891247E-12	2.085610E-12	-3.796492E-13	2.280392E-12	2.199983E-12	5.368854E-12	-6.214668E-12	9.506440E-13	1.769795E-12	8.853515E-13	4.925720E-12	5.069848E-13	1.578035E-12	9.057900E-12	2.721556E-12	4.244422E-12	0.000000E+0	8.183973E-13	-1.316245E-12	-2.776217E-12	1.008353E-12	2.463794E-12	2.202985E-12	-4.409628E-13	-6.246288E-14	5.934925E-12	6.326995E-13	-2.462271E-12	5.071558E-13	-5.643877E-13	7.596156E-13
0:04:32	0	-1.509400E+1	1.509800E+1	1.594700E+1	1.593216E+0	1.832764E+0	2.800000E+2	1.791100E-9	2.237898E-10	1.942329E-11	8.890853E-12	6.826630E-12	3.860433E-12	7.159230E-12	8.988474E-12	1.143275E-11	1.667790E-11	6.022079E-12	8.025930E-12	6.259345E-12	9.977051E-12	8.107757E-12	4.101496E-12	-5.069944E-13	8.100726E-12	5.638560E-12	4.594417E-12	7.558491E-12	4.325795E-12	5.868208E-12	5.669252E-12	6.508605E-12	8.371739E-12	4.098067E-12	5.213172E-12	4.609186E-12	6.774782E-12	6.061971E-12	4.689441E-12	5.142859E-12	5.318309E-12
0:04:45	0	-1.499558E+1	1.510700E+1	1.589000E+1	1.590404E+0	1.829851E+0	3.000000E+2	2.014600E-9	4.806431E-10	2.661320E-11	1.689780E-11	1.346366E-11	1.050529E-11	1.431846E-11	1.609153E-11	2.015016E-11	3.056480E-11	1.324797E-11	1.756826E-11	1.005328E-11	1.060909E-11	1.450556E-11	1.199068E-11	1.874979E-11	1.544213E-11	1.362035E-11	1.416181E-11	1.505433E-11	1.078232E-11	1.937176E-11	1.530728E-11	1.478575E-11	1.397410E-11	9.899265E-12	1.318859E-11	1.351257E-11	1.449911E-11	1.262936E-11	1.406732E-11	1.248188E-11	1.253566E-11
0:04:59	0	-1.499390E+1	1.508600E+1	1.589500E+1	1.586135E+0	1.826392E+0	3.200000E+2	2.370500E-9	8.649950E-10	3.815368E-11	3.083330E-11	2.598031E-11	2.221347E-11	2.724268E-11	2.973202E-11	3.486764E-11	3.975966E-11	2.522809E-11	2.932233E-11	2.421591E-11	1.180837E-11	2.533724E-11	2.265536E-11	3.103866E-11	2.683390E-11	2.901488E-11	2.756749E-11	2.683409E-11	2.206641E-11	2.788968E-11	2.828361E-11	2.622195E-11	2.612181E-11	2.301467E-11	2.543627E-11	2.847747E-11	2.861841E-11	2.551092E-11	2.648614E-11	2.182695E-11	2.640164E-11
0:05:13	0	-1.499444E+1	1.510000E+1	1.588900E+1	1.586857E+0	1.826012E+0	3.400000E+2	2.963100E-9	1.501732E-9	5.782885E-11	5.145089E-11	4.367906E-11	3.968034E-11	4.783322E-11	4.745791E-11	5.792360E-11	4.546679E-11	4.411789E-11	5.011293E-11	4.337424E-11	4.186813E-11	4.440367E-11	4.335412E-11	5.061244E-11	4.373173E-11	5.448242E-11	4.600875E-11	5.077047E-11	4.049780E-11	5.085847E-11	4.755867E-11	4.821056E-11	4.406069E-11	4.287591E-11	4.433972E-11	5.051365E-11	4.957545E-11	4.641231E-11	4.682639E-11	4.102010E-11	4.482532E-11
0:05:27	0	-1.499451E+1	1.510200E+1	1.589300E+1	1.590708E+0	1.830205E+0	3.600000E+2	4.174500E-9	2.604962E-9	9.409098E-11	8.871543E-11	7.705480E-11	6.942485E-11	7.868752E-11	8.485961E-11	9.872948E-11	9.106071E-11	7.841112E-11	8.664014E-11	7.625202E-11	8.398847E-11	7.867164E-11	7.597980E-11	6.714526E-11	7.537631E-11	9.204915E-11	8.364640E-11	8.566721E-11	7.259439E-11	7.843336E-11	8.289777E-11	8.466872E-11	7.446326E-11	7.534889E-11	8.026480E-11	8.738813E-11	8.617107E-11	8.038567E-11	8.110592E-11	7.501406E-11	7.977463E-11
0:05:40	0	-1.499459E+1	1.513000E+1	1.590700E+1	1.589492E+0	1.828584E+0	3.610000E+2	3.729100E-9	2.676548E-9	9.509948E-11	9.016571E-11	7.945674E-11	7.233616E-11	8.394642E-11	8.781376E-11	1.010669E-10	8.687522E-11	7.948785E-11	8.828324E-11	7.840202E-11	7.300055E-11	7.879864E-11	7.780988E-11	8.627505E-11	7.892013E-11	9.185913E-11	8.383519E-11	8.762022E-11	7.378594E-11	8.821338E-11	8.491348E-11	8.757540E-11	7.679245E-11	7.856503E-11	8.202269E-11	8.947244E-11	8.832405E-11	8.158590E-11	8.370472E-11	7.601808E-11	8.452223E-11
0:05:54	0	-1.499520E+1	1.512600E+1	1.592700E+1	1.585666E+0	1.826126E+0	3.620000E+2	3.755500E-9	2.757846E-9	9.718019E-11	9.230979E-11	8.128988E-11	7.645036E-11	8.635384E-11	8.976169E-11	1.046667E-10	9.137805E-11	8.151622E-11	9.017874E-11	8.023560E-11	8.885039E-11	8.202954E-11	8.203790E-11	8.165110E-11	7.986928E-11	9.483643E-11	8.805203E-11	9.076951E-11	7.710822E-11	8.543716E-11	8.743337E-11	8.808112E-11	7.912063E-11	7.932153E-11	8.510022E-11	9.054599E-11	9.085684E-11	8.537401E-11	8.585838E-11	7.827563E-11	8.591553E-11
0:06:07	0	-1.499444E+1	1.516800E+1	1.592800E+1	1.583145E+0	1.823795E+0	3.630000E+2	3.751900E-9	2.841010E-9	1.002077E-10	9.584045E-11	8.419776E-11	7.727260E-11	8.806413E-11	9.177313E-11	1.066880E-10	1.099580E-10	8.329142E-11	9.333823E-11	8.156313E-11	9.466036E-11	8.544944E-11	8.254299E-11	7.911713E-11	8.024894E-11	9.819476E-11	9.038104E-11	9.354093E-11	7.792370E-11	8.644624E-11	9.077168E-11	9.199826E-11	7.981323E-11	8.077183E-11	8.692156E-11	9.073538E-11	9.452910E-11	8.764787E-11	8.814009E-11	8.072230E-11	8.825834E-11
0:06:21	0	-1.499489E+1	1.516500E+1	1.593900E+1	1.584247E+0	1.825581E+0	3.640000E+2	3.834700E-9	2.908715E-9	1.017209E-10	9.867832E-11	8.666357E-11	8.100615E-11	9.148572E-11	9.554496E-11	1.099099E-10	1.064072E-10	8.468637E-11	9.618247E-11	8.409242E-11	7.438924E-11	8.228253E-11	8.462512E-11	8.861803E-11	8.240100E-11	9.984092E-11	9.195490E-11	9.580917E-11	8.074422E-11	9.849843E-11	9.335422E-11	9.452589E-11	8.340140E-11	8.411340E-11	9.087854E-11	9.749067E-11	9.655514E-11	8.846830E-11	9.156114E-11	8.266696E-11	9.015738E-11
0:06:34	0	-1.499938E+1	1.514600E+1	1.595400E+1	1.581954E+0	1.822757E+0	3.650000E+2	3.908400E-9	3.010254E-9	1.054423E-10	1.015789E-10	9.026599E-11	8.277851E-11	9.351307E-11	9.912824E-11	1.135736E-10	1.039335E-10	8.925046E-11	9.927911E-11	8.896036E-11	8.038863E-11	8.994730E-11	8.923270E-11	9.286298E-11	8.708480E-11	1.055435E-10	9.573158E-11	9.946262E-11	8.456826E-11	9.654303E-11	9.644093E-11	9.812782E-11	8.642218E-11	8.720312E-11	9.226065E-11	9.408162E-11	1.004803E-10	9.257341E-11	9.396888E-11	8.649291E-11	9.313287E-11
0:06:48	0	-1.499459E+1	1.517800E+1	1.596300E+1	1.584678E+0	1.826151E+0	3.660000E+2	3.980200E-9	3.103285E-9	1.079013E-10	1.048567E-10	9.197340E-11	8.632224E-11	9.642757E-11	1.014543E-10	1.161633E-10	1.054552E-10	9.140492E-11	1.026282E-10	9.174218E-11	8.626142E-11	8.956731E-11	8.998984E-11	9.393897E-11	9.132499E-11	1.069996E-10	9.805959E-11	1.024230E-10	8.883171E-11	9.944476E-11	9.883453E-11	1.024868E-10	8.969536E-11	8.940993E-11	9.602825E-11	1.033638E-10	1.030760E-10	9.490908E-11	9.656768E-11	8.893859E-11	9.680502E-11
0:07:01	0	-1.499474E+1	1.519800E+1	1.597300E+1	1.586072E+0	1.826443E+0	3.670000E+2	4.053200E-9	3.203618E-9	1.102976E-10	1.077573E-10	9.589215E-11	8.784183E-11	9.883498E-11	1.044709E-10	1.221644E-10	1.046313E-10	9.406772E-11	1.059772E-10	9.370253E-11	1.043852E-10	9.387418E-11	9.207197E-11	9.431896E-11	9.081845E-11	1.116251E-10	1.010811E-10	1.063280E-10	8.945816E-11	9.704707E-11	1.022991E-10	1.040669E-10	9.215074E-11	9.306703E-11	9.904333E-11	1.075304E-10	1.062425E-10	9.920360E-11	1.013832E-10	9.182390E-11	1.001613E-10
0:07:15	0	-1.499466E+1	1.521700E+1	1.598200E+1	1.583107E+0	1.824011E+0	3.680000E+2	4.130900E-9	3.292606E-9	1.142082E-10	1.103423E-10	9.880003E-11	9.125868E-11	1.023196E-10	1.088709E-10	1.241228E-10	1.210549E-10	9.913816E-11	1.068621E-10	9.597829E-11	9.497638E-11	9.837205E-11	9.573213E-11	9.007501E-11	9.341312E-11	1.145384E-10	1.049830E-10	1.094773E-10	9.240437E-11	1.043039E-10	1.046927E-10	1.077316E-10	9.510892E-11	9.489558E-11	1.022458E-10	1.091093E-10	1.083315E-10	1.010349E-10	1.020804E-10	9.395669E-11	1.021873E-10
0:07:28	0	-1.499535E+1	1.520700E+1	1.599000E+1	1.584665E+0	1.825797E+0	3.690000E+2	4.284100E-9	3.414538E-9	1.178021E-10	1.148196E-10	1.015812E-10	9.404310E-11	1.059312E-10	1.105052E-10	1.269020E-10	1.273326E-10	1.002159E-10	1.128658E-10	9.907652E-11	8.771391E-11	1.004620E-10	9.686784E-11	1.101558E-10	9.765331E-11	1.156795E-10	1.076270E-10	1.121234E-10	9.754565E-11	1.128228E-10	1.083463E-10	1.112069E-10	9.800450E-11	9.836356E-11	1.039422E-10	1.140973E-10	1.138399E-10	1.051390E-10	1.081632E-10	9.734302E-11	1.063652E-10
0:07:42	0	-1.499497E+1	1.518800E+1	1.597200E+1	1.586186E+0	1.826342E+0	3.700000E+2	4.395000E-9	3.511425E-9	1.197574E-10	1.172155E-10	1.046787E-10	9.885366E-11	1.084646E-10	1.159739E-10	1.320186E-10	1.169965E-10	1.038924E-10	1.157729E-10	1.026179E-10	9.573403E-11	1.051488E-10	1.021688E-10	1.190867E-10	1.001221E-10	1.201139E-10	1.096410E-10	1.161547E-10	9.836014E-11	1.130121E-10	1.121261E-10	1.155669E-10	9.970369E-11	1.005077E-10	1.082125E-10	1.158656E-10	1.133971E-10	1.080439E-10	1.109511E-10	1.016710E-10	1.095945E-10
0:07:55	0	-1.508306E+1	1.519200E+1	1.597600E+1	1.577267E+0	1.819134E+0	3.710000E+2	4.459300E-9	3.590924E-9	1.230995E-10	1.208099E-10	1.073341E-10	9.986572E-11	1.117592E-10	1.184885E-10	1.360612E-10	1.167433E-10	1.050331E-10	1.190591E-10	1.064109E-10	1.067848E-10	1.070498E-10	1.028004E-10	1.014769E-10	1.032223E-10	1.254355E-10	1.146756E-10	1.188635E-10	1.026859E-10	1.101721E-10	1.142681E-10	1.183469E-10	1.024105E-10	1.046684E-10	1.107873E-10	1.212952E-10	1.211215E-10	1.106327E-10	1.144992E-10	1.018591E-10	1.132037E-10
0:08:09	0	-1.500234E+1	1.517100E+1	1.596900E+1	1.577939E+0	1.819868E+0	3.720000E+2	4.527800E-9	3.722704E-9	1.247392E-10	1.242778E-10	1.107469E-10	1.030937E-10	1.148637E-10	1.220083E-10	1.404199E-10	1.262555E-10	1.093441E-10	1.224082E-10	1.082444E-10	1.186569E-10	1.108497E-10	1.091743E-10	1.064178E-10	1.053744E-10	1.271456E-10	1.180747E-10	1.230838E-10	1.046920E-10	1.136426E-10	1.183622E-10	1.227697E-10	1.070688E-10	1.081364E-10	1.162514E-10	1.235061E-10	1.258062E-10	1.158105E-10	1.180473E-10	1.071901E-10	1.162422E-10
0:08:22	0	-1.499466E+1	1.518900E+1	1.593200E+1	1.580118E+0	1.820134E+0	3.730000E+2	4.674700E-9	3.857572E-9	1.292799E-10	1.280603E-10	1.151087E-10	1.067643E-10	1.192355E-10	1.259686E-10	1.442730E-10	1.375426E-10	1.130836E-10	1.265792E-10	1.107109E-10	1.135418E-10	1.135736E-10	1.147901E-10	1.212407E-10	1.099942E-10	1.308830E-10	1.218514E-10	1.267372E-10	1.080776E-10	1.270834E-10	1.225825E-10	1.256764E-10	1.095232E-10	1.105333E-10	1.192040E-10	1.286196E-10	1.286559E-10	1.166319E-10	1.207091E-10	1.111418E-10	1.199143E-10
0:08:36	0	-1.499512E+1	1.517700E+1	1.592700E+1	1.575950E+0	1.816524E+0	3.740000E+2	4.848100E-9	3.979669E-9	1.345145E-10	1.334205E-10	1.177002E-10	1.100553E-10	1.243674E-10	1.300550E-10	1.467361E-10	1.402695E-10	1.175206E-10	1.295492E-10	1.158952E-10	1.084895E-10	1.163605E-10	1.156110E-10	1.218107E-10	1.135390E-10	1.372186E-10	1.261934E-10	1.305796E-10	1.132802E-10	1.328251E-10	1.273697E-10	1.312364E-10	1.117888E-10	1.153879E-10	1.248564E-10	1.326616E-10	1.336575E-10	1.229461E-10	1.246373E-10	1.136509E-10	1.254855E-10
0:08:49	0	-1.499390E+1	1.515100E+1	1.595500E+1	1.577014E+0	1.818475E+0	3.750000E+2	4.958500E-9	4.089744E-9	1.357122E-10	1.363211E-10	1.222517E-10	1.143583E-10	1.269648E-10	1.328831E-10	1.509053E-10	1.437573E-10	1.203105E-10	1.360577E-10	1.206374E-10	1.086161E-10	1.219983E-10	1.229941E-10	1.269416E-10	1.168301E-10	1.418431E-10	1.305365E-10	1.332247E-10	1.169162E-10	1.291653E-10	1.309606E-10	1.327536E-10	1.165098E-10	1.179103E-10	1.277445E-10	1.351237E-10	1.369499E-10	1.259148E-10	1.295798E-10	1.181669E-10	1.289048E-10
0:09:03	0	-1.499512E+1	1.516200E+1	1.593700E+1	1.580105E+0	1.820172E+0	3.760000E+2	5.082200E-9	4.217204E-9	1.417662E-10	1.409865E-10	1.268031E-10	1.179660E-10	1.313366E-10	1.377237E-10	1.579165E-10	1.360210E-10	1.235427E-10	1.383333E-10	1.232924E-10	1.322966E-10	1.247223E-10	1.241298E-10	1.176937E-10	1.205637E-10	1.467216E-10	1.340618E-10	1.409095E-10	1.194864E-10	1.333301E-10	1.355589E-10	1.383136E-10	1.211681E-10	1.220720E-10	1.297542E-10	1.408692E-10	1.410650E-10	1.317873E-10	1.337621E-10	1.209265E-10	1.323240E-10
0:09:16	0	-1.499474E+1	1.513300E+1	1.594600E+1	1.576317E+0	1.816714E+0	3.770000E+2	5.189400E-9	4.385137E-9	1.448564E-10	1.471659E-10	1.285724E-10	1.225857E-10	1.355813E-10	1.426258E-10	1.640442E-10	1.527619E-10	1.274093E-10	1.436417E-10	1.286674E-10	1.356442E-10	1.306761E-10	1.300624E-10	1.300456E-10	1.225889E-10	1.486848E-10	1.394739E-10	1.441225E-10	1.234361E-10	1.405860E-10	1.395276E-10	1.421050E-10	1.257629E-10	1.260437E-10	1.361612E-10	1.459210E-10	1.454969E-10	1.384175E-10	1.378804E-10	1.271358E-10	1.374524E-10
0:09:30	0	-1.499398E+1	1.515000E+1	1.594100E+1	1.575456E+0	1.816499E+0	3.780000E+2	5.344000E-9	4.522825E-9	1.494598E-10	1.507603E-10	1.345777E-10	1.260665E-10	1.398890E-10	1.485976E-10	1.670129E-10	1.692486E-10	1.328610E-10	1.486338E-10	1.306268E-10	1.226356E-10	1.342870E-10	1.318924E-10	1.339095E-10	1.283477E-10	1.547034E-10	1.441945E-10	1.490358E-10	1.282636E-10	1.495462E-10	1.445664E-10	1.488022E-10	1.292249E-10	1.303319E-10	1.423152E-10	1.498992E-10	1.515120E-10	1.392379E-10	1.413024E-10	1.298953E-10	1.411876E-10
0:09:43	0	-1.499466E+1	1.516300E+1	1.592500E+1	1.570604E+0	1.811964E+0	3.790000E+2	5.527100E-9	4.673967E-9	1.541897E-10	1.557412E-10	1.384975E-10	1.307492E-10	1.446408E-10	1.533121E-10	1.718761E-10	1.682976E-10	1.369177E-10	1.536898E-10	1.362543E-10	1.242137E-10	1.383408E-10	1.380771E-10	1.427774E-10	1.311962E-10	1.597079E-10	1.494815E-10	1.556496E-10	1.332782E-10	1.533952E-10	1.504256E-10	1.524669E-10	1.323092E-10	1.344936E-10	1.463981E-10	1.546350E-10	1.551213E-10	1.482686E-10	1.477024E-10	1.349134E-10	1.469486E-10
0:09:57	0	-1.499504E+1	1.516600E+1	1.591900E+1	1.574430E+0	1.815637E+0	3.800000E+2	5.674700E-9	4.850065E-9	1.596762E-10	1.603439E-10	1.441226E-10	1.358125E-10	1.499628E-10	1.589694E-10	1.805935E-10	1.634784E-10	1.425596E-10	1.575447E-10	1.420086E-10	1.336235E-10	1.432817E-10	1.427464E-10	1.582333E-10	1.403729E-10	1.648394E-10	1.549572E-10	1.576653E-10	1.381058E-10	1.592634E-10	1.541418E-10	1.591651E-10	1.381630E-10	1.406721E-10	1.511711E-10	1.613903E-10	1.627187E-10	1.506681E-10	1.499831E-10	1.414366E-10	1.523939E-10
0:10:10	0	-1.499504E+1	1.516000E+1	1.593600E+1	1.573404E+0	1.813585E+0	3.810000E+2	5.844600E-9	5.020360E-9	1.671180E-10	1.651358E-10	1.484844E-10	1.394202E-10	1.566789E-10	1.650672E-10	1.862157E-10	1.608156E-10	1.462361E-10	1.654439E-10	1.466240E-10	1.563570E-10	1.470186E-10	1.484259E-10	1.535463E-10	1.396136E-10	1.733922E-10	1.593003E-10	1.670515E-10	1.433084E-10	1.607785E-10	1.615752E-10	1.648517E-10	1.437654E-10	1.441401E-10	1.570743E-10	1.665686E-10	1.675944E-10	1.572354E-10	1.586648E-10	1.443219E-10	1.585358E-10
0:10:24	0	-1.499504E+1	1.517300E+1	1.594000E+1	1.570743E+0	1.812458E+0	3.820000E+2	6.003900E-9	5.180089E-9	1.698299E-10	1.692348E-10	1.526567E-10	1.451159E-10	1.604806E-10	1.692151E-10	1.944265E-10	1.819953E-10	1.514966E-10	1.694254E-10	1.523773E-10	1.542724E-10	1.538604E-10	1.529698E-10	1.433474E-10	1.467013E-10	1.785237E-10	1.647124E-10	1.717749E-10	1.472582E-10	1.646903E-10	1.659208E-10	1.717384E-10	1.486115E-10	1.496894E-10	1.621616E-10	1.718726E-10	1.739894E-10	1.616556E-10	1.653808E-10	1.502172E-10	1.644868E-10
0:10:37	0	-1.499482E+1	1.517400E+1	1.593300E+1	1.575101E+0	1.816321E+0	3.830000E+2	6.174000E-9	5.382056E-9	1.762622E-10	1.779355E-10	1.593566E-10	1.498625E-10	1.685260E-10	1.760671E-10	1.994803E-10	1.963267E-10	1.592939E-10	1.756816E-10	1.562970E-10	1.580617E-10	1.592442E-10	1.587121E-10	1.572833E-10	1.504989E-10	1.818181E-10	1.710695E-10	1.789565E-10	1.544678E-10	1.704320E-10	1.706454E-10	1.777413E-10	1.538989E-10	1.548595E-10	1.673123E-10	1.791333E-10	1.786741E-10	1.674653E-10	1.716537E-10	1.554235E-10	1.696152E-10
0:10:51	0	-1.499459E+1	1.517200E+1	1.593800E+1	1.573898E+0	1.813953E+0	3.840000E+2	6.385500E-9	5.605697E-9	1.798571E-10	1.855652E-10	1.663738E-10	1.566972E-10	1.728977E-10	1.816618E-10	2.058603E-10	1.957560E-10	1.645545E-10	1.830122E-10	1.626831E-10	1.628608E-10	1.645651E-10	1.644554E-10	1.769201E-10	1.572708E-10	1.881527E-10	1.781817E-10	1.850662E-10	1.609877E-10	1.846299E-10	1.788972E-10	1.827327E-10	1.591863E-10	1.617328E-10	1.745976E-10	1.939088E-10	1.865884E-10	1.740955E-10	1.780537E-10	1.616951E-10	1.761998E-10
0:11:04	0	-1.499527E+1	1.517100E+1	1.594000E+1	1.570401E+0	1.811799E+0	3.850000E+2	6.581800E-9	5.790016E-9	1.886857E-10	1.917446E-10	1.704193E-10	1.615068E-10	1.793598E-10	1.884503E-10	2.139455E-10	2.030479E-10	1.681049E-10	1.886996E-10	1.697649E-10	1.564198E-10	1.728628E-10	1.708293E-10	1.812910E-10	1.660679E-10	1.964515E-10	1.825247E-10	1.907353E-10	1.658142E-10	1.886682E-10	1.854485E-10	1.901261E-10	1.678730E-10	1.686678E-10	1.811295E-10	1.923299E-10	1.926665E-10	1.806629E-10	1.844537E-10	1.673400E-10	1.839239E-10
0:11:18	0	-1.506087E+1	1.519800E+1	1.595200E+1	1.572428E+0	1.813737E+0	3.861876E+2	6.847200E-9	6.064079E-9	1.934783E-10	2.010764E-10	1.800899E-10	1.694814E-10	1.875962E-10	1.986336E-10	2.225362E-10	2.077409E-10	1.778024E-10	1.977362E-10	1.795018E-10	1.748596E-10	1.790076E-10	1.802945E-10	1.871819E-10	1.741057E-10	2.046243E-10	1.920911E-10	2.009399E-10	1.757197E-10	1.952935E-10	1.950865E-10	1.995404E-10	1.732856E-10	1.733342E-10	1.882264E-10	2.012960E-10	2.021640E-10	1.898192E-10	1.931344E-10	1.761207E-10	1.922807E-10
0:11:31	0	-1.499459E+1	1.518500E+1	1.593100E+1	1.569692E+0	1.811368E+0	3.873752E+2	7.160200E-9	6.353204E-9	2.022442E-10	2.095253E-10	1.860953E-10	1.779616E-10	1.972899E-10	2.080616E-10	2.347907E-10	2.180770E-10	1.850293E-10	2.069623E-10	1.867093E-10	1.999926E-10	1.884453E-10	1.867312E-10	1.895889E-10	1.830926E-10	2.154574E-10	2.035464E-10	2.093804E-10	1.815498E-10	1.992063E-10	2.045356E-10	2.078813E-10	1.827901E-10	1.819723E-10	1.999080E-10	2.114624E-10	2.119783E-10	1.990382E-10	2.009918E-10	1.820170E-10	2.008913E-10
0:11:45	0	-1.499466E+1	1.516300E+1	1.592000E+1	1.571909E+0	1.812255E+0	3.885628E+2	7.478100E-9	6.648614E-9	2.132799E-10	2.194245E-10	1.971580E-10	1.865686E-10	2.050822E-10	2.172397E-10	2.472974E-10	2.258133E-10	1.933960E-10	2.154940E-10	1.960669E-10	2.042235E-10	1.977571E-10	1.958188E-10	1.981408E-10	1.875226E-10	2.223621E-10	2.119801E-10	2.205934E-10	1.903884E-10	2.133404E-10	2.142989E-10	2.205185E-10	1.895888E-10	1.919353E-10	2.074442E-10	2.206179E-10	2.213489E-10	2.089521E-10	2.116370E-10	1.923661E-10	2.109583E-10
0:11:58	0	-1.499535E+1	1.514700E+1	1.592700E+1	1.567044E+0	1.807454E+0	3.897503E+2	7.821500E-9	6.971975E-9	2.213519E-10	2.293237E-10	2.039207E-10	1.966303E-10	2.169303E-10	2.273594E-10	2.570249E-10	2.429977E-10	2.018898E-10	2.270585E-10	2.027694E-10	2.056132E-10	2.066878E-10	2.062942E-10	2.098587E-10	1.977754E-10	2.352224E-10	2.221764E-10	2.318053E-10	2.012341E-10	2.252661E-10	2.253232E-10	2.296804E-10	1.983382E-10	2.006998E-10	2.169901E-10	2.316046E-10	2.335681E-10	2.184244E-10	2.222183E-10	2.047222E-10	2.212151E-10
0:12:12	0	-1.499535E+1	1.517000E+1	1.592000E+1	1.566892E+0	1.808391E+0	3.909379E+2	8.148200E-9	7.307367E-9	2.308754E-10	2.382773E-10	2.168166E-10	2.056170E-10	2.273841E-10	2.408113E-10	2.692165E-10	2.556803E-10	2.133635E-10	2.361589E-10	2.161735E-10	2.017611E-10	2.173935E-10	2.162018E-10	2.264555E-10	2.080911E-10	2.470066E-10	2.319326E-10	2.434588E-10	2.106378E-10	2.362454E-10	2.363465E-10	2.413690E-10	2.082203E-10	2.113555E-10	2.287351E-10	2.418337E-10	2.443319E-10	2.283382E-10	2.336238E-10	2.125623E-10	2.310921E-10
0:12:25	0	-1.499504E+1	1.517100E+1	1.591300E+1	1.570667E+0	1.811203E+0	3.921255E+2	8.510100E-9	7.685342E-9	2.419738E-10	2.520863E-10	2.294590E-10	2.161862E-10	2.379009E-10	2.525029E-10	2.841235E-10	2.545391E-10	2.236325E-10	2.491131E-10	2.270482E-10	2.258205E-10	2.291111E-10	2.274353E-10	2.402014E-10	2.184069E-10	2.599928E-10	2.435130E-10	2.549233E-10	2.217962E-10	2.478563E-10	2.481255E-10	2.532481E-10	2.188576E-10	2.202465E-10	2.392239E-10	2.544622E-10	2.572478E-10	2.415986E-10	2.445231E-10	2.254194E-10	2.447671E-10
0:12:39	0	-1.499527E+1	1.516100E+1	1.591500E+1	1.567057E+0	1.807733E+0	3.933131E+2	8.883300E-9	8.059002E-9	2.524421E-10	2.647597E-10	2.390039E-10	2.247303E-10	2.493048E-10	2.658923E-10	2.979575E-10	2.643046E-10	2.345349E-10	2.625113E-10	2.383662E-10	2.445763E-10	2.399428E-10	2.395515E-10	2.383644E-10	2.287226E-10	2.743743E-10	2.581150E-10	2.677104E-10	2.338325E-10	2.609176E-10	2.600945E-10	2.662643E-10	2.310063E-10	2.318479E-10	2.517214E-10	2.655116E-10	2.703546E-10	2.546068E-10	2.583364E-10	2.350794E-10	2.542643E-10
0:12:52	0	-1.499482E+1	1.515000E+1	1.593300E+1	1.567108E+0	1.808949E+0	3.945007E+2	9.293600E-9	8.506177E-9	2.646138E-10	2.778750E-10	2.541750E-10	2.406147E-10	2.633702E-10	2.805380E-10	3.163386E-10	2.998798E-10	2.461978E-10	2.750235E-10	2.497470E-10	2.502597E-10	2.542584E-10	2.529937E-10	2.460923E-10	2.405580E-10	2.848903E-10	2.675562E-10	2.843399E-10	2.478757E-10	2.724020E-10	2.754644E-10	2.821243E-10	2.434064E-10	2.438912E-10	2.664805E-10	2.821811E-10	2.851066E-10	2.682470E-10	2.709463E-10	2.474979E-10	2.712318E-10
0:13:06	0	-1.499808E+1	1.515800E+1	1.591600E+1	1.570996E+0	1.811419E+0	3.956883E+2	9.557000E-9	9.033993E-9	2.791817E-10	2.949619E-10	2.667535E-10	2.537785E-10	2.797161E-10	2.954358E-10	3.351625E-10	3.123081E-10	2.612210E-10	2.922127E-10	2.636571E-10	2.633311E-10	2.695239E-10	2.698430E-10	2.730770E-10	2.566325E-10	3.012979E-10	2.875077E-10	2.983232E-10	2.613539E-10	2.981460E-10	2.944879E-10	2.994367E-10	2.587011E-10	2.599699E-10	2.802977E-10	2.959458E-10	3.028981E-10	2.840334E-10	2.883706E-10	2.648711E-10	2.915555E-10
0:13:19	0	-1.499482E+1	1.516600E+1	1.592200E+1	1.567006E+0	1.807492E+0	3.968758E+2	1.022200E-8	9.561980E-9	2.942535E-10	3.106623E-10	2.824305E-10	2.702333E-10	2.938435E-10	3.154877E-10	3.543015E-10	3.230256E-10	2.754836E-10	3.074425E-10	2.802861E-10	2.753299E-10	2.835235E-10	2.858714E-10	3.055086E-10	2.732776E-10	3.190367E-10	3.043761E-10	3.160237E-10	2.782800E-10	3.131009E-10	3.104246E-10	3.188977E-10	2.734304E-10	2.746611E-10	2.963130E-10	3.157093E-10	3.184737E-10	3.010201E-10	3.052898E-10	2.795482E-10	3.064339E-10
0:13:33	0	-1.499474E+1	1.515000E+1	1.592500E+1	1.566626E+0	1.808531E+0	3.980634E+2	1.078600E-8	1.011446E-8	3.104611E-10	3.291995E-10	2.977911E-10	2.874464E-10	3.144350E-10	3.334647E-10	3.738205E-10	3.424935E-10	2.927253E-10	3.249469E-10	2.977366E-10	2.928217E-10	3.018929E-10	3.034151E-10	3.060786E-10	2.877076E-10	3.406389E-10	3.218735E-10	3.322126E-10	2.945163E-10	3.286864E-10	3.290712E-10	3.376016E-10	2.912441E-10	2.898569E-10	3.133961E-10	3.337683E-10	3.382273E-10	3.192698E-10	3.248688E-10	2.971105E-10	3.256812E-10
0:13:46	0	-1.510199E+1	1.514400E+1	1.592700E+1	1.570870E+0	1.811609E+0	3.992510E+2	1.135900E-8	1.073529E-8	3.274881E-10	3.485569E-10	3.168171E-10	3.040910E-10	3.321111E-10	3.530144E-10	3.987082E-10	3.622777E-10	3.081277E-10	3.461176E-10	3.148078E-10	3.249650E-10	3.224793E-10	3.234832E-10	3.184315E-10	3.081493E-10	3.620520E-10	3.427689E-10	3.564642E-10	3.132604E-10	3.473011E-10	3.515593E-10	3.566197E-10	3.062248E-10	3.055573E-10	3.353781E-10	3.431760E-10	3.604508E-10	3.418759E-10	3.456522E-10	3.141699E-10	3.431554E-10
0:14:00	0	-1.499618E+1	1.518300E+1	1.592300E+1	1.564333E+0	1.805807E+0	4.004386E+2	1.198400E-8	1.141465E-8	3.457765E-10	3.684817E-10	3.359708E-10	3.239627E-10	3.539688E-10	3.752028E-10	4.217642E-10	3.989301E-10	3.263841E-10	3.665291E-10	3.344712E-10	3.348792E-10	3.420517E-10	3.446871E-10	3.475692E-10	3.265657E-10	3.783326E-10	3.610214E-10	3.731564E-10	3.329457E-10	3.764529E-10	3.747405E-10	3.803150E-10	3.271219E-10	3.262388E-10	3.521469E-10	3.739262E-10	3.818516E-10	3.613248E-10	3.648521E-10	3.356840E-10	3.673411E-10
0:14:13	0	-1.499504E+1	1.519300E+1	1.595300E+1	1.564523E+0	1.804388E+0	4.016262E+2	1.275500E-8	1.219668E-8	3.660828E-10	3.925682E-10	3.585373E-10	3.442149E-10	3.751925E-10	4.027984E-10	4.505679E-10	4.193500E-10	3.466048E-10	3.911117E-10	3.548942E-10	3.570444E-10	3.633981E-10	3.671522E-10	3.876027E-10	3.492234E-10	4.020900E-10	3.879599E-10	4.036439E-10	3.562660E-10	4.004307E-10	3.979206E-10	4.090646E-10	3.478311E-10	3.453445E-10	3.770795E-10	4.018983E-10	4.083800E-10	3.879732E-10	3.910842E-10	3.607725E-10	3.926023E-10
0:14:27	0	-1.499482E+1	1.516300E+1	1.595000E+1	1.560495E+0	1.802387E+0	4.028138E+2	1.362800E-8	1.303470E-8	3.887227E-10	4.164656E-10	3.813562E-10	3.692758E-10	4.064908E-10	4.301419E-10	4.829087E-10	4.446511E-10	3.703749E-10	4.152524E-10	3.859384E-10	3.781360E-10	3.905723E-10	3.942886E-10	4.048955E-10	3.737154E-10	4.335121E-10	4.108068E-10	4.291544E-10	3.830966E-10	4.273113E-10	4.287868E-10	4.373713E-10	3.743305E-10	3.693048E-10	4.021390E-10	4.289234E-10	4.357320E-10	4.144311E-10	4.216896E-10	3.859858E-10	4.189410E-10
0:14:40	0	-1.499535E+1	1.519100E+1	1.595800E+1	1.563143E+0	1.805617E+0	4.040013E+2	1.460000E-8	1.400095E-8	4.115518E-10	4.445874E-10	4.085380E-10	3.969952E-10	4.334795E-10	4.627020E-10	5.223255E-10	4.771820E-10	3.957301E-10	4.457758E-10	4.135689E-10	4.073743E-10	4.211674E-10	4.255255E-10	4.386582E-10	4.017522E-10	4.617669E-10	4.425912E-10	4.629812E-10	4.121223E-10	4.584833E-10	4.624254E-10	4.705437E-10	4.039769E-10	3.943999E-10	4.322858E-10	4.609993E-10	4.694790E-10	4.434161E-10	4.531182E-10	4.140853E-10	4.513566E-10
0:14:54	0	-1.499520E+1	1.518000E+1	1.596000E+1	1.564080E+0	1.805224E+0	4.051889E+2	1.570300E-8	1.510893E-8	4.446600E-10	4.784467E-10	4.417242E-10	4.244618E-10	4.693396E-10	5.024922E-10	5.672996E-10	5.132637E-10	4.238111E-10	4.799008E-10	4.431588E-10	4.581458E-10	4.539154E-10	4.604236E-10	4.670999E-10	4.345987E-10	4.964834E-10	4.777110E-10	5.020346E-10	4.410223E-10	4.962795E-10	4.983304E-10	5.075704E-10	4.355123E-10	4.242241E-10	4.635618E-10	4.960427E-10	5.048722E-10	4.803562E-10	4.872087E-10	4.460099E-10	4.889646E-10
0:15:07	0	-1.499436E+1	1.517700E+1	1.594700E+1	1.560571E+0	1.802526E+0	4.063765E+2	1.690300E-8	1.634056E-8	4.748035E-10	5.159004E-10	4.780078E-10	4.620541E-10	5.098236E-10	5.428471E-10	6.109475E-10	5.723651E-10	4.551873E-10	5.150373E-10	4.802737E-10	4.798694E-10	4.913513E-10	5.001176E-10	5.037765E-10	4.737106E-10	5.303127E-10	5.135870E-10	5.412779E-10	4.811440E-10	5.472017E-10	5.406613E-10	5.511686E-10	4.732164E-10	4.573271E-10	4.999886E-10	5.341801E-10	5.463435E-10	5.174866E-10	5.304230E-10	4.823881E-10	5.277759E-10
0:15:21	0	-1.499512E+1	1.516900E+1	1.596200E+1	1.563307E+0	1.805389E+0	4.075641E+2	1.845200E-8	1.774152E-8	5.091731E-10	5.579568E-10	5.144810E-10	4.998362E-10	5.522719E-10	5.875394E-10	6.640078E-10	6.189732E-10	4.911287E-10	5.583883E-10	5.206126E-10	5.070860E-10	5.356909E-10	5.448594E-10	5.681967E-10	5.183285E-10	5.735180E-10	5.568266E-10	5.876391E-10	5.245247E-10	5.926960E-10	5.923150E-10	6.024125E-10	5.104157E-10	4.916914E-10	5.401215E-10	5.815997E-10	5.935761E-10	5.651620E-10	5.766152E-10	5.289273E-10	5.749441E-10
0:15:34	0	-1.499535E+1	1.518700E+1	1.596200E+1	1.563687E+0	1.804895E+0	4.087517E+2	2.015300E-8	1.940064E-8	5.508580E-10	6.003277E-10	5.594873E-10	5.454650E-10	6.067582E-10	6.477586E-10	7.269224E-10	6.615869E-10	5.341688E-10	6.063533E-10	5.709409E-10	5.782553E-10	5.895963E-10	5.991940E-10	6.163382E-10	5.695925E-10	6.253392E-10	6.110177E-10	6.416852E-10	5.701628E-10	6.440595E-10	6.497633E-10	6.594060E-10	5.620940E-10	5.343792E-10	5.897369E-10	6.333763E-10	6.470137E-10	6.183949E-10	6.365576E-10	5.810490E-10	6.330017E-10
0:15:48	0	-1.499489E+1	1.518000E+1	1.593800E+1	1.560368E+0	1.802741E+0	4.099393E+2	2.198900E-8	2.119659E-8	5.952548E-10	6.519687E-10	6.117632E-10	6.009677E-10	6.612436E-10	7.091716E-10	7.982372E-10	7.298191E-10	5.772730E-10	6.587418E-10	6.208899E-10	6.333214E-10	6.448947E-10	6.608490E-10	6.757556E-10	6.275644E-10	6.769073E-10	6.602993E-10	7.023450E-10	6.258944E-10	7.049510E-10	7.142045E-10	7.248032E-10	6.155966E-10	5.791463E-10	6.431208E-10	6.878044E-10	7.103286E-10	6.761745E-10	6.929519E-10	6.346124E-10	6.897300E-10
0:16:01	0	-1.499489E+1	1.517300E+1	1.594500E+1	1.563776E+0	1.806060E+0	4.111268E+2	2.417900E-8	2.343720E-8	6.488585E-10	7.156520E-10	6.671377E-10	6.579880E-10	7.328989E-10	7.869271E-10	8.905867E-10	8.288063E-10	6.306452E-10	7.252229E-10	6.863939E-10	6.952703E-10	7.220463E-10	7.336737E-10	7.446108E-10	6.986366E-10	7.381674E-10	7.272035E-10	7.723274E-10	6.980504E-10	7.863498E-10	7.917472E-10	8.038481E-10	6.862829E-10	6.334992E-10	7.025349E-10	7.565036E-10	7.842165E-10	7.487297E-10	7.690523E-10	7.069303E-10	7.664012E-10
0:16:15	0	-1.499436E+1	1.516400E+1	1.595400E+1	1.564916E+0	1.805845E+0	4.123144E+2	2.697900E-8	2.617099E-8	7.101559E-10	7.908111E-10	7.467212E-10	7.369061E-10	8.205200E-10	8.885699E-10	1.001318E-9	9.289357E-10	6.942863E-10	8.004242E-10	7.645424E-10	7.650498E-10	8.074328E-10	8.263145E-10	8.553366E-10	7.868604E-10	8.133658E-10	8.035499E-10	8.625928E-10	7.760364E-10	8.922943E-10	8.885034E-10	9.074731E-10	7.643343E-10	7.000836E-10	7.835522E-10	8.413659E-10	8.699448E-10	8.356828E-10	8.619449E-10	7.837633E-10	8.623207E-10
0:16:28	0	-1.499542E+1	1.517800E+1	1.595000E+1	1.560153E+0	1.801893E+0	4.135020E+2	3.056700E-8	2.981337E-8	7.924535E-10	8.853904E-10	8.397054E-10	8.343680E-10	9.372210E-10	1.018310E-9	1.149002E-9	1.051386E-9	7.791628E-10	9.024199E-10	8.647578E-10	8.797909E-10	9.287341E-10	9.539780E-10	9.945031E-10	9.050183E-10	9.175782E-10	9.141975E-10	9.752830E-10	8.904449E-10	1.021080E-9	1.026519E-9	1.044269E-9	8.770671E-10	7.794679E-10	8.790788E-10	9.499070E-10	9.899268E-10	9.554090E-10	9.886098E-10	9.035610E-10	9.847677E-10
0:16:42	0	-1.499512E+1	1.518500E+1	1.595700E+1	1.561635E+0	1.803223E+0	4.146896E+2	3.485200E-8	3.411916E-8	8.835807E-10	9.950400E-10	9.520958E-10	9.545480E-10	1.077047E-9	1.173634E-9	1.331933E-9	1.219747E-9	8.755121E-10	1.020531E-9	9.839409E-10	1.019793E-9	1.067265E-9	1.103603E-9	1.145895E-9	1.055454E-9	1.033321E-9	1.031517E-9	1.120918E-9	1.019461E-9	1.175107E-9	1.187527E-9	1.202360E-9	1.021714E-9	8.779578E-10	9.891126E-10	1.076885E-9	1.130485E-9	1.091111E-9	1.142269E-9	1.033331E-9	1.126462E-9
0:16:55	0	-1.499618E+1	1.517800E+1	1.597400E+1	1.560672E+0	1.803578E+0	4.158772E+2	4.055100E-8	3.978837E-8	9.883291E-10	1.134829E-9	1.094385E-9	1.102955E-9	1.253113E-9	1.382136E-9	1.563627E-9	1.466804E-9	9.957585E-10	1.174790E-9	1.140554E-9	1.189600E-9	1.262108E-9	1.314947E-9	1.350371E-9	1.259305E-9	1.169145E-9	1.177977E-9	1.287906E-9	1.198691E-9	1.380749E-9	1.402456E-9	1.435326E-9	1.208785E-9	9.966873E-10	1.135448E-9	1.234677E-9	1.312641E-9	1.286550E-9	1.335276E-9	1.223251E-9	1.329189E-9
0:17:09	0	-1.499512E+1	1.519400E+1	1.595800E+1	1.565625E+0	1.807302E+0	4.170648E+2	4.823300E-8	4.754019E-8	1.135896E-9	1.306585E-9	1.282757E-9	1.312876E-9	1.505713E-9	1.674554E-9	1.913319E-9	1.799087E-9	1.149855E-9	1.366712E-9	1.349583E-9	1.419020E-9	1.517253E-9	1.598736E-9	1.684257E-9	1.548658E-9	1.350393E-9	1.386181E-9	1.538356E-9	1.433527E-9	1.672648E-9	1.709480E-9	1.750054E-9	1.470193E-9	1.148142E-9	1.312431E-9	1.461862E-9	1.554061E-9	1.531242E-9	1.598618E-9	1.462532E-9	1.595610E-9
0:17:22	0	-1.499550E+1	1.518100E+1	1.595600E+1	1.562788E+0	1.803996E+0	4.182524E+2	5.952800E-8	5.879904E-8	1.328744E-9	1.541458E-9	1.549321E-9	1.602917E-9	1.877294E-9	2.112367E-9	2.414674E-9	2.298466E-9	1.340588E-9	1.619870E-9	1.634105E-9	1.760088E-9	1.927969E-9	2.034358E-9	2.175684E-9	2.008319E-9	1.593851E-9	1.657766E-9	1.882159E-9	1.772489E-9	2.107661E-9	2.160001E-9	2.210237E-9	1.878764E-9	1.352436E-9	1.569618E-9	1.762164E-9	1.899760E-9	1.894589E-9	2.014922E-9	1.829388E-9	1.987010E-9
0:17:36	0	-1.499535E+1	1.516100E+1	1.596500E+1	1.560989E+0	1.803654E+0	4.194399E+2	7.579700E-8	7.525989E-8	1.564349E-9	1.852120E-9	1.890095E-9	2.014026E-9	2.387309E-9	2.755473E-9	3.201983E-9	3.095185E-9	1.601999E-9	1.984567E-9	2.040276E-9	2.233265E-9	2.531566E-9	2.727836E-9	2.946773E-9	2.746196E-9	1.908770E-9	2.021367E-9	2.358622E-9	2.285670E-9	2.788254E-9	2.891969E-9	2.946730E-9	2.497384E-9	1.617260E-9	1.895009E-9	2.167096E-9	2.372470E-9	2.414729E-9	2.596165E-9	2.361140E-9	2.564234E-9
0:17:49	0	-1.499573E+1	1.517000E+1	1.595800E+1	1.564827E+0	1.806973E+0	4.206275E+2	1.084600E-7	1.076844E-7	1.925261E-9	2.344315E-9	2.484036E-9	2.738214E-9	3.401191E-9	4.083990E-9	4.886450E-9	4.938663E-9	2.033861E-9	2.552752E-9	2.747852E-9	3.158776E-9	3.762637E-9	4.222574E-9	4.735993E-9	4.493959E-9	2.412604E-9	2.640821E-9	3.203199E-9	3.210406E-9	4.115306E-9	4.394837E-9	4.536484E-9	3.804739E-9	2.024776E-9	2.421315E-9	2.882367E-9	3.269007E-9	3.417687E-9	3.738244E-9	3.412660E-9	3.689430E-9
0:18:13	1	-1.499565E+1	1.518400E+1	1.597000E+1	1.561990E+0	1.804756E+0	0.000000E+0	-2.705900E-9	2.854997E-9	9.850527E-11	8.285156E-11	8.678931E-11	8.353781E-11	8.553069E-11	8.768774E-11	9.032818E-11	9.093457E-11	8.557397E-11	8.398545E-11	8.396566E-11	8.360964E-11	8.525944E-11	8.008229E-11	9.292598E-11	7.904702E-11	7.545150E-11	8.005950E-11	7.943128E-11	2.014221E-10	7.287993E-11	8.736973E-11	8.441636E-11	8.510059E-11	8.714041E-11	9.125530E-11	8.959803E-11	8.674080E-11	8.701586E-11	8.649258E-11	8.611567E-11	9.389249E-11
0:18:27	1	-1.499482E+1	1.516900E+1	1.597300E+1	1.564371E+0	1.805883E+0	0.000000E+0	2.009800E-9	2.808106E-9	1.007751E-10	8.480652E-11	9.153033E-11	8.834737E-11	8.838118E-11	9.039083E-11	9.247612E-11	7.856830E-11	8.709500E-11	8.758789E-11	8.775959E-11	8.878758E-11	8.779337E-11	8.033434E-11	9.545995E-11	8.537533E-11	8.717166E-11	8.691933E-11	8.346261E-11	8.525805E-11	8.575294E-11	8.976333E-11	8.555349E-11	8.264620E-11	9.004002E-11	8.849206E-11	8.833509E-11	8.876684E-11	8.625824E-11	8.833014E-11	8.680580E-11	8.908093E-11
0:18:40	1	-1.499618E+1	1.517400E+1	1.596300E+1	1.561673E+0	1.803134E+0	1.000000E+1	3.269800E-9	3.021239E-9	1.081532E-10	9.293987E-11	9.494414E-11	9.562564E-11	9.490731E-11	9.900222E-11	9.891895E-11	9.537334E-11	9.527154E-11	9.472892E-11	9.490429E-11	1.046374E-10	9.387418E-11	9.017912E-11	8.310709E-11	9.176759E-11	9.280923E-11	9.239507E-11	9.152526E-11	9.002227E-11	8.998052E-11	9.285004E-11	9.193541E-11	9.246573E-11	9.804802E-11	9.357931E-11	9.452320E-11	9.547865E-11	9.213080E-11	9.333568E-11	9.521023E-11	9.661511E-11
0:18:54	1	-1.499482E+1	1.518400E+1	1.596300E+1	1.562268E+0	1.804439E+0	2.000000E+1	3.558400E-9	3.043756E-9	1.058206E-10	9.350725E-11	9.627135E-11	9.587841E-11	9.522336E-11	9.862513E-11	9.733941E-11	1.105286E-10	9.514545E-11	9.422313E-11	9.490429E-11	8.632422E-11	9.488815E-11	9.188268E-11	8.937902E-11	9.265380E-11	9.065501E-11	9.252126E-11	9.265889E-11	9.209164E-11	9.938200E-11	9.410998E-11	9.357828E-11	9.334613E-11	9.905736E-11	9.596579E-11	9.591274E-11	9.490892E-11	9.156259E-11	9.434899E-11	9.577561E-11	9.528579E-11
0:19:07	1	-1.499618E+1	1.518600E+1	1.595400E+1	1.565169E+0	1.806352E+0	3.000000E+1	3.743900E-9	3.044733E-9	1.072074E-10	9.300358E-11	9.620848E-11	9.606823E-11	9.642757E-11	9.705329E-11	9.847720E-11	9.645149E-11	9.685661E-11	9.314868E-11	9.395506E-11	8.885039E-11	9.336720E-11	8.986332E-11	1.039479E-10	9.278068E-11	9.261921E-11	9.289882E-11	9.020270E-11	9.240437E-11	9.793064E-11	9.373210E-11	9.326207E-11	9.252833E-11	9.735422E-11	9.433283E-11	9.496578E-11	9.668208E-11	9.402486E-11	9.536331E-11	9.640237E-11	9.636224E-11
0:19:21	1	-1.499565E+1	1.515900E+1	1.596500E+1	1.561521E+0	1.803160E+0	4.000000E+1	3.844500E-9	3.048581E-9	1.068291E-10	9.363366E-11	9.772529E-11	9.499323E-11	9.775779E-11	9.925427E-11	9.847720E-11	8.605133E-11	9.527154E-11	9.580337E-11	9.521970E-11	9.390271E-11	9.362119E-11	9.327143E-11	9.824692E-11	9.436226E-11	9.597654E-11	9.485026E-11	9.127368E-11	9.121382E-11	9.244096E-11	9.549622E-11	9.345160E-11	9.429112E-11	9.918278E-11	9.470959E-11	9.509138E-11	9.522577E-11	9.389925E-11	9.403290E-11	9.577561E-11	9.724879E-11
0:19:34	1	-1.499596E+1	1.518100E+1	1.595800E+1	1.561154E+0	1.804084E+0	5.000000E+1	3.982900E-9	3.057173E-9	1.092254E-10	9.413833E-11	9.715649E-11	9.556270E-11	9.630054E-11	9.868765E-11	9.955017E-11	9.879701E-11	9.527154E-11	9.580337E-11	9.597829E-11	9.466036E-11	9.628111E-11	9.150411E-11	8.298109E-11	9.442621E-11	9.559650E-11	9.327639E-11	9.240730E-11	9.158989E-11	9.439736E-11	9.631464E-11	9.250398E-11	9.435372E-11	9.968744E-11	9.470959E-11	9.610213E-11	9.497189E-11	9.560390E-11	9.625058E-11	9.621425E-11	9.686898E-11
0:19:48	1	-1.499436E+1	1.517000E+1	1.596800E+1	1.565727E+0	1.807251E+0	6.000000E+1	4.153300E-9	3.071514E-9	1.056315E-10	9.483212E-11	9.797875E-11	9.505617E-11	9.566744E-11	9.925427E-11	1.011297E-10	1.012707E-10	9.596901E-11	9.517087E-11	9.288106E-11	9.933287E-11	9.590112E-11	9.150411E-11	9.235598E-11	9.309640E-11	9.325327E-11	9.466147E-11	9.240730E-11	9.296848E-11	9.547019E-11	9.568516E-11	9.351444E-11	9.611651E-11	9.855269E-11	9.665685E-11	9.654371E-11	9.484595E-11	9.427806E-11	9.593348E-11	9.564986E-11	9.794444E-11
0:20:01	1	-1.495666E+1	1.519500E+1	1.598300E+1	1.561952E+0	1.803970E+0	7.000000E+1	4.233400E-9	3.088575E-9	1.091000E-10	9.647153E-11	9.829409E-11	9.765077E-11	9.712469E-11	9.931678E-11	1.007508E-10	1.019043E-10	9.571584E-11	9.523472E-11	9.269141E-11	9.251302E-11	9.564813E-11	9.131483E-11	1.020479E-10	9.284363E-11	9.401334E-11	9.390634E-11	9.341464E-11	9.409768E-11	9.849843E-11	9.549622E-11	9.395732E-11	9.517152E-11	9.905736E-11	9.583987E-11	9.490199E-11	9.478198E-11	9.598271E-11	9.447603E-11	9.809554E-11	9.826128E-11
0:20:15	1	-1.499459E+1	1.517800E+1	1.599900E+1	1.561204E+0	1.804857E+0	8.000000E+1	4.373800E-9	3.106279E-9	1.114963E-10	9.565133E-11	9.791489E-11	9.752389E-11	9.775779E-11	1.001970E-10	9.974063E-11	1.024750E-10	9.831460E-11	9.624532E-11	9.692752E-11	8.424069E-11	9.577413E-11	9.245054E-11	9.963990E-11	9.543830E-11	9.509045E-11	9.447269E-11	9.341464E-11	9.296848E-11	1.013384E-10	9.631464E-11	9.471541E-11	9.510892E-11	1.013269E-10	9.678177E-11	9.704908E-11	9.687199E-11	9.781396E-11	9.580644E-11	9.702914E-11	9.838822E-11
0:20:28	1	-1.499466E+1	1.517700E+1	1.600400E+1	1.565005E+0	1.807606E+0	9.000000E+1	4.396100E-9	3.144137E-9	1.105505E-10	9.678607E-11	9.981190E-11	9.790354E-11	9.940508E-11	1.003855E-10	1.034043E-10	9.188559E-11	9.825156E-11	9.750932E-11	9.800252E-11	9.996491E-11	9.710509E-11	9.371277E-11	1.056578E-10	9.543830E-11	9.806775E-11	9.604556E-11	9.498978E-11	9.416003E-11	9.610074E-11	9.782717E-11	9.661064E-11	9.718570E-11	1.017051E-10	9.822635E-11	9.843862E-11	9.832829E-11	9.838218E-11	9.454005E-11	9.778265E-11	9.997141E-11
0:20:42	1	-1.499459E+1	1.518100E+1	1.599000E+1	1.562243E+0	1.804604E+0	1.000000E+2	4.512700E-9	3.197312E-9	1.145228E-10	9.962394E-11	1.014544E-10	9.961296E-11	1.007993E-10	1.032136E-10	1.052361E-10	9.809926E-11	1.002159E-10	9.826752E-11	9.888687E-11	1.105740E-10	9.856204E-11	9.503776E-11	8.944202E-11	9.493175E-11	1.002850E-10	9.724186E-11	9.700544E-11	9.654213E-11	9.717358E-11	9.933870E-11	9.648495E-11	9.932609E-11	1.023989E-10	9.967093E-11	1.005847E-10	1.009241E-10	9.869819E-11	9.948157E-11	1.007927E-10	1.028829E-10
0:20:55	1	-1.499558E+1	1.516100E+1	1.599700E+1	1.565448E+0	1.807821E+0	1.200000E+2	4.864300E-9	3.411257E-9	1.189371E-10	1.070008E-10	1.080925E-10	1.056883E-10	1.071974E-10	1.091855E-10	1.103517E-10	1.162357E-10	1.063010E-10	1.074307E-10	1.036929E-10	1.033753E-10	1.051488E-10	9.920301E-11	1.109158E-10	1.022732E-10	1.026922E-10	1.029690E-10	1.026119E-10	1.029997E-10	1.104879E-10	1.059527E-10	1.045087E-10	1.054322E-10	1.076954E-10	1.056376E-10	1.070888E-10	1.063685E-10	1.043185E-10	1.059456E-10	1.071901E-10	1.083282E-10
0:21:09	1	-1.499588E+1	1.518000E+1	1.600100E+1	1.561622E+0	1.804870E+0	1.400000E+2	5.283700E-9	3.767435E-9	1.304148E-10	1.176565E-10	1.189646E-10	1.174595E-10	1.191085E-10	1.206260E-10	1.222910E-10	1.296791E-10	1.178378E-10	1.172893E-10	1.170331E-10	1.036904E-10	1.160445E-10	1.115085E-10	1.208607E-10	1.173996E-10	1.155525E-10	1.144242E-10	1.146432E-10	1.143461E-10	1.189430E-10	1.173538E-10	1.161355E-10	1.178324E-10	1.206844E-10	1.171308E-10	1.166232E-10	1.163727E-10	1.152423E-10	1.160837E-10	1.186056E-10	1.195975E-10
0:21:23	1	-1.499527E+1	1.519300E+1	1.598100E+1	1.561382E+0	1.803299E+0	1.600000E+2	5.865800E-9	4.391962E-9	1.502164E-10	1.366357E-10	1.384975E-10	1.368885E-10	1.384328E-10	1.401747E-10	1.437674E-10	1.315181E-10	1.376783E-10	1.359320E-10	1.370768E-10	1.408222E-10	1.351739E-10	1.326496E-10	1.429044E-10	1.346771E-10	1.350644E-10	1.351309E-10	1.330358E-10	1.317740E-10	1.369262E-10	1.371340E-10	1.362288E-10	1.381630E-10	1.392855E-10	1.363495E-10	1.366388E-10	1.363162E-10	1.353860E-10	1.344593E-10	1.376730E-10	1.393515E-10
0:21:37	1	-1.499649E+1	1.516900E+1	1.597400E+1	1.565372E+0	1.807074E+0	1.800000E+2	6.817500E-9	5.326000E-9	1.780283E-10	1.657031E-10	1.683327E-10	1.682156E-10	1.685260E-10	1.709755E-10	1.754142E-10	1.703268E-10	1.681049E-10	1.658859E-10	1.645167E-10	1.674077E-10	1.655150E-10	1.614886E-10	1.542433E-10	1.637260E-10	1.654094E-10	1.623208E-10	1.622008E-10	1.611124E-10	1.656367E-10	1.656066E-10	1.636508E-10	1.669290E-10	1.703072E-10	1.640464E-10	1.666942E-10	1.660751E-10	1.648127E-10	1.648737E-10	1.690331E-10	1.708815E-10
0:21:50	1	-1.499588E+1	1.518900E+1	1.596400E+1	1.561762E+0	1.804515E+0	2.000000E+2	8.168700E-9	6.678600E-9	2.199651E-10	2.052372E-10	2.106845E-10	2.097312E-10	2.100241E-10	2.148511E-10	2.173568E-10	2.299988E-10	2.071513E-10	2.068366E-10	2.061841E-10	2.089598E-10	2.063718E-10	2.016249E-10	2.119497E-10	2.044204E-10	2.044973E-10	2.020987E-10	2.013178E-10	2.021743E-10	2.071564E-10	2.067403E-10	2.062385E-10	2.087241E-10	2.108509E-10	2.056228E-10	2.078629E-10	2.083061E-10	2.047214E-10	2.071377E-10	2.093631E-10	2.144405E-10
0:22:04	1	-1.509689E+1	1.518400E+1	1.595800E+1	1.560115E+0	1.801551E+0	2.200000E+2	9.609000E-9	8.524402E-9	2.761542E-10	2.621747E-10	2.670698E-10	2.671951E-10	2.704655E-10	2.758870E-10	2.779968E-10	2.744515E-10	2.637567E-10	2.657965E-10	2.639096E-10	2.517750E-10	2.643301E-10	2.591145E-10	2.819449E-10	2.631517E-10	2.591058E-10	2.600664E-10	2.592689E-10	2.586580E-10	2.698778E-10	2.652595E-10	2.641157E-10	2.686469E-10	2.689236E-10	2.628379E-10	2.644381E-10	2.659217E-10	2.637002E-10	2.665099E-10	2.680703E-10	2.738274E-10
0:22:18	1	-1.499086E+1	1.518300E+1	1.596900E+1	1.552045E+0	1.795407E+0	2.400000E+2	1.229000E-8	1.112664E-8	3.572542E-10	3.429458E-10	3.476652E-10	3.488976E-10	3.539688E-10	3.608081E-10	3.646613E-10	3.594877E-10	3.440691E-10	3.440316E-10	3.469270E-10	3.381630E-10	3.449027E-10	3.402060E-10	3.484562E-10	3.461851E-10	3.413989E-10	3.381745E-10	3.404642E-10	3.400287E-10	3.460390E-10	3.492283E-10	3.448673E-10	3.505369E-10	3.497581E-10	3.427259E-10	3.442496E-10	3.501307E-10	3.447179E-10	3.474268E-10	3.506739E-10	3.575911E-10
0:22:32	1	-1.499634E+1	1.517600E+1	1.594800E+1	1.558519E+0	1.799904E+0	2.600000E+2	1.605700E-8	1.487439E-8	4.703892E-10	4.581437E-10	4.651758E-10	4.662312E-10	4.711769E-10	4.811205E-10	4.880891E-10	4.860595E-10	4.568995E-10	4.592987E-10	4.630119E-10	4.716599E-10	4.619601E-10	4.556905E-10	4.702668E-10	4.599140E-10	4.545442E-10	4.514660E-10	4.518945E-10	4.536860E-10	4.604387E-10	4.632438E-10	4.620770E-10	4.677402E-10	4.660917E-10	4.597942E-10	4.600524E-10	4.640976E-10	4.599602E-10	4.645237E-10	4.696557E-10	4.800381E-10
0:22:45	1	-1.499482E+1	1.517400E+1	1.594600E+1	1.559089E+0	1.801399E+0	2.800000E+2	2.148300E-8	2.027531E-8	6.349844E-10	6.216400E-10	6.334456E-10	6.359014E-10	6.429975E-10	6.565585E-10	6.692510E-10	6.849860E-10	6.200590E-10	6.255008E-10	6.255692E-10	6.237850E-10	6.324790E-10	6.248152E-10	6.445899E-10	6.291460E-10	6.151401E-10	6.133467E-10	6.165515E-10	6.189361E-10	6.363614E-10	6.341418E-10	6.323621E-10	6.383190E-10	6.304095E-10	6.212647E-10	6.268732E-10	6.307414E-10	6.267935E-10	6.328825E-10	6.409474E-10	6.545278E-10
0:22:59	1	-1.499588E+1	1.517900E+1	1.596000E+1	1.555327E+0	1.797776E+0	3.000000E+2	2.924000E-8	2.812086E-8	8.722921E-10	8.604220E-10	8.760519E-10	8.829711E-10	8.948997E-10	9.161645E-10	9.317715E-10	9.419988E-10	8.563061E-10	8.658936E-10	8.715861E-10	8.630568E-10	8.780597E-10	8.713722E-10	9.035411E-10	8.769185E-10	8.495384E-10	8.488036E-10	8.538370E-10	8.569687E-10	8.821348E-10	8.840314E-10	8.791654E-10	8.830471E-10	8.708328E-10	8.584155E-10	8.671908E-10	8.751373E-10	8.701606E-10	8.791162E-10	8.906405E-10	9.085393E-10
0:23:13	1	-1.499474E+1	1.516500E+1	1.596900E+1	1.558481E+0	1.800043E+0	3.200000E+2	4.116200E-8	4.011283E-8	1.230933E-9	1.221779E-9	1.243313E-9	1.258449E-9	1.277949E-9	1.308025E-9	1.331553E-9	1.325266E-9	1.217806E-9	1.231538E-9	1.240706E-9	1.247066E-9	1.253113E-9	1.243068E-9	1.299189E-9	1.255824E-9	1.210007E-9	1.209195E-9	1.218868E-9	1.224957E-9	1.253540E-9	1.260031E-9	1.257711E-9	1.262224E-9	1.236732E-9	1.226138E-9	1.236002E-9	1.250657E-9	1.247020E-9	1.257718E-9	1.275309E-9	1.301142E-9
0:23:27	1	-1.499482E+1	1.518100E+1	1.594600E+1	1.559228E+0	1.802146E+0	3.400000E+2	6.071900E-8	5.955628E-8	1.813386E-9	1.805019E-9	1.845026E-9	1.868277E-9	1.892056E-9	1.944721E-9	1.980337E-9	1.991609E-9	1.794382E-9	1.820639E-9	1.839783E-9	1.849886E-9	1.864120E-9	1.852044E-9	1.916351E-9	1.869211E-9	1.788910E-9	1.793212E-9	1.811105E-9	1.825212E-9	1.869457E-9	1.876472E-9	1.872761E-9	1.877505E-9	1.828742E-9	1.815499E-9	1.832694E-9	1.859872E-9	1.852660E-9	1.871529E-9	1.896939E-9	1.936866E-9
0:23:40	1	-1.499550E+1	1.519500E+1	1.596200E+1	1.555909E+0	1.798624E+0	3.600000E+2	9.382000E-8	9.316622E-8	2.800140E-9	2.803088E-9	2.870386E-9	2.918580E-9	2.966318E-9	3.049211E-9	3.107738E-9	3.136340E-9	2.786022E-9	2.835612E-9	2.870008E-9	2.888499E-9	2.924229E-9	2.911537E-9	3.012714E-9	2.936630E-9	2.776873E-9	2.795715E-9	2.831114E-9	2.859783E-9	2.939505E-9	2.951308E-9	2.944708E-9	2.944667E-9	2.842204E-9	2.828353E-9	2.863361E-9	2.911152E-9	2.906073E-9	2.935861E-9	2.976811E-9	3.041676E-9
0:23:54	1	-1.499535E+1	1.516900E+1	1.598100E+1	1.557138E+0	1.800081E+0	3.610000E+2	9.567000E-8	9.540234E-8	2.863708E-9	2.868348E-9	2.940994E-9	2.988827E-9	3.036960E-9	3.122756E-9	3.185623E-9	3.206475E-9	2.852262E-9	2.904304E-9	2.939431E-9	2.965351E-9	2.997454E-9	2.980009E-9	3.080175E-9	3.010929E-9	2.846306E-9	2.862809E-9	2.897569E-9	2.930622E-9	3.002921E-9	3.021544E-9	3.016486E-9	3.019319E-9	2.908536E-9	2.896308E-9	2.930040E-9	2.981495E-9	2.975282E-9	3.005562E-9	3.048752E-9	3.115183E-9
0:24:07	1	-1.499550E+1	1.520300E+1	1.597000E+1	1.560888E+0	1.802197E+0	3.620000E+2	9.823000E-8	9.793664E-8	2.938753E-9	2.944453E-9	3.018491E-9	3.068062E-9	3.115013E-9	3.204536E-9	3.269255E-9	3.289102E-9	2.927884E-9	2.982034E-9	3.013597E-9	3.043214E-9	3.078090E-9	3.056619E-9	3.179562E-9	3.091305E-9	2.917956E-9	2.937770E-9	2.974103E-9	3.007166E-9	3.090187E-9	3.102614E-9	3.095089E-9	3.095545E-9	2.980732E-9	2.970983E-9	3.009914E-9	3.061398E-9	3.057373E-9	3.087746E-9	3.130352E-9	3.197742E-9
0:24:21	1	-1.499466E+1	1.519700E+1	1.595400E+1	1.557581E+0	1.798776E+0	3.630000E+2	1.006800E-7	1.003562E-7	3.008817E-9	3.015892E-9	3.090743E-9	3.146348E-9	3.193258E-9	3.283863E-9	3.350803E-9	3.369954E-9	2.996977E-9	3.050284E-9	3.090543E-9	3.114698E-9	3.152200E-9	3.134682E-9	3.261402E-9	3.167820E-9	2.989289E-9	3.009962E-9	3.046669E-9	3.081328E-9	3.172217E-9	3.178836E-9	3.173188E-9	3.175421E-9	3.054946E-9	3.045344E-9	3.081959E-9	3.134780E-9	3.133275E-9	3.162959E-9	3.209506E-9	3.278213E-9
0:24:34	1	-1.499497E+1	1.517900E+1	1.596200E+1	1.556872E+0	1.799498E+0	3.640000E+2	1.034300E-7	1.028650E-7	3.082853E-9	3.087016E-9	3.170706E-9	3.221595E-9	3.278028E-9	3.366710E-9	3.434753E-9	3.455498E-9	3.068542E-9	3.130226E-9	3.169577E-9	3.185741E-9	3.230809E-9	3.215206E-9	3.342293E-9	3.250411E-9	3.062586E-9	3.085678E-9	3.124714E-9	3.159942E-9	3.245034E-9	3.259654E-9	3.252612E-9	3.255423E-9	3.131052E-9	3.118072E-9	3.159623E-9	3.217153E-9	3.208609E-9	3.246410E-9	3.286778E-9	3.361659E-9
0:24:48	1	-1.499482E+1	1.517800E+1	1.594800E+1	1.560875E+0	1.802514E+0	3.650000E+2	1.062000E-7	1.056517E-7	3.162565E-9	3.173147E-9	3.252564E-9	3.310449E-9	3.365839E-9	3.457165E-9	3.531334E-9	3.539075E-9	3.149932E-9	3.212378E-9	3.248865E-9	3.289179E-9	3.318792E-9	3.304817E-9	3.432748E-9	3.338445E-9	3.143549E-9	3.166052E-9	3.210255E-9	3.244384E-9	3.330975E-9	3.349859E-9	3.344926E-9	3.343042E-9	3.216301E-9	3.204617E-9	3.244613E-9	3.302754E-9	3.299414E-9	3.332459E-9	3.378226E-9	3.453020E-9
0:25:01	1	-1.499497E+1	1.519200E+1	1.595600E+1	1.557556E+0	1.799157E+0	3.660000E+2	1.091600E-7	1.083565E-7	3.240449E-9	3.247990E-9	3.333666E-9	3.394367E-9	3.452066E-9	3.551200E-9	3.620715E-9	3.639331E-9	3.230054E-9	3.293015E-9	3.335549E-9	3.379419E-9	3.405319E-9	3.387360E-9	3.510091E-9	3.421668E-9	3.220901E-9	3.248188E-9	3.289182E-9	3.329830E-9	3.421209E-9	3.435213E-9	3.431238E-9	3.431353E-9	3.297450E-9	3.286577E-9	3.328023E-9	3.387723E-9	3.382767E-9	3.416797E-9	3.464781E-9	3.543050E-9
0:25:15	1	-1.499542E+1	1.518700E+1	1.594600E+1	1.557239E+0	1.799841E+0	3.670000E+2	1.112100E-7	1.111888E-7	3.324512E-9	3.335066E-9	3.420202E-9	3.482715E-9	3.540384E-9	3.642660E-9	3.716728E-9	3.749987E-9	3.311317E-9	3.378960E-9	3.421474E-9	3.451346E-9	3.496596E-9	3.477791E-9	3.602194E-9	3.513817E-9	3.305602E-9	3.328688E-9	3.377620E-9	3.418788E-9	3.508286E-9	3.527433E-9	3.521783E-9	3.520671E-9	3.377402E-9	3.366150E-9	3.415475E-9	3.477756E-9	3.472562E-9	3.508231E-9	3.558174E-9	3.638463E-9
0:25:28	1	-1.499459E+1	1.521300E+1	1.593100E+1	1.561002E+0	1.802273E+0	3.680000E+2	1.141800E-7	1.140880E-7	3.408323E-9	3.420945E-9	3.508510E-9	3.570683E-9	3.636178E-9	3.736446E-9	3.815268E-9	3.839018E-9	3.396764E-9	3.461366E-9	3.513217E-9	3.538554E-9	3.586480E-9	3.571314E-9	3.716087E-9	3.609824E-9	3.387198E-9	3.419699E-9	3.463665E-9	3.503481E-9	3.604955E-9	3.620221E-9	3.612012E-9	3.610618E-9	3.468830E-9	3.456903E-9	3.504378E-9	3.566714E-9	3.562104E-9	3.597639E-9	3.649746E-9	3.730899E-9
0:25:42	1	-1.499565E+1	1.519900E+1	1.595500E+1	1.556771E+0	1.798650E+0	3.690000E+2	1.173400E-7	1.173545E-7	3.501278E-9	3.513317E-9	3.609268E-9	3.676181E-9	3.738877E-9	3.842865E-9	3.926631E-9	3.932996E-9	3.491401E-9	3.563741E-9	3.612231E-9	3.646854E-9	3.688905E-9	3.674367E-9	3.825926E-9	3.714502E-9	3.487927E-9	3.514863E-9	3.562813E-9	3.605916E-9	3.707176E-9	3.724787E-9	3.718670E-9	3.721653E-9	3.560762E-9	3.554816E-9	3.602059E-9	3.670297E-9	3.666801E-9	3.702696E-9	3.754867E-9	3.839038E-9
0:25:55	1	-1.499428E+1	1.516400E+1	1.594900E+1	1.556657E+0	1.799575E+0	3.700000E+2	1.202300E-7	1.204998E-7	3.592720E-9	3.608149E-9	3.705604E-9	3.776743E-9	3.839487E-9	3.946456E-9	4.030793E-9	4.050374E-9	3.583187E-9	3.655626E-9	3.709727E-9	3.742967E-9	3.788164E-9	3.773823E-9	3.920182E-9	3.812852E-9	3.579279E-9	3.609335E-9	3.659000E-9	3.703273E-9	3.802521E-9	3.827024E-9	3.822167E-9	3.819342E-9	3.656918E-9	3.650279E-9	3.701066E-9	3.768244E-9	3.763605E-9	3.802305E-9	3.857416E-9	3.941162E-9
0:26:09	1	-1.499459E+1	1.516100E+1	1.598100E+1	1.560888E+0	1.802311E+0	3.710000E+2	1.238200E-7	1.237993E-7	3.691099E-9	3.706259E-9	3.805162E-9	3.877116E-9	3.940285E-9	4.060481E-9	4.143672E-9	4.167243E-9	3.677445E-9	3.755031E-9	3.811838E-9	3.847921E-9	3.894390E-9	3.877506E-9	4.022103E-9	3.919872E-9	3.675319E-9	3.707773E-9	3.759028E-9	3.805458E-9	3.910989E-9	3.930520E-9	3.925476E-9	3.922319E-9	3.754211E-9	3.750453E-9	3.802092E-9	3.875880E-9	3.865207E-9	3.907490E-9	3.959839E-9	4.049870E-9
0:26:22	1	-1.499580E+1	1.516300E+1	1.595800E+1	1.557721E+0	1.798992E+0	3.720000E+2	1.274800E-7	1.271935E-7	3.788469E-9	3.800713E-9	3.907439E-9	3.986158E-9	4.052805E-9	4.168475E-9	4.254658E-9	4.281769E-9	3.777978E-9	3.856459E-9	3.910853E-9	3.946054E-9	4.002770E-9	3.986743E-9	4.146130E-9	4.032145E-9	3.771359E-9	3.806840E-9	3.860569E-9	3.910338E-9	4.026588E-9	4.038993E-9	4.037378E-9	4.033920E-9	3.856168E-9	3.850878E-9	3.900847E-9	3.976740E-9	3.974767E-9	4.017491E-9	4.070166E-9	4.160857E-9
0:26:36	1	-1.499466E+1	1.518100E+1	1.596200E+1	1.553553E+0	1.795787E+0	3.730000E+2	1.315500E-7	1.310054E-7	3.893911E-9	3.915028E-9	4.023496E-9	4.100896E-9	4.175271E-9	4.296517E-9	4.386802E-9	4.415381E-9	3.888526E-9	3.968566E-9	4.027570E-9	4.070648E-9	4.120397E-9	4.106709E-9	4.282132E-9	4.149545E-9	3.881147E-9	3.920320E-9	3.975212E-9	4.029573E-9	4.142944E-9	4.165607E-9	4.157241E-9	4.154396E-9	3.966826E-9	3.961728E-9	4.021005E-9	4.097355E-9	4.093988E-9	4.136805E-9	4.193791E-9	4.286028E-9
0:26:49	1	-1.499482E+1	1.518200E+1	1.594300E+1	1.558798E+0	1.800791E+0	3.740000E+2	1.353000E-7	1.346806E-7	4.003200E-9	4.024300E-9	4.134432E-9	4.215320E-9	4.293433E-9	4.418212E-9	4.509219E-9	4.530601E-9	3.995905E-9	4.078020E-9	4.140810E-9	4.188169E-9	4.239928E-9	4.225034E-9	4.388487E-9	4.274540E-9	3.992138E-9	4.027255E-9	4.090045E-9	4.140033E-9	4.255390E-9	4.278868E-9	4.276727E-9	4.274307E-9	4.078747E-9	4.073647E-9	4.130872E-9	4.212019E-9	4.209738E-9	4.256249E-9	4.313777E-9	4.411135E-9
0:27:03	1	-1.499489E+1	1.516200E+1	1.595500E+1	1.556289E+0	1.798130E+0	3.750000E+2	1.391800E-7	1.384926E-7	4.112614E-9	4.132751E-9	4.248721E-9	4.337526E-9	4.410894E-9	4.545564E-9	4.639848E-9	4.657935E-9	4.105122E-9	4.193225E-9	4.257655E-9	4.317310E-9	4.360786E-9	4.345000E-9	4.507700E-9	4.394281E-9	4.102053E-9	4.140797E-9	4.201855E-9	4.258832E-9	4.379634E-9	4.405609E-9	4.402024E-9	4.396419E-9	4.191867E-9	4.188770E-9	4.248192E-9	4.332318E-9	4.328896E-9	4.375183E-9	4.438592E-9	4.534657E-9
0:27:16	1	-1.499588E+1	1.517400E+1	1.594400E+1	1.555960E+0	1.798650E+0	3.760000E+2	1.425800E-7	1.425437E-7	4.228211E-9	4.252050E-9	4.375777E-9	4.462517E-9	4.542863E-9	4.676938E-9	4.779446E-9	4.815389E-9	4.219412E-9	4.311715E-9	4.380505E-9	4.435082E-9	4.491462E-9	4.471402E-9	4.651049E-9	4.524908E-9	4.215199E-9	4.262840E-9	4.328655E-9	4.383208E-9	4.507157E-9	4.537450E-9	4.531934E-9	4.525958E-9	4.304543E-9	4.303891E-9	4.368541E-9	4.455844E-9	4.458977E-9	4.502800E-9	4.568487E-9	4.669514E-9
0:27:30	1	-1.499421E+1	1.515900E+1	1.595500E+1	1.559025E+0	1.800537E+0	3.770000E+2	1.471000E-7	1.470489E-7	4.356545E-9	4.382128E-9	4.512441E-9	4.604911E-9	4.686174E-9	4.826605E-9	4.932752E-9	4.965487E-9	4.348914E-9	4.446636E-9	4.519037E-9	4.564348E-9	4.632464E-9	4.615789E-9	4.799844E-9	4.672368E-9	4.344816E-9	4.390984E-9	4.461376E-9	4.524323E-9	4.655821E-9	4.679939E-9	4.681052E-9	4.671360E-9	4.444018E-9	4.436660E-9	4.510989E-9	4.596657E-9	4.598658E-9	4.649742E-9	4.714126E-9	4.821971E-9
0:27:43	1	-1.499672E+1	1.518700E+1	1.593800E+1	1.555618E+0	1.797383E+0	3.780000E+2	1.513300E-7	1.514819E-7	4.482546E-9	4.515106E-9	4.644743E-9	4.742305E-9	4.827521E-9	4.973883E-9	5.077340E-9	5.108546E-9	4.478605E-9	4.577576E-9	4.658073E-9	4.700624E-9	4.775366E-9	4.756768E-9	4.955544E-9	4.814830E-9	4.476713E-9	4.522716E-9	4.597624E-9	4.662365E-9	4.798111E-9	4.820915E-9	4.825874E-9	4.812544E-9	4.573088E-9	4.571188E-9	4.643271E-9	4.736076E-9	4.737960E-9	4.789967E-9	4.856064E-9	4.968034E-9
0:27:57	1	-1.499459E+1	1.516500E+1	1.592800E+1	1.552983E+0	1.795572E+0	3.790000E+2	1.558600E-7	1.561061E-7	4.614033E-9	4.646257E-9	4.783746E-9	4.886598E-9	4.974063E-9	5.127635E-9	5.235132E-9	5.266636E-9	4.610135E-9	4.716224E-9	4.794264E-9	4.858433E-9	4.926059E-9	4.906962E-9	5.106177E-9	4.964380E-9	4.610257E-9	4.662883E-9	4.741495E-9	4.805235E-9	4.942230E-9	4.974301E-9	4.968168E-9	4.965625E-9	4.705816E-9	4.707286E-9	4.782815E-9	4.882333E-9	4.880987E-9	4.933677E-9	5.006092E-9	5.120175E-9
0:28:10	1	-1.499489E+1	1.514500E+1	1.597500E+1	1.551868E+0	1.794837E+0	3.800000E+2	1.612200E-7	1.613346E-7	4.762232E-9	4.796765E-9	4.940195E-9	5.046586E-9	5.146390E-9	5.301440E-9	5.417493E-9	5.449329E-9	4.761314E-9	4.876297E-9	4.951573E-9	5.026915E-9	5.089420E-9	5.068450E-9	5.268085E-9	5.135510E-9	4.760146E-9	4.815071E-9	4.896137E-9	4.965407E-9	5.109823E-9	5.142868E-9	5.139148E-9	5.130287E-9	4.858658E-9	4.863356E-9	4.945279E-9	5.045368E-9	5.047314E-9	5.104444E-9	5.178137E-9	5.295173E-9
0:28:24	1	-1.499466E+1	1.517300E+1	1.596100E+1	1.555770E+0	1.798574E+0	3.810000E+2	1.661800E-7	1.664768E-7	4.905890E-9	4.943930E-9	5.094179E-9	5.205562E-9	5.304907E-9	5.467449E-9	5.591076E-9	5.632466E-9	4.906092E-9	5.024425E-9	5.112802E-9	5.175566E-9	5.257787E-9	5.235367E-9	5.446335E-9	5.303352E-9	4.905411E-9	4.967636E-9	5.052354E-9	5.130219E-9	5.283412E-9	5.309483E-9	5.307603E-9	5.301119E-9	5.014274E-9	5.014465E-9	5.099471E-9	5.201503E-9	5.210738E-9	5.265897E-9	5.340586E-9	5.465420E-9
0:28:37	1	-1.499535E+1	1.518400E+1	1.597000E+1	1.558037E+0	1.799296E+0	3.820000E+2	1.715500E-7	1.717937E-7	5.058693E-9	5.103392E-9	5.254612E-9	5.374854E-9	5.479389E-9	5.646157E-9	5.768763E-9	5.816489E-9	5.064054E-9	5.180074E-9	5.272262E-9	5.339692E-9	5.419564E-9	5.403924E-9	5.640485E-9	5.476380E-9	5.060431E-9	5.120643E-9	5.210397E-9	5.291020E-9	5.452014E-9	5.481515E-9	5.479089E-9	5.469370E-9	5.165855E-9	5.171916E-9	5.257516E-9	5.369289E-9	5.377194E-9	5.437234E-9	5.515202E-9	5.636238E-9
0:28:51	1	-1.499482E+1	1.519000E+1	1.597300E+1	1.554123E+0	1.796471E+0	3.830000E+2	1.771900E-7	1.773803E-7	5.216098E-9	5.262664E-9	5.427496E-9	5.546613E-9	5.660523E-9	5.830458E-9	5.960032E-9	6.006728E-9	5.217580E-9	5.344760E-9	5.447654E-9	5.510573E-9	5.602879E-9	5.585293E-9	5.814365E-9	5.658017E-9	5.217668E-9	5.288315E-9	5.382299E-9	5.467554E-9	5.628631E-9	5.666145E-9	5.659610E-9	5.653734E-9	5.326957E-9	5.336968E-9	5.427621E-9	5.548722E-9	5.552047E-9	5.616809E-9	5.693832E-9	5.821682E-9
0:29:04	1	-1.499558E+1	1.519100E+1	1.598100E+1	1.556707E+0	1.799689E+0	3.840000E+2	1.837100E-7	1.837017E-7	5.397659E-9	5.442618E-9	5.618585E-9	5.741914E-9	5.855976E-9	6.046000E-9	6.179599E-9	6.219161E-9	5.399568E-9	5.534597E-9	5.641319E-9	5.717575E-9	5.800066E-9	5.789314E-9	6.019030E-9	5.865602E-9	5.398600E-9	5.473420E-9	5.571523E-9	5.659572E-9	5.831371E-9	5.866333E-9	5.865596E-9	5.859374E-9	5.514290E-9	5.526011E-9	5.620709E-9	5.743289E-9	5.752158E-9	5.813999E-9	5.904951E-9	6.031944E-9
0:29:18	1	-1.499504E+1	1.519300E+1	1.597900E+1	1.558379E+0	1.800195E+0	3.850000E+2	1.897500E-7	1.899440E-7	5.570137E-9	5.620427E-9	5.803606E-9	5.939875E-9	6.056687E-9	6.250608E-9	6.390262E-9	6.433752E-9	5.575279E-9	5.716851E-9	5.826701E-9	5.921294E-9	5.999089E-9	5.985828E-9	6.235413E-9	6.068566E-9	5.580228E-9	5.657078E-9	5.758101E-9	5.854788E-9	6.029567E-9	6.071121E-9	6.067285E-9	6.060291E-9	5.696262E-9	5.707580E-9	5.808493E-9	5.939248E-9	5.951702E-9	6.019046E-9	6.105533E-9	6.243282E-9
0:29:31	1	-1.499603E+1	1.520200E+1	1.597400E+1	1.555428E+0	1.797383E+0	3.861876E+2	1.979800E-7	1.979631E-7	5.791742E-9	5.851894E-9	6.044000E-9	6.187261E-9	6.312329E-9	6.515745E-9	6.663711E-9	6.729510E-9	5.802460E-9	5.952314E-9	6.072401E-9	6.164228E-9	6.260062E-9	6.245131E-9	6.497534E-9	6.333493E-9	5.808418E-9	5.892220E-9	6.003450E-9	6.104105E-9	6.289792E-9	6.338902E-9	6.331466E-9	6.316604E-9	5.928867E-9	5.942971E-9	6.051968E-9	6.186935E-9	6.198163E-9	6.275417E-9	6.364072E-9	6.505969E-9
0:29:45	1	-1.499504E+1	1.520200E+1	1.596200E+1	1.556961E+0	1.799384E+0	3.873752E+2	2.072000E-7	2.065141E-7	6.034599E-9	6.103098E-9	6.299315E-9	6.457053E-9	6.585139E-9	6.798484E-9	6.957751E-9	7.027805E-9	6.043587E-9	6.205725E-9	6.331445E-9	6.417205E-9	6.530602E-9	6.518385E-9	6.792337E-9	6.609238E-9	6.045859E-9	6.140265E-9	6.261209E-9	6.371417E-9	6.568820E-9	6.610776E-9	6.605312E-9	6.592992E-9	6.176478E-9	6.194002E-9	6.316219E-9	6.459381E-9	6.475631E-9	6.544464E-9	6.641613E-9	6.797904E-9
0:29:58	1	-1.499512E+1	1.519400E+1	1.595000E+1	1.558455E+0	1.800246E+0	3.885628E+2	2.159600E-7	2.156329E-7	6.286034E-9	6.360609E-9	6.578142E-9	6.739120E-9	6.877018E-9	7.105485E-9	7.274027E-9	7.320328E-9	6.302782E-9	6.472219E-9	6.611477E-9	6.708953E-9	6.830024E-9	6.818139E-9	7.107095E-9	6.910679E-9	6.307311E-9	6.405243E-9	6.539502E-9	6.650825E-9	6.857186E-9	6.907153E-9	6.910310E-9	6.901105E-9	6.441052E-9	6.463499E-9	6.585962E-9	6.742018E-9	6.755371E-9	6.835624E-9	6.936026E-9	7.092562E-9
0:30:12	1	-1.499482E+1	1.519000E+1	1.596800E+1	1.554984E+0	1.797434E+0	3.897503E+2	2.261500E-7	2.254502E-7	6.557333E-9	6.641888E-9	6.864239E-9	7.037199E-9	7.194621E-9	7.438322E-9	7.614242E-9	7.662378E-9	6.577124E-9	6.760197E-9	6.909151E-9	7.024256E-9	7.142749E-9	7.128748E-9	7.419634E-9	7.236169E-9	6.586120E-9	6.696905E-9	6.834738E-9	6.957691E-9	7.169656E-9	7.238429E-9	7.231862E-9	7.212743E-9	6.721893E-9	6.748319E-9	6.880707E-9	7.048271E-9	7.067695E-9	7.155170E-9	7.261612E-9	7.430146E-9
0:30:25	1	-1.499611E+1	1.518000E+1	1.594300E+1	1.556821E+0	1.799625E+0	3.909379E+2	2.359600E-7	2.354023E-7	6.834938E-9	6.923547E-9	7.163736E-9	7.349011E-9	7.513744E-9	7.762358E-9	7.951615E-9	8.026557E-9	6.855777E-9	7.052915E-9	7.209353E-9	7.330339E-9	7.460096E-9	7.461066E-9	7.761694E-9	7.560331E-9	6.861317E-9	6.982273E-9	7.141880E-9	7.262050E-9	7.500488E-9	7.554271E-9	7.554045E-9	7.536088E-9	7.008786E-9	7.038100E-9	7.185367E-9	7.365288E-9	7.380901E-9	7.471548E-9	7.586695E-9	7.756080E-9
0:30:39	1	-1.499466E+1	1.520900E+1	1.594200E+1	1.558962E+0	1.800335E+0	3.921255E+2	2.472200E-7	2.467306E-7	7.142750E-9	7.238496E-9	7.504132E-9	7.700567E-9	7.876772E-9	8.142904E-9	8.347797E-9	8.423653E-9	7.173033E-9	7.385699E-9	7.555332E-9	7.684731E-9	7.829639E-9	7.818311E-9	8.158987E-9	7.938286E-9	7.178390E-9	7.313776E-9	7.472330E-9	7.613175E-9	7.872713E-9	7.931468E-9	7.929242E-9	7.904061E-9	7.332126E-9	7.368517E-9	7.523430E-9	7.709024E-9	7.739890E-9	7.833421E-9	7.953613E-9	8.134374E-9
0:30:52	1	-1.499603E+1	1.517400E+1	1.598600E+1	1.555213E+0	1.797130E+0	3.933131E+2	2.594600E-7	2.589896E-7	7.481526E-9	7.590269E-9	7.867094E-9	8.083006E-9	8.269642E-9	8.556831E-9	8.767985E-9	8.852577E-9	7.512475E-9	7.735986E-9	7.930458E-9	8.058888E-9	8.223759E-9	8.218657E-9	8.575922E-9	8.343330E-9	7.526124E-9	7.664034E-9	7.852792E-9	8.000786E-9	8.265446E-9	8.328507E-9	8.340581E-9	8.314396E-9	7.675578E-9	7.724243E-9	7.891988E-9	8.094295E-9	8.128052E-9	8.225394E-9	8.346941E-9	8.542049E-9
0:31:06	1	-1.499459E+1	1.517600E+1	1.595200E+1	1.556239E+0	1.799144E+0	3.945007E+2	2.727700E-7	2.722332E-7	7.839725E-9	7.958058E-9	8.262736E-9	8.491650E-9	8.694065E-9	9.003944E-9	9.230238E-9	9.315682E-9	7.878602E-9	8.119325E-9	8.325818E-9	8.479590E-9	8.651707E-9	8.649676E-9	9.029340E-9	8.791919E-9	7.897868E-9	8.055330E-9	8.246546E-9	8.417111E-9	8.690994E-9	8.767691E-9	8.769110E-9	8.747834E-9	8.044883E-9	8.105719E-9	8.291551E-9	8.505591E-9	8.550317E-9	8.650444E-9	8.785487E-9	8.984669E-9
0:31:19	1	-1.499596E+1	1.516500E+1	1.596900E+1	1.558354E+0	1.800145E+0	3.956883E+2	2.879100E-7	2.875232E-7	8.249827E-9	8.387830E-9	8.711100E-9	8.966677E-9	9.183931E-9	9.519763E-9	9.758375E-9	9.855071E-9	8.301145E-9	8.569401E-9	8.795978E-9	8.970257E-9	9.149583E-9	9.147774E-9	9.546608E-9	9.299425E-9	8.319533E-9	8.498805E-9	8.700586E-9	8.891861E-9	9.189482E-9	9.278242E-9	9.280913E-9	9.249689E-9	8.484810E-9	8.540457E-9	8.739041E-9	8.979312E-9	9.028021E-9	9.139934E-9	9.290268E-9	9.499465E-9
0:31:33	1	-1.499482E+1	1.517700E+1	1.596200E+1	1.555630E+0	1.797801E+0	3.968758E+2	3.037800E-7	3.031743E-7	8.674940E-9	8.825103E-9	9.183166E-9	9.457210E-9	9.692424E-9	1.004576E-8	1.030590E-8	1.041482E-8	8.728446E-9	9.014671E-9	9.259875E-9	9.458146E-9	9.652842E-9	9.664868E-9	1.008364E-8	9.828830E-9	8.747030E-9	8.943410E-9	9.180007E-9	9.378772E-9	9.699202E-9	9.787092E-9	9.796635E-9	9.765394E-9	8.923474E-9	8.995604E-9	9.211595E-9	9.466392E-9	9.528079E-9	9.643046E-9	9.797932E-9	1.001996E-8
0:31:46	1	-1.499360E+1	1.517600E+1	1.594800E+1	1.556593E+0	1.799106E+0	3.980634E+2	3.205000E-7	3.203968E-7	9.131455E-9	9.304937E-9	9.676850E-9	9.986157E-9	1.024552E-8	1.062438E-8	1.091029E-8	1.102783E-8	9.195297E-9	9.508159E-9	9.783522E-9	9.989229E-9	1.021837E-8	1.022841E-8	1.068896E-8	1.041513E-8	9.219312E-9	9.443466E-9	9.697853E-9	9.915584E-9	1.027082E-8	1.035774E-8	1.036840E-8	1.034184E-8	9.396817E-9	9.484602E-9	9.729863E-9	1.001179E-8	1.006464E-8	1.019368E-8	1.036292E-8	1.060301E-8
0:32:00	1	-1.499550E+1	1.515800E+1	1.595800E+1	1.558924E+0	1.800461E+0	3.992510E+2	3.392200E-7	3.392704E-7	9.635016E-9	9.825881E-9	1.024127E-8	1.057080E-8	1.084284E-8	1.126045E-8	1.156115E-8	1.169633E-8	9.703920E-9	1.005302E-8	1.035118E-8	1.057772E-8	1.083147E-8	1.084666E-8	1.134343E-8	1.105023E-8	9.736702E-9	9.974172E-9	1.026237E-8	1.050355E-8	1.089387E-8	1.099434E-8	1.100153E-8	1.097387E-8	9.915053E-9	1.002698E-8	1.028734E-8	1.059188E-8	1.066977E-8	1.081573E-8	1.098638E-8	1.124545E-8
0:32:13	1	-1.499444E+1	1.517100E+1	1.596600E+1	1.555200E+0	1.797358E+0	4.004386E+2	3.581700E-7	3.587785E-7	1.014192E-8	1.035975E-8	1.080632E-8	1.117784E-8	1.147925E-8	1.193090E-8	1.224822E-8	1.239578E-8	1.022370E-8	1.060870E-8	1.093932E-8	1.119197E-8	1.146749E-8	1.149432E-8	1.202856E-8	1.171368E-8	1.026119E-8	1.054095E-8	1.084025E-8	1.111290E-8	1.152891E-8	1.164259E-8	1.166062E-8	1.161728E-8	1.045707E-8	1.059041E-8	1.086819E-8	1.120325E-8	1.128968E-8	1.144152E-8	1.162720E-8	1.188883E-8
0:32:27	1	-1.499573E+1	1.519800E+1	1.596500E+1	1.554845E+0	1.798118E+0	4.016262E+2	3.817000E-7	3.817558E-7	1.074506E-8	1.098600E-8	1.148332E-8	1.188368E-8	1.222723E-8	1.271827E-8	1.306743E-8	1.323733E-8	1.084484E-8	1.126877E-8	1.163766E-8	1.191673E-8	1.222121E-8	1.225015E-8	1.280624E-8	1.250212E-8	1.087924E-8	1.118935E-8	1.153372E-8	1.183214E-8	1.228712E-8	1.240920E-8	1.243565E-8	1.238609E-8	1.107846E-8	1.122662E-8	1.154425E-8	1.191161E-8	1.201549E-8	1.219239E-8	1.237421E-8	1.266429E-8
0:32:40	1	-1.499611E+1	1.517000E+1	1.596700E+1	1.557949E+0	1.799511E+0	4.028138E+2	4.077200E-7	4.072256E-7	1.139644E-8	1.168607E-8	1.221291E-8	1.266197E-8	1.304262E-8	1.357233E-8	1.398354E-8	1.415891E-8	1.150819E-8	1.198641E-8	1.238823E-8	1.271588E-8	1.305956E-8	1.311269E-8	1.372803E-8	1.337220E-8	1.156793E-8	1.190768E-8	1.229231E-8	1.262993E-8	1.311859E-8	1.327976E-8	1.328443E-8	1.325006E-8	1.177514E-8	1.195327E-8	1.230006E-8	1.270634E-8	1.282472E-8	1.300352E-8	1.321517E-8	1.353066E-8
0:32:54	1	-1.499444E+1	1.520100E+1	1.596400E+1	1.553591E+0	1.795572E+0	4.040013E+2	4.361900E-7	4.358951E-7	1.212533E-8	1.245066E-8	1.305224E-8	1.354109E-8	1.397116E-8	1.454940E-8	1.499124E-8	1.521506E-8	1.226821E-8	1.278209E-8	1.324958E-8	1.361386E-8	1.400077E-8	1.406774E-8	1.475224E-8	1.437526E-8	1.232973E-8	1.271255E-8	1.314911E-8	1.352803E-8	1.408256E-8	1.424940E-8	1.427720E-8	1.420884E-8	1.253985E-8	1.274575E-8	1.314408E-8	1.359617E-8	1.372835E-8	1.393656E-8	1.416308E-8	1.449796E-8
0:33:07	1	-1.499649E+1	1.516800E+1	1.597000E+1	1.554516E+0	1.797573E+0	4.051889E+2	4.681800E-7	4.680108E-7	1.294099E-8	1.330541E-8	1.398177E-8	1.454304E-8	1.500494E-8	1.566521E-8	1.615098E-8	1.637976E-8	1.310253E-8	1.369001E-8	1.420842E-8	1.461585E-8	1.506342E-8	1.514440E-8	1.588332E-8	1.550065E-8	1.317268E-8	1.361479E-8	1.411205E-8	1.453884E-8	1.514699E-8	1.533633E-8	1.536855E-8	1.529387E-8	1.338742E-8	1.363331E-8	1.408370E-8	1.459015E-8	1.475505E-8	1.497225E-8	1.523116E-8	1.559295E-8
0:33:21	1	-1.499527E+1	1.518000E+1	1.595900E+1	1.557100E+0	1.799068E+0	4.063765E+2	5.040500E-7	5.045942E-7	1.386664E-8	1.426671E-8	1.501680E-8	1.565435E-8	1.618798E-8	1.692301E-8	1.746068E-8	1.773775E-8	1.403750E-8	1.468476E-8	1.528771E-8	1.579137E-8	1.629316E-8	1.637447E-8	1.721437E-8	1.679160E-8	1.411865E-8	1.464801E-8	1.520866E-8	1.568995E-8	1.636072E-8	1.658565E-8	1.663157E-8	1.654238E-8	1.435674E-8	1.464459E-8	1.514789E-8	1.571291E-8	1.590786E-8	1.616312E-8	1.644582E-8	1.684079E-8
0:33:34	1	-1.499573E+1	1.517800E+1	1.596000E+1	1.553591E+0	1.795901E+0	4.075641E+2	5.464500E-7	5.467283E-7	1.489016E-8	1.537078E-8	1.622466E-8	1.693938E-8	1.756274E-8	1.838643E-8	1.898571E-8	1.932999E-8	1.510983E-8	1.584350E-8	1.653550E-8	1.710184E-8	1.768715E-8	1.782232E-8	1.871132E-8	1.828691E-8	1.520233E-8	1.579226E-8	1.644951E-8	1.701020E-8	1.779612E-8	1.802937E-8	1.809255E-8	1.799847E-8	1.542960E-8	1.579373E-8	1.637297E-8	1.700770E-8	1.726356E-8	1.756132E-8	1.785586E-8	1.828451E-8
0:33:48	1	-1.499535E+1	1.517700E+1	1.594400E+1	1.554199E+0	1.797218E+0	4.087517E+2	5.955600E-7	5.954127E-7	1.605885E-8	1.662295E-8	1.759414E-8	1.843149E-8	1.912769E-8	2.008380E-8	2.076310E-8	2.118203E-8	1.632587E-8	1.718203E-8	1.797588E-8	1.862720E-8	1.931405E-8	1.948953E-8	2.052088E-8	2.004474E-8	1.643052E-8	1.714709E-8	1.787852E-8	1.856233E-8	1.942277E-8	1.970521E-8	1.979699E-8	1.966543E-8	1.668273E-8	1.711420E-8	1.777214E-8	1.852124E-8	1.881090E-8	1.913643E-8	1.948197E-8	1.994002E-8
0:34:01	1	-1.499626E+1	1.518200E+1	1.595900E+1	1.557987E+0	1.799613E+0	4.099393E+2	6.487400E-7	6.488595E-7	1.731917E-8	1.795816E-8	1.907728E-8	2.006510E-8	2.086206E-8	2.192016E-8	2.273946E-8	2.320446E-8	1.763913E-8	1.860530E-8	1.955573E-8	2.032768E-8	2.113434E-8	2.135905E-8	2.253022E-8	2.202787E-8	1.777008E-8	1.857708E-8	1.945051E-8	2.024694E-8	2.122698E-8	2.157457E-8	2.166514E-8	2.154848E-8	1.801568E-8	1.849930E-8	1.931305E-8	2.015914E-8	2.051612E-8	2.090164E-8	2.129562E-8	2.177400E-8
0:34:15	1	-1.499520E+1	1.517200E+1	1.594500E+1	1.553730E+0	1.795825E+0	4.111268E+2	7.142100E-7	7.151476E-7	1.883869E-8	1.964117E-8	2.091612E-8	2.207059E-8	2.300754E-8	2.428736E-8	2.519173E-8	2.576134E-8	1.922871E-8	2.038190E-8	2.149441E-8	2.242032E-8	2.339842E-8	2.366175E-8	2.501376E-8	2.444807E-8	1.937655E-8	2.037055E-8	2.141620E-8	2.234473E-8	2.348249E-8	2.390711E-8	2.404554E-8	2.390135E-8	1.963881E-8	2.024804E-8	2.118945E-8	2.218522E-8	2.263444E-8	2.305628E-8	2.351633E-8	2.407271E-8
0:34:28	1	-1.499603E+1	1.518300E+1	1.595100E+1	1.554199E+0	1.797598E+0	4.123144E+2	7.950200E-7	7.958184E-7	2.064987E-8	2.157287E-8	2.311191E-8	2.449477E-8	2.564549E-8	2.714882E-8	2.823561E-8	2.892153E-8	2.111362E-8	2.249482E-8	2.383040E-8	2.497425E-8	2.613990E-8	2.651902E-8	2.809134E-8	2.752723E-8	2.131833E-8	2.251478E-8	2.377130E-8	2.487765E-8	2.628286E-8	2.678308E-8	2.694596E-8	2.675015E-8	2.157878E-8	2.233631E-8	2.345448E-8	2.465329E-8	2.523653E-8	2.573350E-8	2.624119E-8	2.686880E-8
0:34:42	1	-1.499444E+1	1.519800E+1	1.594600E+1	1.558012E+0	1.799942E+0	4.135020E+2	9.037000E-7	9.035837E-7	2.297792E-8	2.412880E-8	2.600354E-8	2.770593E-8	2.915661E-8	3.098961E-8	3.235256E-8	3.328206E-8	2.358124E-8	2.525700E-8	2.694428E-8	2.836669E-8	2.990058E-8	3.041199E-8	3.231007E-8	3.166450E-8	2.381348E-8	2.532435E-8	2.688096E-8	2.827983E-8	3.001169E-8	3.067550E-8	3.089002E-8	3.068809E-8	2.410093E-8	2.503918E-8	2.645537E-8	2.790705E-8	2.866369E-8	2.927183E-8	2.992111E-8	3.062725E-8
0:34:55	1	-1.499611E+1	1.518900E+1	1.594800E+1	1.554313E+0	1.796243E+0	4.146896E+2	1.028100E-6	1.029504E-6	2.556257E-8	2.703649E-8	2.932362E-8	3.143186E-8	3.328855E-8	3.559119E-8	3.723826E-8	3.847711E-8	2.631624E-8	2.839317E-8	3.053698E-8	3.236087E-8	3.428475E-8	3.501504E-8	3.735266E-8	3.666902E-8	2.663305E-8	2.850205E-8	3.052636E-8	3.228314E-8	3.443486E-8	3.529825E-8	3.558435E-8	3.530538E-8	2.685240E-8	2.813157E-8	2.988398E-8	3.169556E-8	3.270629E-8	3.351091E-8	3.421708E-8	3.506035E-8
0:35:09	1	-1.499520E+1	1.517700E+1	1.597000E+1	1.550627E+0	1.793089E+0	4.158772E+2	1.191600E-6	1.193903E-6	2.878934E-8	3.070032E-8	3.352178E-8	3.627214E-8	3.862286E-8	4.154970E-8	4.371267E-8	4.546821E-8	2.978933E-8	3.237375E-8	3.511470E-8	3.750044E-8	4.013265E-8	4.118868E-8	4.411884E-8	4.339104E-8	3.016926E-8	3.259470E-8	3.518591E-8	3.753035E-8	4.031389E-8	4.143388E-8	4.188372E-8	4.153305E-8	3.037402E-8	3.202491E-8	3.424350E-8	3.663444E-8	3.800796E-8	3.897680E-8	3.988370E-8	4.086622E-8
0:35:22	1	-1.499558E+1	1.519600E+1	1.595700E+1	1.549525E+0	1.793317E+0	4.170648E+2	1.412400E-6	1.415045E-6	3.283770E-8	3.524841E-8	3.899378E-8	4.264231E-8	4.582719E-8	4.980413E-8	5.273529E-8	5.521993E-8	3.411511E-8	3.749727E-8	4.116555E-8	4.453469E-8	4.818184E-8	4.972831E-8	5.366578E-8	5.288946E-8	3.462640E-8	3.786502E-8	4.136115E-8	4.456672E-8	4.828309E-8	4.995591E-8	5.062397E-8	5.006658E-8	3.482289E-8	3.699937E-8	3.998696E-8	4.305274E-8	4.505786E-8	4.637378E-8	4.755527E-8	4.876096E-8
0:35:36	1	-1.499466E+1	1.517300E+1	1.595900E+1	1.554921E+0	1.798219E+0	4.182524E+2	1.727800E-6	1.730289E-6	3.804139E-8	4.133374E-8	4.649438E-8	5.153565E-8	5.615477E-8	6.169940E-8	6.603766E-8	6.987843E-8	3.981445E-8	4.443417E-8	4.957718E-8	5.441898E-8	5.979156E-8	6.236223E-8	6.798401E-8	6.732284E-8	4.058149E-8	4.501693E-8	4.991737E-8	5.455843E-8	5.985890E-8	6.251254E-8	6.343287E-8	6.260023E-8	4.057194E-8	4.373244E-8	4.779473E-8	5.218040E-8	5.505918E-8	5.696762E-8	5.857170E-8	6.005138E-8
0:35:49	1	-1.499512E+1	1.519600E+1	1.594800E+1	1.556657E+0	1.798080E+0	4.194399E+2	2.173500E-6	2.177785E-6	4.456020E-8	4.916287E-8	5.621651E-8	6.371951E-8	7.051559E-8	7.901110E-8	8.558621E-8	9.210433E-8	4.705925E-8	5.335615E-8	6.095063E-8	6.834949E-8	7.680014E-8	8.116777E-8	8.978503E-8	8.949991E-8	4.808551E-8	5.445166E-8	6.172404E-8	6.878415E-8	7.688188E-8	8.086603E-8	8.267082E-8	8.135469E-8	4.796934E-8	5.235474E-8	5.826880E-8	6.469606E-8	6.923273E-8	7.201390E-8	7.433263E-8	7.625368E-8
0:36:04	1	-1.499550E+1	1.516100E+1	1.596800E+1	1.554060E+0	1.797117E+0	4.206275E+2	2.977200E-6	2.983025E-6	5.428434E-8	6.124847E-8	7.197936E-8	8.439776E-8	9.597149E-8	1.108676E-7	1.232139E-7	1.363439E-7	5.800990E-8	6.771440E-8	7.995043E-8	9.261372E-8	1.083182E-7	1.171157E-7	1.332687E-7	1.341512E-7	5.969122E-8	6.954820E-8	8.153981E-8	9.376777E-8	1.080462E-7	1.159566E-7	1.196644E-7	1.175686E-7	5.899403E-8	6.594084E-8	7.536219E-8	8.589941E-8	9.408877E-8	9.914005E-8	1.028414E-7	1.055268E-7
