APD#	0005	Started	03/07/07 13:39	Sense_ohms	1.004464E+6	1.004628E+6	1.002105E+6	1.000924E+6	9.998282E+5	1.007735E+6	1.002821E+6	9.989270E+5	9.993226E+5	1.002376E+6	1.001862E+6	1.003102E+6	1.000030E+6	1.003780E+6	1.000011E+6	1.000898E+6	9.999006E+5	1.006439E+6	1.005624E+6	1.010450E+6	1.003884E+6	1.005600E+6	1.002519E+6	1.006362E+6	1.004620E+6	1.008599E+6	1.003214E+6	1.000475E+6	1.003139E+6	9.996927E+5	1.009944E+6	1.000506E+6	
ElapTime	Shutter_Open	DegC	BiasV	KE237_Amps	Pixel_Sum	A1	A2	A3	A4	A5	A6	A7	A8	B1	B2	B3	B4	B5	B6	B7	B8	C1	C2	C3	C4	C5	C6	C7	C8	D1	D2	D3	D4	D5	D6	D7	D8
   0:00:00	0	2.709400E+1	0.000000E+0	-2.964800E-10	-2.406237E-10	-1.639680E-12	-5.990277E-12	-5.372690E-12	-6.265211E-12	-5.638969E-12	-7.165574E-12	-1.004367E-11	-5.834260E-12	-6.909681E-12	-5.308387E-12	-6.512873E-12	-5.809977E-12	-6.143816E-12	-5.238200E-12	-2.350074E-11	-7.784010E-12	-2.065205E-11	-7.489773E-12	-2.034558E-11	-5.140284E-12	-5.678943E-12	-5.102426E-12	-8.340989E-12	-1.894646E-11	-3.846230E-12	-2.324016E-12	-4.230403E-12	-3.419376E-12	-4.988342E-12	-6.082869E-12	-5.142859E-12	-3.735110E-12
   0:00:13	0	2.698900E+1	0.000000E+0	-1.045000E-10	-4.010093E-10	-2.518756E-13	-1.065569E-11	-1.106172E-11	-1.075906E-11	-1.121393E-11	-1.144051E-11	-1.168603E-11	-1.008282E-11	-1.223429E-11	-9.984277E-12	-1.093863E-11	-1.117733E-11	-1.057868E-11	-1.123254E-11	-2.020678E-11	-1.341695E-11	-2.198319E-11	-1.510573E-11	-2.273912E-11	-1.247563E-11	-1.325053E-11	-1.089797E-11	-1.996670E-11	-2.108685E-11	-1.078219E-11	-1.105395E-11	-1.048131E-11	-1.013019E-11	-1.174513E-11	-1.178562E-11	-1.053722E-11	-1.006691E-11
   0:00:27	0	2.697700E+1	1.000000E+1	2.068600E-9	1.677906E-9	5.921666E-11	5.069439E-11	6.605595E-11	5.043939E-11	6.455909E-11	6.763584E-11	4.838550E-11	4.698942E-11	7.200878E-11	7.084168E-11	4.798964E-11	5.626546E-11	5.181445E-11	6.979517E-11	4.985145E-11	6.999614E-11	5.099807E-11	-1.372065E-11	5.958887E-11	6.500965E-11	5.451825E-11	5.524364E-11	-1.238480E-11	5.054444E-11	6.147698E-11	6.437444E-11	6.371024E-11	3.786202E-11	5.045462E-11	3.567396E-11	4.515894E-11	6.685817E-11
   0:00:41	0	2.697100E+1	2.000000E+1	2.244700E-9	1.835652E-9	6.274789E-11	5.498254E-11	7.117617E-11	5.531189E-11	7.064214E-11	7.329308E-11	5.312314E-11	5.130105E-11	7.898150E-11	7.589667E-11	5.140329E-11	6.043354E-11	5.973221E-11	7.471757E-11	5.834036E-11	7.562909E-11	6.132410E-11	-1.435060E-11	6.777782E-11	7.096442E-11	5.811528E-11	5.788982E-11	-1.364762E-11	5.765718E-11	6.683721E-11	7.009029E-11	6.926638E-11	3.944526E-11	5.487475E-11	3.972921E-11	5.099194E-11	7.097409E-11
   0:00:55	0	2.696600E+1	3.000000E+1	2.387500E-9	2.022950E-9	6.754050E-11	6.002620E-11	7.787707E-11	5.948903E-11	7.830745E-11	7.876178E-11	5.754467E-11	5.624735E-11	8.665070E-11	8.436455E-11	5.557652E-11	6.592749E-11	6.328010E-11	8.172309E-11	6.714526E-11	8.372981E-11	6.949591E-11	-1.359447E-11	7.785614E-11	7.710822E-11	6.335194E-11	6.362172E-11	-1.143619E-11	6.779072E-11	7.238558E-11	7.637029E-11	7.450753E-11	4.634599E-11	5.872666E-11	4.492581E-11	5.456738E-11	7.673517E-11
   0:01:09	0	2.696300E+1	4.000000E+1	2.548700E-9	2.220182E-9	7.170292E-11	6.551181E-11	8.508290E-11	6.429859E-11	8.204610E-11	8.655649E-11	6.304016E-11	6.144693E-11	9.413076E-11	9.068453E-11	6.107727E-11	7.142145E-11	6.866394E-11	8.973679E-11	7.829314E-11	9.176759E-11	7.969592E-11	-1.088889E-11	9.026535E-11	8.494433E-11	6.947317E-11	7.017303E-11	-1.232096E-11	7.672885E-11	7.768211E-11	8.221107E-11	8.101063E-11	4.900572E-11	6.541965E-11	4.815680E-11	5.895772E-11	8.420639E-11
   0:01:23	0	2.696000E+1	5.000000E+1	2.837700E-9	2.489541E-9	8.292781E-11	7.515916E-11	9.481741E-11	7.379182E-11	9.446323E-11	9.623661E-11	7.194704E-11	7.007119E-11	1.050972E-10	1.012375E-10	6.822197E-11	8.064085E-11	7.791166E-11	1.007173E-10	8.975901E-11	1.019574E-10	8.938889E-11	-1.384684E-11	9.933633E-11	9.296848E-11	7.691825E-11	7.754375E-11	-1.194192E-11	8.793357E-11	8.606836E-11	9.043931E-11	8.909365E-11	5.641320E-11	7.268185E-11	5.392257E-11	6.541848E-11	9.224632E-11
   0:01:37	0	2.695800E+1	6.000000E+1	3.274200E-9	2.857229E-9	8.961297E-11	8.455369E-11	1.073341E-10	8.265163E-11	1.051701E-10	1.083688E-10	8.079009E-11	7.793462E-11	1.190426E-10	1.144461E-10	7.935025E-11	9.295565E-11	8.937732E-11	1.151687E-10	1.029339E-10	1.163865E-10	1.061766E-10	-1.334308E-11	1.175400E-10	1.088297E-10	9.111611E-11	9.014121E-11	-1.099431E-11	1.022843E-10	9.817443E-11	1.045698E-10	1.034894E-10	6.356781E-11	8.486860E-11	6.082969E-11	7.614383E-11	1.077585E-10
   0:01:51	0	2.695600E+1	7.000000E+1	3.418200E-9	2.977522E-9	9.308148E-11	8.669776E-11	1.111899E-10	8.562688E-11	1.130264E-10	1.123281E-10	8.394818E-11	8.059748E-11	1.239870E-10	1.213337E-10	8.080454E-11	9.674390E-11	9.229023E-11	1.197762E-10	1.083818E-10	1.213860E-10	1.116881E-10	-1.340568E-11	1.250368E-10	1.124657E-10	9.420810E-11	9.348051E-11	-1.238480E-11	1.076352E-10	1.031554E-10	1.081500E-10	1.077198E-10	6.451735E-11	8.821609E-11	6.368157E-11	8.015791E-11	1.120003E-10
   0:02:05	0	2.695400E+1	8.000000E+1	3.532700E-9	3.073363E-9	9.472116E-11	8.890455E-11	1.154879E-10	8.815754E-11	1.139136E-10	1.157854E-10	8.559055E-11	8.161257E-11	1.286772E-10	1.242408E-10	8.440783E-11	9.996491E-11	9.558413E-11	1.230568E-10	1.118658E-10	1.261967E-10	1.178967E-10	-1.428701E-11	1.314617E-10	1.161641E-10	9.666854E-11	9.530728E-11	-1.118383E-11	1.126702E-10	1.061187E-10	1.126721E-10	1.113192E-10	6.724006E-11	9.004734E-11	6.482192E-11	8.228971E-11	1.159893E-10
   0:02:19	0	2.695200E+1	9.000000E+1	3.635600E-9	3.170481E-9	9.673916E-11	9.048125E-11	1.188378E-10	9.037250E-11	1.168911E-10	1.203739E-10	8.748620E-11	8.491011E-11	1.310228E-10	1.306236E-10	8.662071E-11	1.021751E-10	9.678810E-11	1.267170E-10	1.204807E-10	1.292339E-10	1.237243E-10	-1.390944E-11	1.376349E-10	1.203642E-10	9.862494E-11	9.814141E-11	-1.118383E-11	1.191539E-10	1.083892E-10	1.145559E-10	1.147293E-10	6.951998E-11	9.137318E-11	6.773682E-11	8.392049E-11	1.179513E-10
   0:02:33	0	2.695100E+1	1.000000E+2	3.725100E-9	3.259532E-9	1.001450E-10	9.249892E-11	1.222517E-10	9.303104E-11	1.217699E-10	1.230770E-10	8.931803E-11	8.757297E-11	1.341919E-10	1.320133E-10	8.756994E-11	1.036904E-10	1.000190E-10	1.314501E-10	1.254846E-10	1.338538E-10	1.275257E-10	-1.346927E-11	1.444377E-10	1.208036E-10	1.017797E-10	1.007239E-10	-1.263717E-11	1.237487E-10	1.127401E-10	1.184495E-10	1.167498E-10	7.110223E-11	9.446747E-11	6.792687E-11	8.479876E-11	1.224470E-10
   0:02:48	0	2.694900E+1	1.200000E+2	3.886900E-9	3.456495E-9	1.045592E-10	9.804724E-11	1.294575E-10	9.815730E-11	1.270278E-10	1.312488E-10	9.481353E-11	9.156825E-11	1.427497E-10	1.387124E-10	9.022500E-11	1.105102E-10	1.041989E-10	1.382026E-10	1.358735E-10	1.411952E-10	1.386758E-10	-1.422441E-11	1.564054E-10	1.299560E-10	1.069546E-10	1.053858E-10	-1.276385E-11	1.328756E-10	1.190450E-10	1.264893E-10	1.244530E-10	7.376196E-11	9.996122E-11	7.274235E-11	9.094564E-11	1.292846E-10
   0:03:02	0	2.694700E+1	1.400000E+2	4.046600E-9	3.663321E-9	1.099820E-10	1.021463E-10	1.368539E-10	1.023974E-10	1.345041E-10	1.377862E-10	1.011297E-10	9.664170E-11	1.523842E-10	1.482547E-10	9.661111E-11	1.163840E-10	1.108497E-10	1.461545E-10	1.467684E-10	1.511952E-10	1.492548E-10	-1.453938E-11	1.681215E-10	1.374784E-10	1.104879E-10	1.107399E-10	-1.295337E-11	1.437654E-10	1.244680E-10	1.321417E-10	1.312093E-10	7.882656E-11	1.041919E-10	7.705068E-11	9.608850E-11	1.369457E-10
   0:03:16	0	2.694600E+1	1.600000E+2	4.337800E-9	3.912371E-9	1.145228E-10	1.087039E-10	1.475993E-10	1.080931E-10	1.431206E-10	1.458320E-10	1.066252E-10	1.031727E-10	1.627162E-10	1.568493E-10	1.024912E-10	1.237093E-10	1.193384E-10	1.562514E-10	1.597542E-10	1.632834E-10	1.622421E-10	-1.422441E-11	1.813501E-10	1.463803E-10	1.179967E-10	1.171649E-10	-1.276385E-11	1.562907E-10	1.337361E-10	1.407457E-10	1.389753E-10	8.262575E-11	1.103167E-10	8.104290E-11	1.017334E-10	1.466958E-10
   0:03:30	0	2.694400E+1	1.800000E+2	4.650300E-9	4.195152E-9	1.210188E-10	1.158917E-10	1.567650E-10	1.150547E-10	1.533213E-10	1.557642E-10	1.107316E-10	1.103384E-10	1.712740E-10	1.672766E-10	1.091937E-10	1.331181E-10	1.261162E-10	1.666640E-10	1.724231E-10	1.757512E-10	1.744053E-10	-1.340568E-11	1.972865E-10	1.606116E-10	1.255055E-10	1.242204E-10	-1.194192E-11	1.690684E-10	1.434473E-10	1.512970E-10	1.514144E-10	8.921062E-11	1.191580E-10	8.871026E-11	1.082565E-10	1.572055E-10
   0:03:45	0	2.694300E+1	2.000000E+2	4.929300E-9	4.473658E-9	1.292799E-10	1.206208E-10	1.675114E-10	1.221431E-10	1.630140E-10	1.674557E-10	1.223538E-10	1.184551E-10	1.822394E-10	1.775142E-10	1.159581E-10	1.402539E-10	1.334000E-10	1.762558E-10	1.835710E-10	1.868262E-10	1.875196E-10	-1.290292E-11	2.137270E-10	1.686358E-10	1.328879E-10	1.325358E-10	-1.168955E-11	1.810909E-10	1.520854E-10	1.623500E-10	1.606327E-10	9.547865E-11	1.266086E-10	9.308260E-11	1.160342E-10	1.687286E-10
   0:03:59	0	2.694100E+1	2.200000E+2	5.178200E-9	4.758598E-9	1.355857E-10	1.280603E-10	1.774984E-10	1.295473E-10	1.718845E-10	1.759411E-10	1.299973E-10	1.260012E-10	1.941565E-10	1.892045E-10	1.241149E-10	1.509258E-10	1.410018E-10	1.884357E-10	1.978868E-10	1.995468E-10	2.005699E-10	-1.485336E-11	2.285924E-10	1.780385E-10	1.429837E-10	1.394014E-10	-1.206860E-11	1.944350E-10	1.631821E-10	1.713317E-10	1.701043E-10	1.021265E-10	1.339336E-10	9.954559E-11	1.218048E-10	1.796821E-10
   0:04:13	0	2.694000E+1	2.400000E+2	5.513800E-9	5.043625E-9	1.423973E-10	1.353745E-10	1.908992E-10	1.365089E-10	1.812611E-10	1.860618E-10	1.392193E-10	1.351330E-10	2.046156E-10	1.995688E-10	1.303114E-10	1.593876E-10	1.478426E-10	1.987846E-10	2.104927E-10	2.135972E-10	2.119101E-10	-1.435060E-11	2.447187E-10	1.887585E-10	1.475908E-10	1.459527E-10	-1.295337E-11	2.070875E-10	1.709383E-10	1.827624E-10	1.805228E-10	1.096609E-10	1.425216E-10	1.067058E-10	1.296448E-10	1.906985E-10
   0:04:27	0	2.693800E+1	2.600000E+2	5.831200E-9	5.361587E-9	1.506585E-10	1.419321E-10	2.060074E-10	1.450520E-10	1.944384E-10	1.971242E-10	1.522316E-10	1.447083E-10	2.186241E-10	2.122706E-10	1.368871E-10	1.699967E-10	1.546834E-10	2.127946E-10	2.251885E-10	2.296718E-10	2.255934E-10	-1.523093E-11	2.607814E-10	2.020486E-10	1.544680E-10	1.522524E-10	-1.251049E-11	2.187950E-10	1.812785E-10	1.941297E-10	1.916361E-10	1.147895E-10	1.495944E-10	1.137390E-10	1.354154E-10	2.025375E-10
   0:04:42	0	2.693600E+1	2.800000E+2	6.157700E-9	5.709103E-9	1.555775E-10	1.489945E-10	2.270570E-10	1.541026E-10	2.124955E-10	2.166105E-10	1.625275E-10	1.537129E-10	2.298437E-10	2.251630E-10	1.441576E-10	1.809846E-10	1.622851E-10	2.270567E-10	2.379844E-10	2.481522E-10	2.396578E-10	-1.397303E-11	2.803085E-10	2.146499E-10	1.626084E-10	1.619531E-10	-1.263717E-11	2.332093E-10	1.921871E-10	2.065647E-10	2.030644E-10	1.211215E-10	1.550882E-10	1.195687E-10	1.431921E-10	2.158338E-10
   0:04:56	0	2.693500E+1	3.000000E+2	6.721100E-9	6.254181E-9	1.684421E-10	1.604703E-10	2.620763E-10	1.660006E-10	2.384710E-10	2.440175E-10	1.776249E-10	1.650641E-10	2.636936E-10	2.604881E-10	1.561712E-10	2.003714E-10	1.762197E-10	2.578523E-10	2.604081E-10	2.860621E-10	2.549253E-10	-1.315430E-11	3.072679E-10	2.376565E-10	1.738398E-10	1.703302E-10	-1.175240E-11	2.479376E-10	2.013926E-10	2.197543E-10	2.168929E-10	1.287818E-10	1.667067E-10	1.273621E-10	1.525382E-10	2.302685E-10
   0:05:10	0	2.693300E+1	3.200000E+2	7.329400E-9	6.898694E-9	1.779018E-10	1.700540E-10	2.887512E-10	1.791005E-10	2.562110E-10	2.614288E-10	1.978379E-10	1.804096E-10	2.827726E-10	2.790051E-10	1.673624E-10	2.195689E-10	1.878754E-10	2.779832E-10	2.777639E-10	3.149212E-10	2.751343E-10	-1.409822E-11	3.484006E-10	2.713217E-10	1.886055E-10	1.860790E-10	-1.099431E-11	2.666327E-10	2.320370E-10	2.622103E-10	2.581872E-10	1.434709E-10	1.897554E-10	1.411754E-10	1.711035E-10	2.707260E-10
   0:05:24	0	2.693100E+1	3.400000E+2	8.048800E-9	7.537197E-9	1.909556E-10	1.824755E-10	3.238343E-10	1.961248E-10	2.767375E-10	2.846869E-10	2.240519E-10	1.991167E-10	3.055930E-10	3.026399E-10	1.822207E-10	2.450808E-10	2.022539E-10	2.995656E-10	3.064586E-10	3.499827E-10	2.956594E-10	-1.283933E-11	3.805259E-10	2.953941E-10	2.017932E-10	2.020157E-10	-1.213144E-11	2.842566E-10	2.538532E-10	2.912882E-10	2.869168E-10	1.561338E-10	2.067420E-10	1.534682E-10	1.852786E-10	2.970637E-10
   0:05:39	0	2.692800E+1	3.600000E+2	8.934100E-9	8.433905E-9	2.116402E-10	2.010764E-10	3.758568E-10	2.221987E-10	3.087320E-10	3.174991E-10	2.660584E-10	2.285402E-10	3.377298E-10	3.355637E-10	2.027066E-10	2.822126E-10	2.228403E-10	3.318765E-10	3.433882E-10	4.008660E-10	3.196698E-10	-1.378424E-11	4.247452E-10	3.274284E-10	2.227419E-10	2.191498E-10	-1.295337E-11	3.096868E-10	2.825427E-10	3.247009E-10	3.201929E-10	1.744321E-10	2.328850E-10	1.743156E-10	2.075442E-10	3.318221E-10
   0:05:52	0	2.692600E+1	3.620000E+2	8.938900E-9	8.526649E-9	2.135955E-10	2.039770E-10	3.816726E-10	2.243507E-10	3.095562E-10	3.226533E-10	2.713007E-10	2.317737E-10	3.398852E-10	3.401139E-10	2.055513E-10	2.865073E-10	2.242343E-10	3.355994E-10	3.456692E-10	4.084612E-10	3.214440E-10	-1.435060E-11	4.266982E-10	3.306883E-10	2.252661E-10	2.205350E-10	-1.175240E-11	3.114486E-10	2.858852E-10	3.300390E-10	3.241701E-10	1.773448E-10	2.335798E-10	1.749488E-10	2.098651E-10	3.359380E-10
   0:06:06	0	2.692400E+1	3.640000E+2	9.050500E-9	8.648048E-9	2.146050E-10	2.059310E-10	3.881839E-10	2.281472E-10	3.155752E-10	3.278074E-10	2.781224E-10	2.365939E-10	3.438149E-10	3.448536E-10	2.074477E-10	2.925056E-10	2.276542E-10	3.395116E-10	3.496602E-10	4.176380E-10	3.244843E-10	-1.384684E-11	4.333757E-10	3.355159E-10	2.284208E-10	2.232438E-10	-1.307905E-11	3.134001E-10	2.894159E-10	3.331790E-10	3.281483E-10	1.809540E-10	2.376211E-10	1.782438E-10	2.111196E-10	3.398001E-10
   0:06:20	0	2.692200E+1	3.660000E+2	9.174400E-9	8.756213E-9	2.155508E-10	2.073185E-10	3.980451E-10	2.313752E-10	3.196299E-10	3.320198E-10	2.819755E-10	2.412228E-10	3.490765E-10	3.480131E-10	2.103563E-10	2.975580E-10	2.306951E-10	3.448764E-10	3.534601E-10	4.223847E-10	3.271455E-10	-1.516833E-11	4.376586E-10	3.394646E-10	2.305037E-10	2.268347E-10	-1.282669E-11	3.149741E-10	2.925056E-10	3.399627E-10	3.313052E-10	1.831060E-10	2.391364E-10	1.795112E-10	2.152595E-10	3.432823E-10
   0:06:34	0	2.691900E+1	3.680000E+2	9.302700E-9	8.881170E-9	2.206590E-10	2.115430E-10	4.055034E-10	2.356782E-10	3.238116E-10	3.372990E-10	2.877872E-10	2.436955E-10	3.526899E-10	3.520575E-10	2.127588E-10	3.057037E-10	2.341160E-10	3.480942E-10	3.579581E-10	4.294723E-10	3.287927E-10	-1.485336E-11	4.437682E-10	3.434767E-10	2.336585E-10	2.296689E-10	-1.143619E-11	3.174285E-10	2.962254E-10	3.436678E-10	3.340843E-10	1.858917E-10	2.427361E-10	1.835664E-10	2.182695E-10	3.473972E-10
   0:06:47	0	2.691600E+1	3.700000E+2	9.428000E-9	9.011325E-9	2.235600E-10	2.138762E-10	4.132152E-10	2.401081E-10	3.278023E-10	3.412594E-10	2.946727E-10	2.475006E-10	3.575702E-10	3.600834E-10	2.152881E-10	3.100612E-10	2.355729E-10	3.524487E-10	3.628350E-10	4.373832E-10	3.316430E-10	-1.504214E-11	4.500678E-10	3.483666E-10	2.358669E-10	2.335113E-10	-1.124667E-11	3.208905E-10	2.982431E-10	3.488175E-10	3.400192E-10	1.899448E-10	2.464614E-10	1.864813E-10	2.208410E-10	3.532223E-10
   0:07:01	0	2.691400E+1	3.720000E+2	9.593000E-9	9.142540E-9	2.265238E-10	2.156410E-10	4.211165E-10	2.432093E-10	3.334413E-10	3.469801E-10	3.021895E-10	2.525740E-10	3.609935E-10	3.622323E-10	2.185131E-10	3.149241E-10	2.394368E-10	3.572446E-10	3.682829E-10	4.466239E-10	3.360774E-10	-1.409822E-11	4.559885E-10	3.535078E-10	2.390216E-10	2.360312E-10	-1.377430E-11	3.232197E-10	3.049272E-10	3.537164E-10	3.452603E-10	1.907674E-10	2.503761E-10	1.892692E-10	2.245422E-10	3.577810E-10
   0:07:15	0	2.691200E+1	3.740000E+2	9.450000E-9	9.293116E-9	2.278479E-10	2.199292E-10	4.318629E-10	2.480188E-10	3.383831E-10	3.511280E-10	3.100224E-10	2.579638E-10	3.677121E-10	3.675407E-10	2.227492E-10	3.222494E-10	2.429207E-10	3.617884E-10	3.743009E-10	4.553571E-10	3.396888E-10	-1.384684E-11	4.624770E-10	3.578960E-10	2.412938E-10	2.396848E-10	-1.251049E-11	3.273742E-10	3.084579E-10	3.579242E-10	3.517634E-10	1.950723E-10	2.534704E-10	1.923741E-10	2.288067E-10	3.634151E-10
   0:07:29	0	2.690900E+1	3.760000E+2	9.825000E-9	9.438389E-9	2.321995E-10	2.227033E-10	4.394480E-10	2.510570E-10	3.422478E-10	3.595519E-10	3.179182E-10	2.628460E-10	3.711984E-10	3.726596E-10	2.267328E-10	3.282488E-10	2.469106E-10	3.674052E-10	3.804448E-10	4.632050E-10	3.436802E-10	-1.416181E-11	4.682724E-10	3.639764E-10	2.461519E-10	2.419531E-10	-1.257433E-11	3.319054E-10	3.127451E-10	3.636401E-10	3.563098E-10	1.966556E-10	2.577649E-10	1.954161E-10	2.321307E-10	3.697469E-10
   0:07:42	0	2.690700E+1	3.780000E+2	9.959000E-9	9.609908E-9	2.340910E-10	2.247837E-10	4.507003E-10	2.576389E-10	3.489630E-10	3.644539E-10	3.255606E-10	2.687434E-10	3.773476E-10	3.791681E-10	2.299568E-10	3.355102E-10	2.502685E-10	3.739684E-10	3.896937E-10	4.748496E-10	3.477346E-10	-1.365806E-11	4.759572E-10	3.701826E-10	2.503795E-10	2.469292E-10	-1.282669E-11	3.346122E-10	3.193665E-10	3.709254E-10	3.617404E-10	2.015313E-10	2.630054E-10	1.971266E-10	2.368983E-10	3.743056E-10
   0:07:56	0	2.690400E+1	3.800000E+2	1.014000E-8	9.780420E-9	2.380643E-10	2.300175E-10	4.618887E-10	2.619420E-10	3.539688E-10	3.711799E-10	3.337724E-10	2.740070E-10	3.836859E-10	3.846660E-10	2.340672E-10	3.446040E-10	2.576163E-10	3.795842E-10	3.933677E-10	4.852922E-10	3.525490E-10	-1.390944E-11	4.855940E-10	3.746964E-10	2.530930E-10	2.506454E-10	-1.225812E-11	3.389556E-10	3.239693E-10	3.768287E-10	3.680541E-10	2.021010E-10	2.676150E-10	2.035896E-10	2.405361E-10	3.806364E-10
   0:08:10	0	2.690200E+1	3.820000E+2	1.006500E-8	9.957307E-9	2.426050E-10	2.338010E-10	4.735192E-10	2.681442E-10	3.608740E-10	3.769007E-10	3.435638E-10	2.793968E-10	3.914191E-10	3.916804E-10	2.398205E-10	3.532552E-10	2.578693E-10	3.859581E-10	3.995746E-10	4.946588E-10	3.574905E-10	-1.397303E-11	4.925867E-10	3.810283E-10	2.572578E-10	2.546768E-10	-1.194192E-11	3.431727E-10	3.286984E-10	3.817900E-10	3.744944E-10	2.085589E-10	2.724777E-10	2.054901E-10	2.454908E-10	3.869682E-10
   0:08:24	0	2.689900E+1	3.840000E+2	1.040000E-8	1.015093E-8	2.460098E-10	2.369534E-10	4.854661E-10	2.730177E-10	3.669560E-10	3.838777E-10	3.525335E-10	2.873874E-10	3.990263E-10	3.992005E-10	2.412119E-10	3.603911E-10	2.620501E-10	3.923320E-10	4.088865E-10	5.075063E-10	3.615449E-10	-1.409822E-11	5.014677E-10	3.883003E-10	2.614226E-10	2.595276E-10	-1.181524E-11	3.460683E-10	3.359489E-10	3.913369E-10	3.816294E-10	2.147000E-10	2.777820E-10	2.110028E-10	2.498812E-10	3.934259E-10
   0:08:37	0	2.689600E+1	3.860000E+2	1.081700E-8	1.035104E-8	2.516855E-10	2.409887E-10	4.986144E-10	2.813081E-10	3.722780E-10	3.931807E-10	3.655458E-10	2.933478E-10	4.051745E-10	4.053309E-10	2.466487E-10	3.690422E-10	2.675610E-10	3.988314E-10	4.168674E-10	5.192787E-10	3.659164E-10	-1.397303E-11	5.097830E-10	3.960740E-10	2.671643E-10	2.616696E-10	-1.333242E-11	3.526147E-10	3.418128E-10	3.967375E-10	3.885751E-10	2.178025E-10	2.832130E-10	2.155652E-10	2.552755E-10	4.004534E-10
   0:08:51	0	2.689300E+1	3.880000E+2	1.088200E-8	1.057277E-8	2.560371E-10	2.459697E-10	5.116360E-10	2.871307E-10	3.781070E-10	4.003463E-10	3.778002E-10	3.033034E-10	4.108163E-10	4.127244E-10	2.511384E-10	3.804090E-10	2.714249E-10	4.058369E-10	4.264333E-10	5.329484E-10	3.728211E-10	-1.271413E-11	5.214991E-10	4.014023E-10	2.722127E-10	2.684089E-10	-1.263717E-11	3.581534E-10	3.477404E-10	4.050282E-10	3.959634E-10	2.220445E-10	2.885801E-10	2.220282E-10	2.608570E-10	4.093169E-10
   0:09:05	0	2.689100E+1	3.900000E+2	1.122300E-8	1.079986E-8	2.599466E-10	2.510770E-10	5.253531E-10	2.933959E-10	3.876736E-10	4.082035E-10	3.901175E-10	3.107234E-10	4.188667E-10	4.220771E-10	2.562598E-10	3.912713E-10	2.767457E-10	4.127149E-10	4.344142E-10	5.479479E-10	3.774465E-10	-1.290292E-11	5.320189E-10	4.099282E-10	2.779544E-10	2.740155E-10	-1.314289E-11	3.638820E-10	3.545500E-10	4.134438E-10	4.050552E-10	2.275529E-10	2.945793E-10	2.263376E-10	2.651850E-10	4.171679E-10
   0:09:19	0	2.688800E+1	3.920000E+2	1.130400E-8	1.104135E-8	2.643619E-10	2.553015E-10	5.425469E-10	3.011797E-10	3.945158E-10	4.168784E-10	4.033192E-10	3.189032E-10	4.249519E-10	4.299764E-10	2.614442E-10	4.033329E-10	2.820025E-10	4.253362E-10	4.462591E-10	5.613020E-10	3.840342E-10	-1.541971E-11	5.429793E-10	4.172626E-10	2.830028E-10	2.793069E-10	-1.206860E-11	3.692945E-10	3.616751E-10	4.224246E-10	4.130744E-10	2.333152E-10	2.994411E-10	2.332437E-10	2.725864E-10	4.255887E-10
   0:09:32	0	2.688500E+1	3.940000E+2	1.155500E-8	1.130842E-8	2.727485E-10	2.616073E-10	5.597407E-10	3.102933E-10	4.019921E-10	4.255533E-10	4.170266E-10	3.283523E-10	4.341431E-10	4.377499E-10	2.689053E-10	4.181728E-10	2.880834E-10	4.296908E-10	4.570280E-10	5.792119E-10	3.915099E-10	-1.416181E-11	5.553885E-10	4.267920E-10	2.895016E-10	2.854177E-10	-1.371146E-11	3.752119E-10	3.701877E-10	4.315947E-10	4.192625E-10	2.393303E-10	3.094187E-10	2.376800E-10	2.794224E-10	4.352758E-10
   0:09:46	0	2.688300E+1	3.960000E+2	1.191100E-8	1.160156E-8	2.771000E-10	2.675339E-10	5.772499E-10	3.178243E-10	4.136501E-10	4.385022E-10	4.324391E-10	3.388786E-10	4.439677E-10	4.500098E-10	2.753543E-10	4.290341E-10	2.953681E-10	4.394090E-10	4.679869E-10	5.964264E-10	3.972755E-10	-1.403562E-11	5.679866E-10	4.375120E-10	2.956228E-10	2.910233E-10	-1.131051E-11	3.813797E-10	3.785730E-10	4.430879E-10	4.331538E-10	2.466748E-10	3.167437E-10	2.446492E-10	2.864476E-10	4.460383E-10
   0:10:00	0	2.688000E+1	3.980000E+2	1.234800E-8	1.189228E-8	2.843526E-10	2.732086E-10	5.979204E-10	3.286463E-10	4.218855E-10	4.469250E-10	4.488628E-10	3.517514E-10	4.541106E-10	4.587939E-10	2.828154E-10	4.431793E-10	3.023989E-10	4.507681E-10	4.813527E-10	6.160458E-10	4.042442E-10	-1.497955E-11	5.820326E-10	4.452224E-10	3.020588E-10	2.978898E-10	-1.598573E-11	3.886812E-10	3.874639E-10	4.523205E-10	4.433830E-10	2.525630E-10	3.236261E-10	2.513662E-10	2.942876E-10	4.550927E-10
   0:10:14	0	2.687800E+1	4.000000E+2	1.255500E-8	1.223416E-8	2.904693E-10	2.803336E-10	6.211195E-10	3.392785E-10	4.325293E-10	4.612572E-10	4.684435E-10	3.612636E-10	4.645057E-10	4.708004E-10	2.883790E-10	4.598505E-10	3.109507E-10	4.595399E-10	4.938306E-10	6.374366E-10	4.129861E-10	-1.441319E-11	5.977811E-10	4.578228E-10	3.076112E-10	3.049443E-10	-1.187908E-11	3.978717E-10	3.971741E-10	4.642529E-10	4.543059E-10	2.604133E-10	3.345508E-10	2.593497E-10	3.025673E-10	4.688318E-10
   0:10:27	0	2.687500E+1	4.020000E+2	1.275500E-8	1.258963E-8	2.982267E-10	2.878369E-10	6.429266E-10	3.458604E-10	4.436802E-10	4.733258E-10	4.875835E-10	3.752136E-10	4.757253E-10	4.819858E-10	2.969780E-10	4.775327E-10	3.189954E-10	4.717199E-10	5.094134E-10	6.585756E-10	4.214119E-10	-1.334308E-11	6.149137E-10	4.691078E-10	3.185278E-10	3.149602E-10	-1.251049E-11	4.054883E-10	4.077671E-10	4.790754E-10	4.668715E-10	2.685185E-10	3.419387E-10	2.678413E-10	3.109083E-10	4.825698E-10
   0:10:41	0	2.687200E+1	4.040000E+2	1.322600E-8	1.298251E-8	3.056685E-10	2.948992E-10	6.682114E-10	3.614280E-10	4.539440E-10	4.867143E-10	5.113973E-10	3.892286E-10	4.883398E-10	4.953830E-10	3.051338E-10	4.964141E-10	3.265962E-10	4.838361E-10	5.264532E-10	6.848400E-10	4.315479E-10	-1.523093E-11	6.334336E-10	4.820219E-10	3.292542E-10	3.245356E-10	-1.112099E-11	4.149928E-10	4.202514E-10	4.912587E-10	4.794999E-10	2.783318E-10	3.517897E-10	2.780424E-10	3.216970E-10	4.937132E-10
   0:10:55	0	2.687000E+1	4.060000E+2	1.372000E-8	1.342444E-8	3.160730E-10	3.046093E-10	6.972892E-10	3.760475E-10	4.669322E-10	5.009829E-10	5.368535E-10	4.060327E-10	5.006371E-10	5.099813E-10	3.162621E-10	5.200947E-10	3.398348E-10	4.959523E-10	5.453300E-10	7.115470E-10	4.421910E-10	-1.397303E-11	6.529607E-10	4.971300E-10	3.382144E-10	3.337321E-10	-1.219528E-11	4.266367E-10	4.331777E-10	5.069606E-10	4.933912E-10	2.881451E-10	3.652405E-10	2.864070E-10	3.328610E-10	5.090984E-10
   0:11:09	0	2.686700E+1	4.080000E+2	1.423000E-8	1.387119E-8	3.248389E-10	3.134364E-10	7.272521E-10	3.850972E-10	4.807436E-10	5.174525E-10	5.649622E-10	4.216955E-10	5.152160E-10	5.245158E-10	3.282119E-10	5.399870E-10	3.469926E-10	5.100251E-10	5.652828E-10	7.404701E-10	4.542282E-10	-1.372065E-11	6.724243E-10	5.102944E-10	3.483739E-10	3.452595E-10	-1.187908E-11	4.378415E-10	4.471760E-10	5.200233E-10	5.099969E-10	3.006182E-10	3.778061E-10	2.979386E-10	3.446528E-10	5.239769E-10
   0:11:22	0	2.686500E+1	4.100000E+2	1.470200E-8	1.439699E-8	3.361275E-10	3.248496E-10	7.602487E-10	3.995268E-10	4.951251E-10	5.349899E-10	5.961672E-10	4.441436E-10	5.322035E-10	5.401885E-10	3.390866E-10	5.679622E-10	3.587742E-10	5.256759E-10	5.887835E-10	7.728100E-10	4.663274E-10	-1.397303E-11	6.984400E-10	5.268445E-10	3.616882E-10	3.570396E-10	-1.238480E-11	4.488564E-10	4.638221E-10	5.393045E-10	5.260353E-10	3.124586E-10	3.934669E-10	3.103584E-10	3.595180E-10	5.425275E-10
   0:11:36	0	2.686200E+1	4.110000E+2	1.487400E-8	1.468073E-8	3.415513E-10	3.314072E-10	7.808553E-10	4.138296E-10	5.027274E-10	5.464304E-10	6.136010E-10	4.532123E-10	5.393033E-10	5.494146E-10	3.445874E-10	5.821073E-10	3.644751E-10	5.348264E-10	6.009464E-10	7.917330E-10	4.729800E-10	-1.340568E-11	7.111008E-10	5.359345E-10	3.671141E-10	3.621420E-10	-1.143619E-11	4.568505E-10	4.690550E-10	5.497933E-10	5.365166E-10	3.182198E-10	3.980136E-10	3.186589E-10	3.669184E-10	5.512651E-10
   0:11:50	0	2.685900E+1	4.120000E+2	1.521400E-8	1.496254E-8	3.479209E-10	3.375229E-10	7.991238E-10	4.245247E-10	5.090635E-10	5.533449E-10	6.284452E-10	4.642461E-10	5.484315E-10	5.600314E-10	3.512899E-10	5.956214E-10	3.713799E-10	5.420829E-10	6.127913E-10	8.110996E-10	4.802017E-10	-1.428701E-11	7.240768E-10	5.452125E-10	3.749387E-10	3.707717E-10	-1.301621E-11	4.638371E-10	4.781350E-10	5.585233E-10	5.459882E-10	3.260711E-10	4.074849E-10	3.230313E-10	3.728771E-10	5.617747E-10
   0:12:04	0	2.685600E+1	4.130000E+2	1.545100E-8	1.526632E-8	3.542895E-10	3.417474E-10	8.177706E-10	4.337652E-10	5.182500E-10	5.649739E-10	6.465112E-10	4.755963E-10	5.578759E-10	5.676143E-10	3.567278E-10	6.122289E-10	3.799946E-10	5.502869E-10	6.273601E-10	8.311616E-10	4.893876E-10	-1.479076E-11	7.377459E-10	5.532367E-10	3.819425E-10	3.777635E-10	-1.301621E-11	4.712648E-10	4.868995E-10	5.701423E-10	5.543862E-10	3.327829E-10	4.167678E-10	3.322821E-10	3.819717E-10	5.713979E-10
   0:12:17	0	2.685300E+1	4.140000E+2	1.588000E-8	1.561723E-8	3.599651E-10	3.507637E-10	8.428029E-10	4.452196E-10	5.280697E-10	5.755968E-10	6.688083E-10	4.905624E-10	5.658633E-10	5.794951E-10	3.655164E-10	6.309847E-10	3.858214E-10	5.641704E-10	6.414229E-10	8.541350E-10	4.979405E-10	-1.472817E-11	7.532418E-10	5.638943E-10	3.905880E-10	3.843775E-10	-1.213144E-11	4.786290E-10	4.963578E-10	5.809445E-10	5.662570E-10	3.424693E-10	4.244088E-10	3.412799E-10	3.902513E-10	5.842504E-10
   0:12:31	0	2.685000E+1	4.150000E+2	1.643200E-8	1.595169E-8	3.674696E-10	3.562493E-10	8.644214E-10	4.547758E-10	5.387136E-10	5.865342E-10	6.902857E-10	5.026744E-10	5.762584E-10	5.898595E-10	3.723447E-10	6.496139E-10	3.934862E-10	5.702285E-10	6.580188E-10	8.764130E-10	5.048452E-10	-1.479076E-11	7.681698E-10	5.750527E-10	3.977810E-10	3.931335E-10	-1.225812E-11	4.865605E-10	5.082748E-10	5.920609E-10	5.764862E-10	3.501937E-10	4.333118E-10	3.500246E-10	3.993459E-10	5.961533E-10
   0:12:45	0	2.684800E+1	4.160000E+2	1.675700E-8	1.632253E-8	3.753534E-10	3.653293E-10	8.917918E-10	4.661043E-10	5.479001E-10	5.986653E-10	7.149202E-10	5.164982E-10	5.862741E-10	6.029404E-10	3.806902E-10	6.648955E-10	4.013410E-10	5.809570E-10	6.741086E-10	8.993224E-10	5.142211E-10	-1.554590E-11	7.847366E-10	5.863368E-10	4.066147E-10	4.024562E-10	-1.181524E-11	4.970090E-10	5.174802E-10	6.040567E-10	5.895562E-10	3.601979E-10	4.445525E-10	3.584522E-10	4.085652E-10	6.085631E-10
   0:12:59	0	2.684500E+1	4.170000E+2	1.711200E-8	1.670793E-8	3.839929E-10	3.720133E-10	9.146746E-10	4.796478E-10	5.581639E-10	6.118662E-10	7.375972E-10	5.336196E-10	5.975568E-10	6.128618E-10	3.887841E-10	6.882610E-10	4.092587E-10	5.916844E-10	6.910844E-10	9.240052E-10	5.219499E-10	-1.428701E-11	8.033191E-10	5.986244E-10	4.162692E-10	4.114648E-10	-1.655430E-11	5.060098E-10	5.306584E-10	6.166802E-10	6.038263E-10	3.697584E-10	4.562349E-10	3.661195E-10	4.207332E-10	6.220482E-10
   0:13:12	0	2.684200E+1	4.180000E+2	1.752700E-8	1.715853E-8	3.921275E-10	3.810923E-10	9.457751E-10	4.953423E-10	5.694418E-10	6.272661E-10	7.658326E-10	5.472532E-10	6.105516E-10	6.269544E-10	3.992795E-10	7.111839E-10	4.200274E-10	6.058210E-10	7.102782E-10	9.531810E-10	5.340501E-10	-1.516833E-11	8.249246E-10	6.126043E-10	4.257344E-10	4.223618E-10	-1.251049E-11	5.177809E-10	5.425753E-10	6.306233E-10	6.171495E-10	3.794458E-10	4.679800E-10	3.813902E-10	4.327755E-10	6.354075E-10
   0:13:26	0	2.683900E+1	4.190000E+2	1.795000E-8	1.759179E-8	4.010826E-10	3.898567E-10	9.751683E-10	5.074301E-10	5.814159E-10	6.403410E-10	7.952047E-10	5.656429E-10	6.224046E-10	6.378245E-10	4.080682E-10	7.338546E-10	4.313021E-10	6.153500E-10	7.295350E-10	9.803946E-10	5.457072E-10	-1.466457E-11	8.441366E-10	6.247662E-10	4.374081E-10	4.325666E-10	-1.200576E-11	5.284182E-10	5.565109E-10	6.461983E-10	6.297779E-10	3.922347E-10	4.809882E-10	3.895637E-10	4.436890E-10	6.516153E-10
   0:13:40	0	2.683600E+1	4.200000E+2	1.837300E-8	1.807297E-8	4.101013E-10	3.977383E-10	1.005636E-9	5.242006E-10	5.911086E-10	6.564325E-10	8.236934E-10	5.849206E-10	6.350822E-10	6.522323E-10	4.185636E-10	7.589876E-10	4.411838E-10	6.316942E-10	7.519587E-10	1.014950E-9	5.574904E-10	-1.636463E-11	8.659946E-10	6.389341E-10	4.490808E-10	4.445356E-10	-1.251049E-11	5.402519E-10	5.712648E-10	6.618993E-10	6.460685E-10	4.042020E-10	4.930493E-10	4.048344E-10	4.571115E-10	6.686467E-10
   0:13:54	0	2.683300E+1	4.210000E+2	1.876300E-8	1.863686E-8	4.244791E-10	4.107272E-10	1.042173E-9	5.418583E-10	6.065682E-10	6.747250E-10	8.583715E-10	6.082567E-10	6.492178E-10	6.685366E-10	4.322841E-10	7.898668E-10	4.555623E-10	6.454512E-10	7.796394E-10	1.051024E-9	5.716178E-10	-1.365806E-11	8.938997E-10	6.537909E-10	4.616380E-10	4.580151E-10	-1.232096E-11	5.552952E-10	5.874699E-10	6.788575E-10	6.642531E-10	4.151548E-10	5.082675E-10	4.170001E-10	4.736074E-10	6.852343E-10
   0:14:07	0	2.683000E+1	4.220000E+2	1.954800E-8	1.919588E-8	4.344436E-10	4.200590E-10	1.081617E-9	5.592612E-10	6.207596E-10	6.899989E-10	8.948187E-10	6.296266E-10	6.641139E-10	6.849047E-10	4.439174E-10	8.195478E-10	4.656340E-10	6.601556E-10	8.055471E-10	1.087099E-9	5.872654E-10	-1.504214E-11	9.197891E-10	6.710307E-10	4.765929E-10	4.715593E-10	-1.358478E-11	5.697731E-10	6.060072E-10	6.953745E-10	6.811747E-10	4.325036E-10	5.262641E-10	4.322718E-10	4.887855E-10	7.046085E-10
   0:14:21	0	2.682800E+1	4.230000E+2	2.011900E-8	1.981785E-8	4.473082E-10	4.317240E-10	1.122388E-9	5.785005E-10	6.381826E-10	7.094851E-10	9.362558E-10	6.546114E-10	6.852222E-10	7.010184E-10	4.544129E-10	8.516901E-10	4.772257E-10	6.763733E-10	8.334828E-10	1.131400E-9	6.020888E-10	-1.397303E-11	9.510324E-10	6.889604E-10	4.894649E-10	4.860471E-10	-1.175240E-11	5.811030E-10	6.234736E-10	7.184867E-10	7.027065E-10	4.492816E-10	5.416717E-10	4.498232E-10	5.049676E-10	7.251851E-10
   0:14:35	0	2.682500E+1	4.240000E+2	2.065700E-8	2.049739E-8	4.584704E-10	4.470461E-10	1.166384E-9	5.997019E-10	6.502197E-10	7.306058E-10	9.809787E-10	6.813080E-10	6.972023E-10	7.218728E-10	4.712316E-10	8.893273E-10	4.929352E-10	6.944848E-10	8.624945E-10	1.174625E-9	6.172304E-10	-1.535712E-11	9.811411E-10	7.082686E-10	5.087102E-10	5.024881E-10	-1.276385E-11	6.021889E-10	6.447851E-10	7.404053E-10	7.231010E-10	4.684025E-10	5.635839E-10	4.691492E-10	5.283630E-10	7.488011E-10
   0:14:49	0	2.682300E+1	4.250000E+2	2.136800E-8	2.128645E-8	4.761286E-10	4.599722E-10	1.220493E-9	6.260285E-10	6.713173E-10	7.548691E-10	1.026711E-9	7.138389E-10	7.198316E-10	7.418424E-10	4.877338E-10	9.332152E-10	5.120646E-10	7.120285E-10	9.047450E-10	1.229433E-9	6.371223E-10	-1.422441E-11	1.018621E-9	7.305240E-10	5.269463E-10	5.229604E-10	-1.320573E-11	6.211979E-10	6.667914E-10	7.665326E-10	7.474108E-10	4.886639E-10	5.827807E-10	4.889823E-10	5.482452E-10	7.768479E-10
   0:15:02	0	2.682000E+1	4.260000E+2	2.236900E-8	2.211590E-8	4.922725E-10	4.772483E-10	1.269229E-9	6.536221E-10	6.869030E-10	7.775616E-10	1.083624E-9	7.461797E-10	7.408769E-10	7.685110E-10	5.033508E-10	9.777351E-10	5.272032E-10	7.339895E-10	9.381267E-10	1.283924E-9	6.603726E-10	-1.384684E-11	1.059187E-9	7.540947E-10	5.452453E-10	5.422991E-10	-1.124667E-11	6.443616E-10	6.926430E-10	7.922822E-10	7.738678E-10	5.111402E-10	6.106282E-10	5.140750E-10	5.742120E-10	8.062251E-10
   0:15:16	0	2.681700E+1	4.270000E+2	2.327800E-8	2.303318E-8	5.070296E-10	4.934533E-10	1.331872E-9	6.830499E-10	7.102810E-10	8.051561E-10	1.142180E-9	7.835928E-10	7.612877E-10	7.922087E-10	5.244056E-10	1.024718E-9	5.481066E-10	7.578434E-10	9.820242E-10	1.348604E-9	6.845090E-10	-1.453938E-11	1.102273E-9	7.804869E-10	5.720621E-10	5.645356E-10	-1.251049E-11	6.689104E-10	7.216480E-10	8.212352E-10	8.012707E-10	5.372888E-10	6.362020E-10	5.392307E-10	6.001788E-10	8.345897E-10
   0:15:30	0	2.681400E+1	4.280000E+2	2.432000E-8	2.406290E-8	5.282180E-10	5.141973E-10	1.398118E-9	7.127944E-10	7.331530E-10	8.333798E-10	1.209768E-9	8.223384E-10	7.884811E-10	8.173600E-10	5.462828E-10	1.085657E-9	5.688199E-10	7.815089E-10	1.032193E-9	1.414297E-9	7.078854E-10	-1.365806E-11	1.149579E-9	8.103904E-10	5.982494E-10	5.906772E-10	-1.181524E-11	6.959762E-10	7.548775E-10	8.551506E-10	8.341052E-10	5.654644E-10	6.666394E-10	5.706594E-10	6.317905E-10	8.703616E-10
   0:15:44	0	2.681200E+1	4.290000E+2	2.556900E-8	2.529881E-8	5.522458E-10	5.351314E-10	1.481115E-9	7.505135E-10	7.572911E-10	8.677638E-10	1.286895E-9	8.700245E-10	8.206819E-10	8.502219E-10	5.713202E-10	1.151458E-9	5.927002E-10	8.128723E-10	1.088759E-9	1.498913E-9	7.386744E-10	-1.485336E-11	1.213388E-9	8.439923E-10	6.284103E-10	6.204087E-10	-1.238480E-11	7.289594E-10	7.935916E-10	8.954708E-10	8.737577E-10	6.023139E-10	7.051585E-10	6.051290E-10	6.724333E-10	9.164533E-10
   0:15:57	0	2.680900E+1	4.300000E+2	2.699400E-8	2.664064E-8	5.769037E-10	5.595325E-10	1.569043E-9	7.937376E-10	7.875123E-10	9.100676E-10	1.371917E-9	9.265892E-10	8.506642E-10	8.810606E-10	5.981283E-10	1.221301E-9	6.231683E-10	8.413338E-10	1.152863E-9	1.589985E-9	7.747850E-10	-1.435060E-11	1.276190E-9	8.780326E-10	6.600235E-10	6.571340E-10	-1.655430E-11	7.629491E-10	8.380442E-10	9.395597E-10	9.178311E-10	6.428986E-10	7.466463E-10	6.456194E-10	7.137663E-10	9.642541E-10
   0:16:11	0	2.680700E+1	4.310000E+2	2.858100E-8	2.820261E-8	6.097590E-10	5.873388E-10	1.665568E-9	8.401897E-10	8.171624E-10	9.490402E-10	1.475952E-9	9.882904E-10	8.830552E-10	9.199253E-10	6.300578E-10	1.307563E-9	6.559793E-10	8.785660E-10	1.224253E-9	1.695929E-9	8.134919E-10	-1.422441E-11	1.351148E-9	9.199723E-10	6.958015E-10	6.975119E-10	-1.219528E-11	8.082688E-10	8.929645E-10	9.884850E-10	9.723858E-10	6.866488E-10	7.917956E-10	6.949796E-10	7.644454E-10	1.022502E-9
   0:16:25	0	2.680400E+1	4.320000E+2	3.045200E-8	3.017851E-8	6.434984E-10	6.194333E-10	1.790601E-9	8.965146E-10	8.541617E-10	9.961835E-10	1.598117E-9	1.064765E-9	9.277435E-10	9.689647E-10	6.703338E-10	1.410748E-9	6.956321E-10	9.207844E-10	1.315279E-9	1.830226E-9	8.680373E-10	-1.359447E-11	1.450989E-9	9.780850E-10	7.493724E-10	7.451333E-10	-1.181524E-11	8.617714E-10	9.551980E-10	1.057507E-9	1.035275E-9	7.515460E-10	8.570258E-10	7.584081E-10	8.298638E-10	1.102719E-9
   0:16:39	0	2.680100E+1	4.330000E+2	3.263000E-8	3.236938E-8	6.829125E-10	6.534817E-10	1.922523E-9	9.611299E-10	8.947097E-10	1.053070E-9	1.732536E-9	1.149803E-9	9.767426E-10	1.018382E-9	7.092184E-10	1.536603E-9	7.342080E-10	9.672936E-10	1.414601E-9	1.974080E-9	9.195424E-10	-1.472817E-11	1.565883E-9	1.039333E-9	8.055313E-10	8.052277E-10	-1.345810E-11	9.239608E-10	1.038050E-9	1.134757E-9	1.113571E-9	8.233449E-10	9.297076E-10	8.341283E-10	9.008014E-10	1.182430E-9
   0:16:52	0	2.679800E+1	4.340000E+2	3.527900E-8	3.510318E-8	7.274984E-10	7.037351E-10	2.079921E-9	1.037390E-9	9.422899E-10	1.120644E-9	1.902201E-9	1.246190E-9	1.033981E-9	1.080882E-9	7.650485E-10	1.677363E-9	7.922932E-10	1.024846E-9	1.535272E-9	2.154452E-9	9.918256E-10	-1.497955E-11	1.700053E-9	1.110674E-9	8.711554E-10	8.762828E-10	-1.093146E-11	1.004404E-9	1.133513E-9	1.235684E-9	1.207274E-9	9.119858E-10	1.031816E-9	9.255624E-10	1.005358E-9	1.299495E-9
   0:17:06	0	2.679600E+1	4.350000E+2	3.882800E-8	3.845492E-8	7.819852E-10	7.549342E-10	2.275942E-9	1.129408E-9	9.948749E-10	1.197268E-9	2.102693E-9	1.377011E-9	1.100919E-9	1.151091E-9	8.279593E-10	1.846855E-9	8.558903E-10	1.092370E-9	1.681598E-9	2.381783E-9	1.081340E-9	-1.460198E-11	1.875041E-9	1.198503E-9	9.607574E-10	9.658582E-10	-1.295337E-11	1.103541E-9	1.267439E-9	1.349424E-9	1.333494E-9	1.023864E-9	1.149016E-9	1.049567E-9	1.130799E-9	1.441253E-9
   0:17:20	0	2.679300E+1	4.360000E+2	4.367600E-8	4.325564E-8	8.544448E-10	8.238512E-10	2.534225E-9	1.251615E-9	1.071282E-9	1.297214E-9	2.373489E-9	1.539602E-9	1.190613E-9	1.249612E-9	9.064242E-10	2.103873E-9	9.333580E-10	1.178763E-9	1.886325E-9	2.687211E-9	1.214569E-9	-1.441319E-11	2.132422E-9	1.327455E-9	1.086388E-9	1.096566E-9	-1.156287E-11	1.243152E-9	1.470913E-9	1.539534E-9	1.519005E-9	1.205007E-9	1.322290E-9	1.229015E-9	1.333201E-9	1.680196E-9
   0:17:34	0	2.679000E+1	4.370000E+2	4.993900E-8	4.947310E-8	9.453828E-10	9.055680E-10	2.859957E-9	1.395402E-9	1.152758E-9	1.408411E-9	2.709535E-9	1.745440E-9	1.303126E-9	1.360961E-9	1.007651E-9	2.390191E-9	1.038318E-9	1.286612E-9	2.142871E-9	3.090925E-9	1.382005E-9	-1.523093E-11	2.473769E-9	1.490637E-9	1.238648E-9	1.257575E-9	-1.339526E-11	1.428020E-9	1.758563E-9	1.785289E-9	1.758123E-9	1.464914E-9	1.582707E-9	1.493434E-9	1.622471E-9	2.022465E-9
   0:17:47	0	2.678800E+1	4.380000E+2	5.912200E-8	5.865343E-8	1.061986E-9	9.997064E-10	3.265333E-9	1.584184E-9	1.259765E-9	1.570649E-9	3.142670E-9	2.018115E-9	1.444862E-9	1.511301E-9	1.141186E-9	2.789354E-9	1.171338E-9	1.428917E-9	2.497979E-9	3.643303E-9	1.629582E-9	-1.516833E-11	2.961820E-9	1.724219E-9	1.475147E-9	1.502487E-9	-1.225812E-11	1.729713E-9	2.238529E-9	2.228065E-9	2.195699E-9	1.844486E-9	2.001433E-9	1.923931E-9	2.120479E-9	2.574617E-9
   0:18:01	0	2.678600E+1	4.390000E+2	7.493900E-8	7.445640E-8	1.223239E-9	1.154376E-9	3.827666E-9	1.851823E-9	1.412136E-9	1.793986E-9	3.747301E-9	2.412609E-9	1.648146E-9	1.726289E-9	1.335294E-9	3.391038E-9	1.369031E-9	1.633444E-9	2.998461E-9	4.448835E-9	2.045165E-9	-1.372065E-11	3.811689E-9	2.096410E-9	1.847183E-9	1.913448E-9	-1.276385E-11	2.199405E-9	3.281119E-9	3.080074E-9	2.981437E-9	2.644344E-9	2.781801E-9	2.801719E-9	3.123829E-9	3.901591E-9
   0:18:15	0	2.678300E+1	4.400000E+2	1.202100E-7	1.195298E-7	1.478331E-9	1.372223E-9	4.775276E-9	2.274008E-9	1.632487E-9	2.158820E-9	4.787279E-9	3.060689E-9	2.000329E-9	2.077463E-9	1.649089E-9	4.445502E-9	1.699301E-9	1.988858E-9	3.877107E-9	5.987241E-9	2.956220E-9	-1.548330E-11	5.675079E-9	2.873888E-9	2.676252E-9	2.798615E-9	-1.567053E-11	3.407749E-9	7.910453E-9	6.035986E-9	5.584212E-9	5.106340E-9	5.443877E-9	5.732639E-9	6.941922E-9	1.115371E-8
   0:18:40	1	2.677900E+1	0.000000E+0	1.164600E-10	2.482000E-10	2.282909E-11	1.172772E-11	1.453840E-11	1.411296E-11	1.203807E-11	1.370301E-11	1.711771E-11	1.445851E-11	1.318493E-11	1.282852E-11	1.308763E-11	1.483997E-11	1.317560E-11	1.350495E-11	-1.988978E-11	1.069540E-11	-1.856185E-11	-1.453938E-11	-1.933824E-11	8.713939E-12	1.003303E-11	1.152745E-11	-1.213144E-11	-1.649108E-11	1.261074E-11	1.224669E-11	1.300719E-11	1.399235E-11	1.256655E-11	1.438342E-11	1.448892E-11	1.373905E-11
   0:18:53	1	2.677600E+1	0.000000E+0	5.275000E-10	2.927918E-10	2.339656E-11	1.336714E-11	1.346366E-11	1.341660E-11	1.286121E-11	1.338844E-11	1.471748E-11	1.420424E-11	1.419862E-11	1.219702E-11	1.460580E-11	1.363969E-11	1.475856E-11	1.495646E-11	-7.537917E-12	1.025279E-11	-7.221718E-12	-1.428701E-11	-8.566820E-12	8.964323E-12	1.053807E-11	1.272474E-11	-1.232096E-11	-7.112749E-12	1.204336E-11	1.268691E-11	1.306999E-11	1.399235E-11	1.212394E-11	1.229278E-11	1.404929E-11	1.392895E-11
   0:19:07	1	2.677400E+1	1.000000E+1	2.790000E-9	2.431628E-9	8.437834E-11	7.711412E-11	9.197340E-11	7.607071E-11	9.135870E-11	9.422517E-11	7.586299E-11	7.393934E-11	1.015468E-10	9.687782E-11	7.347020E-11	8.203054E-11	7.797566E-11	9.510152E-11	6.746126E-11	9.588090E-11	7.063702E-11	-1.378424E-11	7.735197E-11	8.983423E-11	7.887465E-11	8.031523E-11	-1.232096E-11	6.665792E-11	8.714041E-11	9.087854E-11	9.035560E-11	6.451735E-11	7.703917E-11	6.260424E-11	7.394865E-11	9.231029E-11
   0:19:21	1	2.677100E+1	2.000000E+1	2.982900E-9	2.602448E-9	8.923466E-11	8.152769E-11	9.740895E-11	8.119597E-11	9.636456E-11	9.761991E-11	7.807375E-11	7.844217E-11	1.065552E-10	1.026910E-10	7.707349E-11	8.733509E-11	8.342250E-11	1.017275E-10	7.835714E-11	1.025899E-10	8.153310E-11	-1.541971E-11	9.058057E-11	9.566431E-11	8.455359E-11	8.251989E-11	-1.105715E-11	7.735884E-11	9.281519E-11	9.703361E-11	9.521797E-11	6.780979E-11	8.139650E-11	6.646943E-11	7.771124E-11	9.864109E-11
   0:19:35	1	2.676900E+1	3.000000E+1	3.177800E-9	2.786014E-9	9.207199E-11	8.695059E-11	1.050579E-10	8.575276E-11	1.031427E-10	1.061678E-10	8.476986E-11	8.294400E-11	1.115626E-10	1.095168E-10	8.244848E-11	9.245022E-11	9.020029E-11	1.099315E-10	8.804803E-11	1.087284E-10	8.976892E-11	-1.529452E-11	9.977685E-11	1.015577E-10	8.859191E-11	8.907120E-11	-1.295337E-11	8.673718E-11	9.773347E-11	1.017441E-10	1.010273E-10	7.300232E-11	8.834170E-11	7.020757E-11	8.109856E-11	1.058594E-10
   0:19:49	1	2.676700E+1	4.000000E+1	3.396100E-9	2.967747E-9	9.951377E-11	9.142688E-11	1.097989E-10	9.043644E-11	1.104290E-10	1.113854E-10	8.906475E-11	8.827071E-11	1.203735E-10	1.176684E-10	8.592601E-11	9.737594E-11	9.507815E-11	1.162416E-10	9.710693E-11	1.168930E-10	1.002220E-10	-1.384684E-11	1.098552E-10	1.079519E-10	9.382957E-11	9.530728E-11	-1.396383E-11	9.781570E-11	1.042275E-10	1.080866E-10	1.064568E-10	7.496439E-11	9.099437E-11	7.451690E-11	8.379574E-11	1.105441E-10
   0:20:03	1	2.676400E+1	5.000000E+1	3.669100E-9	3.240644E-9	1.070820E-10	1.001913E-10	1.206710E-10	9.866383E-11	1.190455E-10	1.216312E-10	9.784498E-11	9.784599E-11	1.309587E-10	1.271479E-10	9.521970E-11	1.072274E-10	1.031859E-10	1.260864E-10	1.082548E-10	1.273357E-10	1.113081E-10	-1.403562E-11	1.220754E-10	1.182958E-10	1.020955E-10	1.027397E-10	-1.187908E-11	1.076978E-10	1.111634E-10	1.165032E-10	1.157390E-10	8.078962E-11	9.825657E-11	7.933238E-11	9.307843E-11	1.190917E-10
   0:20:17	1	2.676200E+1	6.000000E+1	4.017600E-9	3.611522E-9	1.173611E-10	1.103423E-10	1.336297E-10	1.092321E-10	1.314636E-10	1.337008E-10	1.063091E-10	1.032998E-10	1.450312E-10	1.422510E-10	1.054626E-10	1.195412E-10	1.139536E-10	1.399072E-10	1.224447E-10	1.420185E-10	1.282227E-10	-1.422441E-11	1.385160E-10	1.320243E-10	1.154097E-10	1.154018E-10	-1.270001E-11	1.211681E-10	1.250980E-10	1.303828E-10	1.283674E-10	8.997026E-11	1.122118E-10	8.826612E-11	1.035523E-10	1.339062E-10
   0:20:31	1	2.676000E+1	7.000000E+1	4.114400E-9	3.730291E-9	1.188743E-10	1.130538E-10	1.369797E-10	1.109415E-10	1.358343E-10	1.379748E-10	1.109211E-10	1.067876E-10	1.510533E-10	1.466117E-10	1.047040E-10	1.233294E-10	1.180075E-10	1.450816E-10	1.292856E-10	1.478412E-10	1.345574E-10	-1.447579E-11	1.467049E-10	1.374160E-10	1.202051E-10	1.187401E-10	-1.326858E-11	1.279033E-10	1.292598E-10	1.347790E-10	1.326616E-10	9.205927E-11	1.129694E-10	8.959753E-11	1.053712E-10	1.385289E-10
   0:20:45	1	2.675700E+1	8.000000E+1	4.213800E-9	3.832838E-9	1.219018E-10	1.151352E-10	1.414682E-10	1.128397E-10	1.393189E-10	1.425008E-10	1.130680E-10	1.095145E-10	1.540954E-10	1.505932E-10	1.110273E-10	1.253512E-10	1.200984E-10	1.498147E-10	1.354295E-10	1.503090E-10	1.405130E-10	-1.460198E-11	1.520588E-10	1.402365E-10	1.207102E-10	1.210074E-10	-1.200576E-11	1.338196E-10	1.314039E-10	1.381709E-10	1.360079E-10	9.357955E-11	1.161903E-10	9.276551E-11	1.086961E-10	1.418202E-10
   0:20:59	1	2.675500E+1	9.000000E+1	4.364900E-9	3.925484E-9	1.244236E-10	1.175311E-10	1.450078E-10	1.170798E-10	1.417904E-10	1.455809E-10	1.148999E-10	1.123676E-10	1.568212E-10	1.533736E-10	1.126712E-10	1.275613E-10	1.242153E-10	1.534111E-10	1.390405E-10	1.529676E-10	1.452644E-10	-1.390944E-11	1.579179E-10	1.427443E-10	1.242434E-10	1.233383E-10	-1.358478E-11	1.376592E-10	1.358175E-10	1.407457E-10	1.402383E-10	9.655514E-11	1.191580E-10	9.447603E-11	1.097615E-10	1.463160E-10
   0:21:13	1	2.675300E+1	1.000000E+2	4.501900E-9	4.034672E-9	1.253703E-10	1.195487E-10	1.478528E-10	1.183456E-10	1.471753E-10	1.488496E-10	1.169850E-10	1.143967E-10	1.620828E-10	1.586820E-10	1.165909E-10	1.317922E-10	1.263062E-10	1.573871E-10	1.473384E-10	1.603720E-10	1.508390E-10	-1.453938E-11	1.642791E-10	1.481983E-10	1.263891E-10	1.264877E-10	-1.257433E-11	1.434504E-10	1.392855E-10	1.435090E-10	1.429535E-10	9.921387E-11	1.203572E-10	9.580644E-11	1.125221E-10	1.494184E-10
   0:21:28	1	2.675100E+1	1.200000E+2	4.711400E-9	4.264462E-9	1.319281E-10	1.257281E-10	1.555007E-10	1.244210E-10	1.530043E-10	1.572090E-10	1.235545E-10	1.199767E-10	1.706396E-10	1.665184E-10	1.201952E-10	1.382960E-10	1.318800E-10	1.647702E-10	1.589943E-10	1.680301E-10	1.622421E-10	-1.139165E-11	1.774441E-10	1.567242E-10	1.344030E-10	1.325984E-10	-1.244764E-11	1.550953E-10	1.456541E-10	1.530549E-10	1.505930E-10	1.032030E-10	1.280610E-10	1.019533E-10	1.192333E-10	1.573954E-10
   0:21:42	1	2.674900E+1	1.400000E+2	4.966000E-9	4.536006E-9	1.391807E-10	1.327895E-10	1.673847E-10	1.312557E-10	1.647883E-10	1.670151E-10	1.315130E-10	1.277771E-10	1.805913E-10	1.759340E-10	1.274028E-10	1.449264E-10	1.405578E-10	1.765088E-10	1.728031E-10	1.806877E-10	1.739623E-10	-1.309170E-11	1.918689E-10	1.651878E-10	1.402712E-10	1.399055E-10	-1.295337E-11	1.675580E-10	1.561207E-10	1.617848E-10	1.599390E-10	1.097249E-10	1.349444E-10	1.080362E-10	1.261317E-10	1.654993E-10
   0:21:56	1	2.674700E+1	1.600000E+2	5.334900E-9	4.907155E-9	1.490815E-10	1.424368E-10	1.795211E-10	1.423944E-10	1.760022E-10	1.796504E-10	1.409245E-10	1.383665E-10	1.938403E-10	1.916067E-10	1.377715E-10	1.582511E-10	1.512635E-10	1.893821E-10	1.871819E-10	1.947371E-10	1.899269E-10	-1.466457E-11	2.131602E-10	1.794181E-10	1.511240E-10	1.499841E-10	-1.301621E-11	1.833575E-10	1.672812E-10	1.757279E-10	1.736399E-10	1.196652E-10	1.468161E-10	1.157666E-10	1.350382E-10	1.815182E-10
   0:22:10	1	2.674500E+1	1.800000E+2	5.791100E-9	5.356976E-9	1.616315E-10	1.556775E-10	1.949456E-10	1.547350E-10	1.909538E-10	1.953649E-10	1.545690E-10	1.516207E-10	2.115253E-10	2.065203E-10	1.506066E-10	1.723334E-10	1.642481E-10	2.058529E-10	2.063117E-10	2.124582E-10	2.078547E-10	-1.447579E-11	2.310496E-10	1.957177E-10	1.645011E-10	1.635272E-10	-1.320573E-11	2.016113E-10	1.839900E-10	1.919940E-10	1.887942E-10	1.309988E-10	1.593817E-10	1.287566E-10	1.496529E-10	1.974731E-10
   0:22:25	1	2.674300E+1	2.000000E+2	6.305100E-9	5.883706E-9	1.773344E-10	1.695493E-10	2.141612E-10	1.703036E-10	2.111643E-10	2.130282E-10	1.711821E-10	1.662684E-10	2.300338E-10	2.260479E-10	1.653391E-10	1.888153E-10	1.805906E-10	2.243430E-10	2.280385E-10	2.337861E-10	2.303449E-10	-1.428701E-11	2.536634E-10	2.115157E-10	1.795187E-10	1.775746E-10	-1.232096E-11	2.237048E-10	2.008252E-10	2.105842E-10	2.074841E-10	1.449272E-10	1.752947E-10	1.435201E-10	1.637645E-10	2.176059E-10
   0:22:39	1	2.674100E+1	2.200000E+2	6.911400E-9	6.502076E-9	1.936675E-10	1.872673E-10	2.365381E-10	1.890363E-10	2.305516E-10	2.339603E-10	1.895632E-10	1.868145E-10	2.532976E-10	2.467118E-10	1.838008E-10	2.089598E-10	1.987070E-10	2.469346E-10	2.504632E-10	2.593541E-10	2.545453E-10	-1.554590E-11	2.782292E-10	2.353377E-10	1.998996E-10	1.980469E-10	-1.232096E-11	2.466786E-10	2.218859E-10	2.306189E-10	2.260485E-10	1.631625E-10	1.950597E-10	1.608824E-10	1.835844E-10	2.403354E-10
   0:22:53	1	2.673900E+1	2.400000E+2	7.696100E-9	7.283108E-9	2.175051E-10	2.099036E-10	2.635931E-10	2.118832E-10	2.544997E-10	2.579091E-10	2.157773E-10	2.117993E-10	2.809983E-10	2.733804E-10	2.060573E-10	2.357348E-10	2.235373E-10	2.729343E-10	2.800449E-10	2.882132E-10	2.826091E-10	-1.233656E-11	3.126855E-10	2.627324E-10	2.218593E-10	2.193387E-10	-1.162571E-11	2.751932E-10	2.486831E-10	2.572489E-10	2.564189E-10	1.858287E-10	2.184244E-10	1.856571E-10	2.079838E-10	2.686361E-10
   0:23:07	1	2.673700E+1	2.600000E+2	8.708300E-9	8.266513E-9	2.461990E-10	2.378990E-10	3.007619E-10	2.410583E-10	2.905489E-10	2.956243E-10	2.474868E-10	2.419206E-10	3.142769E-10	3.094009E-10	2.351422E-10	2.671204E-10	2.507745E-10	3.071380E-10	3.155805E-10	3.263759E-10	3.167555E-10	-1.428701E-11	3.504163E-10	2.939522E-10	2.508846E-10	2.498896E-10	-1.276385E-11	3.105046E-10	2.836774E-10	2.930471E-10	2.905163E-10	2.167261E-10	2.512603E-10	2.150581E-10	2.387172E-10	3.048507E-10
   0:23:22	1	2.673500E+1	2.800000E+2	9.966000E-9	9.560094E-9	2.842899E-10	2.744698E-10	3.515210E-10	2.794098E-10	3.362918E-10	3.413229E-10	2.891772E-10	2.827584E-10	3.594085E-10	3.530691E-10	2.753543E-10	3.094930E-10	2.908713E-10	3.520702E-10	3.609980E-10	3.756776E-10	3.626851E-10	-1.472817E-11	3.992347E-10	3.411579E-10	2.897546E-10	2.886297E-10	-1.194192E-11	3.547550E-10	3.271217E-10	3.382038E-10	3.349046E-10	2.559184E-10	2.919904E-10	2.556746E-10	2.799244E-10	3.506266E-10
   0:23:36	1	2.673300E+1	3.000000E+2	1.169900E-8	1.142188E-8	3.369479E-10	3.274973E-10	4.276278E-10	3.340254E-10	4.058567E-10	4.098379E-10	3.487432E-10	3.386253E-10	4.355370E-10	4.301659E-10	3.294136E-10	3.727049E-10	3.492095E-10	4.259678E-10	4.261793E-10	4.564331E-10	4.222990E-10	-1.516833E-11	4.715480E-10	4.044742E-10	3.455977E-10	3.425507E-10	-1.206860E-11	4.144890E-10	3.838695E-10	3.983704E-10	3.954580E-10	3.110023E-10	3.462960E-10	3.087109E-10	3.362483E-10	4.134328E-10
   0:23:50	1	2.673000E+1	3.200000E+2	1.432700E-8	1.402175E-8	4.097857E-10	4.008917E-10	5.163142E-10	4.097164E-10	4.852414E-10	4.941319E-10	4.301645E-10	4.151645E-10	5.206037E-10	5.166165E-10	4.061078E-10	4.570094E-10	4.245883E-10	5.128654E-10	5.086534E-10	5.497194E-10	5.071894E-10	-1.409822E-11	5.764272E-10	5.030848E-10	4.197397E-10	4.213544E-10	-1.352194E-11	4.978268E-10	4.833051E-10	5.101006E-10	5.033044E-10	3.928684E-10	4.378586E-10	3.915913E-10	4.241205E-10	5.230273E-10
   0:24:04	1	2.672800E+1	3.400000E+2	1.814800E-8	1.766049E-8	5.192003E-10	5.083971E-10	6.450132E-10	5.217329E-10	6.006762E-10	6.104829E-10	5.532772E-10	5.333663E-10	6.433858E-10	6.373187E-10	5.187152E-10	5.793289E-10	5.394918E-10	6.310636E-10	6.348350E-10	6.851557E-10	6.265433E-10	-1.497955E-11	7.067542E-10	6.253926E-10	5.366636E-10	5.340473E-10	-1.206860E-11	6.169182E-10	6.118084E-10	6.430583E-10	6.365970E-10	5.113931E-10	5.621315E-10	5.117933E-10	5.446074E-10	6.583899E-10
   0:24:19	1	2.672600E+1	3.600000E+2	2.354700E-8	2.328863E-8	6.872013E-10	6.781983E-10	8.470380E-10	6.964665E-10	7.801630E-10	7.922708E-10	7.449246E-10	7.141563E-10	8.301904E-10	8.253230E-10	6.930955E-10	7.725017E-10	7.119116E-10	8.179840E-10	8.263879E-10	8.915384E-10	8.093104E-10	-1.428701E-11	9.073799E-10	8.158444E-10	7.105034E-10	7.126293E-10	-1.232096E-11	8.018486E-10	8.108688E-10	8.467974E-10	8.382090E-10	6.989320E-10	7.513814E-10	6.983386E-10	7.375379E-10	8.663096E-10
   0:24:32	1	2.672400E+1	3.620000E+2	2.438300E-8	2.403072E-8	7.100931E-10	6.996998E-10	8.745351E-10	7.205782E-10	8.053784E-10	8.172883E-10	7.717698E-10	7.391411E-10	8.560519E-10	8.483892E-10	7.154778E-10	7.996555E-10	7.345880E-10	8.424057E-10	8.494447E-10	9.200178E-10	8.307866E-10	-1.441319E-11	9.304342E-10	8.383502E-10	7.362484E-10	7.363146E-10	-1.333242E-11	8.257049E-10	8.375406E-10	8.733005E-10	8.656129E-10	7.234344E-10	7.789768E-10	7.222900E-10	7.625641E-10	8.923944E-10
   0:24:46	1	2.672200E+1	3.640000E+2	2.498100E-8	2.478964E-8	7.321656E-10	7.214531E-10	9.013367E-10	7.425389E-10	8.291364E-10	8.431234E-10	8.001318E-10	7.647596E-10	8.783650E-10	8.747406E-10	7.410222E-10	8.242831E-10	7.590382E-10	8.679013E-10	8.730094E-10	9.474852E-10	8.558741E-10	-1.435060E-11	9.574573E-10	8.643664E-10	7.596585E-10	7.632120E-10	-1.213144E-11	8.486161E-10	8.638968E-10	8.991135E-10	8.918795E-10	7.493940E-10	8.038567E-10	7.489031E-10	7.901606E-10	9.192389E-10
   0:25:00	1	2.672100E+1	3.660000E+2	2.585000E-8	2.562300E-8	7.569490E-10	7.462961E-10	9.316788E-10	7.691823E-10	8.548589E-10	8.694607E-10	8.234411E-10	7.901879E-10	9.092980E-10	9.027361E-10	7.665657E-10	8.521317E-10	7.840595E-10	8.942169E-10	9.020841E-10	9.786861E-10	8.827347E-10	-1.435060E-11	9.870001E-10	8.963383E-10	7.852770E-10	7.866458E-10	-1.244764E-11	8.768783E-10	8.928381E-10	9.313949E-10	9.208614E-10	7.784552E-10	8.332195E-10	7.770998E-10	8.183860E-10	9.508319E-10
   0:25:14	1	2.671900E+1	3.680000E+2	2.678400E-8	2.648282E-8	7.816696E-10	7.712646E-10	9.629051E-10	7.958896E-10	8.824186E-10	8.970553E-10	8.576137E-10	8.199288E-10	9.386468E-10	9.313002E-10	7.939427E-10	8.828225E-10	8.113597E-10	9.236237E-10	9.302728E-10	1.011533E-9	9.090894E-10	-1.227297E-11	1.015724E-9	9.204107E-10	8.119046E-10	8.124722E-10	-1.345810E-11	9.033777E-10	9.254365E-10	9.620434E-10	9.526223E-10	8.053645E-10	8.620151E-10	8.065008E-10	8.476767E-10	9.816653E-10
   0:25:27	1	2.671600E+1	3.700000E+2	2.764500E-8	2.741972E-8	8.111202E-10	7.997647E-10	9.968496E-10	8.241155E-10	9.123857E-10	9.281706E-10	8.898916E-10	8.492893E-10	9.679317E-10	9.619494E-10	8.229646E-10	9.136389E-10	8.404978E-10	9.535366E-10	9.631474E-10	1.042354E-9	9.389903E-10	-1.416181E-11	1.050431E-9	9.522569E-10	8.420664E-10	8.435272E-10	-1.276385E-11	9.352907E-10	9.582877E-10	9.958328E-10	9.850770E-10	8.380339E-10	8.951671E-10	8.369792E-10	8.801656E-10	1.016930E-9
   0:25:41	1	2.671400E+1	3.720000E+2	2.872900E-8	2.838604E-8	8.396249E-10	8.287695E-10	1.029277E-9	8.557583E-10	9.427330E-10	9.587203E-10	9.220439E-10	8.808051E-10	9.998793E-10	9.931682E-10	8.536924E-10	9.483712E-10	8.713459E-10	9.838271E-10	9.962140E-10	1.079124E-9	9.696524E-10	-1.516833E-11	1.081864E-9	9.846049E-10	8.733639E-10	8.743934E-10	-1.307905E-11	9.660073E-10	9.915799E-10	1.030501E-9	1.019742E-9	8.709583E-10	9.285712E-10	8.703094E-10	9.155409E-10	1.053842E-9
   0:25:55	1	2.671200E+1	3.740000E+2	2.980700E-8	2.945053E-8	8.714090E-10	8.607375E-10	1.066319E-9	8.887308E-10	9.773889E-10	9.938575E-10	9.595012E-10	9.148576E-10	1.036454E-9	1.028810E-9	8.846737E-10	9.830396E-10	9.047909E-10	1.020997E-9	1.030736E-9	1.117350E-9	1.005129E-9	-1.416181E-11	1.120476E-9	1.018583E-9	9.073120E-10	9.089757E-10	-1.288953E-11	1.000061E-9	1.029979E-9	1.068937E-9	1.058448E-9	9.062875E-10	9.649440E-10	9.073768E-10	9.502883E-10	1.091133E-9
   0:26:09	1	2.671100E+1	3.760000E+2	3.086800E-8	3.054795E-8	9.043281E-10	8.945331E-10	1.107787E-9	9.225256E-10	1.011728E-9	1.030505E-9	9.967701E-10	9.504328E-10	1.071254E-9	1.063819E-9	9.210290E-10	1.023076E-9	9.384888E-10	1.056716E-9	1.066652E-9	1.159373E-9	1.041747E-9	-1.516833E-11	1.157578E-9	1.054253E-9	9.422692E-10	9.424881E-10	-1.112099E-11	1.035121E-9	1.069199E-9	1.107500E-9	1.098038E-9	9.419976E-10	1.001442E-9	9.450154E-10	9.870428E-10	1.131526E-9
   0:26:22	1	2.670900E+1	3.780000E+2	3.213900E-8	3.175406E-8	9.409685E-10	9.288344E-10	1.149127E-9	9.598011E-10	1.050121E-9	1.067277E-9	1.038965E-9	9.874656E-10	1.110681E-9	1.104770E-9	9.591551E-10	1.062797E-9	9.774447E-10	1.095526E-9	1.109156E-9	1.203738E-9	1.080453E-9	-1.441319E-11	1.199530E-9	1.095441E-9	9.808225E-10	9.814171E-10	-1.225812E-11	1.075468E-9	1.110436E-9	1.149453E-9	1.139207E-9	9.833419E-10	1.044319E-9	9.872164E-10	1.031387E-9	1.176416E-9
   0:26:36	1	2.670700E+1	3.800000E+2	3.344200E-8	3.304585E-8	9.808236E-10	9.684321E-10	1.194766E-9	9.987222E-10	1.090289E-9	1.110021E-9	1.083561E-9	1.031664E-9	1.154038E-9	1.147300E-9	9.982932E-10	1.105802E-9	1.015958E-9	1.138880E-9	1.152293E-9	1.251774E-9	1.120428E-9	-1.491695E-11	1.246647E-9	1.138697E-9	1.021017E-9	1.022047E-9	-1.206860E-11	1.117200E-9	1.157095E-9	1.197185E-9	1.186184E-9	1.029055E-9	1.088522E-9	1.027516E-9	1.074977E-9	1.223647E-9
   0:26:50	1	2.670500E+1	3.820000E+2	3.478500E-8	3.438500E-8	1.021752E-9	1.007210E-9	1.244198E-9	1.040365E-9	1.130456E-9	1.154084E-9	1.127336E-9	1.073327E-9	1.198917E-9	1.192421E-9	1.038948E-9	1.152595E-9	1.058524E-9	1.181540E-9	1.196635E-9	1.298607E-9	1.166548E-9	-1.479076E-11	1.290866E-9	1.182767E-9	1.062285E-9	1.065826E-9	-1.244764E-11	1.160443E-9	1.206782E-9	1.247178E-9	1.234171E-9	1.072869E-9	1.135440E-9	1.076180E-9	1.122019E-9	1.271954E-9
   0:27:04	1	2.670300E+1	3.840000E+2	3.636700E-8	3.586637E-8	1.063437E-9	1.051725E-9	1.295272E-9	1.084919E-9	1.177973E-9	1.199594E-9	1.180143E-9	1.122281E-9	1.249310E-9	1.240449E-9	1.086432E-9	1.202672E-9	1.104575E-9	1.230320E-9	1.245536E-9	1.353604E-9	1.212288E-9	-1.472817E-11	1.344723E-9	1.232481E-9	1.110304E-9	1.112062E-9	-1.270001E-11	1.211239E-9	1.259305E-9	1.300499E-9	1.286327E-9	1.122825E-9	1.186462E-9	1.126047E-9	1.173136E-9	1.327860E-9
   0:27:17	1	2.670100E+1	3.860000E+2	3.779000E-8	3.740653E-8	1.111113E-9	1.098258E-9	1.350077E-9	1.133838E-9	1.225490E-9	1.247493E-9	1.231497E-9	1.172314E-9	1.298626E-9	1.292269E-9	1.134295E-9	1.256033E-9	1.148408E-9	1.279354E-9	1.298049E-9	1.410373E-9	1.262779E-9	-1.548330E-11	1.397509E-9	1.283133E-9	1.159584E-9	1.160063E-9	-1.295337E-11	1.259266E-9	1.313721E-9	1.356835E-9	1.343850E-9	1.175629E-9	1.240705E-9	1.180668E-9	1.228644E-9	1.385094E-9
   0:27:31	1	2.670000E+1	3.880000E+2	3.951800E-8	3.913024E-8	1.160996E-9	1.146746E-9	1.409939E-9	1.186430E-9	1.279913E-9	1.304003E-9	1.288916E-9	1.226342E-9	1.355484E-9	1.347879E-9	1.183991E-9	1.316087E-9	1.206810E-9	1.334510E-9	1.357212E-9	1.473028E-9	1.319794E-9	-1.378424E-11	1.457225E-9	1.340871E-9	1.214607E-9	1.217386E-9	-1.232096E-11	1.316545E-9	1.375765E-9	1.418698E-9	1.403771E-9	1.236158E-9	1.301073E-9	1.237188E-9	1.288857E-9	1.450117E-9
   0:27:45	1	2.669800E+1	3.900000E+2	4.121800E-8	4.093458E-8	1.215294E-9	1.202107E-9	1.473720E-9	1.241806E-9	1.335032E-9	1.359821E-9	1.350756E-9	1.284936E-9	1.412407E-9	1.406145E-9	1.244120E-9	1.379174E-9	1.261095E-9	1.393576E-9	1.417895E-9	1.537709E-9	1.376684E-9	-1.441319E-11	1.519963E-9	1.400050E-9	1.270640E-9	1.276976E-9	-1.301621E-11	1.376532E-9	1.441152E-9	1.482633E-9	1.469186E-9	1.297257E-9	1.362894E-9	1.301757E-9	1.353272E-9	1.517418E-9
   0:27:59	1	2.669600E+1	3.920000E+2	4.328600E-8	4.294627E-8	1.276149E-9	1.261502E-9	1.541925E-9	1.304269E-9	1.397311E-9	1.423874E-9	1.419482E-9	1.349553E-9	1.479281E-9	1.471236E-9	1.305893E-9	1.444343E-9	1.326401E-9	1.457566E-9	1.484281E-9	1.611313E-9	1.439655E-9	-1.466457E-11	1.590134E-9	1.467629E-9	1.336453E-9	1.339086E-9	-1.263717E-11	1.442497E-9	1.515996E-9	1.556366E-9	1.543441E-9	1.367346E-9	1.431534E-9	1.371394E-9	1.425401E-9	1.592254E-9
   0:28:12	1	2.669500E+1	3.940000E+2	4.538400E-8	4.507182E-8	1.340411E-9	1.324681E-9	1.617716E-9	1.369581E-9	1.461237E-9	1.487424E-9	1.494333E-9	1.417024E-9	1.549958E-9	1.540877E-9	1.372092E-9	1.518101E-9	1.389681E-9	1.526163E-9	1.554656E-9	1.687955E-9	1.511622E-9	-1.208419E-11	1.663834E-9	1.538469E-9	1.403970E-9	1.406614E-9	-1.232096E-11	1.513309E-9	1.589832E-9	1.634432E-9	1.618328E-9	1.440728E-9	1.508131E-9	1.443313E-9	1.499412E-9	1.672345E-9
   0:28:26	1	2.669300E+1	3.960000E+2	4.779600E-8	4.744109E-8	1.406691E-9	1.394922E-9	1.699955E-9	1.439829E-9	1.536820E-9	1.566626E-9	1.574682E-9	1.495022E-9	1.622537E-9	1.619175E-9	1.444677E-9	1.598616E-9	1.463982E-9	1.603216E-9	1.632696E-9	1.773267E-9	1.588974E-9	-1.472817E-11	1.747422E-9	1.618523E-9	1.480320E-9	1.484661E-9	-1.225812E-11	1.590731E-9	1.677792E-9	1.718842E-9	1.705463E-9	1.523163E-9	1.591990E-9	1.526130E-9	1.581513E-9	1.759844E-9
   0:28:40	1	2.669100E+1	3.980000E+2	5.028600E-8	4.995977E-8	1.484133E-9	1.469956E-9	1.783141E-9	1.517354E-9	1.612087E-9	1.644257E-9	1.660399E-9	1.576254E-9	1.706083E-9	1.699685E-9	1.522699E-9	1.685446E-9	1.541514E-9	1.683992E-9	1.718654E-9	1.866744E-9	1.669936E-9	-1.453938E-11	1.835294E-9	1.700711E-9	1.558565E-9	1.565795E-9	-1.339526E-11	1.674951E-9	1.767958E-9	1.811542E-9	1.795756E-9	1.609019E-9	1.680711E-9	1.615346E-9	1.674153E-9	1.855572E-9
   0:28:54	1	2.669000E+1	4.000000E+2	5.322100E-8	5.282169E-8	1.566871E-9	1.551483E-9	1.883775E-9	1.605196E-9	1.701038E-9	1.735025E-9	1.757170E-9	1.666491E-9	1.799579E-9	1.791949E-9	1.610648E-9	1.778654E-9	1.628674E-9	1.774613E-9	1.813987E-9	1.966992E-9	1.764329E-9	-1.516833E-11	1.934441E-9	1.793867E-9	1.652773E-9	1.658330E-9	-1.288953E-11	1.769745E-9	1.872817E-9	1.916362E-9	1.902908E-9	1.709056E-9	1.782883E-9	1.714892E-9	1.779524E-9	1.965673E-9
   0:29:07	1	2.668800E+1	4.020000E+2	5.631000E-8	5.587120E-8	1.658251E-9	1.641271E-9	1.987316E-9	1.698606E-9	1.793094E-9	1.828747E-9	1.861522E-9	1.764590E-9	1.900302E-9	1.888384E-9	1.702896E-9	1.882408E-9	1.724828E-9	1.872364E-9	1.916604E-9	2.078695E-9	1.863030E-9	-1.397303E-11	2.039257E-9	1.896051E-9	1.751460E-9	1.757732E-9	-1.175240E-11	1.870959E-9	1.984547E-9	2.029475E-9	2.010060E-9	1.815615E-9	1.892063E-9	1.820393E-9	1.887781E-9	2.078623E-9
   0:29:21	1	2.668600E+1	4.040000E+2	5.980100E-8	5.938051E-8	1.760981E-9	1.746254E-9	2.107926E-9	1.803472E-9	1.897314E-9	1.937366E-9	1.979390E-9	1.871188E-9	2.008696E-9	2.002135E-9	1.814239E-9	2.002453E-9	1.832068E-9	1.986587E-9	2.030371E-9	2.201602E-9	1.980294E-9	-1.523093E-11	2.158816E-9	2.012153E-9	1.865481E-9	1.872945E-9	-1.187908E-11	1.989484E-9	2.113936E-9	2.156530E-9	2.141207E-9	1.941675E-9	2.016904E-9	1.949150E-9	2.015231E-9	2.211772E-9
   0:29:35	1	2.668500E+1	4.060000E+2	6.365100E-8	6.325833E-8	1.874558E-9	1.856534E-9	2.240608E-9	1.917260E-9	2.014902E-9	2.054221E-9	2.111284E-9	1.998457E-9	2.134903E-9	2.124987E-9	1.934560E-9	2.135005E-9	1.950076E-9	2.105292E-9	2.161494E-9	2.341089E-9	2.105604E-9	-1.315430E-11	2.298214E-9	2.143365E-9	1.986633E-9	1.997732E-9	-1.232096E-11	2.118773E-9	2.257066E-9	2.302551E-9	2.280246E-9	2.077231E-9	2.152671E-9	2.088742E-9	2.158362E-9	2.361380E-9
   0:29:49	1	2.668300E+1	4.080000E+2	6.779400E-8	6.744077E-8	1.994378E-9	1.977155E-9	2.381570E-9	2.045542E-9	2.140096E-9	2.185534E-9	2.251136E-9	2.132007E-9	2.268207E-9	2.258833E-9	2.060698E-9	2.275007E-9	2.080500E-9	2.238888E-9	2.301929E-9	2.492664E-9	2.247320E-9	-1.441319E-11	2.443281E-9	2.279150E-9	2.121921E-9	2.132851E-9	-1.187908E-11	2.259266E-9	2.411169E-9	2.456235E-9	2.434817E-9	2.226656E-9	2.306433E-9	2.233847E-9	2.312531E-9	2.517446E-9
   0:30:02	1	2.668200E+1	4.100000E+2	7.253300E-8	7.233721E-8	2.136525E-9	2.118711E-9	2.546109E-9	2.192685E-9	2.286637E-9	2.336206E-9	2.416948E-9	2.284261E-9	2.422557E-9	2.409047E-9	2.210170E-9	2.438436E-9	2.231764E-9	2.392740E-9	2.461683E-9	2.665314E-9	2.404051E-9	-1.435060E-11	2.614553E-9	2.443648E-9	2.283204E-9	2.293796E-9	-1.244764E-11	2.424179E-9	2.596358E-9	2.637489E-9	2.614519E-9	2.400645E-9	2.481349E-9	2.415767E-9	2.493732E-9	2.710930E-9
   0:30:16	1	2.668000E+1	4.110000E+2	7.518300E-8	7.490646E-8	2.215291E-9	2.193681E-9	2.631446E-9	2.267046E-9	2.358356E-9	2.413585E-9	2.502097E-9	2.365746E-9	2.506039E-9	2.493855E-9	2.288697E-9	2.523813E-9	2.304799E-9	2.474148E-9	2.545360E-9	2.755310E-9	2.492553E-9	-1.479076E-11	2.703054E-9	2.530348E-9	2.367947E-9	2.380095E-9	-1.124667E-11	2.509595E-9	2.691883E-9	2.735150E-9	2.709169E-9	2.494668E-9	2.575248E-9	2.509229E-9	2.587313E-9	2.806976E-9
   0:30:30	1	2.667800E+1	4.120000E+2	7.801000E-8	7.768618E-8	2.296264E-9	2.273064E-9	2.723988E-9	2.346914E-9	2.442366E-9	2.496810E-9	2.589140E-9	2.452686E-9	2.595478E-9	2.580874E-9	2.372536E-9	2.621252E-9	2.395189E-9	2.556565E-9	2.638730E-9	2.851570E-9	2.582765E-9	-1.447579E-11	2.798611E-9	2.620559E-9	2.457170E-9	2.473198E-9	-1.219528E-11	2.606340E-9	2.798633E-9	2.838465E-9	2.807039E-9	2.595781E-9	2.676283E-9	2.614350E-9	2.689799E-9	2.920432E-9
   0:30:44	1	2.667700E+1	4.130000E+2	8.110700E-8	8.061555E-8	2.379003E-9	2.357933E-9	2.819501E-9	2.435072E-9	2.523715E-9	2.585755E-9	2.686227E-9	2.547234E-9	2.687898E-9	2.674845E-9	2.465607E-9	2.718060E-9	2.482539E-9	2.653749E-9	2.734569E-9	2.958717E-9	2.677475E-9	-1.441319E-11	2.901223E-9	2.718919E-9	2.553271E-9	2.568190E-9	-1.295337E-11	2.702142E-9	2.910995E-9	2.950383E-9	2.918358E-9	2.700884E-9	2.783632E-9	2.713199E-9	2.800690E-9	3.033129E-9
   0:30:57	1	2.667500E+1	4.140000E+2	8.449400E-8	8.399256E-8	2.479211E-9	2.453081E-9	2.930817E-9	2.536141E-9	2.625907E-9	2.685638E-9	2.799106E-9	2.647871E-9	2.792868E-9	2.776840E-9	2.565506E-9	2.831917E-9	2.583887E-9	2.756044E-9	2.847449E-9	3.080040E-9	2.794105E-9	-1.428701E-11	3.022480E-9	2.832576E-9	2.659847E-9	2.677355E-9	-1.200576E-11	2.819156E-9	3.038867E-9	3.075051E-9	3.048052E-9	2.822828E-9	2.907084E-9	2.835872E-9	2.930271E-9	3.162984E-9
   0:31:11	1	2.667400E+1	4.150000E+2	8.778100E-8	8.738891E-8	2.574626E-9	2.547786E-9	3.047190E-9	2.633222E-9	2.719040E-9	2.785960E-9	2.916407E-9	2.759604E-9	2.898599E-9	2.881301E-9	2.671727E-9	2.941228E-9	2.685743E-9	2.861495E-9	2.956083E-9	3.196237E-9	2.907440E-9	-1.221038E-11	3.138761E-9	2.944540E-9	2.777780E-9	2.789481E-9	-1.238480E-11	2.934785E-9	3.170523E-9	3.205684E-9	3.172694E-9	2.945849E-9	3.034766E-9	2.958989E-9	3.055274E-9	3.300689E-9
   0:31:25	1	2.667200E+1	4.160000E+2	9.131000E-8	9.111935E-8	2.683347E-9	2.654409E-9	3.166344E-9	2.742137E-9	2.831560E-9	2.893637E-9	3.037118E-9	2.870830E-9	3.015360E-9	2.998148E-9	2.782628E-9	3.064558E-9	2.801724E-9	2.976979E-9	3.078591E-9	3.328636E-9	3.029961E-9	-1.592347E-11	3.266694E-9	3.066408E-9	2.891928E-9	2.918426E-9	-1.187908E-11	3.065331E-9	3.307980E-9	3.344483E-9	3.319751E-9	3.087483E-9	3.173689E-9	3.102890E-9	3.196397E-9	3.449727E-9
   0:31:39	1	2.667100E+1	4.170000E+2	9.509000E-8	9.506506E-8	2.792825E-9	2.765697E-9	3.294601E-9	2.858774E-9	2.947691E-9	3.010176E-9	3.164652E-9	2.996071E-9	3.139219E-9	3.120683E-9	2.903961E-9	3.196223E-9	2.917705E-9	3.096502E-9	3.207180E-9	3.465527E-9	3.161288E-9	-1.441319E-11	3.406974E-9	3.201128E-9	3.025636E-9	3.040946E-9	-1.187908E-11	3.191598E-9	3.464668E-9	3.495340E-9	3.467756E-9	3.226713E-9	3.318736E-9	3.254710E-9	3.351695E-9	3.606680E-9
   0:31:52	1	2.666900E+1	4.180000E+2	1.003000E-7	9.965360E-8	2.924754E-9	2.895839E-9	3.445171E-9	2.991803E-9	3.075226E-9	3.145951E-9	3.316188E-9	3.134311E-9	3.278545E-9	3.265019E-9	3.040342E-9	3.348728E-9	3.054906E-9	3.237861E-9	3.355469E-9	3.622418E-9	3.317829E-9	-1.460198E-11	3.569994E-9	3.348136E-9	3.177454E-9	3.200190E-9	-1.206860E-11	3.351855E-9	3.641219E-9	3.671884E-9	3.639628E-9	3.402475E-9	3.487528E-9	3.426238E-9	3.525809E-9	3.787502E-9
   0:32:06	1	2.666800E+1	4.190000E+2	1.051900E-7	1.042709E-7	3.053340E-9	3.020684E-9	3.598080E-9	3.124577E-9	3.204536E-9	3.279903E-9	3.467788E-9	3.281049E-9	3.423450E-9	3.402089E-9	3.176596E-9	3.500602E-9	3.193057E-9	3.377262E-9	3.509078E-9	3.785575E-9	3.470125E-9	-1.466457E-11	3.729549E-9	3.501914E-9	3.327379E-9	3.349670E-9	-1.086762E-11	3.508271E-9	3.824641E-9	3.847361E-9	3.814279E-9	3.571905E-9	3.670337E-9	3.597004E-9	3.702056E-9	3.984278E-9
   0:32:20	1	2.666600E+1	4.200000E+2	1.097600E-7	1.093555E-7	3.197692E-9	3.167472E-9	3.755036E-9	3.267920E-9	3.347466E-9	3.430261E-9	3.627474E-9	3.431147E-9	3.581222E-9	3.557990E-9	3.328215E-9	3.672367E-9	3.346347E-9	3.533577E-9	3.669403E-9	3.966452E-9	3.639779E-9	-1.510573E-11	3.908568E-9	3.677821E-9	3.489356E-9	3.521827E-9	-1.213144E-11	3.690369E-9	4.021368E-9	4.042684E-9	4.007872E-9	3.763559E-9	3.855672E-9	3.792738E-9	3.904206E-9	4.186878E-9
   0:32:34	1	2.666500E+1	4.210000E+2	1.161600E-7	1.152838E-7	3.361152E-9	3.324159E-9	3.939867E-9	3.436453E-9	3.514725E-9	3.595956E-9	3.820826E-9	3.613015E-9	3.758961E-9	3.731460E-9	3.508286E-9	3.861056E-9	3.525100E-9	3.712294E-9	3.864945E-9	4.164038E-9	3.841046E-9	-1.403562E-11	4.118264E-9	3.872724E-9	3.690645E-9	3.718111E-9	-1.187908E-11	3.893617E-9	4.261478E-9	4.285615E-9	4.235121E-9	3.988010E-9	4.081043E-9	4.023256E-9	4.139033E-9	4.429432E-9
   0:32:47	1	2.666300E+1	4.220000E+2	1.223300E-7	1.213776E-7	3.531423E-9	3.497176E-9	4.133800E-9	3.605237E-9	3.683695E-9	3.778120E-9	4.016770E-9	3.795010E-9	3.948238E-9	3.920033E-9	3.679125E-9	4.062691E-9	3.709619E-9	3.893598E-9	4.055611E-9	4.381497E-9	4.049090E-9	-1.491695E-11	4.327143E-9	4.074459E-9	3.892690E-9	3.919748E-9	-1.244764E-11	4.105110E-9	4.500892E-9	4.516987E-9	4.473482E-9	4.216958E-9	4.319361E-9	4.261382E-9	4.380951E-9	4.675085E-9
   0:33:01	1	2.666200E+1	4.230000E+2	1.288000E-7	1.281268E-7	3.715189E-9	3.678390E-9	4.348786E-9	3.800096E-9	3.866476E-9	3.963931E-9	4.224906E-9	4.000785E-9	4.152600E-9	4.123140E-9	3.881325E-9	4.280367E-9	3.909656E-9	4.095917E-9	4.270160E-9	4.608195E-9	4.281022E-9	-1.497955E-11	4.565689E-9	4.303404E-9	4.111709E-9	4.146646E-9	-1.187908E-11	4.352295E-9	4.769626E-9	4.783531E-9	4.737795E-9	4.477815E-9	4.577251E-9	4.515092E-9	4.650213E-9	4.961639E-9
   0:33:15	1	2.666000E+1	4.240000E+2	1.356600E-7	1.354979E-7	3.922983E-9	3.874107E-9	4.578371E-9	3.996980E-9	4.068327E-9	4.166401E-9	4.462286E-9	4.219815E-9	4.372621E-9	4.344451E-9	4.092947E-9	4.512755E-9	4.123818E-9	4.316349E-9	4.507320E-9	4.862043E-9	4.526000E-9	-1.441319E-11	4.830122E-9	4.551467E-9	4.360577E-9	4.401325E-9	-1.307905E-11	4.604449E-9	5.072599E-9	5.074505E-9	5.022691E-9	4.766024E-9	4.860590E-9	4.807265E-9	4.949644E-9	5.276558E-9
   0:33:29	1	2.665900E+1	4.250000E+2	1.447000E-7	1.443820E-7	4.167227E-9	4.110367E-9	4.853342E-9	4.247342E-9	4.308067E-9	4.412492E-9	4.733398E-9	4.484437E-9	4.644554E-9	4.613027E-9	4.357807E-9	4.803367E-9	4.375989E-9	4.579692E-9	4.792179E-9	5.158294E-9	4.827298E-9	-1.460198E-11	5.144130E-9	4.843915E-9	4.655316E-9	4.699844E-9	-1.282669E-11	4.914514E-9	5.434337E-9	5.438461E-9	5.375529E-9	5.108873E-9	5.210675E-9	5.155832E-9	5.304897E-9	5.654219E-9
   0:33:42	1	2.665700E+1	4.260000E+2	1.533000E-7	1.537657E-7	4.413177E-9	4.360690E-9	5.130842E-9	4.495868E-9	4.556295E-9	4.670779E-9	5.027060E-9	4.758191E-9	4.918136E-9	4.879140E-9	4.622666E-9	5.097768E-9	4.653304E-9	4.858369E-9	5.079065E-9	5.481760E-9	5.148742E-9	-1.403562E-11	5.468219E-9	5.164135E-9	4.965515E-9	5.027844E-9	-1.270001E-11	5.252275E-9	5.833593E-9	5.804550E-9	5.756969E-9	5.481102E-9	5.584378E-9	5.533231E-9	5.701107E-9	6.067652E-9
   0:33:56	1	2.665500E+1	4.270000E+2	1.646100E-7	1.643183E-7	4.699358E-9	4.642725E-9	5.449304E-9	4.780340E-9	4.833793E-9	4.955717E-9	5.341757E-9	5.062572E-9	5.228610E-9	5.184181E-9	4.925713E-9	5.431384E-9	4.956083E-9	5.158188E-9	5.416880E-9	5.833009E-9	5.511555E-9	-1.497955E-11	5.852587E-9	5.522595E-9	5.328339E-9	5.369766E-9	-1.225812E-11	5.626731E-9	6.267214E-9	6.235704E-9	6.186018E-9	5.900309E-9	6.015858E-9	5.959483E-9	6.140532E-9	6.529204E-9
   0:34:10	1	2.665400E+1	4.280000E+2	1.766400E-7	1.763486E-7	5.013224E-9	4.944939E-9	5.801773E-9	5.094621E-9	5.138218E-9	5.265107E-9	5.711219E-9	5.407920E-9	5.583963E-9	5.527330E-9	5.267457E-9	5.818614E-9	5.294272E-9	5.502434E-9	5.778132E-9	6.229825E-9	5.932207E-9	-1.359447E-11	6.274500E-9	5.932147E-9	5.734387E-9	5.790868E-9	-1.288953E-11	6.058530E-9	6.784506E-9	6.747251E-9	6.675370E-9	6.388658E-9	6.501774E-9	6.447644E-9	6.661621E-9	7.066540E-9
   0:34:24	1	2.665300E+1	4.290000E+2	1.918000E-7	1.910556E-7	5.399236E-9	5.313800E-9	6.223775E-9	5.476808E-9	5.514995E-9	5.653071E-9	6.145173E-9	5.831708E-9	6.003210E-9	5.957496E-9	5.682164E-9	6.272278E-9	5.705242E-9	5.934649E-9	6.234273E-9	6.728536E-9	6.428502E-9	-1.472817E-11	6.796188E-9	6.428025E-9	6.224104E-9	6.299658E-9	-1.288953E-11	6.587516E-9	7.425949E-9	7.362801E-9	7.282795E-9	6.979702E-9	7.097815E-9	7.073367E-9	7.287327E-9	7.733034E-9
   0:34:37	1	2.665200E+1	4.300000E+2	2.081400E-7	2.072487E-7	5.801264E-9	5.722888E-9	6.684464E-9	5.887347E-9	5.917558E-9	6.068755E-9	6.608187E-9	6.267102E-9	6.478810E-9	6.398534E-9	6.126461E-9	6.759472E-9	6.157193E-9	6.383273E-9	6.724559E-9	7.240536E-9	6.990490E-9	-1.428701E-11	7.374505E-9	6.980009E-9	6.763040E-9	6.852350E-9	-1.238480E-11	7.186936E-9	8.140094E-9	8.065399E-9	7.971231E-9	7.654890E-9	7.795648E-9	7.763088E-9	8.016711E-9	8.494628E-9
   0:34:51	1	2.665000E+1	4.310000E+2	2.271200E-7	2.262193E-7	6.268251E-9	6.194714E-9	7.210386E-9	6.346175E-9	6.384872E-9	6.546545E-9	7.158558E-9	6.790577E-9	6.996244E-9	6.917994E-9	6.644356E-9	7.326423E-9	6.683828E-9	6.898663E-9	7.288006E-9	7.845127E-9	7.671642E-9	-1.447579E-11	8.050898E-9	7.618253E-9	7.414167E-9	7.508539E-9	-1.282669E-11	7.895375E-9	9.009605E-9	8.885695E-9	8.799089E-9	8.456332E-9	8.585426E-9	8.572062E-9	8.869910E-9	9.408864E-9
   0:35:05	1	2.664900E+1	4.320000E+2	2.511900E-7	2.508364E-7	6.880596E-9	6.771210E-9	7.884730E-9	6.954800E-9	6.948041E-9	7.148920E-9	7.840569E-9	7.441764E-9	7.665049E-9	7.585457E-9	7.295342E-9	8.047963E-9	7.345953E-9	7.559639E-9	8.012156E-9	8.638761E-9	8.540632E-9	-1.403562E-11	8.937871E-9	8.445761E-9	8.240081E-9	8.368195E-9	-1.131051E-11	8.800078E-9	1.016506E-8	9.981575E-9	9.867197E-9	9.531164E-9	9.659424E-9	9.662942E-9	1.001049E-8	1.063036E-8
   0:35:19	1	2.664800E+1	4.330000E+2	2.790300E-7	2.786396E-7	7.530211E-9	7.389319E-9	8.600038E-9	7.589625E-9	7.584322E-9	7.792844E-9	8.598003E-9	8.155476E-9	8.403202E-9	8.317820E-9	8.020683E-9	8.844654E-9	8.071420E-9	8.305934E-9	8.816630E-9	9.509984E-9	9.503316E-9	-1.523093E-11	9.946791E-9	9.390558E-9	9.200904E-9	9.351250E-9	-1.162571E-11	9.857292E-9	1.152242E-8	1.126776E-8	1.111640E-8	1.074820E-8	1.092268E-8	1.093682E-8	1.134683E-8	1.202508E-8
   0:35:32	1	2.664700E+1	4.340000E+2	3.131500E-7	3.137031E-7	8.322224E-9	8.164619E-9	9.477227E-9	8.364250E-9	8.341233E-9	8.587694E-9	9.503371E-9	9.017641E-9	9.330439E-9	9.190226E-9	8.916552E-9	9.854848E-9	8.953409E-9	9.212584E-9	9.777813E-9	1.054608E-8	1.078631E-8	-1.416181E-11	1.120396E-8	1.056543E-8	1.039343E-8	1.058401E-8	-1.257433E-11	1.118429E-8	1.328540E-8	1.292097E-8	1.274502E-8	1.234715E-8	1.251145E-8	1.260527E-8	1.311194E-8	1.392498E-8
   0:35:46	1	2.664600E+1	4.350000E+2	3.583700E-7	3.580110E-7	9.266095E-9	9.092006E-9	1.051498E-8	9.287159E-9	9.248237E-9	9.514860E-9	1.057449E-8	1.007093E-8	1.043307E-8	1.026226E-8	9.989896E-9	1.102942E-8	1.004690E-8	1.028691E-8	1.097432E-8	1.184766E-8	1.236217E-8	-1.516833E-11	1.280802E-8	1.206108E-8	1.190675E-8	1.215679E-8	-1.168955E-11	1.289606E-8	1.562626E-8	1.511223E-8	1.489191E-8	1.444016E-8	1.465711E-8	1.475643E-8	1.544422E-8	1.647946E-8
   0:36:00	1	2.664500E+1	4.360000E+2	4.226800E-7	4.228695E-7	1.056022E-8	1.032230E-8	1.193434E-8	1.055561E-8	1.047810E-8	1.080453E-8	1.204583E-8	1.149810E-8	1.194709E-8	1.176124E-8	1.144842E-8	1.263802E-8	1.154553E-8	1.180948E-8	1.260468E-8	1.362384E-8	1.470749E-8	-1.416181E-11	1.509414E-8	1.424344E-8	1.408288E-8	1.443592E-8	-1.112099E-11	1.541510E-8	1.932537E-8	1.846985E-8	1.818862E-8	1.767726E-8	1.790317E-8	1.816867E-8	1.909874E-8	2.050680E-8
   0:36:14	1	2.664400E+1	4.370000E+2	5.094200E-7	5.087401E-7	1.212236E-8	1.183759E-8	1.362311E-8	1.202404E-8	1.191792E-8	1.231924E-8	1.383889E-8	1.320778E-8	1.381393E-8	1.354011E-8	1.325312E-8	1.467691E-8	1.335296E-8	1.366487E-8	1.463987E-8	1.586873E-8	1.775931E-8	-1.554590E-11	1.814226E-8	1.713576E-8	1.695228E-8	1.743189E-8	-1.541716E-11	1.881134E-8	2.456456E-8	2.325546E-8	2.281775E-8	2.212722E-8	2.247304E-8	2.288850E-8	2.429200E-8	2.641826E-8
   0:36:27	1	2.664300E+1	4.380000E+2	6.405900E-7	6.398579E-7	1.419873E-8	1.377099E-8	1.584924E-8	1.398890E-8	1.383203E-8	1.431312E-8	1.616405E-8	1.547885E-8	1.630051E-8	1.596768E-8	1.569400E-8	1.742162E-8	1.582417E-8	1.613523E-8	1.742043E-8	1.893232E-8	2.237192E-8	-1.296552E-11	2.263992E-8	2.126163E-8	2.121272E-8	2.197313E-8	-7.771424E-12	2.399627E-8	3.362292E-8	3.114652E-8	3.040326E-8	2.947681E-8	2.992151E-8	3.078333E-8	3.311149E-8	3.666534E-8
   0:36:41	1	2.664200E+1	4.390000E+2	8.733100E-7	8.722119E-7	1.705847E-8	1.647433E-8	1.890933E-8	1.666611E-8	1.641974E-8	1.705785E-8	1.941600E-8	1.865496E-8	1.995235E-8	1.940459E-8	1.916183E-8	2.128755E-8	1.936770E-8	1.972346E-8	2.137647E-8	2.335983E-8	3.017446E-8	-1.447579E-11	2.990389E-8	2.804443E-8	2.810677E-8	2.936923E-8	-9.414285E-12	3.302251E-8	5.239136E-8	4.672133E-8	4.511681E-8	4.360978E-8	4.449068E-8	4.631067E-8	5.143239E-8	5.925091E-8
   0:36:55	1	2.664300E+1	4.400000E+2	1.525200E-6	1.524217E-6	2.180941E-8	2.093995E-8	2.384378E-8	2.092491E-8	2.064798E-8	2.144602E-8	2.475177E-8	2.392953E-8	2.621406E-8	2.527312E-8	2.522747E-8	2.808277E-8	2.555050E-8	2.604919E-8	2.830031E-8	3.137388E-8	4.789502E-8	-1.441319E-11	4.602883E-8	4.288676E-8	4.322166E-8	4.605865E-8	5.686675E-12	5.479038E-8	1.217416E-7	9.683887E-8	9.037895E-8	8.670573E-8	8.905811E-8	9.587684E-8	1.154071E-7	1.529729E-7
