APD#	0016	Started	07/23/07 15:06	Sense_ohms	1.004464E+6	1.004628E+6	1.002105E+6	1.000924E+6	9.998282E+5	1.007735E+6	1.002821E+6	9.989270E+5	9.993226E+5	1.002376E+6	1.001862E+6	1.003102E+6	1.000030E+6	1.003780E+6	1.000011E+6	1.000898E+6	9.999006E+5	1.006439E+6	1.005624E+6	1.010450E+6	1.003884E+6	1.005600E+6	1.002519E+6	1.006362E+6	1.004620E+6	1.008599E+6	1.003214E+6	1.000475E+6	1.003139E+6	9.996927E+5	1.009944E+6	1.000506E+6	
ElapTime	Shutter_Open	DegC	BiasV	KE237_Amps	Pixel_Sum	A1	A2	A3	A4	A5	A6	A7	A8	B1	B2	B3	B4	B5	B6	B7	B8	C1	C2	C3	C4	C5	C6	C7	C8	D1	D2	D3	D4	D5	D6	D7	D8
0:00:00	0	-1.509598E+1	0.000000E+0	3.710000E-11	-4.801178E-10	-1.264356E-11	0.000000E+0	-1.267332E-11	-1.268828E-11	0.000000E+0	-1.260252E-11	-2.522883E-11	-2.532718E-11	-1.270861E-11	-1.266990E-11	0.000000E+0	0.000000E+0	-1.269962E-11	-2.520473E-11	-1.269986E-11	0.000000E+0	-1.270126E-11	-2.513814E-11	0.000000E+0	-1.256866E-11	-1.265086E-11	-1.262928E-11	-2.523643E-11	-1.261971E-11	-1.264160E-11	0.000000E+0	-2.521895E-11	-2.528799E-11	-1.266026E-11	-3.801168E-11	-3.762585E-11	-3.798078E-11
0:00:08	0	-1.509674E+1	5.000000E+1	2.560800E-9	-2.909271E-10	2.518756E-11	0.000000E+0	-2.524686E-11	0.000000E+0	-1.270218E-11	-1.260252E-11	-1.266427E-11	0.000000E+0	-1.270861E-11	-1.266990E-11	0.000000E+0	-2.522176E-11	-1.269962E-11	0.000000E+0	-1.269986E-11	-1.268861E-11	0.000000E+0	-1.261875E-11	-2.515851E-11	-1.256866E-11	-1.265086E-11	0.000000E+0	-1.266809E-11	0.000000E+0	0.000000E+0	0.000000E+0	-2.521895E-11	-1.269397E-11	-1.266026E-11	-1.270390E-11	-1.257495E-11	-1.269358E-11
0:00:17	0	-1.509704E+1	1.000000E+2	4.288100E-9	-3.409810E-10	0.000000E+0	0.000000E+0	0.000000E+0	-1.268828E-11	0.000000E+0	0.000000E+0	0.000000E+0	-1.271364E-11	-2.531715E-11	-1.266990E-11	1.267640E-11	-2.522176E-11	-1.269962E-11	-1.265217E-11	0.000000E+0	-1.268861E-11	-1.270126E-11	-2.513814E-11	-2.515851E-11	0.000000E+0	-1.265086E-11	-1.262928E-11	-2.523643E-11	1.261971E-11	-1.264160E-11	-1.259172E-11	-2.521895E-11	-1.269397E-11	-2.522083E-11	0.000000E+0	-2.505089E-11	-1.269358E-11
0:00:26	0	-1.509879E+1	1.500000E+2	4.819700E-9	-1.903343E-10	0.000000E+0	-1.264150E-11	0.000000E+0	-1.268828E-11	-1.270218E-11	0.000000E+0	0.000000E+0	-1.271364E-11	-1.270861E-11	-1.266990E-11	1.267640E-11	0.000000E+0	-2.529924E-11	-1.265217E-11	-3.799958E-11	-1.268861E-11	0.000000E+0	-1.261875E-11	0.000000E+0	0.000000E+0	-1.265086E-11	1.262928E-11	-1.266809E-11	3.775977E-11	-1.264160E-11	0.000000E+0	-1.265931E-11	0.000000E+0	0.000000E+0	-1.270390E-11	0.000000E+0	-1.269358E-11
0:00:35	0	-1.499786E+1	2.000000E+2	5.009500E-9	-2.402518E-10	1.264356E-11	0.000000E+0	-2.524686E-11	-1.268828E-11	0.000000E+0	-1.260252E-11	-1.266427E-11	-1.271364E-11	-2.531715E-11	-1.266990E-11	-1.267640E-11	0.000000E+0	-1.269962E-11	0.000000E+0	0.000000E+0	-1.268861E-11	0.000000E+0	0.000000E+0	0.000000E+0	-2.503835E-11	-1.265086E-11	-1.262928E-11	-1.266809E-11	3.775977E-11	1.264160E-11	0.000000E+0	-1.265931E-11	0.000000E+0	-1.266026E-11	-1.270390E-11	-3.762585E-11	-1.269358E-11
0:00:43	0	-1.500113E+1	2.500000E+2	5.090400E-9	1.386712E-10	0.000000E+0	1.264150E-11	-1.267332E-11	1.268828E-11	0.000000E+0	-1.260252E-11	1.266427E-11	0.000000E+0	0.000000E+0	-1.266990E-11	1.267640E-11	0.000000E+0	-1.269962E-11	-1.265217E-11	3.799958E-11	-1.268861E-11	0.000000E+0	-1.261875E-11	0.000000E+0	0.000000E+0	1.265086E-11	0.000000E+0	0.000000E+0	1.006596E-10	0.000000E+0	1.259172E-11	0.000000E+0	0.000000E+0	0.000000E+0	1.270390E-11	0.000000E+0	0.000000E+0
0:00:52	0	-1.499687E+1	3.000000E+2	5.465000E-9	6.694003E-10	2.518756E-11	3.782495E-11	1.267332E-11	2.527664E-11	2.530435E-11	1.260252E-11	1.266427E-11	3.804082E-11	1.270861E-11	1.266990E-11	1.267640E-11	1.266073E-11	2.529924E-11	0.000000E+0	3.799958E-11	1.268861E-11	1.270126E-11	1.261875E-11	0.000000E+0	0.000000E+0	2.520211E-11	1.262928E-11	0.000000E+0	1.510391E-10	1.264160E-11	3.767602E-11	0.000000E+0	3.798196E-11	1.266026E-11	1.270390E-11	1.257495E-11	1.269358E-11
0:01:01	0	-1.509195E+1	3.500000E+2	6.715000E-9	2.170775E-9	7.566224E-11	6.300840E-11	7.584036E-11	5.065320E-11	6.331088E-11	6.281413E-11	7.578621E-11	7.608164E-11	5.073437E-11	5.057982E-11	5.060577E-11	6.310425E-11	5.069848E-11	6.306163E-11	6.329930E-11	6.324321E-11	6.330629E-11	6.289502E-11	8.820394E-11	6.264536E-11	6.305509E-11	6.294749E-11	5.057261E-11	2.643184E-10	5.046684E-11	7.535205E-11	6.309721E-11	6.326995E-11	5.054135E-11	6.331946E-11	3.762585E-11	5.067436E-11
0:01:10	0	-1.498661E+1	4.000000E+2	1.525300E-8	1.130068E-8	3.404801E-10	3.530660E-10	3.160347E-10	3.037194E-10	3.420588E-10	3.645800E-10	4.042596E-10	3.677946E-10	3.296233E-10	3.538592E-10	3.161114E-10	3.409424E-10	3.166905E-10	3.281596E-10	3.546961E-10	3.164159E-10	3.674365E-10	3.524307E-10	3.778748E-10	3.134247E-10	3.533277E-10	3.653540E-10	3.790452E-10	5.664960E-10	3.152436E-10	3.642677E-10	3.662230E-10	3.672256E-10	3.409298E-10	3.548090E-10	3.135817E-10	3.545206E-10
0:01:18	0	-1.503046E+1	4.100000E+2	2.424400E-8	2.173031E-8	6.053975E-10	6.556656E-10	6.193962E-10	6.201270E-10	6.715154E-10	7.039549E-10	8.084194E-10	7.354892E-10	5.830950E-10	6.571386E-10	6.195464E-10	6.187805E-10	6.713799E-10	6.562195E-10	7.093922E-10	6.328317E-10	6.714667E-10	6.544858E-10	7.054326E-10	6.268494E-10	7.066554E-10	7.180788E-10	7.328539E-10	9.314740E-10	5.926619E-10	6.782676E-10	6.944680E-10	7.343512E-10	6.945199E-10	6.843103E-10	6.397384E-10	6.963476E-10
0:01:26	0	-1.509423E+1	4.200000E+2	9.421000E-8	9.216979E-8	1.752975E-9	2.093213E-9	2.174323E-9	2.379302E-9	2.901398E-9	3.419153E-9	4.029632E-9	4.007300E-9	1.812728E-9	2.300035E-9	2.415003E-9	2.740399E-9	3.166805E-9	3.520991E-9	3.901657E-9	3.556406E-9	2.166415E-9	2.341125E-9	2.796473E-9	2.795685E-9	3.470122E-9	3.653242E-9	3.790751E-9	3.486817E-9	1.803169E-9	2.223084E-9	2.538043E-9	2.836253E-9	2.942364E-9	3.155270E-9	2.872337E-9	3.127318E-9
0:01:34	0	-1.489601E+1	4.300000E+2	9.998900E-5	1.001043E-4	9.830282E-7	1.753305E-6	2.434529E-6	2.971616E-6	3.400584E-6	3.809146E-6	3.974926E-6	4.258848E-6	1.466873E-6	2.245719E-6	2.878794E-6	3.409754E-6	3.891369E-6	4.070966E-6	4.293451E-6	4.344094E-6	1.613810E-6	2.389154E-6	2.990945E-6	3.398812E-6	3.929050E-6	4.061973E-6	4.103974E-6	4.044396E-6	1.363570E-6	2.020833E-6	2.653294E-6	3.046122E-6	3.403441E-6	3.634901E-6	3.639786E-6	3.623235E-6
