APD#	0004	Started	06/22/07 18:36	Sense_ohms	1.004464E+6	1.004628E+6	1.002105E+6	1.000924E+6	9.998282E+5	1.007735E+6	1.002821E+6	9.989270E+5	9.993226E+5	1.002376E+6	1.001862E+6	1.003102E+6	1.000030E+6	1.003780E+6	1.000011E+6	1.000898E+6	9.999006E+5	1.006439E+6	1.005624E+6	1.010450E+6	1.003884E+6	1.005600E+6	1.002519E+6	1.006362E+6	1.004620E+6	1.008599E+6	1.003214E+6	1.000475E+6	1.003139E+6	9.996927E+5	1.009944E+6	1.000506E+6					
ElapTime	Shutter_Open	DegC	H2O_In	H2O_Out	TE_A	TE_V	BiasV	KE237_Amps	Pixel_Sum	A1	A2	A3	A4	A5	A6	A7	A8	B1	B2	B3	B4	B5	B6	B7	B8	C1	C2	C3	C4	C5	C6	C7	C8	D1	D2	D3	D4	D5	D6	D7	D8
0:00:00	0	-1.499535E+1	1.522100E+1	1.570700E+1	1.562914E+0	1.799802E+0	0.000000E+0	-8.585000E-11	-1.571101E-10	-1.009494E-12	-5.422903E-12	-4.361818E-12	-6.202269E-12	-5.004860E-12	-4.148908E-12	-3.284734E-12	3.487742E-12	-2.788889E-12	-4.107241E-12	-4.236112E-12	-3.662638E-12	-3.800886E-12	-5.995338E-12	-1.260586E-11	-5.063453E-12	-4.307428E-12	-9.818777E-12	-4.471850E-12	-5.892424E-12	-1.577872E-12	-7.622315E-12	-5.370472E-12	-6.608954E-12	-7.629751E-12	-5.213172E-12	-3.662230E-12	-5.698293E-12	-4.609531E-12	-4.498382E-12	-4.766601E-12	-7.154380E-12
0:00:13	0	-1.499618E+1	1.523800E+1	1.569900E+1	1.557594E+0	1.795090E+0	0.000000E+0	-5.166000E-11	-4.163566E-10	-8.830580E-13	-1.361897E-11	-1.308446E-11	-1.303695E-11	-1.292422E-11	-1.357698E-11	-1.143275E-11	-8.751390E-12	-1.039604E-11	-1.308092E-11	-1.549016E-11	-1.092511E-11	-1.102167E-11	-1.482994E-11	-1.399885E-11	-1.303729E-11	-1.457045E-11	-1.554590E-11	-1.518062E-11	-1.492009E-11	-1.280925E-11	-1.417363E-11	-1.301621E-11	-1.479189E-11	-1.437658E-11	-1.293775E-11	-1.332318E-11	-1.285289E-11	-1.521823E-11	-1.343313E-11	-1.411266E-11	-1.500541E-11
0:00:26	0	-1.499527E+1	1.523100E+1	1.569600E+1	1.564105E+0	1.801031E+0	1.000000E+1	1.031400E-10	-3.440504E-10	2.518756E-13	-1.317801E-11	-1.049291E-11	-1.132853E-11	-1.286121E-11	-1.175408E-11	-1.174886E-11	-1.382383E-11	-1.115656E-11	-1.466117E-11	-1.289798E-11	-2.412317E-11	-9.754707E-12	-1.318915E-11	9.437896E-12	-1.063245E-11	-1.336733E-11	-3.776682E-12	-1.474010E-11	-1.404226E-11	-5.805452E-12	-3.275656E-12	-1.099431E-11	-1.365910E-11	-1.286257E-11	-1.325205E-11	-1.313379E-11	-1.285289E-11	-1.250275E-11	-1.089835E-11	-1.273239E-11	-4.241854E-12
0:00:40	0	-1.499588E+1	1.521600E+1	1.569300E+1	1.560622E+0	1.797966E+0	2.000000E+1	1.839000E-10	-2.821253E-10	1.324089E-12	-1.254793E-11	-9.671641E-12	-1.044235E-11	-1.203807E-11	-1.106342E-11	-1.155939E-11	-2.346318E-11	-9.824655E-12	-1.118542E-11	-1.036969E-11	-5.177938E-12	-1.013470E-11	-1.192692E-11	2.324774E-11	-8.354498E-12	-1.336733E-11	2.202816E-12	-1.322761E-11	-1.341580E-11	-5.930964E-12	5.291368E-12	-1.263717E-11	-1.529569E-11	-1.204336E-11	-1.186993E-11	-1.212304E-11	-1.342262E-11	-1.161853E-11	-1.241982E-11	-1.279477E-11	3.735110E-12
0:00:53	0	-1.499504E+1	1.522600E+1	1.569400E+1	1.560356E+0	1.798776E+0	3.000000E+1	2.445800E-10	-2.436902E-10	8.193425E-13	-1.210597E-11	-9.924110E-12	-1.088494E-11	-1.191105E-11	-1.037177E-11	-1.130710E-11	-9.765478E-12	-1.052213E-11	-1.384012E-11	-1.074899E-11	-6.188802E-12	-7.790766E-12	-1.161111E-11	3.338263E-11	-1.037968E-11	-1.488748E-11	1.082530E-11	-1.341655E-11	-1.360384E-11	-9.465237E-12	1.064539E-11	-1.288953E-11	-1.347030E-11	-1.279986E-11	-1.092803E-11	-1.218683E-11	-1.253605E-11	-1.193454E-11	-1.096237E-11	-1.147786E-11	8.547675E-12
0:01:07	0	-1.499580E+1	1.521100E+1	1.570100E+1	1.564663E+0	1.801589E+0	4.000000E+1	3.064100E-10	-1.701394E-10	2.080712E-12	-1.002560E-11	-9.165706E-12	-1.145442E-11	-1.153098E-11	-1.301136E-11	-1.042260E-11	-3.677946E-12	-1.001478E-11	-1.143782E-11	-1.416263E-11	-4.230876E-12	-7.410778E-12	-9.528980E-12	6.986823E-11	-1.196126E-11	-1.488748E-11	1.409822E-11	-1.373177E-11	-1.285170E-11	4.412860E-13	1.669252E-11	-1.326858E-11	-1.126732E-11	-1.273715E-11	-1.030043E-11	-1.092389E-11	-1.291586E-11	-1.225055E-11	-1.191266E-11	-1.235613E-11	1.411886E-11
0:01:20	0	-1.499550E+1	1.523800E+1	1.569200E+1	1.561255E+0	1.798168E+0	5.000000E+1	3.524400E-10	-1.584424E-10	4.410312E-13	-1.242151E-11	-7.964235E-12	-1.132853E-11	-1.172101E-11	-1.125197E-11	-1.136993E-11	-1.173159E-11	-1.045908E-11	-1.011098E-11	-1.226616E-11	-1.187217E-11	-8.424747E-12	-1.085397E-11	8.589506E-11	-1.088523E-11	-1.444444E-11	1.655341E-11	-1.297602E-11	-1.285170E-11	-1.640628E-12	2.431484E-11	-1.257433E-11	-1.372170E-11	-1.380920E-11	-1.036289E-11	-1.086010E-11	-1.234614E-11	-1.193454E-11	-1.020214E-11	-1.235613E-11	1.709435E-11
0:01:34	0	-1.509803E+1	1.524600E+1	1.570000E+1	1.561711E+0	1.799182E+0	6.000000E+1	3.939200E-10	-1.361396E-10	6.272002E-14	-1.046656E-11	-9.292439E-12	-9.808937E-12	-1.013674E-11	-9.806149E-12	-1.143275E-11	-1.439445E-11	-9.634526E-12	-9.921427E-12	-1.125404E-11	-1.218819E-11	-8.741738E-12	-1.148558E-11	8.158710E-11	-8.227612E-12	-1.273327E-11	1.907021E-11	-1.272444E-11	-1.166015E-11	-3.157735E-13	2.910203E-11	-1.333242E-11	-9.882130E-12	-1.317812E-11	-8.729931E-12	-8.208618E-12	-1.177641E-11	-1.256655E-11	-8.490609E-12	-1.304627E-11	1.747416E-11
0:01:47	0	-1.510427E+1	1.522700E+1	1.568700E+1	1.551286E+0	1.789820E+0	7.000000E+1	4.287700E-10	-7.682060E-11	2.080712E-12	-9.647352E-12	-8.344435E-12	-9.872877E-12	-1.045380E-11	-1.093740E-11	-9.348628E-12	-1.756585E-11	-1.109251E-11	-9.415628E-12	-1.125404E-11	3.473226E-12	-6.207814E-12	-8.709080E-12	1.130698E-10	-9.873134E-12	-1.374737E-11	2.479832E-11	-1.240921E-11	-1.316443E-11	-4.606110E-12	3.546440E-11	-1.270001E-11	-1.265151E-11	-1.273715E-11	-1.048881E-11	-7.576649E-12	-1.196632E-11	-1.199834E-11	-1.007510E-11	-1.273239E-11	2.386892E-11
0:02:01	0	-1.499580E+1	1.521200E+1	1.570300E+1	1.550272E+0	1.787971E+0	8.000000E+1	5.134400E-10	-3.045416E-11	2.396303E-12	-1.027744E-11	-8.280569E-12	-8.480164E-12	-1.058082E-11	-1.012072E-11	-9.348628E-12	-2.289156E-11	-1.020591E-11	-1.093302E-11	-8.851518E-12	-1.010864E-12	-8.107757E-12	-8.771842E-12	1.192137E-10	-7.910896E-12	-1.134013E-11	3.511986E-11	-1.215763E-11	-1.260033E-11	1.274649E-11	4.138624E-11	-1.371146E-11	-1.233751E-11	-1.273715E-11	-8.667468E-12	-1.035572E-11	-1.171344E-11	-1.168233E-11	-1.051823E-11	-1.235613E-11	3.463248E-11
0:02:15	0	-1.499489E+1	1.523100E+1	1.568900E+1	1.553971E+0	1.791062E+0	9.000000E+1	5.684500E-10	5.929716E-11	2.333583E-12	-9.205397E-12	-8.217702E-12	-8.354281E-12	-9.883698E-12	-1.018323E-11	-9.790381E-12	-9.702411E-12	-9.698570E-12	-9.415628E-12	-1.384722E-11	-6.757040E-12	-4.243873E-12	-8.014704E-12	1.752731E-10	-9.809191E-12	-1.501449E-11	4.317698E-11	-1.177876E-11	-1.278836E-11	2.221073E-11	4.346460E-11	-1.333242E-11	-1.233751E-11	-1.273715E-11	-8.164791E-12	-1.092389E-11	-1.171344E-11	-1.193454E-11	-1.064527E-11	-1.260664E-11	4.393877E-11
0:02:29	0	-1.499504E+1	1.523700E+1	1.568800E+1	1.550437E+0	1.788972E+0	1.000000E+2	6.002100E-10	1.014547E-10	2.648179E-12	-8.890853E-12	-7.459298E-12	-9.113579E-12	-1.026376E-11	-1.030926E-11	-9.411450E-12	3.044266E-12	-8.367668E-12	-1.023768E-11	-1.036969E-11	-3.346619E-12	-2.343930E-12	-6.058100E-12	1.591842E-10	-1.006296E-11	-1.539453E-11	5.223963E-11	-1.102301E-11	-1.253798E-11	2.378861E-11	5.089797E-11	-1.263717E-11	-1.472929E-11	-1.097131E-11	-6.531833E-12	-1.003973E-11	-1.101677E-11	-1.206114E-11	-9.504921E-12	-1.110161E-11	5.343596E-11
0:02:43	0	-1.499657E+1	1.523400E+1	1.568700E+1	1.549512E+0	1.788212E+0	1.200000E+2	8.093200E-10	2.010114E-10	2.396303E-12	-9.458227E-12	-6.700895E-12	-8.544105E-12	-9.756676E-12	-1.131448E-11	-9.790381E-12	-4.248559E-12	-8.303625E-12	-8.088781E-12	-8.725753E-12	-1.136674E-11	-4.623861E-12	-6.247385E-12	2.123297E-10	-6.708975E-12	-1.203720E-11	7.250613E-11	-1.165346E-11	-1.266366E-11	3.085615E-11	6.261436E-11	-1.339526E-11	-1.284031E-11	-1.122315E-11	-5.464015E-12	-1.130267E-11	-1.101677E-11	-1.206114E-11	-1.032817E-11	-1.223038E-11	7.040338E-11
0:02:57	0	-1.499626E+1	1.522500E+1	1.567800E+1	1.548461E+0	1.787249E+0	1.400000E+2	7.263400E-10	2.873793E-10	1.828836E-12	-8.323479E-12	-7.711767E-12	-8.417222E-12	-9.503633E-12	-9.303041E-12	-1.149657E-11	3.550810E-12	-9.698570E-12	-7.772532E-12	-1.049546E-11	-8.336141E-12	-4.496865E-12	-5.679531E-12	2.320934E-10	-1.006296E-11	-1.571156E-11	9.271004E-11	-1.064513E-11	-1.310208E-11	3.249678E-11	8.182677E-11	-1.339526E-11	-1.233751E-11	-1.172782E-11	-4.898875E-12	-1.029192E-11	-1.152353E-11	-1.174513E-11	-1.007510E-11	-1.097586E-11	9.060016E-11
0:03:11	0	-1.499573E+1	1.522000E+1	1.567200E+1	1.552197E+0	1.789301E+0	1.600000E+2	9.320000E-10	4.509417E-10	2.459023E-12	-8.259774E-12	-5.878625E-12	-8.037573E-12	-9.439622E-12	-1.024575E-11	-8.653588E-12	5.897328E-12	-9.824655E-12	-7.836381E-12	-9.294693E-12	3.789246E-12	2.913913E-12	1.324992E-12	2.960707E-10	-8.480385E-12	-1.571156E-11	1.105849E-10	-7.055321E-12	-1.379187E-11	5.287762E-11	8.365354E-11	-1.364762E-11	-1.290391E-11	-1.267345E-11	-2.951619E-12	-1.123888E-11	-1.025713E-11	-1.130352E-11	-1.102539E-11	-1.072535E-11	1.106070E-10
0:03:25	0	-1.499611E+1	1.521400E+1	1.567400E+1	1.552489E+0	1.789567E+0	1.800000E+2	1.081300E-9	5.727319E-10	2.585459E-12	-6.620361E-12	-2.528677E-12	-8.859814E-12	-9.439622E-12	-1.056032E-11	-9.475270E-12	-7.799369E-12	-8.303625E-12	-5.877036E-12	-1.005328E-11	-1.894124E-12	1.963941E-12	1.767320E-12	3.555511E-10	-7.721066E-12	-1.463445E-11	1.299075E-10	-1.070877E-11	-1.147212E-11	5.824079E-11	1.106146E-10	-1.314289E-11	-1.189632E-11	-1.071948E-11	-2.889156E-12	-9.092776E-12	-1.101677E-11	-1.193454E-11	-8.744687E-12	-1.103923E-11	1.285250E-10
0:03:39	0	-1.499489E+1	1.521800E+1	1.567300E+1	1.551830E+0	1.789149E+0	2.000000E+2	1.223100E-9	7.184136E-10	2.269867E-12	-5.737447E-12	-2.907879E-12	-5.253146E-12	-8.996546E-12	-9.429066E-12	-8.148014E-12	-4.311626E-12	-7.796281E-12	-4.613039E-12	-1.106440E-11	1.332467E-11	5.573833E-12	7.068282E-12	4.118635E-10	-8.290555E-12	-1.564756E-11	1.474049E-10	-8.251593E-12	-1.084566E-11	5.937738E-11	1.252287E-10	-1.232096E-11	-1.195991E-11	-1.040393E-11	-1.947256E-12	-9.723748E-12	-1.069992E-11	-1.294536E-11	-8.997765E-12	-9.784701E-12	1.463789E-10
0:03:53	0	-1.499489E+1	1.522500E+1	1.568600E+1	1.551007E+0	1.788579E+0	2.200000E+2	1.440000E-9	7.739255E-10	3.342081E-12	-4.980948E-12	-3.160347E-12	-4.999381E-12	-9.503633E-12	-9.931182E-12	-7.769083E-12	-1.464872E-11	-7.670196E-12	-3.981540E-12	-8.536106E-12	2.475421E-11	1.963941E-12	3.155074E-12	3.981816E-10	-5.568999E-12	-1.476047E-11	1.677966E-10	-8.629468E-12	-1.172250E-11	7.956895E-11	1.281255E-10	-1.282669E-11	-1.284031E-11	-9.772849E-12	3.142974E-13	-8.966183E-12	-1.038407E-11	-1.105031E-11	-8.110492E-12	-9.533202E-12	1.660700E-10
0:04:07	0	-1.499497E+1	1.522300E+1	1.568300E+1	1.551868E+0	1.789238E+0	2.400000E+2	1.585700E-9	9.732118E-10	4.414295E-12	-4.918238E-12	-6.316703E-13	-4.366965E-12	-9.376611E-12	-8.297816E-12	-7.516795E-12	-3.107334E-12	-7.670196E-12	-3.033792E-12	-8.472225E-12	2.658553E-11	5.827825E-12	1.066469E-11	4.885736E-10	-7.531237E-12	-1.577457E-11	1.861126E-10	-1.190505E-11	-9.842150E-12	9.969777E-11	1.502357E-10	-1.326858E-11	-1.378530E-11	-9.899265E-12	-3.142974E-13	-8.587400E-12	-8.547940E-12	-9.029656E-12	-7.667356E-12	-9.596572E-12	1.842408E-10
0:04:21	0	-1.509347E+1	1.522800E+1	1.568100E+1	1.547738E+0	1.786894E+0	2.600000E+2	1.581100E-9	1.007832E-9	3.090205E-12	-4.224449E-12	-2.718278E-12	-4.240082E-12	-8.426448E-12	-8.925958E-12	-6.126717E-12	-1.629749E-11	-7.225895E-12	-3.538592E-12	-6.765403E-12	2.317611E-11	-1.203964E-12	1.060192E-11	4.976315E-10	-7.847953E-12	-1.292328E-11	2.041763E-10	-9.007343E-12	-1.184819E-11	1.126963E-10	1.453232E-10	-1.168955E-11	-1.428810E-11	-1.027752E-11	3.391834E-12	-6.504096E-12	-9.433519E-12	-1.307097E-11	-7.160200E-12	-9.909460E-12	2.013981E-10
0:04:35	0	-1.499657E+1	1.523500E+1	1.568000E+1	1.544293E+0	1.783246E+0	2.800000E+2	1.784500E-9	1.180205E-9	4.098703E-12	-2.585036E-12	-6.955359E-13	-2.848368E-12	-5.955023E-12	-7.983250E-12	-8.780231E-12	9.448138E-12	-5.577778E-12	-1.705947E-12	-8.788636E-12	1.686070E-11	5.069848E-13	1.287334E-11	5.515379E-10	-7.784010E-12	-1.482447E-11	2.233727E-10	-8.755758E-12	-1.090801E-11	1.315630E-10	1.717164E-10	-1.276385E-11	-1.170752E-11	-9.205471E-12	3.454297E-12	-8.271416E-12	-8.990729E-12	-1.237715E-11	-6.653044E-12	-9.470822E-12	2.214050E-10
0:04:49	0	-1.499634E+1	1.521800E+1	1.570100E+1	1.544622E+0	1.783613E+0	3.000000E+2	1.964400E-9	1.375227E-9	4.919041E-12	-2.395912E-12	1.516807E-12	-2.848368E-12	-7.349263E-12	-6.852000E-12	-5.432674E-12	1.331429E-12	-6.022079E-12	5.686489E-13	-5.500758E-12	3.309035E-11	9.881704E-12	1.867939E-11	6.185552E-10	-5.758829E-12	-1.381037E-11	2.419401E-10	-8.315235E-12	-9.654115E-12	1.498619E-10	1.953381E-10	-1.288953E-11	-1.202251E-11	-9.269176E-12	6.531833E-12	-7.640444E-12	-9.813339E-12	-9.282861E-12	-5.069558E-12	-7.965788E-12	2.409051E-10
0:05:03	0	-1.499687E+1	1.525300E+1	1.570000E+1	1.544571E+0	1.783106E+0	3.200000E+2	2.097300E-9	1.373417E-9	3.090205E-12	-2.585036E-12	3.413814E-12	-5.694738E-13	-5.321914E-12	-7.731199E-12	-6.506645E-12	9.512207E-12	-5.451693E-12	-5.057982E-13	-5.373994E-12	1.812378E-11	5.067848E-12	1.552432E-11	5.688307E-10	-1.835352E-12	-1.691468E-11	2.617655E-10	-7.936366E-12	-8.086496E-12	1.460129E-10	2.149920E-10	-1.320573E-11	-1.321791E-11	-8.827218E-12	5.589932E-12	-6.756285E-12	-7.977211E-12	-8.714645E-12	-4.435363E-12	-7.275651E-12	2.607221E-10
0:05:17	0	-1.499558E+1	1.524200E+1	1.569900E+1	1.545116E+0	1.783955E+0	3.400000E+2	2.343800E-9	1.756301E-9	7.126189E-12	1.765828E-12	3.793016E-12	1.202889E-12	-4.307740E-12	-5.531216E-12	-4.042596E-12	1.204893E-11	-4.627134E-12	2.780394E-12	-1.770703E-12	3.978359E-11	1.317560E-11	2.833489E-11	7.600666E-10	-1.645522E-12	-1.596459E-11	2.832909E-10	-6.488509E-12	-8.024148E-12	2.166844E-10	2.183304E-10	-1.333242E-11	-1.391050E-11	-7.566045E-12	7.912956E-12	-7.703242E-12	-6.078113E-12	-9.787278E-12	-3.104954E-12	-6.523134E-12	2.804121E-10
0:05:31	0	-1.499611E+1	1.523200E+1	1.569400E+1	1.543786E+0	1.782688E+0	3.600000E+2	2.601300E-9	1.930924E-9	1.128861E-11	2.900576E-12	9.165706E-12	4.873497E-12	-4.430761E-13	-2.829117E-12	-1.705190E-12	5.897328E-12	1.585074E-12	7.772532E-12	6.318235E-13	3.340538E-11	1.336560E-11	3.104864E-11	7.912323E-10	3.228101E-12	-1.431742E-11	3.045649E-10	2.078312E-12	-3.134247E-12	2.034966E-10	2.542989E-10	-1.206860E-11	-1.246271E-11	-5.612072E-12	9.609369E-12	-1.515130E-12	-1.899098E-12	-7.577215E-12	-6.301937E-14	-1.756533E-12	3.058642E-10
0:05:44	0	-1.499565E+1	1.523100E+1	1.569900E+1	1.543951E+0	1.781523E+0	3.610000E+2	2.506000E-9	2.061794E-9	1.084658E-11	4.413574E-12	1.232605E-11	5.948504E-12	-2.534435E-12	-1.571842E-12	-4.417538E-13	8.053642E-12	8.235579E-13	8.846980E-12	7.585875E-13	6.138060E-11	1.944642E-11	3.780111E-11	8.474177E-10	-5.065451E-13	-1.482447E-11	3.060752E-10	-8.183973E-13	-3.322282E-12	2.550494E-10	2.419531E-10	-1.352194E-11	-1.271511E-11	-6.998666E-12	9.295072E-12	-2.778071E-12	-2.278918E-12	-7.387810E-12	-1.900584E-13	-6.267674E-13	3.018753E-10
0:05:58	0	-1.499573E+1	1.524200E+1	1.568500E+1	1.545813E+0	1.783474E+0	3.620000E+2	2.629600E-9	2.000590E-9	1.160320E-11	4.791823E-12	1.321119E-11	6.012445E-12	-7.601306E-13	-5.656249E-13	1.266427E-13	9.638342E-12	8.235579E-13	8.910828E-12	2.402526E-12	6.144440E-11	1.760947E-11	3.830521E-11	8.137190E-10	4.492965E-12	-1.374737E-11	3.022359E-10	-3.778748E-13	-1.943688E-12	2.004046E-10	2.570704E-10	-1.168955E-11	-1.265151E-11	-7.376919E-12	1.004859E-11	-4.103810E-12	-2.849646E-12	-6.440782E-12	1.270390E-13	-1.756533E-12	3.018753E-10
0:06:11	0	-1.499611E+1	1.524900E+1	1.568900E+1	1.541747E+0	1.779825E+0	3.630000E+2	2.549100E-9	1.861861E-9	1.053199E-11	5.674737E-12	9.482040E-12	6.392094E-12	1.140196E-12	0.000000E+0	5.683966E-13	9.765478E-12	1.457988E-12	7.709682E-12	6.957046E-13	4.287799E-11	1.374559E-11	2.877623E-11	7.307380E-10	4.303136E-12	-1.602759E-11	3.004733E-10	-1.008329E-12	-2.632490E-12	1.825480E-10	2.565672E-10	-1.453239E-11	-1.221131E-11	-6.115745E-12	9.545915E-12	-1.768317E-12	-2.278918E-12	-6.504582E-12	-1.270390E-13	-1.004016E-12	3.030786E-10
0:06:25	0	-1.499520E+1	1.523400E+1	1.569200E+1	1.544141E+0	1.783182E+0	3.640000E+2	2.473000E-9	1.940497E-9	1.135133E-11	4.980948E-12	9.482040E-12	6.644860E-12	-7.601306E-13	-9.427082E-13	7.578621E-13	1.902341E-11	1.204816E-12	8.405030E-12	-7.585875E-13	3.978359E-11	1.551853E-11	3.048078E-11	7.696945E-10	-1.138977E-12	-1.412740E-11	3.043761E-10	-1.133624E-12	-2.131723E-12	2.394639E-10	2.358423E-10	-1.383814E-11	-1.428810E-11	-7.062372E-12	1.180747E-11	-3.914419E-12	-1.963068E-12	-7.451609E-12	-1.900584E-13	-1.128775E-12	3.025089E-10
0:06:38	0	-1.499596E+1	1.521500E+1	1.569600E+1	1.546016E+0	1.783626E+0	3.650000E+2	2.469400E-9	1.965136E-9	1.229711E-11	5.233778E-12	1.207359E-11	6.644860E-12	-5.700979E-13	1.885416E-13	6.282278E-14	4.819171E-12	0.000000E+0	8.467880E-12	6.288291E-14	5.809678E-11	1.418857E-11	3.414095E-11	7.698215E-10	5.065451E-13	-1.317731E-11	3.015434E-10	-2.456186E-12	-4.074422E-12	2.452684E-10	2.321261E-10	-1.288953E-11	-1.284031E-11	-5.737493E-12	1.262345E-11	0.000000E+0	-9.495490E-13	-5.304350E-12	2.530778E-13	8.148967E-13	3.039012E-10
0:06:52	0	-1.499527E+1	1.522800E+1	1.568400E+1	1.542101E+0	1.780142E+0	3.660000E+2	2.679600E-9	2.107653E-9	1.116217E-11	6.620361E-12	1.352752E-11	8.037573E-12	7.601306E-13	6.251644E-14	-5.683966E-13	8.624254E-12	8.876013E-13	1.150167E-11	1.201762E-12	5.260283E-11	1.887643E-11	4.177609E-11	8.498257E-10	3.543818E-12	-1.349334E-11	3.017321E-10	-3.778748E-13	-1.692315E-12	2.638831E-10	2.503938E-10	-1.307905E-11	-1.139252E-11	-6.115745E-12	1.117887E-11	5.681739E-13	-1.456308E-12	-6.819593E-12	4.431362E-13	-1.818913E-12	3.072575E-10
0:07:05	0	-1.509195E+1	1.524000E+1	1.570300E+1	1.541620E+0	1.780674E+0	3.670000E+2	2.605100E-9	1.879959E-9	1.280185E-11	4.602699E-12	1.150478E-11	6.898626E-12	6.331088E-13	5.656249E-13	2.147941E-12	1.230220E-11	6.974725E-13	8.594579E-12	1.454292E-12	3.852051E-11	1.285861E-11	3.300424E-11	7.200961E-10	4.367078E-12	-1.355735E-11	3.004733E-10	-6.931020E-13	-2.131723E-12	1.982600E-10	2.515901E-10	-1.352194E-11	-1.240011E-11	-6.053035E-12	1.048881E-11	-1.325739E-12	-7.596392E-13	-6.883393E-12	5.701752E-13	-1.881292E-13	3.050416E-10
0:07:19	0	-1.499520E+1	1.524200E+1	1.568000E+1	1.538744E+0	1.778217E+0	3.680000E+2	2.585400E-9	2.120587E-9	1.122489E-11	7.629690E-12	1.390673E-11	7.593983E-12	8.231414E-13	4.395997E-13	2.589694E-12	7.863437E-12	1.330902E-12	1.023768E-11	3.730055E-12	6.422278E-11	1.919242E-11	4.114547E-11	8.401968E-10	4.683794E-12	-1.343033E-11	3.022359E-10	-1.511499E-12	-2.632490E-12	2.802256E-10	2.347086E-10	-1.320573E-11	-1.189632E-11	-5.863909E-12	1.306367E-11	1.515130E-12	2.528799E-13	-5.935369E-12	2.154662E-12	-3.762585E-13	3.044709E-10
0:07:32	0	-1.499611E+1	1.524900E+1	1.569200E+1	1.543507E+0	1.781573E+0	3.690000E+2	2.576400E-9	1.996718E-9	1.179236E-11	7.376860E-12	1.175725E-11	8.163457E-12	1.837316E-12	2.510581E-13	1.263436E-12	4.565899E-12	1.140773E-12	9.858576E-12	2.845701E-12	5.089811E-11	1.361859E-11	3.729602E-11	8.013672E-10	4.177249E-12	-1.330332E-11	2.999069E-10	5.041646E-13	-2.006037E-12	2.031181E-10	2.631175E-10	-1.409051E-11	-1.189632E-11	-6.053035E-12	1.168155E-11	3.787826E-13	4.427897E-13	-6.504582E-12	1.394429E-12	-5.643877E-13	3.023820E-10
0:07:46	0	-1.499520E+1	1.524100E+1	1.567800E+1	1.541975E+0	1.779711E+0	3.700000E+2	2.463300E-9	2.151332E-9	1.179236E-11	8.701728E-12	1.213645E-11	8.480164E-12	1.457250E-12	2.137467E-12	2.147941E-12	7.736301E-12	1.648116E-12	1.067963E-11	2.465409E-12	6.744279E-11	1.887643E-11	4.139752E-11	8.458977E-10	9.491477E-13	-1.400039E-11	3.036210E-10	-1.197267E-12	-2.319759E-12	3.035729E-10	2.319998E-10	-1.288953E-11	-1.277771E-11	-5.990325E-12	1.086557E-11	1.389534E-12	-5.067593E-13	-5.493755E-12	1.774545E-12	8.782665E-13	3.084599E-10
0:07:59	0	-1.499679E+1	1.524900E+1	1.568900E+1	1.542773E+0	1.780712E+0	3.710000E+2	2.800100E-9	1.914226E-9	1.318016E-11	6.809486E-12	1.194685E-11	9.303404E-12	1.584272E-12	8.801917E-13	3.032445E-12	-2.282449E-12	1.775203E-12	1.099587E-11	5.500758E-12	5.493958E-11	1.393558E-11	3.287872E-11	6.793665E-10	7.214521E-12	-1.216321E-11	3.022359E-10	1.259914E-12	-1.256866E-13	2.344783E-10	2.517790E-10	-1.396383E-11	-1.271511E-11	-5.926619E-12	1.237261E-11	-7.575652E-13	1.203428E-12	-4.546728E-12	8.232530E-13	1.004016E-12	3.082070E-10
0:08:13	0	-1.499740E+1	1.526100E+1	1.569000E+1	1.539466E+0	1.777608E+0	3.720000E+2	2.640200E-9	2.065568E-9	1.280185E-11	6.242112E-12	1.333792E-11	8.796872E-12	1.837316E-12	1.445817E-12	1.515724E-12	1.306302E-11	2.535718E-12	1.086917E-11	2.402526E-12	4.780371E-11	1.456856E-11	3.142721E-11	7.637406E-10	1.835352E-12	-1.691468E-11	3.061378E-10	-2.141954E-12	-2.319759E-12	3.286864E-10	2.274016E-10	-1.402766E-11	-1.378530E-11	-5.548367E-12	1.318859E-11	1.010751E-12	-6.966691E-13	-5.556558E-12	1.520467E-12	2.320921E-12	3.120691E-10
0:08:26	0	-1.499657E+1	1.522800E+1	1.568100E+1	1.539276E+0	1.777089E+0	3.730000E+2	2.604800E-9	2.110138E-9	1.311744E-11	6.935901E-12	1.201072E-11	9.556170E-12	2.787479E-12	2.137467E-12	3.600842E-12	1.071650E-11	2.661803E-12	1.207032E-11	1.327528E-12	6.352794E-11	1.532854E-11	3.609656E-11	7.848344E-10	9.491477E-13	-1.501449E-11	3.079004E-10	-5.668122E-13	-1.755653E-12	3.169500E-10	2.398737E-10	-1.459623E-11	-1.510689E-11	-5.801198E-12	1.249853E-11	5.681739E-13	8.226093E-13	-5.367153E-12	2.407740E-12	-3.762585E-13	3.100431E-10
0:08:40	0	-1.499497E+1	1.524800E+1	1.567800E+1	1.536831E+0	1.776240E+0	3.740000E+2	2.704200E-9	2.152106E-9	1.400050E-11	6.809486E-12	1.251565E-11	8.354281E-12	2.344403E-12	2.703092E-12	3.347557E-12	7.736301E-12	2.281546E-12	1.181692E-11	5.437875E-12	6.138060E-11	1.684949E-11	3.843173E-11	7.919283E-10	3.860533E-12	-1.393739E-11	3.062014E-10	6.294599E-13	8.778267E-13	3.295072E-10	2.406295E-10	-1.225812E-11	-1.258891E-11	-5.801198E-12	1.356535E-11	6.947670E-13	6.326995E-13	-4.862736E-12	3.548090E-12	1.818913E-12	3.136513E-10
0:08:53	0	-1.499596E+1	1.522000E+1	1.566500E+1	1.540391E+0	1.778938E+0	3.750000E+2	2.627700E-9	2.125753E-9	1.204523E-11	8.701728E-12	1.630867E-11	9.935819E-12	1.330229E-12	2.765608E-12	2.337406E-12	2.143400E-11	3.423319E-12	1.295522E-11	2.655056E-12	5.020327E-11	1.583552E-11	3.817968E-11	7.510717E-10	6.265374E-12	-1.672466E-11	3.063902E-10	9.446871E-13	3.137216E-13	3.384674E-10	2.449761E-10	-1.320573E-11	-1.246271E-11	-5.044694E-12	1.243507E-11	9.469565E-13	1.773158E-12	-6.567385E-12	3.104954E-12	2.509050E-12	3.124489E-10
0:09:07	0	-1.499573E+1	1.522800E+1	1.568600E+1	1.538998E+0	1.776899E+0	3.760000E+2	2.705700E-9	2.137200E-9	1.425238E-11	9.394522E-12	1.599234E-11	9.683053E-12	2.597446E-12	3.268716E-12	5.179389E-12	1.274568E-11	4.119791E-12	1.320762E-11	2.781820E-12	7.167367E-11	1.475856E-11	4.038833E-11	7.668446E-10	2.911386E-12	-1.235323E-11	3.069565E-10	3.086641E-12	-2.503835E-13	2.811729E-10	2.723150E-10	-1.219528E-11	-1.315531E-11	-5.926619E-12	9.609369E-12	5.681739E-13	7.596392E-13	-3.094287E-12	2.851876E-12	1.568404E-12	3.154874E-10
0:09:20	0	-1.499618E+1	1.522300E+1	1.567100E+1	1.540911E+0	1.778736E+0	3.770000E+2	2.728500E-9	2.254801E-9	1.336932E-11	1.008831E-11	1.700421E-11	1.215077E-11	2.154370E-12	3.583283E-12	3.663665E-12	6.150600E-12	4.373963E-12	1.434492E-11	6.322228E-12	5.740194E-11	1.982641E-11	4.613063E-11	8.415907E-10	8.354498E-12	-1.412740E-11	3.082154E-10	2.835056E-12	2.006037E-12	3.068542E-10	2.795585E-10	-1.282669E-11	-1.177012E-11	-4.413609E-12	1.117887E-11	2.399289E-12	2.658737E-12	-3.346495E-12	2.344721E-12	3.073438E-12	3.136513E-10
0:09:34	0	-1.499611E+1	1.523000E+1	1.566700E+1	1.536781E+0	1.775151E+0	3.780000E+2	2.789800E-9	2.151176E-9	1.475712E-11	9.961896E-12	1.340079E-11	1.094888E-11	5.004860E-12	4.840558E-12	4.864278E-12	1.312608E-11	4.373963E-12	1.232272E-11	4.931817E-12	4.805593E-11	1.342860E-11	3.634960E-11	7.473978E-10	6.075544E-12	-1.539453E-11	3.097883E-10	3.023993E-12	-3.760701E-13	3.763901E-10	2.217323E-10	-1.225812E-11	-1.384790E-11	-4.476319E-12	1.274937E-11	3.220649E-12	2.026038E-12	-3.410295E-12	3.485071E-12	3.575446E-12	3.151076E-10
0:09:47	0	-1.499641E+1	1.521100E+1	1.567000E+1	1.537820E+0	1.777342E+0	3.790000E+2	2.718500E-9	2.047815E-9	1.538731E-11	9.142688E-12	1.371713E-11	1.145442E-11	4.497773E-12	4.085399E-12	6.758933E-12	1.376077E-11	5.387650E-12	1.225987E-11	6.322228E-12	5.582383E-11	1.608952E-11	3.527665E-11	6.874744E-10	8.100726E-12	-1.305030E-11	3.105444E-10	3.716101E-12	1.943688E-12	2.818662E-10	2.507090E-10	-1.421719E-11	-1.365910E-11	-4.224483E-12	1.231015E-11	1.957708E-12	2.975587E-12	-2.210063E-12	2.090642E-12	4.452722E-12	3.170706E-10
0:10:01	0	-1.512038E+1	1.520000E+1	1.567600E+1	1.541037E+0	1.779040E+0	3.800000E+2	2.751500E-9	2.072751E-9	1.582934E-11	1.097123E-11	1.599234E-11	1.259436E-11	6.145056E-12	5.468700E-12	5.747785E-12	3.173405E-13	4.881307E-12	1.434492E-11	7.271461E-12	5.822339E-11	1.596252E-11	3.420371E-11	6.789855E-10	8.544327E-12	-1.216321E-11	3.120547E-10	3.590805E-12	9.401752E-13	3.214306E-10	2.445356E-10	-1.314289E-11	-1.359551E-11	-5.044694E-12	1.281183E-11	2.020506E-12	1.773158E-12	-2.336665E-12	4.689441E-12	2.822929E-12	3.168807E-10
0:10:14	0	-1.501458E+1	1.522300E+1	1.567500E+1	1.533513E+0	1.771883E+0	3.810000E+2	2.809100E-9	2.212470E-9	1.519816E-11	9.583647E-12	1.801508E-11	1.309990E-11	5.448936E-12	5.280158E-12	5.874428E-12	2.492174E-11	3.739533E-12	1.440876E-11	4.868934E-12	6.131779E-11	1.697549E-11	4.480563E-11	7.717215E-10	6.645033E-12	-1.545754E-11	3.109846E-10	4.471850E-12	3.071899E-12	2.899439E-10	2.755270E-10	-1.181524E-11	-1.170752E-11	-3.594394E-12	1.381719E-11	2.778071E-12	4.368925E-12	-3.157090E-12	6.462986E-12	5.394358E-12	3.194763E-10
0:10:28	0	-1.499512E+1	1.522200E+1	1.565900E+1	1.530878E+0	1.770476E+0	3.820000E+2	2.738600E-9	2.200459E-9	1.595478E-11	1.153860E-11	1.561313E-11	1.215077E-11	6.969197E-12	6.725975E-12	5.558320E-12	1.972116E-11	5.641822E-12	1.339717E-11	7.461107E-12	6.011752E-11	1.830645E-11	4.013529E-11	7.244670E-10	9.429532E-12	-1.431742E-11	3.130612E-10	4.031328E-12	2.006037E-12	3.496988E-10	2.523459E-10	-1.295337E-11	-1.328150E-11	-2.522347E-12	1.494747E-11	3.031258E-12	3.102526E-12	-3.914712E-12	5.639733E-12	4.704221E-12	3.216922E-10
0:10:41	0	-1.499657E+1	1.523400E+1	1.566200E+1	1.530460E+0	1.770033E+0	3.830000E+2	2.733500E-9	2.262011E-9	1.601849E-11	1.160131E-11	2.111256E-11	1.240454E-11	5.701980E-12	6.599949E-12	6.758933E-12	8.497117E-12	5.324607E-12	1.586231E-11	8.282578E-12	7.148426E-11	1.938342E-11	4.278627E-11	7.486648E-10	9.999021E-12	-1.051605E-11	3.130612E-10	5.731765E-12	3.698352E-12	3.462920E-10	2.719372E-10	-1.377430E-11	-1.208511E-11	-2.837889E-12	1.469662E-11	2.525882E-12	4.494865E-12	-2.588874E-12	6.019850E-12	5.142859E-12	3.197302E-10
0:10:55	0	-1.499649E+1	1.524100E+1	1.568000E+1	1.534311E+0	1.773048E+0	3.840000E+2	3.026300E-9	2.281727E-9	1.772089E-11	1.204326E-11	1.946902E-11	1.284713E-11	6.969197E-12	6.474917E-12	6.506645E-12	2.650644E-11	6.529423E-12	1.737871E-11	6.196462E-12	6.782162E-11	1.963641E-11	4.814999E-11	7.646906E-10	1.234092E-11	-1.393739E-11	3.126836E-10	6.551156E-12	4.137760E-12	3.213668E-10	2.733860E-10	-1.396383E-11	-1.240011E-11	-4.098067E-12	1.551261E-11	3.662230E-12	3.799195E-12	-1.200232E-12	5.765772E-12	5.018100E-12	3.241620E-10
0:11:08	0	-1.499596E+1	1.523200E+1	1.570100E+1	1.533310E+0	1.771629E+0	3.850000E+2	2.863300E-9	2.268257E-9	1.816193E-11	1.286247E-11	2.029129E-11	1.405002E-11	6.082045E-12	8.360333E-12	9.285805E-12	9.131798E-12	5.641822E-12	1.681006E-11	7.650754E-12	7.628437E-11	2.026939E-11	4.379545E-11	7.180691E-10	1.234092E-11	-1.070606E-11	3.184117E-10	5.984344E-12	3.761690E-12	3.622560E-10	2.520316E-10	-1.371146E-11	-1.315531E-11	-8.829209E-13	1.545014E-11	4.609186E-12	5.001624E-12	-5.682164E-13	7.033161E-12	7.213271E-12	3.264408E-10
0:11:22	0	-1.499603E+1	1.521700E+1	1.568400E+1	1.530447E+0	1.769476E+0	3.855064E+2	2.841100E-9	2.469093E-9	1.866667E-11	1.387180E-11	2.092296E-11	1.658068E-11	8.616480E-12	7.919741E-12	8.780231E-12	2.149707E-11	7.986410E-12	1.832646E-11	9.230812E-12	5.298165E-11	1.874944E-11	5.010660E-11	8.164430E-10	1.221503E-11	-1.425442E-11	3.170267E-10	5.039657E-12	4.450492E-12	4.651713E-10	2.550547E-10	-1.314289E-11	-1.271511E-11	-2.711473E-12	1.519831E-11	5.303953E-12	4.875684E-12	-5.054135E-13	7.097181E-12	6.021126E-12	3.242879E-10
0:11:35	0	-1.499550E+1	1.524800E+1	1.569200E+1	1.534070E+0	1.772972E+0	3.860128E+2	3.069700E-9	2.293454E-9	1.809921E-11	1.412364E-11	1.921655E-11	1.354349E-11	9.313600E-12	9.931182E-12	8.022369E-12	2.917030E-11	7.162852E-12	1.655666E-11	7.966167E-12	5.771796E-11	1.988940E-11	4.455259E-11	7.209831E-10	1.259469E-11	-1.374737E-11	3.184743E-10	4.787077E-12	4.450492E-12	3.862339E-10	2.468656E-10	-1.383814E-11	-1.378530E-11	-3.530688E-12	1.664289E-11	4.987969E-12	5.445413E-12	-3.788109E-13	8.110492E-12	8.780685E-12	3.251115E-10
0:11:49	0	-1.499626E+1	1.524500E+1	1.567600E+1	1.528357E+0	1.767575E+0	3.865192E+2	2.841000E-9	2.239736E-9	1.658596E-11	1.336714E-11	2.155563E-11	1.563156E-11	8.489458E-12	8.925958E-12	1.054924E-11	8.877526E-12	7.923367E-12	1.605186E-11	9.230812E-12	6.062295E-11	1.925642E-11	4.234394E-11	7.138881E-10	1.379661E-11	-1.330332E-11	3.157678E-10	6.109639E-12	5.642041E-12	3.399815E-10	2.588972E-10	-1.333242E-11	-1.372170E-11	-2.017678E-12	1.381719E-11	6.629692E-12	6.078113E-12	-1.073630E-12	9.124804E-12	6.523134E-12	3.275173E-10
0:12:02	0	-1.499596E+1	1.522900E+1	1.568900E+1	1.534551E+0	1.772744E+0	3.870256E+2	3.121000E-9	2.474049E-9	1.797277E-11	1.406093E-11	2.237690E-11	1.328972E-11	1.077085E-11	8.611391E-12	9.854201E-12	1.376077E-11	8.620840E-12	1.921135E-11	8.409342E-12	5.885443E-11	2.166335E-11	4.998008E-11	8.039642E-10	1.303729E-11	-1.336733E-11	3.172780E-10	5.039657E-12	3.824039E-12	4.860572E-10	2.372912E-10	-1.345810E-11	-1.359551E-11	-2.395931E-12	1.639204E-11	6.504096E-12	6.837752E-12	-3.160081E-13	9.187823E-12	9.156943E-12	3.251745E-10
0:12:16	0	-1.499626E+1	1.523800E+1	1.568400E+1	1.531714E+0	1.769970E+0	3.875319E+2	3.161900E-9	2.249322E-9	1.898226E-11	1.437647E-11	1.839428E-11	1.613809E-11	7.856350E-12	1.081137E-11	1.042260E-11	2.396972E-11	8.810969E-12	1.763111E-11	8.851518E-12	6.005471E-11	2.026939E-11	4.114547E-11	6.837365E-10	1.278452E-11	-1.431742E-11	3.213697E-10	8.188945E-12	6.707902E-12	3.305800E-10	2.715593E-10	-1.238480E-11	-1.158132E-11	-8.829209E-13	1.614120E-11	6.693487E-12	6.521902E-12	1.200232E-12	8.173512E-12	9.220313E-12	3.278971E-10
0:12:29	0	-1.499550E+1	1.525100E+1	1.568000E+1	1.531448E+0	1.770806E+0	3.880383E+2	3.042000E-9	2.236272E-9	1.967617E-11	1.475472E-11	1.864775E-11	1.575844E-11	9.439622E-12	1.030926E-11	9.348628E-12	1.528240E-11	8.620840E-12	1.921135E-11	1.226616E-11	5.184518E-11	1.906643E-11	4.070314E-11	6.618827E-10	1.594868E-11	-1.184618E-11	3.192921E-10	7.244258E-12	6.707902E-12	4.001787E-10	2.185829E-10	-1.314289E-11	-1.542089E-11	-1.891262E-13	1.896690E-11	6.188111E-12	8.990729E-12	-1.266026E-13	1.058225E-11	8.655925E-12	3.288466E-10
0:12:43	0	-1.499565E+1	1.524900E+1	1.567200E+1	1.534336E+0	1.772567E+0	3.885447E+2	2.991100E-9	2.520815E-9	1.828836E-11	1.475472E-11	2.402044E-11	1.677050E-11	8.933535E-12	1.093740E-11	1.092817E-11	1.230220E-11	8.683882E-12	2.167550E-11	1.036969E-11	7.198969E-11	2.369029E-11	5.458666E-11	8.005432E-10	1.658111E-11	-1.444444E-11	3.223762E-10	9.007343E-12	7.397694E-12	4.637199E-10	2.498270E-10	-1.326858E-11	-1.227391E-11	-8.192152E-13	1.833930E-11	8.587400E-12	6.141083E-12	1.515244E-12	9.504921E-12	9.909460E-12	3.302399E-10
0:12:56	0	-1.499535E+1	1.524300E+1	1.567400E+1	1.531878E+0	1.770489E+0	3.890511E+2	2.978500E-9	2.562771E-9	2.068466E-11	1.532209E-11	1.959575E-11	1.455555E-11	1.127694E-11	1.200613E-11	1.276000E-11	2.270136E-11	1.045908E-11	1.965330E-11	1.201363E-11	8.278819E-11	2.400728E-11	5.742693E-11	8.295549E-10	1.297435E-11	-1.267026E-11	3.210547E-10	9.448860E-12	8.713939E-12	4.237780E-10	2.761575E-10	-1.358478E-11	-1.284031E-11	-6.300890E-13	1.752233E-11	7.640444E-12	6.647842E-12	7.576218E-13	1.013812E-11	1.154024E-11	3.313164E-10
0:13:10	0	-1.499672E+1	1.525300E+1	1.568200E+1	1.533208E+0	1.771781E+0	3.895575E+2	2.987400E-9	2.167776E-9	1.973889E-11	1.557392E-11	2.123929E-11	1.847992E-11	8.743502E-12	1.307487E-11	1.440237E-11	1.211200E-11	9.634526E-12	2.015910E-11	1.359369E-11	6.333852E-11	2.267632E-11	4.108171E-11	6.180492E-10	1.708766E-11	-1.463445E-11	3.234463E-10	1.045619E-11	6.895937E-12	2.740426E-10	2.753381E-10	-1.364762E-11	-1.334410E-11	3.155422E-13	1.701965E-11	7.451052E-12	9.243609E-12	3.031484E-12	8.870726E-12	1.229375E-11	3.320120E-10
0:13:23	0	-1.499603E+1	1.524300E+1	1.569200E+1	1.530903E+0	1.769868E+0	3.900639E+2	3.020300E-9	2.520691E-9	2.081110E-11	1.834809E-11	2.699118E-11	1.765669E-11	1.191105E-11	1.200613E-11	1.282283E-11	3.138968E-11	1.090239E-11	2.325574E-11	1.213940E-11	7.836790E-11	2.350029E-11	5.666979E-11	7.470178E-10	1.955644E-11	-1.222722E-11	3.215585E-10	9.448860E-12	9.466079E-12	4.621430E-10	2.420157E-10	-1.314289E-11	-1.441430E-11	6.271028E-14	1.877852E-11	8.460807E-12	7.851271E-12	2.462271E-12	1.102539E-11	1.304627E-11	3.308096E-10
0:13:37	0	-1.499634E+1	1.525400E+1	1.570400E+1	1.533424E+0	1.772959E+0	3.905703E+2	3.295000E-9	2.706652E-9	2.118941E-11	1.733975E-11	2.642238E-11	2.139123E-11	1.026376E-11	1.420612E-11	1.459184E-11	2.530215E-11	1.121960E-11	2.199175E-11	1.568080E-11	8.354584E-11	3.008810E-11	6.026619E-11	8.358258E-10	1.455593E-11	-1.425442E-11	3.259015E-10	8.693110E-12	7.083972E-12	5.336344E-10	2.457319E-10	-1.314289E-11	-1.441430E-11	7.565049E-13	2.185606E-11	8.208618E-12	8.673880E-12	2.272865E-12	1.216574E-11	1.442555E-11	3.351784E-10
0:13:50	0	-1.499512E+1	1.526100E+1	1.567900E+1	1.533487E+0	1.772022E+0	3.910767E+2	3.398300E-9	2.738255E-9	2.144129E-11	1.746617E-11	2.718078E-11	2.164400E-11	1.127694E-11	1.062283E-11	1.421291E-11	1.420424E-11	1.178999E-11	2.521509E-11	1.542727E-11	8.828215E-11	2.768117E-11	6.588296E-11	9.051880E-10	1.854335E-11	-1.197319E-11	3.259015E-10	1.423594E-11	1.078232E-11	4.294570E-10	2.930390E-10	-1.276385E-11	-1.164492E-11	1.639426E-12	1.733395E-11	9.975937E-12	1.044704E-11	5.114944E-12	1.286295E-11	1.235613E-11	3.354313E-10
0:14:04	0	-1.499694E+1	1.525300E+1	1.568400E+1	1.530371E+0	1.769792E+0	3.915831E+2	3.136500E-9	2.574407E-9	2.150500E-11	1.790713E-11	2.547438E-11	2.132729E-11	1.254416E-11	1.533737E-11	1.528588E-11	2.853562E-11	1.185303E-11	2.388724E-11	1.530051E-11	8.379906E-11	2.597022E-11	5.856263E-11	7.699485E-10	1.886006E-11	-1.298729E-11	3.277894E-10	1.385806E-11	1.184819E-11	4.034600E-10	2.756533E-10	-1.263717E-11	-1.347030E-11	2.395931E-12	2.022310E-11	1.180705E-11	1.088983E-11	4.673330E-12	1.273591E-11	1.473943E-11	3.373303E-10
0:14:17	0	-1.508078E+1	1.522700E+1	1.568000E+1	1.530333E+0	1.769311E+0	3.920895E+2	3.314900E-9	2.443544E-9	2.415318E-11	1.853721E-11	2.547438E-11	2.113747E-11	1.425545E-11	1.489777E-11	1.591810E-11	2.022871E-11	1.274063E-11	2.293950E-11	1.694445E-11	6.617971E-11	2.578023E-11	4.745562E-11	7.038803E-10	1.867023E-11	-1.260725E-11	3.243277E-10	1.455116E-11	1.015587E-11	3.833311E-10	2.578898E-10	-1.257433E-11	-1.403670E-11	2.080389E-12	2.223282E-11	1.344878E-11	1.177641E-11	6.440782E-12	1.387726E-11	1.536620E-11	3.380909E-10
0:14:31	0	-1.499694E+1	1.524600E+1	1.567900E+1	1.530713E+0	1.768830E+0	3.925958E+2	3.226900E-9	2.544657E-9	2.352299E-11	1.942012E-11	2.402044E-11	2.208659E-11	1.583872E-11	1.690921E-11	1.711771E-11	2.593583E-11	1.381836E-11	2.420349E-11	1.422651E-11	7.337938E-11	2.419727E-11	5.313515E-11	7.596866E-10	2.006198E-11	-1.647164E-11	3.270342E-10	1.297602E-11	1.153446E-11	4.091389E-10	2.624254E-10	-1.396383E-11	-1.296651E-11	2.774183E-12	2.047394E-11	1.060791E-11	1.152353E-11	5.241547E-12	1.273591E-11	1.480181E-11	3.392303E-10
0:14:44	0	-1.499497E+1	1.524900E+1	1.567300E+1	1.526026E+0	1.765257E+0	3.931022E+2	3.324000E-9	2.579209E-9	2.623389E-11	2.143779E-11	2.566398E-11	2.208659E-11	1.710594E-11	1.552591E-11	1.730718E-11	3.487742E-11	1.369127E-11	2.628854E-11	1.757727E-11	8.304041E-11	2.761717E-11	6.064476E-11	7.658306E-10	2.088525E-11	-1.482447E-11	3.270342E-10	1.587373E-11	1.247563E-11	3.560720E-10	2.853540E-10	-1.251049E-11	-1.328150E-11	4.350899E-12	2.317472E-11	1.199744E-11	1.222020E-11	6.377980E-12	1.267289E-11	1.812675E-11	3.382808E-10
0:14:58	0	-1.499626E+1	1.524500E+1	1.567300E+1	1.528217E+0	1.768019E+0	3.936086E+2	3.103900E-9	2.644823E-9	2.509896E-11	2.024033E-11	2.598031E-11	2.512478E-11	1.647283E-11	1.860608E-11	1.800222E-11	2.682378E-11	1.369127E-11	2.559419E-11	1.909445E-11	6.750659E-11	2.768117E-11	5.742693E-11	7.645006E-10	2.240388E-11	-1.412740E-11	3.279781E-10	1.177876E-11	1.191152E-11	4.672542E-10	2.570078E-10	-1.314289E-11	-1.095232E-11	2.711473E-12	2.034902E-11	1.319659E-11	1.278992E-11	7.135601E-12	1.622098E-11	1.775049E-11	3.427126E-10
0:15:11	0	-1.499542E+1	1.522500E+1	1.569700E+1	1.529624E+0	1.767449E+0	3.941150E+2	3.574100E-9	2.946872E-9	2.535183E-11	2.301449E-11	3.008866E-11	2.683321E-11	1.938733E-11	1.973733E-11	2.033962E-11	3.107234E-11	1.629104E-11	2.925948E-11	1.890480E-11	8.821934E-11	3.357199E-11	7.213035E-11	8.984101E-10	2.398646E-11	-1.317731E-11	3.290483E-10	1.303867E-11	1.354050E-11	5.548360E-10	2.538584E-10	-1.288953E-11	-1.378530E-11	5.674783E-12	2.336310E-11	1.477551E-11	1.468902E-11	6.567385E-12	1.869274E-11	1.818913E-11	3.438520E-10
0:15:25	0	-1.499687E+1	1.525600E+1	1.569100E+1	1.531308E+0	1.769843E+0	3.946214E+2	3.565000E-9	2.858744E-9	2.573014E-11	2.175333E-11	3.223814E-11	2.525167E-11	1.913329E-11	2.086858E-11	2.362436E-11	4.299413E-11	1.686142E-11	2.862698E-11	2.023233E-11	8.771391E-11	3.471196E-11	7.055331E-11	8.844113E-10	2.455595E-11	-1.438043E-11	3.312511E-10	1.518062E-11	1.711416E-11	4.249136E-10	2.874334E-10	-1.276385E-11	-1.240011E-11	3.341562E-12	2.436846E-11	1.338598E-11	1.392938E-11	8.335834E-12	1.742535E-11	1.925552E-11	3.430924E-10
0:15:38	0	-1.499634E+1	1.525100E+1	1.567000E+1	1.528382E+0	1.766549E+0	3.951278E+2	3.514700E-9	3.003599E-9	2.472065E-11	2.345545E-11	2.970946E-11	2.658044E-11	2.147769E-11	2.049150E-11	2.267703E-11	2.523808E-11	1.603686E-11	2.982813E-11	2.080127E-11	7.742084E-11	3.388798E-11	6.417940E-11	1.021805E-9	2.727750E-11	-1.507750E-11	3.308109E-10	1.650319E-11	1.774160E-11	4.563376E-10	2.765981E-10	-1.345810E-11	-1.277771E-11	5.737493E-12	2.386578E-11	1.496490E-11	1.570254E-11	1.067150E-11	2.015019E-11	2.138831E-11	3.488535E-10
0:15:52	0	-1.499618E+1	1.522400E+1	1.568600E+1	1.526773E+0	1.766271E+0	3.956342E+2	3.799500E-9	3.043143E-9	2.743254E-11	2.572594E-11	3.438761E-11	3.101035E-11	2.185776E-11	2.464041E-11	2.255039E-11	4.908166E-11	1.736776E-11	3.172362E-11	2.225556E-11	7.622056E-11	3.597892E-11	6.525235E-11	1.043659E-9	3.145375E-11	-1.431742E-11	3.336427E-10	1.864514E-11	1.836805E-11	4.044700E-10	2.750865E-10	-1.326858E-11	-1.384790E-11	6.935956E-12	2.650409E-11	1.559587E-11	1.709488E-11	1.035649E-11	2.224083E-11	2.295573E-11	3.520828E-10
0:16:05	0	-1.499596E+1	1.522600E+1	1.568900E+1	1.530168E+0	1.769172E+0	3.961406E+2	3.900200E-9	3.158954E-9	2.863119E-11	2.704981E-11	3.173220E-11	3.157982E-11	2.616550E-11	2.407478E-11	2.855146E-11	3.234070E-11	1.901588E-11	3.406207E-11	2.687196E-11	8.651363E-11	3.578893E-11	6.594573E-11	1.057340E-9	3.360582E-11	-1.216321E-11	3.345240E-10	1.927559E-11	1.742788E-11	5.050504E-10	2.501412E-10	-1.345810E-11	-1.510689E-11	6.620414E-12	2.625226E-11	1.749078E-11	1.791849E-11	1.161853E-11	2.357124E-11	2.565291E-11	3.548684E-10
0:16:19	0	-1.499542E+1	1.523900E+1	1.570000E+1	1.527901E+0	1.766144E+0	3.966470E+2	4.125800E-9	3.130071E-9	3.001800E-11	2.868923E-11	3.843310E-11	3.335218E-11	2.667258E-11	2.872680E-11	2.804588E-11	3.677946E-11	2.085413E-11	3.526222E-11	2.585985E-11	8.815554E-11	3.952581E-11	6.859670E-11	1.073937E-9	3.898499E-11	-1.343033E-11	3.388034E-10	2.154284E-11	2.288188E-11	3.222504E-10	3.232120E-10	-1.162571E-11	-1.296651E-11	8.953634E-12	2.531036E-11	2.058384E-11	2.007047E-11	1.509163E-11	2.376130E-11	2.703318E-11	3.567045E-10
0:16:32	0	-1.499550E+1	1.525300E+1	1.567400E+1	1.525836E+0	1.765561E+0	3.971533E+2	3.879600E-9	3.526255E-9	3.209971E-11	2.881564E-11	3.925437E-11	3.544025E-11	3.028420E-11	2.759456E-11	3.126779E-11	4.996962E-11	2.167869E-11	3.677961E-11	2.838914E-11	1.033115E-10	4.351669E-11	8.077567E-11	1.234134E-9	3.790996E-11	-1.349334E-11	3.385521E-10	2.318063E-11	2.300757E-11	5.395026E-10	2.719372E-10	-1.251049E-11	-1.240011E-11	7.566045E-12	2.907895E-11	2.096263E-11	2.064020E-11	1.610245E-11	2.648614E-11	3.110965E-11	3.553112E-10
0:16:46	0	-1.499618E+1	1.524800E+1	1.568600E+1	1.526013E+0	1.765169E+0	3.976597E+2	4.174500E-9	3.655502E-9	3.399126E-11	3.108514E-11	3.855883E-11	3.550320E-11	3.345175E-11	3.520072E-11	3.733169E-11	4.039434E-11	2.326376E-11	3.892751E-11	3.091843E-11	1.044480E-10	4.725358E-11	8.588735E-11	1.281769E-9	4.139083E-11	-1.229022E-11	3.408175E-10	2.261382E-11	2.476223E-11	5.328773E-10	2.997166E-10	-1.263717E-11	-1.240011E-11	1.015210E-11	3.127705E-11	2.235216E-11	2.412254E-11	1.749209E-11	3.060541E-11	3.236417E-11	3.643017E-10
0:16:59	0	-1.499679E+1	1.523100E+1	1.567400E+1	1.528445E+0	1.768057E+0	3.981661E+2	4.132000E-9	3.622351E-9	3.518892E-11	3.310280E-11	4.165631E-11	4.088322E-11	3.433890E-11	3.809236E-11	3.834184E-11	5.459858E-11	2.579848E-11	4.170890E-11	3.230884E-11	1.059005E-10	4.776057E-11	8.462512E-11	1.246359E-9	4.683294E-11	-1.254325E-11	3.416988E-10	2.765248E-11	2.933841E-11	4.830289E-10	2.817641E-10	-1.459623E-11	-1.328150E-11	1.204336E-11	3.429113E-11	2.235216E-11	2.545291E-11	2.008097E-11	3.351930E-11	3.462172E-11	3.694301E-10
0:17:13	0	-1.499611E+1	1.526700E+1	1.568100E+1	1.530650E+0	1.769260E+0	3.986725E+2	4.359700E-9	3.747074E-9	3.670316E-11	3.663346E-11	4.544933E-11	4.436401E-11	3.940677E-11	4.337251E-11	4.048978E-11	5.180859E-11	2.643291E-11	4.284620E-11	3.490101E-11	1.166990E-10	5.327140E-11	9.024189E-11	1.231283E-9	5.259277E-11	-1.292328E-11	3.437764E-10	3.136958E-11	3.046761E-11	5.210781E-10	2.953073E-10	-1.213144E-11	-1.284031E-11	1.355637E-11	3.077437E-11	2.822429E-11	2.779480E-11	2.405848E-11	3.542088E-11	4.214887E-11	3.744955E-10
0:17:26	0	-1.499520E+1	1.525900E+1	1.569600E+1	1.525608E+0	1.765080E+0	3.991789E+2	4.356500E-9	3.516648E-9	3.834284E-11	3.890395E-11	4.684040E-11	4.803462E-11	4.466567E-11	4.959538E-11	4.958612E-11	5.580288E-11	3.074283E-11	4.518464E-11	4.147677E-11	9.712273E-11	5.358839E-11	8.374245E-11	1.033967E-9	6.740147E-11	-1.235323E-11	3.459792E-10	3.187275E-11	3.422831E-11	3.692598E-10	3.271181E-10	-1.288953E-11	-1.183371E-11	1.645697E-11	3.912754E-11	3.037139E-11	3.191084E-11	2.576413E-11	4.270712E-11	4.867201E-11	3.852581E-10
0:17:40	0	-1.499618E+1	1.526900E+1	1.569400E+1	1.528217E+0	1.768006E+0	3.996853E+2	4.636500E-9	3.909153E-9	4.136933E-11	4.262374E-11	5.227596E-11	5.157834E-11	4.922746E-11	5.569321E-11	5.988207E-11	8.516338E-11	3.327854E-11	4.960813E-11	4.432247E-11	9.882843E-11	6.328010E-11	1.019795E-10	1.203413E-9	7.309736E-11	-1.577457E-11	3.542867E-10	3.483409E-11	3.930625E-11	4.473774E-10	3.213852E-10	-1.270001E-11	-1.409930E-11	1.708706E-11	4.025782E-11	3.251849E-11	3.545616E-11	2.967884E-11	4.435463E-11	5.601004E-11	3.935529E-10
0:17:53	0	-1.499596E+1	1.523700E+1	1.568600E+1	1.529890E+0	1.768741E+0	4.001917E+2	4.948100E-9	3.951188E-9	4.559447E-11	4.697460E-11	5.701698E-11	5.910938E-11	5.790695E-11	6.304733E-11	7.017803E-11	7.165689E-11	3.701808E-11	5.542132E-11	4.969647E-11	1.212459E-10	7.563173E-11	1.057034E-10	1.144502E-9	8.278066E-11	-1.165616E-11	3.563644E-10	3.936959E-11	4.488594E-11	3.824476E-10	3.365672E-10	-1.187908E-11	-1.372170E-11	1.891561E-11	4.101134E-11	3.769585E-11	4.026787E-11	3.605682E-11	5.189495E-11	5.814283E-11	4.013399E-10
0:18:17	1	-1.499550E+1	1.523800E+1	1.570300E+1	1.525773E+0	1.765663E+0	0.000000E+0	1.434000E-9	2.034416E-9	8.532511E-11	7.288967E-11	7.869834E-11	7.651330E-11	7.780037E-11	7.844721E-11	7.649521E-11	7.577831E-11	7.872733E-11	7.305343E-11	7.688384E-11	7.413703E-11	7.797566E-11	7.541194E-11	2.058677E-11	7.822376E-11	-1.197319E-11	3.789003E-11	7.042394E-11	7.491415E-11	7.054600E-11	5.631464E-11	-1.326858E-11	-1.271511E-11	7.585356E-11	7.731318E-11	7.652804E-11	7.692746E-11	7.779680E-11	7.692464E-11	7.771124E-11	4.628158E-11
0:18:30	1	-1.499626E+1	1.526000E+1	1.569100E+1	1.526799E+0	1.766638E+0	0.000000E+0	2.136300E-9	2.120557E-9	8.753226E-11	7.604208E-11	7.895181E-11	7.746242E-11	7.735729E-11	7.913886E-11	8.060063E-11	8.820765E-11	7.650883E-11	7.431742E-11	7.694772E-11	6.258087E-11	7.588472E-11	7.440276E-11	4.934546E-11	7.828770E-11	-1.533052E-11	5.419106E-11	7.212437E-11	7.171755E-11	8.070454E-11	6.645684E-11	-1.339526E-11	-1.284031E-11	7.730386E-11	7.856839E-11	7.652804E-11	7.661061E-11	7.710198E-11	7.857215E-11	7.840138E-11	6.027350E-11
0:18:44	1	-1.499580E+1	1.526100E+1	1.568600E+1	1.522796E+0	1.762356E+0	1.000000E+1	2.808900E-9	2.561856E-9	9.907274E-11	8.745426E-11	9.127786E-11	8.980302E-11	8.869824E-11	9.164810E-11	9.064429E-11	8.053441E-11	9.070745E-11	8.828324E-11	8.921388E-11	9.049229E-11	8.906033E-11	8.746538E-11	9.368597E-11	8.853949E-11	-1.210020E-11	8.666795E-11	8.478517E-11	8.369043E-11	9.281949E-11	8.888226E-11	-1.333242E-11	-1.284031E-11	9.495829E-11	9.420691E-11	8.713595E-11	8.845099E-11	9.566670E-11	9.004067E-11	8.944060E-11	8.680208E-11
0:18:58	1	-1.499717E+1	1.524100E+1	1.569800E+1	1.525507E+0	1.765181E+0	2.000000E+1	2.971600E-9	2.709058E-9	1.032352E-10	8.991388E-11	9.380654E-11	9.087903E-11	9.135870E-11	9.013977E-11	9.266559E-11	9.454845E-11	9.051732E-11	9.182183E-11	8.870783E-11	8.948243E-11	8.880634E-11	8.771743E-11	1.373935E-10	9.138793E-11	-1.349334E-11	9.843716E-11	8.554092E-11	8.713840E-11	1.116235E-10	1.021728E-10	-1.282669E-11	-1.403670E-11	9.489558E-11	9.477206E-11	9.212391E-11	8.971738E-11	9.282562E-11	9.175120E-11	9.213778E-11	1.038964E-10
0:19:11	1	-1.499565E+1	1.524300E+1	1.569500E+1	1.529598E+0	1.768222E+0	3.000000E+1	3.110700E-9	2.793309E-9	1.004595E-10	9.180513E-11	9.279467E-11	9.151244E-11	9.249889E-11	9.265333E-11	9.576086E-11	8.116809E-11	9.203935E-11	9.169513E-11	9.111035E-11	1.040692E-10	9.292421E-11	9.144135E-11	1.469584E-10	9.088139E-11	-1.134013E-11	1.111513E-10	8.724235E-11	8.601019E-11	1.183125E-10	1.141418E-10	-1.206860E-11	-1.170752E-11	9.584121E-11	9.615417E-11	9.180793E-11	9.047702E-11	9.636152E-11	9.460307E-11	9.151002E-11	1.150398E-10
0:19:25	1	-1.499641E+1	1.527100E+1	1.568100E+1	1.528978E+0	1.768500E+0	4.000000E+1	3.217600E-9	2.874361E-9	1.038653E-10	9.167871E-11	9.418574E-11	9.309398E-11	9.326002E-11	9.303041E-11	9.247612E-11	1.005729E-10	9.305303E-11	9.156943E-11	9.193182E-11	8.544096E-11	9.260722E-11	9.339696E-11	1.789470E-10	9.309640E-11	-1.520451E-11	1.224178E-10	8.894279E-11	8.901974E-11	1.283445E-10	1.235272E-10	-1.390098E-11	-1.365910E-11	9.401266E-11	9.678177E-11	9.029280E-11	9.288288E-11	9.629872E-11	9.232137E-11	9.383095E-11	1.262461E-10
0:19:39	1	-1.499542E+1	1.525300E+1	1.570200E+1	1.526520E+0	1.765941E+0	5.000000E+1	3.303800E-9	2.927602E-9	1.032352E-10	9.312900E-11	9.582928E-11	9.201798E-11	9.383012E-11	9.372206E-11	9.380238E-11	1.045041E-10	9.368746E-11	9.321253E-11	9.262753E-11	9.068171E-11	9.254422E-11	9.295563E-11	1.798340E-10	9.259085E-11	-1.419041E-11	1.333056E-10	8.837597E-11	8.832995E-11	1.256948E-10	1.328500E-10	-1.232096E-11	-1.296651E-11	9.804802E-11	9.728445E-11	9.319746E-11	9.237612E-11	9.333103E-11	9.568040E-11	9.320319E-11	1.371986E-10
0:19:53	1	-1.499618E+1	1.526400E+1	1.568400E+1	1.529611E+0	1.768070E+0	6.000000E+1	3.381800E-9	3.012550E-9	1.049376E-10	9.243621E-11	9.443821E-11	9.372740E-11	9.446323E-11	9.529390E-11	9.487635E-11	8.212011E-11	9.362342E-11	9.472892E-11	9.345000E-11	1.109528E-10	9.438117E-11	9.566937E-11	2.077687E-10	9.379277E-11	-1.083308E-11	1.433132E-10	8.925801E-11	8.977188E-11	1.294173E-10	1.403461E-10	-1.307905E-11	-1.202251E-11	9.609405E-11	9.722199E-11	9.982716E-11	9.243909E-11	9.648812E-11	9.434899E-11	9.527360E-11	1.480251E-10
0:20:06	1	-1.499588E+1	1.525600E+1	1.567500E+1	1.526963E+0	1.765878E+0	7.000000E+1	3.479500E-9	3.101980E-9	1.053786E-10	9.394920E-11	9.563968E-11	9.423293E-11	9.617352E-11	9.516788E-11	9.651872E-11	9.752865E-11	9.533558E-11	9.605577E-11	9.382929E-11	9.535521E-11	9.539414E-11	9.762498E-11	2.532502E-10	9.505864E-11	-1.431742E-11	1.516843E-10	8.932066E-11	9.077441E-11	1.415960E-10	1.448190E-10	-1.377430E-11	-1.397410E-11	9.697597E-11	9.841473E-11	9.427101E-11	9.459207E-11	9.686693E-11	9.669371E-11	9.376857E-11	1.577752E-10
0:20:20	1	-1.499664E+1	1.523400E+1	1.570000E+1	1.530992E+0	1.770109E+0	8.000000E+1	3.574800E-9	3.148460E-9	1.063244E-10	9.672336E-11	9.690402E-11	9.562564E-11	9.636456E-11	9.592204E-11	9.689765E-11	9.207580E-11	9.565179E-11	9.681397E-11	9.528358E-11	1.071636E-10	9.571113E-11	9.895097E-11	2.374144E-10	9.391966E-11	-9.692963E-12	1.598666E-10	9.045429E-11	9.184027E-11	1.566137E-10	1.486615E-10	-1.225812E-11	-1.359551E-11	9.647230E-11	9.973438E-11	9.540736E-11	9.421225E-11	9.737235E-11	9.694779E-11	9.596374E-11	1.627137E-10
0:20:34	1	-1.499580E+1	1.523200E+1	1.569100E+1	1.526887E+0	1.766854E+0	9.000000E+1	3.704200E-9	3.234460E-9	1.082796E-10	9.483212E-11	9.861043E-11	9.739800E-11	9.630054E-11	9.730534E-11	9.835055E-11	1.008903E-10	9.812447E-11	9.687782E-11	9.724293E-11	9.573403E-11	9.723108E-11	1.007173E-10	2.797279E-10	9.575501E-11	-1.286028E-11	1.672938E-10	9.272253E-11	9.215399E-11	1.480320E-10	1.600000E-10	-1.251049E-11	-1.170752E-11	9.893094E-11	1.014923E-10	9.660750E-11	9.801144E-11	9.825657E-11	9.663069E-11	9.797078E-11	1.700580E-10
0:20:48	1	-1.511012E+1	1.527800E+1	1.573100E+1	1.527495E+0	1.765840E+0	1.000000E+2	3.744600E-9	3.370836E-9	1.106759E-10	9.855190E-11	1.008228E-10	9.929625E-11	9.864495E-11	9.881368E-11	1.008774E-10	1.035531E-10	9.939233E-11	9.984776E-11	9.667399E-11	1.073530E-10	9.875204E-11	1.034310E-10	3.155805E-10	9.923589E-11	-1.374737E-11	1.714471E-10	9.423403E-11	9.328220E-11	1.774368E-10	1.630231E-10	-1.377430E-11	-1.340671E-11	9.930919E-11	1.035020E-10	9.963776E-11	9.972063E-11	9.819277E-11	1.022704E-10	9.978969E-11	1.784157E-10
0:21:02	1	-1.499573E+1	1.525300E+1	1.570500E+1	1.522606E+0	1.762711E+0	1.200000E+2	4.119600E-9	3.616478E-9	1.160997E-10	1.057396E-10	1.084078E-10	1.061309E-10	1.054241E-10	1.057282E-10	1.093415E-10	1.089429E-10	1.064911E-10	1.070516E-10	1.060316E-10	1.110794E-10	1.074928E-10	1.101835E-10	3.425652E-10	1.067032E-10	-1.330332E-11	1.878743E-10	9.971421E-11	9.948835E-11	1.846299E-10	1.827397E-10	-1.516480E-11	-1.334410E-11	1.074436E-10	1.099714E-10	1.042470E-10	1.054829E-10	1.074756E-10	1.074660E-10	1.058732E-10	1.924706E-10
0:21:16	1	-1.499535E+1	1.523500E+1	1.570000E+1	1.522644E+0	1.761242E+0	1.400000E+2	4.593200E-9	4.152344E-9	1.290907E-10	1.187922E-10	1.196601E-10	1.194846E-10	1.171451E-10	1.190541E-10	1.202059E-10	1.338016E-10	1.189156E-10	1.208279E-10	1.153263E-10	1.271187E-10	1.224423E-10	1.277272E-10	4.394822E-10	1.174625E-10	-1.495049E-11	2.109109E-10	1.129418E-10	1.128418E-10	2.306292E-10	2.020784E-10	-1.288953E-11	-1.321791E-11	1.187932E-10	1.242278E-10	1.169392E-10	1.178920E-10	1.196624E-10	1.200119E-10	1.197977E-10	2.201386E-10
0:21:30	1	-1.499687E+1	1.523900E+1	1.569100E+1	1.522289E+0	1.761115E+0	1.600000E+2	5.443400E-9	4.861545E-9	1.504056E-10	1.397254E-10	1.424791E-10	1.406221E-10	1.397630E-10	1.410549E-10	1.428829E-10	1.369089E-10	1.400239E-10	1.423777E-10	1.389732E-10	1.642505E-10	1.432817E-10	1.505718E-10	5.082104E-10	1.394238E-10	-1.393739E-11	2.501215E-10	1.359972E-10	1.340304E-10	2.286738E-10	2.453540E-10	-1.288953E-11	-1.258891E-11	1.401684E-10	1.453303E-10	1.387859E-10	1.377096E-10	1.399966E-10	1.419996E-10	1.417494E-10	2.600894E-10
0:21:44	1	-1.499649E+1	1.524900E+1	1.570100E+1	1.521491E+0	1.760342E+0	1.800000E+2	6.560800E-9	6.015299E-9	1.840823E-10	1.744676E-10	1.780672E-10	1.767587E-10	1.737849E-10	1.766327E-10	1.758559E-10	1.757806E-10	1.745703E-10	1.770084E-10	1.732424E-10	1.879948E-10	1.762197E-10	1.864791E-10	6.193792E-10	1.769531E-10	-1.476047E-11	3.007882E-10	1.681851E-10	1.681340E-10	2.897546E-10	2.949294E-10	-1.156287E-11	-1.302911E-11	1.751000E-10	1.789938E-10	1.760392E-10	1.734826E-10	1.758630E-10	1.763432E-10	1.773752E-10	3.123859E-10
0:21:58	1	-1.499611E+1	1.525900E+1	1.569000E+1	1.522314E+0	1.761419E+0	2.000000E+2	8.101800E-9	7.596310E-9	2.324513E-10	2.239018E-10	2.274362E-10	2.264388E-10	2.253567E-10	2.265427E-10	2.294846E-10	2.226429E-10	2.238857E-10	2.271214E-10	2.234449E-10	2.607422E-10	2.272742E-10	2.396780E-10	7.136352E-10	2.265076E-10	-1.197319E-11	3.694551E-10	2.183251E-10	2.167816E-10	3.412436E-10	3.591179E-10	-1.301621E-11	-1.246271E-11	2.240290E-10	2.313724E-10	2.242174E-10	2.240076E-10	2.256228E-10	2.277310E-10	2.306257E-10	3.846883E-10
0:22:12	1	-1.499573E+1	1.525900E+1	1.568100E+1	1.521921E+0	1.760697E+0	2.200000E+2	1.028500E-8	9.764620E-9	3.028929E-10	2.961604E-10	2.993708E-10	2.982055E-10	2.984693E-10	3.014076E-10	3.020001E-10	2.994994E-10	2.953871E-10	2.992270E-10	2.960927E-10	3.151763E-10	2.980291E-10	3.116191E-10	8.170130E-10	2.992892E-10	-1.305030E-11	4.548015E-10	2.876155E-10	2.880598E-10	4.194877E-10	4.504564E-10	-1.238480E-11	-1.315531E-11	2.964773E-10	3.022162E-10	2.972726E-10	2.983393E-10	2.983674E-10	3.008535E-10	3.041981E-10	4.752255E-10
0:22:26	1	-1.499634E+1	1.524200E+1	1.570400E+1	1.522074E+0	1.760748E+0	2.400000E+2	1.332800E-8	1.294889E-8	4.042365E-10	3.993777E-10	4.019010E-10	4.026909E-10	4.046535E-10	4.060036E-10	4.115311E-10	4.229638E-10	4.006104E-10	4.022343E-10	3.975088E-10	4.257503E-10	4.054578E-10	4.191526E-10	9.694193E-10	4.065619E-10	-1.349334E-11	5.723725E-10	3.880854E-10	3.896165E-10	5.682768E-10	5.539529E-10	-1.396383E-11	-1.347030E-11	4.020296E-10	4.058441E-10	3.995618E-10	4.021760E-10	4.039490E-10	4.090167E-10	4.116387E-10	6.032448E-10
0:22:40	1	-1.499603E+1	1.525000E+1	1.570100E+1	1.522023E+0	1.760798E+0	2.600000E+2	1.792300E-8	1.764482E-8	5.547685E-10	5.515882E-10	5.555057E-10	5.560342E-10	5.605713E-10	5.645333E-10	5.697637E-10	5.686231E-10	5.509662E-10	5.560498E-10	5.522886E-10	5.893060E-10	5.581783E-10	5.806412E-10	1.281199E-9	5.649087E-10	-1.305030E-11	7.367083E-10	5.391369E-10	5.378148E-10	7.175072E-10	7.338584E-10	-1.339526E-11	-1.164492E-11	5.518445E-10	5.582090E-10	5.538180E-10	5.567266E-10	5.614995E-10	5.666671E-10	5.707623E-10	7.834326E-10
0:22:54	1	-1.499588E+1	1.525400E+1	1.570200E+1	1.522036E+0	1.760824E+0	2.800000E+2	2.505300E-8	2.458229E-8	7.811659E-10	7.780114E-10	7.883775E-10	7.889910E-10	7.957477E-10	8.022020E-10	8.111228E-10	8.232894E-10	7.808109E-10	7.852572E-10	7.797172E-10	8.233360E-10	7.934342E-10	8.170376E-10	1.582337E-9	8.019229E-10	-1.419041E-11	9.762559E-10	7.644537E-10	7.683883E-10	1.023163E-9	9.594322E-10	-1.358478E-11	-1.523209E-11	7.797834E-10	7.870700E-10	7.857376E-10	7.895350E-10	7.945110E-10	8.036500E-10	8.141204E-10	1.046435E-9
0:23:08	1	-1.499626E+1	1.526700E+1	1.571400E+1	1.521998E+0	1.760596E+0	3.000000E+2	3.581500E-8	3.529295E-8	1.130284E-9	1.133126E-9	1.143880E-9	1.149281E-9	1.162198E-9	1.170616E-9	1.183744E-9	1.187660E-9	1.134197E-9	1.139843E-9	1.138531E-9	1.187706E-9	1.154235E-9	1.188986E-9	2.084783E-9	1.173296E-9	-1.210020E-11	1.338976E-9	1.112981E-9	1.120077E-9	1.420439E-9	1.341228E-9	-1.314289E-11	-1.252631E-11	1.133388E-9	1.139279E-9	1.143374E-9	1.151126E-9	1.160951E-9	1.172937E-9	1.191200E-9	1.442392E-9
0:23:22	1	-1.499626E+1	1.527400E+1	1.570500E+1	1.521465E+0	1.760279E+0	3.200000E+2	5.282800E-8	5.227893E-8	1.691359E-9	1.705144E-9	1.723154E-9	1.728731E-9	1.752230E-9	1.769911E-9	1.791028E-9	1.819379E-9	1.705322E-9	1.713588E-9	1.715036E-9	1.766529E-9	1.744655E-9	1.784267E-9	2.670339E-9	1.777824E-9	-1.425442E-11	1.909587E-9	1.679077E-9	1.694755E-9	1.930096E-9	1.973920E-9	-1.263717E-11	-1.359551E-11	1.704085E-9	1.710238E-9	1.721501E-9	1.736154E-9	1.751751E-9	1.771349E-9	1.799596E-9	2.078813E-9
0:23:36	1	-1.499611E+1	1.525400E+1	1.570000E+1	1.521048E+0	1.760304E+0	3.400000E+2	8.242500E-8	8.206019E-8	2.670735E-9	2.697601E-9	2.727528E-9	2.745618E-9	2.789428E-9	2.822544E-9	2.857599E-9	2.897211E-9	2.695695E-9	2.711687E-9	2.727493E-9	2.793839E-9	2.776324E-9	2.825587E-9	3.731796E-9	2.841824E-9	-1.362035E-11	2.893461E-9	2.659087E-9	2.693279E-9	3.023807E-9	2.991623E-9	-1.472192E-11	-1.246271E-11	2.692199E-9	2.697091E-9	2.726028E-9	2.754005E-9	2.783190E-9	2.821679E-9	2.871063E-9	3.181978E-9
0:23:50	1	-1.499626E+1	1.526600E+1	1.569400E+1	1.518172E+0	1.757631E+0	3.600000E+2	1.421500E-7	1.418562E-7	4.619330E-9	4.682764E-9	4.742532E-9	4.789201E-9	4.880613E-9	4.947294E-9	5.023964E-9	5.108864E-9	4.674854E-9	4.710032E-9	4.747349E-9	4.837783E-9	4.858472E-9	4.945330E-9	5.914702E-9	5.015770E-9	-1.520451E-11	4.834267E-9	4.628805E-9	4.700857E-9	5.060732E-9	5.117356E-9	-1.276385E-11	-1.284031E-11	4.648248E-9	4.656038E-9	4.731544E-9	4.796542E-9	4.856296E-9	4.926834E-9	5.033816E-9	5.406793E-9
0:24:03	1	-1.499657E+1	1.525200E+1	1.569700E+1	1.521833E+0	1.760735E+0	3.610000E+2	1.464200E-7	1.464581E-7	4.761853E-9	4.834848E-9	4.895062E-9	4.943809E-9	5.035581E-9	5.105571E-9	5.185228E-9	5.274119E-9	4.817920E-9	4.857338E-9	4.899221E-9	5.002350E-9	5.012586E-9	5.108207E-9	6.157944E-9	5.178420E-9	-1.526752E-11	4.975756E-9	4.769400E-9	4.849557E-9	5.291048E-9	5.256758E-9	-1.307905E-11	-1.284031E-11	4.793019E-9	4.800425E-9	4.877149E-9	4.943559E-9	5.015110E-9	5.088223E-9	5.195950E-9	5.573306E-9
0:24:17	1	-1.499634E+1	1.523600E+1	1.569000E+1	1.523695E+0	1.762901E+0	3.620000E+2	1.514400E-7	1.514075E-7	4.924683E-9	4.994751E-9	5.062321E-9	5.112721E-9	5.210443E-9	5.284656E-9	5.369676E-9	5.466323E-9	4.984312E-9	5.023540E-9	5.065255E-9	5.162432E-9	5.188488E-9	5.291153E-9	6.353109E-9	5.365943E-9	-1.260725E-11	5.131280E-9	4.940608E-9	5.015497E-9	5.386391E-9	5.456318E-9	-1.364762E-11	-1.246271E-11	4.949770E-9	4.964095E-9	5.045864E-9	5.113749E-9	5.186427E-9	5.262285E-9	5.380477E-9	5.753621E-9
0:24:30	1	-1.499618E+1	1.525700E+1	1.568400E+1	1.525963E+0	1.764193E+0	3.630000E+2	1.560200E-7	1.562795E-7	5.084927E-9	5.156166E-9	5.225660E-9	5.281886E-9	5.386509E-9	5.460849E-9	5.551217E-9	5.644957E-9	5.145572E-9	5.182222E-9	5.230215E-9	5.341839E-9	5.359452E-9	5.459332E-9	6.472260E-9	5.544795E-9	-1.514050E-11	5.286427E-9	5.101360E-9	5.179807E-9	5.595378E-9	5.611719E-9	-1.251049E-11	-1.258891E-11	5.112827E-9	5.124561E-9	5.209465E-9	5.280331E-9	5.357302E-9	5.440086E-9	5.555657E-9	5.936975E-9
0:24:44	1	-1.499596E+1	1.525300E+1	1.568000E+1	1.520997E+0	1.760101E+0	3.640000E+2	1.614800E-7	1.614787E-7	5.247569E-9	5.324646E-9	5.401010E-9	5.454341E-9	5.567327E-9	5.650116E-9	5.738633E-9	5.831836E-9	5.315769E-9	5.358916E-9	5.410666E-9	5.520866E-9	5.544034E-9	5.646821E-9	6.743689E-9	5.733393E-9	-1.178317E-11	5.451454E-9	5.267593E-9	5.351828E-9	5.722271E-9	5.800695E-9	-1.270001E-11	-1.321791E-11	5.274497E-9	5.290241E-9	5.383168E-9	5.453497E-9	5.536070E-9	5.619154E-9	5.748273E-9	6.128052E-9
0:24:57	1	-1.499657E+1	1.526000E+1	1.570200E+1	1.523518E+0	1.763053E+0	3.650000E+2	1.670300E-7	1.672516E-7	5.438209E-9	5.520173E-9	5.593427E-9	5.653947E-9	5.768988E-9	5.854156E-9	5.947398E-9	6.057839E-9	5.503270E-9	5.552671E-9	5.601043E-9	5.706777E-9	5.741664E-9	5.849644E-9	6.889887E-9	5.950534E-9	-1.457045E-11	5.639266E-9	5.449196E-9	5.551433E-9	6.007798E-9	5.984695E-9	-1.263717E-11	-1.435169E-11	5.458550E-9	5.476771E-9	5.573542E-9	5.652052E-9	5.738519E-9	5.824581E-9	5.952932E-9	6.354208E-9
0:25:11	1	-1.499580E+1	1.525500E+1	1.570400E+1	1.525684E+0	1.763889E+0	3.660000E+2	1.733700E-7	1.740076E-7	5.619768E-9	5.707504E-9	5.792291E-9	5.851084E-9	5.971283E-9	6.053544E-9	6.161533E-9	6.272364E-9	5.673910E-9	5.755210E-9	5.794013E-9	5.921546E-9	5.944931E-9	6.069129E-9	8.047565E-9	6.160081E-9	-1.419041E-11	5.827455E-9	5.649443E-9	5.737747E-9	6.251047E-9	6.192884E-9	-1.320573E-11	-1.340671E-11	5.641973E-9	5.663050E-9	5.760631E-9	5.842250E-9	5.936989E-9	6.025319E-9	6.158533E-9	6.565356E-9
0:25:24	1	-1.499641E+1	1.527600E+1	1.569100E+1	1.517336E+0	1.757163E+0	3.670000E+2	1.801900E-7	1.809580E-7	5.818166E-9	5.906499E-9	5.991156E-9	6.059042E-9	6.182828E-9	6.274053E-9	6.381355E-9	6.491966E-9	5.889492E-9	5.945299E-9	6.007214E-9	6.123749E-9	6.158587E-9	6.288298E-9	9.187256E-9	6.391401E-9	-1.273327E-11	6.017470E-9	5.843453E-9	5.946691E-9	6.350936E-9	6.460476E-9	-1.200576E-11	-1.107852E-11	5.835926E-9	5.859001E-9	5.963190E-9	6.050302E-9	6.144741E-9	6.247411E-9	6.382135E-9	6.795688E-9
0:25:38	1	-1.499497E+1	1.525900E+1	1.570000E+1	1.523796E+0	1.762217E+0	3.680000E+2	1.877400E-7	1.870565E-7	6.021167E-9	6.114385E-9	6.209616E-9	6.273268E-9	6.409707E-9	6.499276E-9	6.619431E-9	6.738705E-9	6.090938E-9	6.154664E-9	6.215168E-9	6.334479E-9	6.382823E-9	6.499326E-9	9.237361E-9	6.632528E-9	-1.444444E-11	6.215226E-9	6.053086E-9	6.151499E-9	6.574561E-9	6.659216E-9	-1.187908E-11	-1.328150E-11	6.039336E-9	6.058784E-9	6.172948E-9	6.260000E-9	6.369103E-9	6.464879E-9	6.618531E-9	7.026084E-9
0:25:51	1	-1.499611E+1	1.525500E+1	1.569200E+1	1.520870E+0	1.760950E+0	3.690000E+2	1.945500E-7	1.941491E-7	6.252356E-9	6.348692E-9	6.452603E-9	6.525086E-9	6.664460E-9	6.767619E-9	6.883089E-9	7.013093E-9	6.325982E-9	6.387853E-9	6.460934E-9	6.587455E-9	6.636258E-9	6.761659E-9	9.341816E-9	6.898338E-9	-1.134013E-11	6.449489E-9	6.285272E-9	6.398687E-9	6.850371E-9	6.879311E-9	-1.320573E-11	-1.384790E-11	6.270493E-9	6.292105E-9	6.414026E-9	6.509843E-9	6.616827E-9	6.727460E-9	6.881019E-9	7.305294E-9
0:26:05	1	-1.499558E+1	1.528100E+1	1.570100E+1	1.525025E+0	1.764523E+0	3.700000E+2	2.016900E-7	2.016188E-7	6.481341E-9	6.585456E-9	6.688636E-9	6.760701E-9	6.914969E-9	7.018300E-9	7.153315E-9	7.276764E-9	6.560453E-9	6.627804E-9	6.703663E-9	6.844724E-9	6.885132E-9	7.029040E-9	9.959675E-9	7.161996E-9	-1.393739E-11	6.673554E-9	6.518273E-9	6.636406E-9	7.052290E-9	7.170965E-9	-1.314289E-11	-1.240011E-11	6.497045E-9	6.515502E-9	6.641589E-9	6.750628E-9	6.865373E-9	6.971920E-9	7.144071E-9	7.568737E-9
0:26:18	1	-1.499641E+1	1.528100E+1	1.570600E+1	1.524784E+0	1.763370E+0	3.710000E+2	2.096100E-7	2.092367E-7	6.727730E-9	6.836912E-9	6.942305E-9	7.024921E-9	7.186322E-9	7.297455E-9	7.432385E-9	7.573663E-9	6.810962E-9	6.871294E-9	6.962261E-9	7.103255E-9	7.153390E-9	7.291436E-9	1.017999E-8	7.451032E-9	-1.330332E-11	6.919145E-9	6.768472E-9	6.895252E-9	7.341098E-9	7.435531E-9	-1.187908E-11	-1.309270E-11	6.742133E-9	6.762827E-9	6.898640E-9	7.012118E-9	7.132041E-9	7.248633E-9	7.415215E-9	7.858584E-9
0:26:32	1	-1.499611E+1	1.527600E+1	1.571500E+1	1.521187E+0	1.761305E+0	3.720000E+2	2.177200E-7	2.173729E-7	6.984082E-9	7.097572E-9	7.210892E-9	7.303318E-9	7.473196E-9	7.591257E-9	7.726869E-9	7.875191E-9	7.072120E-9	7.144990E-9	7.230155E-9	7.369301E-9	7.440714E-9	7.579895E-9	1.055378E-8	7.753106E-9	-1.343033E-11	7.166308E-9	7.033033E-9	7.164066E-9	7.652180E-9	7.692665E-9	-1.131051E-11	-1.296651E-11	6.996050E-9	7.020704E-9	7.166046E-9	7.288995E-9	7.408686E-9	7.527182E-9	7.718347E-9	8.169893E-9
0:26:45	1	-1.499710E+1	1.527600E+1	1.571800E+1	1.516728E+0	1.756390E+0	3.730000E+2	2.270400E-7	2.269499E-7	7.282751E-9	7.402813E-9	7.523159E-9	7.627407E-9	7.792826E-9	7.919630E-9	8.068979E-9	8.251420E-9	7.369598E-9	7.451863E-9	7.543824E-9	7.695655E-9	7.762876E-9	7.932029E-9	1.110570E-8	8.103848E-9	-1.571156E-11	7.461809E-9	7.330537E-9	7.474317E-9	8.006611E-9	8.038996E-9	-1.162571E-11	-1.328150E-11	7.290195E-9	7.317079E-9	7.464329E-9	7.593855E-9	7.736607E-9	7.862189E-9	8.056727E-9	8.522864E-9
0:26:59	1	-1.499512E+1	1.526600E+1	1.569500E+1	1.523176E+0	1.763053E+0	3.740000E+2	2.356800E-7	2.360971E-7	7.576751E-9	7.703071E-9	7.832137E-9	7.939536E-9	8.125380E-9	8.257118E-9	8.410840E-9	8.593535E-9	7.664669E-9	7.760316E-9	7.853638E-9	8.016579E-9	8.102077E-9	8.250589E-9	1.141368E-8	8.455986E-9	-1.254325E-11	7.759640E-9	7.626719E-9	7.784568E-9	8.264184E-9	8.374809E-9	-1.238480E-11	-1.208511E-11	7.580368E-9	7.611759E-9	7.772145E-9	7.910935E-9	8.045015E-9	8.192063E-9	8.396678E-9	8.859372E-9
0:27:12	1	-1.499641E+1	1.526300E+1	1.569800E+1	1.526026E+0	1.765245E+0	3.750000E+2	2.456400E-7	2.458085E-7	7.888158E-9	8.024767E-9	8.153001E-9	8.265777E-9	8.461232E-9	8.619564E-9	8.782071E-9	8.951374E-9	7.982495E-9	8.068959E-9	8.188552E-9	8.355057E-9	8.446413E-9	8.612065E-9	1.174985E-8	8.830587E-9	-1.241723E-11	8.057721E-9	7.949231E-9	8.111496E-9	8.625245E-9	8.704195E-9	-1.270001E-11	-1.441430E-11	7.885672E-9	7.918812E-9	8.087981E-9	8.231625E-9	8.387210E-9	8.534044E-9	8.749737E-9	9.225194E-9
0:27:26	1	-1.499550E+1	1.526800E+1	1.570900E+1	1.522656E+0	1.762014E+0	3.760000E+2	2.564600E-7	2.561204E-7	8.217664E-9	8.362231E-9	8.507242E-9	8.625880E-9	8.839023E-9	8.992945E-9	9.175094E-9	9.369138E-9	8.315154E-9	8.415965E-9	8.533775E-9	8.722272E-9	8.811332E-9	8.992533E-9	1.197181E-8	9.224176E-9	-1.412740E-11	8.395773E-9	8.296561E-9	8.461245E-9	8.899223E-9	9.104699E-9	-1.162571E-11	-1.221131E-11	8.214244E-9	8.251489E-9	8.441705E-9	8.587837E-9	8.754596E-9	8.908464E-9	9.134844E-9	9.631472E-9
0:27:39	1	-1.499573E+1	1.524000E+1	1.571800E+1	1.522922E+0	1.763699E+0	3.770000E+2	2.687900E-7	2.684771E-7	8.592642E-9	8.765265E-9	8.914201E-9	9.044393E-9	9.265280E-9	9.433521E-9	9.626672E-9	9.845877E-9	8.705309E-9	8.816619E-9	8.957144E-9	9.146885E-9	9.240227E-9	9.443617E-9	1.249414E-8	9.685418E-9	-1.368336E-11	8.776935E-9	8.683201E-9	8.863211E-9	9.453681E-9	9.523660E-9	-1.225812E-11	-1.189632E-11	8.590488E-9	8.630958E-9	8.833691E-9	8.992418E-9	9.171870E-9	9.342446E-9	9.578659E-9	1.009651E-8
0:27:53	1	-1.499580E+1	1.527000E+1	1.569800E+1	1.526140E+0	1.765105E+0	3.780000E+2	2.804100E-7	2.806659E-7	8.986599E-9	9.155564E-9	9.322042E-9	9.455247E-9	9.698253E-9	9.882708E-9	1.008514E-8	1.032090E-8	9.093813E-9	9.215504E-9	9.347950E-9	9.558679E-9	9.682488E-9	9.878987E-9	1.292824E-8	1.015521E-8	-1.539453E-11	9.155013E-9	9.080041E-9	9.276650E-9	9.858403E-9	9.967249E-9	-1.232096E-11	-1.290391E-11	8.966918E-9	9.017837E-9	9.230032E-9	9.404977E-9	9.594573E-9	9.777949E-9	1.003935E-8	1.057021E-8
0:28:06	1	-1.499618E+1	1.525700E+1	1.570900E+1	1.521542E+0	1.760811E+0	3.790000E+2	2.934500E-7	2.935629E-7	9.399411E-9	9.586783E-9	9.769961E-9	9.906163E-9	1.016588E-8	1.036408E-8	1.057910E-8	1.083176E-8	9.517560E-9	9.638656E-9	9.800783E-9	1.001556E-8	1.014704E-8	1.036497E-8	1.312626E-8	1.066683E-8	-1.406440E-11	9.572932E-9	9.515243E-9	9.720620E-9	1.023347E-8	1.045355E-8	-1.105715E-11	-1.435169E-11	9.374118E-9	9.428203E-9	9.660849E-9	9.851093E-9	1.005573E-8	1.025388E-8	1.052500E-8	1.107691E-8
0:28:20	1	-1.499626E+1	1.523600E+1	1.571600E+1	1.519287E+0	1.760406E+0	3.800000E+2	3.092000E-7	3.090579E-7	9.879954E-9	1.008421E-8	1.028463E-8	1.043960E-8	1.072563E-8	1.093666E-8	1.116598E-8	1.144350E-8	1.000710E-8	1.015098E-8	1.032955E-8	1.054197E-8	1.069300E-8	1.093987E-8	1.368958E-8	1.126750E-8	-1.305030E-11	1.004315E-8	1.000840E-8	1.023198E-8	1.078711E-8	1.100133E-8	-1.232096E-11	-1.095232E-11	9.853892E-9	9.907152E-9	1.014628E-8	1.036654E-8	1.058516E-8	1.080078E-8	1.110385E-8	1.167889E-8
0:28:33	1	-1.499588E+1	1.524800E+1	1.571900E+1	1.520883E+0	1.761229E+0	3.810000E+2	3.245100E-7	3.250448E-7	1.036882E-8	1.058870E-8	1.079810E-8	1.097267E-8	1.127132E-8	1.150773E-8	1.176234E-8	1.206197E-8	1.051079E-8	1.065982E-8	1.084599E-8	1.109775E-8	1.126087E-8	1.151407E-8	1.450817E-8	1.187500E-8	-1.533052E-11	1.053176E-8	1.051371E-8	1.075983E-8	1.136750E-8	1.155528E-8	-1.168955E-11	-1.309270E-11	1.033215E-8	1.039314E-8	1.066519E-8	1.089535E-8	1.113870E-8	1.135655E-8	1.169004E-8	1.228162E-8
0:28:47	1	-1.499474E+1	1.526500E+1	1.572100E+1	1.525051E+0	1.765093E+0	3.820000E+2	3.419100E-7	3.416298E-7	1.090411E-8	1.114060E-8	1.135993E-8	1.155111E-8	1.188130E-8	1.212488E-8	1.241574E-8	1.273288E-8	1.105205E-8	1.120898E-8	1.142440E-8	1.169009E-8	1.187409E-8	1.214337E-8	1.469206E-8	1.255376E-8	-1.248024E-11	1.105881E-8	1.106444E-8	1.133049E-8	1.189022E-8	1.218061E-8	-1.219528E-11	-1.189632E-11	1.085159E-8	1.092842E-8	1.121307E-8	1.146271E-8	1.171409E-8	1.197682E-8	1.230622E-8	1.293951E-8
0:29:00	1	-1.499626E+1	1.527000E+1	1.570200E+1	1.524759E+0	1.763623E+0	3.830000E+2	3.602900E-7	3.606677E-7	1.148063E-8	1.173778E-8	1.198705E-8	1.219644E-8	1.254971E-8	1.282664E-8	1.312516E-8	1.347418E-8	1.163592E-8	1.181489E-8	1.206090E-8	1.234684E-8	1.254616E-8	1.285679E-8	1.557134E-8	1.328563E-8	-1.533052E-11	1.163244E-8	1.166493E-8	1.196548E-8	1.255839E-8	1.285349E-8	-1.257433E-11	-1.277771E-11	1.141504E-8	1.150629E-8	1.182018E-8	1.208756E-8	1.236728E-8	1.264291E-8	1.301967E-8	1.367869E-8
0:29:14	1	-1.499611E+1	1.525100E+1	1.570600E+1	1.520769E+0	1.761191E+0	3.840000E+2	3.833100E-7	3.835414E-7	1.217496E-8	1.244965E-8	1.271779E-8	1.296569E-8	1.334571E-8	1.364682E-8	1.398240E-8	1.437623E-8	1.232089E-8	1.254473E-8	1.279870E-8	1.311031E-8	1.334080E-8	1.367566E-8	1.689575E-8	1.416590E-8	-1.311330E-11	1.231521E-8	1.237987E-8	1.271287E-8	1.345421E-8	1.363951E-8	-1.345810E-11	-1.334410E-11	1.208076E-8	1.217566E-8	1.252775E-8	1.282006E-8	1.312574E-8	1.343674E-8	1.384866E-8	1.455234E-8
0:29:27	1	-1.499702E+1	1.524200E+1	1.570900E+1	1.524455E+0	1.764839E+0	3.850000E+2	4.062700E-7	4.065094E-7	1.288020E-8	1.319071E-8	1.348511E-8	1.374538E-8	1.416636E-8	1.449528E-8	1.487640E-8	1.529565E-8	1.305442E-8	1.328152E-8	1.356647E-8	1.392891E-8	1.417566E-8	1.454186E-8	1.757106E-8	1.508693E-8	-1.362035E-11	1.303417E-8	1.311554E-8	1.346082E-8	1.427003E-8	1.447176E-8	-1.118383E-11	-1.302911E-11	1.276224E-8	1.288630E-8	1.325489E-8	1.359167E-8	1.393257E-8	1.425078E-8	1.471283E-8	1.546164E-8
0:29:41	1	-1.499535E+1	1.526000E+1	1.569400E+1	1.524797E+0	1.763801E+0	3.855064E+2	4.182600E-7	4.186114E-7	1.325896E-8	1.358461E-8	1.390257E-8	1.416364E-8	1.462468E-8	1.496276E-8	1.536101E-8	1.580860E-8	1.342796E-8	1.368009E-8	1.397827E-8	1.434052E-8	1.462014E-8	1.499932E-8	1.776914E-8	1.559488E-8	-1.336733E-11	1.339532E-8	1.351477E-8	1.388235E-8	1.464384E-8	1.492480E-8	-1.307905E-11	-1.290391E-11	1.313230E-8	1.325729E-8	1.363615E-8	1.400626E-8	1.436897E-8	1.468990E-8	1.518086E-8	1.594080E-8
0:29:54	1	-1.499717E+1	1.524900E+1	1.570000E+1	1.525494E+0	1.764751E+0	3.860128E+2	4.319600E-7	4.316744E-7	1.364888E-8	1.400643E-8	1.432419E-8	1.462158E-8	1.507691E-8	1.543854E-8	1.585643E-8	1.634495E-8	1.383535E-8	1.409421E-8	1.443281E-8	1.478534E-8	1.509483E-8	1.548612E-8	1.818493E-8	1.611258E-8	-1.210020E-11	1.379682E-8	1.393467E-8	1.433528E-8	1.511260E-8	1.542061E-8	-1.510096E-11	-1.063733E-11	1.352393E-8	1.364982E-8	1.404827E-8	1.444877E-8	1.481637E-8	1.517501E-8	1.565873E-8	1.644724E-8
0:30:08	1	-1.499611E+1	1.525500E+1	1.572200E+1	1.523277E+0	1.762204E+0	3.865192E+2	4.449100E-7	4.459762E-7	1.407538E-8	1.443589E-8	1.478911E-8	1.509452E-8	1.557850E-8	1.594342E-8	1.640087E-8	1.689924E-8	1.426018E-8	1.454346E-8	1.487698E-8	1.528049E-8	1.559689E-8	1.601987E-8	1.912141E-8	1.667249E-8	-1.476047E-11	1.420586E-8	1.436339E-8	1.479869E-8	1.566296E-8	1.589513E-8	-1.175240E-11	-1.315531E-11	1.392571E-8	1.405956E-8	1.449172E-8	1.488355E-8	1.528536E-8	1.566267E-8	1.618120E-8	1.701142E-8
0:30:21	1	-1.499634E+1	1.526200E+1	1.569800E+1	1.522593E+0	1.763015E+0	3.870256E+2	4.606900E-7	4.610422E-7	1.451253E-8	1.489485E-8	1.526554E-8	1.559144E-8	1.611430E-8	1.651814E-8	1.697714E-8	1.752621E-8	1.472183E-8	1.500971E-8	1.537989E-8	1.578575E-8	1.611485E-8	1.657111E-8	1.992753E-8	1.728246E-8	-1.273327E-11	1.465695E-8	1.483367E-8	1.527826E-8	1.609892E-8	1.646257E-8	-1.131051E-11	-1.309270E-11	1.435145E-8	1.449951E-8	1.496731E-8	1.538171E-8	1.580032E-8	1.621216E-8	1.674582E-8	1.759744E-8
0:30:35	1	-1.499573E+1	1.523800E+1	1.571400E+1	1.526254E+0	1.765485E+0	3.875319E+2	4.792300E-7	4.790371E-7	1.505816E-8	1.547015E-8	1.584747E-8	1.620507E-8	1.674760E-8	1.717539E-8	1.768195E-8	1.824239E-8	1.525518E-8	1.557183E-8	1.597435E-8	1.641370E-8	1.676266E-8	1.725341E-8	2.069830E-8	1.802591E-8	-1.469746E-11	1.518923E-8	1.540027E-8	1.587169E-8	1.673768E-8	1.712373E-8	-1.320573E-11	-1.296651E-11	1.486237E-8	1.504214E-8	1.552567E-8	1.596142E-8	1.641663E-8	1.684213E-8	1.741060E-8	1.831085E-8
0:30:48	1	-1.499596E+1	1.525100E+1	1.572100E+1	1.523302E+0	1.762445E+0	3.880383E+2	4.953900E-7	4.952705E-7	1.556172E-8	1.597501E-8	1.638781E-8	1.675952E-8	1.734948E-8	1.780084E-8	1.831267E-8	1.894514E-8	1.575683E-8	1.609047E-8	1.652816E-8	1.699170E-8	1.737252E-8	1.787104E-8	2.104138E-8	1.869720E-8	-1.248024E-11	1.568778E-8	1.591201E-8	1.642492E-8	1.726658E-8	1.773488E-8	-1.478575E-11	-1.189632E-11	1.533880E-8	1.552015E-8	1.604583E-8	1.651277E-8	1.697902E-8	1.742369E-8	1.803524E-8	1.898646E-8
0:31:02	1	-1.499702E+1	1.523700E+1	1.569500E+1	1.521909E+0	1.762787E+0	3.885447E+2	5.133200E-7	5.134412E-7	1.609322E-8	1.653776E-8	1.697403E-8	1.737334E-8	1.798894E-8	1.845406E-8	1.903290E-8	1.966715E-8	1.630343E-8	1.666712E-8	1.711346E-8	1.761069E-8	1.802268E-8	1.855776E-8	2.196145E-8	1.943033E-8	-1.235323E-11	1.621364E-8	1.648995E-8	1.701415E-8	1.792554E-8	1.838370E-8	-1.143619E-11	-1.221131E-11	1.584468E-8	1.604413E-8	1.657951E-8	1.709438E-8	1.760770E-8	1.808712E-8	1.870981E-8	1.969455E-8
0:31:15	1	-1.499588E+1	1.525400E+1	1.570200E+1	1.521225E+0	1.760976E+0	3.890511E+2	5.351400E-7	5.353275E-7	1.673287E-8	1.721767E-8	1.768529E-8	1.813512E-8	1.875877E-8	1.927525E-8	1.988534E-8	2.058715E-8	1.694130E-8	1.734867E-8	1.785227E-8	1.837511E-8	1.881149E-8	1.937272E-8	2.296020E-8	2.034365E-8	-1.545754E-11	1.685430E-8	1.717605E-8	1.772367E-8	1.866670E-8	1.917828E-8	-1.560669E-11	-1.296651E-11	1.646627E-8	1.667620E-8	1.727767E-8	1.779426E-8	1.832985E-8	1.885668E-8	1.952888E-8	2.055985E-8
0:31:29	1	-1.499672E+1	1.523700E+1	1.570600E+1	1.524442E+0	1.764877E+0	3.895575E+2	5.589700E-7	5.591266E-7	1.743338E-8	1.794732E-8	1.844965E-8	1.890822E-8	1.961971E-8	2.017784E-8	2.081515E-8	2.158591E-8	1.765809E-8	1.808066E-8	1.860985E-8	1.921424E-8	1.967371E-8	2.028227E-8	2.397155E-8	2.133638E-8	-1.165616E-11	1.755091E-8	1.791360E-8	1.850974E-8	1.950278E-8	2.006389E-8	-1.282669E-11	-1.529569E-11	1.714416E-8	1.735625E-8	1.799572E-8	1.855974E-8	1.913535E-8	1.969378E-8	2.043414E-8	2.154234E-8
0:31:42	1	-1.499611E+1	1.525300E+1	1.572400E+1	1.525887E+0	1.764586E+0	3.900639E+2	5.805300E-7	5.811769E-7	1.806742E-8	1.863453E-8	1.916957E-8	1.966101E-8	2.042427E-8	2.100890E-8	2.169538E-8	2.248929E-8	1.831149E-8	1.879034E-8	1.934329E-8	1.995756E-8	2.050193E-8	2.114393E-8	2.486002E-8	2.226077E-8	-1.450744E-11	1.819428E-8	1.858924E-8	1.924816E-8	2.025398E-8	2.086497E-8	-1.409051E-11	-1.372170E-11	1.774941E-8	1.798826E-8	1.865821E-8	1.928837E-8	1.988389E-8	2.049928E-8	2.126156E-8	2.241993E-8
0:31:56	1	-1.499657E+1	1.525600E+1	1.570500E+1	1.521263E+0	1.761292E+0	3.905703E+2	6.047500E-7	6.050519E-7	1.878439E-8	1.935428E-8	1.994910E-8	2.048849E-8	2.125867E-8	2.191262E-8	2.265406E-8	2.352780E-8	1.903494E-8	1.951752E-8	2.013205E-8	2.078722E-8	2.136206E-8	2.204786E-8	2.578935E-8	2.329294E-8	-1.197319E-11	1.889480E-8	1.933304E-8	2.002489E-8	2.106046E-8	2.174824E-8	-1.333242E-11	-1.428810E-11	1.840170E-8	1.869067E-8	1.938863E-8	2.004308E-8	2.070581E-8	2.134132E-8	2.216494E-8	2.340052E-8
0:32:09	1	-1.499459E+1	1.526500E+1	1.570500E+1	1.523961E+0	1.764231E+0	3.910767E+2	6.296500E-7	6.307971E-7	1.951340E-8	2.014289E-8	2.074500E-8	2.133374E-8	2.217708E-8	2.287285E-8	2.368646E-8	2.462269E-8	1.976916E-8	2.031276E-8	2.097873E-8	2.166183E-8	2.228225E-8	2.303756E-8	2.687551E-8	2.440864E-8	-1.235323E-11	1.964064E-8	2.014184E-8	2.089020E-8	2.199680E-8	2.269999E-8	-1.251049E-11	-1.164492E-11	1.912574E-8	1.940576E-8	2.017545E-8	2.089391E-8	2.158525E-8	2.226341E-8	2.315317E-8	2.444094E-8
0:32:23	1	-1.499641E+1	1.524600E+1	1.570100E+1	1.525481E+0	1.764573E+0	3.915831E+2	6.574600E-7	6.583814E-7	2.030157E-8	2.097923E-8	2.164097E-8	2.226716E-8	2.319672E-8	2.394484E-8	2.478625E-8	2.583464E-8	2.059200E-8	2.118814E-8	2.188389E-8	2.264165E-8	2.331233E-8	2.410961E-8	2.786115E-8	2.555505E-8	-1.216321E-11	2.043292E-8	2.098774E-8	2.178954E-8	2.295510E-8	2.372217E-8	-1.238480E-11	-1.479189E-11	1.985748E-8	2.019736E-8	2.102136E-8	2.174859E-8	2.253328E-8	2.325823E-8	2.421573E-8	2.560602E-8
0:32:36	1	-1.499710E+1	1.525500E+1	1.570200E+1	1.517222E+0	1.758163E+0	3.920895E+2	6.877700E-7	6.883131E-7	2.116213E-8	2.189425E-8	2.261393E-8	2.327809E-8	2.428106E-8	2.507291E-8	2.600714E-8	2.711514E-8	2.145173E-8	2.208488E-8	2.285114E-8	2.367540E-8	2.442489E-8	2.528188E-8	2.905905E-8	2.688289E-8	-1.146614E-11	2.130036E-8	2.190564E-8	2.277647E-8	2.404439E-8	2.482976E-8	-1.200576E-11	-1.315531E-11	2.065725E-8	2.101734E-8	2.188956E-8	2.273308E-8	2.355701E-8	2.433377E-8	2.532766E-8	2.684088E-8
0:32:50	1	-1.499618E+1	1.524700E+1	1.570700E+1	1.523758E+0	1.762736E+0	3.925958E+2	7.208000E-7	7.209023E-7	2.210247E-8	2.288451E-8	2.364940E-8	2.439763E-8	2.545270E-8	2.633750E-8	2.738248E-8	2.857536E-8	2.240198E-8	2.307223E-8	2.392859E-8	2.479762E-8	2.563690E-8	2.655903E-8	3.023174E-8	2.832922E-8	-1.330332E-11	2.221985E-8	2.289900E-8	2.385072E-8	2.510447E-8	2.607625E-8	-1.371146E-11	-1.611349E-11	2.151182E-8	2.196237E-8	2.287723E-8	2.374662E-8	2.464674E-8	2.550070E-8	2.661313E-8	2.819717E-8
0:33:03	1	-1.499580E+1	1.523500E+1	1.570400E+1	1.521656E+0	1.762293E+0	3.931022E+2	7.561300E-7	7.568514E-7	2.311079E-8	2.394764E-8	2.480137E-8	2.559742E-8	2.673623E-8	2.770744E-8	2.879773E-8	3.019784E-8	2.339406E-8	2.417985E-8	2.510437E-8	2.605593E-8	2.695715E-8	2.798227E-8	3.182903E-8	2.993035E-8	-1.450744E-11	2.320831E-8	2.397092E-8	2.501300E-8	2.647014E-8	2.738523E-8	-1.244764E-11	-1.447690E-11	2.247692E-8	2.291575E-8	2.392173E-8	2.487749E-8	2.585720E-8	2.678059E-8	2.797913E-8	2.970693E-8
0:33:17	1	-1.499694E+1	1.525000E+1	1.570600E+1	1.526026E+0	1.765675E+0	3.936086E+2	8.019400E-7	8.020004E-7	2.437339E-8	2.528898E-8	2.623224E-8	2.709275E-8	2.837803E-8	2.943568E-8	3.066020E-8	3.220664E-8	2.470175E-8	2.552526E-8	2.658186E-8	2.765083E-8	2.862492E-8	2.980611E-8	3.359343E-8	3.195246E-8	-1.146614E-11	2.447850E-8	2.536654E-8	2.648633E-8	2.796662E-8	2.912860E-8	-1.472192E-11	-1.233751E-11	2.364574E-8	2.415909E-8	2.521355E-8	2.632519E-8	2.739646E-8	2.844043E-8	2.972536E-8	3.160201E-8
0:33:30	1	-1.499603E+1	1.525700E+1	1.571000E+1	1.524075E+0	1.763370E+0	3.941150E+2	8.452400E-7	8.455714E-7	2.557002E-8	2.656309E-8	2.759572E-8	2.856359E-8	3.000254E-8	3.117228E-8	3.250012E-8	3.421569E-8	2.590118E-8	2.682569E-8	2.797065E-8	2.914967E-8	3.023567E-8	3.153030E-8	3.533976E-8	3.394857E-8	-1.172016E-11	2.568984E-8	2.665722E-8	2.791065E-8	2.953409E-8	3.073553E-8	-1.219528E-11	-1.435169E-11	2.476476E-8	2.530315E-8	2.651327E-8	2.766493E-8	2.887012E-8	2.999108E-8	3.142642E-8	3.346404E-8
0:33:44	1	-1.499657E+1	1.528700E+1	1.570600E+1	1.522124E+0	1.762686E+0	3.946214E+2	8.935100E-7	8.939765E-7	2.688792E-8	2.798708E-8	2.910396E-8	3.018987E-8	3.173114E-8	3.305484E-8	3.454502E-8	3.640217E-8	2.724798E-8	2.822943E-8	2.951706E-8	3.083405E-8	3.206305E-8	3.347240E-8	3.741334E-8	3.618815E-8	-1.159315E-11	2.697997E-8	2.811079E-8	2.946555E-8	3.128914E-8	3.257497E-8	-1.263717E-11	-1.277771E-11	2.596889E-8	2.656992E-8	2.791029E-8	2.918727E-8	3.048491E-8	3.173759E-8	3.331045E-8	3.555628E-8
0:33:57	1	-1.499512E+1	1.525700E+1	1.571800E+1	1.525481E+0	1.765118E+0	3.951278E+2	9.503000E-7	9.508463E-7	2.839444E-8	2.965736E-8	3.086491E-8	3.208536E-8	3.379977E-8	3.520800E-8	3.694290E-8	3.909374E-8	2.879389E-8	2.990043E-8	3.136399E-8	3.281459E-8	3.419499E-8	3.577818E-8	3.998499E-8	3.885094E-8	-1.393739E-11	2.854076E-8	2.979265E-8	3.132493E-8	3.331043E-8	3.472546E-8	-1.390098E-11	-1.265151E-11	2.735601E-8	2.804088E-8	2.949250E-8	3.094527E-8	3.238891E-8	3.377616E-8	3.547421E-8	3.799016E-8
0:34:11	1	-1.499618E+1	1.527400E+1	1.573300E+1	1.518881E+0	1.758822E+0	3.956342E+2	1.010500E-6	1.011520E-6	2.999657E-8	3.137071E-8	3.277088E-8	3.413186E-8	3.600266E-8	3.761889E-8	3.953690E-8	4.194593E-8	3.040787E-8	3.172171E-8	3.331430E-8	3.496520E-8	3.647414E-8	3.822533E-8	4.242388E-8	4.180017E-8	-1.463445E-11	3.017587E-8	3.157881E-8	3.327389E-8	3.534212E-8	3.709050E-8	-1.251049E-11	-1.397410E-11	2.885038E-8	2.958588E-8	3.121426E-8	3.278229E-8	3.439180E-8	3.596768E-8	3.788816E-8	4.071243E-8
0:34:24	1	-1.499428E+1	1.525400E+1	1.572000E+1	1.526039E+0	1.765257E+0	3.961406E+2	1.078400E-6	1.080308E-6	3.179564E-8	3.330650E-8	3.482445E-8	3.633511E-8	3.852878E-8	4.036186E-8	4.249166E-8	4.529610E-8	3.222666E-8	3.366975E-8	3.547370E-8	3.730108E-8	3.908147E-8	4.103710E-8	4.566888E-8	4.514824E-8	-1.203720E-11	3.196386E-8	3.357247E-8	3.550277E-8	3.781917E-8	3.971653E-8	-1.314289E-11	-1.214871E-11	3.045788E-8	3.131396E-8	3.307215E-8	3.489011E-8	3.666692E-8	3.845188E-8	4.061334E-8	4.375766E-8
0:34:38	1	-1.499649E+1	1.526700E+1	1.570000E+1	1.521769E+0	1.761191E+0	3.966470E+2	1.179800E-6	1.181421E-6	3.439619E-8	3.608967E-8	3.792891E-8	3.973860E-8	4.219418E-8	4.438023E-8	4.696279E-8	5.032203E-8	3.488591E-8	3.652496E-8	3.865580E-8	4.081514E-8	4.289200E-8	4.522932E-8	5.023733E-8	5.025344E-8	-1.349334E-11	3.456654E-8	3.651055E-8	3.873481E-8	4.140652E-8	4.363508E-8	-1.080478E-11	-1.454049E-11	3.276016E-8	3.378508E-8	3.579269E-8	3.788459E-8	3.998945E-8	4.200518E-8	4.461295E-8	4.826966E-8
0:34:51	1	-1.499641E+1	1.523800E+1	1.569800E+1	1.524392E+0	1.764447E+0	3.971533E+2	1.271900E-6	1.274391E-6	3.666887E-8	3.862964E-8	4.068963E-8	4.275471E-8	4.557922E-8	4.812769E-8	5.112928E-8	5.512418E-8	3.723893E-8	3.914173E-8	4.157804E-8	4.402021E-8	4.646170E-8	4.921835E-8	5.437137E-8	5.516796E-8	-1.020001E-11	3.689852E-8	3.908907E-8	4.165240E-8	4.464178E-8	4.716309E-8	-1.257433E-11	-1.403670E-11	3.483103E-8	3.600077E-8	3.828282E-8	4.064278E-8	4.303956E-8	4.541703E-8	4.827399E-8	5.259381E-8
0:35:05	1	-1.499611E+1	1.524200E+1	1.568900E+1	1.525912E+0	1.764890E+0	3.976597E+2	1.380600E-6	1.382442E-6	3.934857E-8	4.155928E-8	4.390743E-8	4.626445E-8	4.955150E-8	5.247003E-8	5.596855E-8	6.073471E-8	3.984798E-8	4.206841E-8	4.486674E-8	4.775631E-8	5.059896E-8	5.383711E-8	5.963744E-8	6.073150E-8	-1.051605E-11	3.959247E-8	4.213171E-8	4.504047E-8	4.858850E-8	5.144530E-8	-1.080478E-11	-1.233751E-11	3.717057E-8	3.851385E-8	4.105577E-8	4.381175E-8	4.654737E-8	4.930280E-8	5.256839E-8	5.755748E-8
0:35:18	1	-1.499618E+1	1.524000E+1	1.569700E+1	1.521225E+0	1.760836E+0	3.981661E+2	1.508300E-6	1.509601E-6	4.231369E-8	4.485116E-8	4.762487E-8	5.041700E-8	5.416901E-8	5.773829E-8	6.183245E-8	6.753710E-8	4.296895E-8	4.558211E-8	4.875744E-8	5.210854E-8	5.541316E-8	5.926282E-8	6.585000E-8	6.781408E-8	-1.197319E-11	4.265298E-8	4.559444E-8	4.900210E-8	5.301502E-8	5.649848E-8	-1.326858E-11	-1.126732E-11	3.981183E-8	4.136080E-8	4.426957E-8	4.742090E-8	5.064591E-8	5.376562E-8	5.771932E-8	6.363971E-8
0:35:32	1	-1.499580E+1	1.524000E+1	1.572100E+1	1.522948E+0	1.763446E+0	3.986725E+2	1.660100E-6	1.661377E-6	4.582708E-8	4.879628E-8	5.192239E-8	5.516286E-8	5.978348E-8	6.393529E-8	6.893468E-8	7.599862E-8	4.643165E-8	4.946581E-8	5.336614E-8	5.735106E-8	6.136925E-8	6.601698E-8	7.343282E-8	7.656753E-8	-1.070606E-11	4.618484E-8	4.966213E-8	5.368691E-8	5.837107E-8	6.250114E-8	-1.434287E-11	-1.076352E-11	4.280392E-8	4.459620E-8	4.802987E-8	5.168604E-8	5.546382E-8	5.928023E-8	6.379062E-8	7.099427E-8
0:35:45	1	-1.499580E+1	1.526800E+1	1.570400E+1	1.524620E+0	1.763801E+0	3.991789E+2	1.871600E-6	1.872939E-6	5.042643E-8	5.400895E-8	5.778303E-8	6.197819E-8	6.754306E-8	7.285986E-8	7.915179E-8	8.850919E-8	5.119778E-8	5.491567E-8	5.964056E-8	6.455284E-8	6.953855E-8	7.546137E-8	8.422543E-8	8.932333E-8	-1.077007E-11	5.091136E-8	5.516689E-8	6.007138E-8	6.564302E-8	7.105543E-8	-1.326858E-11	-1.252631E-11	4.669912E-8	4.895888E-8	5.299600E-8	5.747341E-8	6.204858E-8	6.679026E-8	7.247294E-8	8.157229E-8
0:35:59	1	-1.499603E+1	1.523200E+1	1.570700E+1	1.525051E+0	1.765333E+0	3.996853E+2	2.105700E-6	2.107381E-6	5.530798E-8	5.954553E-8	6.410840E-8	6.911444E-8	7.598644E-8	8.260914E-8	9.077499E-8	1.029012E-7	5.609457E-8	6.060163E-8	6.630706E-8	7.248822E-8	7.882731E-8	8.646423E-8	9.701484E-8	1.044911E-7	-1.552054E-11	5.591482E-8	6.104154E-8	6.699799E-8	7.385529E-8	8.047542E-8	-1.004669E-11	-1.296651E-11	5.084295E-8	5.350841E-8	5.827884E-8	6.368245E-8	6.934317E-8	7.507745E-8	8.201380E-8	9.375010E-8
0:36:13	1	-1.499634E+1	1.524900E+1	1.571200E+1	1.524810E+0	1.764675E+0	4.001917E+2	2.403900E-6	2.406370E-6	6.114148E-8	6.623604E-8	7.214851E-8	7.818302E-8	8.696076E-8	9.550104E-8	1.062934E-7	1.223789E-7	6.212866E-8	6.745000E-8	7.465072E-8	8.238236E-8	9.065930E-8	1.004524E-7	1.138458E-7	1.250001E-7	-1.621761E-11	6.199518E-8	6.831300E-8	7.577408E-8	8.428918E-8	9.268905E-8	-1.541716E-11	-1.422550E-11	5.562608E-8	5.883867E-8	6.465430E-8	7.127924E-8	7.806286E-8	8.545630E-8	9.443720E-8	1.095885E-7
