APD#	0019	Started	07/23/07 13:56	Sense_ohms	1.004464E+6	1.004628E+6	1.002105E+6	1.000924E+6	9.998282E+5	1.007735E+6	1.002821E+6	9.989270E+5	9.993226E+5	1.002376E+6	1.001862E+6	1.003102E+6	1.000030E+6	1.003780E+6	1.000011E+6	1.000898E+6	9.999006E+5	1.006439E+6	1.005624E+6	1.010450E+6	1.003884E+6	1.005600E+6	1.002519E+6	1.006362E+6	1.004620E+6	1.008599E+6	1.003214E+6	1.000475E+6	1.003139E+6	9.996927E+5	1.009944E+6	1.000506E+6	
ElapTime	Shutter_Open	DegC	BiasV	KE237_Amps	Pixel_Sum	A1	A2	A3	A4	A5	A6	A7	A8	B1	B2	B3	B4	B5	B6	B7	B8	C1	C2	C3	C4	C5	C6	C7	C8	D1	D2	D3	D4	D5	D6	D7	D8
0:00:00	0	-2.000032E+1	0.000000E+0	-4.620000E-12	-3.792719E-10	-1.264356E-11	-2.518345E-11	-1.267332E-11	-1.268828E-11	-1.270218E-11	-1.260252E-11	-1.266427E-11	-1.271364E-11	-2.531715E-11	-2.524003E-11	-1.267640E-11	1.266073E-11	-1.269962E-11	-1.265217E-11	-3.799958E-11	0.000000E+0	0.000000E+0	-1.261875E-11	-1.262897E-11	-1.256866E-11	-1.265086E-11	0.000000E+0	-2.523643E-11	-2.514006E-11	0.000000E+0	0.000000E+0	0.000000E+0	0.000000E+0	-1.266026E-11	-1.270390E-11	-1.257495E-11	-1.269358E-11
0:00:08	0	-2.000290E+1	5.000000E+1	2.604400E-9	-3.790358E-10	0.000000E+0	-1.264150E-11	-1.267332E-11	-1.268828E-11	-1.270218E-11	-1.260252E-11	-1.266427E-11	-2.532718E-11	-2.531715E-11	-1.266990E-11	-2.525298E-11	-2.522176E-11	-1.269962E-11	0.000000E+0	5.069944E-11	-1.268861E-11	-1.270126E-11	0.000000E+0	-1.262897E-11	-1.256866E-11	0.000000E+0	-2.515911E-11	-1.266809E-11	-1.261971E-11	-1.264160E-11	-2.508430E-11	0.000000E+0	-2.528799E-11	-1.266026E-11	-1.270390E-11	-1.257495E-11	-2.528720E-11
0:00:17	0	-2.000108E+1	1.000000E+2	4.361200E-9	-1.009309E-10	0.000000E+0	1.264150E-11	-1.267332E-11	-2.527664E-11	0.000000E+0	0.000000E+0	-1.266427E-11	-1.271364E-11	-1.270861E-11	0.000000E+0	-1.267640E-11	-1.266073E-11	0.000000E+0	-1.265217E-11	2.153976E-10	-1.268861E-11	-3.800378E-11	-1.261875E-11	-1.262897E-11	0.000000E+0	-1.265086E-11	-1.262928E-11	-1.266809E-11	0.000000E+0	0.000000E+0	0.000000E+0	-1.265931E-11	-2.528799E-11	-1.266026E-11	-1.270390E-11	-2.505089E-11	-1.269358E-11
0:00:26	0	-1.999948E+1	1.500000E+2	4.966200E-9	3.905364E-10	0.000000E+0	-1.264150E-11	0.000000E+0	0.000000E+0	0.000000E+0	-1.260252E-11	-1.266427E-11	0.000000E+0	-1.270861E-11	-2.524003E-11	-2.525298E-11	0.000000E+0	-2.529924E-11	-2.520473E-11	1.899979E-10	-1.268861E-11	0.000000E+0	0.000000E+0	-1.262897E-11	-3.760701E-11	-1.265086E-11	-1.262928E-11	0.000000E+0	4.908770E-10	0.000000E+0	-1.259172E-11	-1.265931E-11	-1.269397E-11	0.000000E+0	0.000000E+0	-1.257495E-11	0.000000E+0
0:00:35	0	-2.000002E+1	2.000000E+2	5.355500E-9	8.236028E-10	-1.264356E-11	0.000000E+0	0.000000E+0	-2.527664E-11	0.000000E+0	0.000000E+0	0.000000E+0	-2.532718E-11	0.000000E+0	-1.266990E-11	0.000000E+0	0.000000E+0	0.000000E+0	-2.520473E-11	1.000789E-9	-1.268861E-11	0.000000E+0	1.261875E-11	0.000000E+0	-1.256866E-11	-1.265086E-11	-2.515911E-11	-1.266809E-11	1.006596E-10	-2.518365E-11	-1.259172E-11	1.265931E-11	-1.269397E-11	-2.522083E-11	-2.530778E-11	-1.257495E-11	-1.269358E-11
0:00:43	0	-2.000138E+1	2.500000E+2	5.582200E-9	1.111849E-9	1.264356E-11	0.000000E+0	-1.267332E-11	1.268828E-11	-1.270218E-11	-1.260252E-11	0.000000E+0	-1.271364E-11	-1.270861E-11	0.000000E+0	-1.267640E-11	-1.266073E-11	0.000000E+0	-1.265217E-11	8.106911E-10	1.268861E-11	0.000000E+0	0.000000E+0	0.000000E+0	-1.256866E-11	0.000000E+0	-1.262928E-11	0.000000E+0	4.531173E-10	-1.264160E-11	0.000000E+0	-1.265931E-11	-1.269397E-11	0.000000E+0	-1.270390E-11	0.000000E+0	-1.269358E-11
0:00:52	0	-1.999964E+1	3.000000E+2	6.302600E-9	1.797204E-9	2.518756E-11	0.000000E+0	-1.267332E-11	1.268828E-11	1.270218E-11	-1.260252E-11	-1.266427E-11	3.804082E-11	-1.270861E-11	0.000000E+0	0.000000E+0	-3.788249E-11	-1.269962E-11	1.265217E-11	1.570783E-9	0.000000E+0	1.270126E-11	-1.261875E-11	1.262897E-11	0.000000E+0	-1.265086E-11	0.000000E+0	-1.266809E-11	2.643184E-10	0.000000E+0	-1.259172E-11	1.265931E-11	0.000000E+0	0.000000E+0	-1.270390E-11	0.000000E+0	-1.269358E-11
0:01:01	0	-1.999933E+1	3.500000E+2	7.287800E-9	2.556664E-9	2.518756E-11	1.264150E-11	0.000000E+0	1.268828E-11	1.270218E-11	3.770833E-11	0.000000E+0	3.804082E-11	1.270861E-11	1.266990E-11	0.000000E+0	2.522176E-11	1.269962E-11	1.265217E-11	2.026778E-9	1.268861E-11	1.270126E-11	2.513814E-11	1.262897E-11	1.256866E-11	0.000000E+0	0.000000E+0	0.000000E+0	1.258990E-10	2.518365E-11	2.508430E-11	0.000000E+0	1.269397E-11	2.522083E-11	-1.270390E-11	1.257495E-11	2.528720E-11
0:01:10	0	-1.999964E+1	4.000000E+2	8.236900E-9	5.158989E-9	7.566224E-11	8.829139E-11	7.584036E-11	1.138948E-10	1.013174E-10	1.382308E-10	7.578621E-11	1.141225E-10	8.876013E-11	7.581985E-11	5.060577E-11	1.009867E-10	1.139966E-10	8.836598E-11	2.482873E-9	1.138977E-10	7.600756E-11	8.813251E-11	6.294599E-11	8.778267E-11	7.570596E-11	3.778839E-11	6.314095E-11	2.140383E-10	7.565049E-11	1.004363E-10	3.787826E-11	8.865789E-11	5.054135E-11	7.602336E-11	8.782665E-11	3.798078E-11
0:01:18	0	-1.999979E+1	4.100000E+2	1.024100E-8	7.660470E-9	1.134934E-10	1.512998E-10	1.390074E-10	2.025129E-10	1.647283E-10	2.514550E-10	1.136793E-10	2.029177E-10	1.393944E-10	1.263997E-10	1.137881E-10	1.388692E-10	2.026939E-10	1.640798E-10	2.976867E-9	2.277954E-10	1.393138E-10	1.510275E-10	1.511499E-10	1.378594E-10	1.262098E-10	6.294749E-11	1.137136E-10	2.265586E-10	1.764846E-10	1.632958E-10	1.136348E-10	1.519278E-10	1.388641E-10	1.393428E-10	1.505034E-10	8.865514E-11
0:01:26	0	-1.999964E+1	4.200000E+2	1.783300E-8	1.507502E-8	2.648179E-10	3.657075E-10	3.412816E-10	4.935440E-10	4.307740E-10	6.788491E-10	3.410379E-10	6.467940E-10	3.549404E-10	3.538592E-10	2.529290E-10	3.283814E-10	5.066848E-10	4.164259E-10	3.521561E-9	5.821772E-10	3.167315E-10	3.775688E-10	3.275578E-10	3.259934E-10	2.776217E-10	1.763126E-10	2.906678E-10	4.405969E-10	3.908941E-10	3.767602E-10	2.651478E-10	3.925136E-10	3.157090E-10	3.421051E-10	3.637825E-10	2.152911E-10
0:01:34	0	-2.000002E+1	4.300000E+2	3.987900E-5	3.963128E-5	3.777393E-7	6.961165E-7	9.970100E-7	1.311969E-6	1.514720E-6	1.765950E-6	1.822859E-6	2.376013E-6	4.964449E-7	8.127345E-7	9.731646E-7	1.319160E-6	1.558814E-6	1.656665E-6	1.966299E-6	2.011550E-6	3.717097E-7	6.637998E-7	7.601626E-7	9.767658E-7	1.242735E-6	1.204574E-6	1.429633E-6	1.442350E-6	6.167070E-7	1.253518E-6	5.057196E-7	1.155957E-6	1.462189E-6	1.536582E-6	1.488712E-6	1.862959E-6
