APD#	0016	Started	07/23/07 15:14	Sense_ohms	1.004464E+6	1.004628E+6	1.002105E+6	1.000924E+6	9.998282E+5	1.007735E+6	1.002821E+6	9.989270E+5	9.993226E+5	1.002376E+6	1.001862E+6	1.003102E+6	1.000030E+6	1.003780E+6	1.000011E+6	1.000898E+6	9.999006E+5	1.006439E+6	1.005624E+6	1.010450E+6	1.003884E+6	1.005600E+6	1.002519E+6	1.006362E+6	1.004620E+6	1.008599E+6	1.003214E+6	1.000475E+6	1.003139E+6	9.996927E+5	1.009944E+6	1.000506E+6					
ElapTime	Shutter_Open	DegC	H2O_In	H2O_Out	TE_A	TE_V	BiasV	KE237_Amps	Pixel_Sum	A1	A2	A3	A4	A5	A6	A7	A8	B1	B2	B3	B4	B5	B6	B7	B8	C1	C2	C3	C4	C5	C6	C7	C8	D1	D2	D3	D4	D5	D6	D7	D8
0:00:00	0	-1.499808E+1	1.520100E+1	1.572900E+1	1.593267E+0	1.818145E+0	0.000000E+0	-6.910000E-12	-1.385413E-10	-1.264356E-13	-5.359198E-12	-5.436556E-12	-5.758679E-12	-1.837316E-12	-4.273941E-12	-3.158091E-12	-1.648769E-12	-4.119791E-12	-5.877036E-12	-3.350761E-12	8.204549E-13	-3.166905E-12	-5.490247E-12	-3.990956E-12	-4.303136E-12	-7.221718E-12	-5.853311E-12	-5.039657E-12	-5.265971E-12	-1.892649E-13	-3.842482E-12	-5.876198E-12	-9.882130E-12	-4.350899E-12	-5.966692E-12	-5.366751E-12	-4.811714E-12	-5.052141E-12	-3.485071E-12	-5.018100E-12	-4.241854E-12
0:00:13	0	-1.509628E+1	1.518200E+1	1.570100E+1	1.591873E+0	1.816043E+0	0.000000E+0	-6.801000E-11	-3.807725E-10	0.000000E+0	-1.361897E-11	-1.314832E-11	-1.423984E-11	-8.743502E-12	-1.188011E-11	-1.193832E-11	-7.355893E-12	-1.223429E-11	-1.301807E-11	-1.536439E-11	-2.494362E-11	-1.095867E-11	-1.482994E-11	1.583983E-12	-1.050557E-11	-1.501449E-11	-1.164402E-11	-1.404700E-11	-1.341580E-11	-4.479601E-12	-1.190533E-11	-1.118383E-11	-1.737248E-11	-1.380920E-11	-1.337697E-11	-1.130267E-11	-1.215623E-11	-1.269216E-11	-1.165858E-11	-1.298290E-11	-1.253566E-11
0:00:26	0	-1.499839E+1	1.521400E+1	1.570400E+1	1.590429E+0	1.814434E+0	1.000000E+1	2.923000E-10	-3.582755E-10	8.193425E-13	-1.242151E-11	-1.169438E-11	-1.208783E-11	-8.616480E-12	-1.049780E-11	-1.351787E-11	-2.352624E-11	-1.305785E-11	-1.384012E-11	-1.176010E-11	-9.787639E-12	-1.038869E-11	-1.337843E-11	-2.216976E-12	-1.430316E-11	-1.311330E-11	-1.302811E-11	-1.322761E-11	-1.372953E-11	-1.444988E-11	-1.114956E-11	-1.270001E-11	1.170752E-11	-1.235890E-11	-1.438233E-11	-1.060791E-11	-1.139659E-11	-1.237715E-11	-1.235580E-11	-1.216800E-11	-1.266259E-11
0:00:40	0	-1.499892E+1	1.520100E+1	1.573700E+1	1.592583E+0	1.816790E+0	2.000000E+1	2.147300E-10	-3.154533E-10	1.450525E-12	-1.065569E-11	-1.251565E-11	-1.341660E-11	-8.806513E-12	-1.162905E-11	-1.111764E-11	-9.955682E-12	-1.255050E-11	-1.301807E-11	-1.176010E-11	-7.198670E-12	-9.817705E-12	-1.350495E-11	-2.350074E-11	-1.132883E-11	-1.330332E-11	-1.328049E-11	-1.102301E-11	-1.435598E-11	-1.192568E-11	-1.297633E-11	-1.200576E-11	4.928545E-11	-1.406104E-11	-1.186993E-11	-1.218683E-11	-1.329568E-11	-1.206114E-11	-8.364570E-12	-1.223038E-11	-1.247269E-11
0:00:53	0	-1.499710E+1	1.521000E+1	1.576400E+1	1.588491E+0	1.812572E+0	3.000000E+1	2.683300E-10	-2.581127E-10	2.207147E-12	-1.084481E-11	-1.434880E-11	-1.398608E-11	-7.729328E-12	-1.099992E-11	-1.225443E-11	-9.828546E-12	-1.140973E-11	-1.244942E-11	-1.315151E-11	-9.219401E-12	-8.424747E-12	-1.325191E-11	-1.222587E-11	-9.999021E-12	-1.482447E-11	-1.290292E-11	-1.297602E-11	-1.341580E-11	-6.309494E-12	-1.146480E-11	-1.288953E-11	9.498272E-11	-1.273715E-11	-1.092803E-11	-1.300719E-11	-1.177641E-11	-1.199834E-11	-1.311603E-11	-1.467705E-11	-1.215585E-11
0:01:07	0	-1.499687E+1	1.522600E+1	1.575700E+1	1.588972E+0	1.813940E+0	4.000000E+1	9.337000E-10	-1.915178E-10	1.261369E-12	-9.647352E-12	-1.169438E-11	-1.379625E-11	-8.046382E-12	-1.112594E-11	-1.174886E-11	2.346518E-12	-1.134669E-11	-1.263897E-11	-1.315151E-11	-2.165981E-11	-1.083168E-11	-1.451414E-11	3.483962E-12	-1.265763E-11	-1.685168E-11	-1.390944E-11	-1.190505E-11	-1.303973E-11	-5.552434E-12	-9.638027E-12	-1.238480E-11	1.416250E-10	-1.261074E-11	-1.086557E-11	-1.136547E-11	-1.088983E-11	-1.231335E-11	-1.058225E-11	-1.191749E-11	-1.354914E-11
0:01:20	0	-1.499717E+1	1.521600E+1	1.575700E+1	1.592317E+0	1.815865E+0	5.000000E+1	1.106000E-9	-1.233281E-10	1.891556E-13	-1.147589E-11	-1.599234E-11	-1.335366E-11	-8.489458E-12	-1.131448E-11	-1.118046E-11	-1.566281E-11	-1.134669E-11	-1.105872E-11	-1.182299E-11	-1.654468E-11	-9.691709E-12	-1.470342E-11	2.723970E-12	-6.771919E-12	-1.229022E-11	-1.315430E-11	-1.133823E-11	-1.360384E-11	-2.019158E-12	-1.222056E-11	-1.093146E-11	2.114299E-10	-1.097131E-11	-8.792394E-12	-1.187085E-11	-1.038407E-11	-1.300817E-11	-1.203970E-11	-1.392453E-11	-1.171307E-11
0:01:34	0	-1.499626E+1	1.521200E+1	1.575000E+1	1.588364E+0	1.812660E+0	6.000000E+1	1.233000E-9	-5.189240E-11	1.450525E-12	-9.520937E-12	-1.194685E-11	-1.303695E-11	-8.996546E-12	-9.931182E-12	-1.080153E-11	-2.194054E-11	-1.153682E-11	-1.213317E-11	-8.346459E-12	-6.946452E-12	-1.076868E-11	-1.445137E-11	-3.736959E-12	-1.088523E-11	-1.317731E-11	-1.176922E-11	-1.203134E-11	-1.360384E-11	-4.038315E-12	-1.152745E-11	-1.326858E-11	2.779000E-10	-1.172782E-11	-8.980774E-12	-1.111328E-11	-1.082686E-11	-1.098751E-11	-1.083533E-11	-1.059960E-11	-1.177604E-11
0:01:47	0	-1.499740E+1	1.521300E+1	1.575900E+1	1.588668E+0	1.813902E+0	7.000000E+1	1.395500E-9	-4.629988E-12	1.261369E-12	-1.046656E-11	-1.074638E-11	-1.360643E-11	-8.743502E-12	-1.099992E-11	-1.086435E-11	-3.170402E-12	-1.077630E-11	-1.080632E-11	-1.093863E-11	-1.067190E-11	-7.157785E-12	-1.394628E-11	-1.931979E-11	-1.170849E-11	-1.317731E-11	-1.139165E-11	-1.121194E-11	-1.448167E-11	-6.878285E-12	-1.083433E-11	-1.124667E-11	3.163583E-10	-1.034122E-11	-7.159436E-12	-1.130267E-11	-9.623429E-12	-1.193454E-11	-1.039219E-11	-7.777659E-12	-1.057365E-11
0:02:01	0	-1.499740E+1	1.522500E+1	1.573600E+1	1.592925E+0	1.816524E+0	8.000000E+1	1.571700E-9	1.451229E-10	2.522738E-12	-9.836477E-12	-1.169438E-11	-1.132853E-11	-8.743502E-12	-9.994691E-12	-9.854201E-12	-3.297538E-12	-1.071226E-11	-1.112257E-11	-1.365657E-11	-1.004085E-11	-9.817705E-12	-1.382076E-11	5.130944E-12	-1.240486E-11	-1.197319E-11	-1.246176E-11	-1.121194E-11	-1.260033E-11	-1.072833E-12	-1.114956E-11	-1.168955E-11	4.411146E-10	-1.059306E-11	-6.846130E-12	-1.104949E-11	-9.307579E-12	-1.243995E-11	-1.210272E-11	-1.028671E-11	-1.253566E-11
0:02:14	0	-1.499983E+1	1.521300E+1	1.574600E+1	1.588922E+0	1.812686E+0	9.000000E+1	1.719700E-9	1.675024E-10	2.963770E-12	-9.647352E-12	-8.534036E-12	-1.113871E-11	-8.426448E-12	-1.056032E-11	-1.124328E-11	-1.242934E-11	-1.026896E-11	-1.156452E-11	-1.201363E-11	-1.521879E-11	-1.045169E-11	-1.268405E-11	1.057888E-11	-1.031574E-11	-1.368336E-11	-1.447579E-11	-1.209398E-11	-1.203622E-11	-9.463245E-13	-1.165374E-11	-1.213144E-11	4.668588E-10	-1.053035E-11	-6.720213E-12	-1.054511E-11	-1.051001E-11	-1.123972E-11	-1.102539E-11	-8.780685E-12	-1.202991E-11
0:02:28	0	-1.499770E+1	1.520900E+1	1.572500E+1	1.588668E+0	1.813991E+0	1.000000E+2	1.727700E-9	2.131564E-10	2.080712E-12	-1.021473E-11	-1.302159E-11	-1.499914E-11	-6.399099E-12	-9.931182E-12	-1.105382E-11	-1.128711E-11	-1.134669E-11	-1.067963E-11	-9.989400E-12	-1.951347E-11	-9.627711E-12	-1.470342E-11	1.899979E-13	-8.860044E-12	-8.678863E-12	-1.346927E-11	-1.102301E-11	-1.209956E-11	-2.776217E-12	-9.952267E-12	-1.143619E-11	5.220607E-10	-1.172782E-11	-3.705140E-12	-1.123888E-11	-9.370549E-12	-9.976683E-12	-1.026515E-11	-1.097586E-11	-1.285250E-11
0:02:42	0	-1.499892E+1	1.521500E+1	1.570700E+1	1.588934E+0	1.813332E+0	1.200000E+2	2.211500E-9	3.496350E-10	3.216641E-12	-9.710062E-12	-1.220032E-11	-1.316384E-11	-7.222241E-12	-9.680124E-12	-8.906874E-12	-2.035584E-11	-1.077630E-11	-1.099587E-11	-9.736870E-12	-1.768514E-12	-9.311721E-12	-1.331567E-11	-3.799958E-13	-9.366589E-12	-1.013601E-11	-1.158043E-11	-1.140088E-11	-1.247563E-11	-7.382327E-12	-9.322792E-12	-1.067810E-11	6.407108E-10	-9.647429E-12	-5.840775E-12	-9.028981E-12	-7.724331E-12	-9.219061E-12	-1.235580E-11	-9.909460E-12	-1.069959E-11
0:02:55	0	-1.509834E+1	1.519900E+1	1.572200E+1	1.585286E+0	1.810823E+0	1.400000E+2	2.289000E-9	5.094386E-10	2.963770E-12	-9.520937E-12	-1.087211E-11	-1.151836E-11	-6.272078E-12	-8.925958E-12	-8.780231E-12	-7.926505E-12	-9.824655E-12	-1.036437E-11	-1.182299E-11	-3.852051E-12	-5.447837E-12	-1.217996E-11	8.551906E-12	-1.018985E-11	-1.159315E-11	-1.013375E-11	-9.259922E-12	-1.140977E-11	6.305509E-13	-1.001591E-11	-1.061526E-11	7.601797E-10	-9.772849E-12	-2.198099E-12	-1.269121E-11	-9.243609E-12	-1.016709E-11	-9.885038E-12	-8.780685E-12	-9.623131E-12
0:03:09	0	-1.499824E+1	1.521200E+1	1.573700E+1	1.588744E+0	1.812470E+0	1.600000E+2	2.442200E-9	7.188197E-10	4.477015E-12	-7.251440E-12	-1.036718E-11	-1.139147E-11	-5.638969E-12	-7.165574E-12	-7.200687E-12	-4.058355E-12	-9.508441E-12	-8.088781E-12	-1.213940E-11	-1.023027E-11	-8.804736E-12	-1.154835E-11	2.324774E-11	-9.873134E-12	-1.096009E-11	-1.095148E-11	-8.629468E-12	-1.103370E-11	3.597029E-12	-9.700676E-12	-9.603808E-12	9.361721E-10	-1.021481E-11	-3.391834E-12	-8.082024E-12	-7.471451E-12	-1.105031E-11	-8.807707E-12	-6.899392E-12	-8.610643E-12
0:03:23	0	-1.499801E+1	1.520700E+1	1.573300E+1	1.588162E+0	1.811077E+0	1.800000E+2	2.653100E-9	8.902221E-10	5.864819E-12	-7.944234E-12	-9.228574E-12	-9.745995E-12	-4.561784E-12	-6.348891E-12	-6.632290E-12	-5.770191E-12	-1.071226E-11	-8.910828E-12	-8.661872E-12	-1.963908E-11	-7.410778E-12	-1.167487E-11	4.535450E-11	-6.834862E-12	-9.882982E-12	-9.566402E-12	-8.755758E-12	-1.153446E-11	7.319571E-12	-8.755967E-12	-8.087627E-12	1.061872E-9	-7.062372E-12	3.077536E-12	-8.966183E-12	-5.635323E-12	-7.514412E-12	-7.983453E-12	-7.087522E-12	-8.357771E-12
0:03:37	0	-1.499801E+1	1.520500E+1	1.575000E+1	1.584602E+0	1.809861E+0	2.000000E+2	2.865400E-9	8.677677E-10	6.496002E-12	-4.855529E-12	-7.522166E-12	-9.176521E-12	-3.737642E-12	-4.903075E-12	-8.653588E-12	-8.877526E-12	-7.416024E-12	-6.888633E-12	-5.753287E-12	-4.736308E-12	-5.383838E-12	-9.150411E-12	1.570983E-11	-5.126396E-12	-6.334630E-12	-7.993530E-12	-6.235929E-12	-8.337869E-12	1.829893E-12	-6.425020E-12	-6.823811E-12	1.024735E-9	-7.629751E-12	-1.821338E-12	-6.882878E-12	-4.685774E-12	-7.262204E-12	-6.780084E-12	-4.264593E-12	-7.344284E-12
0:03:50	0	-1.499649E+1	1.519900E+1	1.574000E+1	1.588668E+0	1.812394E+0	2.200000E+2	3.054200E-9	1.369775E-9	8.892305E-12	-3.908910E-12	-5.689025E-12	-6.012445E-12	-5.258903E-12	-3.708316E-12	-1.894655E-12	-1.395497E-12	-5.451693E-12	-4.486340E-12	-7.713637E-12	2.147339E-12	-4.116876E-12	-7.825420E-12	7.626616E-11	-5.885715E-12	-6.144611E-12	-4.720604E-12	-5.102305E-12	-7.146321E-12	8.518913E-12	-5.858194E-12	-5.180949E-12	1.389057E-9	-3.783520E-12	1.030043E-11	-5.303953E-12	-1.013519E-12	-4.862736E-12	-4.055246E-12	-4.076464E-12	-4.811565E-12
0:04:04	0	-1.499687E+1	1.518500E+1	1.574700E+1	1.588808E+0	1.813433E+0	2.400000E+2	3.650100E-9	1.946967E-9	1.154048E-11	-1.009329E-12	-5.689025E-12	-4.240082E-12	8.231414E-13	-5.656249E-13	-6.950393E-13	1.293588E-11	-3.866619E-12	-1.705947E-12	-5.373994E-12	-1.363969E-11	-7.599772E-13	-5.111678E-12	2.369704E-10	4.426025E-13	-4.624460E-12	-3.399113E-12	-2.771414E-12	-4.889901E-12	1.892948E-11	-3.275656E-12	-3.854291E-12	1.731978E-9	-1.009337E-12	9.986129E-12	-8.841583E-13	5.697294E-13	-2.842079E-12	-2.090642E-12	-2.947688E-12	-1.963007E-12
0:04:18	0	-1.500455E+1	1.521600E+1	1.571700E+1	1.580624E+0	1.806136E+0	2.600000E+2	3.976500E-9	2.289605E-9	1.431510E-11	2.647746E-12	-3.792018E-13	-1.772362E-12	5.829001E-12	4.273941E-12	4.864278E-12	-2.726926E-12	-9.506440E-13	2.907093E-12	-1.201762E-12	-4.293681E-12	1.773947E-12	-3.785690E-13	4.664029E-10	2.594670E-12	4.751472E-12	-1.132707E-12	1.197267E-12	-2.382107E-12	1.930900E-11	5.041766E-13	-1.895226E-13	1.747274E-9	1.009337E-12	1.884099E-11	-5.682736E-12	7.344511E-12	-1.263035E-12	1.900584E-12	2.509050E-12	1.709135E-12
0:04:32	0	-1.499657E+1	1.521600E+1	1.574700E+1	1.584146E+0	1.808037E+0	2.800000E+2	4.589700E-9	2.635256E-9	2.062194E-11	9.079978E-12	4.803888E-12	2.911310E-12	1.013674E-11	9.303041E-12	1.067489E-11	-1.838973E-12	5.704864E-12	7.836381E-12	4.868934E-12	1.439834E-11	7.157785E-12	3.344358E-12	3.399683E-10	8.163669E-12	7.475743E-12	5.475742E-12	7.558491E-12	1.441932E-12	1.962378E-11	5.417661E-12	6.381924E-12	2.044246E-9	6.809540E-12	2.732007E-11	6.882878E-12	1.152353E-11	6.630188E-12	7.413278E-12	7.589530E-12	6.330797E-12
0:04:45	0	-1.499733E+1	1.521200E+1	1.574700E+1	1.584602E+0	1.807112E+0	3.000000E+2	4.627600E-9	2.666413E-9	2.875663E-11	1.670867E-11	1.194685E-11	8.544105E-12	1.628280E-11	1.829152E-11	2.027680E-11	2.644337E-11	1.248746E-11	1.415537E-11	1.131793E-11	1.313525E-11	1.431557E-11	1.066469E-11	4.257993E-10	1.354384E-11	1.533052E-11	1.290292E-11	1.530691E-11	9.654115E-12	2.574501E-11	1.354316E-11	1.434287E-11	1.764773E-9	1.071948E-11	3.127705E-11	1.490111E-11	1.880407E-11	1.218774E-11	1.444744E-11	1.473943E-11	1.506838E-11
0:04:59	0	-1.499702E+1	1.521500E+1	1.574300E+1	1.580447E+0	1.805402E+0	3.200000E+2	5.030300E-9	3.233210E-9	4.017167E-11	3.045505E-11	2.288283E-11	2.139123E-11	2.838288E-11	2.897786E-11	3.474199E-11	4.014007E-11	2.370706E-11	2.628854E-11	2.206591E-11	2.115538E-11	2.527424E-11	2.360179E-11	6.015164E-10	2.385957E-11	2.654364E-11	2.372821E-11	2.891240E-11	2.075016E-11	4.599934E-11	2.595267E-11	2.609527E-11	1.789887E-9	2.408672E-11	4.226754E-11	2.765611E-11	3.127714E-11	2.462670E-11	2.686626E-11	2.621730E-11	2.773097E-11
0:05:13	0	-1.499710E+1	1.519500E+1	1.573000E+1	1.583905E+0	1.807416E+0	3.400000E+2	5.978700E-9	4.085439E-9	6.003600E-11	4.981147E-11	4.311025E-11	3.930069E-11	4.808726E-11	4.796102E-11	5.647070E-11	4.984248E-11	4.285003E-11	4.878608E-11	3.970707E-11	3.492167E-11	4.167975E-11	4.038833E-11	8.440607E-10	4.366879E-11	4.992096E-11	4.651251E-11	5.039259E-11	3.874214E-11	6.657044E-11	4.566925E-11	4.682106E-11	1.821296E-9	4.174116E-11	6.343254E-11	5.000827E-11	5.457708E-11	4.470766E-11	4.587610E-11	4.264989E-11	4.583881E-11
0:05:27	0	-1.500059E+1	1.519100E+1	1.571900E+1	1.583994E+0	1.809189E+0	3.600000E+2	7.135300E-9	5.277443E-9	9.257674E-11	8.657135E-11	7.294645E-11	6.695713E-11	8.312228E-11	8.485961E-11	9.481353E-11	8.687522E-11	7.435437E-11	8.480750E-11	7.403914E-11	7.438924E-11	7.468176E-11	7.351910E-11	9.945031E-10	7.335113E-11	8.970492E-11	7.999591E-11	8.327367E-11	6.914642E-11	9.231545E-11	8.012629E-11	8.214109E-11	1.843138E-9	7.320479E-11	1.011155E-10	8.555702E-11	9.072990E-11	8.019626E-11	8.021965E-11	7.595570E-11	7.825440E-11
0:05:40	0	-1.500462E+1	1.519000E+1	1.572900E+1	1.585615E+0	1.809379E+0	3.620000E+2	6.797500E-9	5.401513E-9	9.636085E-11	9.262533E-11	7.996268E-11	7.328528E-11	8.603678E-11	9.051685E-11	1.020770E-10	9.093457E-11	7.701617E-11	8.916814E-11	7.675808E-11	7.363159E-11	7.702469E-11	7.736855E-11	9.257118E-10	7.841358E-11	9.166911E-11	8.496889E-11	8.856491E-11	7.378594E-11	1.056925E-10	8.560660E-11	8.732303E-11	1.892864E-9	8.001533E-11	1.035654E-10	8.953523E-11	9.484595E-11	8.493240E-11	8.706275E-11	7.852713E-11	8.566265E-11
0:05:54	0	-1.499770E+1	1.519800E+1	1.574300E+1	1.581549E+0	1.805832E+0	3.640000E+2	6.720800E-9	5.560878E-9	1.027304E-10	9.811094E-11	8.331362E-11	7.910790E-11	9.148572E-11	9.479079E-11	1.073202E-10	8.763703E-11	8.512967E-11	9.416028E-11	8.396566E-11	8.632422E-11	8.335950E-11	8.203790E-11	1.080841E-9	8.303344E-11	9.946089E-11	8.956330E-11	9.322570E-11	7.855015E-11	1.033576E-10	9.114956E-11	9.313539E-11	1.715738E-9	8.196930E-11	1.165657E-10	9.477639E-11	1.023164E-10	8.985794E-11	9.922849E-11	9.125952E-11	9.737473E-11
0:06:07	0	-1.499618E+1	1.520600E+1	1.573400E+1	1.582246E+0	1.807619E+0	3.660000E+2	1.240500E-8	9.149203E-9	1.073339E-10	1.032810E-10	9.020312E-11	8.543706E-11	9.642757E-11	9.963135E-11	1.140154E-10	1.100211E-10	8.912337E-11	9.991061E-11	8.889747E-11	9.093492E-11	8.950331E-11	8.714957E-11	3.135918E-9	8.727463E-11	1.010450E-10	9.478667E-11	9.990314E-11	8.206047E-11	1.145262E-10	9.480310E-11	9.831734E-11	3.075276E-9	9.022914E-11	1.320158E-10	1.010901E-10	1.094710E-10	9.465687E-11	9.745395E-11	9.132190E-11	9.718482E-11
0:06:21	0	-1.499907E+1	1.519400E+1	1.571500E+1	1.585172E+0	1.807226E+0	3.680000E+2	9.463000E-9	7.655644E-9	1.128204E-10	1.085138E-10	9.519661E-11	8.784183E-11	1.030797E-10	1.070480E-10	1.209638E-10	1.168063E-10	9.495532E-11	1.060410E-10	9.073106E-11	9.510199E-11	9.400118E-11	9.352348E-11	2.016751E-9	9.062862E-11	1.081407E-10	1.013961E-10	1.063907E-10	8.914444E-11	1.207102E-10	1.006613E-10	1.050145E-10	2.543900E-9	9.394995E-11	1.305088E-10	1.061419E-10	1.139669E-10	1.009082E-10	1.022064E-10	9.514785E-11	1.034527E-10
0:06:34	0	-1.499694E+1	1.518700E+1	1.574200E+1	1.583652E+0	1.808404E+0	3.700000E+2	8.332700E-9	6.460695E-9	1.183069E-10	1.158917E-10	1.009495E-10	9.454964E-11	1.097319E-10	1.130823E-10	1.262070E-10	1.266989E-10	1.002159E-10	1.135612E-10	9.857146E-11	9.807078E-11	1.010950E-10	1.000239E-10	1.344986E-9	9.872934E-11	1.158695E-10	1.072494E-10	1.133197E-10	9.591568E-11	1.246220E-10	1.101730E-10	1.120278E-10	1.839110E-9	1.003185E-10	1.256099E-10	1.147293E-10	1.194752E-10	1.063392E-10	1.073390E-10	1.000402E-10	1.078854E-10
0:06:48	0	-1.499877E+1	1.519000E+1	1.572300E+1	1.583576E+0	1.807568E+0	3.720000E+2	7.652600E-9	5.865552E-9	1.250548E-10	1.219446E-10	1.068910E-10	9.942313E-11	1.150538E-10	1.199968E-10	1.364401E-10	1.157922E-10	1.070615E-10	1.199440E-10	1.053997E-10	9.788137E-11	1.040729E-10	1.070912E-10	8.438077E-10	1.041085E-10	1.239153E-10	1.149280E-10	1.198082E-10	1.014944E-10	1.319415E-10	1.154018E-10	1.180945E-10	1.580911E-9	1.051731E-10	1.274937E-10	1.214845E-10	1.249197E-10	1.132854E-10	1.156395E-10	1.064376E-10	1.146600E-10
0:07:01	0	-1.499710E+1	1.519400E+1	1.572900E+1	1.579864E+0	1.805338E+0	3.740000E+2	7.512900E-9	6.551559E-9	1.324328E-10	1.296370E-10	1.144132E-10	1.065106E-10	1.236702E-10	1.287342E-10	1.444625E-10	1.319626E-10	1.120699E-10	1.265792E-10	1.138091E-10	1.163840E-10	1.145876E-10	1.127707E-10	9.995710E-10	1.108804E-10	1.334173E-10	1.224178E-10	1.291934E-10	1.079519E-10	1.381883E-10	1.234646E-10	1.270659E-10	1.846411E-9	1.128029E-10	1.427554E-10	1.301985E-10	1.341003E-10	1.220628E-10	1.235600E-10	1.161599E-10	1.233336E-10
0:07:15	0	-1.500150E+1	1.519300E+1	1.569400E+1	1.583551E+0	1.808619E+0	3.760000E+2	7.802000E-9	6.528116E-9	1.408204E-10	1.376450E-10	1.219353E-10	1.142954E-10	1.324768E-10	1.353977E-10	1.548851E-10	1.529521E-10	1.206908E-10	1.356158E-10	1.197520E-10	1.185303E-10	1.238353E-10	1.200283E-10	8.990431E-10	1.171458E-10	1.379157E-10	1.299075E-10	1.364377E-10	1.168539E-10	1.485998E-10	1.303938E-10	1.353441E-10	1.684203E-9	1.202435E-10	1.529924E-10	1.377124E-10	1.411919E-10	1.281248E-10	1.314174E-10	1.211146E-10	1.306139E-10
0:07:28	0	-1.499694E+1	1.519800E+1	1.569900E+1	1.584703E+0	1.808176E+0	3.780000E+2	8.165800E-9	6.820963E-9	1.485768E-10	1.478597E-10	1.304055E-10	1.240414E-10	1.412833E-10	1.456434E-10	1.642965E-10	1.571376E-10	1.297549E-10	1.437684E-10	1.268338E-10	1.283190E-10	1.297261E-10	1.275379E-10	9.206439E-10	1.242344E-10	1.488748E-10	1.400403E-10	1.456340E-10	1.260062E-10	1.656367E-10	1.408502E-10	1.446317E-10	1.676398E-9	1.294489E-10	1.588957E-10	1.493938E-10	1.537919E-10	1.386069E-10	1.402891E-10	1.310875E-10	1.413145E-10
0:07:42	0	-1.499801E+1	1.519800E+1	1.571400E+1	1.579864E+0	1.804908E+0	3.800000E+2	8.342600E-9	7.213131E-9	1.564606E-10	1.584527E-10	1.398875E-10	1.331550E-10	1.500898E-10	1.573985E-10	1.748458E-10	1.634784E-10	1.377413E-10	1.559016E-10	1.396689E-10	1.284446E-10	1.413818E-10	1.404750E-10	9.752463E-10	1.354993E-10	1.610390E-10	1.500478E-10	1.555233E-10	1.323381E-10	1.694230E-10	1.514956E-10	1.548679E-10	1.732482E-9	1.381507E-10	1.720228E-10	1.569077E-10	1.602499E-10	1.482048E-10	1.513145E-10	1.393661E-10	1.515713E-10
0:07:55	0	-1.499884E+1	1.520900E+1	1.572200E+1	1.583842E+0	1.808911E+0	3.820000E+2	8.830100E-9	7.207628E-9	1.695770E-10	1.680363E-10	1.498116E-10	1.410657E-10	1.613667E-10	1.668901E-10	1.872258E-10	1.712778E-10	1.474399E-10	1.667708E-10	1.501644E-10	1.418958E-10	1.498695E-10	1.474168E-10	8.042172E-10	1.451197E-10	1.730752E-10	1.610619E-10	1.682478E-10	1.437478E-10	1.778781E-10	1.617005E-10	1.679479E-10	1.586073E-9	1.481754E-10	1.761671E-10	1.687148E-10	1.737355E-10	1.608979E-10	1.624029E-10	1.482726E-10	1.613843E-10
0:08:09	0	-1.499976E+1	1.521900E+1	1.574300E+1	1.578230E+0	1.803996E+0	3.840000E+2	9.358800E-9	7.694585E-9	1.790995E-10	1.812770E-10	1.607476E-10	1.533433E-10	1.727707E-10	1.797754E-10	2.044074E-10	1.939171E-10	1.599904E-10	1.785248E-10	1.600280E-10	1.629874E-10	1.628551E-10	1.613630E-10	9.004371E-10	1.540427E-10	1.839083E-10	1.744060E-10	1.811611E-10	1.569756E-10	1.891105E-10	1.728500E-10	1.804584E-10	1.593438E-9	1.573182E-10	1.867184E-10	1.815326E-10	1.881716E-10	1.713800E-10	1.750758E-10	1.603782E-10	1.761359E-10
0:08:22	0	-1.499786E+1	1.522200E+1	1.573300E+1	1.582524E+0	1.806782E+0	3.860000E+2	9.266000E-9	8.193432E-9	1.925325E-10	1.964737E-10	1.748440E-10	1.659367E-10	1.860120E-10	1.927243E-10	2.191248E-10	2.088821E-10	1.717173E-10	1.922382E-10	1.705235E-10	1.716386E-10	1.741928E-10	1.741099E-10	9.383167E-10	1.661948E-10	1.968956E-10	1.869304E-10	1.943261E-10	1.676946E-10	2.106897E-10	1.882836E-10	1.943594E-10	1.659718E-9	1.727668E-10	1.982750E-10	1.950451E-10	2.019111E-10	1.818621E-10	1.886990E-10	1.734245E-10	1.870893E-10
0:08:36	0	-1.499854E+1	1.518700E+1	1.571500E+1	1.579054E+0	1.800829E+0	3.880000E+2	9.673000E-9	8.515200E-9	2.040730E-10	2.116057E-10	1.880551E-10	1.792903E-10	2.009645E-10	2.102626E-10	2.353591E-10	2.181401E-10	1.857258E-10	2.072785E-10	1.845603E-10	1.817422E-10	1.885723E-10	1.892556E-10	8.871352E-10	1.824592E-10	2.138733E-10	2.018473E-10	2.120266E-10	1.836805E-10	2.229311E-10	2.035272E-10	2.109137E-10	1.583870E-9	1.851884E-10	2.187490E-10	2.113358E-10	2.184362E-10	1.996692E-10	2.028923E-10	1.880381E-10	2.037409E-10
0:08:49	0	-1.499770E+1	1.520800E+1	1.570700E+1	1.577432E+0	1.803147E+0	3.900000E+2	1.026900E-8	9.050617E-9	2.194603E-10	2.283781E-10	2.048059E-10	1.948590E-10	2.178804E-10	2.280510E-10	2.566460E-10	2.350712E-10	2.006219E-10	2.244677E-10	2.022634E-10	1.938676E-10	2.052308E-10	2.057901E-10	9.519995E-10	1.994839E-10	2.342723E-10	2.192810E-10	2.285924E-10	1.972844E-10	2.426814E-10	2.219839E-10	2.278481E-10	1.547363E-9	1.998796E-10	2.352669E-10	2.300895E-10	2.369874E-10	2.164665E-10	2.206978E-10	2.024013E-10	2.206454E-10
0:09:03	0	-1.500075E+1	1.523100E+1	1.573700E+1	1.581308E+0	1.806415E+0	3.920000E+2	1.073100E-8	9.733587E-9	2.386945E-10	2.473572E-10	2.221893E-10	2.116934E-10	2.380279E-10	2.488571E-10	2.809026E-10	2.549836E-10	2.174203E-10	2.461432E-10	2.209785E-10	2.280306E-10	2.232843E-10	2.241537E-10	9.960230E-10	2.154325E-10	2.532782E-10	2.397373E-10	2.486864E-10	2.147746E-10	2.587092E-10	2.410710E-10	2.486985E-10	1.591108E-9	2.173459E-10	2.580649E-10	2.490316E-10	2.584512E-10	2.390735E-10	2.396436E-10	2.214687E-10	2.402724E-10
0:09:16	0	-1.499938E+1	1.521800E+1	1.573400E+1	1.574480E+0	1.800081E+0	3.940000E+2	1.166300E-8	1.031916E-8	2.580550E-10	2.686686E-10	2.410895E-10	2.309316E-10	2.589985E-10	2.718006E-10	3.043375E-10	2.816162E-10	2.368164E-10	2.671872E-10	2.412747E-10	2.508279E-10	2.441867E-10	2.451045E-10	1.033650E-9	2.308117E-10	2.743743E-10	2.601290E-10	2.716781E-10	2.372804E-10	2.769453E-10	2.650080E-10	2.725195E-10	1.508462E-9	2.348749E-10	2.739543E-10	2.722051E-10	2.787116E-10	2.604166E-10	2.633419E-10	2.417273E-10	2.621783E-10
0:09:30	0	-1.499725E+1	1.520200E+1	1.573800E+1	1.582107E+0	1.805566E+0	3.960000E+2	1.220600E-8	1.106222E-8	2.810733E-10	2.939536E-10	2.646679E-10	2.532090E-10	2.857341E-10	2.973212E-10	3.341514E-10	3.118016E-10	2.576075E-10	2.922756E-10	2.643528E-10	2.557537E-10	2.688279E-10	2.692114E-10	1.080968E-9	2.580253E-10	2.979406E-10	2.866900E-10	2.964339E-10	2.604137E-10	3.129744E-10	2.908343E-10	2.996901E-10	1.459492E-9	2.582041E-10	2.974433E-10	2.991665E-10	3.047343E-10	2.864329E-10	2.881806E-10	2.647464E-10	2.899093E-10
0:09:43	0	-1.499961E+1	1.519300E+1	1.571200E+1	1.577191E+0	1.801893E+0	3.980000E+2	1.301900E-8	1.219753E-8	3.051637E-10	3.231465E-10	2.934293E-10	2.789033E-10	3.115835E-10	3.270532E-10	3.646613E-10	3.410349E-10	2.841675E-10	3.210921E-10	2.920462E-10	2.794970E-10	2.918842E-10	2.962213E-10	1.246169E-9	2.854926E-10	3.272725E-10	3.138163E-10	3.268578E-10	2.871186E-10	3.420634E-10	3.220784E-10	3.286920E-10	1.583303E-9	2.823535E-10	3.298506E-10	3.297273E-10	3.373408E-10	3.153541E-10	3.175816E-10	2.926568E-10	3.199201E-10
0:09:57	0	-1.499679E+1	1.519700E+1	1.573500E+1	1.579890E+0	1.802792E+0	4.000000E+2	1.459200E-8	1.326876E-8	3.365686E-10	3.532860E-10	3.252883E-10	3.106729E-10	3.449723E-10	3.634487E-10	4.066040E-10	3.745169E-10	3.133262E-10	3.542064E-10	3.242922E-10	3.170714E-10	3.277362E-10	3.307398E-10	1.370198E-9	3.161241E-10	3.657264E-10	3.481821E-10	3.628891E-10	3.195299E-10	3.747495E-10	3.603779E-10	3.668559E-10	1.516016E-9	3.152675E-10	3.582385E-10	3.623085E-10	3.703911E-10	3.498957E-10	3.505317E-10	3.252715E-10	3.534751E-10
0:10:10	0	-1.499801E+1	1.519100E+1	1.573200E+1	1.582322E+0	1.806136E+0	4.020000E+2	1.568300E-8	1.437811E-8	3.718212E-10	3.940812E-10	3.598645E-10	3.466827E-10	3.862804E-10	4.058150E-10	4.556845E-10	4.129451E-10	3.454000E-10	3.945875E-10	3.605846E-10	3.710002E-10	3.675160E-10	3.703082E-10	1.183079E-9	3.497929E-10	4.039902E-10	3.872048E-10	4.059112E-10	3.572685E-10	4.184149E-10	4.010074E-10	4.110226E-10	1.610936E-9	3.486234E-10	3.947277E-10	4.037922E-10	4.157245E-10	3.897406E-10	3.936190E-10	3.640964E-10	3.965913E-10
0:10:24	0	-1.499717E+1	1.520400E+1	1.573900E+1	1.577964E+0	1.802539E+0	4.040000E+2	1.699000E-8	1.610007E-8	4.110471E-10	4.375878E-10	4.058826E-10	3.918689E-10	4.344306E-10	4.612572E-10	5.164511E-10	4.832695E-10	3.881870E-10	4.389501E-10	4.059811E-10	4.084480E-10	4.161635E-10	4.206669E-10	1.356768E-9	4.011827E-10	4.511238E-10	4.349126E-10	4.562411E-10	4.041605E-10	4.768449E-10	4.552436E-10	4.639723E-10	1.671552E-9	3.915630E-10	4.452235E-10	4.549378E-10	4.680857E-10	4.413955E-10	4.472254E-10	4.119525E-10	4.474946E-10
0:10:37	0	-1.499877E+1	1.520800E+1	1.575400E+1	1.580244E+0	1.802855E+0	4.060000E+2	1.954500E-8	1.819251E-8	4.593534E-10	4.984970E-10	4.590437E-10	4.428778E-10	4.968354E-10	5.244295E-10	5.880182E-10	5.541656E-10	4.405454E-10	4.987959E-10	4.613679E-10	4.522092E-10	4.783656E-10	4.827632E-10	1.424483E-9	4.563702E-10	5.094066E-10	4.939495E-10	5.187903E-10	4.615221E-10	5.472644E-10	5.181732E-10	5.301914E-10	1.915146E-9	4.404292E-10	4.989842E-10	5.172585E-10	5.301982E-10	5.010681E-10	5.104629E-10	4.697191E-10	5.118210E-10
0:10:51	0	-1.499710E+1	1.522100E+1	1.574100E+1	1.582081E+0	1.805883E+0	4.080000E+2	2.170200E-8	2.005968E-8	5.217230E-10	5.665948E-10	5.249111E-10	5.098979E-10	5.695679E-10	6.091006E-10	6.806210E-10	6.175146E-10	4.998126E-10	5.703319E-10	5.308545E-10	5.322829E-10	5.523504E-10	5.613939E-10	1.361139E-9	5.285184E-10	5.823239E-10	5.665818E-10	5.997331E-10	5.341788E-10	6.214065E-10	6.033383E-10	6.193459E-10	1.625791E-9	4.995103E-10	5.707699E-10	5.899349E-10	6.062390E-10	5.782967E-10	5.914428E-10	5.449837E-10	5.891889E-10
0:11:04	0	-1.499596E+1	1.522600E+1	1.574500E+1	1.577242E+0	1.802222E+0	4.100000E+2	2.450000E-8	2.346183E-8	5.963270E-10	6.576434E-10	6.120167E-10	5.996379E-10	6.707472E-10	7.187882E-10	8.077753E-10	7.376825E-10	5.798718E-10	6.645550E-10	6.231667E-10	6.348367E-10	6.510385E-10	6.650142E-10	1.735693E-9	6.322472E-10	6.787445E-10	6.588517E-10	7.029755E-10	6.280261E-10	7.255211E-10	7.127556E-10	7.289737E-10	1.668971E-9	5.793992E-10	6.605182E-10	6.987283E-10	7.160899E-10	6.857096E-10	6.912414E-10	6.397553E-10	6.985305E-10
0:11:18	0	-1.499664E+1	1.522900E+1	1.577000E+1	1.578281E+0	1.804097E+0	4.103551E+2	2.514300E-8	2.424644E-8	6.124709E-10	6.774418E-10	6.263026E-10	6.172956E-10	6.907677E-10	7.382119E-10	8.286205E-10	7.749055E-10	5.939433E-10	6.815546E-10	6.415025E-10	6.539704E-10	6.725118E-10	6.873538E-10	1.819054E-9	6.530695E-10	6.919208E-10	6.810696E-10	7.234473E-10	6.462061E-10	7.551151E-10	7.377635E-10	7.526680E-10	1.766661E-9	5.933965E-10	6.816207E-10	7.095256E-10	7.343882E-10	7.065481E-10	7.206425E-10	6.574434E-10	7.190432E-10
0:11:31	0	-1.499778E+1	1.523900E+1	1.575200E+1	1.577343E+0	1.803084E+0	4.107101E+2	2.569400E-8	2.490735E-8	6.265969E-10	6.956645E-10	6.484899E-10	6.371673E-10	7.124354E-10	7.658700E-10	8.560341E-10	8.058507E-10	6.064308E-10	7.016509E-10	6.562980E-10	6.779669E-10	6.940492E-10	7.089362E-10	1.702817E-9	6.733843E-10	7.132069E-10	7.015875E-10	7.466906E-10	6.664545E-10	7.812387E-10	7.611963E-10	7.776890E-10	1.885499E-9	6.146463E-10	7.027233E-10	7.328885E-10	7.612334E-10	7.295958E-10	7.431364E-10	6.773257E-10	7.425962E-10
0:11:45	0	-1.499717E+1	1.523000E+1	1.574600E+1	1.582030E+0	1.806820E+0	4.110652E+2	2.647100E-8	2.542997E-8	6.463995E-10	7.136970E-10	6.646090E-10	6.567232E-10	7.362575E-10	7.875563E-10	8.789006E-10	8.255088E-10	6.248773E-10	7.201040E-10	6.819043E-10	6.806825E-10	7.157115E-10	7.293192E-10	1.768823E-9	6.962947E-10	7.308826E-10	7.197138E-10	7.714454E-10	6.897749E-10	8.085606E-10	7.850706E-10	8.038481E-10	1.733741E-9	6.297784E-10	7.173565E-10	7.541043E-10	7.803543E-10	7.499290E-10	7.629695E-10	7.026647E-10	7.624132E-10
0:11:58	0	-1.499520E+1	1.524000E+1	1.577000E+1	1.580156E+0	1.804376E+0	4.114203E+2	2.729000E-8	2.633231E-8	6.610929E-10	7.339373E-10	6.895146E-10	6.788098E-10	7.606487E-10	8.201164E-10	9.169902E-10	8.364795E-10	6.453512E-10	7.472775E-10	7.052987E-10	7.126364E-10	7.409858E-10	7.603050E-10	1.886135E-9	7.207877E-10	7.562232E-10	7.400439E-10	7.949413E-10	7.148508E-10	8.346841E-10	8.156852E-10	8.327872E-10	1.755204E-9	6.447224E-10	7.464979E-10	7.798655E-10	8.111887E-10	7.739885E-10	7.943351E-10	7.285057E-10	7.924230E-10
0:12:12	0	-1.499588E+1	1.523500E+1	1.576400E+1	1.577913E+0	1.803654E+0	4.117753E+2	2.851800E-8	2.735774E-8	6.823450E-10	7.565109E-10	7.111959E-10	7.043772E-10	7.875123E-10	8.467057E-10	9.425730E-10	8.782684E-10	6.655088E-10	7.683215E-10	7.267957E-10	7.366958E-10	7.676530E-10	7.835910E-10	2.075724E-9	7.466725E-10	7.811196E-10	7.635197E-10	8.215238E-10	7.355386E-10	8.540558E-10	8.473071E-10	8.641911E-10	1.853650E-9	6.704485E-10	7.640202E-10	7.968509E-10	8.334761E-10	7.995632E-10	8.212014E-10	7.551627E-10	8.156593E-10
0:12:25	0	-1.499634E+1	1.523500E+1	1.575800E+1	1.577356E+0	1.802754E+0	4.121304E+2	2.908100E-8	2.804604E-8	7.003188E-10	7.802819E-10	7.339520E-10	7.264008E-10	8.121575E-10	8.728555E-10	9.812309E-10	9.160629E-10	6.860457E-10	7.891759E-10	7.460169E-10	7.703544E-10	7.967911E-10	8.212656E-10	1.768189E-9	7.773030E-10	8.020257E-10	7.866816E-10	8.508140E-10	7.633728E-10	8.904644E-10	8.734487E-10	8.944569E-10	2.037888E-9	6.879138E-10	7.859387E-10	8.238123E-10	8.637397E-10	8.273470E-10	8.475615E-10	7.820077E-10	8.501648E-10
0:12:39	0	-1.499725E+1	1.523800E+1	1.575700E+1	1.576140E+0	1.800246E+0	4.124855E+2	2.997200E-8	2.916369E-8	7.198675E-10	8.042420E-10	7.589205E-10	7.477920E-10	8.388301E-10	9.069249E-10	1.027785E-9	9.459941E-10	7.071540E-10	8.202042E-10	7.706121E-10	7.951086E-10	8.252322E-10	8.470761E-10	1.765149E-9	8.019229E-10	8.271122E-10	8.202285E-10	8.768924E-10	7.892009E-10	9.311634E-10	9.119362E-10	9.257331E-10	2.289353E-9	7.083435E-10	8.140758E-10	8.555094E-10	8.976766E-10	8.601201E-10	8.836786E-10	8.086013E-10	8.812511E-10
0:12:52	0	-1.499740E+1	1.523000E+1	1.573600E+1	1.572466E+0	1.797978E+0	4.128405E+2	3.097000E-8	2.994227E-8	7.404267E-10	8.309125E-10	7.885671E-10	7.800043E-10	8.751323E-10	9.442621E-10	1.060189E-9	9.920945E-10	7.248390E-10	8.444705E-10	8.046288E-10	8.117171E-10	8.602602E-10	8.831098E-10	1.698320E-9	8.403384E-10	8.500455E-10	8.407474E-10	9.116002E-10	8.220506E-10	9.651743E-10	9.441885E-10	9.602332E-10	2.230437E-9	7.316100E-10	8.341729E-10	8.907432E-10	9.236992E-10	8.903671E-10	9.149172E-10	8.385821E-10	9.144273E-10
0:13:06	0	-1.499770E+1	1.522800E+1	1.574900E+1	1.576773E+0	1.801956E+0	4.131956E+2	3.206900E-8	3.087659E-8	7.654630E-10	8.595391E-10	8.091108E-10	8.027243E-10	9.076339E-10	9.839888E-10	1.102132E-9	1.024245E-9	7.524767E-10	8.781535E-10	8.311205E-10	8.433549E-10	8.917422E-10	9.160513E-10	1.714093E-9	8.712226E-10	8.823547E-10	8.703915E-10	9.409531E-10	8.513266E-10	9.933170E-10	9.884716E-10	1.007811E-9	2.208784E-9	7.513458E-10	8.626243E-10	9.178939E-10	9.554202E-10	9.252247E-10	9.504011E-10	8.710087E-10	9.462102E-10
0:13:19	0	-1.499748E+1	1.524700E+1	1.575500E+1	1.575545E+0	1.799917E+0	4.135507E+2	3.311300E-8	3.241771E-8	7.954183E-10	8.905615E-10	8.481127E-10	8.428482E-10	9.532508E-10	1.030190E-9	1.160688E-9	1.065971E-9	7.794800E-10	9.116469E-10	8.696886E-10	9.012623E-10	9.351949E-10	9.589004E-10	1.818104E-9	9.154609E-10	9.171982E-10	9.096031E-10	9.912204E-10	8.913227E-10	1.042030E-9	1.031055E-9	1.054316E-9	2.380307E-9	7.834405E-10	9.053935E-10	9.560951E-10	1.003097E-9	9.705006E-10	9.981777E-10	9.125932E-10	9.945807E-10
0:13:33	0	-1.499816E+1	1.524900E+1	1.574900E+1	1.572504E+0	1.798156E+0	4.139057E+2	3.428600E-8	3.298558E-8	8.166704E-10	9.183678E-10	8.712480E-10	8.701240E-10	9.773259E-10	1.064196E-9	1.200230E-9	1.119301E-9	8.026797E-10	9.440659E-10	8.937788E-10	9.178070E-10	9.695909E-10	9.974586E-10	1.579614E-9	9.457757E-10	9.429817E-10	9.398135E-10	1.016164E-9	9.177782E-10	1.075409E-9	1.071055E-9	1.088057E-9	2.277393E-9	8.125709E-10	9.300138E-10	9.836246E-10	1.038363E-9	9.976534E-10	1.032775E-9	9.423225E-10	1.031366E-9
0:13:46	0	-1.499649E+1	1.522200E+1	1.572500E+1	1.577293E+0	1.802133E+0	4.142608E+2	3.575800E-8	3.476750E-8	8.462474E-10	9.560733E-10	9.101871E-10	9.130324E-10	1.034536E-9	1.117878E-9	1.256511E-9	1.188611E-9	8.374163E-10	9.804654E-10	9.377848E-10	9.717995E-10	1.018174E-9	1.050846E-9	1.778260E-9	1.006596E-9	9.769381E-10	9.842494E-10	1.066116E-9	9.684309E-10	1.141412E-9	1.134613E-9	1.147957E-9	2.403975E-9	8.435936E-10	9.697690E-10	1.033886E-9	1.085658E-9	1.053539E-9	1.083847E-9	9.901163E-10	1.078977E-9
0:14:00	0	-1.499786E+1	1.524100E+1	1.574500E+1	1.575557E+0	1.799372E+0	4.146159E+2	3.659400E-8	3.602854E-8	8.711572E-10	9.829340E-10	9.409074E-10	9.410685E-10	1.063996E-9	1.159490E-9	1.303192E-9	1.224250E-9	8.634689E-10	1.007134E-9	9.675644E-10	9.995853E-10	1.056560E-9	1.089657E-9	1.919201E-9	1.040075E-9	1.014696E-9	1.012006E-9	1.100698E-9	1.004854E-9	1.185645E-9	1.172976E-9	1.192819E-9	2.524198E-9	8.702654E-10	9.975917E-10	1.063499E-9	1.113834E-9	1.085491E-9	1.119014E-9	1.022104E-9	1.118611E-9
0:14:13	0	-1.499717E+1	1.524500E+1	1.576600E+1	1.568894E+0	1.795230E+0	4.149709E+2	3.866900E-8	3.741953E-8	9.094990E-10	1.031989E-9	9.833231E-10	9.937228E-10	1.121460E-9	1.219269E-9	1.385624E-9	1.291594E-9	9.009943E-10	1.053582E-9	1.026556E-9	1.050105E-9	1.117559E-9	1.158884E-9	1.839071E-9	1.110642E-9	1.055494E-9	1.061665E-9	1.158712E-9	1.059895E-9	1.240037E-9	1.241889E-9	1.256511E-9	2.307796E-9	9.056380E-10	1.050724E-9	1.115844E-9	1.177212E-9	1.143081E-9	1.188018E-9	1.084198E-9	1.178948E-9
0:14:27	0	-1.499679E+1	1.524300E+1	1.574100E+1	1.573378E+0	1.795850E+0	4.153260E+2	3.996700E-8	3.893063E-8	9.334640E-10	1.061056E-9	1.016383E-9	1.023088E-9	1.172207E-9	1.270876E-9	1.441210E-9	1.335666E-9	9.294556E-10	1.088592E-9	1.064239E-9	1.098287E-9	1.162343E-9	1.207286E-9	2.092511E-9	1.150766E-9	1.095532E-9	1.099429E-9	1.197199E-9	1.100079E-9	1.295249E-9	1.287181E-9	1.310471E-9	2.326867E-9	9.330035E-10	1.070759E-9	1.163390E-9	1.223875E-9	1.185515E-9	1.238266E-9	1.126911E-9	1.229472E-9
0:14:40	0	-1.499725E+1	1.522600E+1	1.575300E+1	1.574468E+0	1.800018E+0	4.156811E+2	4.212000E-8	4.113468E-8	9.774188E-10	1.114967E-9	1.071314E-9	1.083273E-9	1.237465E-9	1.350141E-9	1.540951E-9	1.442327E-9	9.690094E-10	1.153304E-9	1.123609E-9	1.165982E-9	1.234111E-9	1.285476E-9	2.237191E-9	1.229306E-9	1.139877E-9	1.159411E-9	1.261576E-9	1.165841E-9	1.369518E-9	1.376944E-9	1.404807E-9	2.355759E-9	9.748074E-10	1.134066E-9	1.218954E-9	1.285860E-9	1.261228E-9	1.309487E-9	1.198037E-9	1.302661E-9
0:14:54	0	-1.499733E+1	1.522100E+1	1.573000E+1	1.578078E+0	1.801867E+0	4.160361E+2	4.357000E-8	4.259857E-8	1.006428E-9	1.153240E-9	1.112338E-9	1.123270E-9	1.288529E-9	1.410925E-9	1.592305E-9	1.504154E-9	1.004634E-9	1.187302E-9	1.161103E-9	1.226226E-9	1.289155E-9	1.341388E-9	2.207293E-9	1.295189E-9	1.181372E-9	1.202964E-9	1.321227E-9	1.212419E-9	1.443155E-9	1.440629E-9	1.455608E-9	2.378042E-9	1.011316E-9	1.166724E-9	1.263660E-9	1.338728E-9	1.311303E-9	1.367339E-9	1.238681E-9	1.361922E-9
0:15:07	0	-1.499748E+1	1.521900E+1	1.573500E+1	1.573910E+0	1.797662E+0	4.163912E+2	4.582700E-8	4.507401E-8	1.051896E-9	1.204313E-9	1.182440E-9	1.196176E-9	1.367470E-9	1.508544E-9	1.713901E-9	1.607707E-9	1.056295E-9	1.253656E-9	1.227934E-9	1.285966E-9	1.381574E-9	1.436300E-9	2.296355E-9	1.389742E-9	1.249601E-9	1.265275E-9	1.399840E-9	1.298367E-9	1.539066E-9	1.529385E-9	1.563972E-9	2.379615E-9	1.069199E-9	1.239013E-9	1.335262E-9	1.419518E-9	1.402360E-9	1.454021E-9	1.321660E-9	1.447585E-9
0:15:21	0	-1.499337E+1	1.522000E+1	1.576400E+1	1.573733E+0	1.798941E+0	4.167463E+2	4.908200E-8	4.810095E-8	1.104492E-9	1.275816E-9	1.244324E-9	1.265727E-9	1.466115E-9	1.618359E-9	1.847941E-9	1.733835E-9	1.116196E-9	1.328605E-9	1.318602E-9	1.355871E-9	1.482099E-9	1.549197E-9	2.552645E-9	1.497521E-9	1.313713E-9	1.341494E-9	1.491680E-9	1.383061E-9	1.650500E-9	1.650771E-9	1.682193E-9	2.456219E-9	1.121660E-9	1.304079E-9	1.417284E-9	1.514046E-9	1.490197E-9	1.563705E-9	1.419442E-9	1.543567E-9
0:15:34	0	-1.499618E+1	1.522600E+1	1.573700E+1	1.577483E+0	1.801323E+0	4.171013E+2	5.141300E-8	5.018670E-8	1.145356E-9	1.327266E-9	1.296726E-9	1.334140E-9	1.533335E-9	1.703470E-9	1.939090E-9	1.823628E-9	1.144213E-9	1.393254E-9	1.366022E-9	1.440428E-9	1.550762E-9	1.635968E-9	2.570952E-9	1.584415E-9	1.363191E-9	1.389769E-9	1.560655E-9	1.440359E-9	1.718017E-9	1.742362E-9	1.767998E-9	2.549565E-9	1.154888E-9	1.351559E-9	1.473038E-9	1.580717E-9	1.557764E-9	1.632899E-9	1.493140E-9	1.621757E-9
0:15:48	0	-1.499603E+1	1.521500E+1	1.572000E+1	1.573733E+0	1.797877E+0	4.174564E+2	5.505500E-8	5.412952E-8	1.207474E-9	1.409361E-9	1.381178E-9	1.418944E-9	1.652888E-9	1.835975E-9	2.123349E-9	1.988565E-9	1.219138E-9	1.463021E-9	1.468639E-9	1.562495E-9	1.688913E-9	1.771521E-9	2.907372E-9	1.729852E-9	1.447891E-9	1.490409E-9	1.670447E-9	1.556461E-9	1.867564E-9	1.889259E-9	1.926595E-9	2.722599E-9	1.228472E-9	1.441746E-9	1.574065E-9	1.689934E-9	1.669092E-9	1.773694E-9	1.603404E-9	1.749207E-9
0:16:01	0	-1.499884E+1	1.522500E+1	1.573700E+1	1.574138E+0	1.797548E+0	4.178115E+2	5.791200E-8	5.697856E-8	1.246762E-9	1.467686E-9	1.437057E-9	1.498305E-9	1.745324E-9	1.950127E-9	2.248925E-9	2.138792E-9	1.267756E-9	1.531208E-9	1.531108E-9	1.629117E-9	1.786271E-9	1.886563E-9	3.170947E-9	1.844466E-9	1.502372E-9	1.542524E-9	1.746163E-9	1.648301E-9	1.980386E-9	2.000125E-9	2.042793E-9	2.739909E-9	1.280050E-9	1.502353E-9	1.644468E-9	1.783578E-9	1.759455E-9	1.866016E-9	1.709716E-9	1.849937E-9
0:16:15	0	-1.499953E+1	1.521900E+1	1.574800E+1	1.577559E+0	1.800968E+0	4.181665E+2	6.244300E-8	6.144072E-8	1.319600E-9	1.554888E-9	1.560383E-9	1.621017E-9	1.883060E-9	2.127390E-9	2.455670E-9	2.338099E-9	1.348511E-9	1.634910E-9	1.642198E-9	1.766529E-9	1.956157E-9	2.087493E-9	3.292695E-9	2.037938E-9	1.593598E-9	1.660095E-9	1.893372E-9	1.785655E-9	2.164955E-9	2.212726E-9	2.252951E-9	2.789887E-9	1.358551E-9	1.606295E-9	1.768794E-9	1.925402E-9	1.919026E-9	2.024870E-9	1.841869E-9	2.016133E-9
0:16:28	0	-1.499679E+1	1.524300E+1	1.575000E+1	1.573391E+0	1.797206E+0	4.185216E+2	6.596000E-8	6.502403E-8	1.373393E-9	1.628408E-9	1.633456E-9	1.699049E-9	2.014712E-9	2.276993E-9	2.634873E-9	2.500119E-9	1.405941E-9	1.714283E-9	1.752403E-9	1.884997E-9	2.092788E-9	2.229611E-9	3.431925E-9	2.204387E-9	1.670950E-9	1.744182E-9	1.993149E-9	1.900753E-9	2.309833E-9	2.356852E-9	2.403964E-9	2.919993E-9	1.415111E-9	1.675067E-9	1.859845E-9	2.007838E-9	2.030164E-9	2.158761E-9	1.963925E-9	2.136303E-9
0:16:42	0	-1.499618E+1	1.523300E+1	1.578000E+1	1.571364E+0	1.795166E+0	4.188767E+2	7.240300E-8	7.126273E-8	1.464961E-9	1.736355E-9	1.758742E-9	1.864796E-9	2.194708E-9	2.515479E-9	2.908511E-9	2.819529E-9	1.504762E-9	1.852995E-9	1.888025E-9	2.059288E-9	2.311577E-9	2.501284E-9	3.854178E-9	2.484753E-9	1.791951E-9	1.884789E-9	2.176012E-9	2.098353E-9	2.561979E-9	2.624064E-9	2.678949E-9	3.074962E-9	1.518329E-9	1.792951E-9	2.018710E-9	2.212157E-9	2.227941E-9	2.380727E-9	2.148139E-9	2.352769E-9
0:16:55	0	-1.499725E+1	1.524200E+1	1.577300E+1	1.571858E+0	1.796192E+0	4.192317E+2	7.712300E-8	7.592298E-8	1.538871E-9	1.829800E-9	1.853686E-9	1.974851E-9	2.367353E-9	2.702609E-9	3.157387E-9	3.066396E-9	1.573792E-9	1.945512E-9	1.996839E-9	2.209142E-9	2.483489E-9	2.676340E-9	4.108251E-9	2.692971E-9	1.869049E-9	1.982408E-9	2.304450E-9	2.236960E-9	2.773679E-9	2.818205E-9	2.897381E-9	3.123933E-9	1.585229E-9	1.883704E-9	2.138177E-9	2.353666E-9	2.379809E-9	2.549973E-9	2.322441E-9	2.526627E-9
0:17:09	0	-1.499520E+1	1.522000E+1	1.575100E+1	1.576330E+0	1.799689E+0	4.195868E+2	8.592500E-8	8.480225E-8	1.642169E-9	1.969714E-9	2.028403E-9	2.187242E-9	2.625337E-9	3.049778E-9	3.557106E-9	3.542500E-9	1.697842E-9	2.110642E-9	2.212698E-9	2.459717E-9	2.791842E-9	3.061605E-9	4.692855E-9	3.091749E-9	2.030785E-9	2.166005E-9	2.558806E-9	2.498941E-9	3.094730E-9	3.219339E-9	3.294630E-9	3.599226E-9	1.703076E-9	2.055287E-9	2.329686E-9	2.597491E-9	2.640100E-9	2.840561E-9	2.616792E-9	2.835593E-9
0:17:22	0	-1.500302E+1	1.521100E+1	1.574100E+1	1.576799E+0	1.799081E+0	4.199419E+2	9.380000E-8	9.245999E-8	1.731530E-9	2.090589E-9	2.169873E-9	2.338370E-9	2.867673E-9	3.359796E-9	3.987398E-9	3.967050E-9	1.820877E-9	2.274569E-9	2.393339E-9	2.677140E-9	3.129397E-9	3.434500E-9	4.990130E-9	3.527613E-9	2.149697E-9	2.325872E-9	2.765100E-9	2.714530E-9	3.451434E-9	3.584378E-9	3.708559E-9	3.723603E-9	1.807178E-9	2.196411E-9	2.522584E-9	2.789144E-9	2.889213E-9	3.133875E-9	2.844845E-9	3.093720E-9
0:17:36	0	-1.499657E+1	1.520400E+1	1.574900E+1	1.572162E+0	1.797079E+0	4.202969E+2	1.072900E-7	1.060089E-7	1.868945E-9	2.285990E-9	2.412544E-9	2.654612E-9	3.276381E-9	3.928855E-9	4.737820E-9	4.769922E-9	1.957098E-9	2.493538E-9	2.678745E-9	3.052181E-9	3.655080E-9	4.039121E-9	5.477374E-9	4.252389E-9	2.342664E-9	2.583547E-9	3.116525E-9	3.110102E-9	4.024506E-9	4.225828E-9	4.379594E-9	4.629942E-9	1.979377E-9	2.404609E-9	2.782413E-9	3.179734E-9	3.270682E-9	3.581291E-9	3.279126E-9	3.578315E-9
0:17:49	0	-1.500090E+1	1.521500E+1	1.574900E+1	1.575621E+0	1.799676E+0	4.206520E+2	1.220300E-7	1.209697E-7	2.002198E-9	2.487255E-9	2.656667E-9	2.972879E-9	3.730008E-9	4.536135E-9	5.523424E-9	5.677615E-9	2.113160E-9	2.745496E-9	2.953593E-9	3.481341E-9	4.163154E-9	4.789899E-9	6.589193E-9	5.116777E-9	2.514726E-9	2.827626E-9	3.518027E-9	3.542348E-9	4.622315E-9	4.972285E-9	5.157662E-9	5.231251E-9	2.126483E-9	2.607783E-9	3.071477E-9	3.555633E-9	3.724327E-9	4.099547E-9	3.750539E-9	4.108877E-9
0:18:13	1	-1.499824E+1	1.520200E+1	1.572600E+1	1.569046E+0	1.793481E+0	0.000000E+0	-2.442200E-9	2.651417E-9	9.642357E-11	7.667216E-11	8.116415E-11	8.094321E-11	8.869824E-11	8.473359E-11	8.464322E-11	8.040728E-11	8.373572E-11	8.234235E-11	8.150025E-11	7.306336E-11	7.797566E-11	7.907211E-11	-2.373504E-10	8.012305E-11	8.007596E-11	1.029690E-10	7.854924E-11	8.237419E-11	1.013384E-10	8.333831E-11	8.397347E-11	3.560130E-10	8.903167E-11	8.861797E-11	8.258956E-11	8.515855E-11	8.543781E-11	8.408484E-11	8.868809E-11	8.502898E-11
0:18:26	1	-1.499816E+1	1.522400E+1	1.572900E+1	1.576811E+0	1.800715E+0	0.000000E+0	1.913800E-9	2.677820E-9	9.964021E-11	8.159040E-11	8.394530E-11	8.442399E-11	9.059856E-11	8.680754E-11	8.698063E-11	7.729994E-11	8.671474E-11	8.411215E-11	8.459748E-11	7.148426E-11	8.494245E-11	8.203790E-11	-1.953539E-10	8.221117E-11	8.159611E-11	8.377259E-11	7.968286E-11	8.018012E-11	1.028525E-10	8.459825E-11	8.346874E-11	3.158545E-10	8.751866E-11	8.748670E-11	8.587300E-11	8.667783E-11	8.512180E-11	8.522519E-11	8.774645E-11	8.813141E-11
0:18:40	1	-1.500044E+1	1.520800E+1	1.573000E+1	1.573036E+0	1.797624E+0	1.000000E+1	3.144100E-9	2.938457E-9	1.075857E-10	8.909367E-11	8.931799E-11	8.936043E-11	9.668061E-11	9.416265E-11	9.418131E-11	8.154850E-11	9.235556E-11	9.074738E-11	9.092071E-11	9.295565E-11	9.153025E-11	8.784395E-11	-9.127900E-11	9.189448E-11	9.027497E-11	8.880816E-11	8.774552E-11	8.820427E-11	1.086580E-10	9.039379E-11	8.959730E-11	2.616603E-10	9.540025E-11	9.320255E-11	9.256649E-11	9.224918E-11	9.213080E-11	9.289255E-11	9.257642E-11	9.319684E-11
0:18:53	1	-1.499786E+1	1.520900E+1	1.571600E+1	1.574721E+0	1.800031E+0	2.000000E+1	3.468400E-9	2.982861E-9	1.071447E-10	9.268804E-11	9.165706E-11	9.062626E-11	9.750475E-11	9.516788E-11	9.582368E-11	1.007001E-10	9.356038E-11	9.100078E-11	9.142676E-11	9.150316E-11	9.279722E-11	8.948475E-11	-7.164221E-11	8.778017E-11	9.040199E-11	9.012966E-11	8.850226E-11	8.826760E-11	1.044304E-10	9.058274E-11	8.947062E-11	2.532886E-10	9.521112E-11	9.414445E-11	9.256649E-11	9.269297E-11	9.263621E-11	9.314562E-11	9.659050E-11	9.357665E-11
0:19:07	1	-1.499733E+1	1.521400E+1	1.573000E+1	1.578141E+0	1.799435E+0	3.000000E+1	3.697500E-9	3.024453E-9	1.077122E-10	9.193154E-11	8.893878E-11	8.961320E-11	9.820187E-11	9.435119E-11	9.639208E-11	9.809926E-11	9.387759E-11	9.137988E-11	9.003535E-11	9.642888E-11	9.210024E-11	8.916894E-11	-3.572561E-11	8.993224E-11	8.907185E-11	8.874457E-11	8.919437E-11	8.895641E-11	1.109929E-10	9.240951E-11	9.155637E-11	2.492602E-10	9.451733E-11	9.389361E-11	9.300807E-11	9.528874E-11	9.124658E-11	9.358876E-11	9.740639E-11	9.288000E-11
0:19:20	1	-1.499702E+1	1.522600E+1	1.575300E+1	1.573885E+0	1.795572E+0	4.000000E+1	3.904600E-9	3.068923E-9	1.058833E-10	9.230979E-11	9.317387E-11	9.068920E-11	9.731472E-11	9.479079E-11	9.399185E-11	9.879701E-11	9.394064E-11	9.333823E-11	8.959318E-11	8.916641E-11	9.197424E-11	8.967403E-11	1.311186E-11	8.917292E-11	8.622057E-11	9.044463E-11	9.114739E-11	9.021030E-11	1.143997E-10	9.373210E-11	8.991351E-11	2.432176E-10	9.533655E-11	9.420691E-11	9.363904E-11	9.332567E-11	9.326723E-11	9.238539E-11	9.583799E-11	9.471607E-11
0:19:34	1	-1.499733E+1	1.520900E+1	1.574600E+1	1.573948E+0	1.796813E+0	5.000000E+1	4.089600E-9	3.073193E-9	1.077122E-10	9.268804E-11	9.475454E-11	9.024661E-11	9.877197E-11	9.372206E-11	9.595032E-11	9.302682E-11	9.356038E-11	9.144273E-11	9.186894E-11	7.931496E-11	9.374719E-11	8.929546E-11	3.635960E-11	9.189448E-11	9.027497E-11	8.868198E-11	9.095845E-11	8.939581E-11	1.059445E-10	9.247216E-11	9.022871E-11	2.356637E-10	9.439091E-11	9.609171E-11	9.307087E-11	9.275594E-11	9.269902E-11	9.270249E-11	9.834704E-11	9.515885E-11
0:19:47	1	-1.499786E+1	1.521500E+1	1.575700E+1	1.578015E+0	1.799448E+0	6.000000E+1	4.187500E-9	3.127269E-9	1.090363E-10	9.489483E-11	9.323773E-11	8.936043E-11	9.782081E-11	9.541893E-11	9.803444E-11	8.497318E-11	9.463811E-11	9.182183E-11	9.313359E-11	9.257683E-11	9.165725E-11	8.954751E-11	7.259220E-11	9.107122E-11	9.331628E-11	9.044463E-11	9.026535E-11	8.858034E-11	1.099828E-10	9.297633E-11	9.288303E-11	2.340907E-10	9.565209E-11	9.521227E-11	9.464980E-11	9.414928E-11	9.244681E-11	9.251143E-11	9.671625E-11	9.357665E-11
0:20:01	1	-1.499512E+1	1.523500E+1	1.574800E+1	1.573302E+0	1.795508E+0	7.000000E+1	4.419100E-9	3.158270E-9	1.072711E-10	9.300358E-11	9.652482E-11	9.132262E-11	1.005453E-10	9.592204E-11	9.727658E-11	8.776317E-11	9.387759E-11	9.289628E-11	9.401894E-11	1.014802E-10	9.583812E-11	8.809600E-11	8.165110E-11	9.037484E-11	9.350629E-11	9.038104E-11	9.184049E-11	8.901974E-11	1.042411E-10	9.417363E-11	9.161921E-11	2.342159E-10	9.552567E-11	9.602825E-11	9.490199E-11	9.345261E-11	9.408866E-11	9.358876E-11	9.822129E-11	9.560263E-11
0:20:14	1	-1.499839E+1	1.521900E+1	1.576800E+1	1.574138E+0	1.799182E+0	8.000000E+1	4.503600E-9	3.225695E-9	1.100458E-10	9.439016E-11	9.450207E-11	8.967714E-11	9.984815E-11	9.711680E-11	9.746605E-11	1.068507E-10	9.546167E-11	9.365448E-11	9.186894E-11	9.207139E-11	9.520414E-11	9.112555E-11	1.104718E-10	9.176759E-11	9.350629E-11	9.138855E-11	9.177685E-11	8.927013E-11	1.112449E-10	9.297633E-11	9.313539E-11	2.468684E-10	9.685055E-11	9.728445E-11	9.496578E-11	9.465604E-11	9.314163E-11	9.473011E-11	9.721826E-11	9.515885E-11
0:20:28	1	-1.499808E+1	1.522300E+1	1.576800E+1	1.578129E+0	1.799790E+0	9.000000E+1	4.574000E-9	3.293341E-9	1.102349E-10	9.590416E-11	9.620848E-11	9.366345E-11	1.028267E-10	9.567098E-11	9.904559E-11	1.026652E-10	9.672952E-11	9.523472E-11	9.148965E-11	9.327067E-11	9.533114E-11	9.333420E-11	1.426514E-10	9.081845E-11	9.255620E-11	9.038104E-11	9.278518E-11	9.215399E-11	1.126963E-10	9.379475E-11	9.402016E-11	2.553654E-10	9.647230E-11	9.709607E-11	9.603933E-11	9.801144E-11	9.585611E-11	9.473011E-11	9.709251E-11	9.921080E-11
0:20:41	1	-1.499824E+1	1.521100E+1	1.573700E+1	1.573733E+0	1.795660E+0	1.000000E+2	4.720800E-9	3.418142E-9	1.114963E-10	9.722803E-11	9.646095E-11	9.379034E-11	1.020025E-10	9.893970E-11	9.999292E-11	9.486579E-11	9.831460E-11	9.694067E-11	9.578864E-11	9.131374E-11	9.539414E-11	9.453366E-11	1.835080E-10	9.379277E-11	9.597654E-11	9.428391E-11	9.354093E-11	9.397199E-11	1.120647E-10	9.650358E-11	9.648495E-11	2.991747E-10	1.000657E-10	1.014298E-10	9.742787E-11	9.839126E-11	9.699354E-11	9.720087E-11	9.960156E-11	1.006671E-10
0:20:55	1	-1.499740E+1	1.518700E+1	1.572000E+1	1.577432E+0	1.801120E+0	1.200000E+2	5.257800E-9	3.690087E-9	1.182442E-10	1.023354E-10	1.023396E-10	1.010047E-10	1.085286E-10	1.068594E-10	1.080153E-10	9.473865E-11	1.041465E-10	1.019328E-10	1.020490E-10	1.033115E-10	1.028059E-10	1.001494E-10	2.277855E-10	9.993226E-11	1.031993E-10	9.969606E-11	1.014146E-10	9.879856E-11	1.178074E-10	1.034964E-10	1.010335E-10	3.408436E-10	1.053622E-10	1.058885E-10	1.050045E-10	1.042165E-10	1.032449E-10	1.041710E-10	1.060613E-10	1.056695E-10
0:21:09	1	-1.499763E+1	1.519900E+1	1.571900E+1	1.573442E+0	1.798688E+0	1.400000E+2	5.699900E-9	4.088483E-9	1.299738E-10	1.167109E-10	1.140340E-10	1.108146E-10	1.199326E-10	1.172312E-10	1.191957E-10	1.201039E-10	1.147317E-10	1.143194E-10	1.138091E-10	1.142994E-10	1.150945E-10	1.118243E-10	2.436213E-10	1.111971E-10	1.121952E-10	1.098924E-10	1.116819E-10	1.097699E-10	1.317523E-10	1.118735E-10	1.114592E-10	3.762185E-10	1.170273E-10	1.181986E-10	1.139707E-10	1.139029E-10	1.134748E-10	1.147533E-10	1.184175E-10	1.170018E-10
0:21:23	1	-1.499778E+1	1.523100E+1	1.575300E+1	1.568919E+0	1.791721E+0	1.600000E+2	6.392700E-9	4.870878E-9	1.466852E-10	1.352491E-10	1.336926E-10	1.295473E-10	1.405231E-10	1.366550E-10	1.368819E-10	1.422987E-10	1.341919E-10	1.328354E-10	1.322078E-10	1.371595E-10	1.344140E-10	1.299358E-10	3.661290E-10	1.276524E-10	1.295529E-10	1.295300E-10	1.303907E-10	1.287644E-10	1.470857E-10	1.329137E-10	1.309841E-10	4.645297E-10	1.361331E-10	1.355960E-10	1.349343E-10	1.351138E-10	1.330504E-10	1.331919E-10	1.362927E-10	1.367558E-10
0:21:36	1	-1.499725E+1	1.522800E+1	1.574900E+1	1.571389E+0	1.795825E+0	1.800000E+2	7.543600E-9	5.872875E-9	1.775235E-10	1.641901E-10	1.615689E-10	1.610642E-10	1.687160E-10	1.656328E-10	1.686552E-10	1.709614E-10	1.646816E-10	1.616519E-10	1.567401E-10	1.527571E-10	1.629181E-10	1.592799E-10	4.335272E-10	1.573977E-10	1.573006E-10	1.571600E-10	1.593031E-10	1.572883E-10	1.858920E-10	1.624562E-10	1.584070E-10	5.299286E-10	1.652008E-10	1.683166E-10	1.634746E-10	1.637322E-10	1.615290E-10	1.612626E-10	1.675281E-10	1.668296E-10
0:21:50	1	-1.499907E+1	1.521200E+1	1.571800E+1	1.576001E+0	1.799764E+0	2.000000E+2	8.880800E-9	7.310603E-9	2.188301E-10	2.040397E-10	2.025935E-10	2.012510E-10	2.105942E-10	2.088168E-10	2.136294E-10	1.986722E-10	2.023341E-10	2.022864E-10	2.004298E-10	1.886259E-10	2.032039E-10	2.003626E-10	6.000594E-10	1.974587E-10	1.993658E-10	1.965603E-10	1.989243E-10	1.967826E-10	2.241932E-10	2.016378E-10	1.994775E-10	5.949509E-10	2.058699E-10	2.105842E-10	2.019280E-10	2.044439E-10	2.018165E-10	2.036526E-10	2.085482E-10	2.086794E-10
0:22:04	1	-1.499915E+1	1.519800E+1	1.570100E+1	1.576279E+0	1.801424E+0	2.200000E+2	1.063800E-8	9.212888E-9	2.753976E-10	2.609135E-10	2.589160E-10	2.568157E-10	2.707195E-10	2.664579E-10	2.719957E-10	2.675391E-10	2.587493E-10	2.573286E-10	2.572081E-10	2.666150E-10	2.594532E-10	2.562743E-10	7.370729E-10	2.547342E-10	2.554954E-10	2.519467E-10	2.548597E-10	2.530783E-10	2.759980E-10	2.590235E-10	2.564071E-10	6.333466E-10	2.630597E-10	2.637173E-10	2.576818E-10	2.594638E-10	2.592173E-10	2.597938E-10	2.675683E-10	2.660404E-10
0:22:18	1	-1.499793E+1	1.519800E+1	1.570900E+1	1.572491E+0	1.797700E+0	2.400000E+2	1.323800E-8	1.184629E-8	3.532182E-10	3.406126E-10	3.365396E-10	3.361774E-10	3.485199E-10	3.501853E-10	3.552488E-10	3.591073E-10	3.375396E-10	3.365753E-10	3.332705E-10	3.461193E-10	3.404688E-10	3.378708E-10	8.822573E-10	3.316292E-10	3.303128E-10	3.282931E-10	3.335352E-10	3.325063E-10	3.603624E-10	3.391498E-10	3.370959E-10	7.181958E-10	3.427595E-10	3.428518E-10	3.366729E-10	3.410770E-10	3.384656E-10	3.405196E-10	3.505481E-10	3.486006E-10
0:22:31	1	-1.499839E+1	1.519000E+1	1.571300E+1	1.576558E+0	1.800119E+0	2.600000E+2	1.702300E-8	1.566686E-8	4.636413E-10	4.506404E-10	4.532290E-10	4.499033E-10	4.647138E-10	4.675426E-10	4.753919E-10	4.796547E-10	4.492293E-10	4.496935E-10	4.427795E-10	4.381279E-10	4.561323E-10	4.559435E-10	1.111057E-9	4.465600E-10	4.399107E-10	4.385631E-10	4.447766E-10	4.453481E-10	4.811990E-10	4.542363E-10	4.511456E-10	9.021187E-10	4.550576E-10	4.574078E-10	4.488125E-10	4.552328E-10	4.513093E-10	4.542586E-10	4.682131E-10	4.650327E-10
0:22:45	1	-1.500090E+1	1.518700E+1	1.572500E+1	1.576317E+0	1.801285E+0	2.800000E+2	2.262900E-8	2.133046E-8	6.289942E-10	6.141368E-10	6.189062E-10	6.149538E-10	6.334938E-10	6.405920E-10	6.533958E-10	6.530898E-10	6.115022E-10	6.124827E-10	6.075497E-10	5.976421E-10	6.214574E-10	6.216601E-10	1.649482E-9	6.100961E-10	6.002517E-10	5.954718E-10	6.062843E-10	6.067109E-10	6.465199E-10	6.207876E-10	6.170716E-10	1.068544E-9	6.166640E-10	6.211398E-10	6.099506E-10	6.201045E-10	6.173850E-10	6.202736E-10	6.365571E-10	6.373065E-10
0:22:59	1	-1.499892E+1	1.517900E+1	1.570400E+1	1.572048E+0	1.797484E+0	3.000000E+2	3.048700E-8	2.922791E-8	8.638418E-10	8.474331E-10	8.590487E-10	8.527840E-10	8.788070E-10	8.900157E-10	9.079577E-10	9.036967E-10	8.445791E-10	8.493998E-10	8.459788E-10	8.381760E-10	8.659610E-10	8.661340E-10	1.967659E-9	8.490725E-10	8.280633E-10	8.264594E-10	8.387827E-10	8.445564E-10	8.882550E-10	8.619839E-10	8.578092E-10	1.454393E-9	8.492684E-10	8.542711E-10	8.474912E-10	8.591179E-10	8.575312E-10	8.597272E-10	8.856224E-10	8.840367E-10
0:23:13	1	-1.499877E+1	1.518300E+1	1.568900E+1	1.575127E+0	1.799144E+0	3.200000E+2	4.246800E-8	4.076970E-8	1.219960E-9	1.205511E-9	1.220682E-9	1.218452E-9	1.253620E-9	1.271190E-9	1.299591E-9	1.287916E-9	1.200184E-9	1.206576E-9	1.202769E-9	1.219217E-9	1.235378E-9	1.240354E-9	2.239218E-9	1.217978E-9	1.178521E-9	1.180432E-9	1.200916E-9	1.205712E-9	1.265277E-9	1.235527E-9	1.227824E-9	1.680679E-9	1.213907E-9	1.215335E-9	1.209105E-9	1.227927E-9	1.226939E-9	1.229712E-9	1.267218E-9	1.266066E-9
0:23:26	1	-1.499816E+1	1.518400E+1	1.570000E+1	1.576963E+0	1.801627E+0	3.400000E+2	6.174200E-8	6.046979E-8	1.792512E-9	1.782447E-9	1.812409E-9	1.808408E-9	1.856830E-9	1.892611E-9	1.935932E-9	1.945254E-9	1.774541E-9	1.786198E-9	1.786229E-9	1.792105E-9	1.843154E-9	1.853117E-9	2.661154E-9	1.812379E-9	1.744057E-9	1.746699E-9	1.785469E-9	1.815745E-9	1.873243E-9	1.840252E-9	1.831121E-9	3.043489E-9	1.792297E-9	1.802184E-9	1.796135E-9	1.826125E-9	1.827526E-9	1.834841E-9	1.887280E-9	1.888052E-9
0:23:40	1	-1.499641E+1	1.516900E+1	1.572500E+1	1.572327E+0	1.794925E+0	3.600000E+2	9.519000E-8	9.361772E-8	2.772645E-9	2.774525E-9	2.831764E-9	2.833016E-9	2.908918E-9	2.964541E-9	3.042361E-9	3.050226E-9	2.758258E-9	2.785498E-9	2.794388E-9	2.802743E-9	2.889961E-9	2.914819E-9	3.885532E-9	2.854734E-9	2.712445E-9	2.744923E-9	2.793635E-9	2.821604E-9	2.941776E-9	2.900284E-9	2.884744E-9	4.036437E-9	2.789176E-9	2.799023E-9	2.809122E-9	2.859424E-9	2.865091E-9	2.881749E-9	2.955234E-9	2.959117E-9
0:23:54	1	-1.499808E+1	1.519800E+1	1.571800E+1	1.574620E+0	1.799663E+0	3.620000E+2	9.971000E-8	9.838551E-8	2.909303E-9	2.910594E-9	2.973801E-9	2.972689E-9	3.060021E-9	3.119488E-9	3.200593E-9	3.212056E-9	2.897712E-9	2.924905E-9	2.936712E-9	2.956763E-9	3.040084E-9	3.062488E-9	4.128331E-9	3.002386E-9	2.848396E-9	2.871306E-9	2.937946E-9	2.975884E-9	3.089178E-9	3.048064E-9	3.039044E-9	4.127140E-9	2.930856E-9	2.947619E-9	2.952265E-9	3.008087E-9	3.023716E-9	3.044912E-9	3.112226E-9	3.120944E-9
0:24:07	1	-1.499702E+1	1.519300E+1	1.573000E+1	1.577318E+0	1.798498E+0	3.640000E+2	1.045300E-7	1.031023E-7	3.051700E-9	3.056499E-9	3.122348E-9	3.125906E-9	3.217017E-9	3.280721E-9	3.363184E-9	3.365704E-9	3.042236E-9	3.068420E-9	3.082894E-9	3.105795E-9	3.192297E-9	3.218928E-9	4.383230E-9	3.156998E-9	2.991950E-9	3.019151E-9	3.084715E-9	3.114428E-9	3.249703E-9	3.208882E-9	3.192395E-9	4.090885E-9	3.074241E-9	3.084157E-9	3.099702E-9	3.154725E-9	3.169015E-9	3.184059E-9	3.272603E-9	3.277769E-9
0:24:21	1	-1.499740E+1	1.518700E+1	1.571600E+1	1.573378E+0	1.797092E+0	3.660000E+2	1.096000E-7	1.085138E-7	3.213899E-9	3.216905E-9	3.287648E-9	3.291083E-9	3.387823E-9	3.455342E-9	3.546368E-9	3.540534E-9	3.199374E-9	3.232221E-9	3.245197E-9	3.265309E-9	3.370924E-9	3.391588E-9	4.588782E-9	3.324901E-9	3.147667E-9	3.175115E-9	3.252018E-9	3.282626E-9	3.414772E-9	3.377701E-9	3.363629E-9	4.274936E-9	3.235090E-9	3.250087E-9	3.265638E-9	3.322382E-9	3.343679E-9	3.354700E-9	3.444836E-9	3.451057E-9
0:24:34	1	-1.500105E+1	1.520400E+1	1.570500E+1	1.573898E+0	1.799004E+0	3.680000E+2	1.146600E-7	1.143765E-7	3.377233E-9	3.381978E-9	3.459267E-9	3.463349E-9	3.563825E-9	3.640837E-9	3.734162E-9	3.727539E-9	3.365260E-9	3.400446E-9	3.422234E-9	3.439726E-9	3.543660E-9	3.573397E-9	4.795093E-9	3.509829E-9	3.315105E-9	3.348514E-9	3.423163E-9	3.466244E-9	3.604640E-9	3.565418E-9	3.543961E-9	4.622892E-9	3.402435E-9	3.423806E-9	3.436122E-9	3.501309E-9	3.514744E-9	3.539660E-9	3.632937E-9	3.637703E-9
0:24:48	1	-1.499862E+1	1.516700E+1	1.570000E+1	1.577546E+0	1.801411E+0	3.700000E+2	1.211900E-7	1.201656E-7	3.556396E-9	3.565337E-9	3.648650E-9	3.656942E-9	3.764283E-9	3.844059E-9	3.946213E-9	3.932616E-9	3.546485E-9	3.586175E-9	3.609575E-9	3.654812E-9	3.744458E-9	3.774895E-9	4.699507E-9	3.704124E-9	3.495148E-9	3.532234E-9	3.613332E-9	3.656883E-9	3.794191E-9	3.760378E-9	3.740911E-9	4.688417E-9	3.588883E-9	3.601794E-9	3.628136E-9	3.693660E-9	3.715108E-9	3.732921E-9	3.840042E-9	3.849041E-9
0:25:01	1	-1.499877E+1	1.519000E+1	1.569700E+1	1.573429E+0	1.797294E+0	3.720000E+2	1.274300E-7	1.271938E-7	3.751136E-9	3.764080E-9	3.851370E-9	3.861927E-9	3.974878E-9	4.059476E-9	4.168054E-9	4.171682E-9	3.746601E-9	3.784417E-9	3.812155E-9	3.848868E-9	3.961470E-9	3.995199E-9	5.217853E-9	3.915569E-9	3.686278E-9	3.729047E-9	3.813452E-9	3.877551E-9	4.016303E-9	3.981039E-9	3.960228E-9	4.940699E-9	3.784349E-9	3.810745E-9	3.827538E-9	3.898103E-9	3.924187E-9	3.943101E-9	4.053294E-9	4.063102E-9
0:25:15	1	-1.499717E+1	1.517900E+1	1.571400E+1	1.572365E+0	1.796015E+0	3.740000E+2	1.346500E-7	1.344626E-7	3.968010E-9	3.983126E-9	4.080323E-9	4.088238E-9	4.211133E-9	4.300415E-9	4.417312E-9	4.434341E-9	3.959710E-9	4.007810E-9	4.038761E-9	4.057323E-9	4.197108E-9	4.229641E-9	5.575305E-9	4.153531E-9	3.899836E-9	3.941279E-9	4.036943E-9	4.089191E-9	4.258923E-9	4.211529E-9	4.194586E-9	4.979661E-9	4.002830E-9	4.023780E-9	4.054028E-9	4.133128E-9	4.150378E-9	4.177612E-9	4.299978E-9	4.306859E-9
0:25:28	1	-1.499983E+1	1.519400E+1	1.570700E+1	1.571351E+0	1.795597E+0	3.760000E+2	1.422800E-7	1.422079E-7	4.186653E-9	4.208857E-9	4.311365E-9	4.329804E-9	4.461578E-9	4.557821E-9	4.682738E-9	4.676705E-9	4.186512E-9	4.236071E-9	4.270553E-9	4.305690E-9	4.440155E-9	4.480931E-9	5.704969E-9	4.400673E-9	4.123972E-9	4.175605E-9	4.279522E-9	4.341143E-9	4.504445E-9	4.463309E-9	4.447202E-9	5.331269E-9	4.237518E-9	4.265266E-9	4.287150E-9	4.378411E-9	4.401388E-9	4.423467E-9	4.549232E-9	4.557957E-9
0:25:42	1	-1.499824E+1	1.518500E+1	1.569700E+1	1.576317E+0	1.801234E+0	3.780000E+2	1.513600E-7	1.507451E-7	4.442060E-9	4.464664E-9	4.583301E-9	4.599468E-9	4.734705E-9	4.847662E-9	4.979432E-9	4.977726E-9	4.440446E-9	4.500730E-9	4.543884E-9	4.588913E-9	4.722094E-9	4.766360E-9	5.719539E-9	4.682621E-9	4.377252E-9	4.435042E-9	4.544649E-9	4.613781E-9	4.784040E-9	4.750364E-9	4.730653E-9	5.614394E-9	4.493704E-9	4.522075E-9	4.556514E-9	4.652057E-9	4.680180E-9	4.710572E-9	4.836745E-9	4.849449E-9
0:25:55	1	-1.499717E+1	1.518300E+1	1.571100E+1	1.576178E+0	1.800119E+0	3.800000E+2	1.618500E-7	1.604909E-7	4.718971E-9	4.753762E-9	4.877110E-9	4.895459E-9	5.047429E-9	5.166230E-9	5.306320E-9	5.303035E-9	4.718211E-9	4.789088E-9	4.833022E-9	4.887418E-9	5.034819E-9	5.080566E-9	6.044242E-9	4.992985E-9	4.653970E-9	4.720913E-9	4.838249E-9	4.921651E-9	5.093354E-9	5.071120E-9	5.046265E-9	5.971415E-9	4.777319E-9	4.814619E-9	4.850061E-9	4.955778E-9	4.983789E-9	5.018522E-9	5.157314E-9	5.167913E-9
0:26:09	1	-1.499618E+1	1.518500E+1	1.570900E+1	1.572327E+0	1.797611E+0	3.820000E+2	1.720000E-7	1.710373E-7	5.010007E-9	5.051940E-9	5.188112E-9	5.211953E-9	5.367376E-9	5.501582E-9	5.653547E-9	5.671971E-9	5.020191E-9	5.091538E-9	5.144606E-9	5.199248E-9	5.369967E-9	5.424813E-9	6.583999E-9	5.324679E-9	4.952860E-9	5.017233E-9	5.145579E-9	5.237921E-9	5.436871E-9	5.408884E-9	5.380772E-9	6.373191E-9	5.075184E-9	5.113320E-9	5.164571E-9	5.274126E-9	5.309879E-9	5.344089E-9	5.488043E-9	5.499293E-9
0:26:22	1	-1.500090E+1	1.518900E+1	1.573500E+1	1.576406E+0	1.798928E+0	3.840000E+2	1.836700E-7	1.824100E-7	5.347902E-9	5.389906E-9	5.547346E-9	5.577054E-9	5.745990E-9	5.893065E-9	6.060151E-9	6.078004E-9	5.356146E-9	5.437910E-9	5.497730E-9	5.545937E-9	5.740714E-9	5.804902E-9	6.675468E-9	5.697573E-9	5.282414E-9	5.362457E-9	5.507462E-9	5.597635E-9	5.816479E-9	5.775498E-9	5.753252E-9	6.736820E-9	5.414539E-9	5.453785E-9	5.513178E-9	5.639072E-9	5.677140E-9	5.721170E-9	5.872587E-9	5.890692E-9
0:26:36	1	-1.499968E+1	1.519500E+1	1.572000E+1	1.575963E+0	1.797598E+0	3.860000E+2	1.960400E-7	1.951053E-7	5.703895E-9	5.754225E-9	5.926048E-9	5.959809E-9	6.143294E-9	6.299952E-9	6.483117E-9	6.495644E-9	5.713273E-9	5.808293E-9	5.876903E-9	5.946617E-9	6.144652E-9	6.218248E-9	7.235810E-9	6.103375E-9	5.634836E-9	5.725996E-9	5.882130E-9	5.991013E-9	6.229088E-9	6.195593E-9	6.167433E-9	7.137210E-9	5.782331E-9	5.832058E-9	5.894555E-9	6.027255E-9	6.074964E-9	6.124040E-9	6.290437E-9	6.303242E-9
0:26:49	1	-1.499808E+1	1.518600E+1	1.572900E+1	1.571706E+0	1.796927E+0	3.880000E+2	2.104300E-7	2.094303E-7	6.109140E-9	6.175547E-9	6.352034E-9	6.405854E-9	6.610292E-9	6.779940E-9	6.976448E-9	6.988869E-9	6.125992E-9	6.237638E-9	6.315259E-9	6.393839E-9	6.609654E-9	6.687320E-9	7.561336E-9	6.587720E-9	6.046619E-9	6.154238E-9	6.329869E-9	6.441315E-9	6.700824E-9	6.661736E-9	6.645056E-9	7.596452E-9	6.198673E-9	6.256244E-9	6.330174E-9	6.484263E-9	6.538715E-9	6.584447E-9	6.766114E-9	6.778720E-9
0:27:03	1	-1.499892E+1	1.519200E+1	1.570800E+1	1.576254E+0	1.801285E+0	3.900000E+2	2.266500E-7	2.254760E-7	6.548441E-9	6.625747E-9	6.835035E-9	6.889488E-9	7.116947E-9	7.306193E-9	7.523977E-9	7.536185E-9	6.575223E-9	6.692389E-9	6.792308E-9	6.887917E-9	7.121845E-9	7.201257E-9	8.244502E-9	7.096492E-9	6.488749E-9	6.614328E-9	6.808786E-9	6.931487E-9	7.211996E-9	7.174303E-9	7.160968E-9	8.196375E-9	6.653355E-9	6.721941E-9	6.814030E-9	6.970711E-9	7.042940E-9	7.090918E-9	7.291969E-9	7.309156E-9
0:27:16	1	-1.499854E+1	1.518200E+1	1.572200E+1	1.576647E+0	1.800233E+0	3.920000E+2	2.447700E-7	2.439690E-7	7.064047E-9	7.159806E-9	7.387063E-9	7.453053E-9	7.712174E-9	7.919630E-9	8.159687E-9	8.183631E-9	7.092721E-9	7.237444E-9	7.350160E-9	7.464467E-9	7.719929E-9	7.816544E-9	8.878580E-9	7.695893E-9	7.008608E-9	7.144720E-9	7.370473E-9	7.515128E-9	7.821981E-9	7.785957E-9	7.764011E-9	8.774270E-9	7.180608E-9	7.253207E-9	7.370184E-9	7.546875E-9	7.629321E-9	7.680333E-9	7.905945E-9	7.922593E-9
0:27:30	1	-1.499763E+1	1.518200E+1	1.573800E+1	1.573125E+0	1.797674E+0	3.940000E+2	2.653300E-7	2.642923E-7	7.619887E-9	7.738885E-9	7.995477E-9	8.080602E-9	8.360303E-9	8.598507E-9	8.858881E-9	8.905399E-9	7.660675E-9	7.830715E-9	7.962515E-9	8.087116E-9	8.387690E-9	8.495571E-9	9.496060E-9	8.366494E-9	7.575284E-9	7.742709E-9	7.986900E-9	8.148232E-9	8.486930E-9	8.456510E-9	8.435173E-9	9.468358E-9	7.762592E-9	7.857201E-9	7.982029E-9	8.173945E-9	8.269943E-9	8.332923E-9	8.574995E-9	8.593839E-9
0:27:43	1	-1.499884E+1	1.520600E+1	1.572000E+1	1.575912E+0	1.800512E+0	3.960000E+2	2.894100E-7	2.884987E-7	8.272845E-9	8.412168E-9	8.704717E-9	8.817764E-9	9.146551E-9	9.406051E-9	9.697798E-9	9.746255E-9	8.334551E-9	8.524849E-9	8.687670E-9	8.828740E-9	9.173273E-9	9.294370E-9	1.039719E-8	9.167343E-9	8.241168E-9	8.438635E-9	8.717845E-9	8.910041E-9	9.297004E-9	9.250903E-9	9.233650E-9	1.023364E-8	8.438403E-9	8.558042E-9	8.703112E-9	8.931635E-9	9.037683E-9	9.110596E-9	9.381213E-9	9.402976E-9
0:27:57	1	-1.499763E+1	1.520000E+1	1.572500E+1	1.576533E+0	1.799790E+0	3.980000E+2	3.169800E-7	3.158256E-7	9.020212E-9	9.182046E-9	9.511615E-9	9.645866E-9	1.000116E-8	1.031247E-8	1.063557E-8	1.068458E-8	9.081706E-9	9.311307E-9	9.493057E-9	9.676831E-9	1.005646E-8	1.020380E-8	1.137390E-8	1.006894E-8	8.984217E-9	9.218015E-9	9.537038E-9	9.762120E-9	1.016614E-8	1.018079E-8	1.013866E-8	1.129872E-8	9.188740E-9	9.336759E-9	9.510445E-9	9.771823E-9	9.908917E-9	9.983503E-9	1.027681E-8	1.030335E-8
0:28:10	1	-1.499740E+1	1.519300E+1	1.571400E+1	1.568678E+0	1.794495E+0	4.000000E+2	3.490800E-7	3.486292E-7	9.888909E-9	1.009550E-8	1.048893E-8	1.064795E-8	1.105850E-8	1.141709E-8	1.179455E-8	1.184890E-8	9.974396E-9	1.024627E-8	1.048307E-8	1.070376E-8	1.113197E-8	1.131611E-8	1.250320E-8	1.117161E-8	9.880382E-9	1.014411E-8	1.052561E-8	1.079149E-8	1.126313E-8	1.126829E-8	1.123658E-8	1.234247E-8	1.010648E-8	1.026746E-8	1.048397E-8	1.080265E-8	1.093752E-8	1.104429E-8	1.136251E-8	1.140151E-8
0:28:24	1	-1.499778E+1	1.519300E+1	1.573900E+1	1.574835E+0	1.798561E+0	4.020000E+2	3.862900E-7	3.864134E-7	1.087056E-8	1.112339E-8	1.158680E-8	1.178938E-8	1.226005E-8	1.267760E-8	1.311689E-8	1.320436E-8	1.099196E-8	1.132033E-8	1.160573E-8	1.185724E-8	1.237811E-8	1.258884E-8	1.389595E-8	1.244984E-8	1.087962E-8	1.122485E-8	1.166140E-8	1.197814E-8	1.251573E-8	1.253740E-8	1.251040E-8	1.366430E-8	1.112613E-8	1.133370E-8	1.160120E-8	1.195391E-8	1.214772E-8	1.226152E-8	1.262942E-8	1.267094E-8
0:28:37	1	-1.499786E+1	1.519200E+1	1.572200E+1	1.573404E+0	1.796180E+0	4.040000E+2	4.331900E-7	4.328724E-7	1.208421E-8	1.239820E-8	1.294636E-8	1.322370E-8	1.378046E-8	1.427672E-8	1.477925E-8	1.492868E-8	1.224381E-8	1.263750E-8	1.299136E-8	1.333045E-8	1.392825E-8	1.416499E-8	1.542153E-8	1.405489E-8	1.212897E-8	1.252953E-8	1.307264E-8	1.345242E-8	1.408603E-8	1.410212E-8	1.407324E-8	1.503391E-8	1.237692E-8	1.264752E-8	1.295825E-8	1.338761E-8	1.363072E-8	1.378398E-8	1.419118E-8	1.422698E-8
0:28:51	1	-1.499862E+1	1.521200E+1	1.572000E+1	1.577926E+0	1.799245E+0	4.060000E+2	4.910200E-7	4.902367E-7	1.353391E-8	1.393165E-8	1.460915E-8	1.495193E-8	1.562278E-8	1.621812E-8	1.683526E-8	1.701389E-8	1.373026E-8	1.423102E-8	1.470779E-8	1.509395E-8	1.585445E-8	1.617688E-8	1.740630E-8	1.606866E-8	1.361234E-8	1.413946E-8	1.479128E-8	1.527074E-8	1.601443E-8	1.604203E-8	1.603971E-8	1.699193E-8	1.389160E-8	1.422373E-8	1.464598E-8	1.518715E-8	1.546349E-8	1.563751E-8	1.612745E-8	1.617183E-8
0:29:04	1	-1.499755E+1	1.523100E+1	1.576000E+1	1.573885E+0	1.797763E+0	4.080000E+2	5.606600E-7	5.599168E-7	1.525920E-8	1.577110E-8	1.660589E-8	1.705463E-8	1.786780E-8	1.862026E-8	1.932763E-8	1.959556E-8	1.551069E-8	1.614071E-8	1.674212E-8	1.728857E-8	1.818433E-8	1.859335E-8	1.990441E-8	1.851297E-8	1.538497E-8	1.606604E-8	1.686538E-8	1.746890E-8	1.838843E-8	1.846654E-8	1.845726E-8	1.939565E-8	1.569897E-8	1.613062E-8	1.666652E-8	1.731256E-8	1.769257E-8	1.792408E-8	1.849486E-8	1.852422E-8
0:29:18	1	-1.500417E+1	1.522500E+1	1.575700E+1	1.572732E+0	1.798206E+0	4.100000E+2	6.539700E-7	6.538201E-7	1.748005E-8	1.816334E-8	1.922020E-8	1.987454E-8	2.091167E-8	2.186026E-8	2.277319E-8	2.314530E-8	1.784109E-8	1.866957E-8	1.948884E-8	2.021591E-8	2.136833E-8	2.190284E-8	2.334723E-8	2.188161E-8	1.773530E-8	1.860635E-8	1.963879E-8	2.045808E-8	2.160066E-8	2.178988E-8	2.181767E-8	2.267305E-8	1.805591E-8	1.863955E-8	1.935460E-8	2.020631E-8	2.069969E-8	2.098934E-8	2.167408E-8	2.173684E-8
0:29:31	1	-1.499702E+1	1.522300E+1	1.574700E+1	1.577736E+0	1.800689E+0	4.103551E+2	6.729000E-7	6.728444E-7	1.790661E-8	1.863655E-8	1.975093E-8	2.041710E-8	2.148928E-8	2.252687E-8	2.349822E-8	2.386947E-8	1.830002E-8	1.917121E-8	2.003114E-8	2.081816E-8	2.203223E-8	2.256597E-8	2.417198E-8	2.257430E-8	1.820639E-8	1.912523E-8	2.019929E-8	2.105664E-8	2.223759E-8	2.243146E-8	2.244410E-8	2.342127E-8	1.852207E-8	1.913250E-8	1.990501E-8	2.077652E-8	2.130015E-8	2.162273E-8	2.231591E-8	2.238751E-8
0:29:45	1	-1.499862E+1	1.521000E+1	1.574900E+1	1.575203E+0	1.798890E+0	4.107101E+2	6.927300E-7	6.927422E-7	1.838734E-8	1.914318E-8	2.030334E-8	2.105161E-8	2.213133E-8	2.319915E-8	2.422938E-8	2.463176E-8	1.878905E-8	1.970666E-8	2.061454E-8	2.141738E-8	2.272071E-8	2.330387E-8	2.497594E-8	2.329946E-8	1.868747E-8	1.966172E-8	2.078982E-8	2.170635E-8	2.293794E-8	2.312683E-8	2.314546E-8	2.407828E-8	1.900777E-8	1.965717E-8	2.044639E-8	2.136199E-8	2.191974E-8	2.227842E-8	2.298621E-8	2.304590E-8
0:29:58	1	-1.499702E+1	1.521500E+1	1.572800E+1	1.573518E+0	1.798624E+0	4.110652E+2	7.134800E-7	7.139831E-7	1.884783E-8	1.967358E-8	2.090145E-8	2.165277E-8	2.283167E-8	2.394471E-8	2.502837E-8	2.547287E-8	1.926890E-8	2.025962E-8	2.122759E-8	2.206656E-8	2.343655E-8	2.403856E-8	2.581570E-8	2.407518E-8	1.921342E-8	2.021150E-8	2.142237E-8	2.237545E-8	2.368441E-8	2.386031E-8	2.391102E-8	2.482399E-8	1.952027E-8	2.022550E-8	2.104675E-8	2.201870E-8	2.263425E-8	2.298582E-8	2.372368E-8	2.378381E-8
0:30:12	1	-1.499991E+1	1.521000E+1	1.573500E+1	1.577052E+0	1.800018E+0	4.114203E+2	7.364600E-7	7.366691E-7	1.937970E-8	2.024605E-8	2.153483E-8	2.235848E-8	2.359637E-8	2.475792E-8	2.584462E-8	2.635736E-8	1.982297E-8	2.087046E-8	2.186429E-8	2.279378E-8	2.421725E-8	2.486468E-8	2.666533E-8	2.490267E-8	1.973486E-8	2.080358E-8	2.208019E-8	2.308848E-8	2.443997E-8	2.468173E-8	2.471543E-8	2.565278E-8	2.007054E-8	2.079564E-8	2.168157E-8	2.271934E-8	2.337288E-8	2.372465E-8	2.448506E-8	2.454565E-8
0:30:25	1	-1.499580E+1	1.520400E+1	1.575500E+1	1.574645E+0	1.798536E+0	4.117753E+2	7.594600E-7	7.601838E-7	1.990212E-8	2.080690E-8	2.215533E-8	2.304146E-8	2.433143E-8	2.555421E-8	2.673356E-8	2.724780E-8	2.038909E-8	2.145880E-8	2.254556E-8	2.352928E-8	2.502025E-8	2.571801E-8	2.766940E-8	2.580339E-8	2.031453E-8	2.142794E-8	2.279759E-8	2.383236E-8	2.526923E-8	2.550189E-8	2.557299E-8	2.644833E-8	2.063317E-8	2.140679E-8	2.235063E-8	2.344423E-8	2.410487E-8	2.449098E-8	2.530959E-8	2.537208E-8
0:30:39	1	-1.499786E+1	1.519900E+1	1.573700E+1	1.572935E+0	1.798054E+0	4.121304E+2	7.849400E-7	7.858191E-7	2.049019E-8	2.143201E-8	2.285830E-8	2.377185E-8	2.514726E-8	2.644511E-8	2.768807E-8	2.822924E-8	2.096003E-8	2.212703E-8	2.329461E-8	2.432818E-8	2.593961E-8	2.664106E-8	2.860937E-8	2.677499E-8	2.090591E-8	2.210819E-8	2.353578E-8	2.465892E-8	2.618178E-8	2.647008E-8	2.652413E-8	2.741069E-8	2.123817E-8	2.209708E-8	2.305517E-8	2.421566E-8	2.495603E-8	2.533310E-8	2.614761E-8	2.624384E-8
0:30:52	1	-1.499786E+1	1.519500E+1	1.573100E+1	1.577280E+0	1.801335E+0	4.124855E+2	8.126200E-7	8.126878E-7	2.108728E-8	2.209407E-8	2.360092E-8	2.461217E-8	2.602962E-8	2.737121E-8	2.870279E-8	2.932027E-8	2.160842E-8	2.282242E-8	2.404518E-8	2.515246E-8	2.686239E-8	2.762269E-8	2.964106E-8	2.777323E-8	2.154474E-8	2.280909E-8	2.430911E-8	2.551270E-8	2.711837E-8	2.739241E-8	2.746294E-8	2.837639E-8	2.186221E-8	2.275427E-8	2.385574E-8	2.504185E-8	2.580074E-8	2.621798E-8	2.710537E-8	2.717770E-8
0:31:06	1	-1.499694E+1	1.520000E+1	1.572500E+1	1.574658E+0	1.796306E+0	4.128405E+2	8.408800E-7	8.407403E-7	2.169092E-8	2.275903E-8	2.435168E-8	2.543502E-8	2.696374E-8	2.840002E-8	2.977365E-8	3.044464E-8	2.225048E-8	2.355643E-8	2.485721E-8	2.604084E-8	2.784871E-8	2.864646E-8	3.075205E-8	2.881584E-8	2.217338E-8	2.353132E-8	2.514003E-8	2.641405E-8	2.808948E-8	2.844073E-8	2.854803E-8	2.931710E-8	2.250965E-8	2.344337E-8	2.458649E-8	2.585862E-8	2.670412E-8	2.714779E-8	2.807886E-8	2.817051E-8
0:31:19	1	-1.499877E+1	1.518200E+1	1.571200E+1	1.572061E+0	1.796902E+0	4.131956E+2	8.709000E-7	8.708325E-7	2.232427E-8	2.348975E-8	2.516959E-8	2.633072E-8	2.794474E-8	2.951796E-8	3.091255E-8	3.162863E-8	2.293970E-8	2.430895E-8	2.572697E-8	2.699401E-8	2.889659E-8	2.976225E-8	3.177785E-8	2.999718E-8	2.290097E-8	2.434412E-8	2.602845E-8	2.738261E-8	2.919833E-8	2.951796E-8	2.959540E-8	3.032012E-8	2.323571E-8	2.422454E-8	2.541081E-8	2.677941E-8	2.765322E-8	2.817829E-8	2.913879E-8	2.920213E-8
0:31:33	1	-1.499778E+1	1.520400E+1	1.571600E+1	1.575760E+0	1.800005E+0	4.135507E+2	9.129000E-7	9.139177E-7	2.324625E-8	2.450756E-8	2.631157E-8	2.757120E-8	2.931050E-8	3.101557E-8	3.257163E-8	3.335866E-8	2.389115E-8	2.538175E-8	2.694965E-8	2.832854E-8	3.040410E-8	3.137506E-8	3.374672E-8	3.163951E-8	2.385782E-8	2.543858E-8	2.726666E-8	2.876241E-8	3.065222E-8	3.110158E-8	3.122263E-8	3.195655E-8	2.420692E-8	2.529693E-8	2.660463E-8	2.807888E-8	2.905230E-8	2.954341E-8	3.059505E-8	3.067169E-8
0:31:46	1	-1.499482E+1	1.517900E+1	1.571200E+1	1.574785E+0	1.799777E+0	4.139057E+2	9.406000E-7	9.423772E-7	2.384681E-8	2.515959E-8	2.705627E-8	2.839386E-8	3.019977E-8	3.199736E-8	3.362683E-8	3.450511E-8	2.453694E-8	2.609850E-8	2.774050E-8	2.919533E-8	3.140663E-8	3.243600E-8	3.494557E-8	3.277831E-8	2.449545E-8	2.616384E-8	2.807042E-8	2.963650E-8	3.168339E-8	3.220445E-8	3.229268E-8	3.303409E-8	2.484685E-8	2.599513E-8	2.737907E-8	2.896124E-8	2.997525E-8	3.050059E-8	3.155293E-8	3.166197E-8
0:32:00	1	-1.499687E+1	1.518500E+1	1.571100E+1	1.577825E+0	1.801120E+0	4.142608E+2	9.872000E-7	9.879039E-7	2.479011E-8	2.620217E-8	2.824819E-8	2.974882E-8	3.172670E-8	3.366054E-8	3.536600E-8	3.637256E-8	2.557201E-8	2.723766E-8	2.903344E-8	3.064833E-8	3.299869E-8	3.414000E-8	3.661482E-8	3.455361E-8	2.551269E-8	2.730909E-8	2.939253E-8	3.113272E-8	3.329698E-8	3.380552E-8	3.398776E-8	3.470263E-8	2.586460E-8	2.711495E-8	2.862872E-8	3.031757E-8	3.143760E-8	3.204897E-8	3.317258E-8	3.326537E-8
0:32:13	1	-1.499884E+1	1.519100E+1	1.571500E+1	1.573100E+0	1.794862E+0	4.146159E+2	1.019200E-6	1.020263E-6	2.545417E-8	2.695900E-8	2.912203E-8	3.070312E-8	3.275434E-8	3.480357E-8	3.667103E-8	3.775382E-8	2.627606E-8	2.805558E-8	2.990414E-8	3.169868E-8	3.420639E-8	3.536553E-8	3.782844E-8	3.584785E-8	2.623686E-8	2.814134E-8	3.033594E-8	3.216660E-8	3.446269E-8	3.499091E-8	3.514564E-8	3.583683E-8	2.656608E-8	2.789749E-8	2.949395E-8	3.128914E-8	3.248363E-8	3.315164E-8	3.428244E-8	3.437835E-8
0:32:27	1	-1.499846E+1	1.520800E+1	1.573900E+1	1.574974E+0	1.797662E+0	4.149709E+2	1.073500E-6	1.072983E-6	2.650373E-8	2.813091E-8	3.048444E-8	3.222269E-8	3.449884E-8	3.673101E-8	3.876513E-8	3.991862E-8	2.738725E-8	2.934154E-8	3.143443E-8	3.331625E-8	3.604303E-8	3.731300E-8	4.010250E-8	3.791237E-8	2.735444E-8	2.944382E-8	3.188507E-8	3.386851E-8	3.635683E-8	3.702688E-8	3.718023E-8	3.776350E-8	2.772097E-8	2.915743E-8	3.091862E-8	3.286359E-8	3.417470E-8	3.485380E-8	3.611678E-8	3.619176E-8
0:32:40	1	-1.499611E+1	1.522500E+1	1.574900E+1	1.576925E+0	1.800284E+0	4.153260E+2	1.110000E-6	1.111894E-6	2.724732E-8	2.899776E-8	3.146909E-8	3.333679E-8	3.571546E-8	3.809850E-8	4.023439E-8	4.151681E-8	2.820140E-8	3.029041E-8	3.249311E-8	3.455157E-8	3.741599E-8	3.886586E-8	4.160477E-8	3.948610E-8	2.821462E-8	3.041139E-8	3.297569E-8	3.510663E-8	3.769751E-8	3.846537E-8	3.872544E-8	3.950844E-8	2.852490E-8	3.014063E-8	3.196072E-8	3.401953E-8	3.544224E-8	3.614453E-8	3.742835E-8	3.760224E-8
0:32:54	1	-1.499748E+1	1.519600E+1	1.571900E+1	1.572453E+0	1.796686E+0	4.156811E+2	1.172700E-6	1.174341E-6	2.846103E-8	3.034218E-8	3.305578E-8	3.515260E-8	3.779753E-8	4.037499E-8	4.276403E-8	4.418543E-8	2.952374E-8	3.175640E-8	3.421617E-8	3.650092E-8	3.963775E-8	4.127160E-8	4.432516E-8	4.209035E-8	2.953822E-8	3.194793E-8	3.480154E-8	3.707302E-8	4.001713E-8	4.076270E-8	4.106079E-8	4.164818E-8	2.987387E-8	3.156248E-8	3.360128E-8	3.587561E-8	3.743421E-8	3.828302E-8	3.963884E-8	3.976647E-8
0:33:07	1	-1.499854E+1	1.519300E+1	1.571400E+1	1.574569E+0	1.799549E+0	4.160361E+2	1.219700E-6	1.220370E-6	2.934411E-8	3.132833E-8	3.423784E-8	3.645175E-8	3.927334E-8	4.209104E-8	4.460307E-8	4.621921E-8	3.044692E-8	3.288866E-8	3.548565E-8	3.792064E-8	4.129816E-8	4.301757E-8	4.611938E-8	4.403418E-8	3.048659E-8	3.304636E-8	3.610614E-8	3.858166E-8	4.167369E-8	4.249215E-8	4.282683E-8	4.347508E-8	3.080782E-8	3.267205E-8	3.480616E-8	3.722206E-8	3.889398E-8	3.983519E-8	4.129731E-8	4.138684E-8
0:33:21	1	-1.499733E+1	1.519200E+1	1.572500E+1	1.577052E+0	1.798840E+0	4.163912E+2	1.295400E-6	1.294597E-6	3.070685E-8	3.298335E-8	3.610733E-8	3.863349E-8	4.167770E-8	4.479686E-8	4.762358E-8	4.940331E-8	3.197412E-8	3.460952E-8	3.754439E-8	4.024333E-8	4.403876E-8	4.595561E-8	4.926766E-8	4.707517E-8	3.203476E-8	3.486771E-8	3.814635E-8	4.095347E-8	4.442895E-8	4.534054E-8	4.576535E-8	4.636330E-8	3.228006E-8	3.433764E-8	3.675118E-8	3.930924E-8	4.123558E-8	4.230311E-8	4.386287E-8	4.397552E-8
0:33:34	1	-1.499778E+1	1.521600E+1	1.572700E+1	1.572986E+0	1.794381E+0	4.167463E+2	1.377500E-6	1.376622E-6	3.223229E-8	3.464537E-8	3.811968E-8	4.092529E-8	4.435100E-8	4.781358E-8	5.089114E-8	5.303345E-8	3.357327E-8	3.651750E-8	3.976121E-8	4.280800E-8	4.702121E-8	4.920232E-8	5.294486E-8	5.057596E-8	3.366245E-8	3.677692E-8	4.045496E-8	4.360644E-8	4.729583E-8	4.861462E-8	4.903282E-8	4.959852E-8	3.387784E-8	3.617280E-8	3.884712E-8	4.178529E-8	4.389286E-8	4.500396E-8	4.673118E-8	4.685259E-8
0:33:48	1	-1.499755E+1	1.519700E+1	1.575400E+1	1.573822E+0	1.796471E+0	4.171013E+2	1.435500E-6	1.435980E-6	3.325171E-8	3.587390E-8	3.959973E-8	4.259092E-8	4.625979E-8	5.001119E-8	5.340891E-8	5.572540E-8	3.471343E-8	3.783012E-8	4.133822E-8	4.465429E-8	4.925988E-8	5.155947E-8	5.552639E-8	5.312995E-8	3.479530E-8	3.815543E-8	4.210557E-8	4.548670E-8	4.954459E-8	5.085437E-8	5.138542E-8	5.188895E-8	3.506495E-8	3.743537E-8	4.032660E-8	4.347903E-8	4.583431E-8	4.698499E-8	4.891068E-8	4.899427E-8
0:34:01	1	-1.499831E+1	1.520700E+1	1.574000E+1	1.577356E+0	1.798548E+0	4.174564E+2	1.535800E-6	1.538473E-6	3.499763E-8	3.793681E-8	4.203396E-8	4.544059E-8	4.956538E-8	5.378567E-8	5.759819E-8	6.036299E-8	3.654547E-8	4.009812E-8	4.404669E-8	4.785033E-8	5.302354E-8	5.568134E-8	5.997532E-8	5.768322E-8	3.675349E-8	4.051630E-8	4.491697E-8	4.880450E-8	5.342454E-8	5.493369E-8	5.557679E-8	5.598941E-8	3.701552E-8	3.968824E-8	4.289933E-8	4.649530E-8	4.910626E-8	5.048550E-8	5.253609E-8	5.270549E-8
0:34:15	1	-1.499626E+1	1.519700E+1	1.570900E+1	1.573176E+0	1.795078E+0	4.178115E+2	1.614400E-6	1.615062E-6	3.624754E-8	3.941730E-8	4.380933E-8	4.765606E-8	5.208301E-8	5.674688E-8	6.086525E-8	6.388209E-8	3.796910E-8	4.176122E-8	4.611055E-8	5.019974E-8	5.586613E-8	5.886682E-8	6.328550E-8	6.122768E-8	3.817857E-8	4.226458E-8	4.698975E-8	5.122094E-8	5.621570E-8	5.797571E-8	5.867764E-8	5.914746E-8	3.841109E-8	4.132607E-8	4.483583E-8	4.867238E-8	5.150104E-8	5.307520E-8	5.520997E-8	5.536565E-8
0:34:28	1	-1.499755E+1	1.520900E+1	1.571400E+1	1.574531E+0	1.797041E+0	4.181665E+2	1.744600E-6	1.745050E-6	3.836395E-8	4.185853E-8	4.686955E-8	5.114625E-8	5.631234E-8	6.165301E-8	6.634200E-8	7.003043E-8	4.028099E-8	4.455412E-8	4.949985E-8	5.421854E-8	6.071656E-8	6.420380E-8	6.954177E-8	6.715069E-8	4.051560E-8	4.512518E-8	5.054621E-8	5.541126E-8	6.118911E-8	6.316892E-8	6.405753E-8	6.436072E-8	4.062453E-8	4.398460E-8	4.795669E-8	5.232976E-8	5.568098E-8	5.750571E-8	5.979013E-8	6.006100E-8
0:34:42	1	-1.499694E+1	1.518900E+1	1.572200E+1	1.577153E+0	1.800056E+0	4.185216E+2	1.841100E-6	1.845824E-6	3.983851E-8	4.367881E-8	4.907122E-8	5.381466E-8	5.942704E-8	6.543535E-8	7.070436E-8	7.484152E-8	4.191240E-8	4.653780E-8	5.200820E-8	5.731216E-8	6.451360E-8	6.841881E-8	7.446191E-8	7.178086E-8	4.229882E-8	4.731379E-8	5.326804E-8	5.863415E-8	6.504218E-8	6.731929E-8	6.835025E-8	6.845180E-8	4.244117E-8	4.599882E-8	5.046640E-8	5.525257E-8	5.903982E-8	6.095445E-8	6.349953E-8	6.373562E-8
0:34:55	1	-1.499930E+1	1.520100E+1	1.575000E+1	1.568843E+0	1.793329E+0	4.188767E+2	2.015200E-6	2.018904E-6	4.236641E-8	4.674301E-8	5.286248E-8	5.847527E-8	6.502073E-8	7.208468E-8	7.822437E-8	8.335358E-8	4.475928E-8	5.007653E-8	5.639011E-8	6.269272E-8	7.109033E-8	7.578933E-8	8.264632E-8	8.028185E-8	4.519758E-8	5.098519E-8	5.788772E-8	6.411607E-8	7.167891E-8	7.464794E-8	7.581989E-8	7.590601E-8	4.527770E-8	4.937377E-8	5.442137E-8	6.004185E-8	6.444753E-8	6.673887E-8	6.964804E-8	6.985900E-8
0:35:09	1	-1.499748E+1	1.521300E+1	1.574900E+1	1.575430E+0	1.797712E+0	4.192317E+2	2.148800E-6	2.149022E-6	4.419613E-8	4.899609E-8	5.572365E-8	6.199432E-8	6.916377E-8	7.702275E-8	8.404583E-8	9.007441E-8	4.682611E-8	5.265007E-8	5.963436E-8	6.656357E-8	7.625203E-8	8.165079E-8	8.930298E-8	8.682389E-8	4.732353E-8	5.369726E-8	6.129256E-8	6.827849E-8	7.651199E-8	8.001457E-8	8.148293E-8	8.125057E-8	4.728085E-8	5.178460E-8	5.738235E-8	6.349403E-8	6.851216E-8	7.098822E-8	7.427869E-8	7.452808E-8
0:35:22	1	-1.499831E+1	1.521000E+1	1.572600E+1	1.572542E+0	1.796256E+0	4.195868E+2	2.375000E-6	2.376489E-6	4.718849E-8	5.268187E-8	6.042889E-8	6.783763E-8	7.637627E-8	8.586139E-8	9.420116E-8	1.019784E-7	5.020025E-8	5.685639E-8	6.511503E-8	7.356731E-8	8.505204E-8	9.164698E-8	1.010845E-7	9.866878E-8	5.084370E-8	5.811954E-8	6.702680E-8	7.545279E-8	8.545060E-8	8.979178E-8	9.170842E-8	9.121262E-8	5.064105E-8	5.593965E-8	6.246434E-8	6.968553E-8	7.569549E-8	7.873092E-8	8.237758E-8	8.260315E-8
0:35:36	1	-1.499884E+1	1.519800E+1	1.572300E+1	1.576609E+0	1.799613E+0	4.199419E+2	2.551100E-6	2.553467E-6	4.934318E-8	5.542292E-8	6.387546E-8	7.233921E-8	8.196464E-8	9.285707E-8	1.024709E-7	1.115484E-7	5.265292E-8	6.006043E-8	6.935076E-8	7.886035E-8	9.211974E-8	9.962950E-8	1.102912E-7	1.080862E-7	5.331447E-8	6.153893E-8	7.152761E-8	8.111883E-8	9.243841E-8	9.748503E-8	9.971299E-8	9.901039E-8	5.312706E-8	5.901998E-8	6.623222E-8	7.435210E-8	8.113394E-8	8.464783E-8	8.899989E-8	8.893483E-8
0:35:50	1	-1.499641E+1	1.520000E+1	1.572800E+1	1.577495E+0	1.799004E+0	4.202969E+2	2.878600E-6	2.881073E-6	5.316105E-8	6.019409E-8	7.025803E-8	8.042685E-8	9.230958E-8	1.058125E-7	1.177401E-7	1.298764E-7	5.694226E-8	6.561570E-8	7.686001E-8	8.883962E-8	1.051175E-7	1.148270E-7	1.281886E-7	1.266350E-7	5.784618E-8	6.744790E-8	7.940328E-8	9.126506E-8	1.052992E-7	1.118047E-7	1.152019E-7	1.139598E-7	5.745098E-8	6.439596E-8	7.309399E-8	8.287334E-8	9.124425E-8	9.567471E-8	1.005293E-7	1.007780E-7
0:36:05	1	-1.499808E+1	1.521600E+1	1.573700E+1	1.572327E+0	1.795001E+0	4.206520E+2	3.214200E-6	3.218387E-6	5.667066E-8	6.471046E-8	7.632588E-8	8.844867E-8	1.025734E-7	1.191335E-7	1.338504E-7	1.496658E-7	6.099319E-8	7.114121E-8	8.435491E-8	9.869739E-8	1.185405E-7	1.309311E-7	1.476524E-7	1.463671E-7	6.210155E-8	7.329601E-8	8.734938E-8	1.016320E-7	1.190738E-7	1.274654E-7	1.314319E-7	1.297843E-7	6.149455E-8	6.945854E-8	7.973787E-8	9.138863E-8	1.014988E-7	1.067719E-7	1.128390E-7	1.130069E-7
