APD#	0003	Started	06/21/07 23:47	Sense_ohms	1.004464E+6	1.004628E+6	1.002105E+6	1.000924E+6	9.998282E+5	1.007735E+6	1.002821E+6	9.989270E+5	9.993226E+5	1.002376E+6	1.001862E+6	1.003102E+6	1.000030E+6	1.003780E+6	1.000011E+6	1.000898E+6	9.999006E+5	1.006439E+6	1.005624E+6	1.010450E+6	1.003884E+6	1.005600E+6	1.002519E+6	1.006362E+6	1.004620E+6	1.008599E+6	1.003214E+6	1.000475E+6	1.003139E+6	9.996927E+5	1.009944E+6	1.000506E+6					
ElapTime	Shutter_Open	DegC	H2O_In	H2O_Out	TE_A	TE_V	BiasV	KE237_Amps	Pixel_Sum	A1	A2	A3	A4	A5	A6	A7	A8	B1	B2	B3	B4	B5	B6	B7	B8	C1	C2	C3	C4	C5	C6	C7	C8	D1	D2	D3	D4	D5	D6	D7	D8
0:00:00	0	-1.499915E+1	1.527000E+1	1.568500E+1	1.467526E+0	1.702830E+0	0.000000E+0	-8.891000E-11	-2.068991E-10	-5.047468E-13	-4.413574E-12	-8.534036E-12	-5.568854E-12	-1.000972E-11	-4.714533E-12	-4.864278E-12	-9.194866E-12	-7.606152E-12	-6.888633E-12	-1.018004E-11	-9.408814E-12	-5.320840E-12	-8.771842E-12	-1.064188E-11	-1.708466E-12	-8.045800E-12	-7.678558E-12	-5.984344E-12	-6.457519E-12	-1.356631E-11	-8.251790E-12	-7.329537E-12	-5.664960E-12	-4.350899E-12	-4.145354E-12	-3.156854E-12	-4.115045E-12	-4.925539E-12	-4.435363E-12	-5.268609E-12	-5.191373E-12
0:00:13	0	-1.499884E+1	1.528700E+1	1.567500E+1	1.465740E+0	1.700981E+0	0.000000E+0	-1.345200E-10	-4.266159E-10	-1.264356E-13	-1.399822E-11	-1.441266E-11	-1.189801E-11	-1.526862E-11	-1.445717E-11	-1.124328E-11	-1.629749E-11	-1.552952E-11	-1.390297E-11	-1.587045E-11	-2.336751E-12	-1.190864E-11	-1.596565E-11	-1.925679E-11	-1.303729E-11	-1.393739E-11	-1.630104E-11	-1.322761E-11	-1.523381E-11	-1.426061E-11	-1.348051E-11	-1.655430E-11	-1.328150E-11	-1.305170E-11	-1.212176E-11	-1.123888E-11	-1.348559E-11	-1.338698E-11	-1.400330E-11	-1.335916E-11	-1.418182E-11
0:00:26	0	-1.499915E+1	1.525600E+1	1.566900E+1	1.463371E+0	1.699359E+0	1.000000E+1	1.624200E-10	-2.675213E-10	2.459023E-12	-1.216968E-11	3.792018E-13	-1.196095E-11	-1.394240E-12	-1.194362E-11	-1.143275E-11	-8.879528E-13	-3.802576E-13	-1.308092E-11	-2.529290E-12	-2.064994E-11	-8.297751E-12	-4.290781E-12	-3.673960E-12	-1.474576E-11	-1.406440E-11	-2.895357E-12	-1.474010E-11	-1.554753E-11	4.416845E-12	-6.931185E-13	-2.274271E-12	-1.309270E-11	-1.128685E-11	-1.249853E-11	-1.054511E-11	-1.241011E-11	-1.048210E-11	-1.235580E-11	-1.197987E-11	-1.247269E-11
0:00:40	0	-1.499839E+1	1.524800E+1	1.567500E+1	1.466209E+0	1.701969E+0	2.000000E+1	2.866800E-10	-1.509685E-10	1.198649E-12	-1.330443E-11	9.228574E-12	-1.347954E-11	8.869524E-12	-1.213216E-11	-9.790381E-12	-7.736301E-12	1.140973E-11	-1.244942E-11	8.978282E-12	-2.507023E-11	-5.890823E-12	8.014704E-12	2.654071E-11	-1.094917E-11	-1.419041E-11	7.867342E-12	-1.467646E-11	-1.523381E-11	1.855095E-11	9.511734E-12	7.519059E-12	-1.422550E-11	-1.166511E-11	-1.199585E-11	-1.149206E-11	-1.183938E-11	-1.294536E-11	-1.444744E-11	-1.254426E-11	-1.259962E-11
0:00:53	0	-1.499869E+1	1.525600E+1	1.566300E+1	1.465297E+0	1.700626E+0	3.000000E+1	3.879400E-10	-4.581133E-11	3.657672E-12	-1.040385E-11	1.927942E-11	-1.164424E-11	1.831015E-11	-1.093740E-11	-1.086435E-11	-2.415992E-11	2.136147E-11	-1.339717E-11	1.985303E-11	-9.219401E-12	-2.216933E-12	1.703859E-11	2.844169E-11	-1.512542E-11	-9.882982E-12	2.020391E-11	-1.448752E-11	-1.454402E-11	2.094864E-11	2.141706E-11	1.579621E-11	-1.202251E-11	-1.097131E-11	-1.067719E-11	-1.256561E-11	-1.234614E-11	-1.168233E-11	-1.083533E-11	-1.210562E-11	-1.202991E-11
0:01:07	0	-1.499854E+1	1.525100E+1	1.566900E+1	1.462712E+0	1.699106E+0	4.000000E+1	4.836000E-10	3.166645E-11	1.513245E-12	-1.191685E-11	2.800305E-11	-1.328972E-11	2.749672E-11	-1.137700E-11	-1.099099E-11	-1.521933E-11	2.833419E-11	-1.516696E-11	2.914773E-11	-5.304545E-12	3.040909E-12	2.757776E-11	1.868679E-11	-1.151866E-11	-1.267026E-11	3.033666E-11	-1.404700E-11	-1.523381E-11	3.306458E-11	2.885044E-11	2.268386E-11	-1.296651E-11	-1.166511E-11	-1.224669E-11	-1.136547E-11	-1.316974E-11	-1.243995E-11	-1.115243E-11	-1.310865E-11	-1.221982E-11
0:01:20	0	-1.499862E+1	1.525500E+1	1.566100E+1	1.463966E+0	1.699423E+0	5.000000E+1	5.719200E-10	1.373098E-10	1.576960E-12	-1.015202E-11	3.577769E-11	-1.436573E-11	3.585916E-11	-1.081137E-11	-1.029596E-11	-8.116709E-12	3.536996E-11	-1.434492E-11	3.180278E-11	-9.219401E-12	8.107757E-12	3.622308E-11	3.154565E-11	-1.006296E-11	-1.425442E-11	4.141433E-11	-1.480275E-11	-1.498243E-11	5.029067E-11	3.874006E-11	2.843338E-11	-1.258891E-11	-1.015210E-11	-1.111641E-11	-1.130267E-11	-1.139659E-11	-1.035649E-11	-1.178562E-11	-1.417504E-11	-1.354914E-11
0:01:34	0	-1.499930E+1	1.526600E+1	1.564800E+1	1.464701E+0	1.700842E+0	6.000000E+1	6.627600E-10	2.612200E-10	7.566224E-13	-8.386189E-12	4.557606E-11	-1.316384E-11	4.529978E-11	-1.181759E-11	-1.004367E-11	1.395497E-12	4.291307E-11	-1.491357E-11	3.926389E-11	-1.010366E-11	1.190864E-11	4.493216E-11	5.891035E-11	-1.170849E-11	-1.571156E-11	5.192565E-11	-1.366912E-11	-1.347815E-11	6.177507E-11	4.825179E-11	3.658484E-11	-1.353290E-11	-1.059306E-11	-1.117887E-11	-1.111328E-11	-1.228317E-11	-1.344978E-11	-8.490609E-12	-1.267001E-11	-1.196595E-11
0:01:47	0	-1.499831E+1	1.525000E+1	1.565100E+1	1.466931E+0	1.702121E+0	7.000000E+1	7.574400E-10	3.297519E-10	2.017992E-12	-1.015202E-11	5.455217E-11	-1.316384E-11	5.619665E-11	-1.175408E-11	-1.061206E-11	-1.623342E-11	5.216834E-11	-1.225987E-11	4.931717E-11	-2.292289E-11	1.634251E-11	5.471318E-11	6.340730E-11	-1.006296E-11	-1.089608E-11	6.168084E-11	-1.574744E-11	-1.429363E-11	7.439505E-11	5.725935E-11	4.391438E-11	-1.315531E-11	-1.204336E-11	-1.149317E-11	-1.016633E-11	-1.076389E-11	-1.281876E-11	-1.184864E-11	-1.404929E-11	-1.177604E-11
0:02:01	0	-1.499907E+1	1.523900E+1	1.566300E+1	1.463498E+0	1.699296E+0	8.000000E+1	8.439700E-10	4.200197E-10	2.396303E-12	-8.259774E-12	6.479161E-11	-1.316384E-11	6.341890E-11	-1.169157E-11	-9.600916E-12	-2.346318E-11	6.047196E-11	-1.453447E-11	5.867475E-11	-4.862915E-12	1.748248E-11	6.228556E-11	6.860125E-11	-1.177143E-11	-1.374737E-11	7.294729E-11	-1.335390E-11	-1.504577E-11	7.969546E-11	6.431484E-11	4.953722E-11	-1.359551E-11	-1.059306E-11	-1.086557E-11	-1.168146E-11	-1.158650E-11	-1.073530E-11	-1.115243E-11	-1.223038E-11	-1.266259E-11
0:02:14	0	-1.499846E+1	1.524800E+1	1.566400E+1	1.464068E+0	1.700652E+0	9.000000E+1	1.013700E-9	5.024095E-10	3.784108E-12	-9.899187E-12	7.288358E-11	-1.354349E-11	7.368266E-11	-1.012072E-11	-9.979847E-12	-8.116709E-12	6.941002E-11	-1.238657E-11	6.866515E-11	-9.724834E-12	2.565423E-11	6.922732E-11	6.093733E-11	-1.341695E-11	-1.127612E-11	8.194734E-11	-1.360548E-11	-1.435598E-11	8.789761E-11	7.048827E-11	5.490869E-11	-1.435169E-11	-1.141228E-11	-1.325205E-11	-1.180705E-11	-1.278992E-11	-1.155573E-11	-1.165858E-11	-1.147786E-11	-1.234575E-11
0:02:28	0	-1.499976E+1	1.524500E+1	1.564900E+1	1.467222E+0	1.702311E+0	1.000000E+2	1.084800E-9	6.246066E-10	2.963770E-12	-9.394522E-12	8.388243E-11	-1.246748E-11	8.128496E-11	-1.099992E-11	-9.727559E-12	-3.677946E-12	8.164331E-11	-1.320762E-11	7.429167E-11	-6.630432E-12	2.831415E-11	7.793640E-11	8.665505E-11	-1.303729E-11	-1.146614E-11	9.233247E-11	-1.423594E-11	-1.473205E-11	1.062603E-10	7.785800E-11	6.129061E-11	-1.365910E-11	-1.191694E-11	-1.256099E-11	-1.231243E-11	-1.215623E-11	-1.256655E-11	-1.159556E-11	-1.135211E-11	-1.240972E-11
0:02:42	0	-1.499854E+1	1.526000E+1	1.567500E+1	1.464118E+0	1.700449E+0	1.200000E+2	1.404100E-9	8.057656E-10	2.269867E-12	-9.647352E-12	1.041098E-10	-1.259436E-11	1.016225E-10	-1.049780E-11	-1.099099E-11	-4.628967E-12	1.005961E-10	-1.295522E-11	9.635858E-11	-2.336552E-11	3.084807E-11	9.428062E-11	1.069878E-10	-9.746248E-12	-1.241723E-11	1.142980E-10	-1.518062E-11	-1.416794E-11	1.272089E-10	9.618934E-11	7.430682E-11	-1.409930E-11	-1.071948E-11	-1.218423E-11	-1.161766E-11	-1.082686E-11	-1.174513E-11	-1.248284E-11	-1.154024E-11	-1.190298E-11
0:02:55	0	-1.499945E+1	1.525500E+1	1.566700E+1	1.463434E+0	1.699132E+0	1.400000E+2	1.596700E-9	9.874049E-10	3.342081E-12	-8.701728E-12	1.241477E-10	-1.234060E-11	1.225301E-10	-1.037177E-11	-8.653588E-12	-2.136993E-11	1.184082E-10	-1.263897E-11	1.154530E-10	-6.125000E-12	4.338970E-11	1.092371E-10	1.168697E-10	-1.145471E-11	-9.818976E-12	1.326141E-10	-1.436223E-11	-1.648770E-11	1.403339E-10	1.092283E-10	8.536397E-11	-1.340671E-11	-1.090860E-11	-1.243507E-11	-1.079730E-11	-1.164947E-11	-1.111411E-11	-1.039219E-11	-9.784701E-12	-1.069959E-11
0:03:09	0	-1.499884E+1	1.526000E+1	1.566100E+1	1.467032E+0	1.702476E+0	1.600000E+2	1.793800E-9	1.173777E-9	4.225139E-12	-7.503275E-12	1.439969E-10	-1.284713E-11	1.435637E-10	-1.043429E-11	-9.159162E-12	-1.699423E-11	1.345091E-10	-1.244942E-11	1.274028E-10	5.054321E-13	5.409538E-11	1.209747E-10	1.274486E-10	-1.329007E-11	-1.032603E-11	1.531946E-10	-1.329125E-11	-1.498243E-11	1.606520E-10	1.271808E-10	9.692684E-11	-1.271511E-11	-9.961976E-12	-9.734295E-12	-1.117608E-11	-1.076389E-11	-1.067150E-11	-1.172260E-11	-1.128973E-11	-1.158614E-11
0:03:23	0	-1.499862E+1	1.524700E+1	1.564300E+1	1.464346E+0	1.700880E+0	1.800000E+2	1.988100E-9	1.360302E-9	1.891556E-12	-6.935901E-12	1.652990E-10	-1.322678E-11	1.616838E-10	-9.365557E-12	-8.527943E-12	2.472653E-12	1.520670E-10	-1.289137E-11	1.459283E-10	-1.383010E-11	6.372309E-11	1.329654E-10	1.366335E-10	-1.170849E-11	-1.178317E-11	1.725808E-10	-1.379541E-11	-1.379187E-11	1.864598E-10	1.450080E-10	1.104488E-10	-1.246271E-11	-1.053035E-11	-1.099049E-11	-1.060791E-11	-1.051001E-11	-1.218774E-11	-1.127847E-11	-1.103923E-11	-1.139623E-11
0:03:37	0	-1.499862E+1	1.523600E+1	1.563400E+1	1.463472E+0	1.699144E+0	2.000000E+2	2.167000E-9	1.545799E-9	2.207147E-12	-5.233778E-12	1.850205E-10	-1.284713E-11	1.824643E-10	-8.108282E-12	-9.917024E-12	-7.799369E-12	1.686753E-10	-1.276567E-11	1.612927E-10	-1.427173E-11	6.923392E-11	1.463438E-10	1.657082E-10	-1.316418E-11	-8.995894E-12	1.910846E-10	-1.417329E-11	-1.178584E-11	2.040017E-10	1.626452E-10	1.249183E-10	-1.321791E-11	-9.583723E-12	-1.099049E-11	-9.913139E-12	-1.051001E-11	-1.123972E-11	-1.108841E-11	-1.003521E-11	-1.215585E-11
0:03:50	0	-1.499831E+1	1.522900E+1	1.563500E+1	1.466867E+0	1.702387E+0	2.200000E+2	2.399900E-9	1.718090E-9	2.648179E-12	-6.115697E-12	2.032891E-10	-1.430278E-11	2.021047E-10	-8.422849E-12	-1.017031E-11	-1.921362E-11	1.863602E-10	-1.207032E-11	1.778578E-10	-1.168276E-11	7.373079E-11	1.595957E-10	1.834450E-10	-1.202520E-11	-8.932888E-12	2.126726E-10	-1.348019E-11	-1.517047E-11	2.217955E-10	1.821728E-10	1.401460E-10	-1.416290E-11	-9.961976E-12	-9.357535E-12	-9.850341E-12	-1.114371E-11	-9.472267E-12	-9.948057E-12	-1.110161E-11	-1.114336E-11
0:04:04	0	-1.499968E+1	1.524100E+1	1.565400E+1	1.463548E+0	1.700373E+0	2.400000E+2	2.577700E-9	1.894796E-9	3.342081E-12	-5.737447E-12	2.223789E-10	-1.379625E-11	2.212380E-10	-8.925958E-12	-8.274657E-12	-1.230220E-11	2.014465E-10	-1.453447E-11	1.960669E-10	-9.535421E-12	8.506945E-11	1.743629E-10	1.783140E-10	-1.170849E-11	-9.375932E-12	2.292886E-10	-1.335390E-11	-1.586026E-11	2.384538E-10	2.028978E-10	1.561945E-10	-1.246271E-11	-9.269176E-12	-8.227254E-12	-9.534357E-12	-9.433519E-12	-1.035649E-11	-1.064527E-11	-1.028671E-11	-1.063662E-11
0:04:18	0	-1.499831E+1	1.523400E+1	1.564100E+1	1.463650E+0	1.699334E+0	2.600000E+2	2.780700E-9	2.094658E-9	3.216641E-12	-4.539989E-12	2.432390E-10	-1.360643E-11	2.404353E-10	-8.360333E-12	-8.211834E-12	-6.277736E-12	2.188142E-10	-1.314477E-11	2.094081E-10	-6.280518E-14	9.552113E-11	1.853434E-10	1.933259E-10	-1.373367E-11	-9.122907E-12	2.487374E-10	-1.196869E-11	-1.341580E-11	2.554907E-10	2.222365E-10	1.718651E-10	-1.258891E-11	-9.583723E-12	-9.609369E-12	-7.766040E-12	-9.750369E-12	-9.472267E-12	-1.032817E-11	-1.009858E-11	-1.133327E-11
0:04:32	0	-1.499884E+1	1.524400E+1	1.565500E+1	1.462446E+0	1.698017E+0	2.800000E+2	2.991300E-9	2.306205E-9	5.802099E-12	-3.278826E-12	2.649203E-10	-1.335366E-11	2.618490E-10	-6.914516E-12	-8.148014E-12	-1.838973E-12	2.354855E-10	-1.257612E-11	2.236346E-10	-1.269263E-11	9.729508E-11	2.061049E-10	2.313325E-10	-1.240486E-11	-9.502945E-12	2.673048E-10	-1.423594E-11	-1.435598E-11	2.813622E-10	2.408184E-10	1.903156E-10	-1.353290E-11	-9.080050E-12	-9.545915E-12	-8.966183E-12	-1.076389E-11	-9.408467E-12	-9.885038E-12	-9.784701E-12	-9.750066E-12
0:04:45	0	-1.499968E+1	1.526100E+1	1.564900E+1	1.465145E+0	1.700550E+0	3.000000E+2	3.250600E-9	2.497534E-9	5.991255E-12	2.585036E-12	2.862864E-10	-1.221471E-11	2.831366E-10	-4.777050E-12	-7.958549E-12	-1.483892E-11	2.513323E-10	-1.522981E-11	2.432980E-10	-1.698731E-11	1.109767E-10	2.203670E-10	2.396944E-10	-1.006296E-11	-7.475743E-12	2.855573E-10	-1.429858E-11	-1.642437E-11	2.975154E-10	2.674642E-10	2.081337E-10	-1.309270E-11	-8.575382E-12	-7.788031E-12	-8.524602E-12	-8.990729E-12	-9.913880E-12	-8.617648E-12	-9.282693E-12	-9.750066E-12
0:04:59	0	-1.499877E+1	1.525700E+1	1.566500E+1	1.466183E+0	1.702603E+0	3.200000E+2	3.498600E-9	2.746021E-9	6.810597E-12	2.458621E-12	3.064509E-10	-1.398608E-11	3.039812E-10	-6.537433E-12	-6.821756E-12	-1.268261E-11	2.713628E-10	-1.428207E-11	2.625821E-10	6.280518E-14	1.542404E-10	2.335562E-10	2.403914E-10	-1.132883E-11	-5.258523E-12	3.056350E-10	-1.310231E-11	-1.667574E-11	3.107032E-10	2.922206E-10	2.251309E-10	-1.265151E-11	-5.612072E-12	-5.966692E-12	-6.250910E-12	-7.977211E-12	-6.188574E-12	-7.857415E-12	-8.028168E-12	-8.357771E-12
0:05:13	0	-1.499808E+1	1.527000E+1	1.565500E+1	1.462940E+0	1.699550E+0	3.400000E+2	3.785500E-9	2.979288E-9	7.630936E-12	6.368526E-12	3.287649E-10	-1.328972E-11	3.278663E-10	-2.388525E-12	-7.327330E-12	-5.579987E-12	2.897453E-10	-1.301807E-11	2.788318E-10	-4.357483E-12	1.359969E-10	2.540656E-10	2.835919E-10	-1.069540E-11	-3.991397E-12	3.240763E-10	-1.410965E-11	-1.435598E-11	3.327884E-10	3.158423E-10	2.436443E-10	-1.252631E-11	-5.674783E-12	-4.710494E-12	-5.493344E-12	-5.065594E-12	-6.061971E-12	-7.033161E-12	-6.585514E-12	-7.661123E-12
0:05:27	0	-1.499968E+1	1.524400E+1	1.565500E+1	1.463447E+0	1.699803E+0	3.600000E+2	4.040700E-9	3.199539E-9	1.072114E-11	9.456237E-13	3.503196E-10	-1.278419E-11	3.475697E-10	-1.319791E-12	-3.979773E-12	7.799369E-12	3.089523E-10	-1.327047E-11	2.945755E-10	-1.010864E-12	1.270022E-10	2.729981E-10	2.999347E-10	-1.303729E-11	-3.231321E-12	3.418876E-10	-1.284973E-11	-1.354050E-11	3.593533E-10	3.370704E-10	2.629157E-10	-1.315531E-11	-3.152436E-12	-1.632958E-12	-3.410040E-12	-3.482346E-12	-4.482928E-12	-4.118266E-12	-7.526160E-12	-6.521700E-12
0:05:41	0	-1.499892E+1	1.523900E+1	1.566000E+1	1.466867E+0	1.702374E+0	3.620000E+2	3.800000E-9	3.150138E-9	1.008996E-11	4.224449E-12	3.434301E-10	-1.132853E-11	3.406635E-10	-1.822900E-12	-3.284734E-12	-9.385070E-12	3.066697E-10	-1.339717E-11	2.933737E-10	7.704102E-12	1.360609E-10	2.702216E-10	2.745970E-10	-1.082228E-11	-2.534252E-12	3.391184E-10	-1.360548E-11	-1.504577E-11	3.488790E-10	3.368188E-10	2.593138E-10	-1.321791E-11	-2.144094E-12	-1.570495E-12	-1.452332E-12	-4.115045E-12	-2.651676E-12	-5.005538E-12	-4.578472E-12	-5.065437E-12
0:05:54	0	-1.499930E+1	1.525400E+1	1.565500E+1	1.462535E+0	1.698840E+0	3.640000E+2	3.803100E-9	3.187695E-9	9.900803E-12	8.197064E-12	3.435558E-10	-1.335366E-11	3.400934E-10	-1.194759E-12	-5.306032E-12	-9.828546E-12	3.105364E-10	-1.270182E-11	2.969780E-10	-4.988526E-12	1.660850E-10	2.669400E-10	2.806149E-10	-1.132883E-11	-1.204120E-12	3.381745E-10	-1.423594E-11	-1.535850E-11	3.549364E-10	3.448190E-10	2.613995E-10	-1.498069E-11	-3.089725E-12	-1.382115E-12	-2.525882E-12	-3.355406E-12	-3.346495E-12	-5.195597E-12	-4.954730E-12	-6.204860E-12
0:06:08	0	-1.499808E+1	1.527000E+1	1.567300E+1	1.464891E+0	1.701374E+0	3.660000E+2	3.821600E-9	3.220733E-9	1.109945E-11	1.512998E-12	3.464637E-10	-1.234060E-11	3.438951E-10	-1.696875E-12	-2.779160E-12	8.624254E-12	3.093325E-10	-1.175407E-11	2.957763E-10	-1.345028E-11	1.676690E-10	2.687700E-10	2.847949E-10	-1.202520E-11	-3.801378E-12	3.400623E-10	-1.297602E-11	-1.435598E-11	3.560720E-10	3.506772E-10	2.619043E-10	-1.353290E-11	-1.639426E-12	-1.758875E-12	-1.578925E-12	-3.609286E-12	-3.220890E-12	-4.308324E-12	-5.394358E-12	-5.698117E-12
0:06:21	0	-1.499862E+1	1.526300E+1	1.567800E+1	1.466487E+0	1.701766E+0	3.680000E+2	3.836000E-9	3.240177E-9	1.008996E-11	6.304821E-12	3.445038E-10	-1.208783E-11	3.432610E-10	-7.541665E-13	-2.210763E-12	-1.521633E-12	3.118683E-10	-1.257612E-11	2.893902E-10	4.862915E-12	1.622851E-10	2.740073E-10	2.880888E-10	-1.189832E-11	-3.104309E-12	3.427689E-10	-1.310231E-11	-1.448167E-11	3.594798E-10	3.474016E-10	2.648109E-10	-1.302911E-11	-1.828552E-12	-1.570495E-12	-1.831115E-12	-2.975587E-12	-1.452441E-12	-4.942519E-12	-4.704221E-12	-4.875533E-12
0:06:35	0	-1.499922E+1	1.525600E+1	1.565300E+1	1.463156E+0	1.698878E+0	3.700000E+2	3.842000E-9	3.223389E-9	1.097302E-11	1.153860E-11	3.461474E-10	-1.227766E-11	3.448452E-10	1.260252E-13	-3.915953E-12	-6.467940E-12	3.130090E-10	-1.377627E-11	2.948280E-10	-4.673503E-12	1.375179E-10	2.772261E-10	2.954368E-10	-1.031574E-11	-1.014101E-12	3.420764E-10	-1.543221E-11	-1.460636E-11	3.575861E-10	3.453222E-10	2.649376E-10	-1.277771E-11	-1.323884E-12	-1.570495E-12	-1.957708E-12	-3.039556E-12	-2.778279E-12	-4.308324E-12	-3.387317E-12	-4.558693E-12
0:06:48	0	-1.499831E+1	1.526200E+1	1.565500E+1	1.464625E+0	1.701386E+0	3.720000E+2	3.839600E-9	3.228550E-9	1.053199E-11	3.278826E-12	3.492448E-10	-1.272025E-11	3.456054E-10	0.000000E+0	-1.958475E-12	-1.141225E-12	3.140227E-10	-1.384012E-11	2.965349E-10	1.325887E-12	1.353009E-10	2.789296E-10	2.818819E-10	-1.259469E-11	-1.204120E-12	3.450979E-10	-1.316496E-11	-1.435598E-11	3.570183E-10	3.481573E-10	2.675909E-10	-1.535829E-11	-1.134757E-12	-1.256198E-12	-1.136348E-12	-2.278918E-12	-1.704649E-12	-3.422052E-12	-3.951704E-12	-4.748597E-12
0:07:02	0	-1.499938E+1	1.525800E+1	1.565600E+1	1.466323E+0	1.701513E+0	3.740000E+2	3.888800E-9	3.290925E-9	1.229711E-11	2.395912E-12	3.524691E-10	-1.328972E-11	3.492800E-10	4.395997E-13	-4.169239E-12	-1.312608E-11	3.161782E-10	-1.156452E-11	3.007710E-10	-1.389689E-12	1.618411E-10	2.767210E-10	3.015817E-10	-1.202520E-11	1.077107E-12	3.450343E-10	-1.404700E-11	-1.535850E-11	3.572076E-10	3.524403E-10	2.711300E-10	-1.227391E-11	-1.639426E-12	-5.026775E-13	0.000000E+0	-1.583248E-12	2.522083E-13	-2.407740E-12	-2.509050E-12	-4.304822E-12
0:07:15	0	-1.499846E+1	1.523300E+1	1.563200E+1	1.462978E+0	1.699005E+0	3.760000E+2	3.918900E-9	3.296893E-9	1.128861E-11	1.053027E-11	3.532275E-10	-1.322678E-11	3.479498E-10	1.257275E-12	-2.716337E-12	1.902041E-12	3.185868E-10	-1.257612E-11	3.026684E-10	-9.156596E-12	1.384678E-10	2.800654E-10	3.012647E-10	-1.056951E-11	-1.457145E-12	3.451605E-10	-1.423594E-11	-1.272601E-11	3.659158E-10	3.534487E-10	2.706871E-10	-1.472929E-11	6.271028E-14	-1.570495E-12	1.073550E-12	-1.203428E-12	-2.272865E-12	-2.660818E-12	-3.637825E-12	-3.925014E-12
0:07:29	0	-1.499824E+1	1.524700E+1	1.563600E+1	1.463548E+0	1.700424E+0	3.780000E+2	3.927100E-9	3.308484E-9	1.210795E-11	4.602699E-12	3.552502E-10	-1.259436E-11	3.513714E-10	8.166830E-13	-8.845048E-13	6.912417E-12	3.196645E-10	-1.124827E-11	3.031106E-10	2.399557E-12	1.340340E-10	2.854301E-10	2.868858E-10	-1.373367E-11	-9.500944E-13	3.454129E-10	-1.354284E-11	-1.454402E-11	3.622560E-10	3.569133E-10	2.705615E-10	-1.384790E-11	6.271028E-14	-1.883801E-13	5.053757E-13	-6.966691E-13	-1.136433E-12	-2.090642E-12	-1.380275E-12	-2.975494E-12
0:07:42	0	-1.499824E+1	1.527800E+1	1.567200E+1	1.461243E+0	1.697713E+0	3.800000E+2	3.962300E-9	3.359670E-9	1.330660E-11	6.684066E-12	3.560725E-10	-1.183407E-11	3.525116E-10	2.639583E-12	-9.473276E-13	-5.707124E-12	3.232780E-10	-1.308092E-11	3.078528E-10	1.218819E-11	1.518964E-10	2.844837E-10	2.947408E-10	-1.347990E-11	1.267126E-12	3.491260E-10	-1.284973E-11	-1.448167E-11	3.601103E-10	3.587401E-10	2.737205E-10	-1.252631E-11	1.513010E-12	-1.256198E-12	8.841583E-13	-2.528799E-13	1.325838E-12	-2.217681E-12	-1.568404E-12	-2.468751E-12
0:07:56	0	-1.498851E+1	1.527700E+1	1.565900E+1	1.465778E+0	1.701728E+0	3.820000E+2	3.981000E-9	3.383340E-9	1.248626E-11	9.269103E-12	3.591061E-10	-1.322678E-11	3.523845E-10	2.703092E-12	-6.282278E-14	7.228756E-12	3.232139E-10	-1.207032E-11	3.062088E-10	-8.840577E-12	1.450556E-10	2.873229E-10	3.059526E-10	-1.303729E-11	1.077107E-12	3.490634E-10	-1.373177E-11	-1.448167E-11	3.674927E-10	3.584248E-10	2.753634E-10	-1.309270E-11	3.155422E-13	8.794377E-13	1.439673E-11	0.000000E+0	5.054135E-13	-2.407740E-12	-2.132792E-12	-2.025975E-12
0:08:09	0	-1.499877E+1	1.523000E+1	1.562200E+1	1.463852E+0	1.699436E+0	3.840000E+2	4.041400E-9	3.412975E-9	1.330660E-11	6.368526E-12	3.579056E-10	-1.291007E-11	3.547289E-10	4.399966E-12	1.136793E-12	2.917130E-12	3.251793E-10	-1.390297E-11	3.089278E-10	8.461752E-12	1.624111E-10	2.881438E-10	2.959437E-10	-1.329007E-11	2.977296E-12	3.509512E-10	-1.392071E-11	-1.379187E-11	3.657265E-10	3.664250E-10	2.786491E-10	-1.510689E-11	2.774183E-12	-1.382115E-12	9.469565E-13	1.139459E-12	2.588874E-12	-7.602336E-13	-1.881292E-12	-2.088943E-12
0:08:23	0	-1.499831E+1	1.524200E+1	1.565800E+1	1.461141E+0	1.697852E+0	3.860000E+2	4.079900E-9	3.430243E-9	1.444153E-11	6.242112E-12	3.596120E-10	-1.196095E-11	3.547920E-10	4.273941E-12	-3.161083E-13	-2.662857E-12	3.275249E-10	-1.207032E-11	3.120889E-10	-6.630432E-12	1.555703E-10	2.905418E-10	3.031647E-10	-1.025279E-11	3.991397E-12	3.527765E-10	-1.404700E-11	-1.485774E-11	3.726038E-10	3.669292E-10	2.797234E-10	-1.252631E-11	2.900599E-12	2.763239E-12	2.525882E-12	1.773158E-12	2.526071E-12	8.872727E-13	-4.386382E-13	-1.646167E-12
0:08:36	0	-1.499907E+1	1.524800E+1	1.567700E+1	1.464536E+0	1.700791E+0	3.880000E+2	4.116400E-9	3.503906E-9	1.469341E-11	6.620361E-12	3.644788E-10	-1.215077E-11	3.597338E-10	5.594725E-12	1.326259E-12	1.135118E-11	3.306940E-10	-1.352387E-11	3.131010E-10	-4.546896E-12	1.734968E-10	2.917402E-10	3.145675E-10	-1.246780E-11	1.964195E-12	3.547905E-10	-1.366912E-11	-1.466970E-11	3.787250E-10	3.677476E-10	2.811767E-10	-1.246271E-11	3.405268E-12	2.386479E-12	3.410040E-12	1.773158E-12	3.346495E-12	7.602336E-13	-6.267674E-13	1.139423E-12
0:08:50	0	-1.499900E+1	1.525200E+1	1.564800E+1	1.458697E+0	1.695445E+0	3.900000E+2	4.157300E-9	3.528294E-9	1.702699E-11	7.881524E-12	3.666282E-10	-1.322678E-11	3.625853E-10	4.965591E-12	1.136793E-12	-1.205293E-12	3.350680E-10	-1.314477E-11	3.141760E-10	1.629246E-11	1.609542E-10	2.967891E-10	3.065856E-10	-1.278452E-11	6.081605E-12	3.598261E-10	-1.297602E-11	-1.485774E-11	3.715947E-10	3.664877E-10	2.838300E-10	-1.340671E-11	6.684119E-12	5.401552E-12	5.241155E-12	4.685774E-12	5.052141E-12	1.330409E-12	1.881292E-12	1.709135E-12
0:09:03	0	-1.499915E+1	1.523200E+1	1.565700E+1	1.465651E+0	1.701082E+0	3.920000E+2	4.193300E-9	3.545615E-9	1.721615E-11	1.027744E-11	3.671342E-10	-1.303695E-11	3.641056E-10	8.548874E-12	2.652517E-12	-9.448138E-12	3.363358E-10	-1.377627E-11	3.183482E-10	2.272949E-12	1.711529E-10	2.968519E-10	3.049386E-10	-9.556418E-12	8.805875E-12	3.607064E-10	-1.442487E-11	-1.617398E-11	3.772737E-10	3.623309E-10	2.862948E-10	-1.315531E-11	5.863909E-12	6.720213E-12	6.313708E-12	5.951173E-12	6.124774E-12	3.485071E-12	2.885308E-12	2.595687E-12
0:09:17	0	-1.499938E+1	1.525700E+1	1.566300E+1	1.462434E+0	1.697991E+0	3.940000E+2	4.212700E-9	3.643163E-9	1.923414E-11	1.242151E-11	3.703574E-10	-1.373331E-11	3.656888E-10	1.030926E-11	4.042596E-12	7.673233E-12	3.403926E-10	-1.352387E-11	3.176535E-10	6.883647E-12	1.891423E-10	3.013330E-10	3.075996E-10	-1.303729E-11	7.095705E-12	3.605812E-10	-1.303867E-11	-1.441833E-11	3.833311E-10	3.748031E-10	2.875576E-10	-1.277771E-11	1.034122E-11	1.099049E-11	7.008475E-12	8.167121E-12	7.135601E-12	5.639733E-12	5.206229E-12	3.102430E-12
0:09:30	0	-1.499816E+1	1.524700E+1	1.563100E+1	1.463536E+0	1.700424E+0	3.960000E+2	4.324600E-9	3.679821E-9	2.036907E-11	2.011391E-11	3.716217E-10	-1.234060E-11	3.686033E-10	1.181759E-11	6.380002E-12	8.624254E-12	3.447025E-10	-1.409252E-11	3.222689E-10	1.199878E-11	1.769807E-10	3.077069E-10	3.010747E-10	-1.145471E-11	1.000899E-11	3.660570E-10	-1.259815E-11	-1.523381E-11	3.786613E-10	3.698270E-10	2.914119E-10	-1.384790E-11	1.166511E-11	1.155563E-11	1.054511E-11	1.019416E-11	8.840250E-12	6.462986E-12	7.275651E-12	4.621661E-12
0:09:44	0	-1.499961E+1	1.525700E+1	1.567100E+1	1.465803E+0	1.701234E+0	3.980000E+2	4.384800E-9	3.770365E-9	2.194603E-11	1.796984E-11	3.752252E-10	-1.234060E-11	3.731021E-10	1.533737E-11	9.221985E-12	-4.756103E-12	3.505345E-10	-1.282852E-11	3.259990E-10	1.629246E-11	1.759037E-10	3.116191E-10	3.195075E-10	-1.082228E-11	1.400039E-11	3.678186E-10	-1.171611E-11	-1.429363E-11	3.879373E-10	3.777009E-10	2.954567E-10	-1.340671E-11	1.393462E-11	1.293775E-11	1.666942E-11	1.158650E-11	1.414460E-11	8.173512E-12	9.658951E-12	7.851027E-12
0:09:57	0	-1.499862E+1	1.524500E+1	1.563900E+1	1.462370E+0	1.698156E+0	4.000000E+2	4.505000E-9	3.897165E-9	2.396402E-11	1.853721E-11	3.822414E-10	-1.303695E-11	3.781700E-10	1.785192E-11	9.348628E-12	1.185772E-11	3.587120E-10	-1.352387E-11	3.286550E-10	1.843980E-11	1.938932E-10	3.191287E-10	3.100696E-10	-1.284746E-11	1.716771E-11	3.732944E-10	-1.461381E-11	-1.423029E-11	3.955726E-10	3.859527E-10	2.991215E-10	-1.202251E-11	1.910474E-11	2.091416E-11	1.818455E-11	1.620830E-11	1.780710E-11	1.438342E-11	1.461368E-11	1.424579E-11
0:10:11	0	-1.499922E+1	1.523500E+1	1.564300E+1	1.463422E+0	1.700335E+0	4.020000E+2	4.701800E-9	4.063168E-9	2.919866E-11	2.396011E-11	3.865403E-10	-1.347954E-11	3.826687E-10	2.124666E-11	1.446519E-11	1.433138E-11	3.684096E-10	-1.320762E-11	3.367480E-10	2.115538E-11	1.905993E-10	3.318765E-10	3.216615E-10	-1.177143E-11	2.382037E-11	3.833645E-10	-1.360548E-11	-1.473205E-11	4.017566E-10	3.913703E-10	3.072720E-10	-1.372170E-11	2.843762E-11	2.373986E-11	2.778271E-11	2.646543E-11	2.645795E-11	2.255793E-11	1.994566E-11	1.785397E-11
0:10:24	0	-1.499862E+1	1.522300E+1	1.565600E+1	1.466221E+0	1.701412E+0	4.040000E+2	5.017600E-9	4.412835E-9	3.487432E-11	2.761719E-11	3.941254E-10	-1.120165E-11	3.904611E-10	3.067473E-11	2.071855E-11	2.168727E-11	3.859685E-10	-1.301807E-11	3.440184E-10	2.033392E-11	1.915493E-10	3.516916E-10	3.514971E-10	-1.221503E-11	3.262624E-11	3.948833E-10	-1.348019E-11	-1.410560E-11	4.199290E-10	4.052277E-10	3.207301E-10	-1.296651E-11	4.584022E-11	5.043233E-11	4.805057E-11	4.609311E-11	4.338182E-11	4.213695E-11	4.089435E-11	3.437860E-11
0:10:38	0	-1.498418E+1	1.524600E+1	1.564700E+1	1.461534E+0	1.697383E+0	4.060000E+2	6.141700E-9	5.485588E-9	4.937857E-11	4.281286E-11	4.081588E-10	-1.272025E-11	4.052236E-10	4.217776E-11	3.215230E-11	3.494049E-11	4.172186E-10	-1.409252E-11	3.596992E-10	4.849856E-11	2.056108E-10	3.868417E-10	3.454792E-10	-1.272058E-11	6.746871E-11	4.357303E-10	-1.341655E-11	-1.529616E-11	4.592403E-10	4.391179E-10	3.510597E-10	-1.391050E-11	1.459059E-10	1.389869E-10	1.534349E-10	1.314416E-10	1.420800E-10	1.123445E-10	1.130865E-10	9.965457E-11
0:10:53	0	-1.499839E+1	1.528100E+1	1.565000E+1	1.464296E+0	1.699651E+0	4.080000E+2	3.854100E-6	3.709748E-6	6.747877E-12	4.609169E-11	5.289565E-10	-6.024833E-11	5.864207E-10	7.377723E-10	4.522103E-10	3.722294E-11	-4.930300E-10	-1.574808E-10	1.494057E-9	8.240937E-11	3.984280E-11	5.872044E-10	4.046425E-10	-8.062860E-11	9.082023E-10	1.589288E-9	2.437690E-11	4.124994E-11	1.273227E-9	9.420465E-10	1.089827E-9	2.328983E-11	4.900944E-7	5.430611E-7	5.443116E-7	6.000041E-7	5.168762E-7	4.718834E-7	2.885691E-7	2.448447E-7
0:11:11	0	-1.499900E+1	1.524300E+1	1.564100E+1	1.464726E+0	1.699917E+0	4.100000E+2	2.659500E-5	2.598826E-5	7.714542E-10	8.722124E-10	8.981135E-10	3.797491E-12	1.024906E-9	4.881601E-10	5.755743E-10	5.978565E-10	2.200254E-7	-1.420615E-10	3.396640E-7	3.348700E-7	2.016980E-7	1.420553E-7	2.512917E-8	-1.280950E-10	1.369037E-6	1.465544E-6	6.261287E-11	-4.751843E-11	1.408900E-6	1.275887E-6	1.106957E-6	-3.436735E-11	2.294016E-6	2.338986E-6	2.403142E-6	2.411538E-6	2.362570E-6	2.231656E-6	2.082488E-6	1.969156E-6
0:11:24	0	-1.499831E+1	1.524300E+1	1.563700E+1	1.461724E+0	1.696826E+0	4.099801E+2	2.589200E-5	2.564225E-5	4.794706E-10	6.886021E-10	1.110504E-9	-3.600973E-11	9.765658E-10	3.385563E-10	1.983622E-9	1.079414E-9	2.150046E-7	-1.923649E-10	3.082420E-7	2.698572E-7	2.443170E-7	1.550016E-7	1.100904E-8	-6.290851E-11	1.359123E-6	1.444443E-6	5.949460E-10	-5.566827E-11	1.386868E-6	1.278948E-6	1.066469E-6	4.374668E-11	2.261099E-6	2.333007E-6	2.389738E-6	2.379459E-6	2.301577E-6	2.195649E-6	2.068534E-6	1.966953E-6
0:11:38	0	-1.502902E+1	1.522600E+1	1.562300E+1	1.475861E+0	1.709494E+0	4.099602E+2	2.571600E-5	2.556588E-5	5.526241E-10	6.700012E-10	8.963432E-10	-1.401165E-10	5.306042E-10	9.748743E-10	8.523076E-10	-9.366050E-11	2.097980E-7	4.464702E-10	2.877410E-7	2.640122E-7	2.247357E-7	1.361915E-7	1.746249E-8	-1.218296E-10	1.345485E-6	1.421201E-6	-5.028539E-10	-2.088822E-10	1.377044E-6	1.254995E-6	1.067407E-6	7.924683E-11	2.256957E-6	2.301790E-6	2.376947E-6	2.417597E-6	2.346602E-6	2.227893E-6	2.059478E-6	1.968612E-6
0:11:51	0	-1.499869E+1	1.526300E+1	1.566700E+1	1.466918E+0	1.702527E+0	4.099403E+2	2.603000E-5	2.580787E-5	7.428230E-10	6.086512E-10	9.839548E-10	-6.347635E-11	3.919183E-10	8.172248E-10	3.792521E-10	3.267666E-10	2.298249E-7	3.770192E-10	3.222033E-7	2.728040E-7	1.851448E-7	1.549751E-7	1.194165E-8	-1.067671E-10	1.372103E-6	1.429232E-6	2.770330E-10	-2.458697E-10	1.396805E-6	1.283307E-6	1.098293E-6	1.231197E-10	2.307899E-6	2.341724E-6	2.399897E-6	2.399769E-6	2.346268E-6	2.204906E-6	2.074761E-6	1.971404E-6
0:12:05	0	-1.499824E+1	1.523700E+1	1.562900E+1	1.463941E+0	1.699220E+0	4.099205E+2	2.599600E-5	2.575735E-5	5.321913E-10	5.084598E-10	8.087316E-10	7.119721E-11	7.718626E-10	8.580232E-11	1.457887E-10	4.013406E-10	1.781497E-7	6.485670E-10	3.395002E-7	2.749709E-7	2.307361E-7	1.418256E-7	1.392357E-8	7.341407E-11	1.365718E-6	1.425059E-6	7.212437E-11	-1.959058E-10	1.389379E-6	1.282387E-6	1.083423E-6	1.888336E-10	2.306342E-6	2.307197E-6	2.416028E-6	2.384435E-6	2.356957E-6	2.216140E-6	2.070503E-6	1.970562E-6
0:12:18	0	-1.499968E+1	1.526900E+1	1.567100E+1	1.464169E+0	1.700424E+0	4.099006E+2	2.589000E-5	2.564579E-5	6.849305E-10	5.618657E-10	8.324996E-10	-5.531189E-11	1.007166E-9	3.296938E-10	-2.693422E-10	9.185356E-10	2.172817E-7	2.884207E-10	3.173419E-7	2.804862E-7	2.086848E-7	1.241963E-7	9.480350E-9	1.146151E-10	1.347037E-6	1.446469E-6	5.031055E-10	1.152863E-10	1.385435E-6	1.274546E-6	1.084570E-6	1.141180E-10	2.256881E-6	2.342502E-6	2.419096E-6	2.376667E-6	2.326536E-6	2.223153E-6	2.062331E-6	1.937946E-6
0:12:32	0	-1.499740E+1	1.527900E+1	1.568500E+1	1.467095E+0	1.702653E+0	4.098807E+2	2.593100E-5	2.575301E-5	6.702998E-10	5.498851E-10	9.305412E-10	4.746614E-12	1.008813E-9	5.957747E-10	5.268139E-11	5.418634E-10	2.408809E-7	-3.978737E-10	3.024074E-7	2.747827E-7	1.746631E-7	1.379625E-7	2.062900E-8	2.784500E-12	1.374155E-6	1.427344E-6	1.354930E-10	1.488881E-10	1.388546E-6	1.274338E-6	1.076075E-6	-1.233711E-10	2.293354E-6	2.312993E-6	2.403154E-6	2.397483E-6	2.351414E-6	2.226587E-6	2.076436E-6	1.995682E-6
0:12:45	0	-1.499854E+1	1.525500E+1	1.565600E+1	1.464397E+0	1.699486E+0	4.098608E+2	2.587300E-5	2.559601E-5	5.611381E-10	6.665970E-10	1.013158E-9	-9.315792E-11	3.510543E-10	-1.123281E-10	-5.382426E-10	-2.886557E-10	2.051658E-7	4.344637E-10	2.827317E-7	3.104105E-7	2.094292E-7	1.252610E-7	1.112451E-8	-4.215015E-11	1.368435E-6	1.416909E-6	-1.620745E-10	3.805235E-11	1.385145E-6	1.273607E-6	1.074739E-6	-1.854343E-10	2.296299E-6	2.304823E-6	2.390332E-6	2.388899E-6	2.307752E-6	2.209690E-6	2.059766E-6	1.973854E-6
0:12:59	0	-1.499869E+1	1.527000E+1	1.564800E+1	1.463916E+0	1.700031E+0	4.098409E+2	2.586400E-5	2.572772E-5	7.410569E-10	6.376549E-10	8.711852E-10	8.100515E-12	8.521344E-10	9.469027E-10	1.025322E-9	-4.381802E-11	1.995694E-7	2.730642E-10	3.001159E-7	2.836352E-7	2.116825E-7	1.412815E-7	2.159716E-8	1.090451E-10	1.377386E-6	1.430560E-6	-3.802743E-10	-2.108882E-10	1.386249E-6	1.282104E-6	1.077435E-6	2.385593E-10	2.306865E-6	2.333723E-6	2.409645E-6	2.382536E-6	2.327180E-6	2.223179E-6	2.070353E-6	1.957552E-6
0:13:12	0	-1.499854E+1	1.527400E+1	1.563900E+1	1.466411E+0	1.702121E+0	4.098210E+2	2.587400E-5	2.570591E-5	5.979040E-10	5.356988E-10	1.055889E-9	7.531041E-11	7.332160E-10	3.996557E-10	-4.628224E-10	-8.059778E-10	2.360997E-7	-2.707258E-10	3.257254E-7	2.285795E-7	1.885252E-7	1.312965E-7	1.155259E-8	1.473347E-10	1.366985E-6	1.436620E-6	-3.793297E-10	-1.009936E-10	1.403556E-6	1.277657E-6	1.087265E-6	4.223570E-10	2.298915E-6	2.310035E-6	2.424621E-6	2.414058E-6	2.312058E-6	2.206167E-6	2.076417E-6	1.967833E-6
0:13:26	0	-1.499824E+1	1.527300E+1	1.563900E+1	1.463713E+0	1.699220E+0	4.098011E+2	2.595400E-5	2.581101E-5	6.386421E-10	5.942120E-10	8.587324E-10	1.411286E-10	1.200591E-9	7.445608E-10	-2.470389E-9	2.192182E-10	2.385822E-7	-4.364231E-10	3.387819E-7	2.950392E-7	2.119746E-7	1.181753E-7	1.142939E-8	-1.793579E-10	1.370754E-6	1.429446E-6	6.536539E-10	1.104597E-10	1.409449E-6	1.277336E-6	1.062753E-6	2.170948E-10	2.302332E-6	2.312177E-6	2.419999E-6	2.428492E-6	2.324250E-6	2.225694E-6	2.046420E-6	1.985629E-6
0:13:39	0	-1.499808E+1	1.522600E+1	1.561300E+1	1.463282E+0	1.699347E+0	4.097812E+2	2.596200E-5	2.575235E-5	4.980746E-10	3.679780E-10	8.896423E-10	5.727408E-11	5.338357E-10	3.667800E-10	-1.565903E-10	1.458565E-12	1.956434E-7	4.192339E-10	2.994671E-7	2.800612E-7	2.060356E-7	1.371584E-7	2.103187E-8	-1.567642E-10	1.375023E-6	1.426368E-6	3.665426E-10	-1.413657E-10	1.398401E-6	1.268896E-6	1.066662E-6	5.614679E-11	2.294968E-6	2.345021E-6	2.424627E-6	2.403631E-6	2.328986E-6	2.245354E-6	2.057044E-6	1.974867E-6
0:13:53	0	-1.499938E+1	1.524200E+1	1.565900E+1	1.464220E+0	1.699537E+0	4.097614E+2	2.598500E-5	2.579619E-5	5.811916E-10	5.868351E-10	9.689733E-10	1.532794E-10	6.268417E-10	7.816470E-10	9.525528E-10	4.021645E-10	2.013178E-7	-2.814064E-10	3.087643E-7	2.849286E-7	2.008270E-7	1.522272E-7	8.224549E-9	6.582089E-12	1.371001E-6	1.436400E-6	2.909537E-10	1.991024E-10	1.407398E-6	1.297655E-6	1.080726E-6	-2.383079E-10	2.310970E-6	2.323713E-6	2.434085E-6	2.394115E-6	2.321712E-6	2.218497E-6	2.060180E-6	1.978418E-6
0:14:06	0	-1.499839E+1	1.525700E+1	1.568300E+1	1.463105E+0	1.699397E+0	4.097415E+2	2.589000E-5	2.588621E-5	6.057868E-10	5.708192E-10	1.041414E-9	1.414453E-10	1.342511E-10	-8.209301E-11	-6.045685E-10	2.957573E-10	2.423884E-7	-3.557228E-10	3.446493E-7	2.768144E-7	2.044430E-7	1.424416E-7	2.497480E-8	1.065134E-10	1.381940E-6	1.451705E-6	5.133728E-11	1.340937E-10	1.405688E-6	1.255423E-6	1.083353E-6	-3.013150E-10	2.287175E-6	2.352462E-6	2.410863E-6	2.409550E-6	2.338842E-6	2.237422E-6	2.069280E-6	1.965054E-6
0:14:20	0	-1.499953E+1	1.524500E+1	1.566300E+1	1.466449E+0	1.702184E+0	4.097216E+2	2.598600E-5	2.583720E-5	4.790923E-10	7.729677E-10	1.055005E-9	6.455036E-12	1.136475E-9	4.031129E-10	-2.130610E-10	-1.020949E-9	2.202118E-7	6.474926E-10	3.098570E-7	2.660104E-7	2.063815E-7	1.389754E-7	2.070584E-8	-8.733757E-11	1.360460E-6	1.436752E-6	-3.640854E-10	1.588560E-10	1.410206E-6	1.287974E-6	1.098833E-6	-5.690199E-11	2.317224E-6	2.331048E-6	2.416634E-6	2.404688E-6	2.334353E-6	2.216684E-6	2.080205E-6	1.977082E-6
0:14:33	0	-1.499846E+1	1.522300E+1	1.563700E+1	1.464878E+0	1.701234E+0	4.097017E+2	2.609400E-5	2.584366E-5	6.631736E-10	6.192441E-10	9.372411E-10	-3.961739E-11	1.214530E-9	8.817179E-10	1.209642E-9	-8.148543E-11	2.238874E-7	3.802425E-10	3.220857E-7	2.681874E-7	2.478930E-7	1.492243E-7	2.052518E-8	-1.028426E-10	1.374263E-6	1.444342E-6	-5.069479E-10	-7.140383E-11	1.395341E-6	1.269727E-6	1.094607E-6	-4.462808E-11	2.305119E-6	2.329842E-6	2.425909E-6	2.436488E-6	2.306584E-6	2.201377E-6	2.064696E-6	1.958508E-6
0:14:47	0	-1.499930E+1	1.521400E+1	1.562200E+1	1.465474E+0	1.700487E+0	4.096818E+2	2.597400E-5	2.589627E-5	7.324802E-10	5.751701E-10	1.060630E-9	-2.170694E-11	8.425678E-10	7.517264E-10	4.181634E-10	9.877829E-10	2.007441E-7	-6.676517E-10	3.322062E-7	3.057320E-7	2.073216E-7	1.073421E-7	1.861200E-8	-7.493271E-11	1.365211E-6	1.441378E-6	7.706270E-10	-8.864367E-11	1.404376E-6	1.294147E-6	1.096805E-6	3.515445E-10	2.328011E-6	2.334791E-6	2.426389E-6	2.432272E-6	2.327913E-6	2.209626E-6	2.065097E-6	1.992662E-6
0:15:00	0	-1.499869E+1	1.523500E+1	1.562100E+1	1.462852E+0	1.698903E+0	4.096619E+2	2.614000E-5	2.598852E-5	5.168040E-10	6.249816E-10	1.048431E-9	-1.599882E-10	5.790715E-10	9.892065E-10	8.849635E-11	1.582148E-10	1.958855E-7	1.196906E-10	3.607202E-7	2.952141E-7	2.120867E-7	1.544632E-7	8.519482E-9	-4.259275E-11	1.362569E-6	1.446406E-6	3.689988E-10	3.140779E-11	1.399448E-6	1.286551E-6	1.083467E-6	4.343795E-10	2.318586E-6	2.352783E-6	2.425940E-6	2.426124E-6	2.358877E-6	2.250144E-6	2.066978E-6	1.979000E-6
0:15:14	0	-1.499976E+1	1.520800E+1	1.561700E+1	1.464891E+0	1.701082E+0	4.096420E+2	2.614500E-5	2.587664E-5	5.566601E-10	6.504557E-10	1.035030E-9	5.980574E-11	2.217451E-10	7.701439E-10	3.404685E-10	2.232095E-11	2.008151E-7	-1.433255E-10	3.364416E-7	2.843728E-7	2.055446E-7	1.347317E-7	3.017252E-8	-1.006296E-11	1.378685E-6	1.429748E-6	5.866318E-10	3.978287E-10	1.398224E-6	1.276341E-6	1.099749E-6	4.574795E-10	2.286274E-6	2.322112E-6	2.429830E-6	2.412595E-6	2.365967E-6	2.240894E-6	2.062538E-6	1.976664E-6
0:15:27	0	-1.499884E+1	1.523600E+1	1.562500E+1	1.466880E+0	1.701652E+0	4.096222E+2	2.609400E-5	2.594123E-5	6.427418E-10	4.860127E-10	1.015308E-9	-8.176645E-11	9.723841E-10	-8.137050E-10	3.558182E-10	2.847876E-10	2.221371E-7	7.340060E-10	3.054382E-7	2.906397E-7	2.300108E-7	1.569613E-7	1.818974E-8	-1.455593E-11	1.392716E-6	1.437740E-6	-1.259914E-12	5.291009E-11	1.396451E-6	1.292150E-6	1.099399E-6	2.352861E-10	2.283853E-6	2.331224E-6	2.432772E-6	2.409575E-6	2.330381E-6	2.251082E-6	2.083843E-6	1.972803E-6
0:15:41	0	-1.499816E+1	1.523100E+1	1.561900E+1	1.463029E+0	1.698954E+0	4.096023E+2	2.612300E-5	2.601166E-5	6.469669E-10	6.804051E-10	1.089202E-9	1.651774E-11	7.349263E-10	3.269907E-10	-2.437604E-10	-4.207445E-10	2.335810E-7	-2.932862E-10	3.289548E-7	2.786295E-7	2.159206E-7	1.418029E-7	2.603544E-8	-1.618906E-10	1.392335E-6	1.455632E-6	1.220754E-10	1.150359E-10	1.413032E-6	1.271283E-6	1.097407E-6	3.505995E-11	2.306493E-6	2.343400E-6	2.431452E-6	2.423180E-6	2.355922E-6	2.243840E-6	2.065624E-6	1.984483E-6
0:15:54	0	-1.499938E+1	1.521300E+1	1.563000E+1	1.464802E+0	1.700943E+0	4.095824E+2	2.617400E-5	2.608229E-5	6.594532E-10	3.353789E-10	9.486830E-10	-1.319521E-10	1.213706E-9	-7.763053E-11	5.674891E-10	-1.506122E-9	2.561101E-7	3.711422E-10	3.217588E-7	2.852968E-7	2.129026E-7	1.517570E-7	1.833581E-8	7.854047E-11	1.388034E-6	1.436998E-6	-1.914911E-10	7.685784E-11	1.414023E-6	1.295495E-6	1.111507E-6	-4.915925E-11	2.306455E-6	2.353649E-6	2.418156E-6	2.446453E-6	2.350965E-6	2.235597E-6	2.085969E-6	1.990535E-6
0:16:08	0	-1.499862E+1	1.520800E+1	1.561900E+1	1.466867E+0	1.701450E+0	4.095625E+2	2.621000E-5	2.598786E-5	4.983892E-10	5.041717E-10	6.910314E-10	7.170375E-11	1.036310E-9	-5.136182E-10	1.437674E-10	4.777526E-10	2.230519E-7	1.873090E-10	3.121574E-7	2.690039E-7	1.912764E-7	1.462479E-7	2.298636E-8	-9.993226E-11	1.363969E-6	1.451586E-6	4.850720E-12	2.808501E-10	1.411543E-6	1.277594E-6	1.098921E-6	2.564982E-10	2.316543E-6	2.366787E-6	2.434445E-6	2.433785E-6	2.333759E-6	2.245962E-6	2.090491E-6	1.994207E-6
0:16:21	0	-1.499976E+1	1.522600E+1	1.563700E+1	1.462700E+0	1.698726E+0	4.095426E+2	2.620400E-5	2.604662E-5	5.234891E-10	4.854454E-10	9.429301E-10	1.759364E-10	6.983700E-10	1.240704E-9	6.707668E-10	-1.022408E-9	2.368154E-7	-4.251109E-10	3.293481E-7	2.938942E-7	2.176792E-7	1.223654E-7	1.117000E-8	-2.259371E-11	1.375416E-6	1.464814E-6	1.033046E-9	4.519966E-11	1.412326E-6	1.292106E-6	1.122335E-6	1.845529E-10	2.303454E-6	2.347175E-6	2.426193E-6	2.440084E-6	2.344853E-6	2.210304E-6	2.100042E-6	1.991713E-6
0:16:35	0	-1.499953E+1	1.522200E+1	1.561100E+1	1.464891E+0	1.700918E+0	4.095227E+2	2.618900E-5	2.596371E-5	6.102638E-10	5.946529E-10	9.855983E-10	1.435963E-10	7.311886E-10	1.292373E-10	1.003465E-9	8.770010E-11	2.064464E-7	-4.678933E-10	3.208286E-7	2.751989E-7	1.939859E-7	1.376216E-7	1.693990E-8	-3.404942E-11	1.384829E-6	1.448640E-6	5.864419E-11	1.709545E-10	1.414067E-6	1.293637E-6	1.111105E-6	9.441632E-11	2.314500E-6	2.348217E-6	2.430316E-6	2.415280E-6	2.351104E-6	2.231352E-6	2.078913E-6	1.986616E-6
0:16:48	0	-1.499915E+1	1.522900E+1	1.562500E+1	1.466196E+0	1.701222E+0	4.095028E+2	2.624800E-5	2.596986E-5	5.132728E-10	5.770614E-10	1.024726E-9	-7.360199E-11	7.835206E-10	8.292309E-10	-3.139384E-10	-7.230969E-10	2.257233E-7	-3.914908E-10	3.301347E-7	2.659138E-7	2.032222E-7	1.173397E-7	1.433455E-8	-1.885347E-10	1.383607E-6	1.435317E-6	1.002184E-10	1.774160E-11	1.418843E-6	1.289965E-6	1.083185E-6	7.490346E-11	2.316184E-6	2.333051E-6	2.432828E-6	2.430189E-6	2.347587E-6	2.257297E-6	2.084903E-6	1.998005E-6
0:17:02	0	-1.499945E+1	1.524800E+1	1.564200E+1	1.462700E+0	1.698181E+0	4.094829E+2	2.611400E-5	2.590294E-5	5.928585E-10	4.681056E-10	9.855354E-10	7.220928E-11	7.311256E-10	-1.716027E-11	2.114824E-10	1.300281E-9	2.160944E-7	4.139265E-11	2.925936E-7	2.886200E-7	2.033059E-7	1.471119E-7	1.496514E-8	1.649918E-10	1.387756E-6	1.449798E-6	-4.976890E-10	-5.673413E-11	1.401922E-6	1.298984E-6	1.089440E-6	2.663803E-10	2.296828E-6	2.349134E-6	2.415895E-6	2.430075E-6	2.333974E-6	2.234114E-6	2.069688E-6	1.978374E-6
0:17:15	0	-1.499884E+1	1.525100E+1	1.563700E+1	1.463510E+0	1.699993E+0	4.094631E+2	2.606900E-5	2.590744E-5	4.951735E-10	5.633160E-10	9.580383E-10	-6.980450E-11	6.227870E-10	5.438533E-10	7.929940E-10	5.809253E-10	2.172722E-7	4.326939E-10	3.034742E-7	2.803669E-7	2.054585E-7	1.460194E-7	2.814943E-8	-2.070780E-10	1.355259E-6	1.448401E-6	2.036487E-10	-2.156564E-11	1.394723E-6	1.296893E-6	1.091468E-6	4.248769E-11	2.311291E-6	2.363936E-6	2.429552E-6	2.432835E-6	2.340964E-6	2.216336E-6	2.067418E-6	1.972689E-6
0:17:29	0	-1.499930E+1	1.523400E+1	1.564800E+1	1.462674E+0	1.699474E+0	4.094432E+2	2.606000E-5	2.591986E-5	5.777868E-10	4.109800E-10	9.750415E-10	-9.999261E-11	9.942418E-10	1.233978E-9	-4.851215E-11	6.114901E-10	2.037319E-7	8.200775E-10	3.314620E-7	2.692187E-7	2.232337E-7	1.434835E-7	2.108382E-8	3.233996E-11	1.382251E-6	1.432227E-6	-1.868303E-10	6.833193E-11	1.408099E-6	1.289814E-6	1.110508E-6	1.484227E-10	2.306071E-6	2.344738E-6	2.420934E-6	2.441565E-6	2.327243E-6	2.246362E-6	2.044520E-6	1.967783E-6
0:17:42	0	-1.499900E+1	1.528800E+1	1.564700E+1	1.466462E+0	1.702590E+0	4.094233E+2	2.614800E-5	2.582220E-5	5.539482E-10	4.184833E-10	8.158746E-10	-1.360643E-11	5.957343E-10	-3.205803E-11	2.479296E-10	-2.790164E-10	2.245797E-7	9.611962E-11	3.172793E-7	2.724201E-7	1.794136E-7	1.243137E-7	1.829971E-8	4.202326E-11	1.381693E-6	1.432366E-6	-3.969038E-10	7.936563E-11	1.422553E-6	1.289051E-6	1.074568E-6	-1.348272E-10	2.312105E-6	2.306550E-6	2.407839E-6	2.427517E-6	2.323688E-6	2.238030E-6	2.083328E-6	1.984616E-6
0:17:56	0	-1.499862E+1	1.526100E+1	1.566900E+1	1.465259E+0	1.700538E+0	4.094034E+2	2.611800E-5	2.591336E-5	6.650024E-10	7.180479E-10	1.034777E-9	9.683053E-12	6.284890E-10	-3.837517E-10	7.426500E-10	1.734341E-10	2.139802E-7	-5.700795E-10	3.454531E-7	2.936415E-7	2.177983E-7	1.179607E-7	2.684073E-8	-1.094917E-11	1.372869E-6	1.439257E-6	3.136958E-11	-2.782800E-10	1.420944E-6	1.279181E-6	1.107275E-6	-2.198652E-10	2.286179E-6	2.341441E-6	2.425669E-6	2.406574E-6	2.324415E-6	2.238613E-6	2.076856E-6	1.975873E-6
0:18:25	1	-1.499892E+1	1.527500E+1	1.566500E+1	1.463320E+0	1.700411E+0	0.000000E+0	3.756200E-10	1.583907E-9	8.097353E-11	6.513356E-11	2.187096E-11	-1.341660E-11	-7.729328E-12	5.801823E-11	6.253459E-11	6.981791E-11	3.562413E-11	-1.624141E-11	4.647147E-11	8.941862E-11	8.506945E-11	5.073721E-11	3.578961E-11	-1.424021E-11	8.178613E-11	3.713389E-11	-1.719629E-11	-1.623633E-11	4.164625E-11	5.562251E-11	5.629818E-11	-1.605088E-11	8.959905E-11	9.025093E-11	8.991402E-11	9.212324E-11	8.897371E-11	8.718979E-11	8.862472E-11	8.439630E-11
0:18:38	1	-1.509788E+1	1.524000E+1	1.565400E+1	1.460141E+0	1.696484E+0	0.000000E+0	1.821100E-9	1.714010E-9	8.646004E-11	7.099742E-11	4.867354E-11	-1.468243E-11	4.346247E-11	7.172124E-11	7.737871E-11	7.793462E-11	6.154969E-11	-1.573561E-11	6.316439E-11	8.209335E-11	7.898863E-11	6.058200E-11	5.111844E-11	-1.278452E-11	7.203016E-11	4.682748E-11	-1.505433E-11	-1.673809E-11	5.199406E-11	5.902347E-11	6.053152E-11	-1.567329E-11	8.096096E-11	8.070403E-11	8.296834E-11	8.186611E-11	7.899603E-11	7.863516E-11	7.915389E-11	7.686211E-11
0:18:52	1	-1.499900E+1	1.524800E+1	1.563400E+1	1.450488E+0	1.687642E+0	1.000000E+1	2.484900E-9	2.202489E-9	9.793781E-11	8.335623E-11	7.952061E-11	-1.316384E-11	7.596305E-11	8.335029E-11	8.679116E-11	8.002687E-11	9.260973E-11	-1.478786E-11	9.092071E-11	8.127289E-11	9.292421E-11	8.904342E-11	1.054678E-10	-1.278452E-11	8.444739E-11	7.546409E-11	-1.518062E-11	-1.655005E-11	8.373378E-11	8.736973E-11	8.688015E-11	-1.391050E-11	9.243694E-11	9.125530E-11	9.269209E-11	9.250306E-11	9.238401E-11	9.010369E-11	9.050700E-11	8.990451E-11
0:19:06	1	-1.499892E+1	1.524500E+1	1.564600E+1	1.452071E+0	1.687617E+0	2.000000E+1	2.684400E-9	2.368470E-9	9.945105E-11	8.367177E-11	9.355307E-11	-1.253042E-11	9.452724E-11	8.416796E-11	8.773849E-11	8.668501E-11	1.068084E-10	-1.377627E-11	1.026179E-10	8.897699E-11	9.761107E-11	9.989739E-11	1.116758E-10	-1.139177E-11	8.229318E-11	8.849319E-11	-1.707000E-11	-1.479440E-11	1.019690E-10	1.018586E-10	9.983352E-11	-1.479189E-11	9.306703E-11	9.307663E-11	9.332406E-11	9.484595E-11	9.124658E-11	9.168818E-11	9.257642E-11	9.117087E-11
0:19:20	1	-1.498653E+1	1.526300E+1	1.565400E+1	1.454833E+0	1.690492E+0	3.000000E+1	2.877000E-9	2.508751E-9	1.018474E-10	8.499564E-11	1.116320E-10	-1.189801E-11	1.090347E-10	8.498464E-11	9.001208E-11	8.541765E-11	1.202465E-10	-1.440876E-11	1.173495E-10	9.952228E-11	1.033759E-10	1.142222E-10	1.044549E-10	-1.544213E-11	8.691764E-11	1.022764E-10	-1.373177E-11	-1.404226E-11	1.066388E-10	1.119372E-10	1.120278E-10	-1.353290E-11	9.439091E-11	9.238558E-11	9.332406E-11	9.351558E-11	9.453027E-11	9.206829E-11	9.238829E-11	9.231029E-11
0:19:33	1	-1.499930E+1	1.525500E+1	1.564400E+1	1.456796E+0	1.691898E+0	4.000000E+1	3.046700E-9	2.637158E-9	9.932461E-11	8.613039E-11	1.235789E-10	-1.240454E-11	1.214529E-10	8.586484E-11	8.780131E-11	8.700235E-11	1.320364E-10	-1.510311E-11	1.261381E-10	8.550377E-11	1.067958E-10	1.247614E-10	1.409404E-10	-1.335401E-11	8.539749E-11	1.145504E-10	-1.600002E-11	-1.473205E-11	1.258213E-10	1.241577E-10	1.227069E-10	-1.485450E-11	9.621947E-11	9.383015E-11	9.370284E-11	9.421225E-11	9.175199E-11	9.143510E-11	9.163577E-11	9.085403E-11
0:19:47	1	-1.499854E+1	1.524000E+1	1.563800E+1	1.456087E+0	1.692544E+0	5.000000E+1	3.168300E-9	2.768900E-9	1.017846E-10	8.802164E-11	1.366643E-10	-1.278419E-11	1.334909E-10	8.756171E-11	9.013872E-11	9.562661E-11	1.430029E-10	-1.213317E-11	1.378982E-10	9.352389E-11	1.159805E-10	1.332174E-10	1.303626E-10	-1.126488E-11	8.546049E-11	1.254383E-10	-1.461381E-11	-1.554753E-11	1.352228E-10	1.365672E-10	1.328164E-10	-1.403670E-11	9.476917E-11	9.332748E-11	9.408162E-11	9.408531E-11	9.269902E-11	9.454005E-11	9.132190E-11	9.167661E-11
0:20:01	1	-1.499915E+1	1.522000E+1	1.562000E+1	1.453566E+0	1.689162E+0	6.000000E+1	3.342100E-9	2.893553E-9	1.016582E-10	8.751797E-11	1.467780E-10	-1.284713E-11	1.454650E-10	8.888249E-11	9.096040E-11	8.903153E-11	1.546658E-10	-1.409252E-11	1.492162E-10	8.777672E-11	1.182615E-10	1.459015E-10	1.532933E-10	-1.297435E-11	8.723467E-11	1.362010E-10	-1.543221E-11	-1.416794E-11	1.491676E-10	1.470237E-10	1.436212E-10	-1.416290E-11	9.527383E-11	9.414445E-11	9.452320E-11	9.617532E-11	9.415146E-11	9.346272E-11	9.320319E-11	9.363962E-11
0:20:15	1	-1.499922E+1	1.522000E+1	1.561900E+1	1.456746E+0	1.691949E+0	7.000000E+1	3.442000E-9	3.012736E-9	1.020992E-10	8.915738E-11	1.563858E-10	-1.386019E-11	1.535744E-10	8.567629E-11	9.096040E-11	9.480272E-11	1.657593E-10	-1.428207E-11	1.593323E-10	1.006598E-10	1.237723E-10	1.551157E-10	1.590573E-10	-1.335401E-11	8.685463E-11	1.475301E-10	-1.329125E-11	-1.441833E-11	1.573080E-10	1.560949E-10	1.530355E-10	-1.605088E-11	9.584121E-11	9.521227E-11	9.622872E-11	9.554162E-11	9.629872E-11	9.434899E-11	9.376857E-11	9.357665E-11
0:20:28	1	-1.499877E+1	1.522000E+1	1.563500E+1	1.454656E+0	1.691379E+0	8.000000E+1	3.568900E-9	3.128868E-9	1.038653E-10	8.852630E-11	1.647302E-10	-1.215077E-11	1.639012E-10	8.894501E-11	9.336063E-11	1.007631E-10	1.759642E-10	-1.282852E-11	1.698278E-10	9.838581E-11	1.257362E-10	1.652125E-10	1.613372E-10	-1.196126E-11	8.812176E-11	1.587965E-10	-1.574744E-11	-1.586026E-11	1.709371E-10	1.653540E-10	1.620079E-10	-1.529569E-11	9.766977E-11	9.565149E-11	9.565955E-11	9.636523E-11	9.509849E-11	9.479313E-11	9.502210E-11	9.667908E-11
0:20:42	1	-1.499930E+1	1.523800E+1	1.561900E+1	1.450133E+0	1.686768E+0	9.000000E+1	3.706900E-9	3.246005E-9	1.056315E-10	9.130046E-11	1.760444E-10	-1.202489E-11	1.735948E-10	9.171062E-11	9.140215E-11	1.003827E-10	1.847752E-10	-1.358672E-11	1.789328E-10	8.733509E-11	1.277632E-10	1.755614E-10	1.819880E-10	-1.234092E-11	9.002195E-11	1.698742E-10	-1.474010E-11	-1.623633E-11	1.850084E-10	1.739837E-10	1.699698E-10	-1.479189E-11	9.748064E-11	9.715853E-11	9.723848E-11	9.801144E-11	9.573050E-11	9.663069E-11	9.627663E-11	9.591847E-11
0:20:56	1	-1.499907E+1	1.523300E+1	1.563700E+1	1.451704E+0	1.688161E+0	1.000000E+2	3.863700E-9	3.397793E-9	1.075230E-10	9.432745E-11	1.856532E-10	-1.278419E-11	1.844917E-10	9.303041E-11	9.595032E-11	9.347029E-11	1.952973E-10	-1.270182E-11	1.877215E-10	1.083001E-10	1.502495E-10	1.846490E-10	1.876249E-10	-1.430316E-11	9.166911E-11	1.811396E-10	-1.385806E-11	-1.548419E-11	1.910031E-10	1.829922E-10	1.764775E-10	-1.384790E-11	1.006331E-10	9.942009E-11	9.818543E-11	9.826432E-11	9.863538E-11	9.840524E-11	9.840942E-11	9.724879E-11
0:21:10	1	-1.499854E+1	1.523200E+1	1.564700E+1	1.451172E+0	1.687705E+0	1.200000E+2	4.296000E-9	3.731961E-9	1.145228E-10	9.937111E-11	2.101157E-10	-1.341660E-11	2.088839E-10	1.012022E-10	1.004347E-10	9.017276E-11	2.167228E-10	-1.586231E-11	2.077013E-10	1.051428E-10	1.550003E-10	2.100181E-10	2.240485E-10	-1.177143E-11	9.984092E-11	2.071343E-10	-1.518062E-11	-1.548419E-11	2.214170E-10	2.039688E-10	1.985927E-10	-1.460310E-11	1.071908E-10	1.063911E-10	1.055099E-10	1.060526E-10	1.055816E-10	1.053114E-10	1.040543E-10	1.038964E-10
0:21:24	1	-1.499801E+1	1.524600E+1	1.563700E+1	1.451666E+0	1.688301E+0	1.400000E+2	4.785900E-9	4.230957E-9	1.262524E-10	1.139994E-10	2.422910E-10	-1.183407E-11	2.383439E-10	1.114480E-10	1.118684E-10	1.119241E-10	2.449309E-10	-1.421922E-11	2.362162E-10	1.286978E-10	1.712789E-10	2.372801E-10	2.401374E-10	-1.417627E-11	1.095979E-10	2.362756E-10	-1.511798E-11	-1.485774E-11	2.547336E-10	2.308661E-10	2.219080E-10	-1.284031E-11	1.203062E-10	1.184495E-10	1.184543E-10	1.172593E-10	1.176417E-10	1.172870E-10	1.188561E-10	1.176984E-10
0:21:38	1	-1.496730E+1	1.525000E+1	1.563300E+1	1.466513E+0	1.701982E+0	1.600000E+2	5.490800E-9	4.929344E-9	1.458659E-10	1.341770E-10	2.780058E-10	-1.253042E-11	2.757244E-10	1.309342E-10	1.311969E-10	1.225775E-10	2.848009E-10	-1.396582E-11	2.759232E-10	1.493477E-10	2.062448E-10	2.729981E-10	2.776369E-10	-1.310024E-11	1.305670E-10	2.749834E-10	-1.486540E-11	-1.529616E-11	2.918365E-10	2.626144E-10	2.522376E-10	-1.246271E-11	1.410503E-10	1.394271E-10	1.394169E-10	1.409391E-10	1.394911E-10	1.373742E-10	1.385512E-10	1.376424E-10
0:21:52	1	-1.499953E+1	1.524900E+1	1.562900E+1	1.455821E+0	1.691455E+0	1.800000E+2	6.512300E-9	5.954207E-9	1.756310E-10	1.628025E-10	3.260467E-10	-1.246748E-11	3.248248E-10	1.621121E-10	1.626542E-10	1.537760E-10	3.365890E-10	-1.181692E-11	3.253033E-10	1.709447E-10	2.600862E-10	3.195700E-10	3.403483E-10	-1.025279E-11	1.612290E-10	3.255240E-10	-1.581108E-11	-1.466970E-11	3.479326E-10	3.067711E-10	2.923605E-10	-1.548449E-11	1.727041E-10	1.742833E-10	1.726930E-10	1.732297E-10	1.714428E-10	1.717178E-10	1.715422E-10	1.725907E-10
0:22:06	1	-1.499846E+1	1.523200E+1	1.564300E+1	1.455922E+0	1.691847E+0	2.000000E+2	7.914600E-9	7.311986E-9	2.202170E-10	2.082014E-10	3.895739E-10	-1.347954E-11	3.872305E-10	2.072450E-10	2.086394E-10	1.962626E-10	3.994066E-10	-1.377627E-11	3.882780E-10	2.263259E-10	3.079738E-10	3.810357E-10	3.889967E-10	-1.316418E-11	2.074746E-10	3.874562E-10	-1.505433E-11	-1.742788E-11	4.064892E-10	3.647872E-10	3.485320E-10	-1.246271E-11	2.239036E-10	2.227684E-10	2.209967E-10	2.216647E-10	2.224029E-10	2.205078E-10	2.206528E-10	2.203285E-10
0:22:20	1	-1.499816E+1	1.526600E+1	1.565700E+1	1.455580E+0	1.691024E+0	2.200000E+2	9.673000E-9	9.226784E-9	2.837215E-10	2.709391E-10	4.713708E-10	-1.291007E-11	4.696557E-10	2.702298E-10	2.716168E-10	2.734364E-10	4.873892E-10	-1.421922E-11	4.702833E-10	2.828446E-10	3.846815E-10	4.592879E-10	4.814157E-10	-1.322712E-11	2.684187E-10	4.685222E-10	-1.398435E-11	-1.441833E-11	4.986771E-10	4.415742E-10	4.222703E-10	-1.347030E-11	2.942078E-10	2.914141E-10	2.919048E-10	2.943502E-10	2.911062E-10	2.896380E-10	2.902111E-10	2.898463E-10
0:22:34	1	-1.499824E+1	1.523400E+1	1.562800E+1	1.455264E+0	1.691037E+0	2.400000E+2	1.240000E-8	1.182461E-8	3.751643E-10	3.612939E-10	5.798414E-10	-1.303695E-11	5.797046E-10	3.604311E-10	3.608082E-10	3.545414E-10	5.995221E-10	-1.219702E-11	5.847881E-10	3.946179E-10	4.734888E-10	5.687770E-10	5.745947E-10	-1.291041E-11	3.623690E-10	5.784146E-10	-1.392071E-11	-1.548419E-11	5.998900E-10	5.465195E-10	5.262105E-10	-1.334410E-11	3.955346E-10	3.922163E-10	3.890805E-10	3.901457E-10	3.908142E-10	3.889935E-10	3.888711E-10	3.888672E-10
0:22:48	1	-1.499945E+1	1.523300E+1	1.563400E+1	1.455213E+0	1.690733E+0	2.600000E+2	1.614200E-8	1.559856E-8	5.048225E-10	4.930750E-10	7.297169E-10	-1.088494E-11	7.260567E-10	4.909257E-10	4.925106E-10	4.824457E-10	7.577373E-10	-1.364957E-11	7.415912E-10	5.229997E-10	6.247513E-10	7.189703E-10	7.403669E-10	-1.164454E-11	4.979405E-10	7.284624E-10	-1.461381E-11	-1.297640E-11	7.559987E-10	6.966299E-10	6.710955E-10	-1.353290E-11	5.448458E-10	5.379234E-10	5.350015E-10	5.391889E-10	5.388306E-10	5.348584E-10	5.354505E-10	5.336640E-10
0:23:02	1	-1.499892E+1	1.522000E+1	1.563700E+1	1.456252E+0	1.691620E+0	2.800000E+2	2.152700E-8	2.108590E-8	6.980479E-10	6.803424E-10	9.379995E-10	-1.366937E-11	9.366509E-10	6.821416E-10	6.834001E-10	6.788985E-10	9.788981E-10	-1.421922E-11	9.626965E-10	7.420631E-10	8.522794E-10	9.353613E-10	9.388237E-10	-1.379661E-11	6.983194E-10	9.409472E-10	-1.329125E-11	-1.535850E-11	9.675720E-10	9.113067E-10	8.819454E-10	-1.265151E-11	7.679292E-10	7.594356E-10	7.554300E-10	7.606637E-10	7.587064E-10	7.534015E-10	7.535319E-10	7.520934E-10
0:23:16	1	-1.499816E+1	1.522100E+1	1.562400E+1	1.455036E+0	1.690631E+0	3.000000E+2	2.984900E-8	2.930799E-8	9.911037E-10	9.724037E-10	1.247800E-9	-1.145442E-11	1.245447E-9	9.737431E-10	9.733980E-10	9.581691E-10	1.313775E-9	-1.339717E-11	1.294449E-9	1.052315E-9	1.162850E-9	1.261306E-9	1.275181E-9	-1.227797E-11	1.000124E-9	1.255581E-9	-1.474010E-11	-1.466970E-11	1.283324E-9	1.228346E-9	1.195599E-9	-1.315531E-11	1.099213E-9	1.090354E-9	1.085220E-9	1.088698E-9	1.092247E-9	1.083657E-9	1.083195E-9	1.080180E-9
0:23:30	1	-1.499862E+1	1.523200E+1	1.562900E+1	1.454770E+0	1.690049E+0	3.200000E+2	4.302000E-8	4.241428E-8	1.457646E-9	1.433006E-9	1.731687E-9	-1.177112E-11	1.726444E-9	1.437766E-9	1.438368E-9	1.426600E-9	1.835393E-9	-1.434492E-11	1.811584E-9	1.544813E-9	1.668327E-9	1.774992E-9	1.793146E-9	-1.018985E-11	1.484255E-9	1.749594E-9	-1.366912E-11	-1.510812E-11	1.787364E-9	1.725101E-9	1.687121E-9	-1.321791E-11	1.644310E-9	1.623190E-9	1.618643E-9	1.626683E-9	1.627605E-9	1.611228E-9	1.614568E-9	1.613148E-9
0:23:44	1	-1.499824E+1	1.523700E+1	1.562600E+1	1.454757E+0	1.690530E+0	3.400000E+2	6.539300E-8	6.484835E-8	2.259688E-9	2.226468E-9	2.542759E-9	-1.297401E-11	2.534865E-9	2.227461E-9	2.227953E-9	2.213239E-9	2.723649E-9	-1.415537E-11	2.692213E-9	2.423344E-9	2.548860E-9	2.642200E-9	2.639490E-9	-1.291041E-11	2.323596E-9	2.589022E-9	-1.341655E-11	-1.485774E-11	2.629432E-9	2.577449E-9	2.529009E-9	-1.240011E-11	2.583053E-9	2.551886E-9	2.542916E-9	2.554943E-9	2.554915E-9	2.530267E-9	2.532432E-9	2.527956E-9
0:23:58	1	-1.499854E+1	1.524000E+1	1.562500E+1	1.454757E+0	1.690593E+0	3.600000E+2	1.085600E-7	1.077849E-7	3.780965E-9	3.731544E-9	4.064962E-9	-1.392314E-11	4.049701E-9	3.724125E-9	3.712812E-9	3.693613E-9	4.400828E-9	-1.282852E-11	4.359135E-9	4.057575E-9	4.196411E-9	4.281136E-9	4.266486E-9	-1.234092E-11	3.941331E-9	4.202291E-9	-1.297602E-11	-1.473205E-11	4.258418E-9	4.206175E-9	4.128428E-9	-1.271511E-11	4.415076E-9	4.361106E-9	4.346630E-9	4.363278E-9	4.369498E-9	4.322591E-9	4.319296E-9	4.311037E-9
0:24:11	1	-1.499869E+1	1.528100E+1	1.565000E+1	1.455479E+0	1.692202E+0	3.620000E+2	1.144500E-7	1.142057E-7	4.008181E-9	3.952355E-9	4.286269E-9	-1.309990E-11	4.268723E-9	3.945576E-9	3.935980E-9	3.939972E-9	4.645252E-9	-1.371342E-11	4.604962E-9	4.295776E-9	4.437558E-9	4.520940E-9	4.499530E-9	-1.335401E-11	4.186879E-9	4.439322E-9	-1.310231E-11	-1.479440E-11	4.503308E-9	4.448191E-9	4.368599E-9	-1.384790E-11	4.693962E-9	4.635815E-9	4.623444E-9	4.641357E-9	4.644313E-9	4.596579E-9	4.587868E-9	4.576887E-9
0:24:25	1	-1.499915E+1	1.526200E+1	1.564800E+1	1.456619E+0	1.692392E+0	3.640000E+2	1.213500E-7	1.210457E-7	4.246437E-9	4.188807E-9	4.522302E-9	-1.297401E-11	4.502189E-9	4.177840E-9	4.172665E-9	4.158556E-9	4.910529E-9	-1.358672E-11	4.862359E-9	4.573316E-9	4.711263E-9	4.783273E-9	4.751449E-9	-1.360678E-11	4.445038E-9	4.698130E-9	-1.284973E-11	-1.523381E-11	4.752300E-9	4.714962E-9	4.622289E-9	-1.340671E-11	4.989242E-9	4.930306E-9	4.912382E-9	4.933365E-9	4.936745E-9	4.885520E-9	4.875068E-9	4.871039E-9
0:24:38	1	-1.499824E+1	1.526700E+1	1.567300E+1	1.450171E+0	1.687135E+0	3.660000E+2	1.288600E-7	1.288427E-7	4.518555E-9	4.459934E-9	4.794176E-9	-1.411296E-11	4.770311E-9	4.448824E-9	4.434051E-9	4.421976E-9	5.208896E-9	-1.339717E-11	5.161740E-9	4.857612E-9	5.003274E-9	5.073625E-9	5.055944E-9	-1.170849E-11	4.741964E-9	4.988910E-9	-1.423594E-11	-1.492009E-11	5.053980E-9	5.010207E-9	4.915914E-9	-1.391050E-11	5.329164E-9	5.267569E-9	5.248487E-9	5.268491E-9	5.272054E-9	5.213811E-9	5.209373E-9	5.196150E-9
0:24:52	1	-1.499869E+1	1.528500E+1	1.569000E+1	1.455644E+0	1.691493E+0	3.680000E+2	1.372400E-7	1.370833E-7	4.810412E-9	4.746638E-9	5.084887E-9	-1.208783E-11	5.055539E-9	4.734139E-9	4.716722E-9	4.703339E-9	5.531794E-9	-1.472402E-11	5.478130E-9	5.173293E-9	5.291105E-9	5.386507E-9	5.348025E-9	-1.208814E-11	5.052448E-9	5.306063E-9	-1.297602E-11	-1.479440E-11	5.370237E-9	5.318239E-9	5.223375E-9	-1.265151E-11	5.686804E-9	5.618082E-9	5.604292E-9	5.626283E-9	5.627822E-9	5.567828E-9	5.559985E-9	5.540636E-9
0:25:05	1	-1.499877E+1	1.527300E+1	1.566400E+1	1.453287E+0	1.690619E+0	3.700000E+2	1.463600E-7	1.465400E-7	5.138720E-9	5.070541E-9	5.410429E-9	-1.461949E-11	5.385939E-9	5.055410E-9	5.036850E-9	5.016091E-9	5.887400E-9	-1.371342E-11	5.848262E-9	5.549473E-9	5.643736E-9	5.738766E-9	5.697368E-9	-1.246780E-11	5.419569E-9	5.654434E-9	-1.348019E-11	-1.535850E-11	5.718296E-9	5.675845E-9	5.578796E-9	-1.340671E-11	6.100057E-9	6.031213E-9	6.010674E-9	6.039095E-9	6.040928E-9	5.970762E-9	5.960647E-9	5.943748E-9
0:25:19	1	-1.499869E+1	1.525900E+1	1.566600E+1	1.456999E+0	1.693545E+0	3.720000E+2	1.574600E-7	1.568331E-7	5.493641E-9	5.423513E-9	5.766564E-9	-1.272025E-11	5.735156E-9	5.407357E-9	5.382247E-9	5.355732E-9	6.285982E-9	-1.333432E-11	6.239700E-9	5.931650E-9	6.049384E-9	6.126176E-9	6.074456E-9	-1.196126E-11	5.810763E-9	6.042205E-9	-1.392071E-11	-1.586026E-11	6.113805E-9	6.067278E-9	5.963407E-9	-1.334410E-11	6.554865E-9	6.473485E-9	6.455952E-9	6.481794E-9	6.482956E-9	6.414441E-9	6.400700E-9	6.381052E-9
0:25:32	1	-1.499877E+1	1.528400E+1	1.568200E+1	1.456733E+0	1.692430E+0	3.740000E+2	1.692200E-7	1.687456E-7	5.907274E-9	5.828628E-9	6.172889E-9	-1.442967E-11	6.135185E-9	5.808835E-9	5.782850E-9	5.761257E-9	6.744151E-9	-1.200747E-11	6.690386E-9	6.395166E-9	6.498360E-9	6.565651E-9	6.502284E-9	-1.240486E-11	6.264357E-9	6.491092E-9	-1.303867E-11	-1.485774E-11	6.567936E-9	6.527248E-9	6.406783E-9	-1.321791E-11	7.076569E-9	6.996147E-9	6.978641E-9	7.002242E-9	7.002779E-9	6.925411E-9	6.910122E-9	6.883313E-9
0:25:46	1	-1.499831E+1	1.527200E+1	1.567800E+1	1.452705E+0	1.690112E+0	3.760000E+2	1.815700E-7	1.815848E-7	6.348089E-9	6.273154E-9	6.619104E-9	-1.316384E-11	6.573671E-9	6.235080E-9	6.208087E-9	6.180416E-9	7.235787E-9	-1.308092E-11	7.184379E-9	6.864994E-9	6.959877E-9	7.055986E-9	6.983130E-9	-1.215109E-11	6.759068E-9	6.982462E-9	-1.486540E-11	-1.523381E-11	7.056012E-9	7.001200E-9	6.892555E-9	-1.347030E-11	7.649915E-9	7.556743E-9	7.534985E-9	7.571379E-9	7.566994E-9	7.478075E-9	7.461942E-9	7.433692E-9
0:25:59	1	-1.499945E+1	1.526700E+1	1.568100E+1	1.456353E+0	1.693165E+0	3.780000E+2	1.972600E-7	1.968567E-7	6.874352E-9	6.786532E-9	7.136050E-9	-1.227766E-11	7.090147E-9	6.742099E-9	6.714496E-9	6.681506E-9	7.818955E-9	-1.364957E-11	7.758607E-9	7.440344E-9	7.534715E-9	7.613026E-9	7.549744E-9	-1.044262E-11	7.344749E-9	7.562449E-9	-1.322761E-11	-1.366619E-11	7.646122E-9	7.587216E-9	7.464132E-9	-1.214871E-11	8.325786E-9	8.225739E-9	8.208077E-9	8.243085E-9	8.237423E-9	8.135353E-9	8.120640E-9	8.090752E-9
0:26:13	1	-1.499854E+1	1.525900E+1	1.566700E+1	1.455859E+0	1.691607E+0	3.800000E+2	2.146900E-7	2.142302E-7	7.464184E-9	7.362900E-9	7.719494E-9	-1.309990E-11	7.668903E-9	7.321153E-9	7.276869E-9	7.255203E-9	8.474514E-9	-1.320762E-11	8.416426E-9	8.101071E-9	8.163203E-9	8.256143E-9	8.240195E-9	-1.379661E-11	8.002460E-9	8.221427E-9	-1.284973E-11	-1.598595E-11	8.304820E-9	8.248696E-9	8.113682E-9	-1.391050E-11	9.109040E-9	8.987942E-9	8.969761E-9	9.015592E-9	9.009962E-9	8.907386E-9	8.871540E-9	8.830439E-9
0:26:26	1	-1.499884E+1	1.527500E+1	1.565500E+1	1.453465E+0	1.690505E+0	3.820000E+2	2.340900E-7	2.336708E-7	8.118907E-9	8.006608E-9	8.372033E-9	-1.461949E-11	8.308795E-9	7.956402E-9	7.898682E-9	7.875889E-9	9.203664E-9	-1.251227E-11	9.138352E-9	8.818258E-9	8.913124E-9	8.963504E-9	8.981388E-9	-1.316418E-11	8.766352E-9	8.956880E-9	-1.303867E-11	-1.466970E-11	9.048770E-9	8.985896E-9	8.846322E-9	-1.309270E-11	9.980440E-9	9.855087E-9	9.844782E-9	9.879331E-9	9.879680E-9	9.755772E-9	9.722040E-9	9.674904E-9
0:26:40	1	-1.499892E+1	1.526200E+1	1.566700E+1	1.457683E+0	1.694330E+0	3.840000E+2	2.573400E-7	2.573959E-7	8.907454E-9	8.790676E-9	9.151497E-9	-1.221471E-11	9.072045E-9	8.716932E-9	8.652706E-9	8.621437E-9	1.010104E-8	-1.371342E-11	1.003959E-8	9.693882E-9	9.781556E-9	9.824716E-9	9.851167E-9	-1.303729E-11	9.680066E-9	9.877433E-9	-1.335390E-11	-1.492009E-11	9.976337E-9	9.910179E-9	9.734460E-9	-1.384790E-11	1.106648E-8	1.092886E-8	1.091681E-8	1.095683E-8	1.094655E-8	1.080635E-8	1.076064E-8	1.071134E-8
0:26:53	1	-1.499846E+1	1.524800E+1	1.565800E+1	1.457518E+0	1.692912E+0	3.860000E+2	2.840500E-7	2.841901E-7	9.796773E-9	9.672662E-9	1.004304E-8	-1.284713E-11	9.938307E-9	9.590416E-9	9.515309E-9	9.462039E-9	1.109776E-8	-1.320762E-11	1.102853E-8	1.069574E-8	1.078409E-8	1.079681E-8	1.077517E-8	-1.329007E-11	1.072289E-8	1.089844E-8	-1.253550E-11	-1.623633E-11	1.101294E-8	1.094508E-8	1.073254E-8	-1.353290E-11	1.229173E-8	1.216009E-8	1.212825E-8	1.217475E-8	1.217304E-8	1.199665E-8	1.193641E-8	1.190225E-8
0:27:07	1	-1.499808E+1	1.526800E+1	1.568000E+1	1.454035E+0	1.690859E+0	3.880000E+2	3.169100E-7	3.173678E-7	1.089269E-8	1.075030E-8	1.111309E-8	-1.151836E-11	1.101086E-8	1.062985E-8	1.054272E-8	1.048717E-8	1.233750E-8	-1.377627E-11	1.226355E-8	1.190707E-8	1.197525E-8	1.198207E-8	1.195844E-8	-1.208814E-11	1.201937E-8	1.219506E-8	-1.461381E-11	-1.479440E-11	1.230769E-8	1.221683E-8	1.198956E-8	-1.246271E-11	1.383018E-8	1.366885E-8	1.366904E-8	1.372090E-8	1.369899E-8	1.350093E-8	1.342648E-8	1.335263E-8
0:27:20	1	-1.499854E+1	1.527100E+1	1.564300E+1	1.458114E+0	1.694419E+0	3.900000E+2	3.565400E-7	3.564539E-7	1.215774E-8	1.200348E-8	1.237366E-8	-1.215077E-11	1.223711E-8	1.184780E-8	1.173758E-8	1.168010E-8	1.376911E-8	-1.270182E-11	1.370905E-8	1.333853E-8	1.336956E-8	1.336656E-8	1.329671E-8	-1.221503E-11	1.355723E-8	1.371040E-8	-1.329125E-11	-1.573556E-11	1.384991E-8	1.373784E-8	1.347525E-8	-1.347030E-11	1.567211E-8	1.549145E-8	1.549081E-8	1.554627E-8	1.551868E-8	1.530402E-8	1.519560E-8	1.509690E-8
0:27:34	1	-1.499877E+1	1.529100E+1	1.566900E+1	1.458241E+0	1.693532E+0	3.920000E+2	4.067100E-7	4.069607E-7	1.376920E-8	1.359703E-8	1.394511E-8	-1.189801E-11	1.379985E-8	1.339463E-8	1.324682E-8	1.315496E-8	1.560508E-8	-1.270182E-11	1.553423E-8	1.517320E-8	1.519447E-8	1.514042E-8	1.497078E-8	-1.208814E-11	1.554620E-8	1.569401E-8	-1.373177E-11	-1.623633E-11	1.583857E-8	1.568367E-8	1.537891E-8	-1.479189E-11	1.810730E-8	1.789280E-8	1.790436E-8	1.797826E-8	1.793266E-8	1.766859E-8	1.750004E-8	1.739104E-8
0:27:47	1	-1.499824E+1	1.529000E+1	1.565700E+1	1.453984E+0	1.690986E+0	3.940000E+2	4.695100E-7	4.693261E-7	1.570172E-8	1.549606E-8	1.588306E-8	-1.265730E-11	1.566308E-8	1.525361E-8	1.504809E-8	1.495411E-8	1.786290E-8	-1.390297E-11	1.776811E-8	1.738335E-8	1.736271E-8	1.727822E-8	1.706247E-8	-1.082228E-11	1.803160E-8	1.814513E-8	-1.247186E-11	-1.586026E-11	1.830735E-8	1.816165E-8	1.774749E-8	-1.359551E-11	2.116666E-8	2.092395E-8	2.093581E-8	2.101022E-8	2.097280E-8	2.061732E-8	2.041620E-8	2.025171E-8
0:28:01	1	-1.499854E+1	1.525200E+1	1.564400E+1	1.457278E+0	1.693900E+0	3.960000E+2	5.545800E-7	5.546406E-7	1.828745E-8	1.805621E-8	1.842791E-8	-1.227766E-11	1.814517E-8	1.768178E-8	1.742751E-8	1.731631E-8	2.084143E-8	-1.282852E-11	2.078342E-8	2.034214E-8	2.024678E-8	2.013908E-8	1.982326E-8	-1.398644E-11	2.144883E-8	2.153682E-8	-1.234656E-11	-1.435598E-11	2.172516E-8	2.150295E-8	2.101060E-8	-1.328150E-11	2.546926E-8	2.518677E-8	2.524159E-8	2.532393E-8	2.524411E-8	2.476294E-8	2.448750E-8	2.426075E-8
0:28:14	1	-1.499877E+1	1.524200E+1	1.564700E+1	1.457683E+0	1.693152E+0	3.980000E+2	6.685600E-7	6.686504E-7	2.159733E-8	2.130193E-8	2.170430E-8	-1.189801E-11	2.131189E-8	2.079744E-8	2.043526E-8	2.025715E-8	2.476863E-8	-1.396582E-11	2.470262E-8	2.424355E-8	2.403824E-8	2.385189E-8	2.343471E-8	-1.354384E-11	2.606974E-8	2.616189E-8	-1.379541E-11	-1.623633E-11	2.634312E-8	2.602031E-8	2.533276E-8	-1.435169E-11	3.142468E-8	3.106475E-8	3.120990E-8	3.127894E-8	3.114107E-8	3.051346E-8	3.004110E-8	2.968756E-8
0:28:28	1	-1.499862E+1	1.524600E+1	1.564600E+1	1.453313E+0	1.690327E+0	4.000000E+2	8.432800E-7	8.437514E-7	2.642162E-8	2.601831E-8	2.642763E-8	-1.291007E-11	2.583816E-8	2.522955E-8	2.474576E-8	2.445712E-8	3.051912E-8	-1.213317E-11	3.049759E-8	2.993323E-8	2.958748E-8	2.929993E-8	2.864377E-8	-9.873134E-12	3.321405E-8	3.328389E-8	-1.348019E-11	-1.542184E-11	3.357500E-8	3.301585E-8	3.200196E-8	-1.372170E-11	4.103740E-8	4.059043E-8	4.084172E-8	4.097911E-8	4.071292E-8	3.965955E-8	3.892789E-8	3.836991E-8
0:28:41	1	-1.499968E+1	1.529200E+1	1.565400E+1	1.457455E+0	1.694001E+0	4.020000E+2	1.129400E-6	1.129964E-6	3.349463E-8	3.301003E-8	3.349238E-8	-1.253042E-11	3.251067E-8	3.170696E-8	3.094022E-8	3.055968E-8	3.928827E-8	-1.352387E-11	3.939797E-8	3.869611E-8	3.803156E-8	3.747158E-8	3.633028E-8	-1.183437E-11	4.510655E-8	4.521330E-8	-1.215763E-11	-1.416794E-11	4.543274E-8	4.451162E-8	4.283429E-8	-1.290391E-11	5.794179E-8	5.738166E-8	5.793630E-8	5.803527E-8	5.754255E-8	5.576921E-8	5.427824E-8	5.312760E-8
0:28:55	1	-1.499763E+1	1.528900E+1	1.567200E+1	1.457012E+0	1.692633E+0	4.040000E+2	1.704100E-6	1.704712E-6	4.550615E-8	4.471535E-8	4.524923E-8	-1.215077E-11	4.352034E-8	4.240590E-8	4.094995E-8	4.033752E-8	5.473167E-8	-1.333432E-11	5.511519E-8	5.411037E-8	5.280044E-8	5.163002E-8	4.946947E-8	-1.259469E-11	6.886190E-8	6.910322E-8	-1.240921E-11	-1.466970E-11	6.959428E-8	6.732710E-8	6.385591E-8	-1.151872E-11	9.623721E-8	9.528527E-8	9.723353E-8	9.715029E-8	9.579051E-8	9.159169E-8	8.745920E-8	8.475655E-8
0:29:11	1	-1.499839E+1	1.527400E+1	1.565500E+1	1.457303E+0	1.692633E+0	4.060000E+2	3.398800E-6	3.397890E-6	6.890448E-8	6.747409E-8	6.825858E-8	-1.158130E-11	6.451104E-8	6.240003E-8	5.934823E-8	5.808462E-8	8.745481E-8	-1.573561E-11	8.871468E-8	8.653379E-8	8.342184E-8	8.069151E-8	7.578302E-8	-9.429532E-12	1.354369E-7	1.379530E-7	-1.020461E-11	-1.203622E-11	1.379803E-7	1.298430E-7	1.187175E-7	-6.483750E-12	2.340450E-7	2.331676E-7	2.432441E-7	2.422358E-7	2.344537E-7	2.161493E-7	1.974499E-7	1.856982E-7
0:29:29	1	-1.499930E+1	1.528900E+1	1.568000E+1	1.453629E+0	1.690429E+0	4.080000E+2	1.238500E-5	1.224028E-5	1.303556E-7	1.268989E-7	1.283531E-7	-2.784427E-12	1.162519E-7	1.102609E-7	1.014855E-7	9.812553E-8	1.887448E-7	-1.902180E-11	1.957090E-7	1.876213E-7	1.748594E-7	1.642855E-7	1.469118E-7	-1.037968E-11	4.960957E-7	5.200786E-7	-3.905436E-11	-2.789648E-11	5.151365E-7	4.551490E-7	3.823394E-7	-7.994141E-12	1.042028E-6	1.054442E-6	1.096739E-6	1.109985E-6	1.071603E-6	9.736149E-7	8.581844E-7	7.951267E-7
0:29:46	1	-1.501017E+1	1.528600E+1	1.568800E+1	1.457759E+0	1.694305E+0	4.100000E+2	3.839100E-5	3.829631E-5	4.521041E-7	4.380109E-7	4.424504E-7	-3.101135E-12	3.630830E-7	3.254371E-7	2.720738E-7	2.536012E-7	7.949868E-7	-2.470929E-11	8.511859E-7	8.064156E-7	7.278378E-7	6.544659E-7	5.429273E-7	-6.202430E-12	1.891287E-6	1.935288E-6	0.000000E+0	-2.194072E-12	1.929646E-6	1.802207E-6	1.635290E-6	-1.623968E-11	2.781350E-6	2.824717E-6	2.882585E-6	2.927006E-6	2.889695E-6	2.754731E-6	2.591762E-6	2.526220E-6
0:29:59	1	-1.499976E+1	1.527600E+1	1.565800E+1	1.457898E+0	1.694254E+0	4.099801E+2	3.874500E-5	3.834761E-5	4.603701E-7	4.450068E-7	4.520027E-7	9.491230E-13	3.698741E-7	3.329809E-7	2.767163E-7	2.585206E-7	8.119771E-7	-1.061677E-11	8.707801E-7	8.233419E-7	7.473444E-7	6.698237E-7	5.558021E-7	-1.268861E-13	1.915365E-6	1.955622E-6	-1.562214E-11	-1.140977E-11	1.941640E-6	1.809047E-6	1.637710E-6	-1.887989E-13	2.776552E-6	2.816051E-6	2.866050E-6	2.909058E-6	2.867356E-6	2.726226E-6	2.562380E-6	2.490046E-6
0:30:13	1	-1.499862E+1	1.528200E+1	1.567400E+1	1.461965E+0	1.697307E+0	4.099602E+2	3.811200E-5	3.876018E-5	4.590834E-7	4.461166E-7	4.535047E-7	-9.808937E-12	3.737468E-7	3.367214E-7	2.809034E-7	2.625198E-7	8.254979E-7	-1.017482E-11	8.886689E-7	8.396044E-7	7.647002E-7	6.856013E-7	5.679730E-7	-8.797100E-12	1.937631E-6	1.978335E-6	3.212930E-12	-2.043644E-11	1.964966E-6	1.831433E-6	1.659418E-6	1.284031E-11	2.799842E-6	2.838847E-6	2.892201E-6	2.933837E-6	2.889228E-6	2.750486E-6	2.584650E-6	2.514698E-6
0:30:26	1	-1.499961E+1	1.527000E+1	1.567200E+1	1.462548E+0	1.699119E+0	4.099403E+2	3.855200E-5	3.843303E-5	4.579955E-7	4.439039E-7	4.502003E-7	1.138948E-12	3.687843E-7	3.321970E-7	2.767726E-7	2.583836E-7	8.128564E-7	-3.273522E-11	8.718582E-7	8.251165E-7	7.480736E-7	6.712577E-7	5.577090E-7	-1.303729E-11	1.919831E-6	1.960015E-6	-3.250320E-11	-1.278836E-11	1.947255E-6	1.814829E-6	1.643213E-6	-3.109418E-11	2.784061E-6	2.821533E-6	2.874226E-6	2.916376E-6	2.872925E-6	2.734900E-6	2.568131E-6	2.500751E-6
0:30:40	1	-1.499831E+1	1.528000E+1	1.568500E+1	1.465689E+0	1.700525E+0	4.099205E+2	3.830100E-5	3.827886E-5	4.536052E-7	4.399198E-7	4.457706E-7	2.848368E-12	3.662669E-7	3.287602E-7	2.748104E-7	2.562699E-7	8.054380E-7	7.078182E-12	8.661248E-7	8.183097E-7	7.422847E-7	6.663500E-7	5.523951E-7	2.025181E-12	1.910785E-6	1.952148E-6	-1.839355E-11	1.485774E-11	1.939488E-6	1.808052E-6	1.636926E-6	-3.273077E-11	2.776785E-6	2.815323E-6	2.864964E-6	2.909900E-6	2.865001E-6	2.726733E-6	2.565221E-6	2.491255E-6
0:30:53	1	-1.499854E+1	1.527100E+1	1.567100E+1	1.462522E+0	1.697523E+0	4.099006E+2	3.820300E-5	3.818985E-5	4.514804E-7	4.379302E-7	4.439417E-7	-5.822620E-12	3.640220E-7	3.272307E-7	2.738849E-7	2.554632E-7	8.020502E-7	-2.338244E-11	8.614240E-7	8.140397E-7	7.384071E-7	6.628851E-7	5.505345E-7	-1.164454E-11	1.908270E-6	1.947202E-6	1.310231E-11	1.065862E-12	1.934371E-6	1.802944E-6	1.632611E-6	-2.769381E-12	2.772845E-6	2.809740E-6	2.861037E-6	2.902322E-6	2.864982E-6	2.724427E-6	2.558498E-6	2.487343E-6
0:31:07	1	-1.499907E+1	1.527600E+1	1.566900E+1	1.465005E+0	1.701222E+0	4.098807E+2	3.811800E-5	3.832921E-5	4.510931E-7	4.369604E-7	4.434480E-7	8.796872E-12	3.638300E-7	3.277531E-7	2.735811E-7	2.554277E-7	8.000812E-7	-4.126595E-11	8.610105E-7	8.128821E-7	7.383311E-7	6.626970E-7	5.495177E-7	3.167156E-13	1.906712E-6	1.947340E-6	-1.133624E-12	-1.253897E-12	1.941615E-6	1.809790E-6	1.642549E-6	-1.630228E-11	2.783254E-6	2.823449E-6	2.878399E-6	2.919643E-6	2.879138E-6	2.738416E-6	2.576227E-6	2.506113E-6
0:31:20	1	-1.499839E+1	1.528000E+1	1.566800E+1	1.466703E+0	1.702083E+0	4.098608E+2	3.843500E-5	3.843087E-5	4.566616E-7	4.428596E-7	4.484138E-7	-1.265730E-11	3.678478E-7	3.305273E-7	2.763929E-7	2.573968E-7	8.111232E-7	1.693576E-11	8.706789E-7	8.225512E-7	7.477403E-7	6.698301E-7	5.565921E-7	-9.493475E-12	1.918057E-6	1.960317E-6	-2.381009E-11	1.354050E-11	1.946397E-6	1.815264E-6	1.643769E-6	1.202251E-11	2.783664E-6	2.824008E-6	2.874283E-6	2.917300E-6	2.875760E-6	2.738087E-6	2.571944E-6	2.503404E-6
0:31:34	1	-1.499922E+1	1.526200E+1	1.566600E+1	1.463586E+0	1.698739E+0	4.098409E+2	3.838700E-5	3.837343E-5	4.549019E-7	4.417390E-7	4.483278E-7	-7.593983E-12	3.673415E-7	3.305128E-7	2.755849E-7	2.573841E-7	8.087244E-7	1.042722E-11	8.666825E-7	8.215653E-7	7.445925E-7	6.687022E-7	5.548930E-7	-7.341407E-12	1.915466E-6	1.956440E-6	-7.495843E-12	-1.090801E-11	1.944990E-6	1.811737E-6	1.640629E-6	-2.121205E-11	2.783594E-6	2.820723E-6	2.870513E-6	2.913616E-6	2.872786E-6	2.735020E-6	2.568137E-6	2.498871E-6
0:31:47	1	-1.499900E+1	1.526800E+1	1.568000E+1	1.464460E+0	1.700842E+0	4.098210E+2	3.830900E-5	3.836718E-5	4.550760E-7	4.407231E-7	4.462770E-7	-1.227766E-11	3.663360E-7	3.299043E-7	2.751806E-7	2.566047E-7	8.073411E-7	-1.959345E-12	8.662152E-7	8.216759E-7	7.441566E-7	6.694261E-7	5.552364E-7	-1.025279E-11	1.915669E-6	1.954930E-6	-2.859816E-11	-7.460043E-12	1.946094E-6	1.812102E-6	1.641974E-6	-1.151872E-11	2.783929E-6	2.822620E-6	2.871385E-6	2.914635E-6	2.871606E-6	2.731548E-6	2.567567E-6	2.499042E-6
0:32:01	1	-1.499877E+1	1.527800E+1	1.567600E+1	1.467501E+0	1.702273E+0	4.098011E+2	3.830900E-5	3.835861E-5	4.546585E-7	4.404646E-7	4.470742E-7	-1.575844E-11	3.667016E-7	3.295592E-7	2.752185E-7	2.567423E-7	8.071015E-7	2.524003E-13	8.665510E-7	8.210999E-7	7.438817E-7	6.681601E-7	5.550235E-7	6.963747E-13	1.914529E-6	1.954376E-6	1.669212E-11	6.582216E-12	1.943968E-6	1.811554E-6	1.640932E-6	4.847162E-12	2.780505E-6	2.820102E-6	2.870059E-6	2.913464E-6	2.873557E-6	2.732283E-6	2.570890E-6	2.500144E-6
0:32:14	1	-1.499877E+1	1.525500E+1	1.566300E+1	1.463700E+0	1.698942E+0	4.097812E+2	3.833000E-5	3.839168E-5	4.553529E-7	4.409142E-7	4.472765E-7	3.987316E-12	3.675038E-7	3.300992E-7	2.753790E-7	2.570981E-7	8.078476E-7	-1.137298E-12	8.673187E-7	8.233084E-7	7.441845E-7	6.683765E-7	5.560124E-7	1.050557E-11	1.914788E-6	1.956774E-6	2.708766E-12	-5.767727E-12	1.946208E-6	1.813620E-6	1.641867E-6	-2.152704E-11	2.785492E-6	2.823053E-6	2.873241E-6	2.917212E-6	2.873803E-6	2.734292E-6	2.568576E-6	2.502093E-6
0:32:28	1	-1.499854E+1	1.526200E+1	1.567000E+1	1.464460E+0	1.700753E+0	4.097614E+2	3.836100E-5	3.840335E-5	4.570702E-7	4.422303E-7	4.475236E-7	1.645480E-12	3.672788E-7	3.306838E-7	2.758667E-7	2.569802E-7	8.093501E-7	1.308092E-11	8.695508E-7	8.232983E-7	7.466507E-7	6.708657E-7	5.550856E-7	-1.962238E-12	1.915396E-6	1.957649E-6	3.307001E-11	2.194072E-12	1.947129E-6	1.814212E-6	1.642473E-6	-1.542089E-11	2.784294E-6	2.820761E-6	2.870949E-6	2.917731E-6	2.875893E-6	2.733367E-6	2.570495E-6	2.500536E-6
0:32:41	1	-1.499938E+1	1.525300E+1	1.564800E+1	1.467108E+0	1.701804E+0	4.097415E+2	3.837300E-5	3.841229E-5	4.553781E-7	4.415341E-7	4.476425E-7	-1.860581E-11	3.675171E-7	3.306052E-7	2.754617E-7	2.575655E-7	8.090965E-7	-3.071303E-11	8.684505E-7	8.214548E-7	7.458405E-7	6.699841E-7	5.558053E-7	-1.835352E-11	1.919242E-6	1.957309E-6	-2.393539E-12	-3.886387E-12	1.946996E-6	1.813664E-6	1.643112E-6	-1.365910E-11	2.784408E-6	2.822519E-6	2.873620E-6	2.918282E-6	2.878520E-6	2.738144E-6	2.569605E-6	2.500618E-6
0:32:55	1	-1.499862E+1	1.525400E+1	1.564300E+1	1.463548E+0	1.698903E+0	4.097216E+2	3.837200E-5	3.844400E-5	4.556922E-7	4.426402E-7	4.486723E-7	-1.702427E-11	3.679093E-7	3.308278E-7	2.764965E-7	2.574545E-7	8.092264E-7	-1.440876E-11	8.694269E-7	8.239115E-7	7.468604E-7	6.700711E-7	5.565357E-7	-6.834862E-12	1.918032E-6	1.960537E-6	1.688106E-11	2.946212E-12	1.948567E-6	1.816014E-6	1.643863E-6	2.215604E-11	2.787365E-6	2.824975E-6	2.874068E-6	2.920814E-6	2.880231E-6	2.738828E-6	2.571380E-6	2.503600E-6
0:33:08	1	-1.499945E+1	1.525600E+1	1.566400E+1	1.463371E+0	1.699474E+0	4.097017E+2	3.838600E-5	3.845189E-5	4.567297E-7	4.429088E-7	4.486831E-7	-2.816198E-11	3.686804E-7	3.308196E-7	2.763670E-7	2.577932E-7	8.098864E-7	1.421922E-11	8.709084E-7	8.253306E-7	7.461484E-7	6.708241E-7	5.566263E-7	-8.037782E-12	1.917588E-6	1.958586E-6	-1.826726E-12	-3.760701E-13	1.948353E-6	1.815730E-6	1.644186E-6	-4.594768E-12	2.787201E-6	2.825031E-6	2.877073E-6	2.921447E-6	2.878381E-6	2.738144E-6	2.575437E-6	2.503056E-6
0:33:22	1	-1.499991E+1	1.527600E+1	1.567600E+1	1.466589E+0	1.701247E+0	4.096818E+2	3.841300E-5	3.847315E-5	4.567852E-7	4.438225E-7	4.494600E-7	-2.253018E-11	3.687108E-7	3.312792E-7	2.767037E-7	2.582524E-7	8.097380E-7	-6.572384E-12	8.699378E-7	8.239254E-7	7.481312E-7	6.724196E-7	5.564901E-7	-7.088634E-12	1.919558E-6	1.961475E-6	1.732258E-11	-1.241229E-11	1.949173E-6	1.816467E-6	1.645752E-6	-2.775840E-11	2.788039E-6	2.826488E-6	2.877073E-6	2.922859E-6	2.879403E-6	2.740881E-6	2.575531E-6	2.504847E-6
0:33:35	1	-1.499953E+1	1.528200E+1	1.566700E+1	1.465879E+0	1.701830E+0	4.096619E+2	3.841400E-5	3.849264E-5	4.570797E-7	4.434984E-7	4.500183E-7	-4.809556E-12	3.692563E-7	3.316884E-7	2.764283E-7	2.583468E-7	8.125794E-7	-4.549989E-11	8.734428E-7	8.268091E-7	7.485652E-7	6.724985E-7	5.572674E-7	-8.480385E-12	1.919717E-6	1.961311E-6	2.261382E-11	1.134643E-11	1.950044E-6	1.817979E-6	1.647610E-6	-6.168754E-12	2.788266E-6	2.827713E-6	2.876410E-6	2.923429E-6	2.881424E-6	2.742978E-6	2.575174E-6	2.503138E-6
0:33:49	1	-1.499907E+1	1.526500E+1	1.565500E+1	1.465423E+0	1.700411E+0	4.096420E+2	3.845200E-5	3.849687E-5	4.578769E-7	4.443251E-7	4.499379E-7	-2.898522E-11	3.688039E-7	3.320090E-7	2.767290E-7	2.583272E-7	8.111885E-7	-3.589471E-11	8.714447E-7	8.267858E-7	7.486120E-7	6.732640E-7	5.578673E-7	-4.240192E-12	1.920287E-6	1.961601E-6	-3.464516E-11	6.707902E-12	1.951501E-6	1.818690E-6	1.647326E-6	2.889119E-11	2.789943E-6	2.829270E-6	2.877692E-6	2.922618E-6	2.880186E-6	2.740260E-6	2.576158E-6	2.504233E-6
0:34:02	1	-1.499869E+1	1.527700E+1	1.566200E+1	1.463067E+0	1.698916E+0	4.096222E+2	3.844100E-5	3.849728E-5	4.572021E-7	4.428760E-7	4.494828E-7	4.936439E-12	3.694553E-7	3.327288E-7	2.766917E-7	2.582815E-7	8.119023E-7	-2.199175E-11	8.721086E-7	8.272512E-7	7.505942E-7	6.728822E-7	5.582797E-7	-2.170751E-11	1.920806E-6	1.961450E-6	-1.952718E-11	-5.892424E-12	1.950631E-6	1.817909E-6	1.647363E-6	-2.467402E-11	2.788285E-6	2.827141E-6	2.877944E-6	2.922878E-6	2.880654E-6	2.740995E-6	2.575977E-6	2.505601E-6
0:34:16	1	-1.499968E+1	1.530600E+1	1.569200E+1	1.465626E+0	1.701741E+0	4.096023E+2	3.844600E-5	3.847960E-5	4.568665E-7	4.431944E-7	4.501131E-7	-1.879563E-11	3.687862E-7	3.321649E-7	2.764295E-7	2.581401E-7	8.108056E-7	1.175407E-11	8.721706E-7	8.261567E-7	7.485284E-7	6.728935E-7	5.572718E-7	-4.367078E-12	1.921927E-6	1.961859E-6	-4.220265E-12	4.513830E-12	1.949230E-6	1.817828E-6	1.646523E-6	-1.051212E-11	2.789452E-6	2.825050E-6	2.875949E-6	2.920479E-6	2.879422E-6	2.740051E-6	2.574321E-6	2.504012E-6
0:34:29	1	-1.499915E+1	1.529900E+1	1.567200E+1	1.465904E+0	1.700601E+0	4.095824E+2	3.844100E-5	3.847703E-5	4.579816E-7	4.433206E-7	4.497925E-7	5.126263E-12	3.686721E-7	3.313012E-7	2.766582E-7	2.581610E-7	8.112734E-7	4.107241E-12	8.715307E-7	8.266329E-7	7.478867E-7	6.728727E-7	5.587067E-7	-1.183437E-11	1.920255E-6	1.961802E-6	3.464516E-12	2.187837E-11	1.950290E-6	1.816908E-6	1.644925E-6	7.994141E-12	2.788197E-6	2.827864E-6	2.876941E-6	2.917801E-6	2.879555E-6	2.738625E-6	2.574484E-6	2.504562E-6
0:34:43	1	-1.499831E+1	1.528300E+1	1.566100E+1	1.462687E+0	1.698777E+0	4.095625E+2	3.841800E-5	3.845213E-5	4.571068E-7	4.424869E-7	4.496693E-7	-2.537755E-11	3.682457E-7	3.310887E-7	2.766898E-7	2.579384E-7	8.112810E-7	2.211845E-11	8.714554E-7	8.248911E-7	7.466571E-7	6.722548E-7	5.572009E-7	-7.658123E-12	1.917949E-6	1.960103E-6	2.103868E-11	3.510317E-12	1.948372E-6	1.815541E-6	1.644040E-6	0.000000E+0	2.785599E-6	2.823524E-6	2.874655E-6	2.920130E-6	2.875337E-6	2.739291E-6	2.574760E-6	2.505847E-6
0:34:56	1	-1.499907E+1	1.527600E+1	1.565200E+1	1.465107E+0	1.701057E+0	4.095426E+2	3.841200E-5	3.845937E-5	4.563695E-7	4.424831E-7	4.493873E-7	-1.253042E-11	3.679112E-7	3.311798E-7	2.760372E-7	2.578325E-7	8.111822E-7	2.281280E-11	8.696880E-7	8.251115E-7	7.485867E-7	6.721558E-7	5.574695E-7	-8.544327E-12	1.918855E-6	1.960197E-6	2.897703E-12	-2.777178E-11	1.948896E-6	1.816763E-6	1.644893E-6	-1.347030E-11	2.787819E-6	2.823932E-6	2.875924E-6	2.919023E-6	2.879069E-6	2.737574E-6	2.576046E-6	2.505018E-6
0:35:10	1	-1.499915E+1	1.527600E+1	1.564600E+1	1.466500E+0	1.701462E+0	4.095227E+2	3.841500E-5	3.848220E-5	4.570992E-7	4.432487E-7	4.484555E-7	4.746614E-12	3.687209E-7	3.314024E-7	2.766936E-7	2.576632E-7	8.108766E-7	-3.892751E-11	8.700105E-7	8.230754E-7	7.469060E-7	6.724555E-7	5.581081E-7	5.316226E-12	1.920470E-6	1.961972E-6	-5.858154E-11	1.586026E-11	1.950776E-6	1.818079E-6	1.646466E-6	-9.567134E-12	2.788310E-6	2.826589E-6	2.876637E-6	2.921504E-6	2.882100E-6	2.743162E-6	2.575939E-6	2.505556E-6
0:35:23	1	-1.499976E+1	1.527600E+1	1.565200E+1	1.463358E+0	1.699005E+0	4.095028E+2	3.843500E-5	3.847782E-5	4.581658E-7	4.428892E-7	4.492204E-7	-1.778357E-11	3.685822E-7	3.317362E-7	2.764649E-7	2.582530E-7	8.116880E-7	1.364957E-11	8.718215E-7	8.242583E-7	7.468611E-7	6.719885E-7	5.575157E-7	-6.708975E-12	1.920996E-6	1.961771E-6	3.288108E-11	-3.698649E-11	1.949943E-6	1.816883E-6	1.646523E-6	-1.126732E-11	2.789515E-6	2.828649E-6	2.876221E-6	2.922580E-6	2.879372E-6	2.739639E-6	2.573612E-6	2.502701E-6
0:35:37	1	-1.499877E+1	1.526500E+1	1.565400E+1	1.465183E+0	1.701272E+0	4.094829E+2	3.842500E-5	3.847915E-5	4.566054E-7	4.429744E-7	4.494265E-7	-1.917528E-11	3.686538E-7	3.319600E-7	2.769406E-7	2.586024E-7	8.114985E-7	-5.624636E-12	8.716255E-7	8.248115E-7	7.485405E-7	6.710532E-7	5.575791E-7	9.239703E-12	1.921047E-6	1.961695E-6	-2.261382E-11	1.391756E-11	1.949924E-6	1.817009E-6	1.645866E-6	2.681441E-11	2.789678E-6	2.827154E-6	2.876877E-6	2.923764E-6	2.879479E-6	2.737903E-6	2.573989E-6	2.504486E-6
0:35:50	1	-1.499884E+1	1.525700E+1	1.566600E+1	1.465930E+0	1.700728E+0	4.094631E+2	3.844600E-5	3.849571E-5	4.574234E-7	4.437021E-7	4.494373E-7	-1.101183E-11	3.681900E-7	3.317154E-7	2.768989E-7	2.581236E-7	8.119302E-7	6.318986E-12	8.722288E-7	8.241547E-7	7.494806E-7	6.719008E-7	5.577299E-7	-8.222616E-13	1.921484E-6	1.962960E-6	4.787077E-12	6.143797E-12	1.951975E-6	1.818753E-6	1.646277E-6	2.291223E-11	2.789697E-6	2.827342E-6	2.877654E-6	2.921416E-6	2.882333E-6	2.740596E-6	2.576278E-6	2.506006E-6
0:36:04	1	-1.499907E+1	1.529800E+1	1.569700E+1	1.462244E+0	1.698245E+0	4.094432E+2	3.845300E-5	3.850296E-5	4.585253E-7	4.449595E-7	4.500296E-7	-2.626373E-11	3.698577E-7	3.317871E-7	2.772116E-7	2.586950E-7	8.125007E-7	-4.941858E-11	8.706075E-7	8.267883E-7	7.478582E-7	6.718869E-7	5.578762E-7	7.973839E-12	1.920097E-6	1.962004E-6	8.882047E-12	2.375971E-11	1.951306E-6	1.818098E-6	1.645967E-6	-2.328983E-11	2.789906E-6	2.828215E-6	2.880571E-6	2.923328E-6	2.882232E-6	2.740583E-6	2.576296E-6	2.505835E-6
0:36:17	1	-1.499915E+1	1.526000E+1	1.565500E+1	1.464194E+0	1.699321E+0	4.094233E+2	3.845500E-5	3.849870E-5	4.584206E-7	4.434763E-7	4.486786E-7	-1.620103E-11	3.689617E-7	3.316947E-7	2.764693E-7	2.584851E-7	8.127886E-7	-1.478786E-11	8.724311E-7	8.252214E-7	7.474097E-7	6.725660E-7	5.577926E-7	-2.158162E-11	1.920103E-6	1.962922E-6	-1.146452E-11	-3.510317E-12	1.951268E-6	1.818401E-6	1.647458E-6	-1.107852E-11	2.790246E-6	2.828963E-6	2.879428E-6	2.922448E-6	2.879896E-6	2.740761E-6	2.576472E-6	2.506018E-6
0:36:31	1	-1.499915E+1	1.526500E+1	1.565800E+1	1.463422E+0	1.699664E+0	4.094034E+2	3.845100E-5	3.850670E-5	4.570047E-7	4.434549E-7	4.498324E-7	-1.651774E-11	3.688268E-7	3.313829E-7	2.767631E-7	2.582993E-7	8.113108E-7	-2.844242E-12	8.720561E-7	8.254279E-7	7.488160E-7	6.720478E-7	5.582018E-7	-1.341695E-11	1.921921E-6	1.963325E-6	5.920702E-12	-1.623633E-11	1.951135E-6	1.818646E-6	1.646965E-6	-2.675181E-11	2.790334E-6	2.829553E-6	2.878929E-6	2.922201E-6	2.879871E-6	2.742718E-6	2.579150E-6	2.508595E-6
