APD#	0017	Started	06/28/07 12:30	Sense_ohms	1.004464E+6	1.004628E+6	1.002105E+6	1.000924E+6	9.998282E+5	1.007735E+6	1.002821E+6	9.989270E+5	9.993226E+5	1.002376E+6	1.001862E+6	1.003102E+6	1.000030E+6	1.003780E+6	1.000011E+6	1.000898E+6	9.999006E+5	1.006439E+6	1.005624E+6	1.010450E+6	1.003884E+6	1.005600E+6	1.002519E+6	1.006362E+6	1.004620E+6	1.008599E+6	1.003214E+6	1.000475E+6	1.003139E+6	9.996927E+5	1.009944E+6	1.000506E+6	
ElapTime	Shutter_Open	DegC	BiasV	KE237_Amps	Pixel_Sum	A1	A2	A3	A4	A5	A6	A7	A8	B1	B2	B3	B4	B5	B6	B7	B8	C1	C2	C3	C4	C5	C6	C7	C8	D1	D2	D3	D4	D5	D6	D7	D8
0:00:00	0	-1.468159E+1	0.000000E+0	-2.530000E-12	-4.545714E-10	0.000000E+0	-1.264150E-11	-2.524686E-11	-1.268828E-11	-2.530435E-11	0.000000E+0	0.000000E+0	-3.804082E-11	-1.270861E-11	0.000000E+0	-2.525298E-11	0.000000E+0	0.000000E+0	-2.520473E-11	-3.799958E-11	-1.268861E-11	-2.530252E-11	-2.513814E-11	0.000000E+0	-3.760701E-11	-2.520211E-11	0.000000E+0	0.000000E+0	-1.261971E-11	-1.264160E-11	-1.259172E-11	0.000000E+0	-1.269397E-11	-1.266026E-11	0.000000E+0	-2.505089E-11	-2.528720E-11
0:00:08	0	-1.469444E+1	5.000000E+1	3.920700E-9	-4.419125E-10	0.000000E+0	-2.518345E-11	0.000000E+0	-1.268828E-11	-3.800653E-11	-1.260252E-11	-1.266427E-11	-2.532718E-11	0.000000E+0	-2.524003E-11	0.000000E+0	-2.522176E-11	-2.529924E-11	-2.520473E-11	0.000000E+0	0.000000E+0	-1.270126E-11	-1.261875E-11	0.000000E+0	-1.256866E-11	-1.265086E-11	0.000000E+0	-2.523643E-11	0.000000E+0	0.000000E+0	-3.767602E-11	-1.265931E-11	-1.269397E-11	-2.522083E-11	-1.270390E-11	-2.505089E-11	-1.269358E-11
0:00:17	0	-1.479188E+1	1.000000E+2	5.362000E-9	-3.791136E-10	1.264356E-11	-2.518345E-11	-1.267332E-11	-1.268828E-11	-3.800653E-11	-1.260252E-11	-1.266427E-11	0.000000E+0	0.000000E+0	-2.524003E-11	-1.267640E-11	-1.266073E-11	0.000000E+0	-1.265217E-11	0.000000E+0	-1.268861E-11	0.000000E+0	-3.775688E-11	0.000000E+0	0.000000E+0	-1.265086E-11	-1.262928E-11	-1.266809E-11	-1.261971E-11	-2.518365E-11	-1.259172E-11	0.000000E+0	-2.528799E-11	-1.266026E-11	-1.270390E-11	-1.257495E-11	-1.269358E-11
0:00:26	0	-1.489851E+1	1.500000E+2	1.020800E-8	-2.905760E-10	1.264356E-11	-2.518345E-11	0.000000E+0	0.000000E+0	0.000000E+0	0.000000E+0	-1.266427E-11	0.000000E+0	-1.270861E-11	-1.266990E-11	0.000000E+0	-1.266073E-11	0.000000E+0	-1.265217E-11	-1.269986E-11	0.000000E+0	-2.530252E-11	-2.513814E-11	0.000000E+0	-1.256866E-11	-1.265086E-11	-2.515911E-11	-1.266809E-11	1.261971E-11	-1.264160E-11	-1.259172E-11	-3.787826E-11	0.000000E+0	0.000000E+0	-2.530778E-11	0.000000E+0	-1.269358E-11
0:00:35	0	-1.489380E+1	2.000000E+2	1.040500E-8	-3.282088E-10	0.000000E+0	1.264150E-11	-1.267332E-11	0.000000E+0	0.000000E+0	-1.260252E-11	-1.266427E-11	-3.804082E-11	-1.270861E-11	0.000000E+0	-2.525298E-11	0.000000E+0	0.000000E+0	-1.265217E-11	0.000000E+0	-2.527730E-11	0.000000E+0	-1.261875E-11	0.000000E+0	-2.503835E-11	-2.520211E-11	-1.262928E-11	1.266809E-11	-1.261971E-11	-1.264160E-11	-2.508430E-11	-2.521895E-11	0.000000E+0	-3.788109E-11	0.000000E+0	1.257495E-11	-2.528720E-11
0:00:43	0	-1.500341E+1	2.500000E+2	9.807000E-9	-1.136781E-10	1.264356E-11	0.000000E+0	0.000000E+0	0.000000E+0	-1.270218E-11	0.000000E+0	1.266427E-11	-1.271364E-11	0.000000E+0	-2.524003E-11	1.267640E-11	0.000000E+0	0.000000E+0	0.000000E+0	-1.269986E-11	1.268861E-11	1.270126E-11	0.000000E+0	-1.262897E-11	-1.256866E-11	0.000000E+0	0.000000E+0	-1.266809E-11	1.261971E-11	-1.264160E-11	-1.259172E-11	0.000000E+0	-3.798196E-11	-1.266026E-11	0.000000E+0	-1.257495E-11	0.000000E+0
0:00:52	0	-1.499375E+1	3.000000E+2	9.346000E-9	2.403216E-10	1.264356E-11	0.000000E+0	1.267332E-11	1.268828E-11	1.270218E-11	1.260252E-11	2.522883E-11	1.271364E-11	0.000000E+0	1.266990E-11	0.000000E+0	-1.266073E-11	0.000000E+0	1.265217E-11	2.529972E-11	1.268861E-11	1.270126E-11	1.261875E-11	0.000000E+0	0.000000E+0	1.265086E-11	0.000000E+0	0.000000E+0	0.000000E+0	0.000000E+0	0.000000E+0	0.000000E+0	1.269397E-11	0.000000E+0	1.270390E-11	2.505089E-11	0.000000E+0
0:01:01	0	-1.499512E+1	3.500000E+2	9.594000E-9	1.224648E-9	6.301868E-11	2.518345E-11	5.059350E-11	5.065320E-11	3.800653E-11	5.031085E-11	2.522883E-11	5.075446E-11	2.531715E-11	5.057982E-11	2.525298E-11	3.788249E-11	3.799886E-11	3.785690E-11	3.799958E-11	2.527730E-11	2.530252E-11	2.513814E-11	5.041646E-11	2.503835E-11	3.785298E-11	2.515911E-11	3.790452E-11	2.514006E-11	6.300890E-11	3.767602E-11	3.787826E-11	3.798196E-11	2.522083E-11	5.071558E-11	3.762585E-11	5.067436E-11
0:01:10	0	-1.499383E+1	4.000000E+2	1.283400E-8	6.085870E-9	2.144427E-10	2.017662E-10	1.896009E-10	2.025129E-10	2.154370E-10	2.011441E-10	1.894655E-10	1.902041E-10	1.774202E-10	1.768797E-10	1.896469E-10	2.020732E-10	1.772947E-10	1.892845E-10	1.899979E-10	1.518636E-10	2.027202E-10	1.510275E-10	1.637789E-10	2.131723E-10	1.766140E-10	1.889419E-10	1.895226E-10	1.887989E-10	1.891262E-10	2.009718E-10	2.020506E-10	1.899098E-10	1.894055E-10	2.027623E-10	1.881292E-10	1.899039E-10
0:01:18	0	-1.499459E+1	4.100000E+2	1.386200E-8	9.760784E-9	3.279361E-10	2.900576E-10	3.287081E-10	3.164076E-10	2.787479E-10	2.891633E-10	2.905803E-10	2.917130E-10	2.915975E-10	2.780394E-10	2.908584E-10	3.030599E-10	2.913913E-10	3.028552E-10	2.913968E-10	2.531727E-10	3.040302E-10	3.020551E-10	3.149288E-10	3.134247E-10	2.902726E-10	2.897772E-10	3.159042E-10	3.020782E-10	3.152436E-10	3.265916E-10	3.283447E-10	3.292436E-10	3.157090E-10	3.421051E-10	3.261567E-10	3.292334E-10
0:01:26	0	-1.511901E+1	4.200000E+2	2.329900E-8	1.997456E-8	5.675664E-10	5.548322E-10	5.814760E-10	6.075386E-10	5.701980E-10	5.531216E-10	5.684963E-10	5.325714E-10	5.323606E-10	5.307390E-10	5.942934E-10	5.935588E-10	5.700829E-10	5.931579E-10	6.080933E-10	5.315227E-10	6.081605E-10	6.293476E-10	6.298577E-10	6.394181E-10	7.193062E-10	6.550318E-10	6.318085E-10	6.042557E-10	6.683124E-10	6.907602E-10	7.071273E-10	7.090632E-10	6.945199E-10	7.729375E-10	7.400410E-10	7.850028E-10
0:01:34	0	-1.499504E+1	4.300000E+2	9.999000E-5	1.043610E-4	2.762789E-6	1.936482E-6	2.393786E-6	1.997399E-6	2.480490E-6	2.226385E-6	2.635031E-6	2.790886E-6	2.638450E-6	2.642052E-6	2.679596E-6	2.452605E-6	2.487767E-6	3.168553E-6	3.337650E-6	2.748509E-6	3.052774E-6	3.311223E-6	3.767069E-6	4.136866E-6	4.265214E-6	4.395725E-6	4.117343E-6	4.164458E-6	3.515188E-6	3.563190E-6	3.897366E-6	3.974915E-6	4.190517E-6	4.262657E-6	4.259628E-6	4.108471E-6
