APD#	0016	Started	07/09/07 15:30	Sense_ohms	1.004464E+6	1.004628E+6	1.002105E+6	1.000924E+6	9.998282E+5	1.007735E+6	1.002821E+6	9.989270E+5	9.993226E+5	1.002376E+6	1.001862E+6	1.003102E+6	1.000030E+6	1.003780E+6	1.000011E+6	1.000898E+6	9.999006E+5	1.006439E+6	1.005624E+6	1.010450E+6	1.003884E+6	1.005600E+6	1.002519E+6	1.006362E+6	1.004620E+6	1.008599E+6	1.003214E+6	1.000475E+6	1.003139E+6	9.996927E+5	1.009944E+6	1.000506E+6					
ElapTime	Shutter_Open	DegC	H2O_In	H2O_Out	TE_A	TE_V	BiasV	KE237_Amps	Pixel_Sum	A1	A2	A3	A4	A5	A6	A7	A8	B1	B2	B3	B4	B5	B6	B7	B8	C1	C2	C3	C4	C5	C6	C7	C8	D1	D2	D3	D4	D5	D6	D7	D8
0:00:00	0	5.015585E+0	2.554900E+1	2.570800E+1	7.746861E-1	1.015729E+0	0.000000E+0	-1.212700E-10	-1.382461E-10	-1.891556E-13	-5.737447E-12	-5.689025E-12	-4.619731E-12	-5.258903E-12	-2.199983E-12	-6.821756E-12	-3.677946E-12	-4.627134E-12	-4.929288E-12	-4.425759E-12	-4.168071E-12	-6.329810E-13	-6.689713E-12	-2.786969E-12	-2.277954E-12	-4.561453E-12	-4.468229E-12	-5.731765E-12	-5.140284E-12	-5.552434E-12	-3.905131E-12	-5.749517E-12	-5.791157E-12	-3.719814E-12	-4.772957E-12	-3.472838E-12	-2.975587E-12	-5.241547E-12	-3.992227E-12	-4.704221E-12	-3.735110E-12
0:00:13	0	5.015510E+0	2.553200E+1	2.569000E+1	7.777010E-1	1.018364E+0	0.000000E+0	-2.095900E-10	-3.929340E-10	1.264356E-13	-1.292618E-11	-1.207359E-11	-1.392314E-11	-1.292422E-11	-1.181759E-11	-1.181168E-11	-1.179466E-11	-1.293076E-11	-1.440876E-11	-1.264545E-11	-1.060909E-11	-7.600772E-12	-1.514575E-11	-1.767281E-11	-1.366972E-11	-1.279727E-11	-1.296552E-11	-1.297602E-11	-1.335247E-11	-1.236796E-11	-1.240951E-11	-1.257433E-11	-1.340671E-11	-1.387191E-11	-1.268691E-11	-1.060791E-11	-1.196632E-11	-1.079810E-11	-1.254586E-11	-1.223038E-11	-1.354914E-11
0:00:26	0	5.015129E+0	2.553000E+1	2.568900E+1	7.779037E-1	1.019073E+0	1.000000E+1	2.470000E-10	-3.278147E-10	1.702400E-12	-1.147589E-11	-6.953363E-12	-1.082200E-11	-1.039079E-11	-9.303041E-12	-1.124328E-11	-6.912417E-12	-1.058617E-11	-1.061677E-11	-1.163334E-11	-1.502938E-11	-5.637831E-12	-1.299986E-11	-1.355585E-11	-1.056951E-11	-1.178317E-11	-1.239916E-11	-1.165346E-11	-1.147212E-11	-8.581669E-12	-9.952267E-12	-9.667647E-12	-1.114112E-11	-1.015210E-11	-1.011205E-11	-9.218372E-12	-9.433519E-12	-1.098751E-11	-1.165858E-11	-1.103923E-11	-1.253566E-11
0:00:40	0	5.015054E+0	2.553900E+1	2.569000E+1	7.786384E-1	1.019402E+0	2.000000E+1	3.365700E-10	-3.041874E-10	2.774614E-12	-8.197064E-12	-9.292439E-12	-1.101183E-11	-9.566644E-12	-9.365557E-12	-9.979847E-12	-1.014589E-11	-1.039604E-11	-1.061677E-11	-1.074899E-11	-1.547101E-11	-6.524804E-12	-1.293710E-11	-4.750948E-12	-8.480385E-12	-9.945989E-12	-1.025894E-11	-1.114930E-11	-1.053194E-11	-9.149463E-12	-9.449085E-12	-1.080478E-11	-1.120372E-11	-8.890924E-12	-1.086557E-11	-6.945677E-12	-1.025713E-11	-1.123972E-11	-1.001108E-11	-9.972830E-12	-8.800547E-12
0:00:53	0	5.016194E+0	2.553500E+1	2.569600E+1	7.756615E-1	1.016920E+0	3.000000E+1	2.767000E-10	-2.797546E-10	4.162419E-12	-7.692400E-12	-8.913238E-12	-8.480164E-12	-9.123567E-12	-7.857224E-12	-8.906874E-12	-1.242934E-11	-9.951741E-12	-7.582983E-12	-9.294693E-12	-9.787639E-12	-5.447837E-12	-1.262129E-11	-8.424907E-12	-8.734157E-12	-9.122907E-12	-1.158043E-11	-1.026726E-11	-1.046959E-11	-9.843767E-12	-8.629674E-12	-8.340989E-12	-8.749337E-12	-1.071948E-11	-1.055127E-11	-8.144823E-12	-8.041180E-12	-7.451609E-12	-8.047473E-12	-1.009858E-11	-8.610643E-12
0:01:07	0	5.014445E+0	2.554700E+1	2.570000E+1	7.765989E-1	1.017971E+0	4.000000E+1	2.828600E-10	-2.394651E-10	4.981761E-12	-7.755109E-12	-8.280569E-12	-6.392094E-12	-7.792339E-12	-7.794708E-12	-6.821756E-12	-6.595077E-12	-6.909681E-12	-9.479477E-12	-9.105046E-12	-8.398946E-12	-2.279932E-12	-1.072845E-11	-1.013489E-11	-6.771919E-12	-1.026302E-11	-8.811264E-12	-8.566820E-12	-9.779801E-12	-5.426922E-12	-9.071201E-12	-7.835263E-12	-7.301548E-12	-8.259840E-12	-8.479088E-12	-5.934925E-12	-6.521902E-12	-8.082629E-12	-9.567940E-12	-8.530176E-12	-6.774572E-12
0:01:20	0	5.015206E+0	2.554500E+1	2.570500E+1	7.746101E-1	1.015589E+0	5.000000E+1	9.521000E-10	-2.115675E-10	4.667166E-12	-7.062316E-12	-7.522166E-12	-8.290340E-12	-7.222241E-12	-6.411408E-12	-7.264507E-12	-4.501830E-12	-6.655508E-12	-6.761934E-12	-8.346459E-12	-7.893514E-12	-3.546894E-12	-1.028612E-11	-5.510939E-12	-5.695885E-12	-8.868882E-12	-6.230879E-12	-8.125303E-12	-6.958286E-12	-5.426922E-12	-5.920843E-12	-6.128562E-12	-7.050147E-12	-6.873246E-12	-7.850494E-12	-5.430546E-12	-7.027662E-12	-7.893223E-12	-7.667356E-12	-8.655925E-12	-7.154380E-12
0:01:34	0	5.014522E+0	2.555100E+1	2.570500E+1	7.750534E-1	1.015995E+0	6.000000E+1	1.015100E-9	-1.813578E-10	6.116695E-12	-6.052987E-12	-5.815758E-12	-5.379030E-12	-4.497773E-12	-5.280158E-12	-5.874428E-12	-3.868151E-12	-5.197521E-12	-6.066586E-12	-7.017933E-12	-4.420288E-12	-1.139966E-12	-1.034988E-11	-9.121900E-12	-5.379170E-12	-5.764573E-12	-8.056127E-12	-9.700445E-12	-6.206146E-12	-5.930964E-12	-6.298727E-12	-5.180949E-12	-6.546352E-12	-5.359240E-12	-7.222890E-12	-3.914419E-12	-5.255504E-12	-6.567385E-12	-7.730376E-12	-7.087522E-12	-5.191373E-12
0:01:47	0	5.015282E+0	2.554500E+1	2.570400E+1	7.748634E-1	1.015957E+0	7.000000E+1	1.090700E-9	-1.564609E-10	6.747877E-12	-5.044653E-12	-5.815758E-12	-6.392094E-12	-6.526121E-12	-4.022883E-12	-4.232061E-12	-2.662857E-12	-4.691178E-12	-5.308387E-12	-6.892167E-12	5.682373E-13	-7.599772E-13	-8.266752E-12	-1.076888E-11	-5.063453E-12	-5.068504E-12	-4.783201E-12	-5.669117E-12	-6.833589E-12	-4.479601E-12	-5.039777E-12	-4.865743E-12	-5.538762E-12	-6.809540E-12	-5.778312E-12	-2.778071E-12	-5.128564E-12	-6.440782E-12	-7.097181E-12	-6.397384E-12	-4.621661E-12
0:02:01	0	5.015813E+0	2.555100E+1	2.570500E+1	7.762822E-1	1.016920E+0	8.000000E+1	1.281100E-9	-1.387759E-10	8.134687E-12	-4.350864E-12	-6.068226E-12	-5.063321E-12	-3.927675E-12	-4.652017E-12	-4.358704E-12	4.693036E-12	-3.676490E-12	-4.802589E-12	-6.132581E-12	-6.251608E-12	5.699829E-13	-6.563191E-12	-6.840925E-12	-5.126396E-12	-4.497447E-12	-6.545851E-12	-7.684781E-12	-5.830076E-12	-4.227580E-12	-4.913484E-12	-4.801904E-12	-5.413559E-12	-5.107404E-12	-5.464015E-12	-1.452332E-12	-5.255504E-12	-7.451609E-12	-4.942519E-12	-5.895376E-12	-4.875533E-12
0:02:14	0	5.013913E+0	2.555900E+1	2.571100E+1	7.774096E-1	1.018148E+0	9.000000E+1	1.211700E-9	-1.191622E-10	8.009247E-12	-4.476284E-12	-4.930621E-12	-4.556790E-12	-1.774305E-12	-3.645800E-12	-3.474199E-12	-1.711837E-12	-4.246877E-12	-3.791990E-12	-4.742170E-12	-9.662028E-12	0.000000E+0	-5.995338E-12	-4.180954E-12	-3.291045E-12	-3.547353E-12	-5.601929E-12	-3.590805E-12	-5.955762E-12	-2.460444E-12	-4.220366E-12	-3.348565E-12	-5.035961E-12	-5.044694E-12	-4.898875E-12	-1.200143E-12	-2.405857E-12	-5.114944E-12	-5.005538E-12	-5.018100E-12	-4.241854E-12
0:02:28	0	5.016269E+0	2.555100E+1	2.571000E+1	7.774856E-1	1.018275E+0	1.000000E+2	1.280100E-9	-1.025465E-10	8.955025E-12	-2.647746E-12	-3.160347E-12	-5.379030E-12	-2.914501E-12	-3.583283E-12	-2.716337E-12	-2.219381E-12	-4.119791E-12	-4.044391E-12	-5.184347E-12	-1.831319E-12	1.646951E-12	-5.806053E-12	-8.551906E-12	-4.240192E-12	-2.724271E-12	-5.349554E-12	-6.264767E-14	-5.077936E-12	-4.038315E-12	-3.590891E-12	-3.664768E-12	-3.461975E-12	-3.405268E-12	-4.458660E-12	-2.083304E-12	-3.292436E-12	-3.789106E-12	-4.752460E-12	-3.199187E-12	-3.799078E-12
0:02:42	0	5.015282E+0	2.554900E+1	2.570700E+1	7.776123E-1	1.018110E+0	1.200000E+2	1.479700E-9	-3.342197E-11	1.185607E-11	-2.080372E-12	-1.959874E-12	-4.050258E-12	-5.700979E-13	-1.319791E-12	-1.136793E-12	5.263648E-12	-5.073437E-13	-7.581985E-13	-3.098231E-12	-1.325887E-12	2.723918E-12	-3.533643E-12	-4.687948E-12	-1.202920E-12	5.700567E-13	-2.517788E-12	-1.764079E-12	-2.382107E-12	5.677947E-13	-1.826770E-12	-1.832384E-12	-1.762785E-12	-2.144094E-12	-3.454297E-12	1.073550E-12	-1.646218E-12	-2.147260E-12	-2.597798E-12	-2.257551E-12	-2.912526E-12
0:02:55	0	5.014522E+0	2.554300E+1	2.570200E+1	7.754588E-1	1.016248E+0	1.400000E+2	1.608900E-9	4.331399E-11	1.374763E-11	1.387578E-12	1.011870E-12	-6.324156E-13	3.800653E-13	2.639583E-12	2.779160E-12	8.053642E-12	2.281546E-12	1.895496E-12	-1.201762E-12	-4.293681E-12	4.560863E-12	-1.892845E-12	8.229909E-13	1.898295E-12	1.584157E-12	-9.439221E-13	2.204601E-12	-9.401752E-13	3.722542E-12	1.511535E-12	1.642862E-12	5.037949E-13	7.565049E-13	-2.324016E-12	2.967463E-12	1.646218E-12	1.266026E-13	-2.090642E-12	-1.505034E-12	1.013487E-12
0:03:09	0	5.015585E+0	2.554900E+1	2.570200E+1	7.755601E-1	1.016476E+0	1.600000E+2	1.762500E-9	1.379488E-10	1.708971E-11	4.602699E-12	3.224213E-12	1.076006E-12	4.814827E-12	5.657241E-12	6.126717E-12	1.185772E-11	3.929662E-12	6.003735E-12	1.770703E-12	5.872783E-12	7.410778E-12	1.451513E-12	-2.533972E-12	4.936567E-12	7.031699E-12	2.769169E-12	4.913367E-12	1.629967E-12	2.902726E-12	3.149364E-12	4.485701E-12	1.951584E-12	2.900599E-12	1.318661E-12	6.566894E-12	3.989105E-12	3.599701E-12	2.724837E-12	2.445680E-12	2.278847E-12
0:03:23	0	5.016118E+0	2.555000E+1	2.570300E+1	7.761555E-1	1.016768E+0	1.800000E+2	1.870100E-9	3.060664E-10	2.163044E-11	1.134947E-11	8.407303E-12	7.088450E-12	9.503633E-12	1.062283E-11	1.130710E-11	2.175034E-11	9.318312E-12	1.036437E-11	2.781820E-12	1.187217E-11	1.380859E-11	4.733109E-12	7.220921E-12	9.176759E-12	1.026302E-11	7.993530E-12	1.089771E-11	7.334356E-12	1.072734E-11	8.251790E-12	1.042574E-11	7.994141E-12	6.557703E-12	5.338098E-12	1.079730E-11	9.117669E-12	6.440782E-12	8.110492E-12	6.397384E-12	8.483707E-12
0:03:37	0	5.014598E+0	2.555100E+1	2.570400E+1	7.746861E-1	1.015640E+0	2.000000E+2	2.067000E-9	4.849896E-10	2.844203E-11	1.670867E-11	1.403346E-11	9.998761E-12	1.457150E-11	1.621756E-11	1.907619E-11	2.301870E-11	1.312089E-11	1.737871E-11	1.125404E-11	1.294584E-11	1.773647E-11	1.060192E-11	2.045977E-11	1.626539E-11	1.501449E-11	1.372065E-11	1.530691E-11	1.140977E-11	1.716334E-11	1.455151E-11	1.516480E-11	1.353290E-11	1.355637E-11	1.231015E-11	1.761638E-11	1.582848E-11	1.262936E-11	1.146852E-11	1.154024E-11	1.234575E-11
0:03:50	0	5.014370E+0	2.554700E+1	2.570700E+1	7.761175E-1	1.017528E+0	2.200000E+2	2.253400E-9	7.182988E-10	3.424314E-11	2.465390E-11	2.060662E-11	1.797339E-11	2.166772E-11	2.577166E-11	2.431939E-11	2.739439E-11	2.199590E-11	2.540464E-11	1.985303E-11	1.780776E-11	2.559023E-11	1.722788E-11	2.635071E-11	2.366974E-11	2.603759E-11	1.982634E-11	2.242488E-11	2.031174E-11	2.334732E-11	1.996818E-11	2.451624E-11	1.995306E-11	2.005136E-11	1.953204E-11	2.525682E-11	2.311002E-11	2.001717E-11	2.034025E-11	1.881589E-11	2.025975E-11
0:04:04	0	5.014598E+0	2.554200E+1	2.570100E+1	7.755221E-1	1.016945E+0	2.400000E+2	2.586700E-9	1.038740E-9	4.704499E-11	3.657075E-11	3.046787E-11	2.594702E-11	3.319870E-11	3.645800E-11	3.960527E-11	4.185291E-11	3.067978E-11	3.671576E-11	2.908484E-11	3.119523E-11	3.604192E-11	2.865070E-11	2.825169E-11	3.423925E-11	3.471645E-11	3.209931E-11	3.288108E-11	2.821020E-11	2.990883E-11	3.080350E-11	3.405721E-11	3.002399E-11	3.051801E-11	2.775930E-11	3.441240E-11	3.279742E-11	2.866901E-11	2.902092E-11	2.659355E-11	3.026369E-11
0:04:18	0	5.017106E+0	2.554700E+1	2.570200E+1	7.752561E-1	1.016489E+0	2.600000E+2	2.983900E-9	1.487233E-9	6.085634E-11	5.107264E-11	4.323699E-11	3.809880E-11	4.390554E-11	5.060160E-11	5.596612E-11	6.214468E-11	4.500549E-11	5.213612E-11	4.305783E-11	4.009961E-11	4.814056E-11	4.329136E-11	5.130844E-11	4.860535E-11	4.871684E-11	4.248444E-11	4.717966E-11	4.056015E-11	4.612585E-11	4.472454E-11	4.795819E-11	4.362049E-11	4.256137E-11	4.157648E-11	4.906132E-11	4.666284E-11	4.230819E-11	4.277114E-11	3.920118E-11	4.419264E-11
0:04:32	0	5.014901E+0	2.554200E+1	2.570300E+1	7.785117E-1	1.019314E+0	2.800000E+2	3.624800E-9	2.098484E-9	8.135185E-11	6.948443E-11	6.150553E-11	5.411000E-11	6.513019E-11	7.140766E-11	7.832704E-11	8.529052E-11	6.440163E-11	7.374778E-11	6.031869E-11	5.797117E-11	6.891693E-11	5.849987E-11	6.980523E-11	6.727559E-11	7.101706E-11	6.268736E-11	6.752623E-11	5.723589E-11	6.398349E-11	6.444113E-11	6.899919E-11	6.067797E-11	6.034222E-11	5.834529E-11	6.869820E-11	6.470726E-11	6.049411E-11	6.038656E-11	5.751507E-11	6.388268E-11
0:04:45	0	5.014901E+0	2.554300E+1	2.570000E+1	7.781697E-1	1.018908E+0	3.000000E+2	4.495100E-9	2.971023E-9	1.080278E-10	1.014525E-10	8.685317E-11	7.828566E-11	9.173876E-11	9.975638E-11	1.121207E-10	1.175041E-10	8.982084E-11	1.040189E-10	8.579924E-11	8.569318E-11	9.476116E-11	8.759190E-11	8.773203E-11	9.195742E-11	1.021852E-10	9.113617E-11	9.706809E-11	8.199812E-11	9.130537E-11	9.007856E-11	9.844302E-11	8.510059E-11	8.594195E-11	8.566536E-11	9.629152E-11	9.509883E-11	8.695305E-11	8.801305E-11	8.297985E-11	8.965064E-11
0:04:59	0	5.014978E+0	2.554400E+1	2.570100E+1	7.767509E-1	1.017363E+0	3.200000E+2	5.763400E-9	4.275043E-9	1.504693E-10	1.444545E-10	1.269288E-10	1.169529E-10	1.329208E-10	1.435060E-10	1.573481E-10	1.686780E-10	1.292476E-10	1.459802E-10	1.219020E-10	1.235198E-10	1.324500E-10	1.245721E-10	1.315026E-10	1.292339E-10	1.453274E-10	1.331169E-10	1.397133E-10	1.206146E-10	1.328879E-10	1.314012E-10	1.407145E-10	1.219859E-10	1.240260E-10	1.272428E-10	1.394807E-10	1.377096E-10	1.264830E-10	1.269820E-10	1.196720E-10	1.280182E-10
0:05:13	0	5.016422E+0	2.554600E+1	2.570100E+1	7.769536E-1	1.017477E+0	3.400000E+2	7.745200E-9	6.256001E-9	2.115148E-10	2.092735E-10	1.880551E-10	1.742910E-10	1.930452E-10	2.077481E-10	2.249365E-10	2.285402E-10	1.899096E-10	2.142928E-10	1.836111E-10	1.789010E-10	1.908523E-10	1.853434E-10	1.932629E-10	1.854974E-10	2.149504E-10	1.971893E-10	2.050975E-10	1.779761E-10	1.998996E-10	1.935113E-10	2.054794E-10	1.768111E-10	1.826034E-10	1.886032E-10	2.048955E-10	2.045698E-10	1.881135E-10	1.898393E-10	1.763722E-10	1.910143E-10
0:05:27	0	5.015054E+0	2.554100E+1	2.569800E+1	7.766496E-1	1.017388E+0	3.600000E+2	1.072600E-8	9.468433E-9	3.115333E-10	3.191749E-10	2.859072E-10	2.657395E-10	2.934634E-10	3.087617E-10	3.345303E-10	3.339954E-10	2.877169E-10	3.209025E-10	2.785154E-10	2.839811E-10	2.868804E-10	2.788669E-10	2.855559E-10	2.757464E-10	3.260684E-10	3.002845E-10	3.136301E-10	2.733901E-10	3.003544E-10	2.966925E-10	3.111891E-10	2.660027E-10	2.780026E-10	2.922936E-10	3.095212E-10	3.127115E-10	2.877587E-10	2.907153E-10	2.682584E-10	2.902891E-10
0:05:40	0	5.015585E+0	2.554400E+1	2.569800E+1	7.772323E-1	1.017667E+0	3.620000E+2	1.084200E-8	9.902038E-9	3.258484E-10	3.311544E-10	2.974119E-10	2.808645E-10	3.076559E-10	3.233449E-10	3.507645E-10	3.484539E-10	3.010920E-10	3.351218E-10	2.937530E-10	2.888430E-10	2.988520E-10	2.918667E-10	3.031017E-10	2.882132E-10	3.405759E-10	3.158304E-10	3.267325E-10	2.878084E-10	3.140472E-10	3.104246E-10	3.259749E-10	2.783402E-10	2.913072E-10	3.043519E-10	3.242967E-10	3.256283E-10	3.027885E-10	3.043385E-10	2.804888E-10	3.027618E-10
0:05:54	0	5.015662E+0	2.554700E+1	2.570100E+1	7.780810E-1	1.019098E+0	3.640000E+2	1.114400E-8	1.033660E-8	3.395333E-10	3.470439E-10	3.108756E-10	2.923828E-10	3.173485E-10	3.389334E-10	3.657353E-10	3.646242E-10	3.138326E-10	3.506040E-10	3.036795E-10	3.056409E-10	3.132306E-10	3.046773E-10	3.093096E-10	3.011246E-10	3.553363E-10	3.309361E-10	3.414089E-10	2.986541E-10	3.272350E-10	3.247872E-10	3.406339E-10	2.897963E-10	3.039816E-10	3.193628E-10	3.372411E-10	3.424064E-10	3.151647E-10	3.186589E-10	2.954164E-10	3.170076E-10
0:06:07	0	5.014673E+0	2.554100E+1	2.569900E+1	7.784104E-1	1.018984E+0	3.660000E+2	1.175400E-8	1.083987E-8	3.539111E-10	3.645728E-10	3.273739E-10	3.044707E-10	3.361017E-10	3.555915E-10	3.836747E-10	3.824434E-10	3.293631E-10	3.665920E-10	3.185379E-10	3.159340E-10	3.279262E-10	3.205802E-10	3.321133E-10	3.135924E-10	3.709209E-10	3.452867E-10	3.572826E-10	3.145767E-10	3.457232E-10	3.400318E-10	3.575683E-10	3.049022E-10	3.179162E-10	3.361316E-10	3.542893E-10	3.577920E-10	3.312672E-10	3.350710E-10	3.073339E-10	3.309995E-10
0:06:21	0	5.017030E+0	2.553200E+1	2.569000E+1	7.761175E-1	1.017388E+0	3.680000E+2	1.228100E-8	1.133256E-8	3.700561E-10	3.802731E-10	3.419123E-10	3.213681E-10	3.506102E-10	3.709914E-10	3.986444E-10	3.953792E-10	3.435617E-10	3.828334E-10	3.356091E-10	3.279956E-10	3.419257E-10	3.349678E-10	3.483932E-10	3.289076E-10	3.882156E-10	3.618401E-10	3.730301E-10	3.281182E-10	3.608674E-10	3.547713E-10	3.722274E-10	3.191913E-10	3.333011E-10	3.525236E-10	3.719695E-10	3.762793E-10	3.473696E-10	3.496444E-10	3.222614E-10	3.475242E-10
0:06:34	0	5.014066E+0	2.552700E+1	2.568400E+1	7.745340E-1	1.015374E+0	3.700000E+2	1.271700E-8	1.188580E-8	3.849386E-10	3.981165E-10	3.598645E-10	3.366200E-10	3.682873E-10	3.888433E-10	4.184156E-10	4.126908E-10	3.602330E-10	4.005912E-10	3.528071E-10	3.534446E-10	3.580773E-10	3.525753E-10	3.653060E-10	3.434646E-10	4.082986E-10	3.807841E-10	3.927462E-10	3.449186E-10	3.764529E-10	3.728500E-10	3.914988E-10	3.348646E-10	3.497581E-10	3.675960E-10	3.892699E-10	3.914750E-10	3.625878E-10	3.656124E-10	3.379415E-10	3.648714E-10
0:06:48	0	5.016194E+0	2.552200E+1	2.568200E+1	7.755601E-1	1.016388E+0	3.720000E+2	1.321500E-8	1.245884E-8	4.046775E-10	4.165910E-10	3.757940E-10	3.535813E-10	3.846961E-10	4.055640E-10	4.386296E-10	4.412905E-10	3.784884E-10	4.206236E-10	3.676654E-10	3.696743E-10	3.748638E-10	3.684144E-10	3.738569E-10	3.592864E-10	4.274935E-10	3.981563E-10	4.117692E-10	3.633500E-10	3.979703E-10	3.899214E-10	4.096960E-10	3.498453E-10	3.639446E-10	3.851194E-10	4.082120E-10	4.130658E-10	3.832370E-10	3.855715E-10	3.546256E-10	3.831691E-10
0:07:01	0	5.014978E+0	2.552700E+1	2.568700E+1	7.752814E-1	1.016033E+0	3.740000E+2	1.377400E-8	1.309250E-8	4.206323E-10	4.397319E-10	3.947580E-10	3.713649E-10	4.045265E-10	4.288846E-10	4.601060E-10	4.598704E-10	3.962374E-10	4.416047E-10	3.870134E-10	3.836300E-10	3.934862E-10	3.867152E-10	3.986246E-10	3.759944E-10	4.480825E-10	4.188003E-10	4.336273E-10	3.815924E-10	4.216961E-10	4.109606E-10	4.312427E-10	3.683506E-10	3.846897E-10	4.068495E-10	4.280393E-10	4.342757E-10	3.997183E-10	4.054046E-10	3.734415E-10	4.025433E-10
0:07:15	0	5.014826E+0	2.552800E+1	2.568900E+1	7.758768E-1	1.016527E+0	3.760000E+2	1.454500E-8	1.373671E-8	4.424519E-10	4.602868E-10	4.130256E-10	3.908568E-10	4.248640E-10	4.480563E-10	4.812663E-10	4.777526E-10	4.159508E-10	4.604370E-10	4.056657E-10	4.070583E-10	4.126156E-10	4.077298E-10	4.164874E-10	3.956767E-10	4.712688E-10	4.402622E-10	4.544770E-10	3.993963E-10	4.391742E-10	4.321887E-10	4.533570E-10	3.867306E-10	4.043628E-10	4.279520E-10	4.505180E-10	4.556136E-10	4.218199E-10	4.248576E-10	3.923831E-10	4.221694E-10
0:07:28	0	5.015662E+0	2.553000E+1	2.568900E+1	7.758008E-1	1.016679E+0	3.780000E+2	1.521900E-8	1.446108E-8	4.671098E-10	4.835541E-10	4.366039E-10	4.094627E-10	4.463407E-10	4.713769E-10	5.072919E-10	5.010887E-10	4.375664E-10	4.869151E-10	4.278583E-10	4.298546E-10	4.356099E-10	4.274194E-10	4.347942E-10	4.151692E-10	4.964834E-10	4.646203E-10	4.785397E-10	4.202722E-10	4.608172E-10	4.549920E-10	4.761675E-10	4.062435E-10	4.249806E-10	4.511268E-10	4.733746E-10	4.811295E-10	4.457518E-10	4.490000E-10	4.129566E-10	4.466090E-10
0:07:42	0	5.014978E+0	2.553000E+1	2.568800E+1	7.776630E-1	1.018110E+0	3.800000E+2	1.612100E-8	1.522112E-8	4.887413E-10	5.075142E-10	4.584120E-10	4.347773E-10	4.696557E-10	4.978402E-10	5.354635E-10	5.305753E-10	4.610193E-10	5.118768E-10	4.503664E-10	4.469057E-10	4.573363E-10	4.501375E-10	4.632989E-10	4.363072E-10	5.218239E-10	4.867121E-10	5.059406E-10	4.441566E-10	4.861837E-10	4.781096E-10	5.002409E-10	4.287145E-10	4.471760E-10	4.755577E-10	4.979376E-10	5.051890E-10	4.675374E-10	4.711138E-10	4.350340E-10	4.694645E-10
0:07:55	0	5.016726E+0	2.554100E+1	2.569400E+1	7.782330E-1	1.018896E+0	3.820000E+2	1.688600E-8	1.603049E-8	5.137138E-10	5.350677E-10	4.832538E-10	4.557249E-10	4.956321E-10	5.246181E-10	5.607940E-10	5.524528E-10	4.844732E-10	5.383559E-10	4.740134E-10	4.673024E-10	4.822295E-10	4.737393E-10	4.910436E-10	4.563702E-10	5.487475E-10	5.143422E-10	5.313258E-10	4.687941E-10	5.143264E-10	5.045664E-10	5.286114E-10	4.503042E-10	4.713882E-10	5.008680E-10	5.263513E-10	5.330468E-10	4.962064E-10	4.983601E-10	4.599344E-10	4.945368E-10
0:08:09	0	5.014445E+0	2.552900E+1	2.568800E+1	7.786131E-1	1.019187E+0	3.840000E+2	1.780000E-8	1.692215E-8	5.398222E-10	5.632533E-10	5.094875E-10	4.838879E-10	5.224948E-10	5.522761E-10	5.895349E-10	5.791504E-10	5.109061E-10	5.674886E-10	5.015811E-10	4.999502E-10	5.094037E-10	5.013170E-10	5.186623E-10	4.841532E-10	5.811198E-10	5.434199E-10	5.585378E-10	4.941828E-10	5.434154E-10	5.329127E-10	5.588143E-10	4.752306E-10	4.971770E-10	5.303237E-10	5.544490E-10	5.631215E-10	5.236124E-10	5.250363E-10	4.841447E-10	5.232802E-10
0:08:22	0	5.016498E+0	2.552500E+1	2.568400E+1	7.757122E-1	1.017084E+0	3.860000E+2	1.870200E-8	1.786542E-8	5.713535E-10	5.962296E-10	5.382480E-10	5.097080E-10	5.525249E-10	5.837050E-10	6.226974E-10	6.145975E-10	5.387329E-10	5.990227E-10	5.304753E-10	5.276094E-10	5.355009E-10	5.273167E-10	5.410860E-10	5.066211E-10	6.107687E-10	5.755192E-10	5.932456E-10	5.227701E-10	5.715581E-10	5.628341E-10	5.895858E-10	5.028628E-10	5.245426E-10	5.602187E-10	5.877251E-10	5.945896E-10	5.525964E-10	5.560219E-10	5.129334E-10	5.522146E-10
0:08:36	0	5.014142E+0	2.552700E+1	2.568700E+1	7.774223E-1	1.018338E+0	3.880000E+2	1.979500E-8	1.892246E-8	5.994172E-10	6.299625E-10	5.694753E-10	5.402758E-10	5.846464E-10	6.179005E-10	6.604708E-10	6.492216E-10	5.685882E-10	6.339058E-10	5.603816E-10	5.555846E-10	5.670460E-10	5.606368E-10	5.801056E-10	5.407964E-10	6.463082E-10	6.065484E-10	6.265045E-10	5.545539E-10	6.102378E-10	5.974175E-10	6.236430E-10	5.307474E-10	5.559435E-10	5.927519E-10	6.200531E-10	6.308054E-10	5.841065E-10	5.942306E-10	5.440430E-10	5.861504E-10
0:08:49	0	5.015282E+0	2.552300E+1	2.568700E+1	7.744707E-1	1.015362E+0	3.900000E+2	2.090200E-8	2.003496E-8	6.341014E-10	6.664079E-10	6.031673E-10	5.737539E-10	6.186683E-10	6.531638E-10	7.000133E-10	6.821960E-10	6.028814E-10	6.688528E-10	5.949672E-10	5.913267E-10	6.009980E-10	5.921895E-10	6.165282E-10	5.726937E-10	6.845720E-10	6.436197E-10	6.642353E-10	5.869019E-10	6.461414E-10	6.331335E-10	6.616174E-10	5.622192E-10	5.874699E-10	6.273574E-10	6.562339E-10	6.676539E-10	6.216786E-10	6.254692E-10	5.736476E-10	6.210987E-10
0:09:03	0	5.016650E+0	2.552800E+1	2.568900E+1	7.751294E-1	1.016388E+0	3.920000E+2	2.210400E-8	2.126339E-8	6.684082E-10	7.089689E-10	6.412202E-10	6.086246E-10	6.565558E-10	6.926394E-10	7.401869E-10	7.262042E-10	6.389488E-10	7.096130E-10	6.299949E-10	6.321840E-10	6.385598E-10	6.299269E-10	6.414229E-10	6.058559E-10	7.259412E-10	6.859154E-10	7.068179E-10	6.231986E-10	6.860205E-10	6.730708E-10	7.020565E-10	5.977203E-10	6.238518E-10	6.666098E-10	6.978441E-10	7.088093E-10	6.591878E-10	6.676062E-10	6.100259E-10	6.594033E-10
0:09:16	0	5.015054E+0	2.553200E+1	2.569000E+1	7.749141E-1	1.015805E+0	3.940000E+2	2.350100E-8	2.258365E-8	7.107233E-10	7.521600E-10	6.795266E-10	6.455845E-10	6.968497E-10	7.361380E-10	7.864245E-10	7.737012E-10	6.785667E-10	7.527126E-10	6.691331E-10	6.711471E-10	6.768827E-10	6.695581E-10	6.858905E-10	6.437020E-10	7.701596E-10	7.272671E-10	7.473201E-10	6.633827E-10	7.315158E-10	7.145197E-10	7.448328E-10	6.340392E-10	6.636390E-10	7.093176E-10	7.393288E-10	7.536360E-10	7.011800E-10	7.076525E-10	6.455893E-10	7.015690E-10
0:09:30	0	5.014673E+0	2.553900E+1	2.569500E+1	7.757122E-1	1.016527E+0	3.960000E+2	2.487800E-8	2.406483E-8	7.537333E-10	8.012777E-10	7.245967E-10	6.884928E-10	7.408823E-10	7.868646E-10	8.367057E-10	8.189778E-10	7.216068E-10	8.005509E-10	7.125692E-10	7.039842E-10	7.216664E-10	7.136693E-10	7.346019E-10	6.843335E-10	8.214106E-10	7.754787E-10	7.970196E-10	7.068267E-10	7.811749E-10	7.625825E-10	7.946233E-10	6.778485E-10	7.068932E-10	7.566089E-10	7.894637E-10	8.046038E-10	7.506238E-10	7.565065E-10	6.923790E-10	7.462684E-10
0:09:43	0	5.015813E+0	2.554200E+1	2.569900E+1	7.773716E-1	1.017996E+0	3.980000E+2	2.630300E-8	2.564543E-8	7.996434E-10	8.511529E-10	7.691609E-10	7.341856E-10	7.896657E-10	8.368371E-10	8.936819E-10	8.648880E-10	7.690840E-10	8.523069E-10	7.610649E-10	7.570297E-10	7.712009E-10	7.595479E-10	7.781834E-10	7.312294E-10	8.739929E-10	8.267744E-10	8.508767E-10	7.537186E-10	8.315921E-10	8.137321E-10	8.506053E-10	7.215942E-10	7.542464E-10	8.059734E-10	8.406083E-10	8.595617E-10	7.976681E-10	8.078953E-10	7.398588E-10	7.978683E-10
0:09:57	0	5.015585E+0	2.555100E+1	2.570600E+1	7.772576E-1	1.017946E+0	4.000000E+2	2.833700E-8	2.744636E-8	8.533735E-10	9.091614E-10	8.247878E-10	7.886753E-10	8.457353E-10	8.954209E-10	9.536268E-10	9.311551E-10	8.208721E-10	9.129738E-10	8.155664E-10	8.103274E-10	8.233313E-10	8.162805E-10	8.320258E-10	7.791383E-10	9.359500E-10	8.845534E-10	9.108444E-10	8.080707E-10	8.897701E-10	8.730072E-10	9.086102E-10	7.728938E-10	8.063288E-10	8.628127E-10	9.000253E-10	9.177481E-10	8.536793E-10	8.655570E-10	7.902240E-10	8.538370E-10
0:10:10	0	5.014826E+0	2.554800E+1	2.570400E+1	7.785244E-1	1.018972E+0	4.020000E+2	3.024900E-8	2.939181E-8	9.102566E-10	9.708907E-10	8.849651E-10	8.453799E-10	9.071278E-10	9.598515E-10	1.020078E-9	9.969137E-10	8.758293E-10	9.748418E-10	8.707636E-10	8.632462E-10	8.824305E-10	8.726972E-10	8.980301E-10	8.356546E-10	9.990473E-10	9.474295E-10	9.756609E-10	8.666228E-10	9.550785E-10	9.332906E-10	9.743237E-10	8.281593E-10	8.623201E-10	9.243614E-10	9.631036E-10	9.816957E-10	9.176465E-10	9.274640E-10	8.490560E-10	9.175927E-10
0:10:24	0	5.016574E+0	2.554400E+1	2.570100E+1	7.784737E-1	1.018858E+0	4.040000E+2	3.240700E-8	3.162825E-8	9.757791E-10	1.043149E-9	9.500102E-10	9.089192E-10	9.764388E-10	1.034528E-9	1.099669E-9	1.066351E-9	9.425135E-10	1.045241E-9	9.382270E-10	9.313838E-10	9.490675E-10	9.402210E-10	9.749303E-10	9.000817E-10	1.074562E-9	1.017608E-9	1.048730E-9	9.335128E-10	1.027391E-9	1.006739E-9	1.049262E-9	8.907888E-10	9.262567E-10	9.928812E-10	1.038179E-9	1.055458E-9	9.872341E-10	1.002614E-9	9.131576E-10	9.873634E-10
0:10:37	0	5.016269E+0	2.554100E+1	2.570000E+1	7.762695E-1	1.017604E+0	4.060000E+2	3.505500E-8	3.412671E-8	1.048176E-9	1.125497E-9	1.027381E-9	9.812553E-10	1.051516E-9	1.114547E-9	1.185070E-9	1.149422E-9	1.015599E-9	1.126383E-9	1.014985E-9	1.008110E-9	1.026662E-9	1.012289E-9	1.043659E-9	9.691297E-10	1.156032E-9	1.091939E-9	1.134272E-9	1.008866E-9	1.108600E-9	1.089952E-9	1.136394E-9	9.616649E-10	9.979485E-10	1.074088E-9	1.118686E-9	1.141376E-9	1.067620E-9	1.083340E-9	9.887994E-10	1.067454E-9
0:10:51	0	5.016346E+0	2.553600E+1	2.570000E+1	7.749774E-1	1.015678E+0	4.080000E+2	3.760400E-8	3.687463E-8	1.125681E-9	1.212511E-9	1.104815E-9	1.056630E-9	1.137235E-9	1.206949E-9	1.279820E-9	1.244034E-9	1.090079E-9	1.217762E-9	1.093829E-9	1.091656E-9	1.111796E-9	1.100574E-9	1.133227E-9	1.048366E-9	1.245737E-9	1.184523E-9	1.225104E-9	1.091115E-9	1.204133E-9	1.177448E-9	1.223528E-9	1.039715E-9	1.073991E-9	1.160068E-9	1.207778E-9	1.235714E-9	1.154258E-9	1.172810E-9	1.066636E-9	1.157106E-9
0:11:04	0	5.016650E+0	2.554300E+1	2.569800E+1	7.750534E-1	1.016084E+0	4.100000E+2	4.079200E-8	4.008716E-8	1.213654E-9	1.313395E-9	1.197232E-9	1.151496E-9	1.236387E-9	1.310791E-9	1.390930E-9	1.355514E-9	1.182373E-9	1.316345E-9	1.191831E-9	1.179686E-9	1.206810E-9	1.196495E-9	1.238315E-9	1.140260E-9	1.352483E-9	1.286611E-9	1.330298E-9	1.186967E-9	1.312602E-9	1.283716E-9	1.331828E-9	1.135579E-9	1.167436E-9	1.260995E-9	1.313289E-9	1.343350E-9	1.259144E-9	1.278375E-9	1.162349E-9	1.260621E-9
0:11:18	0	5.014294E+0	2.553900E+1	2.569800E+1	7.746987E-1	1.015678E+0	4.107443E+2	4.183700E-8	4.128087E-8	1.249537E-9	1.349146E-9	1.232566E-9	1.187252E-9	1.272627E-9	1.351713E-9	1.435146E-9	1.385572E-9	1.219328E-9	1.354262E-9	1.227429E-9	1.223512E-9	1.243549E-9	1.232088E-9	1.269163E-9	1.177094E-9	1.391698E-9	1.325948E-9	1.372691E-9	1.224143E-9	1.351723E-9	1.321259E-9	1.375616E-9	1.167556E-9	1.200918E-9	1.298175E-9	1.349090E-9	1.383491E-9	1.293496E-9	1.319879E-9	1.196406E-9	1.298799E-9
0:11:31	0	5.015357E+0	2.554400E+1	2.570000E+1	7.762315E-1	1.016882E+0	4.114885E+2	4.331000E-8	4.267617E-8	1.289898E-9	1.393914E-9	1.274918E-9	1.224654E-9	1.314758E-9	1.397348E-9	1.483406E-9	1.439537E-9	1.255966E-9	1.401532E-9	1.266566E-9	1.267210E-9	1.285481E-9	1.272855E-9	1.309831E-9	1.217092E-9	1.438515E-9	1.374286E-9	1.418611E-9	1.264891E-9	1.397407E-9	1.370582E-9	1.422310E-9	1.207903E-9	1.238876E-9	1.338119E-9	1.394300E-9	1.431420E-9	1.338266E-9	1.364234E-9	1.238681E-9	1.342802E-9
0:11:45	0	5.014294E+0	2.554400E+1	2.570300E+1	7.761049E-1	1.016666E+0	4.122328E+2	4.465300E-8	4.401123E-8	1.329501E-9	1.434898E-9	1.315690E-9	1.265980E-9	1.356953E-9	1.439966E-9	1.528822E-9	1.486272E-9	1.292223E-9	1.444062E-9	1.304881E-9	1.299668E-9	1.327668E-9	1.313621E-9	1.357782E-9	1.253672E-9	1.479883E-9	1.413371E-9	1.460122E-9	1.302003E-9	1.447572E-9	1.411086E-9	1.466856E-9	1.246740E-9	1.278600E-9	1.380764E-9	1.440140E-9	1.476121E-9	1.384617E-9	1.408146E-9	1.278007E-9	1.385538E-9
0:11:58	0	5.016726E+0	2.554900E+1	2.570400E+1	7.773590E-1	1.017946E+0	4.129771E+2	4.620500E-8	4.558103E-8	1.374403E-9	1.484521E-9	1.361898E-9	1.305598E-9	1.403076E-9	1.491322E-9	1.580430E-9	1.531485E-9	1.341413E-9	1.492848E-9	1.353756E-9	1.347409E-9	1.374542E-9	1.363286E-9	1.402630E-9	1.299176E-9	1.530120E-9	1.465800E-9	1.516058E-9	1.348581E-9	1.496475E-9	1.466708E-9	1.523723E-9	1.292249E-9	1.321602E-9	1.433268E-9	1.492738E-9	1.527280E-9	1.432860E-9	1.464286E-9	1.324734E-9	1.436758E-9
0:12:12	0	5.014901E+0	2.554900E+1	2.570900E+1	7.785371E-1	1.019377E+0	4.137213E+2	4.775000E-8	4.708159E-8	1.413376E-9	1.532630E-9	1.403617E-9	1.355657E-9	1.451796E-9	1.540917E-9	1.638985E-9	1.584118E-9	1.379952E-9	1.539297E-9	1.397130E-9	1.393066E-9	1.420022E-9	1.407271E-9	1.450264E-9	1.342845E-9	1.580548E-9	1.512942E-9	1.561537E-9	1.399549E-9	1.545566E-9	1.515338E-9	1.574271E-9	1.335428E-9	1.364415E-9	1.478111E-9	1.535928E-9	1.581540E-9	1.477568E-9	1.514407E-9	1.369893E-9	1.483609E-9
0:12:25	0	5.015890E+0	2.554800E+1	2.570600E+1	7.786257E-1	1.019440E+0	4.144656E+2	4.978400E-8	4.899423E-8	1.464520E-9	1.589252E-9	1.459813E-9	1.408059E-9	1.506346E-9	1.602519E-9	1.706890E-9	1.652477E-9	1.433198E-9	1.598258E-9	1.455552E-9	1.445416E-9	1.474688E-9	1.469241E-9	1.518232E-9	1.398855E-9	1.641872E-9	1.573301E-9	1.625094E-9	1.454903E-9	1.613651E-9	1.577448E-9	1.638594E-9	1.392015E-9	1.418515E-9	1.536143E-9	1.600206E-9	1.641562E-9	1.542609E-9	1.576441E-9	1.428286E-9	1.550278E-9
0:12:39	0	5.016422E+0	2.555100E+1	2.570700E+1	7.762822E-1	1.017578E+0	4.152099E+2	5.137000E-8	5.067812E-8	1.513520E-9	1.645117E-9	1.507917E-9	1.455650E-9	1.563240E-9	1.660222E-9	1.767782E-9	1.704349E-9	1.480929E-9	1.654816E-9	1.502719E-9	1.494420E-9	1.526818E-9	1.518716E-9	1.575179E-9	1.445435E-9	1.694199E-9	1.626107E-9	1.683550E-9	1.508253E-9	1.672459E-9	1.634015E-9	1.693503E-9	1.436517E-9	1.465680E-9	1.589464E-9	1.649203E-9	1.699432E-9	1.597421E-9	1.636194E-9	1.476205E-9	1.599092E-9
0:12:52	0	5.015206E+0	2.555200E+1	2.570800E+1	7.774856E-1	1.018731E+0	4.159541E+2	5.347300E-8	5.264226E-8	1.566367E-9	1.702873E-9	1.566577E-9	1.512924E-9	1.626848E-9	1.725784E-9	1.834550E-9	1.768586E-9	1.539119E-9	1.716052E-9	1.559814E-9	1.554286E-9	1.588388E-9	1.580434E-9	1.633646E-9	1.506825E-9	1.760022E-9	1.685396E-9	1.747611E-9	1.560097E-9	1.732531E-9	1.698645E-9	1.764777E-9	1.497447E-9	1.519906E-9	1.648186E-9	1.715629E-9	1.768889E-9	1.660441E-9	1.700254E-9	1.533469E-9	1.665887E-9
0:13:06	0	5.016346E+0	2.554800E+1	2.570500E+1	7.745974E-1	1.015931E+0	4.166984E+2	5.512500E-8	5.452848E-8	1.616692E-9	1.764413E-9	1.623721E-9	1.564882E-9	1.683932E-9	1.787008E-9	1.902264E-9	1.838023E-9	1.582920E-9	1.771537E-9	1.617918E-9	1.613835E-9	1.647677E-9	1.639817E-9	1.689895E-9	1.560493E-9	1.818242E-9	1.747140E-9	1.815137E-9	1.621783E-9	1.796513E-9	1.763337E-9	1.828404E-9	1.551013E-9	1.568899E-9	1.705464E-9	1.776308E-9	1.827581E-9	1.717715E-9	1.766534E-9	1.588915E-9	1.730466E-9
0:13:19	0	5.014598E+0	2.554300E+1	2.570400E+1	7.752814E-1	1.016020E+0	4.174427E+2	5.714900E-8	5.656504E-8	1.672439E-9	1.821728E-9	1.683204E-9	1.622156E-9	1.749759E-9	1.856656E-9	1.971811E-9	1.911392E-9	1.641744E-9	1.837260E-9	1.673306E-9	1.673827E-9	1.712350E-9	1.702292E-9	1.753557E-9	1.619224E-9	1.881656E-9	1.807310E-9	1.875608E-9	1.681465E-9	1.876020E-9	1.830676E-9	1.893169E-9	1.612006E-9	1.630313E-9	1.769902E-9	1.843176E-9	1.895708E-9	1.784839E-9	1.833320E-9	1.653769E-9	1.793399E-9
0:13:33	0	5.016346E+0	2.554800E+1	2.570000E+1	7.758642E-1	1.016704E+0	4.181869E+2	5.974400E-8	5.917629E-8	1.745467E-9	1.903193E-9	1.757540E-9	1.698986E-9	1.825849E-9	1.940509E-9	2.064792E-9	1.995350E-9	1.716352E-9	1.915684E-9	1.757271E-9	1.748279E-9	1.790325E-9	1.783826E-9	1.845152E-9	1.697512E-9	1.968384E-9	1.889636E-9	1.966188E-9	1.760328E-9	1.961141E-9	1.914519E-9	1.987695E-9	1.689239E-9	1.697654E-9	1.846901E-9	1.928290E-9	1.984791E-9	1.867814E-9	1.919622E-9	1.732107E-9	1.875896E-9
0:13:46	0	5.014901E+0	2.555500E+1	2.570600E+1	7.757755E-1	1.016793E+0	4.189312E+2	6.211500E-8	6.147200E-8	1.809034E-9	1.970597E-9	1.824166E-9	1.761134E-9	1.895794E-9	2.022666E-9	2.143563E-9	2.075251E-9	1.775556E-9	1.990444E-9	1.820372E-9	1.818185E-9	1.862536E-9	1.853243E-9	1.915274E-9	1.761559E-9	2.037310E-9	1.962960E-9	2.039068E-9	1.831355E-9	2.036229E-9	1.995968E-9	2.065729E-9	1.759422E-9	1.761842E-9	1.917430E-9	1.999768E-9	2.065772E-9	1.940117E-9	2.000032E-9	1.800285E-9	1.959342E-9
0:14:00	0	5.016118E+0	2.555800E+1	2.571000E+1	7.776123E-1	1.018262E+0	4.196755E+2	6.496000E-8	6.425442E-8	1.878657E-9	2.058430E-9	1.904445E-9	1.840052E-9	1.985252E-9	2.122047E-9	2.244629E-9	2.170499E-9	1.853332E-9	2.069753E-9	1.898773E-9	1.904446E-9	1.949380E-9	1.939699E-9	2.000915E-9	1.849846E-9	2.124419E-9	2.049880E-9	2.133242E-9	1.914795E-9	2.127663E-9	2.087434E-9	2.164238E-9	1.835521E-9	1.836939E-9	2.004289E-9	2.087661E-9	2.152957E-9	2.035342E-9	2.100022E-9	1.882826E-9	2.047030E-9
0:14:13	0	5.016041E+0	2.556200E+1	2.571500E+1	7.770929E-1	1.017730E+0	4.204197E+2	6.763300E-8	6.690118E-8	1.951432E-9	2.138509E-9	1.979035E-9	1.919350E-9	2.064384E-9	2.200181E-9	2.339442E-9	2.259213E-9	1.919065E-9	2.155321E-9	1.980210E-9	1.971953E-9	2.034196E-9	2.023693E-9	2.094728E-9	1.928639E-9	2.205065E-9	2.134472E-9	2.219916E-9	1.996605E-9	2.223449E-9	2.180411E-9	2.258069E-9	1.914957E-9	1.909199E-9	2.086189E-9	2.174357E-9	2.246854E-9	2.115351E-9	2.186451E-9	1.963486E-9	2.126996E-9
0:14:27	0	5.015890E+0	2.555500E+1	2.571300E+1	7.784357E-1	1.019149E+0	4.211640E+2	7.068500E-8	7.006127E-8	2.031333E-9	2.230314E-9	2.068543E-9	2.006114E-9	2.161763E-9	2.303519E-9	2.460406E-9	2.367713E-9	2.004132E-9	2.252577E-9	2.071889E-9	2.072107E-9	2.128325E-9	2.121320E-9	2.200958E-9	2.019520E-9	2.308707E-9	2.229322E-9	2.328197E-9	2.090767E-9	2.331034E-9	2.287245E-9	2.366559E-9	2.013339E-9	1.992996E-9	2.179328E-9	2.273932E-9	2.351703E-9	2.218280E-9	2.292459E-9	2.059261E-9	2.237604E-9
0:14:40	0	5.014901E+0	2.554700E+1	2.570800E+1	7.763835E-1	1.017718E+0	4.219083E+2	7.380600E-8	7.319825E-8	2.114516E-9	2.322308E-9	2.159317E-9	2.096932E-9	2.263069E-9	2.416351E-9	2.563558E-9	2.485724E-9	2.086282E-9	2.350845E-9	2.161864E-9	2.163549E-9	2.222959E-9	2.222921E-9	2.307123E-9	2.118189E-9	2.399934E-9	2.323605E-9	2.428605E-9	2.186307E-9	2.434896E-9	2.393765E-9	2.472964E-9	2.100582E-9	2.082469E-9	2.274792E-9	2.370855E-9	2.452056E-9	2.318746E-9	2.404361E-9	2.156481E-9	2.342323E-9
0:14:54	0	5.015434E+0	2.554900E+1	2.570800E+1	7.766496E-1	1.017933E+0	4.226525E+2	7.787500E-8	7.726489E-8	2.215291E-9	2.445956E-9	2.278092E-9	2.211545E-9	2.387626E-9	2.551183E-9	2.714905E-9	2.620350E-9	2.201143E-9	2.471673E-9	2.277696E-9	2.283153E-9	2.354649E-9	2.351848E-9	2.439892E-9	2.237993E-9	2.528346E-9	2.449925E-9	2.565231E-9	2.305668E-9	2.579900E-9	2.528315E-9	2.615257E-9	2.228045E-9	2.187456E-9	2.396633E-9	2.501116E-9	2.593755E-9	2.448071E-9	2.541038E-9	2.276403E-9	2.476736E-9
0:15:07	0	5.016269E+0	2.555300E+1	2.571200E+1	7.742934E-1	1.015589E+0	4.233968E+2	8.171000E-8	8.095638E-8	2.314048E-9	2.556803E-9	2.378598E-9	2.317106E-9	2.504201E-9	2.678535E-9	2.849387E-9	2.741278E-9	2.292042E-9	2.583338E-9	2.393275E-9	2.395874E-9	2.467780E-9	2.472128E-9	2.563730E-9	2.357988E-9	2.635410E-9	2.554720E-9	2.682331E-9	2.422710E-9	2.706352E-9	2.655434E-9	2.748453E-9	2.338261E-9	2.282919E-9	2.503527E-9	2.617045E-9	2.713103E-9	2.568554E-9	2.668717E-9	2.394947E-9	2.597791E-9
0:15:21	0	5.014750E+0	2.555200E+1	2.570800E+1	7.750914E-1	1.016400E+0	4.241411E+2	8.561900E-8	8.494032E-8	2.411166E-9	2.670803E-9	2.486374E-9	2.433237E-9	2.626857E-9	2.812298E-9	2.995807E-9	2.884528E-9	2.397455E-9	2.701133E-9	2.503290E-9	2.518572E-9	2.593706E-9	2.599666E-9	2.690925E-9	2.474500E-9	2.759704E-9	2.684879E-9	2.815241E-9	2.542447E-9	2.845802E-9	2.794772E-9	2.891379E-9	2.459807E-9	2.387840E-9	2.624049E-9	2.742129E-9	2.842139E-9	2.698510E-9	2.807042E-9	2.510667E-9	2.733596E-9
0:15:34	0	5.016118E+0	2.554700E+1	2.570500E+1	7.753068E-1	1.016109E+0	4.248853E+2	9.042300E-8	8.979326E-8	2.536347E-9	2.808510E-9	2.623607E-9	2.568353E-9	2.781826E-9	2.978810E-9	3.174758E-9	3.065191E-9	2.522075E-9	2.847113E-9	2.640746E-9	2.659963E-9	2.748770E-9	2.749860E-9	2.852010E-9	2.621582E-9	2.896417E-9	2.826178E-9	2.973725E-9	2.692401E-9	3.023491E-9	2.963717E-9	3.066088E-9	2.610746E-9	2.512244E-9	2.765235E-9	2.897205E-9	3.007580E-9	2.852398E-9	2.976922E-9	2.655365E-9	2.894031E-9
0:15:48	0	5.013989E+0	2.554900E+1	2.570600E+1	7.758135E-1	1.016540E+0	4.256296E+2	9.585000E-8	9.490710E-8	2.657869E-9	2.950317E-9	2.767540E-9	2.713279E-9	2.940658E-9	3.159341E-9	3.367479E-9	3.246742E-9	2.645935E-9	2.993914E-9	2.789456E-9	2.807415E-9	2.903073E-9	2.913810E-9	3.044133E-9	2.782903E-9	3.047509E-9	2.985352E-9	3.138508E-9	2.844549E-9	3.198277E-9	3.139780E-9	3.249010E-9	2.762946E-9	2.648251E-9	2.913642E-9	3.057775E-9	3.183152E-9	3.021189E-9	3.152504E-9	2.814802E-9	3.065989E-9
0:16:01	0	5.015129E+0	2.554900E+1	2.570500E+1	7.755728E-1	1.016464E+0	4.263739E+2	1.019800E-7	1.014309E-7	2.818681E-9	3.138278E-9	2.945355E-9	2.896430E-9	3.138265E-9	3.376266E-9	3.601512E-9	3.483018E-9	2.814737E-9	3.190449E-9	2.974143E-9	3.014670E-9	3.110901E-9	3.127172E-9	3.250697E-9	2.991943E-9	3.246432E-9	3.174485E-9	3.356645E-9	3.044906E-9	3.426320E-9	3.366993E-9	3.477995E-9	2.962355E-9	2.818558E-9	3.108023E-9	3.263428E-9	3.394688E-9	3.233425E-9	3.381122E-9	3.016450E-9	3.286570E-9
0:16:15	0	5.015206E+0	2.555000E+1	2.570400E+1	7.772196E-1	1.017870E+0	4.271181E+2	1.083200E-7	1.074844E-7	2.961393E-9	3.306566E-9	3.111602E-9	3.065847E-9	3.331626E-9	3.594196E-9	3.831060E-9	3.703252E-9	2.964712E-9	3.367711E-9	3.151241E-9	3.186498E-9	3.314422E-9	3.331763E-9	3.463977E-9	3.178959E-9	3.416023E-9	3.361794E-9	3.546876E-9	3.221754E-9	3.637388E-9	3.581732E-9	3.699208E-9	3.142060E-9	2.960744E-9	3.290282E-9	3.449634E-9	3.592483E-9	3.433600E-9	3.589781E-9	3.203798E-9	3.492464E-9
0:16:28	0	5.015510E+0	2.555000E+1	2.570400E+1	7.785624E-1	1.019149E+0	4.278624E+2	1.156900E-7	1.148905E-7	3.135889E-9	3.513255E-9	3.317989E-9	3.272857E-9	3.559645E-9	3.846197E-9	4.103940E-9	3.975927E-9	3.134972E-9	3.586490E-9	3.364887E-9	3.400448E-9	3.540493E-9	3.569547E-9	3.731860E-9	3.418568E-9	3.632620E-9	3.569620E-9	3.798902E-9	3.452452E-9	3.908402E-9	3.848882E-9	3.967684E-9	3.375773E-9	3.140510E-9	3.492640E-9	3.680734E-9	3.849351E-9	3.678673E-9	3.844189E-9	3.436243E-9	3.740840E-9
0:16:42	0	5.015585E+0	2.554700E+1	2.570400E+1	7.787904E-1	1.019263E+0	4.286067E+2	1.231600E-7	1.225516E-7	3.322368E-9	3.716222E-9	3.520583E-9	3.481829E-9	3.808442E-9	4.098700E-9	4.391350E-9	4.261731E-9	3.320571E-9	3.805839E-9	3.586118E-9	3.621027E-9	3.782654E-9	3.825948E-9	4.002973E-9	3.664505E-9	3.845923E-9	3.799287E-9	4.038644E-9	3.692554E-9	4.175755E-9	4.117229E-9	4.253664E-9	3.623837E-9	3.331058E-9	3.710447E-9	3.905329E-9	4.106662E-9	3.925829E-9	4.131166E-9	3.679351E-9	4.003968E-9
0:16:55	0	5.014826E+0	2.554300E+1	2.570200E+1	7.763329E-1	1.017705E+0	4.293509E+2	1.320000E-7	1.321352E-7	3.532306E-9	3.972280E-9	3.774442E-9	3.744530E-9	4.105073E-9	4.442413E-9	4.760117E-9	4.625848E-9	3.551240E-9	4.077135E-9	3.850850E-9	3.909996E-9	4.109060E-9	4.153848E-9	4.351431E-9	3.977654E-9	4.108387E-9	4.077291E-9	4.351080E-9	3.983935E-9	4.526971E-9	4.466459E-9	4.612623E-9	3.923767E-9	3.564734E-9	3.970081E-9	4.204939E-9	4.422731E-9	4.240490E-9	4.444568E-9	3.971380E-9	4.327498E-9
0:17:09	0	5.015585E+0	2.554300E+1	2.570300E+1	7.776883E-1	1.018908E+0	4.300952E+2	1.423000E-7	1.421071E-7	3.761478E-9	4.229413E-9	4.037719E-9	4.021851E-9	4.412224E-9	4.790272E-9	5.146887E-9	5.013300E-9	3.773984E-9	4.358733E-9	4.133032E-9	4.203388E-9	4.433504E-9	4.494435E-9	4.709959E-9	4.326310E-9	4.376491E-9	4.362976E-9	4.681024E-9	4.286979E-9	4.892318E-9	4.823813E-9	4.978404E-9	4.255172E-9	3.796014E-9	4.238637E-9	4.502717E-9	4.745953E-9	4.553697E-9	4.794592E-9	4.294083E-9	4.677745E-9
0:17:22	0	5.013989E+0	2.554600E+1	2.570000E+1	7.745214E-1	1.015716E+0	4.308395E+2	1.536900E-7	1.534480E-7	3.993424E-9	4.527401E-9	4.333552E-9	4.337526E-9	4.775316E-9	5.197093E-9	5.573642E-9	5.437153E-9	4.040340E-9	4.660740E-9	4.454228E-9	4.533279E-9	4.805327E-9	4.886263E-9	5.141965E-9	4.712430E-9	4.684822E-9	4.679499E-9	5.041771E-9	4.636036E-9	5.318307E-9	5.245609E-9	5.422159E-9	4.614521E-9	4.057183E-9	4.550965E-9	4.842547E-9	5.105455E-9	4.934156E-9	5.204686E-9	4.640805E-9	5.059775E-9
0:17:36	0	5.015966E+0	2.554200E+1	2.569800E+1	7.754968E-1	1.016806E+0	4.315837E+2	1.701800E-7	1.698162E-7	4.339203E-9	4.935102E-9	4.751065E-9	4.788631E-9	5.293693E-9	5.786394E-9	6.222742E-9	6.104321E-9	4.397405E-9	5.091664E-9	4.900928E-9	5.023756E-9	5.343173E-9	5.461667E-9	5.751275E-9	5.271961E-9	5.106677E-9	5.134804E-9	5.558673E-9	5.124013E-9	5.920531E-9	5.850333E-9	6.041063E-9	5.165788E-9	4.426426E-9	4.992294E-9	5.310556E-9	5.641478E-9	5.477345E-9	5.784281E-9	5.182716E-9	5.636238E-9
0:17:49	0	5.014217E+0	2.554400E+1	2.569700E+1	7.750154E-1	1.016046E+0	4.323280E+2	1.860500E-7	1.860123E-7	4.654141E-9	5.322817E-9	5.161121E-9	5.212080E-9	5.792620E-9	6.373433E-9	6.901028E-9	6.749675E-9	4.728860E-9	5.515385E-9	5.342634E-9	5.512467E-9	5.904645E-9	6.036755E-9	6.378890E-9	5.870728E-9	5.510035E-9	5.562983E-9	6.054787E-9	5.621206E-9	6.515248E-9	6.473264E-9	6.699459E-9	5.709377E-9	4.784255E-9	5.412585E-9	5.785067E-9	6.165155E-9	5.994010E-9	6.364447E-9	5.687058E-9	6.216121E-9
0:18:13	1	5.015129E+0	2.553800E+1	2.570100E+1	7.768649E-1	1.017426E+0	0.000000E+0	-2.261800E-9	2.903549E-9	1.031087E-10	8.468010E-11	9.064619E-11	8.752513E-11	8.983843E-11	8.819084E-11	9.133933E-11	9.302682E-11	9.026414E-11	8.885189E-11	8.674748E-11	8.682965E-11	1.045159E-10	8.733886E-11	8.399408E-11	8.638842E-11	8.995894E-11	8.704551E-11	8.736764E-11	8.845564E-11	8.947548E-11	9.310263E-11	9.174589E-11	8.799617E-11	9.432820E-11	9.163206E-11	9.307087E-11	9.338964E-11	9.219360E-11	9.263847E-11	9.251404E-11	9.534875E-11
0:18:27	1	5.016269E+0	2.554400E+1	2.569700E+1	7.770803E-1	1.018376E+0	0.000000E+0	2.196800E-9	2.940154E-9	1.063244E-10	9.230979E-11	9.361694E-11	8.942337E-11	9.186578E-11	9.240227E-11	9.272841E-11	9.518313E-11	9.267278E-11	9.327538E-11	9.111035E-11	8.960804E-11	9.425417E-11	8.822252E-11	9.051900E-11	8.518550E-11	8.945189E-11	8.843060E-11	8.736764E-11	8.870602E-11	9.029529E-11	9.146480E-11	9.098780E-11	8.868876E-11	9.394995E-11	9.282579E-11	9.225051E-11	9.288288E-11	9.295222E-11	9.238539E-11	9.245067E-11	9.636224E-11
0:18:40	1	5.014673E+0	2.554400E+1	2.570200E+1	7.747874E-1	1.015666E+0	1.000000E+1	3.398300E-9	3.209026E-9	1.143336E-10	9.703890E-11	1.021500E-10	9.897954E-11	9.984815E-11	1.008876E-10	1.009402E-10	1.032998E-10	1.023083E-10	1.007327E-10	9.914040E-11	9.636508E-11	1.023619E-10	9.686784E-11	1.041379E-10	9.676710E-11	9.743368E-11	9.642313E-11	9.530500E-11	9.716958E-11	1.006441E-10	9.883453E-11	9.869638E-11	9.668290E-11	1.029036E-10	9.929417E-11	1.027318E-10	1.010500E-10	1.014137E-10	1.004329E-10	1.022978E-10	1.015536E-10
0:18:54	1	5.016194E+0	2.554300E+1	2.570500E+1	7.756108E-1	1.016692E+0	2.000000E+1	3.680000E-9	3.235335E-9	1.168564E-10	9.981307E-11	1.042366E-10	9.828419E-11	1.013054E-10	1.025855E-10	1.028349E-10	1.030456E-10	1.026245E-10	1.014270E-10	1.011636E-10	9.838581E-11	1.045789E-10	9.699436E-11	9.906991E-11	1.002480E-10	1.004750E-10	9.698948E-11	9.732067E-11	9.792172E-11	9.912998E-11	9.921241E-11	9.812782E-11	9.919989E-11	1.037228E-10	1.014923E-10	1.028584E-10	1.014298E-10	1.007188E-10	9.992571E-11	1.011066E-10	1.022503E-10
0:19:07	1	5.016118E+0	2.555200E+1	2.570800E+1	7.747874E-1	1.015843E+0	3.000000E+1	3.867400E-9	3.262828E-9	1.160370E-10	1.041639E-10	1.038574E-10	9.999261E-11	1.019395E-10	1.041564E-10	1.036566E-10	1.031096E-10	1.031949E-10	1.025015E-10	1.000258E-10	1.054589E-10	1.051488E-10	9.863516E-11	9.590295E-11	9.676710E-11	1.000949E-10	9.780821E-11	9.795013E-11	9.829779E-11	1.026005E-10	1.004097E-10	9.913827E-11	9.857089E-11	1.040383E-10	1.016806E-10	1.032372E-10	1.018736E-10	1.012243E-10	1.034738E-10	1.047444E-10	1.031368E-10
0:19:21	1	5.013913E+0	2.555200E+1	2.570800E+1	7.758768E-1	1.016704E+0	4.000000E+1	4.131900E-9	3.303578E-9	1.173611E-10	1.030282E-10	1.035410E-10	1.018909E-10	1.033328E-10	1.043449E-10	1.050457E-10	1.126849E-10	1.059208E-10	1.041446E-10	1.002783E-10	1.012280E-10	1.065428E-10	9.901373E-11	1.014139E-10	1.020833E-10	9.990493E-11	9.900352E-11	9.889482E-11	9.898758E-11	1.029790E-10	1.024881E-10	1.001497E-10	9.901109E-11	1.054886E-10	1.021833E-10	1.039948E-10	1.031400E-10	1.045079E-10	1.041710E-10	1.032394E-10	1.035796E-10
0:19:34	1	5.016118E+0	2.555100E+1	2.570800E+1	7.755095E-1	1.016122E+0	5.000000E+1	4.255600E-9	3.343764E-9	1.191899E-10	1.059925E-10	1.049311E-10	1.011945E-10	1.032697E-10	1.057907E-10	1.073202E-10	1.131284E-10	1.068084E-10	1.053457E-10	1.017955E-10	9.876463E-11	1.078728E-10	1.008438E-10	1.036949E-10	1.015768E-10	1.011081E-10	9.906711E-11	1.010994E-10	9.999010E-11	1.053140E-10	1.049453E-10	1.007811E-10	1.010253E-10	1.068762E-10	1.039422E-10	1.065834E-10	1.040896E-10	1.055178E-10	1.049312E-10	1.058108E-10	1.051628E-10
0:19:48	1	5.014750E+0	2.555500E+1	2.570900E+1	7.768776E-1	1.017591E+0	6.000000E+1	4.382300E-9	3.360444E-9	1.202621E-10	1.052987E-10	1.041727E-10	1.022076E-10	1.056772E-10	1.088084E-10	1.072574E-10	1.060898E-10	1.078861E-10	1.061039E-10	1.026179E-10	1.076690E-10	1.089497E-10	1.018540E-10	1.005909E-10	1.044882E-10	1.050364E-10	1.003886E-10	1.010368E-10	9.967638E-11	1.032948E-10	1.028660E-10	1.021716E-10	1.022843E-10	1.075690E-10	1.035020E-10	1.065206E-10	1.054829E-10	1.046336E-10	1.053114E-10	1.041167E-10	1.066191E-10
0:20:01	1	5.016726E+0	2.555300E+1	2.570800E+1	7.769283E-1	1.017452E+0	7.000000E+1	4.427300E-9	3.398271E-9	1.195682E-10	1.071899E-10	1.068281E-10	1.042956E-10	1.076415E-10	1.077396E-10	1.097833E-10	1.140163E-10	1.088998E-10	1.070516E-10	1.028076E-10	1.041330E-10	1.094567E-10	1.035576E-10	9.982990E-11	1.032862E-10	1.022492E-10	1.014587E-10	1.033677E-10	1.019338E-10	1.064495E-10	1.058264E-10	1.030554E-10	1.021591E-10	1.080737E-10	1.051349E-10	1.082252E-10	1.075089E-10	1.071596E-10	1.053114E-10	1.051207E-10	1.091518E-10
0:20:15	1	5.013838E+0	2.555100E+1	2.570700E+1	7.781190E-1	1.018554E+0	8.000000E+1	4.568700E-9	3.444789E-9	1.218381E-10	1.094604E-10	1.086613E-10	1.056254E-10	1.086547E-10	1.086198E-10	1.095310E-10	1.147772E-10	1.085195E-10	1.084423E-10	1.038187E-10	1.009748E-10	1.111037E-10	1.049453E-10	1.093318E-10	1.032862E-10	1.050994E-10	1.035989E-10	1.026746E-10	1.033757E-10	1.074586E-10	1.082836E-10	1.057097E-10	1.034807E-10	1.097131E-10	1.057001E-10	1.086039E-10	1.080787E-10	1.070968E-10	1.065788E-10	1.113923E-10	1.103542E-10
0:20:28	1	5.016954E+0	2.554200E+1	2.570400E+1	7.765736E-1	1.017692E+0	9.000000E+1	4.678300E-9	3.471679E-9	1.224056E-10	1.092713E-10	1.103048E-10	1.054985E-10	1.092888E-10	1.116365E-10	1.101622E-10	1.106557E-10	1.115626E-10	1.098959E-10	1.062851E-10	1.039436E-10	1.112307E-10	1.048198E-10	1.095858E-10	1.036030E-10	1.086468E-10	1.045428E-10	1.053207E-10	1.038765E-10	1.058818E-10	1.087878E-10	1.064050E-10	1.048658E-10	1.104069E-10	1.083384E-10	1.120140E-10	1.082046E-10	1.084227E-10	1.075931E-10	1.091348E-10	1.090878E-10
0:20:42	1	5.015434E+0	2.554400E+1	2.570200E+1	7.779543E-1	1.019175E+0	1.000000E+2	4.724700E-9	3.551551E-9	1.255595E-10	1.107843E-10	1.147295E-10	1.089793E-10	1.113791E-10	1.144031E-10	1.147104E-10	1.136990E-10	1.130836E-10	1.122333E-10	1.072962E-10	1.103846E-10	1.140806E-10	1.078483E-10	1.095858E-10	1.068930E-10	1.090908E-10	1.035989E-10	1.085963E-10	1.060082E-10	1.086580E-10	1.099214E-10	1.083630E-10	1.072576E-10	1.128656E-10	1.099079E-10	1.122662E-10	1.118769E-10	1.106965E-10	1.096837E-10	1.132112E-10	1.138994E-10
0:20:55	1	5.015206E+0	2.554500E+1	2.570000E+1	7.775490E-1	1.018516E+0	1.200000E+2	5.137600E-9	3.771740E-9	1.333786E-10	1.188549E-10	1.192170E-10	1.149278E-10	1.195525E-10	1.201228E-10	1.210904E-10	1.267620E-10	1.200563E-10	1.190591E-10	1.152634E-10	1.117733E-10	1.210484E-10	1.133386E-10	1.143997E-10	1.132223E-10	1.154255E-10	1.136055E-10	1.148948E-10	1.134059E-10	1.174289E-10	1.164091E-10	1.155669E-10	1.143068E-10	1.197388E-10	1.166281E-10	1.198438E-10	1.181449E-10	1.184003E-10	1.163368E-10	1.182293E-10	1.213076E-10
0:21:09	1	5.015129E+0	2.553400E+1	2.569200E+1	7.779163E-1	1.018148E+0	1.400000E+2	5.538900E-9	4.168847E-9	1.468116E-10	1.310873E-10	1.329980E-10	1.273953E-10	1.309565E-10	1.324435E-10	1.341655E-10	1.372252E-10	1.313400E-10	1.314447E-10	1.256960E-10	1.223824E-10	1.320070E-10	1.255185E-10	1.322625E-10	1.276524E-10	1.292358E-10	1.255645E-10	1.256036E-10	1.255678E-10	1.297959E-10	1.295744E-10	1.276983E-10	1.265807E-10	1.319713E-10	1.286874E-10	1.327244E-10	1.322012E-10	1.292612E-10	1.285665E-10	1.307736E-10	1.336534E-10
0:21:23	1	5.015662E+0	2.553600E+1	2.569100E+1	7.775490E-1	1.018034E+0	1.600000E+2	6.140300E-9	4.788293E-9	1.651000E-10	1.515168E-10	1.518344E-10	1.451159E-10	1.513570E-10	1.516778E-10	1.556429E-10	1.558052E-10	1.516237E-10	1.519829E-10	1.456758E-10	1.475792E-10	1.522134E-10	1.468479E-10	1.444244E-10	1.451197E-10	1.488118E-10	1.448871E-10	1.447519E-10	1.445000E-10	1.449401E-10	1.480947E-10	1.470965E-10	1.461571E-10	1.534092E-10	1.475284E-10	1.514772E-10	1.510053E-10	1.491528E-10	1.485256E-10	1.510955E-10	1.533434E-10
0:21:37	1	5.015434E+0	2.553100E+1	2.568900E+1	7.782330E-1	1.018465E+0	1.800000E+2	7.105500E-9	5.741128E-9	1.947397E-10	1.807734E-10	1.821137E-10	1.734677E-10	1.799299E-10	1.837358E-10	1.853312E-10	1.941073E-10	1.820493E-10	1.806737E-10	1.747596E-10	1.751756E-10	1.823005E-10	1.766343E-10	1.741331E-10	1.752446E-10	1.779537E-10	1.750975E-10	1.755547E-10	1.714563E-10	1.769946E-10	1.780161E-10	1.788156E-10	1.743557E-10	1.814049E-10	1.769207E-10	1.815963E-10	1.805742E-10	1.803469E-10	1.762162E-10	1.785673E-10	1.820879E-10
0:21:50	1	5.015054E+0	2.553400E+1	2.569000E+1	7.759528E-1	1.016388E+0	2.000000E+2	8.321800E-9	7.028100E-9	2.365510E-10	2.224515E-10	2.206096E-10	2.131481E-10	2.205409E-10	2.253479E-10	2.280945E-10	2.376720E-10	2.232522E-10	2.221292E-10	2.142131E-10	2.100963E-10	2.223333E-10	2.171492E-10	2.205006E-10	2.158751E-10	2.183077E-10	2.117913E-10	2.137896E-10	2.106378E-10	2.193979E-10	2.182051E-10	2.160947E-10	2.140741E-10	2.206247E-10	2.164250E-10	2.210595E-10	2.203983E-10	2.184244E-10	2.165155E-10	2.190854E-10	2.233040E-10
0:22:04	1	5.015738E+0	2.553200E+1	2.568900E+1	7.759275E-1	1.016603E+0	2.200000E+2	1.003600E-8	8.781011E-9	2.890188E-10	2.763610E-10	2.755400E-10	2.664988E-10	2.757874E-10	2.821724E-10	2.864609E-10	2.916359E-10	2.762441E-10	2.774877E-10	2.683364E-10	2.710352E-10	2.766187E-10	2.721144E-10	2.735830E-10	2.714422E-10	2.724731E-10	2.645983E-10	2.651269E-10	2.638607E-10	2.711399E-10	2.745197E-10	2.710662E-10	2.687731E-10	2.768052E-10	2.699983E-10	2.747300E-10	2.751023E-10	2.746250E-10	2.717065E-10	2.741538E-10	2.819953E-10
0:22:18	1	5.016269E+0	2.553700E+1	2.569500E+1	7.749267E-1	1.015767E+0	2.400000E+2	1.235400E-8	1.120028E-8	3.655781E-10	3.534751E-10	3.513314E-10	3.377589E-10	3.521945E-10	3.588602E-10	3.683250E-10	3.739462E-10	3.520555E-10	3.545855E-10	3.437030E-10	3.490871E-10	3.528834E-10	3.502401E-10	3.465562E-10	3.439701E-10	3.448833E-10	3.359717E-10	3.415352E-10	3.367064E-10	3.478061E-10	3.482200E-10	3.470159E-10	3.431101E-10	3.508302E-10	3.438562E-10	3.495535E-10	3.514601E-10	3.491381E-10	3.494544E-10	3.494827E-10	3.567045E-10
0:22:32	1	5.015510E+0	2.553200E+1	2.568900E+1	7.764596E-1	1.017338E+0	2.600000E+2	1.576200E-8	1.457982E-8	4.707675E-10	4.554323E-10	4.568314E-10	4.418657E-10	4.593929E-10	4.672280E-10	4.794345E-10	4.893571E-10	4.555046E-10	4.608790E-10	4.472682E-10	4.395804E-10	4.579693E-10	4.569527E-10	4.623489E-10	4.509271E-10	4.473855E-10	4.383117E-10	4.452807E-10	4.402078E-10	4.569054E-10	4.544252E-10	4.542418E-10	4.476610E-10	4.536700E-10	4.467306E-10	4.541803E-10	4.594757E-10	4.536450E-10	4.526751E-10	4.565471E-10	4.667418E-10
0:22:45	1	5.014901E+0	2.552900E+1	2.569000E+1	7.751928E-1	1.016413E+0	2.800000E+2	2.056000E-8	1.931314E-8	6.162550E-10	6.044894E-10	6.051262E-10	5.862853E-10	6.089756E-10	6.217349E-10	6.375415E-10	6.445916E-10	6.016766E-10	6.097023E-10	5.931965E-10	5.905691E-10	6.077128E-10	6.070822E-10	6.121583E-10	6.001601E-10	5.925229E-10	5.800511E-10	5.907884E-10	5.824504E-10	6.003313E-10	6.027088E-10	6.015278E-10	5.931255E-10	5.980002E-10	5.924376E-10	6.008588E-10	6.037062E-10	6.024818E-10	6.005035E-10	6.060742E-10	6.183131E-10
0:22:59	1	5.015054E+0	2.553500E+1	2.569300E+1	7.751421E-1	1.016413E+0	3.000000E+2	2.716900E-8	2.598745E-8	8.231654E-10	8.115561E-10	8.130934E-10	7.870927E-10	8.185556E-10	8.372767E-10	8.613402E-10	8.728786E-10	8.076241E-10	8.184982E-10	7.960927E-10	7.990872E-10	8.167445E-10	8.210136E-10	8.244879E-10	8.069224E-10	7.930298E-10	7.795068E-10	7.940592E-10	7.855648E-10	8.082448E-10	8.121569E-10	8.112415E-10	7.997719E-10	8.011586E-10	7.947321E-10	8.056277E-10	8.148609E-10	8.119393E-10	8.094788E-10	8.165037E-10	8.341459E-10
0:23:13	1	5.015890E+0	2.554400E+1	2.569600E+1	7.788158E-1	1.019200E+0	3.200000E+2	3.706200E-8	3.584953E-8	1.122905E-9	1.115219E-9	1.118090E-9	1.089096E-9	1.129696E-9	1.153959E-9	1.188923E-9	1.203704E-9	1.109349E-9	1.128026E-9	1.096421E-9	1.093424E-9	1.125097E-9	1.132064E-9	1.143298E-9	1.113363E-9	1.089196E-9	1.076393E-9	1.096918E-9	1.086476E-9	1.122167E-9	1.126866E-9	1.120851E-9	1.105240E-9	1.102113E-9	1.097325E-9	1.113066E-9	1.126370E-9	1.121926E-9	1.119141E-9	1.129922E-9	1.152927E-9
0:23:27	1	5.014978E+0	2.554400E+1	2.569900E+1	7.782457E-1	1.018908E+0	3.400000E+2	5.214600E-8	5.100259E-8	1.586673E-9	1.581875E-9	1.590219E-9	1.550453E-9	1.610947E-9	1.643376E-9	1.688572E-9	1.705300E-9	1.570559E-9	1.596994E-9	1.560319E-9	1.559717E-9	1.601753E-9	1.613944E-9	1.620913E-9	1.584162E-9	1.548239E-9	1.532768E-9	1.561852E-9	1.546995E-9	1.598128E-9	1.605732E-9	1.600683E-9	1.574554E-9	1.562466E-9	1.561578E-9	1.583031E-9	1.605599E-9	1.601398E-9	1.599315E-9	1.609864E-9	1.644614E-9
0:23:40	1	5.015282E+0	2.554800E+1	2.570300E+1	7.768016E-1	1.017553E+0	3.600000E+2	7.647200E-8	7.535125E-8	2.319156E-9	2.326155E-9	2.347435E-9	2.288627E-9	2.375019E-9	2.428483E-9	2.496349E-9	2.514640E-9	2.307951E-9	2.351414E-9	2.303176E-9	2.311948E-9	2.367382E-9	2.390721E-9	2.397072E-9	2.344507E-9	2.279567E-9	2.259596E-9	2.310371E-9	2.294321E-9	2.368578E-9	2.384820E-9	2.370919E-9	2.331022E-9	2.299187E-9	2.305817E-9	2.337263E-9	2.374813E-9	2.371726E-9	2.367864E-9	2.386667E-9	2.438685E-9
0:23:54	1	5.016269E+0	2.555100E+1	2.570500E+1	7.781570E-1	1.019073E+0	3.620000E+2	7.943800E-8	7.863471E-8	2.416526E-9	2.425968E-9	2.446804E-9	2.390708E-9	2.478415E-9	2.534903E-9	2.604427E-9	2.624155E-9	2.405315E-9	2.451704E-9	2.406363E-9	2.408251E-9	2.469617E-9	2.495667E-9	2.511851E-9	2.447476E-9	2.377380E-9	2.361244E-9	2.406999E-9	2.392932E-9	2.476668E-9	2.488820E-9	2.476375E-9	2.435887E-9	2.397802E-9	2.403919E-9	2.439616E-9	2.478586E-9	2.475350E-9	2.472415E-9	2.487899E-9	2.544670E-9
0:24:07	1	5.014673E+0	2.555000E+1	2.570600E+1	7.748001E-1	1.016185E+0	3.640000E+2	8.270400E-8	8.196779E-8	2.517238E-9	2.526348E-9	2.546995E-9	2.490827E-9	2.584853E-9	2.641951E-9	2.717432E-9	2.742292E-9	2.506609E-9	2.554205E-9	2.503037E-9	2.514467E-9	2.576540E-9	2.603453E-9	2.613012E-9	2.550193E-9	2.476398E-9	2.456912E-9	2.514019E-9	2.496245E-9	2.582171E-9	2.595150E-9	2.582528E-9	2.540124E-9	2.498751E-9	2.507609E-9	2.542412E-9	2.582231E-9	2.581500E-9	2.577536E-9	2.593146E-9	2.651606E-9
0:24:21	1	5.015890E+0	2.554100E+1	2.570400E+1	7.763075E-1	1.017312E+0	3.660000E+2	8.648800E-8	8.563294E-8	2.626401E-9	2.640600E-9	2.660333E-9	2.601642E-9	2.698703E-9	2.759119E-9	2.839343E-9	2.866138E-9	2.617474E-9	2.665428E-9	2.615645E-9	2.624221E-9	2.690430E-9	2.716477E-9	2.731592E-9	2.664238E-9	2.587263E-9	2.568126E-9	2.626647E-9	2.608585E-9	2.698716E-9	2.711623E-9	2.699105E-9	2.653801E-9	2.610797E-9	2.620971E-9	2.654614E-9	2.702910E-9	2.694153E-9	2.693873E-9	2.711187E-9	2.772787E-9
0:24:34	1	5.015966E+0	2.554100E+1	2.570000E+1	7.745214E-1	1.015171E+0	3.680000E+2	9.008000E-8	8.941087E-8	2.740231E-9	2.754790E-9	2.776074E-9	2.715494E-9	2.818128E-9	2.880625E-9	2.965929E-9	2.990173E-9	2.730938E-9	2.782592E-9	2.729770E-9	2.743571E-9	2.807995E-9	2.840164E-9	2.856000E-9	2.784485E-9	2.698191E-9	2.681040E-9	2.737825E-9	2.723370E-9	2.819868E-9	2.831875E-9	2.820232E-9	2.771192E-9	2.721582E-9	2.734523E-9	2.771048E-9	2.820739E-9	2.817036E-9	2.814519E-9	2.834559E-9	2.896310E-9
0:24:48	1	5.014217E+0	2.554100E+1	2.570200E+1	7.754588E-1	1.016375E+0	3.700000E+2	9.394000E-8	9.366245E-8	2.865032E-9	2.882850E-9	2.908250E-9	2.844851E-9	2.950035E-9	3.020108E-9	3.106917E-9	3.134628E-9	2.858221E-9	2.910877E-9	2.860144E-9	2.876943E-9	2.941079E-9	2.973445E-9	2.986806E-9	2.917011E-9	2.826097E-9	2.805660E-9	2.871743E-9	2.853890E-9	2.954585E-9	2.967875E-9	2.954060E-9	2.903879E-9	2.849329E-9	2.866789E-9	2.906866E-9	2.955726E-9	2.951918E-9	2.949738E-9	2.969974E-9	3.037118E-9
0:25:01	1	5.016422E+0	2.555000E+1	2.570500E+1	7.752181E-1	1.016109E+0	3.720000E+2	9.794000E-8	9.797336E-8	2.994061E-9	3.012487E-9	3.039857E-9	2.976360E-9	3.085490E-9	3.158837E-9	3.249990E-9	3.283205E-9	2.987976E-9	3.043711E-9	2.991277E-9	3.010376E-9	3.078597E-9	3.112658E-9	3.124453E-9	3.052952E-9	2.952990E-9	2.938085E-9	3.002197E-9	2.985162E-9	3.090440E-9	3.106961E-9	3.094142E-9	3.041035E-9	2.979282E-9	2.995854E-9	3.040159E-9	3.091726E-9	3.087178E-9	3.086669E-9	3.105327E-9	3.173873E-9
0:25:15	1	5.014445E+0	2.555000E+1	2.570500E+1	7.763582E-1	1.016869E+0	3.740000E+2	1.029100E-7	1.027289E-7	3.135511E-9	3.156690E-9	3.186635E-9	3.119957E-9	3.236466E-9	3.315292E-9	3.407717E-9	3.442941E-9	3.130281E-9	3.191776E-9	3.134424E-9	3.147726E-9	3.226882E-9	3.265943E-9	3.284713E-9	3.202692E-9	3.094326E-9	3.079195E-9	3.146256E-9	3.131292E-9	3.241816E-9	3.255685E-9	3.243134E-9	3.187884E-9	3.123737E-9	3.141937E-9	3.184375E-9	3.242732E-9	3.239551E-9	3.238742E-9	3.258930E-9	3.333612E-9
0:25:28	1	5.017030E+0	2.554700E+1	2.570400E+1	7.784231E-1	1.018820E+0	3.760000E+2	1.084900E-7	1.075992E-7	3.279170E-9	3.304927E-9	3.336068E-9	3.266908E-9	3.390357E-9	3.471937E-9	3.570687E-9	3.598177E-9	3.278165E-9	3.340916E-9	3.282944E-9	3.300167E-9	3.382199E-9	3.422321E-9	3.438639E-9	3.357495E-9	3.238830E-9	3.225215E-9	3.297811E-9	3.281936E-9	3.395780E-9	3.417638E-9	3.400277E-9	3.339454E-9	3.270211E-9	3.289403E-9	3.339767E-9	3.395700E-9	3.390282E-9	3.390564E-9	3.412973E-9	3.492274E-9
0:25:42	1	5.014673E+0	2.555200E+1	2.570800E+1	7.778403E-1	1.018427E+0	3.780000E+2	1.138200E-7	1.130176E-7	3.439981E-9	3.468613E-9	3.504211E-9	3.433352E-9	3.561228E-9	3.645803E-9	3.753744E-9	3.783152E-9	3.436761E-9	3.506233E-9	3.448473E-9	3.468900E-9	3.556012E-9	3.593843E-9	3.608402E-9	3.524955E-9	3.399108E-9	3.384766E-9	3.463036E-9	3.445806E-9	3.566528E-9	3.590677E-9	3.574669E-9	3.510915E-9	3.432384E-9	3.453701E-9	3.506273E-9	3.563611E-9	3.565198E-9	3.567350E-9	3.589722E-9	3.670183E-9
0:25:55	1	5.015738E+0	2.554500E+1	2.570900E+1	7.779670E-1	1.018883E+0	3.800000E+2	1.187400E-7	1.188662E-7	3.612207E-9	3.646296E-9	3.685881E-9	3.611566E-9	3.744706E-9	3.835259E-9	3.944508E-9	3.982966E-9	3.610191E-9	3.682421E-9	3.625256E-9	3.642308E-9	3.737490E-9	3.780954E-9	3.803248E-9	3.710262E-9	3.571866E-9	3.559739E-9	3.641740E-9	3.627294E-9	3.757278E-9	3.777197E-9	3.763911E-9	3.693894E-9	3.605593E-9	3.631815E-9	3.687237E-9	3.754695E-9	3.750976E-9	3.748572E-9	3.776568E-9	3.862274E-9
0:26:09	1	5.015357E+0	2.555600E+1	2.571200E+1	7.779924E-1	1.018833E+0	3.820000E+2	1.252300E-7	1.249198E-7	3.791685E-9	3.826565E-9	3.865783E-9	3.793893E-9	3.935660E-9	4.029870E-9	4.146830E-9	4.179926E-9	3.793191E-9	3.870046E-9	3.810764E-9	3.827903E-9	3.931382E-9	3.977025E-9	4.007977E-9	3.899556E-9	3.754001E-9	3.738928E-9	3.829390E-9	3.813294E-9	3.951184E-9	3.972536E-9	3.951635E-9	3.886567E-9	3.788511E-9	3.815017E-9	3.874706E-9	3.941410E-9	3.943131E-9	3.941390E-9	3.970251E-9	4.059747E-9
0:26:22	1	5.014901E+0	2.555700E+1	2.572000E+1	7.751041E-1	1.016464E+0	3.840000E+2	1.316600E-7	1.316998E-7	3.990965E-9	4.034577E-9	4.078806E-9	3.999385E-9	4.151893E-9	4.253963E-9	4.376885E-9	4.409674E-9	3.993243E-9	4.076566E-9	4.015936E-9	4.038567E-9	4.142378E-9	4.195122E-9	4.213341E-9	4.116698E-9	3.955521E-9	3.943104E-9	4.033227E-9	4.021925E-9	4.165533E-9	4.189041E-9	4.171458E-9	4.097494E-9	3.989211E-9	4.019698E-9	4.081053E-9	4.160543E-9	4.158587E-9	4.156258E-9	4.183944E-9	4.285206E-9
0:26:36	1	5.014370E+0	2.556700E+1	2.571800E+1	7.748381E-1	1.015780E+0	3.860000E+2	1.395100E-7	1.387486E-7	4.195923E-9	4.243410E-9	4.292780E-9	4.214180E-9	4.374528E-9	4.479563E-9	4.610601E-9	4.655271E-9	4.202931E-9	4.290545E-9	4.228760E-9	4.259844E-9	4.363827E-9	4.422558E-9	4.447524E-9	4.334538E-9	4.158625E-9	4.150805E-9	4.252688E-9	4.234069E-9	4.395155E-9	4.417514E-9	4.395896E-9	4.319815E-9	4.201262E-9	4.230975E-9	4.301357E-9	4.382146E-9	4.382633E-9	4.381901E-9	4.413566E-9	4.513385E-9
0:26:49	1	5.015206E+0	2.556600E+1	2.571900E+1	7.758135E-1	1.016438E+0	3.880000E+2	1.475600E-7	1.465866E-7	4.427365E-9	4.475572E-9	4.533933E-9	4.450682E-9	4.621805E-9	4.735523E-9	4.871733E-9	4.922176E-9	4.435247E-9	4.528663E-9	4.464977E-9	4.492990E-9	4.614982E-9	4.671322E-9	4.706855E-9	4.587120E-9	4.392646E-9	4.383809E-9	4.494131E-9	4.476553E-9	4.645661E-9	4.669923E-9	4.647880E-9	4.567502E-9	4.430020E-9	4.470638E-9	4.542875E-9	4.631480E-9	4.627200E-9	4.631112E-9	4.663949E-9	4.770308E-9
0:27:03	1	5.016194E+0	2.555800E+1	2.572000E+1	7.753195E-1	1.016172E+0	3.900000E+2	1.555200E-7	1.548520E-7	4.666691E-9	4.724569E-9	4.783114E-9	4.699776E-9	4.879283E-9	5.004306E-9	5.149476E-9	5.197959E-9	4.673269E-9	4.782579E-9	4.714914E-9	4.749248E-9	4.879819E-9	4.940850E-9	4.973407E-9	4.847740E-9	4.634458E-9	4.631665E-9	4.744204E-9	4.731387E-9	4.908914E-9	4.940726E-9	4.917999E-9	4.828594E-9	4.673407E-9	4.720350E-9	4.797527E-9	4.894743E-9	4.896646E-9	4.896229E-9	4.925120E-9	5.043060E-9
0:27:16	1	5.015890E+0	2.556200E+1	2.572000E+1	7.768269E-1	1.017376E+0	3.920000E+2	1.647200E-7	1.641628E-7	4.938998E-9	5.001623E-9	5.066177E-9	4.983870E-9	5.172620E-9	5.304772E-9	5.462215E-9	5.517561E-9	4.950844E-9	5.066765E-9	4.999942E-9	5.041249E-9	5.172400E-9	5.241868E-9	5.268402E-9	5.141586E-9	4.911555E-9	4.903816E-9	5.027598E-9	5.018443E-9	5.206682E-9	5.240066E-9	5.217436E-9	5.121538E-9	4.955445E-9	5.000522E-9	5.081034E-9	5.186560E-9	5.189521E-9	5.192077E-9	5.228629E-9	5.350951E-9
0:27:30	1	5.015206E+0	2.555600E+1	2.571500E+1	7.763962E-1	1.016894E+0	3.940000E+2	1.746000E-7	1.739803E-7	5.225875E-9	5.297280E-9	5.367002E-9	5.274102E-9	5.483064E-9	5.625853E-9	5.793714E-9	5.852381E-9	5.240906E-9	5.363719E-9	5.293063E-9	5.331420E-9	5.479741E-9	5.557273E-9	5.591900E-9	5.459482E-9	5.196446E-9	5.193653E-9	5.333293E-9	5.320797E-9	5.523444E-9	5.553263E-9	5.533807E-9	5.435254E-9	5.241142E-9	5.296836E-9	5.385316E-9	5.498387E-9	5.504939E-9	5.507632E-9	5.546186E-9	5.673086E-9
0:27:43	1	5.015357E+0	2.555200E+1	2.570800E+1	7.779543E-1	1.018452E+0	3.960000E+2	1.860200E-7	1.851526E-7	5.547434E-9	5.628435E-9	5.707840E-9	5.614772E-9	5.835512E-9	5.993639E-9	6.168924E-9	6.230639E-9	5.568306E-9	5.698650E-9	5.633541E-9	5.675140E-9	5.837185E-9	5.919503E-9	5.965694E-9	5.811427E-9	5.521818E-9	5.529311E-9	5.670230E-9	5.660952E-9	5.881850E-9	5.916915E-9	5.897252E-9	5.788875E-9	5.570155E-9	5.627441E-9	5.725651E-9	5.850670E-9	5.865443E-9	5.861902E-9	5.900936E-9	6.046568E-9
0:27:57	1	5.015434E+0	2.554200E+1	2.570500E+1	7.776883E-1	1.018212E+0	3.980000E+2	1.975000E-7	1.970106E-7	5.885643E-9	5.976299E-9	6.065682E-9	5.972214E-9	6.215520E-9	6.377456E-9	6.570098E-9	6.629191E-9	5.915037E-9	6.058165E-9	5.991407E-9	6.046582E-9	6.217432E-9	6.299153E-9	6.342974E-9	6.196155E-9	5.869805E-9	5.876800E-9	6.032426E-9	6.027185E-9	6.262153E-9	6.302303E-9	6.276241E-9	6.166920E-9	5.920796E-9	5.988191E-9	6.094021E-9	6.225367E-9	6.238640E-9	6.244623E-9	6.289120E-9	6.436958E-9
0:28:10	1	5.015510E+0	2.553900E+1	2.570300E+1	7.783344E-1	1.018972E+0	4.000000E+2	2.116300E-7	2.106307E-7	6.277395E-9	6.379209E-9	6.476308E-9	6.383008E-9	6.641589E-9	6.824947E-9	7.025150E-9	7.100413E-9	6.307283E-9	6.468490E-9	6.403207E-9	6.460967E-9	6.649561E-9	6.745251E-9	6.796518E-9	6.628351E-9	6.261632E-9	6.279174E-9	6.451630E-9	6.442821E-9	6.704610E-9	6.746272E-9	6.717088E-9	6.599286E-9	6.317026E-9	6.396047E-9	6.511517E-9	6.654897E-9	6.678269E-9	6.682473E-9	6.729359E-9	6.890974E-9
0:28:24	1	5.014370E+0	2.553700E+1	2.569900E+1	7.752941E-1	1.016286E+0	4.020000E+2	2.257800E-7	2.251574E-7	6.693297E-9	6.807340E-9	6.921129E-9	6.822912E-9	7.096736E-9	7.298586E-9	7.519809E-9	7.599662E-9	6.730142E-9	6.904218E-9	6.839158E-9	6.900168E-9	7.110317E-9	7.220000E-9	7.287626E-9	7.103138E-9	6.680512E-9	6.704898E-9	6.889100E-9	6.893058E-9	7.170539E-9	7.218397E-9	7.194267E-9	7.065327E-9	6.736207E-9	6.828521E-9	6.957425E-9	7.121210E-9	7.136777E-9	7.143194E-9	7.196946E-9	7.366833E-9
0:28:37	1	5.016346E+0	2.553500E+1	2.569400E+1	7.760922E-1	1.017046E+0	4.040000E+2	2.426600E-7	2.418618E-7	7.166462E-9	7.296001E-9	7.425307E-9	7.331354E-9	7.627087E-9	7.843382E-9	8.085087E-9	8.168349E-9	7.213474E-9	7.403456E-9	7.344343E-9	7.414391E-9	7.644868E-9	7.765933E-9	7.834032E-9	7.637099E-9	7.166415E-9	7.195575E-9	7.398252E-9	7.412192E-9	7.703417E-9	7.768759E-9	7.740823E-9	7.598025E-9	7.221278E-9	7.325244E-9	7.468496E-9	7.644127E-9	7.672260E-9	7.681601E-9	7.738355E-9	7.926328E-9
0:28:51	1	5.014826E+0	2.554000E+1	2.569700E+1	7.748381E-1	1.015602E+0	4.060000E+2	2.608900E-7	2.606052E-7	7.694175E-9	7.844310E-9	7.994466E-9	7.890489E-9	8.220667E-9	8.462606E-9	8.720357E-9	8.814846E-9	7.746122E-9	7.964688E-9	7.908139E-9	7.998076E-9	8.244093E-9	8.377878E-9	8.454618E-9	8.246056E-9	7.697678E-9	7.747429E-9	7.977325E-9	7.986116E-9	8.320659E-9	8.379785E-9	8.351828E-9	8.194487E-9	7.759061E-9	7.881569E-9	8.040624E-9	8.232258E-9	8.273605E-9	8.289391E-9	8.342927E-9	8.548823E-9
0:29:04	1	5.016269E+0	2.553900E+1	2.569700E+1	7.755601E-1	1.016185E+0	4.080000E+2	2.808100E-7	2.810228E-7	8.265782E-9	8.437957E-9	8.605221E-9	8.508167E-9	8.862844E-9	9.133433E-9	9.425360E-9	9.537753E-9	8.327705E-9	8.570349E-9	8.524291E-9	8.620728E-9	8.899695E-9	9.050591E-9	9.131577E-9	8.907609E-9	8.276075E-9	8.333082E-9	8.599423E-9	8.609945E-9	8.984093E-9	9.054494E-9	9.017681E-9	8.858238E-9	8.351137E-9	8.485251E-9	8.663901E-9	8.879211E-9	8.917578E-9	8.944455E-9	9.007018E-9	9.232159E-9
0:29:18	1	5.015054E+0	2.554500E+1	2.569900E+1	7.752181E-1	1.015780E+0	4.100000E+2	3.047400E-7	3.051222E-7	8.936716E-9	9.135702E-9	9.320209E-9	9.231657E-9	9.628815E-9	9.923441E-9	1.023724E-8	1.036662E-8	9.011155E-9	9.282427E-9	9.248557E-9	9.359318E-9	9.672859E-9	9.834119E-9	9.939532E-9	9.702506E-9	8.959320E-9	9.038323E-9	9.328161E-9	9.358900E-9	9.774480E-9	9.846242E-9	9.809841E-9	9.637615E-9	9.042015E-9	9.201415E-9	9.397484E-9	9.645763E-9	9.698007E-9	9.729349E-9	9.794733E-9	1.002965E-8
0:29:31	1	5.016194E+0	2.554500E+1	2.570000E+1	7.765609E-1	1.017046E+0	4.107443E+2	3.138900E-7	3.140425E-7	9.179572E-9	9.389932E-9	9.590251E-9	9.492333E-9	9.907010E-9	1.022158E-8	1.055371E-8	1.068331E-8	9.265023E-9	9.549677E-9	9.516577E-9	9.643931E-9	9.963223E-9	1.013047E-8	1.023174E-8	9.999707E-9	9.212344E-9	9.298893E-9	9.597446E-9	9.632414E-9	1.005496E-8	1.013657E-8	1.010245E-8	9.925524E-9	9.295679E-9	9.457784E-9	9.670258E-9	9.922702E-9	9.986461E-9	1.001556E-8	1.008350E-8	1.033190E-8
0:29:45	1	5.015282E+0	2.554600E+1	2.570200E+1	7.782330E-1	1.018604E+0	4.114885E+2	3.244000E-7	3.245325E-7	9.465124E-9	9.695739E-9	9.898092E-9	9.816170E-9	1.023918E-8	1.056705E-8	1.092159E-8	1.105833E-8	9.560473E-9	9.857625E-9	9.825948E-9	9.960370E-9	1.029451E-8	1.047932E-8	1.058216E-8	1.033463E-8	9.516240E-9	9.601947E-9	9.920650E-9	9.961473E-9	1.040592E-8	1.048732E-8	1.045636E-8	1.026435E-8	9.587364E-9	9.762387E-9	9.990513E-9	1.025251E-8	1.031785E-8	1.034855E-8	1.042533E-8	1.067747E-8
0:29:58	1	5.016041E+0	2.553900E+1	2.569900E+1	7.783470E-1	1.018402E+0	4.122328E+2	3.346100E-7	3.346686E-7	9.746764E-9	9.980234E-9	1.020176E-8	1.011843E-8	1.056642E-8	1.090731E-8	1.125530E-8	1.140539E-8	9.845973E-9	1.015382E-8	1.013089E-8	1.026835E-8	1.061838E-8	1.080949E-8	1.093239E-8	1.067259E-8	9.793400E-9	9.898330E-9	1.022464E-8	1.027969E-8	1.072874E-8	1.081784E-8	1.078650E-8	1.059966E-8	9.883212E-9	1.006115E-8	1.030010E-8	1.057884E-8	1.064388E-8	1.068115E-8	1.075117E-8	1.102676E-8
0:30:12	1	5.016041E+0	2.554300E+1	2.570400E+1	7.782710E-1	1.019060E+0	4.129771E+2	3.457700E-7	3.463094E-7	1.006536E-8	1.030880E-8	1.055847E-8	1.045688E-8	1.092995E-8	1.129357E-8	1.165988E-8	1.181916E-8	1.016424E-8	1.050462E-8	1.047706E-8	1.062483E-8	1.099299E-8	1.119570E-8	1.132924E-8	1.105763E-8	1.011966E-8	1.023462E-8	1.057928E-8	1.063251E-8	1.110980E-8	1.120895E-8	1.117548E-8	1.097575E-8	1.020207E-8	1.039772E-8	1.064763E-8	1.094923E-8	1.101948E-8	1.105861E-8	1.113910E-8	1.142114E-8
0:30:25	1	5.015129E+0	2.554300E+1	2.570700E+1	7.783851E-1	1.019035E+0	4.137213E+2	3.569400E-7	3.576316E-7	1.037223E-8	1.063750E-8	1.088609E-8	1.079831E-8	1.128608E-8	1.166205E-8	1.204539E-8	1.221150E-8	1.047731E-8	1.083632E-8	1.080768E-8	1.097290E-8	1.137033E-8	1.157005E-8	1.170734E-8	1.143002E-8	1.044028E-8	1.056442E-8	1.092372E-8	1.098971E-8	1.148247E-8	1.158357E-8	1.155149E-8	1.134247E-8	1.052182E-8	1.073191E-8	1.100085E-8	1.130221E-8	1.137689E-8	1.143277E-8	1.151442E-8	1.180152E-8
0:30:39	1	5.015738E+0	2.554700E+1	2.571100E+1	7.758008E-1	1.016882E+0	4.144656E+2	3.716300E-7	3.717312E-7	1.075843E-8	1.104174E-8	1.130525E-8	1.123151E-8	1.173666E-8	1.212689E-8	1.254845E-8	1.272014E-8	1.087520E-8	1.123970E-8	1.122814E-8	1.140920E-8	1.181835E-8	1.203218E-8	1.217856E-8	1.190240E-8	1.083243E-8	1.097101E-8	1.134833E-8	1.141976E-8	1.194108E-8	1.205311E-8	1.201534E-8	1.180882E-8	1.092341E-8	1.113844E-8	1.142036E-8	1.174604E-8	1.183413E-8	1.189179E-8	1.196188E-8	1.227251E-8
0:30:52	1	5.014066E+0	2.555100E+1	2.570900E+1	7.765609E-1	1.017591E+0	4.152099E+2	3.841600E-7	3.843209E-7	1.109626E-8	1.138519E-8	1.167839E-8	1.160838E-8	1.213276E-8	1.255427E-8	1.296914E-8	1.315832E-8	1.121908E-8	1.160521E-8	1.160997E-8	1.179157E-8	1.222938E-8	1.245733E-8	1.263268E-8	1.231517E-8	1.117794E-8	1.132536E-8	1.172653E-8	1.180700E-8	1.236315E-8	1.247232E-8	1.243856E-8	1.221261E-8	1.126983E-8	1.150818E-8	1.180199E-8	1.214607E-8	1.224074E-8	1.230188E-8	1.238543E-8	1.270025E-8
0:31:06	1	5.016498E+0	2.555500E+1	2.570700E+1	7.745594E-1	1.015362E+0	4.159541E+2	3.985400E-7	3.990427E-7	1.149192E-8	1.179780E-8	1.211936E-8	1.203841E-8	1.259577E-8	1.303885E-8	1.347517E-8	1.367450E-8	1.162571E-8	1.203418E-8	1.205781E-8	1.225824E-8	1.270788E-8	1.295505E-8	1.311599E-8	1.280432E-8	1.158814E-8	1.174410E-8	1.218416E-8	1.227241E-8	1.284732E-8	1.296908E-8	1.293413E-8	1.269502E-8	1.167412E-8	1.193223E-8	1.224790E-8	1.260529E-8	1.271320E-8	1.277845E-8	1.287058E-8	1.319561E-8
0:31:19	1	5.013989E+0	2.555900E+1	2.571000E+1	7.752688E-1	1.015957E+0	4.166984E+2	4.129000E-7	4.132938E-7	1.187162E-8	1.219964E-8	1.252789E-8	1.246863E-8	1.304541E-8	1.351337E-8	1.398259E-8	1.419487E-8	1.201384E-8	1.244792E-8	1.247744E-8	1.269113E-8	1.317111E-8	1.343617E-8	1.361312E-8	1.328911E-8	1.197420E-8	1.215610E-8	1.260821E-8	1.270973E-8	1.332095E-8	1.344499E-8	1.341206E-8	1.316446E-8	1.206815E-8	1.234656E-8	1.266193E-8	1.306160E-8	1.317095E-8	1.324468E-8	1.333133E-8	1.367400E-8
0:31:33	1	5.016726E+0	2.555200E+1	2.571100E+1	7.765356E-1	1.016793E+0	4.174427E+2	4.280700E-7	4.283194E-7	1.226280E-8	1.262311E-8	1.297531E-8	1.291525E-8	1.352685E-8	1.401511E-8	1.450365E-8	1.472544E-8	1.243366E-8	1.287733E-8	1.291687E-8	1.314744E-8	1.366126E-8	1.394096E-8	1.413153E-8	1.379067E-8	1.239739E-8	1.258856E-8	1.306704E-8	1.317013E-8	1.381136E-8	1.394748E-8	1.390763E-8	1.366128E-8	1.248613E-8	1.278123E-8	1.312697E-8	1.352665E-8	1.366186E-8	1.373075E-8	1.382037E-8	1.418734E-8
0:31:46	1	5.016194E+0	2.556600E+1	2.571700E+1	7.761429E-1	1.016793E+0	4.181869E+2	4.469400E-7	4.475322E-7	1.277759E-8	1.316278E-8	1.352955E-8	1.348989E-8	1.413944E-8	1.465400E-8	1.517057E-8	1.541195E-8	1.294444E-8	1.342984E-8	1.348459E-8	1.373997E-8	1.427771E-8	1.457745E-8	1.478999E-8	1.443893E-8	1.292340E-8	1.313947E-8	1.365065E-8	1.377872E-8	1.443674E-8	1.460304E-8	1.455648E-8	1.429230E-8	1.301528E-8	1.333636E-8	1.371356E-8	1.413473E-8	1.427255E-8	1.435109E-8	1.446333E-8	1.484580E-8
0:32:00	1	5.030331E+0	2.556300E+1	2.571900E+1	7.925096E-1	1.034857E+0	4.189312E+2	4.643500E-7	4.648325E-7	1.323537E-8	1.363587E-8	1.404068E-8	1.399358E-8	1.469145E-8	1.522778E-8	1.577545E-8	1.602567E-8	1.341091E-8	1.393059E-8	1.400027E-8	1.427093E-8	1.483779E-8	1.515090E-8	1.538448E-8	1.502225E-8	1.338415E-8	1.362014E-8	1.416496E-8	1.430362E-8	1.502010E-8	1.517727E-8	1.513811E-8	1.487535E-8	1.348320E-8	1.383171E-8	1.423404E-8	1.468360E-8	1.483626E-8	1.495451E-8	1.504105E-8	1.545044E-8
0:32:13	1	5.017106E+0	2.555700E+1	2.571600E+1	7.810453E-1	1.022443E+0	4.196755E+2	4.856200E-7	4.862276E-7	1.378995E-8	1.423544E-8	1.467483E-8	1.464537E-8	1.537120E-8	1.595166E-8	1.652954E-8	1.681078E-8	1.397677E-8	1.455249E-8	1.463090E-8	1.492591E-8	1.554223E-8	1.589360E-8	1.611908E-8	1.576121E-8	1.397085E-8	1.422902E-8	1.482145E-8	1.496864E-8	1.572493E-8	1.589312E-8	1.588023E-8	1.558619E-8	1.406821E-8	1.444418E-8	1.485712E-8	1.534828E-8	1.551420E-8	1.562725E-8	1.573362E-8	1.614935E-8
0:32:27	1	5.014901E+0	2.555800E+1	2.571600E+1	7.774350E-1	1.019098E+0	4.204197E+2	5.057000E-7	5.060828E-7	1.430499E-8	1.478028E-8	1.524089E-8	1.522932E-8	1.599836E-8	1.661281E-8	1.723770E-8	1.752855E-8	1.452096E-8	1.511657E-8	1.521955E-8	1.553454E-8	1.620467E-8	1.655022E-8	1.681169E-8	1.644212E-8	1.450179E-8	1.479630E-8	1.540386E-8	1.559767E-8	1.637479E-8	1.658433E-8	1.654349E-8	1.624780E-8	1.460883E-8	1.500069E-8	1.543468E-8	1.597111E-8	1.615609E-8	1.627775E-8	1.640693E-8	1.684351E-8
0:32:40	1	5.016118E+0	2.555800E+1	2.571800E+1	7.775236E-1	1.018858E+0	4.211640E+2	5.294700E-7	5.297457E-7	1.491387E-8	1.542071E-8	1.592668E-8	1.593205E-8	1.673265E-8	1.740602E-8	1.806076E-8	1.838659E-8	1.514552E-8	1.578953E-8	1.591865E-8	1.626783E-8	1.697302E-8	1.736827E-8	1.763599E-8	1.725525E-8	1.513398E-8	1.545798E-8	1.612517E-8	1.632500E-8	1.717603E-8	1.738830E-8	1.736591E-8	1.703914E-8	1.524378E-8	1.566404E-8	1.615248E-8	1.670525E-8	1.692553E-8	1.706904E-8	1.719590E-8	1.764480E-8
0:32:54	1	5.014294E+0	2.555800E+1	2.571700E+1	7.786764E-1	1.019973E+0	4.219083E+2	5.526400E-7	5.531218E-7	1.550345E-8	1.606436E-8	1.659609E-8	1.662345E-8	1.748222E-8	1.820244E-8	1.890871E-8	1.925478E-8	1.576127E-8	1.644253E-8	1.659765E-8	1.698829E-8	1.773909E-8	1.816417E-8	1.846662E-8	1.805027E-8	1.575374E-8	1.610846E-8	1.682941E-8	1.705659E-8	1.795475E-8	1.817104E-8	1.815984E-8	1.783205E-8	1.586013E-8	1.633316E-8	1.684875E-8	1.745952E-8	1.769017E-8	1.781389E-8	1.796524E-8	1.843969E-8
0:33:07	1	5.015738E+0	2.555900E+1	2.571500E+1	7.785751E-1	1.019707E+0	4.226525E+2	5.838500E-7	5.835490E-7	1.628411E-8	1.687939E-8	1.747050E-8	1.751681E-8	1.846258E-8	1.921862E-8	1.996562E-8	2.037992E-8	1.655203E-8	1.731164E-8	1.747695E-8	1.792618E-8	1.874732E-8	1.920176E-8	1.951554E-8	1.910858E-8	1.655266E-8	1.696155E-8	1.774315E-8	1.799957E-8	1.897053E-8	1.922383E-8	1.921347E-8	1.886364E-8	1.667352E-8	1.718329E-8	1.776557E-8	1.841171E-8	1.866333E-8	1.883070E-8	1.898396E-8	1.949094E-8
0:33:21	1	5.015662E+0	2.555900E+1	2.571500E+1	7.793985E-1	1.020327E+0	4.233968E+2	6.112400E-7	6.111761E-7	1.696728E-8	1.761761E-8	1.826507E-8	1.834168E-8	1.934019E-8	2.017017E-8	2.096624E-8	2.138901E-8	1.726679E-8	1.807763E-8	1.831496E-8	1.878059E-8	1.964268E-8	2.014243E-8	2.051847E-8	2.008068E-8	1.728386E-8	1.773627E-8	1.856909E-8	1.885754E-8	1.989867E-8	2.017671E-8	2.015102E-8	1.979126E-8	1.738943E-8	1.795994E-8	1.856659E-8	1.927710E-8	1.954763E-8	1.975493E-8	1.989750E-8	2.043709E-8
0:33:34	1	5.015129E+0	2.556200E+1	2.571700E+1	7.792718E-1	1.020454E+0	4.241411E+2	6.410600E-7	6.410500E-7	1.771313E-8	1.841876E-8	1.911723E-8	1.921693E-8	2.028939E-8	2.117799E-8	2.204855E-8	2.249918E-8	1.803696E-8	1.891009E-8	1.918971E-8	1.969556E-8	2.063799E-8	2.116936E-8	2.155687E-8	2.113791E-8	1.806701E-8	1.855134E-8	1.946689E-8	1.979607E-8	2.088845E-8	2.119624E-8	2.120388E-8	2.081045E-8	1.818517E-8	1.878368E-8	1.944938E-8	2.021017E-8	2.052894E-8	2.073284E-8	2.090831E-8	2.145554E-8
0:33:48	1	5.016194E+0	2.555000E+1	2.571500E+1	7.810326E-1	1.021961E+0	4.248853E+2	6.772300E-7	6.773039E-7	1.859513E-8	1.935567E-8	2.013987E-8	2.028572E-8	2.144462E-8	2.240235E-8	2.335205E-8	2.386782E-8	1.897053E-8	1.991571E-8	2.022417E-8	2.080067E-8	2.184619E-8	2.243849E-8	2.289331E-8	2.241406E-8	1.899498E-8	1.955107E-8	2.053597E-8	2.092599E-8	2.212471E-8	2.246188E-8	2.245629E-8	2.205965E-8	1.912492E-8	1.977738E-8	2.052273E-8	2.133451E-8	2.170624E-8	2.194075E-8	2.211664E-8	2.272383E-8
0:34:01	1	5.015357E+0	2.555600E+1	2.571300E+1	7.787398E-1	1.020239E+0	4.256296E+2	7.124800E-7	7.132200E-7	1.949757E-8	2.032020E-8	2.115891E-8	2.132292E-8	2.259941E-8	2.363740E-8	2.465954E-8	2.520527E-8	1.986284E-8	2.088177E-8	2.126584E-8	2.190249E-8	2.302285E-8	2.365947E-8	2.420517E-8	2.369222E-8	1.992460E-8	2.053482E-8	2.163900E-8	2.204482E-8	2.334398E-8	2.371454E-8	2.372771E-8	2.328606E-8	2.002420E-8	2.075613E-8	2.155567E-8	2.247938E-8	2.287598E-8	2.313784E-8	2.332039E-8	2.396102E-8
0:34:15	1	5.016802E+0	2.554800E+1	2.570900E+1	7.803612E-1	1.021784E+0	4.263739E+2	7.610400E-7	7.614310E-7	2.061260E-8	2.154330E-8	2.251411E-8	2.274123E-8	2.410746E-8	2.527751E-8	2.639265E-8	2.704329E-8	2.108103E-8	2.219654E-8	2.265899E-8	2.339275E-8	2.467433E-8	2.535975E-8	2.593890E-8	2.543353E-8	2.113714E-8	2.185108E-8	2.304388E-8	2.353809E-8	2.497562E-8	2.542793E-8	2.542508E-8	2.496693E-8	2.125973E-8	2.208283E-8	2.297498E-8	2.397221E-8	2.443027E-8	2.475426E-8	2.496224E-8	2.566072E-8
0:34:28	1	5.015282E+0	2.555200E+1	2.571000E+1	7.770803E-1	1.018681E+0	4.271181E+2	8.053500E-7	8.060873E-7	2.168448E-8	2.269446E-8	2.373720E-8	2.406025E-8	2.554469E-8	2.679637E-8	2.804345E-8	2.876192E-8	2.216719E-8	2.340160E-8	2.394023E-8	2.476839E-8	2.615663E-8	2.694435E-8	2.759802E-8	2.705447E-8	2.224864E-8	2.304480E-8	2.436240E-8	2.494912E-8	2.649690E-8	2.701004E-8	2.700902E-8	2.650385E-8	2.239230E-8	2.328171E-8	2.425550E-8	2.536172E-8	2.589553E-8	2.624554E-8	2.648304E-8	2.719347E-8
0:34:42	1	5.016498E+0	2.554500E+1	2.570500E+1	7.779037E-1	1.019390E+0	4.278624E+2	8.601500E-7	8.608529E-7	2.294803E-8	2.408069E-8	2.527003E-8	2.564349E-8	2.727874E-8	2.871155E-8	3.005272E-8	3.088188E-8	2.349295E-8	2.487530E-8	2.550871E-8	2.646148E-8	2.798382E-8	2.889201E-8	2.960787E-8	2.907659E-8	2.361791E-8	2.451507E-8	2.598353E-8	2.665785E-8	2.838150E-8	2.892299E-8	2.899640E-8	2.845507E-8	2.375376E-8	2.473369E-8	2.583658E-8	2.706312E-8	2.766477E-8	2.805770E-8	2.830943E-8	2.913768E-8
0:34:55	1	5.015510E+0	2.554900E+1	2.570500E+1	7.777263E-1	1.018820E+0	4.286067E+2	9.184000E-7	9.192507E-7	2.426807E-8	2.553438E-8	2.684950E-8	2.732887E-8	2.915699E-8	3.072391E-8	3.222465E-8	3.317407E-8	2.486535E-8	2.642769E-8	2.716899E-8	2.822157E-8	2.997843E-8	3.096903E-8	3.180566E-8	3.124490E-8	2.501683E-8	2.607604E-8	2.771893E-8	2.850213E-8	3.039401E-8	3.098567E-8	3.108267E-8	3.053444E-8	2.513779E-8	2.626953E-8	2.753819E-8	2.886848E-8	2.959107E-8	3.004127E-8	3.032792E-8	3.122371E-8
0:35:09	1	5.014901E+0	2.555700E+1	2.571000E+1	7.783724E-1	1.019466E+0	4.293509E+2	9.883000E-7	9.902108E-7	2.585885E-8	2.727635E-8	2.874738E-8	2.936480E-8	3.141917E-8	3.319771E-8	3.487563E-8	3.599969E-8	2.655268E-8	2.825907E-8	2.919018E-8	3.043318E-8	3.237330E-8	3.351790E-8	3.446789E-8	3.394022E-8	2.673302E-8	2.795869E-8	2.979208E-8	3.068812E-8	3.286614E-8	3.353390E-8	3.368214E-8	3.304152E-8	2.685177E-8	2.813835E-8	2.952799E-8	3.107260E-8	3.191783E-8	3.241496E-8	3.278007E-8	3.373762E-8
0:35:22	1	5.015813E+0	2.555200E+1	2.570800E+1	7.801712E-1	1.021011E+0	4.300952E+2	1.061400E-6	1.063255E-6	2.743165E-8	2.902406E-8	3.074905E-8	3.146123E-8	3.371931E-8	3.576078E-8	3.766546E-8	3.898080E-8	2.824400E-8	3.014152E-8	3.125992E-8	3.266411E-8	3.485585E-8	3.618610E-8	3.729907E-8	3.670895E-8	2.842431E-8	2.983857E-8	3.189597E-8	3.302526E-8	3.538938E-8	3.618285E-8	3.636469E-8	3.568966E-8	2.857635E-8	3.000994E-8	3.160889E-8	3.330255E-8	3.428180E-8	3.489067E-8	3.527500E-8	3.634675E-8
0:35:36	1	5.014673E+0	2.554600E+1	2.570400E+1	7.799559E-1	1.020733E+0	4.308395E+2	1.145400E-6	1.147033E-6	2.921748E-8	3.101029E-8	3.293827E-8	3.387966E-8	3.637874E-8	3.873344E-8	4.082671E-8	4.236674E-8	3.012072E-8	3.226347E-8	3.360034E-8	3.521634E-8	3.777191E-8	3.922689E-8	4.055965E-8	3.995158E-8	3.035000E-8	3.201094E-8	3.437024E-8	3.565730E-8	3.830043E-8	3.928125E-8	3.949264E-8	3.877118E-8	3.049186E-8	3.215209E-8	3.394180E-8	3.587137E-8	3.701214E-8	3.771286E-8	3.817492E-8	3.937976E-8
0:35:49	1	5.015890E+0	2.554800E+1	2.570300E+1	7.808806E-1	1.021721E+0	4.315837E+2	1.263900E-6	1.266018E-6	3.166100E-8	3.376994E-8	3.601972E-8	3.722239E-8	4.015963E-8	4.294209E-8	4.543921E-8	4.737358E-8	3.269282E-8	3.525411E-8	3.688323E-8	3.884761E-8	4.187103E-8	4.365034E-8	4.530306E-8	4.473813E-8	3.304477E-8	3.501134E-8	3.782214E-8	3.939412E-8	4.251323E-8	4.365096E-8	4.395110E-8	4.319114E-8	3.315247E-8	3.512446E-8	3.725468E-8	3.950108E-8	4.087514E-8	4.176756E-8	4.230587E-8	4.363046E-8
0:36:03	1	5.014294E+0	2.554700E+1	2.570400E+1	7.809819E-1	1.021949E+0	4.323280E+2	1.381800E-6	1.383539E-6	3.397001E-8	3.637114E-8	3.901793E-8	4.054082E-8	4.389224E-8	4.714363E-8	5.007837E-8	5.234776E-8	3.518662E-8	3.811203E-8	4.006356E-8	4.242343E-8	4.596407E-8	4.811493E-8	5.004565E-8	4.951164E-8	3.558820E-8	3.789190E-8	4.118364E-8	4.307276E-8	4.674636E-8	4.813645E-8	4.848045E-8	4.760935E-8	3.567355E-8	3.796613E-8	4.041532E-8	4.312833E-8	4.477926E-8	4.573740E-8	4.645928E-8	4.788712E-8
