APD#	0013	Started	04/20/07 10:27	Sense_ohms	1.004464E+6	1.004628E+6	1.002105E+6	1.000924E+6	9.998282E+5	1.007735E+6	1.002821E+6	9.989270E+5	9.993226E+5	1.002376E+6	1.001862E+6	1.003102E+6	1.000030E+6	1.003780E+6	1.000011E+6	1.000898E+6	9.999006E+5	1.006439E+6	1.005624E+6	1.010450E+6	1.003884E+6	1.005600E+6	1.002519E+6	1.006362E+6	1.004620E+6	1.008599E+6	1.003214E+6	1.000475E+6	1.003139E+6	9.996927E+5	1.009944E+6	1.000506E+6	
ElapTime	Shutter_Open	DegC	BiasV	KE237_Amps	Pixel_Sum	A1	A2	A3	A4	A5	A6	A7	A8	B1	B2	B3	B4	B5	B6	B7	B8	C1	C2	C3	C4	C5	C6	C7	C8	D1	D2	D3	D4	D5	D6	D7	D8
   0:00:00	0	2.602533E+1	0.000000E+0	-5.642000E-11	4.326955E-11	1.608121E-11	1.450288E-12	1.453939E-12	8.222403E-13	1.140196E-12	1.383300E-12	5.683966E-13	1.395497E-12	2.028374E-12	1.516397E-12	1.137881E-12	1.894124E-13	4.370869E-12	-8.836598E-13	5.069944E-13	7.593181E-13	6.300626E-14	1.261875E-13	-8.183973E-13	-1.003513E-12	1.135589E-12	1.575179E-12	5.057261E-13	3.149960E-13	-8.829209E-13	1.947256E-12	3.031258E-12	4.427897E-13	6.310192E-13	1.077331E-12	0.000000E+0	1.203391E-12
   0:00:13	0	2.602366E+1	0.000000E+0	1.720000E-12	-2.390154E-10	1.437881E-11	-6.368526E-12	-7.016231E-12	-5.695737E-12	-7.349263E-12	-6.222866E-12	-6.758933E-12	-7.546097E-12	-7.860325E-12	-8.278331E-12	-6.322228E-12	-8.082927E-12	-1.329960E-12	-1.085397E-11	-9.057900E-12	-1.101211E-11	-1.165616E-11	-1.183281E-11	-1.215763E-11	-1.216191E-11	-9.465237E-12	-7.433373E-12	-6.887650E-12	-8.309137E-12	-7.944297E-12	-8.792394E-12	-7.072270E-12	-8.483970E-12	-5.809763E-12	-8.680668E-12	-8.467796E-12	-8.483707E-12
   0:00:27	0	2.602366E+1	1.000000E+1	9.994000E-10	3.591088E-10	1.448564E-10	8.448898E-12	9.355307E-12	5.379030E-12	5.892012E-12	5.594725E-12	5.053743E-12	7.989573E-12	1.565661E-11	1.295522E-11	6.828286E-12	7.766907E-12	1.323860E-11	1.892845E-12	5.953935E-12	4.177249E-12	8.425838E-12	8.308502E-12	5.417532E-12	2.695829E-12	5.868208E-12	7.369730E-12	7.329537E-12	7.238946E-12	9.205471E-12	8.164791E-12	7.955431E-12	5.888203E-12	3.662503E-12	3.167974E-12	3.951704E-12	3.419270E-12
   0:00:41	0	2.602275E+1	2.000000E+1	1.451500E-9	6.244733E-10	2.380006E-10	1.879004E-11	1.738341E-11	1.012564E-11	9.819687E-12	1.137700E-11	8.653588E-12	1.319015E-11	2.408732E-11	2.123355E-11	1.391010E-11	1.275643E-11	1.748248E-11	5.300962E-12	9.627894E-12	1.215109E-11	2.185617E-11	1.340568E-11	1.341655E-11	6.582216E-12	9.212220E-12	1.052009E-11	1.017337E-11	9.567134E-12	1.532221E-11	1.507338E-11	1.458612E-11	9.243609E-12	9.472267E-12	7.287239E-12	8.090548E-12	6.774572E-12
   0:00:55	0	2.602282E+1	3.000000E+1	1.896300E-9	8.996115E-10	2.973437E-10	2.799544E-11	2.484271E-11	1.563156E-11	1.539564E-11	1.527485E-11	1.193832E-11	1.991136E-11	3.454640E-11	3.210272E-11	2.023233E-11	2.090216E-11	2.369029E-11	1.123254E-11	1.336585E-11	1.765714E-11	3.712369E-11	2.146280E-11	2.192072E-11	1.354050E-11	1.495492E-11	1.669252E-11	1.743907E-11	1.284031E-11	2.660907E-11	2.223282E-11	2.184678E-11	1.677803E-11	1.641846E-11	1.356017E-11	1.273239E-11	1.139623E-11
   0:01:09	0	2.602396E+1	4.000000E+1	2.363400E-9	1.164134E-9	3.404164E-10	3.846200E-11	3.173220E-11	2.050505E-11	2.071756E-11	2.099461E-11	1.680260E-11	2.656951E-11	4.658956E-11	4.012865E-11	2.851590E-11	2.677494E-11	3.065808E-11	1.464066E-11	1.862280E-11	2.689785E-11	5.163113E-11	3.115539E-11	3.162116E-11	2.169034E-11	2.202147E-11	2.337013E-11	2.318959E-11	1.812767E-11	3.524716E-11	2.958064E-11	2.854027E-11	2.304705E-11	2.323806E-11	1.856571E-11	1.831488E-11	1.576502E-11
   0:01:23	0	2.602419E+1	5.000000E+1	2.759000E-9	1.444102E-9	3.558664E-10	4.924410E-11	4.190978E-11	2.816198E-11	2.781278E-11	2.916640E-11	2.141359E-11	3.310152E-11	5.958436E-11	5.238852E-11	3.654495E-11	3.649978E-11	3.711889E-11	2.133037E-11	2.331074E-11	3.670704E-11	6.898986E-11	4.072179E-11	4.283311E-11	2.745806E-11	2.574501E-11	2.910203E-11	3.070864E-11	2.316363E-11	4.735323E-11	4.251838E-11	3.839061E-11	3.013768E-11	3.264652E-11	2.477561E-11	2.546478E-11	2.393189E-11
   0:01:37	0	2.602328E+1	6.000000E+1	3.111500E-9	1.656721E-9	3.640648E-10	5.718933E-11	5.037995E-11	3.252894E-11	3.357877E-11	3.388093E-11	2.810871E-11	3.937925E-11	6.928293E-11	6.117265E-11	4.350000E-11	4.344623E-11	4.345370E-11	2.745123E-11	3.122866E-11	4.297241E-11	7.621158E-11	4.796018E-11	5.032994E-11	3.598397E-11	3.457870E-11	3.470863E-11	3.810102E-11	2.939499E-11	5.618045E-11	4.760564E-11	4.394676E-11	3.710238E-11	3.637283E-11	2.984417E-11	2.797383E-11	2.880742E-11
   0:01:51	0	2.602290E+1	7.000000E+1	3.273400E-9	1.792505E-9	3.701188E-10	6.090911E-11	5.379277E-11	3.638938E-11	3.706337E-11	3.796633E-11	3.221512E-11	4.166270E-11	7.371994E-11	6.464840E-11	4.811541E-11	4.824534E-11	4.839355E-11	3.199506E-11	3.401563E-11	4.347896E-11	8.400335E-11	5.192565E-11	5.599906E-11	4.081053E-11	3.678712E-11	3.836217E-11	4.163911E-11	3.342336E-11	6.172981E-11	5.074663E-11	4.836655E-11	4.223094E-11	4.066635E-11	3.402646E-11	3.531186E-11	3.374592E-11
   0:02:05	0	2.602358E+1	8.000000E+1	3.449000E-9	1.931023E-9	3.769294E-10	6.469260E-11	5.872339E-11	3.936363E-11	3.902670E-11	4.186418E-11	3.581596E-11	4.534065E-11	8.075570E-11	6.951384E-11	5.178258E-11	5.096092E-11	5.333440E-11	3.634960E-11	3.673960E-11	4.740243E-11	9.109906E-11	5.683405E-11	6.103772E-11	4.469791E-11	4.372816E-11	4.107100E-11	4.404006E-11	3.663393E-11	6.771914E-11	5.822036E-11	5.291294E-11	4.761238E-11	4.477146E-11	3.732147E-11	3.825955E-11	3.646855E-11
   0:02:19	0	2.602335E+1	9.000000E+1	3.618600E-9	2.064958E-9	3.886590E-10	6.897976E-11	6.156840E-11	4.423712E-11	4.472868E-11	4.576104E-11	3.878459E-11	4.794044E-11	8.316434E-11	7.450697E-11	5.684116E-11	5.386591E-11	5.751527E-11	3.817968E-11	4.041356E-11	5.309832E-11	9.578652E-11	6.193222E-11	6.481747E-11	4.864763E-11	4.480099E-11	4.503978E-11	4.884296E-11	3.984352E-11	7.421413E-11	6.261656E-11	5.676456E-11	5.014518E-11	4.982261E-11	4.099660E-11	3.926356E-11	4.317915E-11
   0:02:33	0	2.602373E+1	1.000000E+2	3.830200E-9	2.194456E-9	3.897950E-10	7.446537E-11	6.738416E-11	4.746514E-11	4.808726E-11	5.047557E-11	4.156375E-11	5.206186E-11	8.925046E-11	7.924571E-11	6.088763E-11	5.784457E-11	6.201314E-11	4.101895E-11	4.389752E-11	5.309832E-11	1.035153E-10	6.470238E-11	6.941561E-11	5.222030E-11	4.921784E-11	4.894491E-11	5.339151E-11	4.330549E-11	7.982620E-11	6.707522E-11	6.137374E-11	5.508384E-11	5.291689E-11	4.454469E-11	4.484605E-11	4.552197E-11
   0:02:48	0	2.602480E+1	1.200000E+2	4.453100E-9	2.587100E-9	4.044884E-10	8.903096E-11	8.015228E-11	6.056504E-11	5.942721E-11	6.122443E-11	5.173306E-11	6.252509E-11	1.030048E-10	9.340208E-11	7.340632E-11	6.914850E-11	7.328780E-11	5.136883E-11	5.453940E-11	6.056661E-11	1.192269E-10	7.785668E-11	8.214004E-11	6.538572E-11	6.196433E-11	6.059865E-11	6.305915E-11	5.413261E-11	9.603034E-11	8.164593E-11	7.526510E-11	6.882331E-11	6.440982E-11	5.544404E-11	5.569616E-11	5.755088E-11
   0:03:02	0	2.602632E+1	1.400000E+2	5.018000E-9	3.102008E-9	4.223984E-10	1.058661E-10	9.709362E-11	7.461506E-11	7.406272E-11	7.693888E-11	6.594597E-11	7.336872E-11	1.219576E-10	1.104007E-10	9.193182E-11	8.575598E-11	8.868034E-11	6.613501E-11	6.828525E-11	6.936371E-11	1.404500E-10	9.642313E-11	1.011631E-10	8.306398E-11	7.553064E-11	7.451969E-11	7.790775E-11	6.835811E-11	1.184149E-10	1.010530E-10	9.073538E-11	8.579125E-11	8.089108E-11	7.172804E-11	7.081185E-11	7.236638E-11
   0:03:16	0	2.602366E+1	1.600000E+2	5.720100E-9	3.828287E-9	4.492635E-10	1.300780E-10	1.199126E-10	9.587841E-11	9.541339E-11	9.919076E-11	8.312750E-11	9.049010E-11	1.473128E-10	1.362483E-10	1.150099E-10	1.068476E-10	1.086327E-10	8.702405E-11	9.032901E-11	8.353998E-11	1.695279E-10	1.223542E-10	1.245326E-10	1.085160E-10	9.780512E-11	9.562152E-11	9.901159E-11	8.692598E-11	1.469153E-10	1.286874E-10	1.171285E-10	1.101677E-10	1.026767E-10	9.333568E-11	9.289030E-11	9.389249E-11
   0:03:31	0	2.602526E+1	1.800000E+2	6.601300E-9	4.714990E-9	4.824344E-10	1.593983E-10	1.485473E-10	1.218894E-10	1.227831E-10	1.259061E-10	1.106050E-10	1.114165E-10	1.792604E-10	1.671499E-10	1.441576E-10	1.327392E-10	1.334640E-10	1.127707E-10	1.109158E-10	9.607073E-11	2.059545E-10	1.557124E-10	1.557759E-10	1.355357E-10	1.240542E-10	1.211963E-10	1.241602E-10	1.115374E-10	1.829816E-10	1.623500E-10	1.488257E-10	1.397986E-10	1.303349E-10	1.197588E-10	1.187937E-10	1.187119E-10
   0:03:45	0	2.602450E+1	2.000000E+2	7.637000E-9	5.783232E-9	5.258854E-10	1.958426E-10	1.809750E-10	1.558110E-10	1.518001E-10	1.560152E-10	1.418090E-10	1.372893E-10	2.170400E-10	2.026026E-10	1.795018E-10	1.654508E-10	1.638051E-10	1.397179E-10	1.441714E-10	1.151846E-10	2.520741E-10	1.932248E-10	1.921215E-10	1.693246E-10	1.554781E-10	1.537639E-10	1.541726E-10	1.404286E-10	2.275607E-10	2.029221E-10	1.857640E-10	1.718993E-10	1.596349E-10	1.500471E-10	1.503430E-10	1.515713E-10
   0:04:00	0	2.602411E+1	2.200000E+2	8.642700E-9	7.081022E-9	5.776603E-10	2.425017E-10	2.178913E-10	1.949219E-10	1.910178E-10	1.952388E-10	1.788245E-10	1.654445E-10	2.630592E-10	2.475339E-10	2.242035E-10	2.042873E-10	2.001000E-10	1.758772E-10	1.799610E-10	1.382209E-10	3.066825E-10	2.406177E-10	2.365924E-10	2.100737E-10	1.933381E-10	1.893546E-10	1.928422E-10	1.759923E-10	2.801467E-10	2.518474E-10	2.305939E-10	2.153337E-10	1.984700E-10	1.889521E-10	1.855915E-10	1.878489E-10
   0:04:15	0	2.602602E+1	2.400000E+2	1.044700E-8	8.714915E-9	6.463358E-10	2.958448E-10	2.697881E-10	2.416277E-10	2.393581E-10	2.436404E-10	2.245575E-10	2.016534E-10	3.190942E-10	3.021970E-10	2.738371E-10	2.556270E-10	2.463406E-10	2.208721E-10	2.244915E-10	1.598654E-10	3.771925E-10	2.981452E-10	2.941656E-10	2.614162E-10	2.406623E-10	2.378580E-10	2.392214E-10	2.216270E-10	3.466684E-10	3.164736E-10	2.889374E-10	2.693411E-10	2.463986E-10	2.371089E-10	2.375251E-10	2.370431E-10
   0:04:29	0	2.602404E+1	2.600000E+2	1.247500E-8	1.081524E-8	7.178495E-10	3.653293E-10	3.367921E-10	3.073820E-10	3.010667E-10	3.059961E-10	2.851346E-10	2.492765E-10	3.909128E-10	3.721538E-10	3.464848E-10	3.219962E-10	3.041099E-10	2.794347E-10	2.848589E-10	1.935352E-10	4.618299E-10	3.715327E-10	3.635186E-10	3.282439E-10	3.025638E-10	2.998419E-10	3.018377E-10	2.772074E-10	4.314756E-10	3.988731E-10	3.625607E-10	3.388610E-10	3.118810E-10	2.997761E-10	3.023791E-10	3.005459E-10
   0:04:44	0	2.602640E+1	2.800000E+2	1.537400E-8	1.359543E-8	8.133910E-10	4.586474E-10	4.186517E-10	3.871862E-10	3.833019E-10	3.895349E-10	3.676927E-10	3.121179E-10	4.814942E-10	4.644814E-10	4.324737E-10	4.066795E-10	3.820215E-10	3.593277E-10	3.656860E-10	2.346083E-10	5.723139E-10	4.691521E-10	4.617213E-10	4.156960E-10	3.868017E-10	3.818576E-10	3.869493E-10	3.550064E-10	5.403058E-10	5.067088E-10	4.603046E-10	4.343397E-10	3.991501E-10	3.889935E-10	3.931990E-10	3.856379E-10
   0:04:58	0	2.602434E+1	3.000000E+2	1.918100E-8	1.740450E-8	9.422926E-10	5.786381E-10	5.335080E-10	4.951525E-10	4.974695E-10	5.058235E-10	4.803828E-10	4.001984E-10	6.023740E-10	5.893537E-10	5.531111E-10	5.200319E-10	4.902743E-10	4.702046E-10	4.782487E-10	2.903023E-10	7.228999E-10	6.008213E-10	5.923009E-10	5.358721E-10	5.026527E-10	4.968815E-10	5.064961E-10	4.608163E-10	6.885449E-10	6.547399E-10	6.003535E-10	5.617292E-10	5.219705E-10	5.096396E-10	5.177634E-10	5.036532E-10
   0:05:13	0	2.602624E+1	3.200000E+2	2.447200E-8	2.274919E-8	1.106572E-9	7.493858E-10	6.920423E-10	6.451409E-10	6.534513E-10	6.675584E-10	6.441738E-10	5.218880E-10	7.742815E-10	7.643399E-10	7.180700E-10	6.817562E-10	6.386238E-10	6.317570E-10	6.319210E-10	3.642229E-10	9.369631E-10	7.869965E-10	7.768629E-10	7.024385E-10	6.638098E-10	6.578262E-10	6.735593E-10	6.113158E-10	9.049442E-10	8.657008E-10	7.971031E-10	7.459117E-10	6.950552E-10	6.811663E-10	6.950762E-10	6.692793E-10
   0:05:27	0	2.602396E+1	3.400000E+2	3.238600E-8	3.064447E-8	1.357060E-9	1.000526E-9	9.235240E-10	8.648079E-10	8.857132E-10	9.083072E-10	8.808591E-10	7.017900E-10	1.025361E-9	1.020531E-9	9.621904E-10	9.207120E-10	8.588042E-10	8.692891E-10	8.642045E-10	4.730782E-10	1.251058E-9	1.063616E-9	1.051817E-9	9.503142E-10	9.045985E-10	8.959368E-10	9.183407E-10	8.303622E-10	1.222167E-9	1.178093E-9	1.087178E-9	1.016645E-9	9.514305E-10	9.338000E-10	9.588185E-10	9.135407E-10
   0:05:42	0	2.602602E+1	3.600000E+2	4.440100E-8	4.259941E-8	1.739476E-9	1.378339E-9	1.272201E-9	1.196618E-9	1.235247E-9	1.268236E-9	1.240151E-9	9.678705E-10	1.403406E-9	1.412086E-9	1.328339E-9	1.278893E-9	1.191607E-9	1.222116E-9	1.208924E-9	6.379431E-10	1.727776E-9	1.482038E-9	1.466421E-9	1.325073E-9	1.266980E-9	1.257386E-9	1.296444E-9	1.162205E-9	1.704590E-9	1.655786E-9	1.529423E-9	1.425786E-9	1.340035E-9	1.315000E-9	1.360484E-9	1.302535E-9
   0:05:56	0	2.602518E+1	3.620000E+2	4.558400E-8	4.413736E-8	1.788224E-9	1.427711E-9	1.318345E-9	1.239401E-9	1.280546E-9	1.315694E-9	1.285757E-9	1.003319E-9	1.453356E-9	1.459798E-9	1.376834E-9	1.325560E-9	1.237531E-9	1.267743E-9	1.253137E-9	6.556003E-10	1.791190E-9	1.534341E-9	1.519837E-9	1.372968E-9	1.312791E-9	1.303055E-9	1.344844E-9	1.204755E-9	1.763797E-9	1.716015E-9	1.584673E-9	1.479033E-9	1.389037E-9	1.365502E-9	1.415115E-9	1.351855E-9
   0:06:10	0	2.602822E+1	3.640000E+2	4.701100E-8	4.568578E-8	1.836404E-9	1.475378E-9	1.364806E-9	1.284523E-9	1.326226E-9	1.361581E-9	1.332627E-9	1.035659E-9	1.502798E-9	1.509342E-9	1.423748E-9	1.372796E-9	1.279148E-9	1.312549E-9	1.300012E-9	6.754095E-10	1.849727E-9	1.589539E-9	1.574072E-9	1.422055E-9	1.359674E-9	1.348661E-9	1.393686E-9	1.247936E-9	1.828679E-9	1.780390E-9	1.636449E-9	1.533548E-9	1.439996E-9	1.417397E-9	1.465229E-9	1.405735E-9
   0:06:24	0	2.592249E+1	3.660000E+2	4.868800E-8	4.739284E-8	1.898963E-9	1.530109E-9	1.413858E-9	1.328697E-9	1.375706E-9	1.412560E-9	1.382402E-9	1.075293E-9	1.556805E-9	1.565775E-9	1.476038E-9	1.422999E-9	1.327035E-9	1.363854E-9	1.346190E-9	6.967373E-10	1.918653E-9	1.647192E-9	1.633346E-9	1.472017E-9	1.410785E-9	1.402015E-9	1.444930E-9	1.294892E-9	1.894506E-9	1.849162E-9	1.705021E-9	1.591734E-9	1.496702E-9	1.470179E-9	1.523246E-9	1.465438E-9
   0:06:38	0	2.592356E+1	3.680000E+2	5.040700E-8	4.913381E-8	1.945315E-9	1.586414E-9	1.464870E-9	1.377049E-9	1.427215E-9	1.464732E-9	1.433377E-9	1.115052E-9	1.611508E-9	1.621387E-9	1.528643E-9	1.476170E-9	1.373655E-9	1.417053E-9	1.396992E-9	7.224323E-10	1.985361E-9	1.707047E-9	1.692621E-9	1.528376E-9	1.463851E-9	1.453606E-9	1.500281E-9	1.343045E-9	1.968153E-9	1.919440E-9	1.768037E-9	1.651692E-9	1.553281E-9	1.529298E-9	1.582141E-9	1.525712E-9
   0:06:52	0	2.592378E+1	3.700000E+2	5.235000E-8	5.102211E-8	2.005225E-9	1.643793E-9	1.518536E-9	1.428753E-9	1.480813E-9	1.524511E-9	1.492691E-9	1.156398E-9	1.670586E-9	1.684202E-9	1.586368E-9	1.533762E-9	1.425026E-9	1.470756E-9	1.453685E-9	7.478744E-10	2.062207E-9	1.774959E-9	1.758950E-9	1.585299E-9	1.522472E-9	1.510109E-9	1.560054E-9	1.396043E-9	2.042556E-9	1.994491E-9	1.837872E-9	1.715197E-9	1.615165E-9	1.588227E-9	1.645615E-9	1.589912E-9
   0:07:06	0	2.592348E+1	3.720000E+2	5.437200E-8	5.296145E-8	2.071316E-9	1.704891E-9	1.575238E-9	1.480902E-9	1.538404E-9	1.581398E-9	1.549605E-9	1.202498E-9	1.731691E-9	1.746196E-9	1.646497E-9	1.588449E-9	1.481845E-9	1.528877E-9	1.507654E-9	7.724304E-10	2.139624E-9	1.841738E-9	1.825468E-9	1.649241E-9	1.580650E-9	1.568503E-9	1.620839E-9	1.446651E-9	2.120745E-9	2.073187E-9	1.909348E-9	1.783641E-9	1.676480E-9	1.650007E-9	1.709779E-9	1.657656E-9
   0:07:20	0	2.592409E+1	3.740000E+2	5.636200E-8	5.508299E-8	2.128390E-9	1.772548E-9	1.637501E-9	1.540960E-9	1.599543E-9	1.643754E-9	1.612329E-9	1.247331E-9	1.797868E-9	1.814762E-9	1.709851E-9	1.654313E-9	1.540057E-9	1.593498E-9	1.568655E-9	8.005931E-10	2.223754E-9	1.916888E-9	1.904899E-9	1.715567E-9	1.643118E-9	1.633889E-9	1.685857E-9	1.507141E-9	2.206687E-9	2.161555E-9	1.988717E-9	1.856072E-9	1.747646E-9	1.716032E-9	1.780277E-9	1.732935E-9
   0:07:34	0	2.602799E+1	3.760000E+2	5.840400E-8	5.722475E-8	2.206777E-9	1.838753E-9	1.698690E-9	1.598994E-9	1.662708E-9	1.709252E-9	1.677202E-9	1.293496E-9	1.866073E-9	1.883582E-9	1.775860E-9	1.719042E-9	1.598269E-9	1.655215E-9	1.628895E-9	8.280604E-10	2.307884E-9	1.989898E-9	1.974755E-9	1.781329E-9	1.709057E-9	1.697511E-9	1.753656E-9	1.568575E-9	2.293637E-9	2.250047E-9	2.066445E-9	1.930341E-9	1.816097E-9	1.785797E-9	1.851842E-9	1.807011E-9
   0:07:48	0	2.604274E+1	3.780000E+2	6.092000E-8	5.956768E-8	2.277409E-9	1.913281E-9	1.768918E-9	1.664622E-9	1.731639E-9	1.779905E-9	1.748200E-9	1.348792E-9	1.939666E-9	1.959857E-9	1.846801E-9	1.788442E-9	1.663639E-9	1.725074E-9	1.697496E-9	8.626793E-10	2.399681E-9	2.071153E-9	2.055384E-9	1.856181E-9	1.780928E-9	1.768629E-9	1.827393E-9	1.633345E-9	2.386894E-9	2.345384E-9	2.141902E-9	2.010181E-9	1.893705E-9	1.861580E-9	1.930934E-9	1.887989E-9
   0:08:02	0	2.602769E+1	3.800000E+2	6.334400E-8	6.206074E-8	2.348291E-9	1.991908E-9	1.837946E-9	1.732781E-9	1.804055E-9	1.855776E-9	1.820653E-9	1.406371E-9	2.019915E-9	2.039040E-9	1.922358E-9	1.862642E-9	1.732683E-9	1.799603E-9	1.769139E-9	8.936265E-10	2.500726E-9	2.160214E-9	2.141431E-9	1.934480E-9	1.854377E-9	1.842708E-9	1.903722E-9	1.700695E-9	2.487275E-9	2.447254E-9	2.250380E-9	2.096354E-9	1.975100E-9	1.943320E-9	2.014290E-9	1.971624E-9
   0:08:16	0	2.602617E+1	3.820000E+2	6.578700E-8	6.458647E-8	2.437841E-9	2.070157E-9	1.912157E-9	1.800118E-9	1.875900E-9	1.932526E-9	1.897716E-9	1.459194E-9	2.101180E-9	2.123028E-9	2.000633E-9	1.937726E-9	1.804578E-9	1.874889E-9	1.842048E-9	9.266629E-10	2.599743E-9	2.247952E-9	2.230625E-9	2.010773E-9	1.930474E-9	1.920441E-9	1.984030E-9	1.771129E-9	2.587782E-9	2.547428E-9	2.339978E-9	2.183349E-9	2.057317E-9	2.021639E-9	2.099279E-9	2.058173E-9
   0:08:30	0	2.603780E+1	3.840000E+2	6.856000E-8	6.735697E-8	2.516292E-9	2.157299E-9	1.991993E-9	1.878024E-9	1.959150E-9	2.014682E-9	1.979959E-9	1.522417E-9	2.187515E-9	2.209289E-9	2.085863E-9	2.023293E-9	1.880019E-9	1.956800E-9	1.921608E-9	9.650794E-10	2.709657E-9	2.343054E-9	2.327001E-9	2.100485E-9	2.017237E-9	2.003779E-9	2.070342E-9	1.848299E-9	2.700964E-9	2.660225E-9	2.442015E-9	2.278891E-9	2.150902E-9	2.111048E-9	2.192922E-9	2.150865E-9
   0:08:44	0	2.603126E+1	3.860000E+2	7.147700E-8	7.019899E-8	2.614040E-9	2.246141E-9	2.076634E-9	1.956181E-9	2.042209E-9	2.102058E-9	2.067571E-9	1.585767E-9	2.276574E-9	2.303322E-9	2.173308E-9	2.103178E-9	1.957107E-9	2.039848E-9	2.004653E-9	1.002736E-9	2.823183E-9	2.441932E-9	2.426463E-9	2.189065E-9	2.101288E-9	2.090835E-9	2.158931E-9	1.927672E-9	2.814082E-9	2.774718E-9	2.538939E-9	2.376902E-9	2.242402E-9	2.205334E-9	2.289888E-9	2.246025E-9
   0:08:58	0	2.593222E+1	3.880000E+2	7.463200E-8	7.328652E-8	2.703275E-9	2.344755E-9	2.163868E-9	2.041366E-9	2.133697E-9	2.196535E-9	2.160807E-9	1.656662E-9	2.375839E-9	2.403865E-9	2.268275E-9	2.199291E-9	2.043571E-9	2.131165E-9	2.093841E-9	1.041784E-9	2.947414E-9	2.547167E-9	2.532161E-9	2.285545E-9	2.194675E-9	2.185449E-9	2.257311E-9	2.013465E-9	2.940188E-9	2.900139E-9	2.648742E-9	2.484664E-9	2.345204E-9	2.305069E-9	2.390933E-9	2.349794E-9
   0:09:12	0	2.592462E+1	3.900000E+2	7.772100E-8	7.649775E-8	2.800393E-9	2.444569E-9	2.258749E-9	2.132310E-9	2.224168E-9	2.291326E-9	2.256631E-9	1.728128E-9	2.475866E-9	2.508010E-9	2.365392E-9	2.297298E-9	2.134089E-9	2.228854E-9	2.187212E-9	1.084123E-9	3.073927E-9	2.661213E-9	2.641323E-9	2.384783E-9	2.292796E-9	2.282395E-9	2.356955E-9	2.101023E-9	3.066990E-9	3.029830E-9	2.781656E-9	2.595275E-9	2.450470E-9	2.406833E-9	2.498687E-9	2.456476E-9
   0:09:26	0	2.592378E+1	3.920000E+2	8.127700E-8	8.001047E-8	2.908673E-9	2.553776E-9	2.358750E-9	2.225974E-9	2.325347E-9	2.397367E-9	2.359972E-9	1.806570E-9	2.585781E-9	2.620244E-9	2.470791E-9	2.401368E-9	2.231574E-9	2.331717E-9	2.285586E-9	1.133172E-9	3.211715E-9	2.785141E-9	2.766675E-9	2.497311E-9	2.398866E-9	2.386836E-9	2.467908E-9	2.199720E-9	3.210878E-9	3.173591E-9	2.912865E-9	2.719435E-9	2.567734E-9	2.519304E-9	2.618234E-9	2.577594E-9
   0:09:40	0	2.593481E+1	3.940000E+2	8.479600E-8	8.362358E-8	3.024393E-9	2.666011E-9	2.464693E-9	2.325270E-9	2.433369E-9	2.506679E-9	2.467355E-9	1.888372E-9	2.698927E-9	2.738165E-9	2.584348E-9	2.510615E-9	2.328996E-9	2.438492E-9	2.390674E-9	1.179436E-9	3.356346E-9	2.908252E-9	2.891144E-9	2.609902E-9	2.506640E-9	2.497071E-9	2.582022E-9	2.299739E-9	3.354829E-9	3.318670E-9	3.045273E-9	2.844419E-9	2.687017E-9	2.635261E-9	2.741920E-9	2.699280E-9
   0:09:54	0	2.592470E+1	3.960000E+2	8.889200E-8	8.763842E-8	3.149322E-9	2.794513E-9	2.581508E-9	2.435515E-9	2.551844E-9	2.628185E-9	2.587814E-9	1.975376E-9	2.824055E-9	2.867841E-9	2.704290E-9	2.632745E-9	2.440606E-9	2.557764E-9	2.507227E-9	1.232661E-9	3.515484E-9	3.049110E-9	3.031551E-9	2.734717E-9	2.630064E-9	2.617638E-9	2.706876E-9	2.410646E-9	3.519398E-9	3.481397E-9	3.194983E-9	2.983394E-9	2.823225E-9	2.765095E-9	2.875014E-9	2.828566E-9
   0:10:08	0	2.592531E+1	3.980000E+2	9.297000E-8	9.190352E-8	3.279674E-9	2.925600E-9	2.703444E-9	2.551962E-9	2.672790E-9	2.756416E-9	2.716105E-9	2.072460E-9	2.960593E-9	3.003773E-9	2.835233E-9	2.758854E-9	2.559817E-9	2.685175E-9	2.629545E-9	1.287722E-9	3.682984E-9	3.198969E-9	3.179138E-9	2.867055E-9	2.761311E-9	2.747717E-9	2.840831E-9	2.530304E-9	3.692670E-9	3.656811E-9	3.353596E-9	3.134907E-9	2.965368E-9	2.901455E-9	3.019336E-9	2.971905E-9
   0:10:22	0	2.593040E+1	4.000000E+2	9.757000E-8	9.648342E-8	3.424089E-9	3.068415E-9	2.836758E-9	2.677522E-9	2.808752E-9	2.894642E-9	2.858040E-9	2.177791E-9	3.108095E-9	3.151838E-9	2.972689E-9	2.898350E-9	2.685616E-9	2.820854E-9	2.761174E-9	1.348224E-9	3.864295E-9	3.355249E-9	3.339385E-9	3.010364E-9	2.898427E-9	2.888126E-9	2.984957E-9	2.657892E-9	3.875020E-9	3.842588E-9	3.507472E-9	3.297753E-9	3.120393E-9	3.049093E-9	3.176076E-9	3.123477E-9
   0:10:36	0	2.602670E+1	4.020000E+2	1.024100E-7	1.012734E-7	3.570585E-9	3.218482E-9	2.975824E-9	2.806879E-9	2.946107E-9	3.038085E-9	2.997639E-9	2.283563E-9	3.255725E-9	3.307549E-9	3.117668E-9	3.038730E-9	2.819586E-9	2.963349E-9	2.898440E-9	1.415183E-9	4.055996E-9	3.522164E-9	3.506437E-9	3.159628E-9	3.044566E-9	3.032441E-9	3.135150E-9	2.790893E-9	4.068154E-9	4.038099E-9	3.698540E-9	3.464586E-9	3.282553E-9	3.204970E-9	3.336203E-9	3.279606E-9
   0:10:50	0	2.602776E+1	4.040000E+2	1.077100E-7	1.065718E-7	3.731712E-9	3.384501E-9	3.130756E-9	2.952121E-9	3.099935E-9	3.199192E-9	3.155619E-9	2.403351E-9	3.419266E-9	3.477543E-9	3.279530E-9	3.193888E-9	2.965846E-9	3.121934E-9	3.051860E-9	1.484801E-9	4.262586E-9	3.707961E-9	3.691377E-9	3.324878E-9	3.205471E-9	3.190741E-9	3.300885E-9	2.938750E-9	4.278691E-9	4.254903E-9	3.896427E-9	3.656557E-9	3.463659E-9	3.374469E-9	3.512951E-9	3.459604E-9
   0:11:04	0	2.603042E+1	4.060000E+2	1.135300E-7	1.122088E-7	3.909109E-9	3.558022E-9	3.289544E-9	3.103566E-9	3.265167E-9	3.369791E-9	3.325347E-9	2.530367E-9	3.597196E-9	3.658533E-9	3.449863E-9	3.362053E-9	3.121036E-9	3.288598E-9	3.215795E-9	1.557645E-9	4.489890E-9	3.900305E-9	3.886018E-9	3.501726E-9	3.373757E-9	3.363339E-9	3.481343E-9	3.096614E-9	4.504613E-9	4.485899E-9	4.101575E-9	3.858658E-9	3.654613E-9	3.558923E-9	3.705505E-9	3.644414E-9
   0:11:18	0	2.602617E+1	4.080000E+2	1.194500E-7	1.181392E-7	4.087200E-9	3.741506E-9	3.460532E-9	3.265768E-9	3.436417E-9	3.547743E-9	3.502593E-9	2.664675E-9	3.782922E-9	3.850139E-9	3.629682E-9	3.544301E-9	3.283954E-9	3.464917E-9	3.384417E-9	1.636059E-9	4.719348E-9	4.105363E-9	4.091052E-9	3.690359E-9	3.556495E-9	3.541607E-9	3.664898E-9	3.259011E-9	4.743775E-9	4.729959E-9	4.324342E-9	4.070825E-9	3.859398E-9	3.749016E-9	3.905398E-9	3.845496E-9
   0:11:32	0	2.602533E+1	4.100000E+2	1.257500E-7	1.247247E-7	4.290203E-9	3.945672E-9	3.652190E-9	3.445629E-9	3.629653E-9	3.746314E-9	3.698283E-9	2.813822E-9	3.988489E-9	4.060325E-9	3.829416E-9	3.737284E-9	3.469042E-9	3.661998E-9	3.576477E-9	1.723332E-9	4.976997E-9	4.329996E-9	4.319710E-9	3.891844E-9	3.757594E-9	3.742299E-9	3.871705E-9	3.441991E-9	5.007969E-9	4.996314E-9	4.568827E-9	4.307688E-9	4.092914E-9	3.960272E-9	4.128560E-9	4.061899E-9
   0:11:46	0	2.592394E+1	4.112656E+2	1.302000E-7	1.290522E-7	4.421249E-9	4.078651E-9	3.778487E-9	3.562962E-9	3.751993E-9	3.878380E-9	3.828597E-9	2.908435E-9	4.124392E-9	4.202262E-9	3.958337E-9	3.867181E-9	3.586480E-9	3.790798E-9	3.699871E-9	1.776052E-9	5.147792E-9	4.481806E-9	4.471202E-9	4.028382E-9	3.888589E-9	3.875464E-9	4.008439E-9	3.561522E-9	5.181618E-9	5.176061E-9	4.725797E-9	4.466545E-9	4.242511E-9	4.100878E-9	4.275768E-9	4.205685E-9
   0:12:00	0	2.592432E+1	4.125312E+2	1.344800E-7	1.333641E-7	4.555132E-9	4.213146E-9	3.901939E-9	3.680674E-9	3.877880E-9	4.007555E-9	3.958278E-9	3.005456E-9	4.260678E-9	4.338383E-9	4.088141E-9	3.994363E-9	3.704298E-9	3.917832E-9	3.822568E-9	1.835416E-9	5.318018E-9	4.633050E-9	4.619482E-9	4.166490E-9	4.021225E-9	4.003717E-9	4.144225E-9	3.682061E-9	5.353125E-9	5.348085E-9	4.884095E-9	4.624895E-9	4.397220E-9	4.238000E-9	4.419964E-9	4.348709E-9
   0:12:15	0	2.592470E+1	4.137968E+2	1.391800E-7	1.384591E-7	4.710015E-9	4.371156E-9	4.046441E-9	3.818322E-9	4.028413E-9	4.159609E-9	4.112593E-9	3.120170E-9	4.418513E-9	4.499972E-9	4.238813E-9	4.149268E-9	3.848657E-9	4.071873E-9	3.967500E-9	1.901046E-9	5.521248E-9	4.803302E-9	4.796297E-9	4.326787E-9	4.170455E-9	4.161638E-9	4.302697E-9	3.821419E-9	5.554770E-9	5.558418E-9	5.074467E-9	4.802683E-9	4.583881E-9	4.405726E-9	4.594140E-9	4.518767E-9
   0:12:29	0	2.592416E+1	4.150624E+2	1.442000E-7	1.435356E-7	4.866917E-9	4.523177E-9	4.193600E-9	3.957869E-9	4.172231E-9	4.311353E-9	4.261290E-9	3.235011E-9	4.580216E-9	4.662952E-9	4.394099E-9	4.295586E-9	3.989087E-9	4.224909E-9	4.114269E-9	1.969776E-9	5.715356E-9	4.978840E-9	4.971662E-9	4.482634E-9	4.324862E-9	4.317482E-9	4.464073E-9	3.964492E-9	5.760262E-9	5.766867E-9	5.266041E-9	4.986612E-9	4.767070E-9	4.568699E-9	4.766122E-9	4.682177E-9
   0:12:43	0	2.592492E+1	4.163280E+2	1.496400E-7	1.486610E-7	5.021990E-9	4.687241E-9	4.338356E-9	4.095390E-9	4.321055E-9	4.466739E-9	4.415353E-9	3.349598E-9	4.741221E-9	4.823023E-9	4.548753E-9	4.451122E-9	4.128379E-9	4.375290E-9	4.261165E-9	2.033761E-9	5.913455E-9	5.157966E-9	5.149296E-9	4.646191E-9	4.482486E-9	4.465703E-9	4.625891E-9	4.105173E-9	5.965438E-9	5.978205E-9	5.452561E-9	5.173392E-9	4.956447E-9	4.735473E-9	4.939107E-9	4.855780E-9
   0:12:57	0	2.592500E+1	4.175936E+2	1.558900E-7	1.546752E-7	5.200081E-9	4.868581E-9	4.513452E-9	4.258038E-9	4.496360E-9	4.648527E-9	4.592599E-9	3.484731E-9	4.927264E-9	5.022213E-9	4.726674E-9	4.628760E-9	4.295099E-9	4.555397E-9	4.438465E-9	2.114012E-9	6.150578E-9	5.364031E-9	5.360064E-9	4.830563E-9	4.665790E-9	4.649325E-9	4.815828E-9	4.274054E-9	6.205104E-9	6.213723E-9	5.676905E-9	5.396197E-9	5.182448E-9	4.927340E-9	5.142323E-9	5.050657E-9
   0:13:11	0	2.592477E+1	4.188592E+2	1.622900E-7	1.610676E-7	5.400560E-9	5.067577E-9	4.695692E-9	4.427519E-9	4.683197E-9	4.838987E-9	4.785194E-9	3.630326E-9	5.123893E-9	5.225574E-9	4.920465E-9	4.819786E-9	4.471953E-9	4.744399E-9	4.619820E-9	2.199134E-9	6.405695E-9	5.582809E-9	5.579649E-9	5.025967E-9	4.855658E-9	4.842836E-9	5.016822E-9	4.450614E-9	6.460410E-9	6.471350E-9	5.914950E-9	5.626472E-9	5.419376E-9	5.136887E-9	5.356454E-9	5.267568E-9
   0:13:25	0	2.602450E+1	4.201247E+2	1.683400E-7	1.671145E-7	5.584453E-9	5.248414E-9	4.869525E-9	4.592886E-9	4.855968E-9	5.023478E-9	4.966104E-9	3.765586E-9	5.316783E-9	5.416928E-9	5.099271E-9	4.998623E-9	4.638989E-9	4.924190E-9	4.791419E-9	2.279257E-9	6.638828E-9	5.790636E-9	5.788147E-9	5.219114E-9	5.042874E-9	5.021860E-9	5.207894E-9	4.618739E-9	6.699068E-9	6.718236E-9	6.138030E-9	5.845668E-9	5.646703E-9	5.332874E-9	5.564563E-9	5.469346E-9
   0:13:39	0	2.592401E+1	4.213903E+2	1.754100E-7	1.739275E-7	5.786255E-9	5.454283E-9	5.066871E-9	4.776986E-9	5.053574E-9	5.225758E-9	5.169185E-9	3.918284E-9	5.529259E-9	5.631601E-9	5.306594E-9	5.200195E-9	4.828827E-9	5.128338E-9	4.989750E-9	2.368366E-9	6.908133E-9	6.022945E-9	6.025308E-9	5.430755E-9	5.242965E-9	5.233074E-9	5.419062E-9	4.808893E-9	6.975369E-9	7.002741E-9	6.385928E-9	6.092089E-9	5.902637E-9	5.551734E-9	5.793119E-9	5.698665E-9
   0:13:53	0	2.601233E+1	4.226559E+2	1.827400E-7	1.814973E-7	6.021797E-9	5.690731E-9	5.281034E-9	4.984502E-9	5.273230E-9	5.455884E-9	5.400692E-9	4.090767E-9	5.757455E-9	5.879261E-9	5.529154E-9	5.422670E-9	5.039126E-9	5.346877E-9	5.210568E-9	2.466336E-9	7.202336E-9	6.287608E-9	6.286279E-9	5.667973E-9	5.474289E-9	5.461609E-9	5.655629E-9	5.022212E-9	7.275378E-9	7.300185E-9	6.672592E-9	6.368904E-9	6.177262E-9	5.792961E-9	6.049836E-9	5.952169E-9
   0:14:07	0	2.592363E+1	4.239215E+2	1.899400E-7	1.886555E-7	6.234510E-9	5.909651E-9	5.484260E-9	5.176577E-9	5.477552E-9	5.673374E-9	5.612805E-9	4.251648E-9	5.983242E-9	6.101517E-9	5.742166E-9	5.641355E-9	5.232512E-9	5.564404E-9	5.411749E-9	2.560256E-9	7.479307E-9	6.533136E-9	6.529927E-9	5.890584E-9	5.694633E-9	5.685420E-9	5.885689E-9	5.221935E-9	7.563658E-9	7.586449E-9	6.931032E-9	6.633370E-9	6.448415E-9	6.022214E-9	6.298026E-9	6.194088E-9
   0:14:21	0	2.592318E+1	4.251871E+2	1.981200E-7	1.967899E-7	6.481089E-9	6.154675E-9	5.717512E-9	5.400421E-9	5.715516E-9	5.916763E-9	5.857955E-9	4.435609E-9	6.236350E-9	6.360933E-9	5.982493E-9	5.882268E-9	5.457127E-9	5.813611E-9	5.651761E-9	2.663668E-9	7.796506E-9	6.810385E-9	6.817731E-9	6.146547E-9	5.935611E-9	5.930648E-9	6.139632E-9	5.447276E-9	7.887816E-9	7.918059E-9	7.226663E-9	6.927214E-9	6.750004E-9	6.290182E-9	6.568417E-9	6.469437E-9
   0:14:35	0	2.592378E+1	4.264527E+2	2.071700E-7	2.059517E-7	6.763802E-9	6.438858E-9	5.978955E-9	5.648631E-9	5.982687E-9	6.190261E-9	6.129382E-9	4.645443E-9	6.519822E-9	6.655800E-9	6.254874E-9	6.152040E-9	5.710879E-9	6.080424E-9	5.912169E-9	2.783409E-9	8.155201E-9	7.120426E-9	7.127708E-9	6.431787E-9	6.215017E-9	6.201388E-9	6.428077E-9	5.702138E-9	8.262859E-9	8.289988E-9	7.569901E-9	7.264112E-9	7.085691E-9	6.588883E-9	6.888107E-9	6.773022E-9
   0:14:49	0	2.592318E+1	4.277183E+2	2.159100E-7	2.147024E-7	7.020407E-9	6.696555E-9	6.227694E-9	5.879183E-9	6.234400E-9	6.459800E-9	6.393926E-9	4.841007E-9	6.791248E-9	6.930949E-9	6.518218E-9	6.411711E-9	5.953925E-9	6.342317E-9	6.168776E-9	2.899732E-9	8.499771E-9	7.428200E-9	7.435669E-9	6.702043E-9	6.477261E-9	6.473768E-9	6.708052E-9	5.952091E-9	8.604233E-9	8.644462E-9	7.895146E-9	7.584674E-9	7.414432E-9	6.863187E-9	7.176247E-9	7.073315E-9
   0:15:03	0	2.592333E+1	4.289839E+2	2.264800E-7	2.252065E-7	7.332192E-9	7.017748E-9	6.529469E-9	6.166249E-9	6.531540E-9	6.776231E-9	6.708749E-9	5.076460E-9	7.117886E-9	7.267271E-9	6.834227E-9	6.726950E-9	6.238272E-9	6.657849E-9	6.465418E-9	3.039093E-9	8.906991E-9	7.786830E-9	7.798494E-9	7.033859E-9	6.796231E-9	6.796413E-9	7.041484E-9	6.242139E-9	9.024800E-9	9.078318E-9	8.280816E-9	7.976719E-9	7.787250E-9	7.211691E-9	7.534323E-9	7.424511E-9
   0:15:17	0	2.592272E+1	4.302495E+2	2.371900E-7	2.359054E-7	7.658292E-9	7.344489E-9	6.844264E-9	6.451989E-9	6.845214E-9	7.097816E-9	7.026919E-9	5.321996E-9	7.445601E-9	7.613957E-9	7.144736E-9	7.044337E-9	6.537253E-9	6.972749E-9	6.779985E-9	3.176554E-9	9.325616E-9	8.150054E-9	8.171462E-9	7.360723E-9	7.117977E-9	7.117988E-9	7.382876E-9	6.542888E-9	9.452430E-9	9.509975E-9	8.679056E-9	8.364459E-9	8.177749E-9	7.557596E-9	7.906635E-9	7.781785E-9
   0:15:31	0	2.592356E+1	4.315151E+2	2.479500E-7	2.468225E-7	7.987798E-9	7.675832E-9	7.151915E-9	6.748993E-9	7.162056E-9	7.428893E-9	7.355448E-9	5.569179E-9	7.788782E-9	7.949458E-9	7.473706E-9	7.375301E-9	6.832051E-9	7.302795E-9	7.089738E-9	3.321105E-9	9.749879E-9	8.525176E-9	8.536306E-9	7.709717E-9	7.447357E-9	7.454932E-9	7.729450E-9	6.849743E-9	9.887562E-9	9.946280E-9	9.072745E-9	8.769803E-9	8.588015E-9	7.910980E-9	8.275750E-9	8.155774E-9
   0:15:45	0	2.592356E+1	4.327807E+2	2.607300E-7	2.598479E-7	8.372362E-9	8.070734E-9	7.531881E-9	7.096625E-9	7.533447E-9	7.822136E-9	7.748282E-9	5.866776E-9	8.185273E-9	8.369264E-9	7.852752E-9	7.763667E-9	7.198807E-9	7.695379E-9	7.465243E-9	3.489513E-9	1.026138E-8	8.969468E-9	8.993996E-9	8.110492E-9	7.839838E-9	7.849956E-9	8.141609E-9	7.218219E-9	1.041330E-8	1.047347E-8	9.561779E-9	9.236053E-9	9.051765E-9	8.339513E-9	8.721323E-9	8.603652E-9
   0:15:59	0	2.592295E+1	4.340463E+2	2.738200E-7	2.732979E-7	8.774201E-9	8.477618E-9	7.909256E-9	7.457483E-9	7.918840E-9	8.234301E-9	8.156086E-9	6.178070E-9	8.608706E-9	8.792099E-9	8.255699E-9	8.162453E-9	7.564612E-9	8.093139E-9	7.856013E-9	3.665075E-9	1.077788E-8	9.438745E-9	9.463969E-9	8.526254E-9	8.247211E-9	8.262113E-9	8.576583E-9	7.592802E-9	1.094762E-8	1.101805E-8	1.005662E-8	9.735227E-9	9.529342E-9	8.780341E-9	9.186024E-9	9.055452E-9
   0:16:13	0	2.592295E+1	4.353119E+2	2.887000E-7	2.878935E-7	9.213879E-9	8.916277E-9	8.331511E-9	7.852327E-9	8.350040E-9	8.674628E-9	8.590802E-9	6.508262E-9	9.051977E-9	9.255316E-9	8.684002E-9	8.588206E-9	7.978812E-9	8.532993E-9	8.276491E-9	3.853293E-9	1.135184E-8	9.935590E-9	9.969594E-9	8.985895E-9	8.686324E-9	8.709612E-9	9.035122E-9	8.008612E-9	1.153440E-8	1.160389E-8	1.059952E-8	1.027163E-8	1.005940E-8	9.249300E-9	9.682651E-9	9.551318E-9
   0:16:27	0	2.592356E+1	4.365775E+2	3.045800E-7	3.037520E-7	9.680170E-9	9.395481E-9	8.781834E-9	8.278055E-9	8.800756E-9	9.151348E-9	9.072321E-9	6.875677E-9	9.549951E-9	9.759547E-9	9.152642E-9	9.066181E-9	8.412335E-9	9.007552E-9	8.743087E-9	4.067903E-9	1.196584E-8	1.047008E-8	1.051692E-8	9.482336E-9	9.165757E-9	9.191250E-9	9.543071E-9	8.454827E-9	1.216764E-8	1.225323E-8	1.117462E-8	1.084938E-8	1.062368E-8	9.770853E-9	1.022883E-8	1.009885E-8
   0:16:41	0	2.592257E+1	4.378431E+2	3.213500E-7	3.200835E-7	1.016941E-8	9.891645E-9	9.244735E-9	8.716063E-9	9.270285E-9	9.649503E-9	9.562495E-9	7.251779E-9	1.005262E-8	1.026921E-8	9.633864E-9	9.542892E-9	8.860232E-9	9.499403E-9	9.218105E-9	4.283907E-9	1.260449E-8	1.103490E-8	1.108661E-8	9.982536E-9	9.658755E-9	9.694179E-9	1.006473E-8	8.916588E-9	1.282069E-8	1.290464E-8	1.178684E-8	1.143605E-8	1.121258E-8	1.030489E-8	1.079595E-8	1.066290E-8
   0:16:55	0	2.592249E+1	4.391086E+2	3.413700E-7	3.400844E-7	1.077602E-8	1.048920E-8	9.806561E-9	9.253491E-9	9.849673E-9	1.025364E-8	1.015601E-8	7.709113E-9	1.066786E-8	1.091089E-8	1.022510E-8	1.014022E-8	9.417460E-9	1.009822E-8	9.799731E-9	4.544400E-9	1.337446E-8	1.171880E-8	1.177774E-8	1.059853E-8	1.027013E-8	1.031679E-8	1.070847E-8	9.494103E-9	1.362084E-8	1.371426E-8	1.252358E-8	1.217418E-8	1.193732E-8	1.096198E-8	1.146669E-8	1.132896E-8
   0:17:09	0	2.592226E+1	4.403742E+2	3.616400E-7	3.609807E-7	1.138074E-8	1.111204E-8	1.039987E-8	9.810157E-9	1.045307E-8	1.088971E-8	1.079608E-8	8.193143E-9	1.131017E-8	1.156003E-8	1.082987E-8	1.075921E-8	9.992361E-9	1.072619E-8	1.040955E-8	4.817108E-9	1.419707E-8	1.242838E-8	1.249483E-8	1.125984E-8	1.090100E-8	1.095138E-8	1.138190E-8	1.007747E-8	1.445542E-8	1.455716E-8	1.329934E-8	1.293421E-8	1.268074E-8	1.164790E-8	1.220166E-8	1.207307E-8
   0:17:23	0	2.592211E+1	4.416398E+2	3.836900E-7	3.825639E-7	1.201547E-8	1.174982E-8	1.100999E-8	1.038859E-8	1.107054E-8	1.154671E-8	1.143943E-8	8.691255E-9	1.196300E-8	1.224418E-8	1.146537E-8	1.140295E-8	1.058994E-8	1.136918E-8	1.102766E-8	5.099120E-9	1.503211E-8	1.316735E-8	1.324013E-8	1.193652E-8	1.154954E-8	1.162627E-8	1.206463E-8	1.068873E-8	1.532285E-8	1.543832E-8	1.409866E-8	1.372109E-8	1.346964E-8	1.235701E-8	1.295457E-8	1.282327E-8
   0:17:37	0	2.592204E+1	4.429054E+2	4.102300E-7	4.095957E-7	1.281978E-8	1.256119E-8	1.175886E-8	1.110222E-8	1.185286E-8	1.237424E-8	1.225927E-8	9.316188E-9	1.280689E-8	1.309225E-8	1.225153E-8	1.219534E-8	1.132637E-8	1.218830E-8	1.182751E-8	5.453597E-9	1.608805E-8	1.408281E-8	1.417788E-8	1.277311E-8	1.235855E-8	1.245424E-8	1.293596E-8	1.145961E-8	1.640246E-8	1.652195E-8	1.510849E-8	1.470779E-8	1.444462E-8	1.324658E-8	1.389062E-8	1.375663E-8
   0:17:51	0	2.592257E+1	4.441710E+2	4.406800E-7	4.397833E-7	1.370242E-8	1.345579E-8	1.262145E-8	1.190184E-8	1.273370E-8	1.329047E-8	1.317014E-8	1.002140E-8	1.373330E-8	1.403076E-8	1.311509E-8	1.308334E-8	1.215705E-8	1.310486E-8	1.270236E-8	5.858008E-9	1.726530E-8	1.511074E-8	1.522409E-8	1.371515E-8	1.327678E-8	1.338212E-8	1.391913E-8	1.233227E-8	1.759215E-8	1.773892E-8	1.622806E-8	1.581523E-8	1.552816E-8	1.423843E-8	1.493480E-8	1.480002E-8
   0:18:05	0	2.592242E+1	4.454366E+2	4.714500E-7	4.702624E-7	1.458032E-8	1.436098E-8	1.346552E-8	1.271836E-8	1.359742E-8	1.420450E-8	1.410141E-8	1.073670E-8	1.465857E-8	1.498652E-8	1.401039E-8	1.399351E-8	1.299571E-8	1.402489E-8	1.360393E-8	6.253431E-9	1.843591E-8	1.614201E-8	1.627572E-8	1.466854E-8	1.418863E-8	1.431579E-8	1.491904E-8	1.321400E-8	1.881710E-8	1.896462E-8	1.736070E-8	1.691229E-8	1.661952E-8	1.523920E-8	1.599925E-8	1.589793E-8
   0:18:19	0	2.592318E+1	4.467022E+2	5.075700E-7	5.064523E-7	1.563065E-8	1.542582E-8	1.448355E-8	1.368475E-8	1.463646E-8	1.532332E-8	1.520935E-8	1.159474E-8	1.575911E-8	1.610791E-8	1.504978E-8	1.505517E-8	1.399514E-8	1.510123E-8	1.466463E-8	6.728726E-9	1.983914E-8	1.738192E-8	1.751286E-8	1.578630E-8	1.529181E-8	1.545135E-8	1.608198E-8	1.426649E-8	2.025976E-8	2.041561E-8	1.869900E-8	1.821474E-8	1.791548E-8	1.644649E-8	1.728221E-8	1.715685E-8
   0:18:33	0	2.592249E+1	4.479678E+2	5.513900E-7	5.505070E-7	1.692748E-8	1.673001E-8	1.569418E-8	1.484472E-8	1.589287E-8	1.664090E-8	1.654558E-8	1.263434E-8	1.710826E-8	1.747955E-8	1.632444E-8	1.633142E-8	1.520866E-8	1.643044E-8	1.595154E-8	7.318507E-9	2.154050E-8	1.886975E-8	1.906369E-8	1.714304E-8	1.660189E-8	1.680739E-8	1.753051E-8	1.551399E-8	2.203044E-8	2.218853E-8	2.033072E-8	1.980723E-8	1.951859E-8	1.790672E-8	1.883400E-8	1.875708E-8
   0:18:58	1	2.592470E+1	0.000000E+0	-2.876000E-9	3.697356E-9	1.374783E-10	1.152606E-10	1.157404E-10	1.143583E-10	1.130904E-10	1.144656E-10	1.154683E-10	1.128110E-10	1.101046E-10	1.082528E-10	1.065376E-10	1.043224E-10	1.194014E-10	1.135916E-10	1.183907E-10	1.128427E-10	1.128922E-10	1.148018E-10	1.129418E-10	1.120897E-10	1.157883E-10	1.157796E-10	1.187259E-10	1.166986E-10	1.199906E-10	1.192664E-10	1.199694E-10	1.182718E-10	1.170107E-10	1.174771E-10	1.168491E-10	1.166860E-10
   0:19:12	1	2.592462E+1	0.000000E+0	2.961700E-9	3.776867E-9	1.379830E-10	1.182876E-10	1.211769E-10	1.188522E-10	1.223400E-10	1.210656E-10	1.209009E-10	1.211190E-10	1.209439E-10	1.177951E-10	1.166538E-10	1.160680E-10	1.226323E-10	1.126452E-10	1.161727E-10	1.148678E-10	1.128922E-10	1.124728E-10	1.101078E-10	1.118383E-10	1.132641E-10	1.163465E-10	1.181574E-10	1.155658E-10	1.213782E-10	1.180102E-10	1.202854E-10	1.173852E-10	1.160637E-10	1.175411E-10	1.182293E-10	1.178254E-10
   0:19:27	1	2.592204E+1	1.000000E+1	4.848600E-9	4.568271E-9	2.777312E-10	1.424995E-10	1.437434E-10	1.397998E-10	1.393829E-10	1.409924E-10	1.402304E-10	1.418542E-10	1.480103E-10	1.434522E-10	1.386568E-10	1.382960E-10	1.430287E-10	1.321445E-10	1.365065E-10	1.379681E-10	1.384858E-10	1.353197E-10	1.342957E-10	1.312722E-10	1.345922E-10	1.380161E-10	1.398298E-10	1.370302E-10	1.406721E-10	1.396154E-10	1.379656E-10	1.360004E-10	1.360808E-10	1.342052E-10	1.348501E-10	1.357423E-10
   0:19:41	1	2.592158E+1	2.000000E+1	5.427500E-9	4.828000E-9	3.673442E-10	1.513904E-10	1.499384E-10	1.447992E-10	1.455910E-10	1.414945E-10	1.439569E-10	1.466103E-10	1.571384E-10	1.529945E-10	1.433361E-10	1.449902E-10	1.490455E-10	1.356781E-10	1.410674E-10	1.445502E-10	1.521061E-10	1.421805E-10	1.411621E-10	1.342184E-10	1.389453E-10	1.417323E-10	1.434945E-10	1.409324E-10	1.476718E-10	1.451419E-10	1.449103E-10	1.394188E-10	1.408798E-10	1.377543E-10	1.381116E-10	1.394145E-10
   0:19:55	1	2.592272E+1	3.000000E+1	5.887400E-9	5.094311E-9	4.242900E-10	1.597138E-10	1.568289E-10	1.497356E-10	1.493297E-10	1.494153E-10	1.478729E-10	1.528880E-10	1.675975E-10	1.612100E-10	1.512394E-10	1.511152E-10	1.534804E-10	1.416107E-10	1.476554E-10	1.509415E-10	1.665506E-10	1.504254E-10	1.506736E-10	1.435598E-10	1.448135E-10	1.471500E-10	1.481708E-10	1.440794E-10	1.566881E-10	1.520505E-10	1.502780E-10	1.464474E-10	1.468161E-10	1.422527E-10	1.446981E-10	1.447328E-10
   0:20:09	1	2.592166E+1	4.000000E+1	6.325700E-9	5.361893E-9	4.618762E-10	1.705587E-10	1.647931E-10	1.543554E-10	1.562348E-10	1.543183E-10	1.525477E-10	1.604982E-10	1.814789E-10	1.713209E-10	1.579409E-10	1.598302E-10	1.624111E-10	1.476060E-10	1.494924E-10	1.579671E-10	1.810580E-10	1.601816E-10	1.608782E-10	1.499540E-10	1.504297E-10	1.525666E-10	1.554365E-10	1.501855E-10	1.670293E-10	1.600894E-10	1.568449E-10	1.530953E-10	1.533835E-10	1.482095E-10	1.500291E-10	1.492915E-10
   0:20:23	1	2.592112E+1	5.000000E+1	6.725900E-9	5.645342E-9	4.828127E-10	1.817190E-10	1.763608E-10	1.603678E-10	1.616838E-10	1.611068E-10	1.572215E-10	1.661423E-10	1.900998E-10	1.830750E-10	1.667934E-10	1.689868E-10	1.695059E-10	1.539790E-10	1.558263E-10	1.670800E-10	1.971486E-10	1.689929E-10	1.729722E-10	1.589816E-10	1.572443E-10	1.617641E-10	1.622613E-10	1.559767E-10	1.802074E-10	1.730271E-10	1.673262E-10	1.606297E-10	1.602659E-10	1.544825E-10	1.552977E-10	1.560031E-10
   0:20:37	1	2.592211E+1	6.000000E+1	7.048200E-9	5.857261E-9	4.936603E-10	1.887803E-10	1.816706E-10	1.694814E-10	1.677658E-10	1.690266E-10	1.633492E-10	1.729906E-10	2.020799E-10	1.909742E-10	1.729260E-10	1.727760E-10	1.762837E-10	1.595957E-10	1.600072E-10	1.725231E-10	2.071586E-10	1.752237E-10	1.776330E-10	1.661280E-10	1.631762E-10	1.654803E-10	1.678841E-10	1.608854E-10	1.869533E-10	1.788055E-10	1.730089E-10	1.675944E-10	1.681591E-10	1.606284E-10	1.628872E-10	1.617641E-10
   0:20:51	1	2.592242E+1	7.000000E+1	7.282900E-9	6.013797E-9	5.009756E-10	1.942659E-10	1.879923E-10	1.708102E-10	1.716305E-10	1.716036E-10	1.673290E-10	1.766686E-10	2.073415E-10	1.967256E-10	1.796914E-10	1.790277E-10	1.824275E-10	1.631931E-10	1.655812E-10	1.756872E-10	2.136202E-10	1.802593E-10	1.860109E-10	1.701400E-10	1.677196E-10	1.701412E-10	1.730660E-10	1.642848E-10	1.938892E-10	1.834525E-10	1.779969E-10	1.720893E-10	1.735901E-10	1.645576E-10	1.661488E-10	1.658801E-10
   0:21:05	1	2.592249E+1	8.000000E+1	7.540400E-9	6.165305E-9	5.171196E-10	1.985541E-10	1.916586E-10	1.746706E-10	1.759392E-10	1.769473E-10	1.717505E-10	1.788879E-10	2.131094E-10	2.018434E-10	1.836750E-10	1.831319E-10	1.842015E-10	1.677370E-10	1.684951E-10	1.787255E-10	2.213490E-10	1.863014E-10	1.903574E-10	1.750299E-10	1.719472E-10	1.731026E-10	1.779936E-10	1.690058E-10	2.008252E-10	1.864051E-10	1.827955E-10	1.772178E-10	1.774420E-10	1.681687E-10	1.701629E-10	1.707546E-10
   0:21:19	1	2.592249E+1	9.000000E+1	7.719000E-9	6.302133E-9	5.147860E-10	2.043552E-10	1.977268E-10	1.796700E-10	1.786627E-10	1.822275E-10	1.747191E-10	1.828192E-10	2.190684E-10	2.068366E-10	1.884172E-10	1.869212E-10	1.885083E-10	1.711441E-10	1.740701E-10	1.829657E-10	2.274306E-10	1.918397E-10	1.947666E-10	1.791044E-10	1.765533E-10	1.769451E-10	1.805213E-10	1.737894E-10	2.065637E-10	1.924343E-10	1.870259E-10	1.813968E-10	1.793999E-10	1.734913E-10	1.738631E-10	1.741099E-10
   0:21:33	1	2.592356E+1	1.000000E+2	7.986300E-9	6.499059E-9	5.262638E-10	2.112274E-10	2.032262E-10	1.851759E-10	1.841746E-10	1.873816E-10	1.797090E-10	1.896675E-10	2.262943E-10	2.121449E-10	1.932222E-10	1.914681E-10	1.943362E-10	1.751828E-10	1.786940E-10	1.882190E-10	2.336392E-10	2.006510E-10	2.024514E-10	1.846841E-10	1.821057E-10	1.821102E-10	1.865870E-10	1.771887E-10	2.141297E-10	1.997196E-10	1.942876E-10	1.885514E-10	1.872293E-10	1.786239E-10	1.791941E-10	1.815182E-10
   0:21:47	1	2.592378E+1	1.200000E+2	8.579000E-9	7.052064E-9	5.472640E-10	2.286299E-10	2.219997E-10	2.030863E-10	2.015346E-10	2.034731E-10	1.946798E-10	2.041891E-10	2.435990E-10	2.314191E-10	2.116210E-10	2.083916E-10	2.104887E-10	1.924744E-10	1.939599E-10	1.993570E-10	2.561925E-10	2.158203E-10	2.205934E-10	2.032401E-10	1.986385E-10	1.983622E-10	2.021947E-10	1.946874E-10	2.352531E-10	2.211355E-10	2.129775E-10	2.068497E-10	2.033317E-10	1.940846E-10	1.950623E-10	1.974731E-10
   0:22:02	1	2.592249E+1	1.400000E+2	9.229000E-9	7.842611E-9	5.709124E-10	2.547978E-10	2.463365E-10	2.261860E-10	2.257998E-10	2.297479E-10	2.193781E-10	2.247351E-10	2.719332E-10	2.592251E-10	2.378601E-10	2.308090E-10	2.361429E-10	2.139931E-10	2.174606E-10	2.182170E-10	2.853334E-10	2.430093E-10	2.456634E-10	2.280657E-10	2.204707E-10	2.230549E-10	2.262052E-10	2.167808E-10	2.645100E-10	2.475136E-10	2.392451E-10	2.310353E-10	2.275178E-10	2.198746E-10	2.200884E-10	2.207083E-10
   0:22:16	1	2.592591E+1	1.600000E+2	1.063100E-8	9.025856E-9	6.110841E-10	2.940163E-10	2.832518E-10	2.614364E-10	2.601387E-10	2.633153E-10	2.534251E-10	2.577095E-10	3.108536E-10	2.972677E-10	2.770611E-10	2.682569E-10	2.709809E-10	2.507840E-10	2.513492E-10	2.451778E-10	3.291097E-10	2.821582E-10	2.835841E-10	2.646138E-10	2.578256E-10	2.586456E-10	2.616519E-10	2.510856E-10	3.090253E-10	2.894669E-10	2.789614E-10	2.711142E-10	2.631948E-10	2.548513E-10	2.572192E-10	2.572398E-10
   0:22:31	1	2.592242E+1	1.800000E+2	1.221600E-8	1.063548E-8	6.687238E-10	3.456563E-10	3.325570E-10	3.095969E-10	3.094932E-10	3.136013E-10	3.020001E-10	3.019720E-10	3.645429E-10	3.509202E-10	3.279593E-10	3.179547E-10	3.192484E-10	2.965999E-10	2.999977E-10	2.834674E-10	3.880896E-10	3.354679E-10	3.366845E-10	3.162700E-10	3.054656E-10	3.079057E-10	3.107472E-10	2.975381E-10	3.657731E-10	3.434794E-10	3.310530E-10	3.209426E-10	3.135867E-10	3.040224E-10	3.056397E-10	3.085229E-10
   0:22:46	1	2.592531E+1	2.000000E+2	1.414000E-8	1.267460E-8	7.387871E-10	4.145106E-10	3.966540E-10	3.714907E-10	3.710748E-10	3.774663E-10	3.628923E-10	3.580292E-10	4.333185E-10	4.160744E-10	3.942210E-10	3.795885E-10	3.798676E-10	3.561717E-10	3.606180E-10	3.314394E-10	4.629070E-10	4.044497E-10	4.023840E-10	3.788342E-10	3.665463E-10	3.672434E-10	3.721635E-10	3.572094E-10	4.423205E-10	4.162705E-10	3.990564E-10	3.868532E-10	3.743330E-10	3.654853E-10	3.676719E-10	3.686705E-10
   0:23:00	1	2.592264E+1	2.200000E+2	1.687300E-8	1.528489E-8	8.379852E-10	4.969840E-10	4.764910E-10	4.540165E-10	4.513465E-10	4.563541E-10	4.417249E-10	4.289252E-10	5.202874E-10	5.029670E-10	4.772384E-10	4.601666E-10	4.553093E-10	4.329724E-10	4.391022E-10	3.939043E-10	5.576804E-10	4.901738E-10	4.867913E-10	4.611460E-10	4.469989E-10	4.452277E-10	4.506398E-10	4.336869E-10	5.343155E-10	5.055161E-10	4.854986E-10	4.683395E-10	4.530768E-10	4.444376E-10	4.468258E-10	4.487609E-10
   0:23:15	1	2.592356E+1	2.400000E+2	2.010700E-8	1.865903E-8	9.477154E-10	6.069490E-10	5.814221E-10	5.560972E-10	5.538562E-10	5.605730E-10	5.444332E-10	5.210641E-10	6.307082E-10	6.114721E-10	5.840285E-10	5.646146E-10	5.554543E-10	5.317340E-10	5.409590E-10	4.730142E-10	6.816588E-10	6.018914E-10	5.953239E-10	5.679064E-10	5.477695E-10	5.473379E-10	5.530010E-10	5.337056E-10	6.594135E-10	6.244057E-10	5.964380E-10	5.780004E-10	5.563845E-10	5.483545E-10	5.515702E-10	5.517708E-10
   0:23:29	1	2.592386E+1	2.600000E+2	2.464600E-8	2.314216E-8	1.105311E-9	7.515926E-10	7.221319E-10	6.931126E-10	6.922249E-10	6.993654E-10	6.836524E-10	6.461143E-10	7.766271E-10	7.554291E-10	7.251518E-10	7.041108E-10	6.884113E-10	6.643836E-10	6.748686E-10	5.802250E-10	8.377553E-10	7.461485E-10	7.418399E-10	7.045702E-10	6.827392E-10	6.840941E-10	6.916936E-10	6.650708E-10	8.150933E-10	7.790936E-10	7.439380E-10	7.218521E-10	6.960651E-10	6.867430E-10	6.918770E-10	6.908694E-10
   0:23:44	1	2.592257E+1	2.800000E+2	3.061900E-8	2.907337E-8	1.296266E-9	9.426434E-10	9.030441E-10	8.754401E-10	8.744992E-10	8.853637E-10	8.676573E-10	8.118121E-10	9.662836E-10	9.440659E-10	9.109768E-10	8.855381E-10	8.658350E-10	8.450567E-10	8.562226E-10	7.250909E-10	1.045674E-9	9.394360E-10	9.332683E-10	8.883765E-10	8.613117E-10	8.631812E-10	8.744902E-10	8.442737E-10	1.021341E-9	9.827067E-10	9.407514E-10	9.126825E-10	8.800116E-10	8.712597E-10	8.810439E-10	8.777688E-10
   0:23:58	1	2.592477E+1	3.000000E+2	3.881600E-8	3.723878E-8	1.557286E-9	1.200593E-9	1.157472E-9	1.118966E-9	1.124564E-9	1.137993E-9	1.123545E-9	1.040035E-9	1.223068E-9	1.204428E-9	1.167742E-9	1.136618E-9	1.110782E-9	1.094264E-9	1.105102E-9	9.171064E-10	1.327903E-9	1.204223E-9	1.196821E-9	1.141267E-9	1.113333E-9	1.112629E-9	1.133362E-9	1.087994E-9	1.307289E-9	1.265831E-9	1.213272E-9	1.175376E-9	1.135124E-9	1.128709E-9	1.141964E-9	1.134122E-9
   0:24:13	1	2.592204E+1	3.200000E+2	5.034500E-8	4.877018E-8	1.924188E-9	1.565544E-9	1.507033E-9	1.465143E-9	1.476696E-9	1.496664E-9	1.482206E-9	1.360841E-9	1.586089E-9	1.572601E-9	1.523078E-9	1.488610E-9	1.451693E-9	1.445513E-9	1.455775E-9	1.186903E-9	1.732464E-9	1.581734E-9	1.570733E-9	1.499601E-9	1.466186E-9	1.467842E-9	1.494531E-9	1.431482E-9	1.714678E-9	1.668598E-9	1.599258E-9	1.551085E-9	1.502764E-9	1.491723E-9	1.512646E-9	1.496272E-9
   0:24:28	1	2.592523E+1	3.400000E+2	6.728900E-8	6.564627E-8	2.460229E-9	2.100866E-9	2.020375E-9	1.966498E-9	1.990574E-9	2.022100E-9	2.005352E-9	1.826418E-9	2.125205E-9	2.107735E-9	2.044196E-9	2.004411E-9	1.950266E-9	1.960903E-9	1.966519E-9	1.576504E-9	2.323279E-9	2.131829E-9	2.120644E-9	2.020992E-9	1.982784E-9	1.983999E-9	2.024090E-9	1.933715E-9	2.314319E-9	2.262231E-9	2.168232E-9	2.099140E-9	2.037868E-9	2.027088E-9	2.061456E-9	2.026454E-9
   0:24:42	1	2.592234E+1	3.600000E+2	9.277000E-8	9.102360E-8	3.268197E-9	2.897163E-9	2.789791E-9	2.718848E-9	2.763770E-9	2.808903E-9	2.795569E-9	2.529289E-9	2.927124E-9	2.914415E-9	2.823979E-9	2.779883E-9	2.701262E-9	2.732442E-9	2.733429E-9	2.159706E-9	3.215643E-9	2.961687E-9	2.945001E-9	2.807374E-9	2.758913E-9	2.761890E-9	2.820800E-9	2.688672E-9	3.217246E-9	3.155881E-9	3.024184E-9	2.926474E-9	2.842359E-9	2.827825E-9	2.886681E-9	2.839202E-9
   0:24:56	1	2.592173E+1	3.620000E+2	9.518000E-8	9.428538E-8	3.372881E-9	3.001200E-9	2.888465E-9	2.815423E-9	2.862541E-9	2.910546E-9	2.894362E-9	2.617115E-9	3.028798E-9	3.016159E-9	2.925521E-9	2.880542E-9	2.796467E-9	2.833349E-9	2.833513E-9	2.234386E-9	3.330055E-9	3.068936E-9	3.051329E-9	2.909934E-9	2.857790E-9	2.860851E-9	2.923035E-9	2.784348E-9	3.335157E-9	3.270122E-9	3.133798E-9	3.030817E-9	2.947182E-9	2.932249E-9	2.991990E-9	2.946517E-9
   0:25:10	1	2.592188E+1	3.640000E+2	9.840000E-8	9.758965E-8	3.473720E-9	3.103284E-9	2.989856E-9	2.914530E-9	2.962580E-9	3.013068E-9	2.997260E-9	2.709952E-9	3.130599E-9	3.119166E-9	3.025989E-9	2.981139E-9	2.893445E-9	2.932363E-9	2.932583E-9	2.311660E-9	3.449219E-9	3.175556E-9	3.159610E-9	3.013060E-9	2.958624E-9	2.964410E-9	3.027228E-9	2.883296E-9	3.453697E-9	3.387191E-9	3.244676E-9	3.138072E-9	3.052889E-9	3.033759E-9	3.101124E-9	3.056049E-9
   0:25:24	1	2.592196E+1	3.660000E+2	1.022800E-7	1.011886E-7	3.586793E-9	3.216590E-9	3.098328E-9	3.023003E-9	3.073009E-9	3.123637E-9	3.110960E-9	2.808813E-9	3.245774E-9	3.235507E-9	3.136573E-9	3.088491E-9	3.000431E-9	3.040591E-9	3.042802E-9	2.390643E-9	3.571296E-9	3.293757E-9	3.275701E-9	3.121700E-9	3.068860E-9	3.073639E-9	3.139889E-9	2.989924E-9	3.580939E-9	3.514809E-9	3.366982E-9	3.256914E-9	3.165606E-9	3.149969E-9	3.220483E-9	3.176216E-9
   0:25:38	1	2.592226E+1	3.680000E+2	1.054300E-7	1.048658E-7	3.702198E-9	3.333932E-9	3.208064E-9	3.128310E-9	3.182868E-9	3.237473E-9	3.223902E-9	2.906976E-9	3.362788E-9	3.350333E-9	3.250509E-9	3.201717E-9	3.109951E-9	3.153992E-9	3.151500E-9	2.478045E-9	3.699139E-9	3.413468E-9	3.395888E-9	3.236298E-9	3.182691E-9	3.186772E-9	3.253875E-9	3.100203E-9	3.712343E-9	3.647704E-9	3.492003E-9	3.377339E-9	3.281417E-9	3.265419E-9	3.338712E-9	3.299929E-9
   0:25:52	1	2.592302E+1	3.700000E+2	1.100100E-7	1.088571E-7	3.825740E-9	3.460227E-9	3.329367E-9	3.247986E-9	3.305334E-9	3.361619E-9	3.347961E-9	3.018583E-9	3.485760E-9	3.476911E-9	3.373611E-9	3.324479E-9	3.225108E-9	3.278501E-9	3.271981E-9	2.568989E-9	3.841616E-9	3.542556E-9	3.525711E-9	3.360548E-9	3.304159E-9	3.309607E-9	3.378983E-9	3.215453E-9	3.854592E-9	3.787256E-9	3.628136E-9	3.505742E-9	3.412004E-9	3.390374E-9	3.466726E-9	3.431430E-9
   0:26:06	1	2.592234E+1	3.720000E+2	1.142400E-7	1.129007E-7	3.956028E-9	3.585640E-9	3.449470E-9	3.366205E-9	3.427611E-9	3.486833E-9	3.473789E-9	3.131711E-9	3.613677E-9	3.604754E-9	3.496905E-9	3.449515E-9	3.344447E-9	3.398782E-9	3.393222E-9	2.660441E-9	3.982699E-9	3.676807E-9	3.656228E-9	3.484862E-9	3.424932E-9	3.432190E-9	3.506492E-9	3.337565E-9	4.000812E-9	3.930829E-9	3.761997E-9	3.638576E-9	3.538929E-9	3.521411E-9	3.600447E-9	3.566919E-9
   0:26:20	1	2.592318E+1	3.740000E+2	1.184100E-7	1.173408E-7	4.094137E-9	3.722905E-9	3.584806E-9	3.499043E-9	3.562242E-9	3.624054E-9	3.611619E-9	3.251562E-9	3.755095E-9	3.745110E-9	3.632084E-9	3.582063E-9	3.477150E-9	3.534650E-9	3.526814E-9	2.760879E-9	4.139049E-9	3.819805E-9	3.801296E-9	3.622153E-9	3.564319E-9	3.569134E-9	3.647396E-9	3.470693E-9	4.154789E-9	4.092928E-9	3.913979E-9	3.781541E-9	3.678609E-9	3.662587E-9	3.741444E-9	3.716907E-9
   0:26:34	1	2.592264E+1	3.760000E+2	1.228900E-7	1.218254E-7	4.237671E-9	3.867297E-9	3.720079E-9	3.632324E-9	3.700041E-9	3.764417E-9	3.749765E-9	3.375471E-9	3.894548E-9	3.884959E-9	3.770488E-9	3.716508E-9	3.606813E-9	3.669950E-9	3.662371E-9	2.862519E-9	4.296796E-9	3.966266E-9	3.947560E-9	3.762515E-9	3.700173E-9	3.705449E-9	3.788615E-9	3.602688E-9	4.315073E-9	4.251511E-9	4.066342E-9	3.930013E-9	3.825173E-9	3.802559E-9	3.888526E-9	3.860880E-9
   0:26:48	1	2.592264E+1	3.780000E+2	1.281900E-7	1.267409E-7	4.394068E-9	4.018057E-9	3.871851E-9	3.774275E-9	3.849433E-9	3.912136E-9	3.903196E-9	3.511047E-9	4.052383E-9	4.041998E-9	3.921348E-9	3.867876E-9	3.753198E-9	3.818754E-9	3.811293E-9	2.976437E-9	4.467084E-9	4.126447E-9	4.108563E-9	3.910651E-9	3.849656E-9	3.856882E-9	3.942789E-9	3.750040E-9	4.494776E-9	4.426235E-9	4.232091E-9	4.090643E-9	3.977229E-9	3.959259E-9	4.049028E-9	4.022139E-9
   0:27:02	1	2.592196E+1	3.800000E+2	1.331700E-7	1.319440E-7	4.554816E-9	4.184583E-9	4.027794E-9	3.930150E-9	4.005415E-9	4.075694E-9	4.063450E-9	3.655375E-9	4.214785E-9	4.205674E-9	4.080807E-9	4.023854E-9	3.907692E-9	3.975952E-9	3.968513E-9	3.094027E-9	4.649218E-9	4.297708E-9	4.278577E-9	4.074334E-9	4.006080E-9	4.017638E-9	4.106629E-9	3.902806E-9	4.675109E-9	4.613582E-9	4.408509E-9	4.258999E-9	4.144252E-9	4.127174E-9	4.218441E-9	4.196315E-9
   0:27:16	1	2.592249E+1	3.820000E+2	1.379800E-7	1.372568E-7	4.732529E-9	4.346754E-9	4.185953E-9	4.084125E-9	4.166592E-9	4.240511E-9	4.227180E-9	3.799703E-9	4.380925E-9	4.374215E-9	4.244124E-9	4.187665E-9	4.062059E-9	4.138451E-9	4.126367E-9	3.214843E-9	4.836801E-9	4.469470E-9	4.451801E-9	4.240150E-9	4.171844E-9	4.180096E-9	4.274326E-9	4.060608E-9	4.868557E-9	4.800739E-9	4.588969E-9	4.430456E-9	4.315445E-9	4.293254E-9	4.390547E-9	4.371691E-9
   0:27:30	1	2.592264E+1	3.840000E+2	1.441900E-7	1.430555E-7	4.905007E-9	4.531689E-9	4.364272E-9	4.256202E-9	4.342343E-9	4.418086E-9	4.407710E-9	3.961406E-9	4.567158E-9	4.558175E-9	4.423057E-9	4.365744E-9	4.232453E-9	4.315466E-9	4.301896E-9	3.347749E-9	5.039588E-9	4.659925E-9	4.638127E-9	4.418503E-9	4.348777E-9	4.357546E-9	4.457691E-9	4.230623E-9	5.075626E-9	5.007870E-9	4.783635E-9	4.622552E-9	4.499138E-9	4.476694E-9	4.579464E-9	4.561376E-9
   0:27:44	1	2.592295E+1	3.860000E+2	1.499300E-7	1.490100E-7	5.093441E-9	4.717381E-9	4.542972E-9	4.432645E-9	4.521703E-9	4.602891E-9	4.595441E-9	4.124694E-9	4.750729E-9	4.747443E-9	4.606100E-9	4.546793E-9	4.408104E-9	4.496581E-9	4.482237E-9	3.481603E-9	5.248775E-9	4.852772E-9	4.840012E-9	4.601369E-9	4.529306E-9	4.541293E-9	4.642951E-9	4.412910E-9	5.286604E-9	5.220904E-9	4.983480E-9	4.816866E-9	4.687442E-9	4.662415E-9	4.773147E-9	4.758975E-9
   0:27:58	1	2.592249E+1	3.880000E+2	1.564000E-7	1.555078E-7	5.298587E-9	4.923942E-9	4.737918E-9	4.624213E-9	4.721463E-9	4.803473E-9	4.794796E-9	4.302759E-9	4.956739E-9	4.951877E-9	4.802610E-9	4.744828E-9	4.599082E-9	4.692526E-9	4.677717E-9	3.629886E-9	5.476458E-9	5.066703E-9	5.043724E-9	4.803793E-9	4.732361E-9	4.739341E-9	4.846030E-9	4.605897E-9	5.518577E-9	5.450205E-9	5.205549E-9	5.030110E-9	4.899805E-9	4.870376E-9	4.984015E-9	4.972466E-9
   0:28:12	1	2.592257E+1	3.900000E+2	1.629300E-7	1.621997E-7	5.508966E-9	5.129937E-9	4.939436E-9	4.819198E-9	4.920084E-9	5.012541E-9	5.002299E-9	4.490524E-9	5.165095E-9	5.162442E-9	5.008161E-9	4.946336E-9	4.793862E-9	4.899010E-9	4.879721E-9	3.784689E-9	5.713139E-9	5.283154E-9	5.263940E-9	5.012739E-9	4.934470E-9	4.946899E-9	5.057513E-9	4.807886E-9	5.757045E-9	5.690999E-9	5.430841E-9	5.247407E-9	5.112545E-9	5.082773E-9	5.205171E-9	5.190831E-9
   0:28:26	1	2.592401E+1	3.920000E+2	1.702200E-7	1.695687E-7	5.737822E-9	5.363549E-9	5.161815E-9	5.035954E-9	5.148799E-9	5.244301E-9	5.234184E-9	4.692495E-9	5.399568E-9	5.394684E-9	5.234263E-9	5.169125E-9	5.009228E-9	5.123038E-9	5.102249E-9	3.949238E-9	5.968063E-9	5.524527E-9	5.503493E-9	5.241432E-9	5.159925E-9	5.172474E-9	5.289532E-9	5.022527E-9	6.023447E-9	5.950383E-9	5.678737E-9	5.493259E-9	5.348462E-9	5.315574E-9	5.445017E-9	5.431549E-9
   0:28:40	1	2.592356E+1	3.940000E+2	1.781700E-7	1.771386E-7	5.979797E-9	5.595836E-9	5.389000E-9	5.258723E-9	5.377703E-9	5.473484E-9	5.463795E-9	4.900679E-9	5.634926E-9	5.633624E-9	5.464472E-9	5.401389E-9	5.233779E-9	5.351673E-9	5.333646E-9	4.121508E-9	6.234265E-9	5.769111E-9	5.752873E-9	5.472444E-9	5.392259E-9	5.405861E-9	5.527804E-9	5.250386E-9	6.295336E-9	6.219501E-9	5.937303E-9	5.740439E-9	5.594986E-9	5.557627E-9	5.692953E-9	5.681380E-9
   0:28:54	1	2.592371E+1	3.960000E+2	1.863700E-7	1.854939E-7	6.236086E-9	5.857948E-9	5.638624E-9	5.505160E-9	5.630239E-9	5.732084E-9	5.722968E-9	5.131566E-9	5.899760E-9	5.898914E-9	5.723703E-9	5.654679E-9	5.479678E-9	5.607758E-9	5.586010E-9	4.314159E-9	6.531194E-9	6.044912E-9	6.021906E-9	5.733107E-9	5.647877E-9	5.662680E-9	5.791415E-9	5.499961E-9	6.592381E-9	6.514811E-9	6.219294E-9	6.015542E-9	5.862160E-9	5.821539E-9	5.964850E-9	5.950967E-9
   0:29:08	1	2.592477E+1	3.980000E+2	1.950100E-7	1.941091E-7	6.505999E-9	6.128067E-9	5.901332E-9	5.760394E-9	5.887971E-9	6.003257E-9	5.993384E-9	5.368605E-9	6.169729E-9	6.170462E-9	5.983187E-9	5.912958E-9	5.732986E-9	5.868640E-9	5.845467E-9	4.509022E-9	6.833759E-9	6.325183E-9	6.304610E-9	6.002297E-9	5.907973E-9	5.926869E-9	6.062735E-9	5.752682E-9	6.894471E-9	6.828396E-9	6.510381E-9	6.297358E-9	6.139436E-9	6.099835E-9	6.246030E-9	6.235621E-9
   0:29:22	1	2.592485E+1	4.000000E+2	2.045900E-7	2.036444E-7	6.809523E-9	6.425427E-9	6.188060E-9	6.037336E-9	6.178900E-9	6.294797E-9	6.290522E-9	5.629929E-9	6.464104E-9	6.472535E-9	6.274728E-9	6.204896E-9	6.014482E-9	6.157098E-9	6.130453E-9	4.726607E-9	7.165402E-9	6.635098E-9	6.612949E-9	6.293493E-9	6.201766E-9	6.219908E-9	6.364512E-9	6.042101E-9	7.241076E-9	7.167730E-9	6.838466E-9	6.614122E-9	6.451320E-9	6.399867E-9	6.554367E-9	6.542816E-9
   0:29:36	1	2.592447E+1	4.020000E+2	2.142900E-7	2.134868E-7	7.109074E-9	6.733189E-9	6.483893E-9	6.328202E-9	6.476991E-9	6.599096E-9	6.594417E-9	5.905711E-9	6.777810E-9	6.783200E-9	6.576007E-9	6.505929E-9	6.305228E-9	6.455025E-9	6.427412E-9	4.950772E-9	7.509208E-9	6.955775E-9	6.931618E-9	6.598416E-9	6.502312E-9	6.521138E-9	6.672542E-9	6.334794E-9	7.594239E-9	7.521886E-9	7.168571E-9	6.936014E-9	6.770021E-9	6.713584E-9	6.877381E-9	6.867295E-9
   0:29:51	1	2.592378E+1	4.040000E+2	2.254200E-7	2.244489E-7	7.455985E-9	7.073928E-9	6.812152E-9	6.648810E-9	6.808722E-9	6.938972E-9	6.935896E-9	6.206351E-9	7.119089E-9	7.128117E-9	6.908645E-9	6.838724E-9	6.623273E-9	6.792833E-9	6.756168E-9	5.196394E-9	7.894448E-9	7.312579E-9	7.290538E-9	6.936377E-9	6.838950E-9	6.859972E-9	7.019242E-9	6.662861E-9	7.983279E-9	7.914793E-9	7.540857E-9	7.301974E-9	7.130336E-9	7.057969E-9	7.232948E-9	7.227735E-9
   0:30:05	1	2.592485E+1	4.060000E+2	2.367400E-7	2.361867E-7	7.820429E-9	7.441212E-9	7.169552E-9	6.994797E-9	7.163450E-9	7.300598E-9	7.298283E-9	6.528238E-9	7.490986E-9	7.499323E-9	7.270684E-9	7.194127E-9	6.966085E-9	7.148374E-9	7.109439E-9	5.462521E-9	8.302428E-9	7.694812E-9	7.674907E-9	7.298472E-9	7.196346E-9	7.221925E-9	7.390900E-9	7.008677E-9	8.400697E-9	8.331694E-9	7.935556E-9	7.693639E-9	7.510036E-9	7.434544E-9	7.619185E-9	7.614766E-9
   0:30:19	1	2.592386E+1	4.080000E+2	2.498600E-7	2.484619E-7	8.202593E-9	7.818269E-9	7.536433E-9	7.348441E-9	7.531547E-9	7.679887E-9	7.678735E-9	6.869906E-9	7.876764E-9	7.884051E-9	7.643534E-9	7.566011E-9	7.326823E-9	7.523415E-9	7.483106E-9	5.741241E-9	8.732459E-9	8.094164E-9	8.074141E-9	7.681194E-9	7.572106E-9	7.596602E-9	7.779113E-9	7.375266E-9	8.838919E-9	8.776477E-9	8.351346E-9	8.105058E-9	7.908681E-9	7.824805E-9	8.023986E-9	8.016802E-9
   0:30:33	1	2.592394E+1	4.100000E+2	2.632300E-7	2.621490E-7	8.637796E-9	8.245831E-9	7.946361E-9	7.751765E-9	7.948618E-9	8.104560E-9	8.099867E-9	7.244296E-9	8.300322E-9	8.314850E-9	8.059822E-9	7.978626E-9	7.729241E-9	7.938402E-9	7.894779E-9	6.051099E-9	9.208669E-9	8.544059E-9	8.518227E-9	8.105854E-9	7.990899E-9	8.018271E-9	8.206059E-9	7.783648E-9	9.327710E-9	9.260702E-9	8.817084E-9	8.564917E-9	8.364224E-9	8.255111E-9	8.472697E-9	8.464680E-9
   0:30:47	1	2.592561E+1	4.112656E+2	2.716000E-7	2.711295E-7	8.907896E-9	8.526421E-9	8.212672E-9	8.014151E-9	8.216550E-9	8.377998E-9	8.381025E-9	7.500738E-9	8.588169E-9	8.596322E-9	8.334101E-9	8.250167E-9	7.993887E-9	8.213672E-9	8.160951E-9	6.254823E-9	9.525869E-9	8.830749E-9	8.813087E-9	8.384261E-9	8.265194E-9	8.294870E-9	8.496589E-9	8.052484E-9	9.646698E-9	9.581446E-9	9.123575E-9	8.859774E-9	8.657161E-9	8.543231E-9	8.768051E-9	8.756869E-9
   0:31:01	1	2.592439E+1	4.125312E+2	2.806700E-7	2.800830E-7	9.188338E-9	8.800575E-9	8.484676E-9	8.277991E-9	8.489362E-9	8.657405E-9	8.656748E-9	7.741770E-9	8.863145E-9	8.880256E-9	8.603957E-9	8.524931E-9	8.254607E-9	8.486736E-9	8.435741E-9	6.455448E-9	9.839394E-9	9.119138E-9	9.105741E-9	8.662479E-9	8.539429E-9	8.567187E-9	8.773343E-9	8.320438E-9	9.967073E-9	9.903446E-9	9.426277E-9	9.162545E-9	8.958308E-9	8.829448E-9	9.057823E-9	9.049247E-9
   0:31:15	1	2.592568E+1	4.137968E+2	2.918500E-7	2.905899E-7	9.512863E-9	9.132676E-9	8.797385E-9	8.579807E-9	8.804557E-9	8.979744E-9	8.981803E-9	8.031377E-9	9.187056E-9	9.213166E-9	8.925087E-9	8.843455E-9	8.564357E-9	8.801384E-9	8.752082E-9	6.695436E-9	1.020759E-8	9.465180E-9	9.447213E-9	8.983450E-9	8.864897E-9	8.890840E-9	9.108164E-9	8.632016E-9	1.034224E-8	1.027990E-8	9.783913E-9	9.515588E-9	9.312181E-9	9.159514E-9	9.400531E-9	9.394429E-9
   0:31:29	1	2.592645E+1	4.150624E+2	3.020000E-7	3.010573E-7	9.836188E-9	9.453678E-9	9.113128E-9	8.885164E-9	9.120132E-9	9.310067E-9	9.312860E-9	8.324598E-9	9.519842E-9	9.543674E-9	9.240275E-9	9.155410E-9	8.872077E-9	9.124173E-9	9.065255E-9	6.926374E-9	1.056591E-8	9.801780E-9	9.784087E-9	9.307682E-9	9.180143E-9	9.214116E-9	9.434202E-9	8.947242E-9	1.071350E-8	1.065146E-8	1.014073E-8	9.871480E-9	9.666118E-9	9.498322E-9	9.745246E-9	9.732392E-9
   0:31:43	1	2.592667E+1	4.163280E+2	3.124600E-7	3.115995E-7	1.016475E-8	9.780041E-9	9.424572E-9	9.194951E-9	9.439952E-9	9.632971E-9	9.635073E-9	8.613257E-9	9.845846E-9	9.865651E-9	9.557675E-9	9.479048E-9	9.179291E-9	9.439894E-9	9.385017E-9	7.169591E-9	1.093841E-8	1.014373E-8	1.012594E-8	9.635988E-9	9.505423E-9	9.539659E-9	9.770349E-9	9.259887E-9	1.109132E-8	1.103218E-8	1.049357E-8	1.022421E-8	1.002561E-8	9.827437E-9	1.009799E-8	1.008023E-8
   0:31:57	1	2.592538E+1	4.175936E+2	3.247900E-7	3.239976E-7	1.054805E-8	1.016258E-8	9.797142E-9	9.553974E-9	9.811723E-9	1.001371E-8	1.002266E-8	8.958223E-9	1.023245E-8	1.025600E-8	9.931726E-9	9.849417E-9	9.544020E-9	9.816260E-9	9.760331E-9	7.446602E-9	1.136952E-8	1.055190E-8	1.052914E-8	1.001608E-8	9.885789E-9	9.919375E-9	1.016122E-8	9.635287E-9	1.153143E-8	1.147633E-8	1.091390E-8	1.063696E-8	1.044876E-8	1.022486E-8	1.050010E-8	1.049209E-8
   0:32:11	1	2.592523E+1	4.188592E+2	3.379600E-7	3.371313E-7	1.095311E-8	1.056846E-8	1.019045E-8	9.943060E-9	1.020618E-8	1.041764E-8	1.042295E-8	9.324306E-9	1.064365E-8	1.066987E-8	1.033587E-8	1.024852E-8	9.929651E-9	1.021673E-8	1.015440E-8	7.744688E-9	1.182793E-8	1.097397E-8	1.095553E-8	1.042513E-8	1.028723E-8	1.032385E-8	1.057610E-8	1.002447E-8	1.199690E-8	1.194027E-8	1.135836E-8	1.108054E-8	1.089754E-8	1.064313E-8	1.092503E-8	1.092578E-8
   0:32:25	1	2.592523E+1	4.201247E+2	3.505100E-7	3.495869E-7	1.133540E-8	1.095548E-8	1.056315E-8	1.030272E-8	1.058004E-8	1.080541E-8	1.081737E-8	9.668320E-9	1.102689E-8	1.104929E-8	1.071151E-8	1.062116E-8	1.029267E-8	1.059733E-8	1.052997E-8	8.032649E-9	1.225821E-8	1.137836E-8	1.136730E-8	1.080929E-8	1.066709E-8	1.070294E-8	1.097423E-8	1.039792E-8	1.243877E-8	1.238405E-8	1.178122E-8	1.150342E-8	1.131930E-8	1.104004E-8	1.134426E-8	1.133117E-8
   0:32:39	1	2.592477E+1	4.213903E+2	3.641700E-7	3.635734E-7	1.177444E-8	1.138556E-8	1.097699E-8	1.070687E-8	1.100009E-8	1.123449E-8	1.124665E-8	1.005431E-8	1.147428E-8	1.149462E-8	1.113292E-8	1.105077E-8	1.070421E-8	1.102588E-8	1.095089E-8	8.350545E-9	1.274310E-8	1.182693E-8	1.181850E-8	1.123941E-8	1.109194E-8	1.113651E-8	1.141988E-8	1.081543E-8	1.293621E-8	1.288637E-8	1.225081E-8	1.197125E-8	1.180023E-8	1.148163E-8	1.179830E-8	1.179335E-8
   0:32:53	1	2.592561E+1	4.226559E+2	3.800600E-7	3.792272E-7	1.224843E-8	1.186269E-8	1.144053E-8	1.116867E-8	1.147152E-8	1.172020E-8	1.174011E-8	1.048958E-8	1.195717E-8	1.198716E-8	1.160782E-8	1.152034E-8	1.115895E-8	1.149773E-8	1.142838E-8	8.705024E-9	1.329052E-8	1.233699E-8	1.232526E-8	1.171917E-8	1.157510E-8	1.162061E-8	1.191456E-8	1.128399E-8	1.349537E-8	1.343817E-8	1.277438E-8	1.249797E-8	1.234366E-8	1.198271E-8	1.231381E-8	1.231068E-8
   0:33:07	1	2.592500E+1	4.239215E+2	3.944600E-7	3.940992E-7	1.271377E-8	1.232493E-8	1.189344E-8	1.160376E-8	1.192211E-8	1.217655E-8	1.219099E-8	1.090614E-8	1.241996E-8	1.245082E-8	1.205559E-8	1.196990E-8	1.158715E-8	1.195109E-8	1.186494E-8	9.039944E-9	1.380803E-8	1.282339E-8	1.280638E-8	1.218865E-8	1.202487E-8	1.207730E-8	1.238119E-8	1.173304E-8	1.401909E-8	1.397503E-8	1.328520E-8	1.299702E-8	1.284385E-8	1.246105E-8	1.280222E-8	1.280180E-8
   0:33:21	1	2.592492E+1	4.251871E+2	4.116100E-7	4.108683E-7	1.322169E-8	1.283888E-8	1.238453E-8	1.208948E-8	1.242705E-8	1.269998E-8	1.271148E-8	1.136646E-8	1.294564E-8	1.298084E-8	1.255951E-8	1.247376E-8	1.207704E-8	1.246061E-8	1.237138E-8	9.421507E-9	1.438858E-8	1.336102E-8	1.335692E-8	1.270108E-8	1.253990E-8	1.260083E-8	1.291542E-8	1.224232E-8	1.461911E-8	1.457218E-8	1.385399E-8	1.356495E-8	1.341205E-8	1.299458E-8	1.335523E-8	1.336029E-8
   0:33:35	1	2.592546E+1	4.264527E+2	4.307300E-7	4.298105E-7	1.380376E-8	1.342168E-8	1.295502E-8	1.263951E-8	1.299649E-8	1.327960E-8	1.330645E-8	1.189133E-8	1.352291E-8	1.357632E-8	1.313280E-8	1.304552E-8	1.264219E-8	1.304409E-8	1.294648E-8	9.853891E-9	1.504997E-8	1.397034E-8	1.397095E-8	1.328723E-8	1.311404E-8	1.318231E-8	1.350880E-8	1.281310E-8	1.530620E-8	1.523477E-8	1.450151E-8	1.420507E-8	1.405854E-8	1.359249E-8	1.397153E-8	1.398557E-8
   0:33:49	1	2.592477E+1	4.277183E+2	4.487700E-7	4.478665E-7	1.436692E-8	1.397453E-8	1.348587E-8	1.316257E-8	1.354167E-8	1.384067E-8	1.385847E-8	1.239945E-8	1.409486E-8	1.412991E-8	1.367567E-8	1.359378E-8	1.316560E-8	1.358719E-8	1.349555E-8	1.025824E-8	1.568557E-8	1.456298E-8	1.455551E-8	1.384047E-8	1.366579E-8	1.373721E-8	1.408215E-8	1.334977E-8	1.594715E-8	1.588825E-8	1.510634E-8	1.481124E-8	1.466665E-8	1.417671E-8	1.457729E-8	1.458248E-8
   0:34:03	1	2.592599E+1	4.289839E+2	4.699500E-7	4.693777E-7	1.502316E-8	1.462795E-8	1.412804E-8	1.378461E-8	1.418385E-8	1.450616E-8	1.453473E-8	1.299262E-8	1.476399E-8	1.480755E-8	1.432153E-8	1.424017E-8	1.378959E-8	1.424772E-8	1.413957E-8	1.074847E-8	1.642526E-8	1.525380E-8	1.525647E-8	1.451056E-8	1.431906E-8	1.440140E-8	1.476588E-8	1.399640E-8	1.671319E-8	1.666094E-8	1.583343E-8	1.554709E-8	1.539782E-8	1.486548E-8	1.528780E-8	1.530342E-8
   0:34:17	1	2.592584E+1	4.302495E+2	4.924200E-7	4.913984E-7	1.570525E-8	1.531321E-8	1.478456E-8	1.442944E-8	1.483945E-8	1.518899E-8	1.521282E-8	1.360779E-8	1.544819E-8	1.548727E-8	1.498080E-8	1.490475E-8	1.443657E-8	1.492132E-8	1.481197E-8	1.125047E-8	1.718979E-8	1.597566E-8	1.596814E-8	1.518843E-8	1.500060E-8	1.507989E-8	1.548114E-8	1.465990E-8	1.749145E-8	1.743664E-8	1.658260E-8	1.627566E-8	1.613752E-8	1.556971E-8	1.601085E-8	1.602754E-8
   0:34:31	1	2.592606E+1	4.315151E+2	5.143000E-7	5.138198E-7	1.638848E-8	1.600635E-8	1.545644E-8	1.507040E-8	1.551780E-8	1.588082E-8	1.591227E-8	1.423393E-8	1.614134E-8	1.618456E-8	1.565954E-8	1.558506E-8	1.508818E-8	1.559618E-8	1.548646E-8	1.174754E-8	1.797439E-8	1.669286E-8	1.669889E-8	1.588372E-8	1.568637E-8	1.577803E-8	1.618959E-8	1.533825E-8	1.829570E-8	1.824061E-8	1.734100E-8	1.702917E-8	1.689257E-8	1.628617E-8	1.675642E-8	1.678070E-8
   0:34:45	1	2.592553E+1	4.327807E+2	5.409800E-7	5.406277E-7	1.721833E-8	1.682056E-8	1.624362E-8	1.585636E-8	1.631526E-8	1.670603E-8	1.673281E-8	1.498886E-8	1.697508E-8	1.701810E-8	1.646304E-8	1.638547E-8	1.587003E-8	1.641259E-8	1.630031E-8	1.236016E-8	1.890319E-8	1.756357E-8	1.756911E-8	1.670396E-8	1.650415E-8	1.660871E-8	1.703640E-8	1.615565E-8	1.926036E-8	1.918532E-8	1.825221E-8	1.794071E-8	1.779759E-8	1.715452E-8	1.764204E-8	1.768361E-8
   0:34:59	1	2.592447E+1	4.340463E+2	5.688100E-7	5.682078E-7	1.805216E-8	1.766553E-8	1.706386E-8	1.665402E-8	1.715112E-8	1.756411E-8	1.760413E-8	1.575838E-8	1.782930E-8	1.787155E-8	1.729789E-8	1.722712E-8	1.668253E-8	1.725070E-8	1.713259E-8	1.298969E-8	1.985941E-8	1.845605E-8	1.846345E-8	1.755472E-8	1.733776E-8	1.746042E-8	1.792265E-8	1.698658E-8	2.024015E-8	2.017519E-8	1.918639E-8	1.887315E-8	1.871511E-8	1.803136E-8	1.854567E-8	1.860507E-8
   0:35:13	1	2.592477E+1	4.353119E+2	5.989200E-7	5.982422E-7	1.896469E-8	1.857766E-8	1.795066E-8	1.751035E-8	1.804855E-8	1.849976E-8	1.853413E-8	1.659740E-8	1.875869E-8	1.882092E-8	1.819281E-8	1.812049E-8	1.756046E-8	1.816839E-8	1.803981E-8	1.367143E-8	2.091104E-8	1.943099E-8	1.944188E-8	1.848591E-8	1.826205E-8	1.839233E-8	1.888313E-8	1.789537E-8	2.130324E-8	2.124256E-8	2.020500E-8	1.987726E-8	1.973417E-8	1.898056E-8	1.956100E-8	1.961953E-8
   0:35:27	1	2.592401E+1	4.365775E+2	6.317000E-7	6.307789E-7	1.997023E-8	1.956980E-8	1.891331E-8	1.845996E-8	1.902113E-8	1.949557E-8	1.954935E-8	1.751523E-8	1.977309E-8	1.982243E-8	1.916088E-8	1.910676E-8	1.850446E-8	1.916535E-8	1.903330E-8	1.441038E-8	2.205010E-8	2.047535E-8	2.049597E-8	1.948832E-8	1.924350E-8	1.939214E-8	1.991957E-8	1.888907E-8	2.247068E-8	2.240144E-8	2.130348E-8	2.096393E-8	2.082213E-8	2.004274E-8	2.062864E-8	2.072060E-8
   0:35:41	1	2.592470E+1	4.378431E+2	6.649300E-7	6.642378E-7	2.098196E-8	2.059340E-8	1.990656E-8	1.942242E-8	2.001607E-8	2.053400E-8	2.058705E-8	1.845362E-8	2.081867E-8	2.086180E-8	2.015835E-8	2.010988E-8	1.948235E-8	2.017808E-8	2.003813E-8	1.516794E-8	2.320974E-8	2.155048E-8	2.158495E-8	2.051631E-8	2.028137E-8	2.043296E-8	2.100719E-8	1.990091E-8	2.366132E-8	2.358568E-8	2.244661E-8	2.209993E-8	2.194184E-8	2.112411E-8	2.173755E-8	2.184650E-8
   0:35:55	1	2.592454E+1	4.391086E+2	7.056800E-7	7.054195E-7	2.223535E-8	2.184621E-8	2.112054E-8	2.061500E-8	2.125335E-8	2.180840E-8	2.188166E-8	1.961795E-8	2.208478E-8	2.213278E-8	2.138357E-8	2.135063E-8	2.068663E-8	2.144002E-8	2.128379E-8	1.611378E-8	2.464199E-8	2.287373E-8	2.292282E-8	2.178992E-8	2.152620E-8	2.171731E-8	2.231488E-8	2.116326E-8	2.512738E-8	2.503610E-8	2.383087E-8	2.348937E-8	2.332482E-8	2.244298E-8	2.312087E-8	2.324261E-8
   0:36:09	1	2.592424E+1	4.403742E+2	7.488000E-7	7.483379E-7	2.356226E-8	2.313445E-8	2.239009E-8	2.185351E-8	2.252940E-8	2.313151E-8	2.319679E-8	2.083218E-8	2.341910E-8	2.347706E-8	2.266702E-8	2.262574E-8	2.194982E-8	2.275503E-8	2.259540E-8	1.709133E-8	2.612244E-8	2.426709E-8	2.429563E-8	2.310936E-8	2.283023E-8	2.304443E-8	2.369530E-8	2.245444E-8	2.665624E-8	2.658393E-8	2.529248E-8	2.493099E-8	2.476652E-8	2.382984E-8	2.457168E-8	2.467665E-8
   0:36:23	1	2.592378E+1	4.416398E+2	7.937000E-7	7.925192E-7	2.488407E-8	2.449570E-8	2.367374E-8	2.311678E-8	2.384790E-8	2.451183E-8	2.460156E-8	2.207742E-8	2.477617E-8	2.483543E-8	2.398379E-8	2.394057E-8	2.322859E-8	2.409472E-8	2.394229E-8	1.810540E-8	2.765086E-8	2.567750E-8	2.572842E-8	2.447436E-8	2.418113E-8	2.441848E-8	2.512678E-8	2.381272E-8	2.823341E-8	2.815349E-8	2.678497E-8	2.640541E-8	2.625704E-8	2.524420E-8	2.604168E-8	2.621288E-8
   0:36:37	1	2.592394E+1	4.429054E+2	8.488700E-7	8.477964E-7	2.656175E-8	2.616787E-8	2.530435E-8	2.470432E-8	2.550193E-8	2.621147E-8	2.631502E-8	2.363389E-8	2.647788E-8	2.653341E-8	2.561645E-8	2.562160E-8	2.482883E-8	2.577897E-8	2.561559E-8	1.937002E-8	2.957446E-8	2.746933E-8	2.752435E-8	2.618417E-8	2.587713E-8	2.614472E-8	2.690874E-8	2.552217E-8	3.019286E-8	3.010791E-8	2.864570E-8	2.827870E-8	2.810175E-8	2.704140E-8	2.788543E-8	2.809422E-8
   0:36:51	1	2.592432E+1	4.441710E+2	9.120000E-7	9.124225E-7	2.850751E-8	2.811426E-8	2.720349E-8	2.657095E-8	2.742586E-8	2.821930E-8	2.832518E-8	2.549697E-8	2.845850E-8	2.851855E-8	2.751820E-8	2.753236E-8	2.670777E-8	2.775003E-8	2.758788E-8	2.082571E-8	3.180930E-8	2.953571E-8	2.962730E-8	2.817645E-8	2.784837E-8	2.815562E-8	2.899318E-8	2.750259E-8	3.251462E-8	3.240212E-8	3.085952E-8	3.045022E-8	3.026768E-8	2.912850E-8	3.007089E-8	3.031790E-8
   0:37:05	1	2.592470E+1	4.454366E+2	9.764000E-7	9.753579E-7	3.039998E-8	2.998934E-8	2.904789E-8	2.835443E-8	2.929884E-8	3.015862E-8	3.030400E-8	2.727754E-8	3.038492E-8	3.045156E-8	2.936880E-8	2.940675E-8	2.854485E-8	2.967200E-8	2.949645E-8	2.227767E-8	3.400499E-8	3.157602E-8	3.167802E-8	3.010047E-8	2.977551E-8	3.012936E-8	3.102789E-8	2.944292E-8	3.475341E-8	3.463740E-8	3.297630E-8	3.255525E-8	3.240236E-8	3.117676E-8	3.218077E-8	3.250688E-8
   0:37:19	1	2.592447E+1	4.467022E+2	1.049300E-6	1.049757E-6	3.263653E-8	3.223125E-8	3.118875E-8	3.048807E-8	3.150306E-8	3.246975E-8	3.262121E-8	2.942008E-8	3.269453E-8	3.274325E-8	3.156202E-8	3.163869E-8	3.070048E-8	3.195381E-8	3.176987E-8	2.399088E-8	3.658396E-8	3.396339E-8	3.406802E-8	3.237868E-8	3.202420E-8	3.244502E-8	3.343862E-8	3.176129E-8	3.740872E-8	3.729123E-8	3.549510E-8	3.505891E-8	3.488700E-8	3.357181E-8	3.469176E-8	3.507739E-8
   0:37:33	1	2.592363E+1	4.479678E+2	1.140400E-6	1.140428E-6	3.534403E-8	3.493409E-8	3.384156E-8	3.307845E-8	3.418605E-8	3.526112E-8	3.544369E-8	3.205128E-8	3.546787E-8	3.550183E-8	3.422262E-8	3.432158E-8	3.331775E-8	3.468871E-8	3.453421E-8	2.607629E-8	3.971294E-8	3.687611E-8	3.700716E-8	3.519515E-8	3.479081E-8	3.528521E-8	3.639521E-8	3.456547E-8	4.064861E-8	4.049114E-8	3.854644E-8	3.809074E-8	3.796547E-8	3.653663E-8	3.776566E-8	3.828431E-8
