APD#	0010	Started	08/15/07 14:48	Sense_ohms	1.004464E+6	1.004628E+6	1.002105E+6	1.000924E+6	9.998282E+5	1.007735E+6	1.002821E+6	9.989270E+5	9.993226E+5	1.002376E+6	1.001862E+6	1.003102E+6	1.000030E+6	1.003780E+6	1.000011E+6	1.000898E+6	9.999006E+5	1.006439E+6	1.005624E+6	1.010450E+6	1.003884E+6	1.005600E+6	1.002519E+6	1.006362E+6	1.004620E+6	1.008599E+6	1.003214E+6	1.000475E+6	1.003139E+6	9.996927E+5	1.009944E+6	1.000506E+6					
ElapTime	Shutter_Open	DegC	H2O_In	H2O_Out	TE_A	TE_V	BiasV	KE237_Amps	Pixel_Sum	A1	A2	A3	A4	A5	A6	A7	A8	B1	B2	B3	B4	B5	B6	B7	B8	C1	C2	C3	C4	C5	C6	C7	C8	D1	D2	D3	D4	D5	D6	D7	D8
0:00:00	0	5.012089E+0	2.550200E+1	2.567200E+1	8.952456E-1	1.149134E+0	0.000000E+0	-2.382100E-10	-1.469449E-10	1.828836E-12	-6.557651E-12	-6.257827E-12	-3.733550E-12	-3.357577E-12	-5.217642E-12	-5.179389E-12	6.306767E-14	-4.309920E-12	-5.245537E-12	-5.817168E-12	-3.662638E-12	-1.139966E-12	-6.247385E-12	-1.760981E-11	-4.619851E-12	-4.434441E-12	-3.965466E-12	-6.613804E-12	-4.388144E-12	-2.586952E-12	-3.213007E-12	-5.623834E-12	-4.658363E-12	-3.719814E-12	-3.580214E-12	-7.640444E-12	-4.431895E-12	-3.725306E-12	-3.231993E-12	-3.888334E-12	-4.178885E-12
0:00:13	0	5.010417E+0	2.548400E+1	2.565200E+1	8.884303E-1	1.142306E+0	0.000000E+0	-1.082100E-10	-3.493157E-10	-5.047468E-13	-1.172772E-11	-1.099885E-11	-1.246748E-11	-1.115092E-11	-1.162905E-11	-1.118046E-11	-1.065343E-11	-1.052213E-11	-1.169122E-11	-1.112828E-11	-8.777771E-12	-6.143816E-12	-1.369424E-11	-2.381774E-11	-1.094917E-11	-1.203720E-11	-1.126646E-11	-1.203134E-11	-1.234994E-11	-1.148439E-11	-1.152745E-11	-9.224763E-12	-1.000833E-11	-9.899265E-12	-1.161909E-11	-9.344965E-12	-1.019416E-11	-9.913880E-12	-9.694979E-12	-1.022334E-11	-1.145920E-11
0:00:26	0	5.010949E+0	2.547700E+1	2.564800E+1	8.881517E-1	1.141685E+0	1.000000E+1	4.310000E-11	-2.919504E-10	4.410312E-13	-1.053027E-11	-8.913238E-12	-9.493228E-12	-1.058082E-11	-1.012072E-11	-8.717408E-12	-4.628967E-12	-8.493754E-12	-9.352778E-12	-1.024293E-11	-4.168071E-12	-4.813856E-12	-1.262129E-11	-1.779980E-11	-9.619362E-12	-1.165616E-11	-9.126236E-12	-1.190505E-11	-1.059429E-11	-7.382327E-12	-1.007856E-11	-9.351444E-12	-1.145612E-11	-9.080050E-12	-1.011205E-11	-6.313708E-12	-9.180639E-12	-8.145431E-12	-9.757999E-12	-8.467796E-12	-9.687098E-12
0:00:40	0	5.011177E+0	2.546700E+1	2.563600E+1	8.897098E-1	1.142863E+0	2.000000E+1	8.583000E-11	-2.855022E-10	-3.155912E-13	-1.090852E-11	-9.102839E-12	-9.998761E-12	-1.083386E-11	-9.994691E-12	-9.979847E-12	-2.282449E-12	-8.240582E-12	-1.137497E-11	-1.062222E-11	-5.556763E-12	-6.333810E-12	-1.224272E-11	-1.298586E-11	-9.873134E-12	-1.140313E-11	-8.874855E-12	-1.070877E-11	-1.021822E-11	-4.669862E-12	-9.322792E-12	-8.024786E-12	-1.000833E-11	-9.458303E-12	-1.086557E-11	-7.324459E-12	-9.307579E-12	-8.019826E-12	-9.060784E-12	-8.028168E-12	-9.560163E-12
0:00:53	0	5.010189E+0	2.546100E+1	2.563400E+1	8.947642E-1	1.147981E+0	3.000000E+1	1.209900E-10	-2.910075E-10	1.261369E-12	-1.046656E-11	-9.797377E-12	-9.998761E-12	-9.439622E-12	-9.365557E-12	-1.111764E-11	-9.765478E-12	-6.338294E-12	-8.721278E-12	-1.131793E-11	-1.477716E-11	-6.143816E-12	-1.205344E-11	-7.220921E-12	-9.176759E-12	-1.210020E-11	-9.315021E-12	-1.102301E-11	-9.591766E-12	-5.994717E-12	-9.700676E-12	-9.667647E-12	-1.132992E-11	-9.269176E-12	-8.667468E-12	-5.493344E-12	-8.547940E-12	-9.345664E-12	-9.250843E-12	-8.090548E-12	-9.180355E-12
0:01:07	0	5.011177E+0	2.545400E+1	2.562500E+1	8.938142E-1	1.146866E+0	4.000000E+1	1.414500E-10	-2.798894E-10	1.891556E-12	-1.046656E-11	-8.470170E-12	-9.176521E-12	-1.013674E-11	-9.303041E-12	-1.080153E-11	-1.071650E-11	-7.796281E-12	-1.118542E-11	-1.100152E-11	-1.370349E-11	-6.333810E-12	-1.129630E-11	-3.673960E-12	-8.923986E-12	-1.013601E-11	-8.937452E-12	-1.102301E-11	-1.090801E-11	-6.183981E-12	-9.196500E-12	-9.099079E-12	-8.434341E-12	-8.008003E-12	-1.004859E-11	-5.303953E-12	-8.231090E-12	-8.209231E-12	-9.187823E-12	-7.087522E-12	-8.800547E-12
0:01:20	0	5.011405E+0	2.545500E+1	2.562500E+1	8.934215E-1	1.147297E+0	5.000000E+1	1.761600E-10	-2.743187E-10	2.333583E-12	-8.323479E-12	-8.028101E-12	-9.935819E-12	-9.946709E-12	-9.051983E-12	-9.221985E-12	-1.496506E-11	-7.606152E-12	-7.836381E-12	-9.926517E-12	-1.262982E-11	-5.890823E-12	-1.217996E-11	-6.587928E-12	-9.113816E-12	-1.108610E-11	-8.056127E-12	-9.511507E-12	-9.027661E-12	-7.571592E-12	-9.511734E-12	-9.288602E-12	-8.245542E-12	-8.133424E-12	-8.164791E-12	-6.061518E-12	-7.724331E-12	-8.840250E-12	-8.427590E-12	-7.526160E-12	-8.230835E-12
0:01:34	0	5.012470E+0	2.545400E+1	2.562200E+1	8.944095E-1	1.147829E+0	6.000000E+1	1.831000E-10	-2.707087E-10	2.459023E-12	-8.953563E-12	-8.028101E-12	-8.669989E-12	-8.996546E-12	-8.548874E-12	-9.096339E-12	-1.604321E-11	-8.938055E-12	-7.141033E-12	-9.863634E-12	-9.851441E-12	-6.524804E-12	-1.236924E-11	-3.863957E-12	-8.100726E-12	-1.051605E-11	-8.182314E-12	-9.637797E-12	-9.528428E-12	-8.708177E-12	-8.629674E-12	-9.099079E-12	-7.490346E-12	-1.015210E-11	-9.357535E-12	-5.745534E-12	-7.724331E-12	-7.830420E-12	-8.047473E-12	-7.651909E-12	-9.877002E-12
0:01:47	0	5.010493E+0	2.545800E+1	2.562500E+1	8.944855E-1	1.147601E+0	7.000000E+1	2.156400E-10	-2.573756E-10	1.324089E-12	-7.692400E-12	-8.028101E-12	-8.417222E-12	-7.476284E-12	-9.240525E-12	-9.096339E-12	-1.439445E-11	-7.543110E-12	-7.899231E-12	-1.163334E-11	-8.651164E-12	-5.447837E-12	-1.135906E-11	-6.080933E-12	-8.100726E-12	-9.692963E-12	-7.363586E-12	-9.511507E-12	-9.528428E-12	-6.625267E-12	-9.385442E-12	-8.214308E-12	-6.231356E-12	-7.881587E-12	-9.232609E-12	-5.493344E-12	-6.584872E-12	-8.525239E-12	-8.364570E-12	-6.837013E-12	-8.166868E-12
0:02:01	0	5.010949E+0	2.545700E+1	2.562700E+1	8.916100E-1	1.145764E+0	8.000000E+1	2.288900E-10	-2.499009E-10	2.333583E-12	-8.323479E-12	-8.028101E-12	-7.593983E-12	-8.743502E-12	-9.868666E-12	-8.401300E-12	-7.863437E-12	-8.620840E-12	-6.445685E-12	-8.409342E-12	-8.714966E-12	-5.383838E-12	-1.186415E-11	-8.741904E-12	-8.923986E-12	-9.882982E-12	-7.489773E-12	-9.574155E-12	-9.090009E-12	-8.076630E-12	-8.000199E-12	-8.214308E-12	-8.309137E-12	-8.701798E-12	-7.976411E-12	-4.925171E-12	-7.407481E-12	-7.703818E-12	-6.780084E-12	-7.463780E-12	-6.711604E-12
0:02:14	0	5.009581E+0	2.546100E+1	2.563200E+1	8.926741E-1	1.146676E+0	9.000000E+1	2.483900E-10	-2.402324E-10	1.828836E-12	-8.259774E-12	-6.384561E-12	-8.480164E-12	-9.313600E-12	-8.988474E-12	-9.285805E-12	-6.024464E-12	-7.099809E-12	-7.646831E-12	-9.799753E-12	-1.086131E-11	-4.180875E-12	-1.243201E-11	-3.863957E-12	-7.973839E-12	-9.755970E-12	-6.860823E-12	-7.684781E-12	-8.776288E-12	-5.678943E-12	-7.747613E-12	-7.835263E-12	-7.112749E-12	-8.512671E-12	-7.536196E-12	-4.735779E-12	-6.584872E-12	-8.461440E-12	-8.237531E-12	-7.714289E-12	-8.230835E-12
0:02:28	0	5.011177E+0	2.546700E+1	2.563600E+1	8.943335E-1	1.147993E+0	1.000000E+2	2.607600E-10	-2.338898E-10	3.152925E-12	-6.935901E-12	-7.648899E-12	-8.796872E-12	-8.489458E-12	-9.177016E-12	-9.285805E-12	-5.707124E-12	-8.493754E-12	-6.635235E-12	-9.799753E-12	-1.363969E-11	-5.320840E-12	-1.173763E-11	2.469973E-12	-7.404351E-12	-1.096009E-11	-7.804745E-12	-9.700445E-12	-9.466079E-12	-2.839970E-12	-7.684964E-12	-8.782876E-12	-7.994141E-12	-6.873246E-12	-9.797749E-12	-4.356997E-12	-6.078113E-12	-6.124774E-12	-6.907123E-12	-6.711263E-12	-8.357771E-12
0:02:42	0	5.010113E+0	2.546600E+1	2.563500E+1	8.937128E-1	1.147575E+0	1.200000E+2	3.447000E-10	-2.274736E-10	3.090205E-12	-6.746776E-12	-7.016231E-12	-8.290340E-12	-7.349263E-12	-8.799933E-12	-8.148014E-12	-6.340804E-12	-6.592466E-12	-6.699083E-12	-1.043257E-11	-1.502938E-11	-4.433867E-12	-1.135906E-11	-2.723970E-12	-7.024692E-12	-9.755970E-12	-6.672039E-12	-8.882047E-12	-8.275521E-12	-1.767136E-12	-7.369730E-12	-9.351444E-12	-7.490346E-12	-7.376919E-12	-8.604014E-12	-4.482593E-12	-5.508384E-12	-7.703818E-12	-7.097181E-12	-5.832997E-12	-7.407252E-12
0:02:55	0	5.010721E+0	2.547200E+1	2.564000E+1	8.932948E-1	1.146511E+0	1.400000E+2	3.782100E-10	-2.192793E-10	3.784108E-12	-7.062316E-12	-7.080096E-12	-7.341217E-12	-7.792339E-12	-7.354116E-12	-8.843054E-12	-8.243846E-12	-6.655508E-12	-7.330583E-12	-8.598989E-12	-1.256702E-11	-4.877854E-12	-1.091773E-11	5.699937E-13	-7.721066E-12	-8.868882E-12	-7.427176E-12	-7.495843E-12	-8.086496E-12	-4.227580E-12	-7.936555E-12	-8.403831E-12	-7.301548E-12	-6.368577E-12	-7.850494E-12	-4.546388E-12	-6.901722E-12	-6.188574E-12	-7.413278E-12	-5.519118E-12	-6.711604E-12
0:03:09	0	5.009733E+0	2.546800E+1	2.563600E+1	8.909006E-1	1.144446E+0	1.600000E+2	4.319800E-10	-2.052638E-10	3.720392E-12	-5.863862E-12	-6.194960E-12	-6.644860E-12	-7.919361E-12	-6.914516E-12	-8.338477E-12	-1.338036E-11	-6.338294E-12	-6.951483E-12	-8.788636E-12	-1.117733E-11	-2.786916E-12	-1.085397E-11	-2.723970E-12	-5.126396E-12	-8.108806E-12	-6.797233E-12	-9.826734E-12	-7.710426E-12	-4.354089E-12	-6.866547E-12	-5.686675E-12	-6.546352E-12	-6.053035E-12	-7.788031E-12	-2.147099E-12	-4.938654E-12	-6.819593E-12	-6.843103E-12	-5.644867E-12	-2.849558E-12
0:03:23	0	5.010645E+0	2.547100E+1	2.564000E+1	8.913059E-1	1.144738E+0	1.800000E+2	4.606500E-10	-1.732321E-10	4.540730E-12	-4.035325E-12	-5.815758E-12	-6.518976E-12	-6.779165E-12	-6.537433E-12	-5.368854E-12	-6.467940E-12	-6.592466E-12	-4.550189E-12	-6.892167E-12	-2.020732E-12	-2.659920E-12	-1.053916E-11	-2.406974E-12	-6.138488E-12	-6.651661E-12	-7.174801E-12	-6.109639E-12	-6.958286E-12	-3.597029E-12	-6.613962E-12	-6.634288E-12	-6.861348E-12	-6.115745E-12	-7.096973E-12	-2.841866E-12	-5.128564E-12	-5.556558E-12	-5.512694E-12	-5.644867E-12	-5.950989E-12
0:03:37	0	5.012165E+0	2.547300E+1	2.564200E+1	8.903052E-1	1.143889E+0	2.000000E+2	5.055900E-10	-1.484051E-10	4.792606E-12	-3.846200E-12	-5.183090E-12	-6.898626E-12	-6.462110E-12	-6.914516E-12	-5.306032E-12	-4.693036E-12	-3.676490E-12	-4.044391E-12	-7.397226E-12	5.054321E-13	-1.709949E-12	-8.519795E-12	-8.229909E-13	-4.746737E-12	-8.805875E-12	-4.594417E-12	-5.731765E-12	-7.334356E-12	-1.010077E-12	-5.228719E-12	-5.749517E-12	-4.972366E-12	-5.170114E-12	-7.411270E-12	-2.841866E-12	-2.468827E-12	-6.188574E-12	-5.449675E-12	-5.206229E-12	-5.318309E-12
0:03:50	0	5.011025E+0	2.548000E+1	2.564700E+1	8.918506E-1	1.145954E+0	2.200000E+2	5.532200E-10	-1.295332E-10	7.252624E-12	-3.530660E-12	-4.867753E-12	-5.632795E-12	-7.032208E-12	-4.903075E-12	-4.548170E-12	-2.726926E-12	-3.359276E-12	-4.739738E-12	-4.046465E-12	-6.314413E-12	-1.013970E-12	-8.266752E-12	2.279975E-12	-5.189340E-12	-7.665762E-12	-5.098173E-12	-4.282913E-12	-6.519867E-12	-2.145666E-12	-3.653540E-12	-5.180949E-12	-4.468571E-12	-4.413609E-12	-6.469370E-12	-1.452332E-12	-3.039556E-12	-4.104117E-12	-4.372344E-12	-4.076464E-12	-5.950989E-12
0:04:04	0	5.010037E+0	2.548000E+1	2.565100E+1	8.947896E-1	1.147917E+0	2.400000E+2	6.022700E-10	-1.143771E-10	6.621442E-12	-3.467950E-12	-3.729150E-12	-5.568854E-12	-4.814827E-12	-4.903075E-12	-4.548170E-12	-3.677946E-12	-2.531715E-13	-3.159493E-12	-7.271461E-12	-1.117733E-11	-5.699829E-13	-6.815238E-12	6.904924E-12	-3.923477E-12	-7.538749E-12	-3.650494E-12	-4.661782E-12	-5.454006E-12	-8.835682E-13	-3.653540E-12	-4.612381E-12	-4.532166E-12	-2.774183E-12	-5.338098E-12	-6.947670E-13	-4.052075E-12	-3.978511E-12	-5.512694E-12	-2.571430E-12	-4.114918E-12
0:04:18	0	5.011786E+0	2.548300E+1	2.565400E+1	8.942955E-1	1.147487E+0	2.600000E+2	6.428400E-10	-8.834437E-11	8.198402E-12	-3.719785E-12	-3.918751E-12	-2.974252E-12	-4.497773E-12	-4.965591E-12	-2.210763E-12	-2.662857E-12	2.531715E-13	-2.401295E-12	-4.679287E-12	-1.054629E-11	6.299811E-14	-6.436669E-12	5.637938E-12	-2.404840E-12	-6.525649E-12	-3.587898E-12	-5.669117E-12	-4.262457E-12	1.956401E-12	-4.094073E-12	-3.475246E-12	-2.580582E-12	-2.900599E-12	-5.024792E-12	2.521895E-13	-1.203428E-12	-3.410295E-12	-4.435363E-12	-2.445680E-12	-3.672142E-12
0:04:32	0	5.010645E+0	2.548500E+1	2.565400E+1	8.917113E-1	1.145093E+0	2.800000E+2	6.998600E-10	-5.826656E-11	9.206900E-12	-2.774161E-12	-3.287081E-12	-3.164076E-12	-1.267218E-12	-3.645800E-12	-5.116566E-12	-2.409585E-12	9.506440E-13	8.210492E-13	-3.604289E-12	-6.504822E-12	5.069848E-13	-7.004523E-12	6.460929E-12	-1.076034E-12	-3.991397E-12	-1.636463E-12	-3.779743E-12	-6.707902E-12	1.451363E-12	-1.764121E-12	-2.843836E-12	-2.076787E-12	-1.954968E-12	-3.077536E-12	2.521895E-13	-4.427897E-13	-2.778279E-12	-2.344721E-12	-2.195171E-12	-2.468751E-12
0:04:45	0	5.011329E+0	2.548400E+1	2.565400E+1	8.900898E-1	1.143788E+0	3.000000E+2	7.526600E-10	-2.200793E-11	1.097302E-11	-1.072039E-12	-5.688027E-13	-2.594603E-12	-2.470424E-12	-3.080175E-12	-3.600842E-12	-7.863437E-12	3.296233E-12	2.338444E-12	-3.477525E-12	1.200277E-12	2.343930E-12	-5.995338E-12	7.600916E-12	-1.013090E-12	-2.217220E-12	-2.391600E-12	-3.590805E-12	-3.510317E-12	2.397687E-12	-1.764121E-12	-1.580020E-12	-1.132793E-12	-1.702136E-12	-2.386479E-12	2.336491E-12	8.226093E-13	-2.336665E-12	-1.520467E-12	1.944662E-12	-1.393295E-12
0:04:59	0	5.010341E+0	2.548200E+1	2.565200E+1	8.909259E-1	1.145017E+0	3.200000E+2	7.655500E-10	2.415105E-11	1.551375E-11	3.782495E-13	-1.327206E-12	-1.708421E-12	-2.787479E-12	-5.656249E-13	-1.326259E-12	-2.789994E-12	5.958036E-12	4.486340E-12	-1.074998E-12	5.054321E-13	2.913913E-12	-3.786686E-12	3.800958E-12	1.962238E-12	-3.231321E-12	1.261875E-13	-1.826726E-12	-1.128210E-12	1.577872E-12	6.931185E-13	3.162035E-13	4.401995E-13	-3.155422E-13	-1.382115E-12	2.841866E-12	3.229466E-12	3.662503E-12	1.270390E-13	-8.148967E-13	-3.168397E-13
0:05:13	0	5.010417E+0	2.548300E+1	2.565000E+1	8.904699E-1	1.144738E+0	3.400000E+2	5.839200E-10	8.090354E-11	1.904498E-11	2.206787E-12	0.000000E+0	3.796492E-13	-7.601306E-13	-1.006217E-12	5.055738E-13	6.306767E-14	1.185303E-11	8.151632E-12	3.164108E-13	3.789246E-12	5.447837E-12	-2.840264E-12	1.083188E-11	1.582579E-12	-2.851283E-12	1.261875E-13	-1.259914E-12	-4.384185E-13	3.218499E-12	1.448886E-12	1.832384E-12	3.146979E-12	7.565049E-13	-6.246288E-14	4.041012E-12	3.735226E-12	1.452441E-12	2.407740E-12	1.630783E-12	2.152911E-12
0:05:27	0	5.010721E+0	2.548100E+1	2.565000E+1	8.945996E-1	1.147905E+0	3.600000E+2	9.972000E-10	1.985706E-10	2.610845E-11	4.602699E-12	4.487554E-12	2.088071E-12	2.914501E-12	2.577066E-12	3.474199E-12	6.658144E-12	2.047387E-11	1.232272E-11	8.853515E-13	-2.526164E-12	8.044759E-12	1.703561E-12	2.274075E-11	4.936567E-12	-1.204120E-12	4.846792E-12	2.771414E-12	2.821515E-12	1.072734E-11	4.094073E-12	3.854291E-12	5.664960E-12	5.485656E-12	2.700776E-12	7.451052E-12	7.977211E-12	4.230720E-12	4.815480E-12	5.206229E-12	5.635149E-12
0:05:40	0	5.009809E+0	2.547700E+1	2.564600E+1	8.945869E-1	1.148184E+0	3.620000E+2	9.534700E-10	1.978061E-10	2.661320E-11	4.413574E-12	4.361818E-12	2.721485E-12	4.434762E-12	2.891633E-12	4.421527E-12	2.536722E-12	2.028374E-11	1.346002E-11	2.718937E-12	4.925720E-12	7.854764E-12	1.956604E-12	1.608982E-11	4.936567E-12	-6.300626E-14	4.846792E-12	3.212930E-12	1.128210E-12	5.805452E-12	4.157717E-12	3.601927E-12	6.168754E-12	4.855567E-12	2.448942E-12	7.135068E-12	8.927759E-12	5.052141E-12	4.245305E-12	5.456738E-12	6.204860E-12
0:05:54	0	5.010873E+0	2.547500E+1	2.564500E+1	8.899885E-1	1.144370E+0	3.640000E+2	9.490000E-10	2.133288E-10	2.749526E-11	4.539989E-12	2.970747E-12	2.341836E-12	3.104533E-12	1.822900E-12	3.726488E-12	5.834260E-12	2.224907E-11	1.390297E-11	4.173229E-12	5.367350E-12	9.057728E-12	2.271414E-12	1.361885E-11	6.328317E-12	3.170315E-13	4.720604E-12	4.661782E-12	3.949725E-12	7.698101E-12	3.527247E-12	4.549540E-12	6.986552E-12	4.413609E-12	3.203454E-12	8.144823E-12	9.117669E-12	5.177747E-12	5.385655E-12	5.958746E-12	6.711604E-12
0:06:07	0	5.006845E+0	2.547900E+1	2.564700E+1	8.912046E-1	1.145320E+0	3.660000E+2	9.499000E-10	2.204191E-10	2.812644E-11	4.855529E-12	5.309823E-12	3.923375E-12	4.497773E-12	3.896858E-12	4.674812E-12	7.355893E-12	2.250224E-11	1.327047E-11	3.035348E-12	2.526164E-12	8.234753E-12	3.029548E-12	1.197187E-11	7.088634E-12	6.300626E-14	5.413145E-12	3.905038E-12	1.256866E-13	8.833690E-12	4.661893E-12	5.434311E-12	6.608954E-12	4.476319E-12	4.019437E-12	9.597155E-12	8.104151E-12	5.620358E-12	5.829791E-12	6.209255E-12	7.217348E-12
0:06:21	0	5.011633E+0	2.547800E+1	2.564800E+1	8.928007E-1	1.146765E+0	3.680000E+2	9.826000E-10	2.342055E-10	2.919866E-11	4.350864E-12	3.918751E-12	4.873497E-12	5.448936E-12	1.006217E-12	3.979773E-12	6.214668E-12	2.345389E-11	1.598801E-11	4.109348E-12	-3.346619E-12	8.107757E-12	3.975971E-12	2.115677E-11	6.645033E-12	-7.600756E-13	4.846792E-12	5.039657E-12	3.009550E-12	1.306127E-11	5.228719E-12	4.106655E-12	7.050147E-12	5.485656E-12	3.580214E-12	8.839590E-12	1.032010E-11	6.504582E-12	6.462986E-12	6.523134E-12	5.825053E-12
0:06:34	0	5.010189E+0	2.547800E+1	2.564800E+1	8.898111E-1	1.143509E+0	3.700000E+2	9.770000E-10	2.578810E-10	3.172040E-11	5.170073E-12	4.108352E-12	4.113199E-12	4.941849E-12	4.399966E-12	3.726488E-12	5.516920E-12	2.440453E-11	1.579846E-11	4.931817E-12	3.221008E-12	9.881704E-12	3.155074E-12	2.540072E-11	7.910896E-12	3.800378E-13	6.545851E-12	4.157618E-12	1.504280E-12	1.135789E-11	5.795545E-12	6.381924E-12	7.427745E-12	5.170114E-12	4.710494E-12	1.022912E-11	9.307579E-12	6.124774E-12	6.145889E-12	7.213271E-12	7.027444E-12
0:06:48	0	5.011329E+0	2.547600E+1	2.564700E+1	8.904572E-1	1.144408E+0	3.720000E+2	9.975000E-10	2.711393E-10	3.153124E-11	5.737447E-12	5.436556E-12	3.987316E-12	5.004860E-12	6.160350E-12	5.116566E-12	7.989573E-12	2.586252E-11	1.794736E-11	5.942934E-12	2.526164E-12	8.424747E-12	3.218833E-12	2.153676E-11	9.493475E-12	1.267126E-12	6.419664E-12	4.661782E-12	3.761690E-12	9.654502E-12	5.606603E-12	5.244788E-12	7.050147E-12	6.746830E-12	4.522114E-12	1.054511E-11	1.038407E-11	7.451609E-12	8.047473E-12	7.401400E-12	6.457732E-12
0:07:01	0	5.011557E+0	2.547300E+1	2.564400E+1	8.908119E-1	1.144852E+0	3.740000E+2	1.029800E-9	2.889004E-10	3.247802E-11	6.115697E-12	6.574161E-12	4.683672E-12	5.384925E-12	5.217642E-12	4.169239E-12	3.360606E-12	2.776381E-11	1.782066E-11	5.627522E-12	1.010366E-11	9.437717E-12	4.038734E-12	1.570983E-11	1.044262E-11	2.597258E-12	6.608448E-12	4.409203E-12	6.018111E-12	1.293576E-11	6.991846E-12	7.329537E-12	8.182940E-12	5.737493E-12	5.589932E-12	1.142827E-11	8.990729E-12	8.019826E-12	8.237531E-12	7.777659E-12	9.117387E-12
0:07:15	0	5.009657E+0	2.547000E+1	2.564100E+1	8.896971E-1	1.143598E+0	3.760000E+2	1.047000E-9	3.092767E-10	3.462145E-11	6.809486E-12	6.763762E-12	5.316088E-12	4.434762E-12	8.863441E-12	7.706261E-12	1.966110E-12	2.934888E-11	1.902180E-11	6.386109E-12	1.452395E-11	1.228863E-11	5.806053E-12	1.374585E-11	1.037968E-11	1.014101E-12	7.049608E-12	5.039657E-12	4.889901E-12	8.581669E-12	7.118138E-12	6.571447E-12	9.064333E-12	6.242161E-12	6.343453E-12	1.174425E-11	1.215623E-11	8.082629E-12	9.187823E-12	9.408442E-12	8.800547E-12
0:07:28	0	5.011709E+0	2.547100E+1	2.564100E+1	8.908372E-1	1.144434E+0	3.780000E+2	1.063500E-9	3.298852E-10	3.663944E-11	7.755109E-12	7.711767E-12	6.265211E-12	4.814827E-12	7.040541E-12	4.737635E-12	1.059036E-11	3.099700E-11	1.902180E-11	6.386109E-12	1.319806E-11	1.064168E-11	6.058100E-12	1.140187E-11	9.303645E-12	3.231321E-12	6.986017E-12	6.298577E-12	5.516354E-12	1.205219E-11	6.613962E-12	7.645740E-12	9.441930E-12	7.692461E-12	6.782676E-12	1.294440E-11	1.304280E-11	8.398637E-12	9.187823E-12	1.091348E-11	1.057365E-11
0:07:42	0	5.009429E+0	2.546900E+1	2.564000E+1	8.909386E-1	1.144408E+0	3.800000E+2	1.085700E-9	3.535119E-10	3.909946E-11	6.998610E-12	7.142964E-12	6.328153E-12	7.032208E-12	7.291599E-12	7.390152E-12	1.445851E-11	3.251803E-11	2.136025E-11	6.069698E-12	9.662028E-12	1.102167E-11	6.184622E-12	1.216187E-11	1.094917E-11	2.851283E-12	8.748667E-12	5.542827E-12	7.209659E-12	1.583848E-11	7.433373E-12	7.771424E-12	9.567134E-12	7.818877E-12	6.720213E-12	1.344878E-11	1.272596E-11	9.282861E-12	1.020214E-11	1.179174E-11	1.088949E-11
0:07:55	0	5.012165E+0	2.547100E+1	2.564000E+1	8.906472E-1	1.144168E+0	3.820000E+2	1.117100E-9	3.886480E-10	4.004524E-11	8.827148E-12	8.407303E-12	7.088450E-12	7.666317E-12	6.914516E-12	7.579618E-12	1.775605E-11	3.441932E-11	2.123355E-11	6.892167E-12	1.073570E-11	1.361859E-11	7.446851E-12	1.729281E-11	9.683304E-12	2.787277E-12	9.315021E-12	7.306906E-12	7.648078E-12	1.880397E-11	8.125497E-12	9.288602E-12	1.057472E-11	8.701798E-12	8.541551E-12	1.389135E-11	1.411929E-11	1.048210E-11	1.001108E-11	1.147786E-11	1.196595E-11
0:08:09	0	5.011101E+0	2.547000E+1	2.564100E+1	8.918633E-1	1.145105E+0	3.840000E+2	1.142400E-9	4.156337E-10	4.313544E-11	8.133359E-12	7.648899E-12	7.783808E-12	9.059556E-12	8.486358E-12	8.338477E-12	1.445851E-11	3.727225E-11	2.445589E-11	6.892167E-12	8.082927E-12	1.336560E-11	7.257566E-12	2.394374E-11	1.246780E-11	3.167315E-12	9.943971E-12	7.873718E-12	7.773764E-12	1.747911E-11	1.026750E-11	1.055242E-11	1.120372E-11	1.040393E-11	7.912956E-12	1.559587E-11	1.595542E-11	1.161853E-11	1.134249E-11	1.147786E-11	1.228278E-11
0:08:22	0	5.010797E+0	2.547200E+1	2.564400E+1	8.914833E-1	1.144725E+0	3.860000E+2	1.154700E-9	4.317073E-10	4.414394E-11	8.575313E-12	8.280569E-12	8.607047E-12	8.806513E-12	9.491583E-12	9.348628E-12	1.401404E-11	3.930062E-11	2.414064E-11	9.041165E-12	5.431153E-12	1.507555E-11	9.402459E-12	2.495773E-11	1.208814E-11	3.357334E-12	1.070010E-11	8.504173E-12	9.215696E-12	1.691032E-11	9.007558E-12	9.603808E-12	1.208511E-11	9.394597E-12	9.295072E-12	1.610125E-11	1.639821E-11	1.231335E-11	1.146852E-11	1.423742E-11	1.240972E-11
0:08:36	0	5.012089E+0	2.547000E+1	2.564100E+1	8.909766E-1	1.144484E+0	3.880000E+2	1.189800E-9	4.558644E-10	4.817992E-11	9.899187E-12	9.861242E-12	9.113579E-12	8.996546E-12	9.680124E-12	1.048542E-11	6.214668E-12	4.202647E-11	2.679434E-11	9.926517E-12	6.883647E-12	1.526554E-11	8.519795E-12	2.115677E-11	1.405038E-11	4.434441E-12	1.176922E-11	9.826734E-12	7.961799E-12	1.968753E-11	1.064539E-11	1.219528E-11	1.391050E-11	1.002568E-11	1.124233E-11	1.666942E-11	1.665209E-11	1.281876E-11	1.286295E-11	1.373641E-11	1.437173E-11
0:08:49	0	5.011101E+0	2.547000E+1	2.563900E+1	8.941182E-1	1.147626E+0	3.900000E+2	1.252000E-9	4.921435E-10	5.038807E-11	1.034114E-11	1.112558E-11	9.998761E-12	9.123567E-12	1.024575E-11	1.377015E-11	7.736301E-12	4.557587E-11	2.793163E-11	1.112828E-11	1.269263E-11	1.811646E-11	1.066469E-11	2.026978E-11	1.468281E-11	6.208617E-12	1.221038E-11	1.045619E-11	9.278044E-12	1.615326E-11	9.700676E-12	1.194192E-11	1.454049E-11	1.147598E-11	1.105395E-11	1.736419E-11	1.886804E-11	1.382959E-11	1.463750E-11	1.455130E-11	1.608186E-11
0:09:03	0	5.012165E+0	2.548200E+1	2.564800E+1	8.937762E-1	1.147601E+0	3.920000E+2	1.268400E-9	5.247672E-10	5.410846E-11	1.147589E-11	1.144092E-11	1.170818E-11	1.165700E-11	1.093740E-11	1.250672E-11	7.609165E-12	4.874502E-11	2.856413E-11	1.125404E-11	1.509218E-11	1.874944E-11	1.281058E-11	1.779980E-11	1.632834E-11	6.905686E-12	1.422441E-11	1.140088E-11	1.053194E-11	1.590124E-11	1.259845E-11	1.238480E-11	1.466570E-11	1.179053E-11	1.193338E-11	1.887932E-11	2.051426E-11	1.496602E-11	1.552377E-11	1.593158E-11	1.582799E-11
0:09:16	0	5.008137E+0	2.547800E+1	2.564700E+1	8.956003E-1	1.149007E+0	3.940000E+2	1.295300E-9	5.760175E-10	5.745054E-11	1.185414E-11	1.302159E-11	1.284713E-11	1.292422E-11	1.250924E-11	1.402344E-11	1.414117E-11	5.204125E-11	3.045963E-11	1.353081E-11	1.660848E-11	1.912943E-11	1.426209E-11	2.083977E-11	1.765714E-11	7.031699E-12	1.472817E-11	1.127559E-11	1.147212E-11	1.867746E-11	1.524364E-11	1.440671E-11	1.504329E-11	1.399833E-11	1.199585E-11	2.039445E-11	2.133686E-11	1.610245E-11	1.577785E-11	1.687222E-11	1.836071E-11
0:09:30	0	5.011786E+0	2.547200E+1	2.564300E+1	8.953723E-1	1.148804E+0	3.960000E+2	1.338800E-9	6.260794E-10	6.218043E-11	1.412364E-11	1.390673E-11	1.392314E-11	1.324127E-11	1.382903E-11	1.440237E-11	1.997543E-11	5.717573E-11	3.305047E-11	1.353081E-11	1.559762E-11	1.995340E-11	1.470342E-11	2.274075E-11	1.803680E-11	6.968693E-12	1.485336E-11	1.398435E-11	1.366619E-11	2.309430E-11	1.637828E-11	1.339526E-11	1.718368E-11	1.456571E-11	1.532423E-11	2.273094E-11	2.165371E-11	1.723889E-11	1.685518E-11	1.825151E-11	1.956410E-11
0:09:43	0	5.009657E+0	2.547200E+1	2.564100E+1	8.949923E-1	1.148285E+0	3.980000E+2	1.412100E-9	6.709446E-10	6.621641E-11	1.488013E-11	1.504433E-11	1.499914E-11	1.539564E-11	1.420612E-11	1.591810E-11	1.877014E-11	5.920410E-11	3.608426E-11	1.504798E-11	1.193498E-11	2.204334E-11	1.609217E-11	2.932868E-11	1.936661E-11	8.742869E-12	1.604966E-11	1.310231E-11	1.454402E-11	2.441916E-11	1.581146E-11	1.756575E-11	2.033066E-11	1.500667E-11	1.482155E-11	2.292033E-11	2.380669E-11	1.944895E-11	1.919890E-11	2.044668E-11	2.019678E-11
0:09:57	0	5.010569E+0	2.546500E+1	2.563800E+1	8.956256E-1	1.149324E+0	4.000000E+2	1.488000E-9	7.361370E-10	7.031611E-11	1.431276E-11	1.694034E-11	1.518897E-11	1.818312E-11	1.621756E-11	1.692825E-11	1.908748E-11	6.744469E-11	3.766451E-11	1.662904E-11	1.363969E-11	2.356329E-11	1.817430E-11	3.281264E-11	2.335303E-11	9.375932E-12	1.749733E-11	1.568479E-11	1.592360E-11	2.568125E-11	1.751193E-11	1.857621E-11	2.209344E-11	1.815910E-11	1.658042E-11	2.475145E-11	2.665534E-11	2.083859E-11	2.084641E-11	2.188933E-11	2.361605E-11
0:10:10	0	5.010189E+0	2.546200E+1	2.563400E+1	8.959423E-1	1.148994E+0	4.020000E+2	1.557000E-9	7.984380E-10	7.649552E-11	1.651955E-11	1.706707E-11	1.683444E-11	1.729597E-11	1.766337E-11	1.850779E-11	1.547260E-11	7.080396E-11	4.120310E-11	1.833586E-11	1.894423E-11	2.540024E-11	1.880591E-11	3.952657E-11	2.670802E-11	1.070606E-11	2.114783E-11	1.751152E-11	1.799198E-11	2.580776E-11	1.940135E-11	2.116768E-11	2.234484E-11	1.828552E-11	1.846423E-11	2.582500E-11	2.842850E-11	2.285924E-11	2.388834E-11	2.471226E-11	2.431170E-11
0:10:24	0	5.011177E+0	2.546100E+1	2.563200E+1	8.951063E-1	1.148602E+0	4.040000E+2	1.645200E-9	8.746588E-10	8.418918E-11	1.960925E-11	2.060662E-11	1.949199E-11	1.888024E-11	2.137169E-11	2.071855E-11	1.750178E-11	7.917163E-11	4.309860E-11	2.118156E-11	2.102877E-11	2.742718E-11	2.233956E-11	3.673960E-11	2.746733E-11	1.305030E-11	2.253192E-11	1.820462E-11	1.924588E-11	2.725913E-11	2.116547E-11	2.318959E-11	2.310103E-11	1.986224E-11	2.066232E-11	3.005540E-11	2.982084E-11	2.500650E-11	2.635910E-11	2.696981E-11	2.735116E-11
0:10:37	0	5.011709E+0	2.546800E+1	2.563600E+1	8.939915E-1	1.148323E+0	4.060000E+2	1.730900E-9	9.563348E-10	9.301876E-11	2.061858E-11	2.136602E-11	2.044111E-11	2.059054E-11	2.149772E-11	2.280267E-11	2.238502E-11	8.893324E-11	4.606854E-11	2.320479E-11	2.728038E-11	3.027809E-11	2.442169E-11	3.540961E-11	2.835254E-11	1.463445E-11	2.473573E-11	2.072345E-11	2.143995E-11	2.915177E-11	2.437749E-11	2.451624E-11	2.530402E-11	2.219446E-11	2.229528E-11	3.175992E-11	3.279742E-11	2.683776E-11	2.902092E-11	2.872635E-11	3.115024E-11
0:10:51	0	5.010189E+0	2.546900E+1	2.563900E+1	8.953470E-1	1.149425E+0	4.080000E+2	1.854300E-9	1.075923E-9	1.022257E-10	2.219428E-11	2.408330E-11	2.379601E-11	2.407514E-11	2.451438E-11	2.608741E-11	2.986705E-11	9.875790E-11	4.935473E-11	2.579697E-11	2.822744E-11	3.325500E-11	2.650481E-11	4.326452E-11	3.221407E-11	1.653464E-11	2.643479E-11	2.368480E-11	2.482557E-11	3.091891E-11	2.683473E-11	3.171910E-11	2.996139E-11	2.351934E-11	2.512198E-11	3.453899E-11	3.602589E-11	3.050026E-11	3.351930E-11	3.242655E-11	3.513822E-11
0:11:04	0	5.011709E+0	2.546600E+1	2.563600E+1	8.958030E-1	1.149374E+0	4.100000E+2	1.938100E-9	1.193577E-9	1.136397E-10	2.572594E-11	2.566398E-11	2.563132E-11	2.686261E-11	2.803515E-11	2.785642E-11	3.487742E-11	1.104848E-10	5.257807E-11	2.870555E-11	3.069080E-11	3.737188E-11	3.054355E-11	4.883846E-11	3.487169E-11	1.792878E-11	2.851141E-11	2.733825E-11	2.676827E-11	3.716565E-11	3.023667E-11	3.184578E-11	3.285696E-11	2.698732E-11	2.895303E-11	3.839061E-11	4.096454E-11	3.460438E-11	3.440657E-11	3.619013E-11	3.805075E-11
0:11:18	0	5.010189E+0	2.546700E+1	2.563900E+1	8.931808E-1	1.147056E+0	4.106938E+2	2.019900E-9	1.236425E-9	1.181177E-10	2.610419E-11	2.895106E-11	2.708697E-11	2.755973E-11	2.853826E-11	2.911985E-11	3.272111E-11	1.158094E-10	5.352582E-11	3.155025E-11	2.532245E-11	3.610592E-11	3.350933E-11	4.972545E-11	3.803584E-11	1.862485E-11	3.121799E-11	2.689673E-11	2.896234E-11	4.013113E-11	3.155927E-11	3.348864E-11	3.562635E-11	2.805837E-11	3.058599E-11	3.921098E-11	4.090157E-11	3.630903E-11	3.675129E-11	3.750703E-11	3.881036E-11
0:11:31	0	5.008745E+0	2.547000E+1	2.564100E+1	8.941309E-1	1.148146E+0	4.113876E+2	2.040700E-9	1.295615E-9	1.223429E-10	2.629331E-11	3.084707E-11	2.860557E-11	2.946006E-11	2.998308E-11	3.082504E-11	3.151582E-11	1.204366E-10	5.712826E-11	3.256237E-11	3.075360E-11	3.863884E-11	3.332005E-11	5.707337E-11	4.056757E-11	1.944893E-11	3.184694E-11	2.935391E-11	2.996586E-11	4.013113E-11	3.256663E-11	3.405721E-11	3.619274E-11	2.944596E-11	3.121359E-11	4.236783E-11	4.273770E-11	3.643563E-11	3.763857E-11	4.064285E-11	4.121614E-11
0:11:45	0	5.010037E+0	2.547100E+1	2.564100E+1	8.919520E-1	1.145865E+0	4.120813E+2	2.106600E-9	1.346432E-9	1.290907E-10	2.698710E-11	3.072133E-11	2.987140E-11	2.990414E-11	3.193201E-11	3.158290E-11	3.005725E-11	1.258252E-10	5.725396E-11	3.230884E-11	3.713182E-11	4.015980E-11	3.458228E-11	5.441240E-11	4.252981E-11	2.147613E-11	3.291705E-11	3.017231E-11	3.147014E-11	4.246606E-11	3.338604E-11	3.525719E-11	3.795553E-11	3.127451E-11	3.253325E-11	4.293600E-11	4.501662E-11	3.965652E-11	4.055346E-11	4.227363E-11	4.273638E-11
0:11:58	0	5.011709E+0	2.547100E+1	2.564100E+1	8.919900E-1	1.145967E+0	4.127751E+2	2.148000E-9	1.410787E-9	1.369108E-10	2.793273E-11	3.135300E-11	3.075758E-11	3.275463E-11	3.161744E-11	3.309963E-11	3.107234E-11	1.328610E-10	6.060400E-11	3.705101E-11	4.199374E-11	4.262972E-11	3.584451E-11	4.871146E-11	4.373173E-11	2.299629E-11	3.549743E-11	3.231426E-11	3.215993E-11	4.158249E-11	3.615752E-11	3.784866E-11	4.198390E-11	3.335490E-11	3.479381E-11	4.476812E-11	4.640996E-11	4.192938E-11	4.277114E-11	4.170924E-11	4.558493E-11
0:12:12	0	5.011709E+0	2.547700E+1	2.564600E+1	8.932568E-1	1.147259E+0	4.134689E+2	2.274600E-9	1.476280E-9	1.431540E-10	3.171522E-11	3.274407E-11	3.265583E-11	3.370479E-11	3.444656E-11	3.549985E-11	3.627192E-11	1.405312E-10	6.534374E-11	3.806313E-11	4.256197E-11	4.491065E-11	4.000976E-11	4.769848E-11	4.487171E-11	2.312330E-11	3.618997E-11	3.483409E-11	3.410362E-11	4.183551E-11	3.792164E-11	3.936484E-11	4.204650E-11	3.322948E-11	3.523303E-11	4.697801E-11	4.773932E-11	4.205599E-11	4.416457E-11	4.509656E-11	4.818062E-11
0:12:25	0	5.010265E+0	2.547700E+1	2.564800E+1	8.924967E-1	1.146410E+0	4.141627E+2	2.291100E-9	1.544928E-9	1.488296E-10	3.221989E-11	3.590442E-11	3.411148E-11	3.509903E-11	3.633197E-11	3.676329E-11	4.166270E-11	1.476940E-10	6.546944E-11	3.711389E-11	4.451990E-11	4.719058E-11	3.994600E-11	4.934546E-11	4.816175E-11	2.382037E-11	3.707130E-11	3.540091E-11	3.585828E-11	4.770372E-11	3.785800E-11	3.917532E-11	4.519447E-11	3.480520E-11	3.887571E-11	4.880913E-11	5.077888E-11	4.641231E-11	4.587610E-11	4.773037E-11	4.919411E-11
0:12:39	0	5.010189E+0	2.547600E+1	2.564700E+1	8.924714E-1	1.146347E+0	4.148565E+2	2.372900E-9	1.628161E-9	1.574691E-10	3.404842E-11	3.716876E-11	3.480784E-11	3.852062E-11	3.689760E-11	3.947963E-11	4.635474E-11	1.556805E-10	7.103123E-11	3.976995E-11	4.363564E-11	4.788756E-11	4.366993E-11	6.138032E-11	4.974433E-11	2.407339E-11	3.908533E-11	3.609401E-11	3.742590E-11	5.079571E-11	4.056683E-11	4.227152E-11	4.588607E-11	3.373315E-11	3.881324E-11	5.133401E-11	5.274095E-11	4.773915E-11	4.840988E-11	5.061568E-11	5.103018E-11
0:12:52	0	5.009581E+0	2.547200E+1	2.564500E+1	8.932441E-1	1.146777E+0	4.155502E+2	2.468000E-9	1.713944E-9	1.644688E-10	3.594067E-11	3.843310E-11	3.955445E-11	3.883667E-11	3.928711E-11	4.112100E-11	4.863819E-11	1.648717E-10	7.166273E-11	4.135100E-11	4.325682E-11	5.016749E-11	4.448983E-11	6.081033E-11	5.252883E-11	2.572056E-11	4.154052E-11	3.930594E-11	4.093622E-11	5.331891E-11	4.428302E-11	4.543056E-11	4.777506E-11	3.858872E-11	4.327290E-11	5.461746E-11	5.508384E-11	4.931719E-11	5.107169E-11	5.387724E-11	5.438548E-11
0:13:06	0	5.011101E+0	2.547400E+1	2.564400E+1	8.927627E-1	1.146347E+0	4.162440E+2	2.537400E-9	1.788876E-9	1.729201E-10	3.650804E-11	4.039197E-11	3.968034E-11	3.997787E-11	4.136107E-11	4.390115E-11	4.515045E-11	1.740629E-10	7.254763E-11	4.558712E-11	4.527755E-11	5.187744E-11	4.751938E-11	6.689126E-11	5.651625E-11	2.812780E-11	4.317698E-11	4.006169E-11	4.087387E-11	5.546458E-11	4.503978E-11	4.669438E-11	5.073324E-11	4.243495E-11	4.471747E-11	5.562821E-11	5.748969E-11	5.159106E-11	5.322636E-11	5.481789E-11	5.862733E-11
0:13:19	0	5.010797E+0	2.547500E+1	2.564300E+1	8.924334E-1	1.146220E+0	4.169378E+2	2.670500E-9	1.887244E-9	1.845860E-10	3.871483E-11	4.260432E-11	4.043963E-11	4.149813E-11	4.349854E-11	4.415344E-11	4.375495E-11	1.838245E-10	7.456982E-11	5.153005E-11	5.317106E-11	5.593232E-11	5.105302E-11	6.670127E-11	5.822471E-11	3.129511E-11	4.600875E-11	4.226629E-11	4.444752E-11	5.678943E-11	4.869332E-11	5.061151E-11	5.325122E-11	4.426350E-11	4.603614E-11	5.827969E-11	5.976961E-11	5.550577E-11	5.620427E-11	5.713881E-11	6.242641E-11
0:13:33	0	5.009049E+0	2.546700E+1	2.563900E+1	8.933328E-1	1.146942E+0	4.176316E+2	2.767500E-9	1.997213E-9	1.970095E-10	4.123715E-11	4.570180E-11	4.423712E-11	4.491972E-11	4.563501E-11	4.781711E-11	5.047716E-11	1.973897E-10	7.671872E-11	5.197223E-11	5.702311E-11	5.846525E-11	5.408257E-11	6.708126E-11	6.132593E-11	3.484346E-11	4.751902E-11	4.591975E-11	4.570043E-11	5.685318E-11	4.938544E-11	5.238105E-11	5.551680E-11	4.836256E-11	5.068318E-11	6.206851E-11	6.394762E-11	5.759022E-11	5.899213E-11	6.203116E-11	6.432545E-11
0:13:46	0	5.010797E+0	2.546200E+1	2.563700E+1	8.929907E-1	1.146777E+0	4.183254E+2	2.895800E-9	2.131365E-9	2.130908E-10	4.382219E-11	4.608100E-11	4.790773E-11	4.789723E-11	4.871519E-11	5.091238E-11	5.789612E-11	2.120326E-10	8.082596E-11	5.620934E-11	6.119118E-11	6.258312E-11	5.704836E-11	6.917224E-11	6.449009E-11	3.509649E-11	5.299477E-11	5.014101E-11	4.971250E-11	5.918712E-11	5.335422E-11	5.655155E-11	6.080416E-11	4.773148E-11	5.212775E-11	6.459439E-11	6.768385E-11	6.276797E-11	6.444180E-11	6.566899E-11	6.863127E-11
0:14:00	0	5.010037E+0	2.546100E+1	2.563000E+1	8.928767E-1	1.146524E+0	4.190191E+2	3.020700E-9	2.257393E-9	2.242529E-10	4.495694E-11	5.019035E-11	4.866703E-11	5.233199E-11	5.129225E-11	5.331261E-11	6.360325E-11	2.278153E-10	8.682969E-11	5.791616E-11	5.860222E-11	6.486305E-11	6.133914E-11	7.100922E-11	6.797096E-11	3.553953E-11	5.570134E-11	5.316401E-11	5.397595E-11	6.524559E-11	5.744928E-11	6.046868E-11	6.338475E-11	5.088392E-11	5.865959E-11	6.996114E-11	7.148205E-11	6.485143E-11	6.684954E-11	7.093760E-11	7.388561E-11
0:14:13	0	5.011937E+0	2.546800E+1	2.563700E+1	8.944222E-1	1.147778E+0	4.197129E+2	3.206600E-9	2.439497E-9	2.456315E-10	4.773110E-11	5.455217E-11	5.164128E-11	5.480242E-11	5.682446E-11	5.666016E-11	6.715406E-11	2.479099E-10	9.194853E-11	6.234192E-11	6.674894E-11	7.088087E-11	6.695591E-11	7.987712E-11	7.569203E-11	3.953093E-11	5.903686E-11	5.612436E-11	5.798803E-11	6.896813E-11	6.242542E-11	6.255343E-11	6.728791E-11	5.561307E-11	6.355846E-11	7.425534E-11	7.572403E-11	7.097720E-11	7.255230E-11	7.488930E-11	8.066019E-11
0:14:27	0	5.009505E+0	2.546900E+1	2.564000E+1	8.939788E-1	1.147322E+0	4.204067E+2	3.415100E-9	2.619832E-9	2.684606E-10	5.296488E-11	5.764965E-11	5.461653E-11	5.822400E-11	5.977861E-11	5.931368E-11	7.114934E-11	2.705393E-10	9.611962E-11	6.506086E-11	6.466441E-11	7.518774E-11	6.922732E-11	8.792203E-11	8.227412E-11	4.459943E-11	6.105189E-11	6.097508E-11	6.068385E-11	7.546689E-11	6.677208E-11	6.950392E-11	7.446326E-11	5.952300E-11	6.801712E-11	7.816976E-11	8.167620E-11	7.760739E-11	7.958546E-11	8.241546E-11	8.616840E-11
0:14:40	0	5.011937E+0	2.547000E+1	2.564000E+1	8.933835E-1	1.146853E+0	4.211005E+2	3.614500E-9	2.837187E-9	2.961450E-10	5.781941E-11	6.182087E-11	6.183087E-11	6.183562E-11	6.474420E-11	6.581932E-11	6.848548E-11	2.984932E-10	1.030073E-10	7.220555E-11	7.034778E-11	7.848165E-11	7.736855E-11	9.609294E-11	8.645137E-11	4.694367E-11	6.766034E-11	6.651790E-11	6.475828E-11	8.007399E-11	7.124403E-11	7.531728E-11	8.044322E-11	6.318011E-11	7.480079E-11	8.732534E-11	8.826108E-11	8.196471E-11	8.509815E-11	8.818608E-11	9.446320E-11
0:14:54	0	5.009125E+0	2.546800E+1	2.564000E+1	8.946882E-1	1.147867E+0	4.217943E+2	3.853300E-9	3.096435E-9	3.283074E-10	6.040445E-11	6.959650E-11	6.739972E-11	6.994502E-11	7.178474E-11	7.011521E-11	7.140262E-11	3.319619E-10	1.108436E-10	8.105707E-11	7.931496E-11	8.766637E-11	8.323736E-11	9.944991E-11	9.556518E-11	5.448242E-11	7.193978E-11	7.105340E-11	7.372359E-11	8.234517E-11	7.792164E-11	8.144684E-11	8.761857E-11	6.980052E-11	8.064156E-11	9.231331E-11	9.528874E-11	9.074216E-11	8.877328E-11	9.709251E-11	1.031998E-10
0:15:07	0	5.010569E+0	2.547500E+1	2.564500E+1	8.943209E-1	1.147879E+0	4.224880E+2	4.167000E-9	3.409109E-9	3.693622E-10	6.702580E-11	7.383158E-11	7.271581E-11	7.266948E-11	7.492744E-11	7.857933E-11	7.951932E-11	3.728466E-10	1.173522E-10	8.598889E-11	9.522860E-11	9.602812E-11	9.068421E-11	1.037579E-10	1.020204E-10	5.967693E-11	8.093983E-11	8.069119E-11	7.867584E-11	9.275673E-11	8.566925E-11	8.940778E-11	9.850829E-11	7.654735E-11	8.836614E-11	1.007741E-10	1.022534E-10	9.964521E-11	1.007490E-10	1.074416E-10	1.144691E-10
0:15:21	0	5.010645E+0	2.547600E+1	2.564500E+1	8.941689E-1	1.147613E+0	4.231818E+2	4.539600E-9	3.787135E-9	4.203167E-10	7.497004E-11	7.996268E-11	7.948755E-11	8.109493E-11	8.209301E-11	8.451658E-11	9.175846E-11	4.306567E-10	1.267688E-10	9.446111E-11	1.027433E-10	1.063528E-10	9.932953E-11	1.115488E-10	1.112601E-10	6.252722E-11	9.132496E-11	8.780916E-11	8.952051E-11	9.755211E-11	9.499204E-11	1.017926E-10	1.074464E-10	8.928351E-11	9.948255E-11	1.092359E-10	1.149794E-10	1.108859E-10	1.120914E-10	1.157203E-10	1.251697E-10
0:15:34	0	5.010721E+0	2.547500E+1	2.564500E+1	8.957903E-1	1.149058E+0	4.238756E+2	5.019900E-9	4.269304E-9	4.819297E-10	8.392360E-11	9.153033E-11	8.790478E-11	9.186578E-11	9.221373E-11	9.437078E-11	1.039976E-10	5.015237E-10	1.378904E-10	1.060316E-10	1.126575E-10	1.107237E-10	1.109406E-10	1.239016E-10	1.241076E-10	7.272723E-11	1.029064E-10	1.019815E-10	1.001781E-10	1.125070E-10	1.055748E-10	1.113964E-10	1.225523E-10	9.880452E-11	1.103481E-10	1.267885E-10	1.285919E-10	1.189048E-10	1.254616E-10	1.303349E-10	1.447328E-10
0:15:48	0	5.011253E+0	2.548100E+1	2.564900E+1	8.957523E-1	1.148918E+0	4.245694E+2	5.642700E-9	4.860074E-9	5.680741E-10	9.319270E-11	1.007599E-10	9.777765E-11	9.883498E-11	1.059167E-10	1.053618E-10	1.166802E-10	5.926755E-10	1.497083E-10	1.209538E-10	1.187197E-10	1.288391E-10	1.267170E-10	1.457554E-10	1.432843E-10	8.292624E-11	1.127252E-10	1.116819E-10	1.143461E-10	1.246220E-10	1.188663E-10	1.255497E-10	1.348898E-10	1.124873E-10	1.268026E-10	1.476893E-10	1.439776E-10	1.394911E-10	1.425698E-10	1.485865E-10	1.596112E-10
0:16:01	0	5.010265E+0	2.547300E+1	2.564500E+1	8.952203E-1	1.148437E+0	4.252632E+2	6.451800E-9	5.705093E-9	7.128678E-10	1.081355E-10	1.168151E-10	1.103081E-10	1.138506E-10	1.141510E-10	1.241857E-10	1.280944E-10	7.257266E-10	1.683510E-10	1.414386E-10	1.372223E-10	1.506295E-10	1.425571E-10	1.710921E-10	1.654984E-10	9.946089E-11	1.303477E-10	1.308948E-10	1.313346E-10	1.443723E-10	1.379525E-10	1.469698E-10	1.581161E-10	1.347455E-10	1.497265E-10	1.630320E-10	1.628456E-10	1.575504E-10	1.617687E-10	1.755563E-10	1.894951E-10
0:16:15	0	5.011709E+0	2.547600E+1	2.564600E+1	8.951823E-1	1.148741E+0	4.259569E+2	7.643700E-9	6.874460E-9	9.021837E-10	1.295106E-10	1.374856E-10	1.298001E-10	1.337440E-10	1.309342E-10	1.380196E-10	1.421085E-10	9.458727E-10	1.907847E-10	1.696381E-10	1.625458E-10	1.733698E-10	1.671053E-10	2.026378E-10	1.969521E-10	1.246754E-10	1.572862E-10	1.551455E-10	1.582285E-10	1.682874E-10	1.591806E-10	1.689584E-10	1.906590E-10	1.604079E-10	1.862792E-10	1.892996E-10	1.903876E-10	1.862823E-10	1.896493E-10	2.089245E-10	2.281166E-10
0:16:28	0	5.009657E+0	2.547600E+1	2.564400E+1	8.954356E-1	1.148943E+0	4.266507E+2	9.416000E-9	8.833648E-9	1.306736E-9	1.537863E-10	1.570185E-10	1.542924E-10	1.564249E-10	1.546954E-10	1.653067E-10	1.729906E-10	1.348195E-9	2.409615E-10	2.004298E-10	2.040341E-10	2.068148E-10	2.014983E-10	2.363374E-10	2.373299E-10	1.719981E-10	2.031062E-10	1.894754E-10	1.959058E-10	1.993955E-10	2.008184E-10	2.109766E-10	2.353487E-10	2.236507E-10	2.338848E-10	2.317312E-10	2.301497E-10	2.285905E-10	2.335608E-10	2.574707E-10	2.907329E-10
0:16:42	0	5.011709E+0	2.547900E+1	2.565200E+1	8.931301E-1	1.147284E+0	4.273445E+2	1.211800E-8	1.144264E-8	1.876639E-9	1.873937E-10	2.015188E-10	1.814423E-10	1.770164E-10	1.770723E-10	1.901945E-10	2.005111E-10	1.986003E-9	2.979630E-10	2.579038E-10	2.441975E-10	2.533714E-10	2.394250E-10	2.687060E-10	2.950490E-10	2.211590E-10	2.528280E-10	2.389859E-10	2.315760E-10	2.376340E-10	2.410074E-10	2.641795E-10	3.036442E-10	2.817861E-10	2.936122E-10	2.869168E-10	2.793443E-10	2.786025E-10	3.000932E-10	3.308540E-10	3.660118E-10
0:16:55	0	5.011253E+0	2.548000E+1	2.565000E+1	8.937762E-1	1.148006E+0	4.280383E+2	1.921100E-8	1.880648E-8	3.916424E-9	2.538512E-10	2.431122E-10	2.362477E-10	2.244056E-10	2.240907E-10	2.349173E-10	2.691878E-10	4.372431E-9	4.021076E-10	3.442720E-10	3.262908E-10	3.270392E-10	3.155951E-10	3.563111E-10	3.745387E-10	3.809939E-10	3.693299E-10	3.337868E-10	3.196546E-10	3.252159E-10	3.201263E-10	3.653397E-10	4.292809E-10	4.884762E-10	4.716642E-10	3.981095E-10	3.872331E-10	3.839946E-10	4.127548E-10	4.648268E-10	5.348664E-10
0:17:09	0	5.010417E+0	2.548400E+1	2.565200E+1	8.955243E-1	1.149362E+0	4.287321E+2	5.033300E-8	4.958856E-8	1.402064E-8	4.068810E-10	3.562621E-10	3.130777E-10	3.093031E-10	3.086992E-10	3.145068E-10	3.473127E-10	1.803436E-8	6.675888E-10	5.044896E-10	4.623767E-10	4.392198E-10	4.289964E-10	5.214493E-10	5.769969E-10	1.171109E-9	6.906986E-10	5.980953E-10	4.865347E-10	5.093417E-10	5.070237E-10	5.630477E-10	7.466468E-10	1.374883E-9	7.947946E-10	6.276936E-10	5.687568E-10	5.597948E-10	6.444150E-10	7.380399E-10	9.955303E-10
0:17:24	0	5.009885E+0	2.549900E+1	2.566300E+1	8.920533E-1	1.146017E+0	4.294258E+2	4.884500E-7	4.771154E-7	1.513301E-7	8.866516E-10	7.463420E-10	4.986962E-10	4.784622E-10	4.625135E-10	4.426084E-10	5.018495E-10	2.065041E-7	1.780574E-9	1.082322E-9	8.793493E-10	7.827925E-10	7.636494E-10	8.486217E-10	1.075833E-9	2.007081E-8	2.618351E-9	1.443493E-9	1.124717E-9	9.563406E-10	1.031936E-9	1.335872E-9	2.294199E-9	6.355684E-8	3.159523E-9	1.557332E-9	1.298396E-9	1.145922E-9	1.169388E-9	2.125559E-9	3.162287E-9
0:17:39	0	5.011405E+0	2.549800E+1	2.566800E+1	8.928514E-1	1.146587E+0	4.301196E+2	3.207700E-6	3.154450E-6	6.414289E-7	7.144547E-9	1.987062E-9	1.121498E-9	9.321531E-10	8.674493E-10	1.017110E-9	1.223489E-9	7.380068E-7	9.033349E-8	7.807229E-9	2.708903E-9	2.259192E-9	2.094753E-9	2.550111E-9	4.955203E-9	2.308066E-7	2.489311E-7	1.555825E-8	7.196163E-9	4.886514E-9	5.798364E-9	1.310188E-8	8.200723E-8	6.410702E-7	1.821178E-7	1.828283E-8	7.646343E-9	6.458835E-9	9.046661E-9	2.465334E-8	1.504496E-7
0:17:58	0	5.109302E+0	2.550500E+1	2.567500E+1	9.168822E-1	1.170935E+0	4.308134E+2	1.383700E-5	1.347179E-5	1.245000E-6	4.058878E-7	9.969117E-8	8.031745E-9	4.490151E-9	3.379471E-9	5.134569E-9	9.797556E-9	1.350865E-6	6.621659E-7	3.541729E-7	1.753041E-7	9.534903E-8	7.344676E-8	8.923787E-8	2.726218E-7	5.759637E-7	8.335002E-7	3.094809E-7	4.084075E-7	2.675216E-7	2.930545E-7	4.364028E-7	6.474724E-7	1.271010E-6	7.817413E-7	4.934594E-7	3.607783E-7	2.837416E-7	3.565853E-7	5.329708E-7	7.651229E-7
0:18:31	1	5.009885E+0	2.550800E+1	2.568100E+1	8.980199E-1	1.152009E+0	0.000000E+0	2.095100E-9	2.790585E-9	9.554051E-11	8.304069E-11	8.280769E-11	8.410728E-11	8.426348E-11	8.240758E-11	8.628559E-11	8.839785E-11	8.690487E-11	8.847279E-11	8.915000E-11	9.560743E-11	8.728638E-11	8.046086E-11	5.593338E-11	8.550222E-11	9.027497E-11	8.559784E-11	8.869120E-11	8.970855E-11	8.657275E-11	8.787391E-11	8.732303E-11	8.812237E-11	9.174315E-11	9.087854E-11	8.789351E-11	8.699468E-11	9.453027E-11	9.010369E-11	9.332894E-11	9.477904E-11
0:18:44	1	5.011557E+0	2.550500E+1	2.567700E+1	8.977158E-1	1.152250E+0	0.000000E+0	2.754300E-9	2.652665E-9	9.396454E-11	8.096032E-11	8.590517E-11	8.100615E-11	8.141199E-11	8.297320E-11	8.710727E-11	8.078769E-11	8.652461E-11	8.234235E-11	8.257425E-11	8.373525E-11	8.671640E-11	8.298432E-11	7.316220E-11	8.138791E-11	8.216617E-11	7.924077E-11	7.974651E-11	7.804839E-11	7.609843E-11	8.396877E-11	8.113063E-11	8.447159E-11	8.348331E-11	8.616804E-11	8.088504E-11	8.167620E-11	8.480579E-11	8.357768E-11	8.856234E-11	8.509194E-11
0:18:57	1	5.009353E+0	2.550700E+1	2.567800E+1	8.946122E-1	1.149286E+0	1.000000E+1	3.074600E-9	2.882126E-9	1.009016E-10	8.631951E-11	8.963432E-11	8.771495E-11	8.888827E-11	9.095645E-11	9.133933E-11	8.839785E-11	9.102466E-11	9.150558E-11	8.788536E-11	9.301846E-11	9.355719E-11	8.733886E-11	8.146010E-11	8.822378E-11	8.736168E-11	8.559784E-11	8.623402E-11	8.657430E-11	9.016978E-11	8.837808E-11	8.902874E-11	8.799617E-11	9.363441E-11	8.968480E-11	9.370284E-11	9.148954E-11	9.333103E-11	9.092794E-11	9.677863E-11	9.306991E-11
0:19:11	1	5.012242E+0	2.550600E+1	2.567700E+1	8.955496E-1	1.150147E+0	2.000000E+1	3.099500E-9	2.901526E-9	9.919818E-11	8.663505E-11	9.014025E-11	8.872702E-11	9.021850E-11	9.259081E-11	9.253895E-11	9.372457E-11	9.096162E-11	9.043114E-11	8.801212E-11	9.352389E-11	9.381119E-11	8.841180E-11	8.291709E-11	8.898309E-11	8.843779E-11	8.761187E-11	8.654925E-11	8.820427E-11	9.111611E-11	8.888226E-11	8.947062E-11	8.887756E-11	9.249965E-11	8.968480E-11	9.528077E-11	9.117369E-11	8.954193E-11	9.219533E-11	9.709251E-11	9.408239E-11
0:19:24	1	5.010189E+0	2.550500E+1	2.567600E+1	8.964871E-1	1.150970E+0	3.000000E+1	3.173400E-9	2.909379E-9	1.009016E-10	8.726514E-11	8.995065E-11	8.917061E-11	8.964840E-11	9.208770E-11	9.178109E-11	9.397784E-11	9.267278E-11	9.220093E-11	8.883459E-11	8.828215E-11	9.450816E-11	8.733886E-11	8.716204E-11	8.986930E-11	8.717166E-11	8.899695E-11	8.673818E-11	8.732644E-11	9.547019E-11	8.818914E-11	8.890206E-11	8.856256E-11	9.350799E-11	9.112938E-11	9.376564E-11	9.098378E-11	9.213080E-11	9.194125E-11	9.546173E-11	9.344971E-11
0:19:38	1	5.011101E+0	2.550000E+1	2.567300E+1	8.948022E-1	1.149083E+0	4.000000E+1	3.209900E-9	2.934724E-9	9.844156E-11	8.909367E-11	9.159419E-11	8.904372E-11	9.091562E-11	9.189916E-11	9.317116E-11	9.245621E-11	9.381355E-11	9.327538E-11	8.902424E-11	8.910360E-11	9.545814E-11	8.897966E-11	9.704293E-11	8.986930E-11	8.723467E-11	8.849319E-11	8.680083E-11	8.820427E-11	9.685780E-11	8.919650E-11	8.940778E-11	8.969536E-11	9.382354E-11	9.138121E-11	9.502858E-11	9.072990E-11	9.358324E-11	9.168818E-11	9.552411E-11	9.389249E-11
0:19:51	1	5.010493E+0	2.550000E+1	2.567500E+1	8.944729E-1	1.148918E+0	5.000000E+1	3.286800E-9	2.944389E-9	1.014063E-10	8.966105E-11	9.096153E-11	9.030955E-11	9.078860E-11	9.221373E-11	9.241330E-11	9.454845E-11	9.279986E-11	9.333823E-11	8.946641E-11	8.903980E-11	9.526814E-11	8.860109E-11	9.691693E-11	8.955258E-11	8.926187E-11	8.880816E-11	8.793446E-11	8.826760E-11	9.370306E-11	9.108691E-11	8.978683E-11	8.938136E-11	9.249965E-11	9.332748E-11	9.641811E-11	9.212324E-11	9.345664E-11	9.162516E-11	9.495972E-11	9.446320E-11
0:20:05	1	5.010493E+0	2.550100E+1	2.567300E+1	8.953090E-1	1.149830E+0	6.000000E+1	3.316200E-9	2.950241E-9	1.038026E-10	8.884184E-11	9.146746E-11	8.879096E-11	9.116866E-11	9.334498E-11	9.355010E-11	9.118784E-11	9.349734E-11	9.283343E-11	9.130000E-11	9.036569E-11	9.647111E-11	8.815976E-11	9.222899E-11	9.024896E-11	8.951490E-11	8.918573E-11	8.768287E-11	8.832995E-11	9.490240E-11	8.888226E-11	9.060876E-11	9.095435E-11	9.294061E-11	9.232311E-11	9.395503E-11	9.402234E-11	9.497288E-11	9.314562E-11	9.646475E-11	9.509588E-11
0:20:18	1	5.011405E+0	2.550300E+1	2.567400E+1	8.947262E-1	1.149273E+0	7.000000E+1	3.305800E-9	2.962729E-9	1.024775E-10	8.776980E-11	9.228873E-11	9.018267E-11	9.275293E-11	9.296789E-11	9.462407E-11	9.150519E-11	9.362342E-11	9.314868E-11	9.218535E-11	9.901785E-11	9.647111E-11	8.853833E-11	8.868202E-11	9.075550E-11	8.900885E-11	9.038104E-11	8.806075E-11	8.776585E-11	9.446012E-11	8.976333E-11	9.105064E-11	9.089175E-11	9.432820E-11	9.357931E-11	9.635432E-11	9.383243E-11	9.434086E-11	9.156114E-11	9.634000E-11	9.401943E-11
0:20:32	1	5.010493E+0	2.549500E+1	2.566700E+1	8.949796E-1	1.149209E+0	8.000000E+1	3.349600E-9	2.985247E-9	1.046220E-10	9.092221E-11	9.349020E-11	9.087903E-11	9.066158E-11	9.284187E-11	9.449742E-11	1.013968E-10	9.577888E-11	9.365448E-11	8.978282E-11	9.567023E-11	9.672510E-11	8.954751E-11	8.956901E-11	9.005913E-11	8.875482E-11	9.031844E-11	8.888014E-11	8.858034E-11	9.679505E-11	9.070903E-11	9.136685E-11	9.240214E-11	9.439091E-11	9.226065E-11	9.471259E-11	9.465604E-11	9.453027E-11	9.314562E-11	9.696676E-11	9.667908E-11
0:20:45	1	5.011937E+0	2.549300E+1	2.566300E+1	8.957650E-1	1.149792E+0	9.000000E+1	3.419800E-9	3.015639E-9	1.027931E-10	9.022842E-11	9.412187E-11	9.303104E-11	9.173876E-11	9.435119E-11	9.538193E-11	1.027923E-10	9.501837E-11	9.529757E-11	9.085782E-11	9.112433E-11	9.773807E-11	9.011536E-11	9.520595E-11	9.151482E-11	8.983193E-11	9.195490E-11	8.957225E-11	9.021030E-11	9.868770E-11	9.133850E-11	9.300971E-11	9.139554E-11	9.590492E-11	9.320255E-11	9.723848E-11	9.509883E-11	9.585611E-11	9.618656E-11	9.790741E-11	9.693195E-11
0:20:59	1	5.008669E+0	2.549300E+1	2.566200E+1	8.954230E-1	1.149387E+0	1.000000E+2	3.448000E-9	3.060725E-9	1.053786E-10	9.306629E-11	9.488127E-11	9.404310E-11	9.459025E-11	9.604807E-11	9.519246E-11	1.001294E-10	9.710978E-11	9.618247E-11	9.300682E-11	9.068171E-11	9.843505E-11	9.238777E-11	1.017939E-10	9.588090E-11	9.211216E-11	9.233247E-11	9.032899E-11	9.146420E-11	1.008961E-10	9.278739E-11	9.383064E-11	9.334613E-11	9.672413E-11	9.602825E-11	9.723848E-11	9.668208E-11	9.636152E-11	9.587046E-11	9.809554E-11	9.781850E-11
0:21:13	1	5.011709E+0	2.548800E+1	2.565800E+1	8.954103E-1	1.149615E+0	1.200000E+2	3.700600E-9	3.213931E-9	1.097302E-10	9.874103E-11	1.003168E-10	9.834713E-11	9.927806E-11	1.011397E-10	1.019514E-10	1.038074E-10	1.012306E-10	1.014909E-10	9.825505E-11	9.649168E-11	1.041359E-10	9.434438E-11	1.061018E-10	9.853951E-11	9.692763E-11	9.799700E-11	9.561924E-11	9.666782E-11	1.031045E-10	9.770088E-11	9.863254E-11	9.857089E-11	1.021471E-10	1.010530E-10	1.019743E-10	1.008601E-10	1.022341E-10	9.979867E-11	1.047444E-10	1.019974E-10
0:21:26	1	5.011329E+0	2.548400E+1	2.565700E+1	8.945996E-1	1.148753E+0	1.400000E+2	4.010700E-9	3.497194E-9	1.183696E-10	1.068117E-10	1.087241E-10	1.086626E-10	1.078945E-10	1.094365E-10	1.113628E-10	1.072941E-10	1.103578E-10	1.110332E-10	1.091937E-10	1.093109E-10	1.127506E-10	1.058927E-10	1.131958E-10	1.075264E-10	1.056065E-10	1.057382E-10	1.052570E-10	1.040645E-10	1.091630E-10	1.061416E-10	1.081107E-10	1.076978E-10	1.095240E-10	1.082759E-10	1.118246E-10	1.107374E-10	1.106965E-10	1.100008E-10	1.135885E-10	1.129498E-10
0:21:40	1	5.010569E+0	2.549100E+1	2.566100E+1	8.971458E-1	1.151908E+0	1.600000E+2	4.560900E-9	4.010531E-9	1.342617E-10	1.237105E-10	1.244011E-10	1.234080E-10	1.246844E-10	1.251519E-10	1.274704E-10	1.249230E-10	1.275364E-10	1.247466E-10	1.238624E-10	1.246563E-10	1.292191E-10	1.215426E-10	1.287786E-10	1.231584E-10	1.211270E-10	1.214102E-10	1.218239E-10	1.197377E-10	1.244955E-10	1.229604E-10	1.243498E-10	1.226159E-10	1.273686E-10	1.255464E-10	1.286196E-10	1.278962E-10	1.272406E-10	1.252075E-10	1.288923E-10	1.297284E-10
0:21:54	1	5.009429E+0	2.549100E+1	2.566200E+1	8.972471E-1	1.151198E+0	1.800000E+2	5.366800E-9	4.801036E-9	1.591087E-10	1.486789E-10	1.501908E-10	1.480272E-10	1.486325E-10	1.510496E-10	1.524210E-10	1.525076E-10	1.530177E-10	1.509723E-10	1.485205E-10	1.512418E-10	1.536704E-10	1.462801E-10	1.486054E-10	1.473347E-10	1.453274E-10	1.440057E-10	1.444377E-10	1.443743E-10	1.535845E-10	1.477794E-10	1.464641E-10	1.477301E-10	1.513289E-10	1.496006E-10	1.523613E-10	1.523986E-10	1.506043E-10	1.506803E-10	1.550462E-10	1.550535E-10
0:22:08	1	5.009505E+0	2.548500E+1	2.565900E+1	8.973105E-1	1.151097E+0	2.000000E+2	6.526800E-9	5.934550E-9	1.931000E-10	1.823491E-10	1.831874E-10	1.830878E-10	1.833515E-10	1.852441E-10	1.876048E-10	1.912532E-10	1.878182E-10	1.861717E-10	1.822207E-10	1.789010E-10	1.884453E-10	1.806103E-10	1.920599E-10	1.835352E-10	1.790938E-10	1.810144E-10	1.824211E-10	1.791677E-10	1.917602E-10	1.836854E-10	1.821013E-10	1.829163E-10	1.866387E-10	1.850855E-10	1.871525E-10	1.857658E-10	1.871037E-10	1.871145E-10	1.918641E-10	1.927245E-10
0:22:21	1	5.012014E+0	2.548800E+1	2.565800E+1	8.957650E-1	1.149767E+0	2.200000E+2	8.117100E-9	7.499638E-9	2.419738E-10	2.311522E-10	2.295219E-10	2.316280E-10	2.333391E-10	2.340853E-10	2.361797E-10	2.435693E-10	2.373238E-10	2.372333E-10	2.331818E-10	2.272730E-10	2.373459E-10	2.296439E-10	2.433683E-10	2.301783E-10	2.245163E-10	2.277783E-10	2.273961E-10	2.255579E-10	2.396532E-10	2.324413E-10	2.313233E-10	2.310063E-10	2.372708E-10	2.336964E-10	2.371608E-10	2.360379E-10	2.374317E-10	2.347651E-10	2.434838E-10	2.431210E-10
0:22:35	1	5.011481E+0	2.548800E+1	2.565800E+1	8.946249E-1	1.148943E+0	2.400000E+2	1.021400E-8	9.689636E-9	3.098936E-10	2.984299E-10	2.990545E-10	2.978258E-10	3.007497E-10	3.029159E-10	3.058532E-10	3.040012E-10	3.071771E-10	3.056727E-10	3.011513E-10	2.998309E-10	3.058198E-10	2.995656E-10	3.090566E-10	2.992253E-10	2.973706E-10	2.945573E-10	2.940403E-10	2.921965E-10	3.061599E-10	2.997166E-10	2.979834E-10	2.998046E-10	3.049272E-10	3.043519E-10	3.068697E-10	3.053670E-10	3.056924E-10	3.061761E-10	3.144838E-10	3.137153E-10
0:22:49	1	5.009125E+0	2.548700E+1	2.565900E+1	8.960310E-1	1.150616E+0	2.600000E+2	1.316500E-8	1.273471E-8	4.039836E-10	3.930092E-10	3.923561E-10	3.930718E-10	3.953399E-10	3.980213E-10	4.033821E-10	3.975356E-10	4.042238E-10	3.992643E-10	3.959278E-10	3.942391E-10	4.014040E-10	3.951713E-10	4.079365E-10	3.935246E-10	3.883426E-10	3.862599E-10	3.870144E-10	3.845386E-10	4.009358E-10	3.946460E-10	3.944683E-10	3.956688E-10	4.005166E-10	3.993133E-10	4.012035E-10	4.010355E-10	4.021806E-10	4.022996E-10	4.142735E-10	4.136227E-10
0:23:03	1	5.011861E+0	2.548600E+1	2.565600E+1	8.959170E-1	1.150692E+0	2.800000E+2	1.752800E-8	1.709400E-8	5.395704E-10	5.263033E-10	5.261754E-10	5.260999E-10	5.316183E-10	5.331670E-10	5.408961E-10	5.395169E-10	5.431069E-10	5.379768E-10	5.307917E-10	5.303249E-10	5.367679E-10	5.305983E-10	5.396921E-10	5.280118E-10	5.229640E-10	5.216431E-10	5.214364E-10	5.170647E-10	5.359065E-10	5.305191E-10	5.277267E-10	5.311876E-10	5.393602E-10	5.363529E-10	5.389797E-10	5.396317E-10	5.392094E-10	5.390406E-10	5.552704E-10	5.570891E-10
0:23:16	1	5.012089E+0	2.548600E+1	2.565700E+1	8.980199E-1	1.151997E+0	3.000000E+2	2.408100E-8	2.352764E-8	7.399857E-10	7.253620E-10	7.243443E-10	7.230469E-10	7.289082E-10	7.334974E-10	7.426500E-10	7.466231E-10	7.490534E-10	7.411470E-10	7.305258E-10	7.289289E-10	7.373119E-10	7.300135E-10	7.418868E-10	7.245214E-10	7.222668E-10	7.171334E-10	7.177782E-10	7.127201E-10	7.381411E-10	7.308970E-10	7.254985E-10	7.312885E-10	7.447254E-10	7.412847E-10	7.421697E-10	7.420495E-10	7.400151E-10	7.420600E-10	7.638810E-10	7.679214E-10
0:23:30	1	5.010949E+0	2.548700E+1	2.565900E+1	8.962337E-1	1.150071E+0	3.200000E+2	3.388800E-8	3.331216E-8	1.046852E-9	1.025999E-9	1.027255E-9	1.023151E-9	1.030924E-9	1.034464E-9	1.049829E-9	1.054049E-9	1.063203E-9	1.051118E-9	1.034775E-9	1.025160E-9	1.041358E-9	1.034691E-9	1.045748E-9	1.025899E-9	1.026162E-9	1.017040E-9	1.017739E-9	1.011060E-9	1.047709E-9	1.033952E-9	1.029610E-9	1.036002E-9	1.059047E-9	1.053676E-9	1.049861E-9	1.048809E-9	1.046908E-9	1.050327E-9	1.082065E-9	1.087715E-9
0:23:44	1	5.009885E+0	2.549100E+1	2.566200E+1	8.962970E-1	1.150248E+0	3.400000E+2	4.951100E-8	4.888906E-8	1.535529E-9	1.507283E-9	1.505831E-9	1.498748E-9	1.507550E-9	1.515836E-9	1.536592E-9	1.538016E-9	1.568531E-9	1.545237E-9	1.521751E-9	1.509829E-9	1.524285E-9	1.518086E-9	1.529825E-9	1.501951E-9	1.516057E-9	1.493682E-9	1.494766E-9	1.482425E-9	1.536417E-9	1.515905E-9	1.510833E-9	1.518723E-9	1.560386E-9	1.550211E-9	1.540537E-9	1.536270E-9	1.537936E-9	1.540576E-9	1.589479E-9	1.599978E-9
0:23:58	1	5.010645E+0	2.549500E+1	2.566600E+1	8.951316E-1	1.149780E+0	3.600000E+2	7.571500E-8	7.504689E-8	2.358003E-9	2.312472E-9	2.308180E-9	2.293754E-9	2.307101E-9	2.315589E-9	2.351191E-9	2.346913E-9	2.418563E-9	2.375807E-9	2.335549E-9	2.324074E-9	2.335963E-9	2.327552E-9	2.330180E-9	2.301155E-9	2.342411E-9	2.303591E-9	2.298718E-9	2.275075E-9	2.350153E-9	2.328315E-9	2.322140E-9	2.337002E-9	2.410791E-9	2.387778E-9	2.366561E-9	2.356072E-9	2.361181E-9	2.364315E-9	2.442113E-9	2.458629E-9
0:24:11	1	5.010569E+0	2.549700E+1	2.566500E+1	8.950683E-1	1.149374E+0	3.620000E+2	7.919500E-8	7.865724E-8	2.472148E-9	2.426472E-9	2.420002E-9	2.403872E-9	2.416960E-9	2.427225E-9	2.464323E-9	2.466066E-9	2.537542E-9	2.489304E-9	2.444425E-9	2.427448E-9	2.449221E-9	2.438430E-9	2.445656E-9	2.413364E-9	2.455746E-9	2.414301E-9	2.407377E-9	2.386099E-9	2.468591E-9	2.435150E-9	2.430440E-9	2.448917E-9	2.526243E-9	2.499256E-9	2.481101E-9	2.468455E-9	2.473204E-9	2.480082E-9	2.562412E-9	2.577404E-9
0:24:25	1	5.011025E+0	2.550000E+1	2.566900E+1	8.962970E-1	1.150375E+0	3.640000E+2	8.282600E-8	8.240335E-8	2.592031E-9	2.540031E-9	2.533657E-9	2.517471E-9	2.531507E-9	2.541880E-9	2.579412E-9	2.577165E-9	2.656711E-9	2.608174E-9	2.564431E-9	2.549073E-9	2.562414E-9	2.553220E-9	2.559296E-9	2.528485E-9	2.576050E-9	2.529669E-9	2.523657E-9	2.500821E-9	2.581603E-9	2.554583E-9	2.547839E-9	2.566057E-9	2.646927E-9	2.623986E-9	2.599302E-9	2.586474E-9	2.591792E-9	2.596355E-9	2.680830E-9	2.702447E-9
0:24:38	1	5.012849E+0	2.549700E+1	2.566700E+1	8.956510E-1	1.149906E+0	3.660000E+2	8.708100E-8	8.652286E-8	2.720239E-9	2.667398E-9	2.660966E-9	2.642398E-9	2.656254E-9	2.667723E-9	2.709662E-9	2.704879E-9	2.791854E-9	2.741768E-9	2.693224E-9	2.672593E-9	2.689987E-9	2.680632E-9	2.685097E-9	2.656264E-9	2.705730E-9	2.656682E-9	2.650079E-9	2.624634E-9	2.705973E-9	2.682835E-9	2.676485E-9	2.696603E-9	2.784510E-9	2.752987E-9	2.730574E-9	2.714876E-9	2.721370E-9	2.726569E-9	2.817248E-9	2.834770E-9
0:24:52	1	5.009809E+0	2.549700E+1	2.566900E+1	8.957650E-1	1.149919E+0	3.680000E+2	9.112000E-8	9.087466E-8	2.859609E-9	2.800503E-9	2.793963E-9	2.775236E-9	2.789935E-9	2.798972E-9	2.841302E-9	2.844007E-9	2.936821E-9	2.877573E-9	2.825748E-9	2.810068E-9	2.824527E-9	2.818267E-9	2.808618E-9	2.786130E-9	2.843645E-9	2.792065E-9	2.783116E-9	2.756721E-9	2.843151E-9	2.817827E-9	2.810754E-9	2.830360E-9	2.926507E-9	2.894612E-9	2.869928E-9	2.851383E-9	2.858840E-9	2.866161E-9	2.958433E-9	2.979883E-9
0:25:05	1	5.011481E+0	2.549600E+1	2.566700E+1	8.973738E-1	1.151110E+0	3.700000E+2	9.595000E-8	9.562344E-8	3.010015E-9	2.946282E-9	2.938022E-9	2.918137E-9	2.933689E-9	2.943735E-9	2.990817E-9	2.990238E-9	3.088952E-9	3.030504E-9	2.975154E-9	2.956763E-9	2.971167E-9	2.960446E-9	2.958237E-9	2.931187E-9	2.992900E-9	2.938777E-9	2.930639E-9	2.905358E-9	2.993077E-9	2.965481E-9	2.955449E-9	2.979664E-9	3.080861E-9	3.043962E-9	3.018880E-9	2.999603E-9	3.009192E-9	3.015764E-9	3.115174E-9	3.135316E-9
0:25:19	1	5.010189E+0	2.549200E+1	2.566500E+1	8.966771E-1	1.150565E+0	3.720000E+2	1.009900E-7	1.005686E-7	3.163133E-9	3.101645E-9	3.093460E-9	3.069011E-9	3.082132E-9	3.095539E-9	3.143302E-9	3.146360E-9	3.250401E-9	3.186848E-9	3.127975E-9	3.101943E-9	3.125470E-9	3.114867E-9	3.118942E-9	3.082128E-9	3.148111E-9	3.093734E-9	3.080368E-9	3.051300E-9	3.150005E-9	3.118615E-9	3.108864E-9	3.132178E-9	3.245368E-9	3.202230E-9	3.174336E-9	3.155294E-9	3.163332E-9	3.169866E-9	3.273984E-9	3.297840E-9
0:25:32	1	5.010873E+0	2.548900E+1	2.566300E+1	8.962084E-1	1.150071E+0	3.740000E+2	1.066700E-7	1.061034E-7	3.341539E-9	3.269870E-9	3.259897E-9	3.236214E-9	3.250531E-9	3.265320E-9	3.317768E-9	3.310916E-9	3.432261E-9	3.361770E-9	3.304062E-9	3.271245E-9	3.293772E-9	3.286263E-9	3.289274E-9	3.254841E-9	3.329358E-9	3.264426E-9	3.251262E-9	3.218995E-9	3.322079E-9	3.289764E-9	3.281677E-9	3.306345E-9	3.421224E-9	3.383045E-9	3.349807E-9	3.326687E-9	3.335660E-9	3.343610E-9	3.452676E-9	3.481194E-9
0:25:46	1	5.009505E+0	2.549300E+1	2.566400E+1	8.980325E-1	1.151794E+0	3.760000E+2	1.124800E-7	1.118442E-7	3.521900E-9	3.445283E-9	3.437838E-9	3.408100E-9	3.423302E-9	3.438998E-9	3.491286E-9	3.484857E-9	3.622361E-9	3.546805E-9	3.478821E-9	3.449451E-9	3.475377E-9	3.460310E-9	3.464041E-9	3.427681E-9	3.511366E-9	3.443364E-9	3.427761E-9	3.393774E-9	3.499957E-9	3.467276E-9	3.460808E-9	3.488506E-9	3.612465E-9	3.565556E-9	3.537086E-9	3.505045E-9	3.516133E-9	3.526607E-9	3.643411E-9	3.668664E-9
0:25:59	1	5.011253E+0	2.549000E+1	2.566200E+1	8.971711E-1	1.151135E+0	3.780000E+2	1.186900E-7	1.183215E-7	3.725532E-9	3.647494E-9	3.636071E-9	3.605491E-9	3.619199E-9	3.637003E-9	3.693862E-9	3.683658E-9	3.833949E-9	3.751303E-9	3.680390E-9	3.652223E-9	3.673323E-9	3.661872E-9	3.658317E-9	3.627292E-9	3.715863E-9	3.640616E-9	3.628575E-9	3.591122E-9	3.700110E-9	3.670992E-9	3.660917E-9	3.691691E-9	3.825146E-9	3.775638E-9	3.736867E-9	3.709298E-9	3.721486E-9	3.728993E-9	3.855283E-9	3.881901E-9
0:26:13	1	5.011405E+0	2.548800E+1	2.565900E+1	8.968798E-1	1.150844E+0	3.800000E+2	1.253400E-7	1.253293E-7	3.952181E-9	3.861686E-9	3.850169E-9	3.816424E-9	3.829920E-9	3.846448E-9	3.907681E-9	3.905095E-9	4.062589E-9	3.972801E-9	3.900041E-9	3.874506E-9	3.889322E-9	3.877190E-9	3.873053E-9	3.843167E-9	3.938606E-9	3.858639E-9	3.842806E-9	3.805959E-9	3.919445E-9	3.885102E-9	3.877265E-9	3.908346E-9	4.052012E-9	4.000667E-9	3.956916E-9	3.925898E-9	3.940099E-9	3.953112E-9	4.085532E-9	4.116601E-9
0:26:26	1	5.011786E+0	2.548800E+1	2.565900E+1	8.984886E-1	1.152275E+0	3.820000E+2	1.333000E-7	1.327210E-7	4.183941E-9	4.089307E-9	4.077921E-9	4.040458E-9	4.055530E-9	4.070351E-9	4.134196E-9	4.138200E-9	4.308663E-9	4.210793E-9	4.130188E-9	4.093507E-9	4.114127E-9	4.101597E-9	4.105844E-9	4.063283E-9	4.175603E-9	4.089817E-9	4.073415E-9	4.030576E-9	4.153986E-9	4.113827E-9	4.102902E-9	4.138722E-9	4.296977E-9	4.238951E-9	4.192564E-9	4.159339E-9	4.172100E-9	4.181541E-9	4.325569E-9	4.357192E-9
0:26:40	1	5.012165E+0	2.548900E+1	2.566000E+1	8.982479E-1	1.152047E+0	3.840000E+2	1.412800E-7	1.410923E-7	4.449942E-9	4.347890E-9	4.331908E-9	4.294364E-9	4.306610E-9	4.328953E-9	4.395014E-9	4.390649E-9	4.580406E-9	4.480382E-9	4.388346E-9	4.347810E-9	4.373582E-9	4.356927E-9	4.363276E-9	4.320234E-9	4.440729E-9	4.348311E-9	4.325127E-9	4.284409E-9	4.415411E-9	4.378648E-9	4.363102E-9	4.404287E-9	4.570188E-9	4.506813E-9	4.457192E-9	4.422035E-9	4.435676E-9	4.449320E-9	4.599534E-9	4.635199E-9
0:26:53	1	5.009353E+0	2.548700E+1	2.566000E+1	8.969431E-1	1.151312E+0	3.860000E+2	1.505400E-7	1.499627E-7	4.730574E-9	4.623746E-9	4.602518E-9	4.558458E-9	4.575239E-9	4.591388E-9	4.665430E-9	4.664466E-9	4.871799E-9	4.758060E-9	4.662119E-9	4.619730E-9	4.644943E-9	4.630366E-9	4.636733E-9	4.590411E-9	4.728534E-9	4.625623E-9	4.598884E-9	4.553725E-9	4.691030E-9	4.653482E-9	4.640488E-9	4.679857E-9	4.865720E-9	4.796406E-9	4.738488E-9	4.699417E-9	4.714532E-9	4.729897E-9	4.889808E-9	4.930869E-9
0:27:07	1	5.009961E+0	2.549100E+1	2.566100E+1	8.975005E-1	1.151768E+0	3.880000E+2	1.605300E-7	1.600470E-7	5.052575E-9	4.938003E-9	4.912951E-9	4.861474E-9	4.880423E-9	4.894681E-9	4.972357E-9	4.973033E-9	5.204903E-9	5.079089E-9	4.979267E-9	4.933643E-9	4.959060E-9	4.941985E-9	4.943066E-9	4.896662E-9	5.051625E-9	4.940384E-9	4.912389E-9	4.857331E-9	5.006214E-9	4.960065E-9	4.953382E-9	4.995272E-9	5.200975E-9	5.121609E-9	5.054767E-9	5.017511E-9	5.029129E-9	5.045261E-9	5.215269E-9	5.262693E-9
0:27:20	1	5.010113E+0	2.549700E+1	2.566700E+1	8.981339E-1	1.152364E+0	3.900000E+2	1.711700E-7	1.708240E-7	5.399614E-9	5.262222E-9	5.240452E-9	5.187145E-9	5.203474E-9	5.222238E-9	5.307079E-9	5.296187E-9	5.560382E-9	5.425271E-9	5.316521E-9	5.268460E-9	5.287558E-9	5.268435E-9	5.267198E-9	5.227215E-9	5.402781E-9	5.279063E-9	5.242460E-9	5.184885E-9	5.337173E-9	5.289515E-9	5.283718E-9	5.334731E-9	5.558427E-9	5.471559E-9	5.403248E-9	5.354093E-9	5.368227E-9	5.381411E-9	5.570898E-9	5.622373E-9
0:27:34	1	5.011633E+0	2.549800E+1	2.566900E+1	8.952329E-1	1.150020E+0	3.920000E+2	1.839500E-7	1.832448E-7	5.794516E-9	5.651008E-9	5.619533E-9	5.557941E-9	5.574233E-9	5.594236E-9	5.680078E-9	5.683640E-9	5.974241E-9	5.819606E-9	5.697591E-9	5.645144E-9	5.668313E-9	5.647641E-9	5.644223E-9	5.604033E-9	5.800500E-9	5.662365E-9	5.629789E-9	5.566102E-9	5.726436E-9	5.681137E-9	5.671236E-9	5.728260E-9	5.970293E-9	5.874954E-9	5.798201E-9	5.741073E-9	5.756705E-9	5.774205E-9	5.973003E-9	6.034540E-9
0:27:47	1	5.010189E+0	2.549800E+1	2.566800E+1	8.965884E-1	1.151084E+0	3.940000E+2	1.971200E-7	1.966474E-7	6.221834E-9	6.059213E-9	6.024531E-9	5.956772E-9	5.974007E-9	5.991377E-9	6.092113E-9	6.098042E-9	6.417324E-9	6.252046E-9	6.111413E-9	6.057885E-9	6.087326E-9	6.061871E-9	6.056783E-9	6.012367E-9	6.233949E-9	6.079780E-9	6.038913E-9	5.973147E-9	6.142453E-9	6.091971E-9	6.087251E-9	6.151058E-9	6.411417E-9	6.303096E-9	6.222199E-9	6.164965E-9	6.180861E-9	6.193741E-9	6.421210E-9	6.476528E-9
0:28:01	1	5.006237E+0	2.549600E+1	2.566900E+1	8.951443E-1	1.149311E+0	3.960000E+2	2.127900E-7	2.122320E-7	6.716315E-9	6.548255E-9	6.504627E-9	6.426295E-9	6.440054E-9	6.458481E-9	6.569150E-9	6.577763E-9	6.932096E-9	6.738963E-9	6.597188E-9	6.531063E-9	6.556762E-9	6.532583E-9	6.539974E-9	6.486586E-9	6.742533E-9	6.566305E-9	6.516635E-9	6.448713E-9	6.635074E-9	6.569327E-9	6.567401E-9	6.639382E-9	6.939365E-9	6.811438E-9	6.718181E-9	6.645716E-9	6.666713E-9	6.691153E-9	6.920659E-9	6.997276E-9
0:28:14	1	5.011861E+0	2.549800E+1	2.567000E+1	8.950556E-1	1.149032E+0	3.980000E+2	2.293700E-7	2.292457E-7	7.264777E-9	7.070523E-9	7.020308E-9	6.928536E-9	6.943226E-9	6.970590E-9	7.085348E-9	7.084369E-9	7.500304E-9	7.289263E-9	7.123744E-9	7.046294E-9	7.078582E-9	7.052831E-9	7.057876E-9	7.003839E-9	7.292675E-9	7.099467E-9	7.044434E-9	6.961389E-9	7.158802E-9	7.104130E-9	7.100309E-9	7.175795E-9	7.512458E-9	7.368139E-9	7.252929E-9	7.179713E-9	7.197650E-9	7.227279E-9	7.486090E-9	7.564053E-9
0:28:28	1	5.009581E+0	2.549800E+1	2.566900E+1	8.957017E-1	1.149932E+0	4.000000E+2	2.495000E-7	2.493098E-7	7.908150E-9	7.686425E-9	7.631440E-9	7.532478E-9	7.537756E-9	7.560015E-9	7.694148E-9	7.694401E-9	8.170313E-9	7.932775E-9	7.752538E-9	7.661744E-9	7.689208E-9	7.665530E-9	7.663510E-9	7.607923E-9	7.956151E-9	7.730498E-9	7.667537E-9	7.574746E-9	7.787655E-9	7.722712E-9	7.719149E-9	7.804294E-9	8.179502E-9	8.013836E-9	7.893630E-9	7.809821E-9	7.828232E-9	7.858451E-9	8.143220E-9	8.232003E-9
0:28:41	1	5.011025E+0	2.549800E+1	2.567200E+1	8.950176E-1	1.149235E+0	4.020000E+2	2.718400E-7	2.714694E-7	8.628525E-9	8.378183E-9	8.302371E-9	8.187302E-9	8.185251E-9	8.213746E-9	8.358030E-9	8.367592E-9	8.918355E-9	8.639358E-9	8.438618E-9	8.343122E-9	8.365647E-9	8.330545E-9	8.327229E-9	8.284788E-9	8.676836E-9	8.428124E-9	8.352248E-9	8.246154E-9	8.478095E-9	8.398999E-9	8.404970E-9	8.508519E-9	8.931166E-9	8.739611E-9	8.597792E-9	8.501729E-9	8.528468E-9	8.561607E-9	8.869533E-9	8.976881E-9
0:28:55	1	5.009505E+0	2.549800E+1	2.567100E+1	8.947642E-1	1.148969E+0	4.040000E+2	2.985200E-7	2.982740E-7	9.485619E-9	9.197179E-9	9.109019E-9	8.975411E-9	8.977074E-9	9.000802E-9	9.169724E-9	9.176110E-9	9.823787E-9	9.503356E-9	9.267462E-9	9.160398E-9	9.177581E-9	9.142726E-9	9.136328E-9	9.101334E-9	9.571228E-9	9.272081E-9	9.174526E-9	9.057988E-9	9.305018E-9	9.235470E-9	9.248120E-9	9.363745E-9	9.840461E-9	9.617057E-9	9.455069E-9	9.338686E-9	9.371476E-9	9.394405E-9	9.746877E-9	9.877886E-9
0:29:08	1	5.013382E+0	2.549900E+1	2.567100E+1	8.952329E-1	1.149526E+0	4.060000E+2	3.293800E-7	3.294674E-7	1.050397E-8	1.015722E-8	1.004462E-8	9.881861E-9	9.897570E-9	9.911624E-9	1.009379E-8	1.010999E-8	1.088148E-8	1.050733E-8	1.024774E-8	1.011654E-8	1.012437E-8	1.009222E-8	1.007997E-8	1.004654E-8	1.060645E-8	1.024934E-8	1.014616E-8	1.000943E-8	1.027619E-8	1.019988E-8	1.021063E-8	1.034360E-8	1.090342E-8	1.064304E-8	1.044394E-8	1.031089E-8	1.034015E-8	1.038701E-8	1.077588E-8	1.092458E-8
0:29:22	1	5.010341E+0	2.549900E+1	2.567000E+1	8.954230E-1	1.149476E+0	4.080000E+2	3.656700E-7	3.653917E-7	1.165803E-8	1.127226E-8	1.112573E-8	1.093995E-8	1.094459E-8	1.096199E-8	1.115695E-8	1.119328E-8	1.209859E-8	1.166563E-8	1.134056E-8	1.118496E-8	1.121678E-8	1.116150E-8	1.117152E-8	1.113813E-8	1.181709E-8	1.140095E-8	1.126090E-8	1.109102E-8	1.139179E-8	1.130917E-8	1.132978E-8	1.149259E-8	1.213221E-8	1.182879E-8	1.158744E-8	1.144169E-8	1.146889E-8	1.151825E-8	1.195617E-8	1.213455E-8
0:29:35	1	5.010037E+0	2.549500E+1	2.566500E+1	8.953850E-1	1.149488E+0	4.100000E+2	4.106400E-7	4.103280E-7	1.312583E-8	1.265842E-8	1.248188E-8	1.225238E-8	1.224224E-8	1.226864E-8	1.248465E-8	1.251537E-8	1.364437E-8	1.310312E-8	1.274698E-8	1.255315E-8	1.256795E-8	1.251103E-8	1.251485E-8	1.248282E-8	1.331814E-8	1.283912E-8	1.265564E-8	1.246029E-8	1.279337E-8	1.269513E-8	1.271228E-8	1.293043E-8	1.370174E-8	1.330992E-8	1.302089E-8	1.283550E-8	1.287479E-8	1.293458E-8	1.344360E-8	1.364887E-8
0:29:49	1	5.011633E+0	2.549400E+1	2.566300E+1	8.961704E-1	1.149919E+0	4.106938E+2	4.280100E-7	4.278794E-7	1.370173E-8	1.319254E-8	1.299756E-8	1.275817E-8	1.273800E-8	1.276711E-8	1.299807E-8	1.303847E-8	1.424902E-8	1.368041E-8	1.328960E-8	1.307589E-8	1.309009E-8	1.303709E-8	1.305138E-8	1.300627E-8	1.393151E-8	1.338815E-8	1.321248E-8	1.300174E-8	1.332965E-8	1.325557E-8	1.326004E-8	1.348887E-8	1.431551E-8	1.390431E-8	1.359643E-8	1.337184E-8	1.341381E-8	1.348154E-8	1.402108E-8	1.423546E-8
0:30:02	1	5.011177E+0	2.548900E+1	2.566100E+1	8.955243E-1	1.149577E+0	4.113876E+2	4.469500E-7	4.470786E-7	1.432927E-8	1.378499E-8	1.358139E-8	1.331623E-8	1.328799E-8	1.331750E-8	1.355647E-8	1.360075E-8	1.491891E-8	1.429144E-8	1.388109E-8	1.365952E-8	1.368051E-8	1.361842E-8	1.361800E-8	1.360605E-8	1.458339E-8	1.401100E-8	1.380302E-8	1.357561E-8	1.393156E-8	1.382552E-8	1.386681E-8	1.410466E-8	1.498627E-8	1.453506E-8	1.419539E-8	1.397359E-8	1.400986E-8	1.408090E-8	1.465858E-8	1.488885E-8
0:30:16	1	5.011709E+0	2.549000E+1	2.566100E+1	8.968164E-1	1.150932E+0	4.120813E+2	4.677600E-7	4.675767E-7	1.501300E-8	1.442227E-8	1.419486E-8	1.389423E-8	1.388449E-8	1.389473E-8	1.414847E-8	1.419842E-8	1.561567E-8	1.495397E-8	1.451956E-8	1.428191E-8	1.429000E-8	1.421055E-8	1.421850E-8	1.421109E-8	1.527664E-8	1.466784E-8	1.443790E-8	1.420269E-8	1.455367E-8	1.446911E-8	1.450903E-8	1.476180E-8	1.570956E-8	1.523024E-8	1.485447E-8	1.463814E-8	1.465768E-8	1.474414E-8	1.533766E-8	1.557440E-8
0:30:29	1	5.010037E+0	2.549400E+1	2.566500E+1	8.969431E-1	1.150844E+0	4.127751E+2	4.896800E-7	4.898353E-7	1.576163E-8	1.510564E-8	1.484853E-8	1.454063E-8	1.451342E-8	1.453910E-8	1.480129E-8	1.486020E-8	1.640073E-8	1.568299E-8	1.519249E-8	1.493519E-8	1.494864E-8	1.487310E-8	1.487823E-8	1.487846E-8	1.604167E-8	1.538447E-8	1.513767E-8	1.489560E-8	1.525969E-8	1.514672E-8	1.519466E-8	1.546426E-8	1.648941E-8	1.596324E-8	1.556317E-8	1.532226E-8	1.535690E-8	1.544412E-8	1.606191E-8	1.634929E-8
0:30:43	1	5.011937E+0	2.549500E+1	2.566700E+1	8.965884E-1	1.150552E+0	4.134689E+2	5.137800E-7	5.142506E-7	1.655100E-8	1.586518E-8	1.558824E-8	1.524754E-8	1.521503E-8	1.521784E-8	1.549910E-8	1.558418E-8	1.723339E-8	1.647880E-8	1.595064E-8	1.566753E-8	1.567290E-8	1.560324E-8	1.561011E-8	1.563134E-8	1.690642E-8	1.615775E-8	1.587705E-8	1.561685E-8	1.600345E-8	1.593003E-8	1.597191E-8	1.625460E-8	1.735040E-8	1.677349E-8	1.634418E-8	1.607621E-8	1.611511E-8	1.620760E-8	1.685897E-8	1.719053E-8
0:30:56	1	5.010645E+0	2.550200E+1	2.567300E+1	8.981845E-1	1.151806E+0	4.141627E+2	5.404700E-7	5.405874E-7	1.741440E-8	1.666614E-8	1.638376E-8	1.599603E-8	1.595078E-8	1.595147E-8	1.625918E-8	1.634172E-8	1.818078E-8	1.733818E-8	1.676539E-8	1.644534E-8	1.646830E-8	1.638053E-8	1.638950E-8	1.641542E-8	1.780398E-8	1.701889E-8	1.672528E-8	1.642856E-8	1.682438E-8	1.668676E-8	1.676875E-8	1.711637E-8	1.830705E-8	1.763919E-8	1.720121E-8	1.689494E-8	1.694264E-8	1.704509E-8	1.774767E-8	1.808976E-8
0:31:10	1	5.011101E+0	2.550200E+1	2.567200E+1	8.979185E-1	1.151502E+0	4.148565E+2	5.690600E-7	5.694840E-7	1.837712E-8	1.756647E-8	1.722138E-8	1.682882E-8	1.675971E-8	1.676901E-8	1.707195E-8	1.716951E-8	1.919296E-8	1.827239E-8	1.765468E-8	1.733587E-8	1.731805E-8	1.723682E-8	1.725700E-8	1.728234E-8	1.883204E-8	1.796260E-8	1.759959E-8	1.729750E-8	1.772191E-8	1.760071E-8	1.767616E-8	1.803127E-8	1.932814E-8	1.865192E-8	1.811557E-8	1.781307E-8	1.783049E-8	1.793498E-8	1.868767E-8	1.908631E-8
0:31:23	1	5.009809E+0	2.550400E+1	2.567400E+1	8.972725E-1	1.150983E+0	4.155502E+2	6.010300E-7	6.014161E-7	1.945765E-8	1.855174E-8	1.815749E-8	1.772299E-8	1.765543E-8	1.764614E-8	1.799943E-8	1.807498E-8	2.033388E-8	1.931151E-8	1.866157E-8	1.826694E-8	1.825686E-8	1.817742E-8	1.820678E-8	1.822571E-8	1.995330E-8	1.899368E-8	1.861828E-8	1.826004E-8	1.868311E-8	1.856821E-8	1.869806E-8	1.907180E-8	2.049848E-8	1.970610E-8	1.914023E-8	1.879907E-8	1.885372E-8	1.893696E-8	1.975656E-8	2.017200E-8
0:31:37	1	5.009657E+0	2.550400E+1	2.567600E+1	8.980452E-1	1.152199E+0	4.162440E+2	6.289200E-7	6.293326E-7	2.036041E-8	1.939344E-8	1.899169E-8	1.849673E-8	1.844567E-8	1.844137E-8	1.880158E-8	1.888134E-8	2.129529E-8	2.023775E-8	1.951002E-8	1.910934E-8	1.908766E-8	1.898285E-8	1.901379E-8	1.905997E-8	2.091871E-8	1.991292E-8	1.949209E-8	1.910416E-8	1.956121E-8	1.945262E-8	1.956465E-8	1.997896E-8	2.153193E-8	2.065188E-8	2.004778E-8	1.967522E-8	1.969230E-8	1.982691E-8	2.068039E-8	2.113201E-8
0:31:50	1	5.011177E+0	2.550700E+1	2.567900E+1	8.983366E-1	1.152224E+0	4.169378E+2	6.672200E-7	6.676318E-7	2.167578E-8	2.058004E-8	2.011345E-8	1.959678E-8	1.948945E-8	1.949230E-8	1.987270E-8	1.998479E-8	2.269198E-8	2.147846E-8	2.068927E-8	2.023302E-8	2.019560E-8	2.009996E-8	2.014106E-8	2.020100E-8	2.230053E-8	2.113873E-8	2.069502E-8	2.027314E-8	2.073689E-8	2.063876E-8	2.076089E-8	2.121934E-8	2.293872E-8	2.193580E-8	2.125732E-8	2.087111E-8	2.089778E-8	2.101785E-8	2.195388E-8	2.246038E-8
0:32:04	1	5.009733E+0	2.550900E+1	2.567700E+1	8.984759E-1	1.152060E+0	4.176316E+2	7.092300E-7	7.102220E-7	2.309496E-8	2.190989E-8	2.133306E-8	2.077359E-8	2.066154E-8	2.064909E-8	2.106718E-8	2.119484E-8	2.423084E-8	2.286786E-8	2.201123E-8	2.149966E-8	2.145473E-8	2.135363E-8	2.140731E-8	2.147790E-8	2.383299E-8	2.254864E-8	2.202092E-8	2.156819E-8	2.206167E-8	2.190037E-8	2.206631E-8	2.260809E-8	2.448928E-8	2.340066E-8	2.262580E-8	2.219579E-8	2.220302E-8	2.237569E-8	2.339076E-8	2.394653E-8
0:32:17	1	5.011557E+0	2.550900E+1	2.568000E+1	8.971965E-1	1.151578E+0	4.183254E+2	7.577200E-7	7.584352E-7	2.470756E-8	2.337708E-8	2.278239E-8	2.209957E-8	2.198713E-8	2.195247E-8	2.241024E-8	2.257674E-8	2.598853E-8	2.446435E-8	2.349460E-8	2.291319E-8	2.286253E-8	2.274696E-8	2.280735E-8	2.287777E-8	2.559916E-8	2.412868E-8	2.352608E-8	2.303049E-8	2.352262E-8	2.342862E-8	2.360261E-8	2.416892E-8	2.627565E-8	2.506097E-8	2.416716E-8	2.368280E-8	2.372031E-8	2.389478E-8	2.498602E-8	2.559190E-8
0:32:31	1	5.008593E+0	2.550800E+1	2.567800E+1	8.980579E-1	1.152161E+0	4.190191E+2	8.117500E-7	8.122822E-7	2.657329E-8	2.501696E-8	2.435187E-8	2.360661E-8	2.343969E-8	2.338584E-8	2.389516E-8	2.408565E-8	2.793035E-8	2.622414E-8	2.514913E-8	2.449887E-8	2.441786E-8	2.424965E-8	2.435719E-8	2.450022E-8	2.753626E-8	2.591548E-8	2.521045E-8	2.465742E-8	2.520165E-8	2.504375E-8	2.527432E-8	2.592250E-8	2.833618E-8	2.689896E-8	2.595490E-8	2.535014E-8	2.542546E-8	2.560784E-8	2.676962E-8	2.749477E-8
0:32:44	1	5.011481E+0	2.551000E+1	2.568200E+1	8.948782E-1	1.149374E+0	4.197129E+2	8.740000E-7	8.741118E-7	2.867791E-8	2.692936E-8	2.613135E-8	2.528852E-8	2.510639E-8	2.501256E-8	2.556074E-8	2.580814E-8	3.022468E-8	2.827513E-8	2.706220E-8	2.630411E-8	2.621769E-8	2.604130E-8	2.615560E-8	2.633501E-8	2.986422E-8	2.798645E-8	2.716682E-8	2.650815E-8	2.708985E-8	2.694680E-8	2.716091E-8	2.796882E-8	3.065946E-8	2.905304E-8	2.793409E-8	2.728681E-8	2.731349E-8	2.753286E-8	2.885196E-8	2.965742E-8
0:32:58	1	5.010721E+0	2.550200E+1	2.567500E+1	8.953596E-1	1.150046E+0	4.204067E+2	9.472000E-7	9.488336E-7	3.128363E-8	2.924676E-8	2.828764E-8	2.729641E-8	2.709634E-8	2.697539E-8	2.760110E-8	2.783653E-8	3.298579E-8	3.070800E-8	2.932732E-8	2.850018E-8	2.838288E-8	2.814262E-8	2.825433E-8	2.853813E-8	3.272181E-8	3.049661E-8	2.949628E-8	2.877940E-8	2.937186E-8	2.924445E-8	2.954928E-8	3.042322E-8	3.351989E-8	3.159300E-8	3.034757E-8	2.961376E-8	2.964702E-8	2.989382E-8	3.136113E-8	3.231143E-8
0:33:11	1	5.011405E+0	2.550200E+1	2.567300E+1	8.964617E-1	1.151160E+0	4.211005E+2	1.029900E-6	1.032256E-6	3.415623E-8	3.177273E-8	3.063994E-8	2.952776E-8	2.926691E-8	2.914930E-8	2.980536E-8	3.010754E-8	3.616286E-8	3.343953E-8	3.188315E-8	3.093016E-8	3.076845E-8	3.051675E-8	3.066641E-8	3.099510E-8	3.591687E-8	3.330687E-8	3.215423E-8	3.132223E-8	3.189106E-8	3.180262E-8	3.214583E-8	3.320455E-8	3.679893E-8	3.454609E-8	3.305497E-8	3.218314E-8	3.219145E-8	3.248061E-8	3.417512E-8	3.529373E-8
0:33:25	1	5.011329E+0	2.550100E+1	2.567300E+1	8.946502E-1	1.149058E+0	4.217943E+2	1.128800E-6	1.129922E-6	3.759300E-8	3.477438E-8	3.344029E-8	3.212529E-8	3.174026E-8	3.162637E-8	3.237309E-8	3.272327E-8	3.988088E-8	3.671075E-8	3.486786E-8	3.368719E-8	3.355263E-8	3.322824E-8	3.344324E-8	3.384358E-8	3.969520E-8	3.664500E-8	3.523605E-8	3.425612E-8	3.493468E-8	3.479563E-8	3.518514E-8	3.649372E-8	4.078342E-8	3.797706E-8	3.622313E-8	3.516927E-8	3.516213E-8	3.556747E-8	3.744165E-8	3.874631E-8
0:33:38	1	5.008365E+0	2.549700E+1	2.567000E+1	8.949416E-1	1.149286E+0	4.224880E+2	1.246600E-6	1.247465E-6	4.179606E-8	3.839868E-8	3.674761E-8	3.515729E-8	3.474929E-8	3.455301E-8	3.536770E-8	3.586640E-8	4.451422E-8	4.064905E-8	3.843008E-8	3.703327E-8	3.680156E-8	3.647930E-8	3.671529E-8	3.727582E-8	4.438320E-8	4.070549E-8	3.893645E-8	3.779352E-8	3.843237E-8	3.834077E-8	3.891298E-8	4.038583E-8	4.557052E-8	4.221545E-8	4.005206E-8	3.883242E-8	3.877659E-8	3.924711E-8	4.136900E-8	4.297701E-8
0:33:52	1	5.011481E+0	2.549300E+1	2.566600E+1	8.958917E-1	1.150134E+0	4.231818E+2	1.387800E-6	1.390083E-6	4.685791E-8	4.274638E-8	4.074159E-8	3.880209E-8	3.826807E-8	3.805249E-8	3.899013E-8	3.950326E-8	5.018085E-8	4.544839E-8	4.278170E-8	4.110727E-8	4.076671E-8	4.036394E-8	4.063453E-8	4.135860E-8	5.026169E-8	4.563141E-8	4.342894E-8	4.210646E-8	4.275718E-8	4.265555E-8	4.336764E-8	4.521072E-8	5.151188E-8	4.728268E-8	4.473190E-8	4.324198E-8	4.317943E-8	4.368712E-8	4.623486E-8	4.818969E-8
0:34:05	1	5.011177E+0	2.549500E+1	2.566700E+1	8.950303E-1	1.149032E+0	4.238756E+2	1.561800E-6	1.564944E-6	5.323735E-8	4.809557E-8	4.557566E-8	4.321157E-8	4.254048E-8	4.216616E-8	4.330152E-8	4.404053E-8	5.723276E-8	5.131199E-8	4.803146E-8	4.593900E-8	4.549584E-8	4.500271E-8	4.546225E-8	4.640945E-8	5.772987E-8	5.176168E-8	4.909005E-8	4.732984E-8	4.796822E-8	4.793947E-8	4.884478E-8	5.115929E-8	5.912839E-8	5.370235E-8	5.035110E-8	4.859127E-8	4.845636E-8	4.909680E-8	5.211448E-8	5.462571E-8
0:34:19	1	5.012393E+0	2.549500E+1	2.566700E+1	8.947642E-1	1.148817E+0	4.245694E+2	1.786700E-6	1.787833E-6	6.155676E-8	5.490847E-8	5.162346E-8	4.861397E-8	4.771463E-8	4.727086E-8	4.858214E-8	4.949132E-8	6.674489E-8	5.894214E-8	5.472198E-8	5.206352E-8	5.142444E-8	5.084340E-8	5.145551E-8	5.267143E-8	6.745347E-8	5.969649E-8	5.619956E-8	5.408312E-8	5.461700E-8	5.463769E-8	5.584602E-8	5.882947E-8	6.906850E-8	6.198425E-8	5.769800E-8	5.534679E-8	5.518320E-8	5.605568E-8	5.962906E-8	6.287615E-8
0:34:32	1	5.010189E+0	2.549800E+1	2.566900E+1	8.953723E-1	1.149577E+0	4.252632E+2	2.078600E-6	2.081519E-6	7.275324E-8	6.365924E-8	5.942572E-8	5.558846E-8	5.442173E-8	5.369565E-8	5.535716E-8	5.652954E-8	7.954507E-8	6.894247E-8	6.344969E-8	5.995299E-8	5.902308E-8	5.836841E-8	5.907374E-8	6.092611E-8	8.114958E-8	7.043823E-8	6.558815E-8	6.266405E-8	6.327879E-8	6.323191E-8	6.500064E-8	6.903385E-8	8.296554E-8	7.298907E-8	6.723656E-8	6.428667E-8	6.402463E-8	6.512517E-8	6.973027E-8	7.406324E-8
0:34:46	1	5.012165E+0	2.549600E+1	2.566800E+1	8.951569E-1	1.149438E+0	4.259569E+2	2.476300E-6	2.478759E-6	8.824309E-8	7.568797E-8	6.967370E-8	6.447857E-8	6.282469E-8	6.201583E-8	6.393901E-8	6.558321E-8	9.767878E-8	8.267225E-8	7.504469E-8	7.040790E-8	6.912245E-8	6.806926E-8	6.917817E-8	7.182934E-8	1.008605E-7	8.535030E-8	7.834390E-8	7.445439E-8	7.471755E-8	7.507093E-8	7.744232E-8	8.299811E-8	1.028538E-7	8.842634E-8	8.021592E-8	7.623204E-8	7.569372E-8	7.718805E-8	8.310114E-8	8.936067E-8
0:35:00	1	5.012242E+0	2.550100E+1	2.567100E+1	8.983366E-1	1.152199E+0	4.266507E+2	3.047500E-6	3.049098E-6	1.114171E-7	9.268995E-8	8.380486E-8	7.657029E-8	7.420753E-8	7.297150E-8	7.543575E-8	7.783094E-8	1.255845E-7	1.023272E-7	9.162251E-8	8.484386E-8	8.287836E-8	8.153953E-8	8.298154E-8	8.688060E-8	1.315518E-7	1.072293E-7	9.668404E-8	9.115379E-8	9.079567E-8	9.137024E-8	9.502088E-8	1.033167E-7	1.341177E-7	1.110201E-7	9.888994E-8	9.310510E-8	9.228914E-8	9.458826E-8	1.026411E-7	1.117380E-7
0:35:17	1	5.010493E+0	2.550100E+1	2.567200E+1	8.983619E-1	1.152212E+0	4.273445E+2	3.716400E-6	3.719866E-6	1.398609E-7	1.121107E-7	9.955033E-8	8.981787E-8	8.649909E-8	8.468932E-8	8.785637E-8	9.123126E-8	1.601915E-7	1.259674E-7	1.104056E-7	1.008105E-7	9.828587E-8	9.634911E-8	9.847087E-8	1.043499E-7	1.716046E-7	1.340308E-7	1.182583E-7	1.101626E-7	1.092820E-7	1.102791E-7	1.158635E-7	1.276188E-7	1.745650E-7	1.386776E-7	1.207395E-7	1.123547E-7	1.111482E-7	1.143215E-7	1.254104E-7	1.391035E-7
0:35:34	1	5.011253E+0	2.550300E+1	2.567600E+1	8.968924E-1	1.151046E+0	4.280383E+2	5.036500E-6	5.040160E-6	1.995463E-7	1.497756E-7	1.286933E-7	1.136194E-7	1.082710E-7	1.054922E-7	1.099073E-7	1.149848E-7	2.360877E-7	1.725586E-7	1.464659E-7	1.308604E-7	1.264339E-7	1.231764E-7	1.268291E-7	1.366451E-7	2.588879E-7	1.886087E-7	1.604211E-7	1.469803E-7	1.445509E-7	1.459939E-7	1.556326E-7	1.764264E-7	2.628862E-7	1.947529E-7	1.634070E-7	1.497160E-7	1.469918E-7	1.525093E-7	1.698447E-7	1.932034E-7
0:35:48	1	5.009961E+0	2.550900E+1	2.568000E+1	8.958790E-1	1.149780E+0	4.287321E+2	7.410600E-6	7.402080E-6	3.139605E-7	2.159174E-7	1.773036E-7	1.510849E-7	1.420136E-7	1.370356E-7	1.436372E-7	1.522691E-7	3.838723E-7	2.576071E-7	2.081597E-7	1.804980E-7	1.721063E-7	1.670290E-7	1.736179E-7	1.915239E-7	4.308975E-7	2.917029E-7	2.356597E-7	2.112620E-7	2.040670E-7	2.081249E-7	2.263939E-7	2.662119E-7	4.372495E-7	2.995552E-7	2.393119E-7	2.139642E-7	2.089563E-7	2.183185E-7	2.486600E-7	2.941090E-7
0:36:02	1	5.011329E+0	2.550600E+1	2.568000E+1	8.956130E-1	1.149374E+0	4.294258E+2	1.231200E-5	1.225836E-5	5.668830E-7	3.552504E-7	2.750169E-7	2.222596E-7	2.049366E-7	1.949035E-7	2.066378E-7	2.230959E-7	6.918880E-7	4.397579E-7	3.382223E-7	2.805500E-7	2.627295E-7	2.522968E-7	2.656752E-7	3.037753E-7	7.612201E-7	5.127467E-7	3.955203E-7	3.468380E-7	3.273456E-7	3.368101E-7	3.749257E-7	4.576617E-7	7.771329E-7	5.219836E-7	4.005473E-7	3.485693E-7	3.367150E-7	3.557520E-7	4.155943E-7	5.051142E-7
0:36:16	1	5.137880E+0	2.550400E+1	2.567700E+1	9.068493E-1	1.161548E+0	4.301196E+2	2.074300E-5	2.058252E-5	9.749194E-7	6.206224E-7	4.633573E-7	3.583442E-7	3.212196E-7	3.011310E-7	3.226893E-7	3.566056E-7	1.139584E-6	7.574702E-7	5.811158E-7	4.706946E-7	4.355106E-7	4.147667E-7	4.435162E-7	5.195013E-7	1.204814E-6	8.767787E-7	6.840770E-7	5.996785E-7	5.598889E-7	5.772390E-7	6.497111E-7	7.883388E-7	1.241686E-6	8.839565E-7	6.889024E-7	5.980171E-7	5.745836E-7	6.106034E-7	7.072142E-7	8.559835E-7
0:36:33	1	5.012165E+0	2.550500E+1	2.568000E+1	9.027703E-1	1.156392E+0	4.308134E+2	3.389300E-5	3.448629E-5	1.557015E-6	1.088412E-6	8.442941E-7	6.565858E-7	5.839668E-7	5.412253E-7	5.828811E-7	6.511449E-7	1.737133E-6	1.266715E-6	1.023495E-6	8.516033E-7	7.897562E-7	7.529616E-7	8.025111E-7	9.290212E-7	1.772369E-6	1.412057E-6	1.157564E-6	1.047454E-6	9.829803E-7	1.007467E-6	1.113864E-6	1.295773E-6	1.833503E-6	1.409215E-6	1.160613E-6	1.036608E-6	9.986005E-7	1.050443E-6	1.176874E-6	1.372184E-6
