APD#	0010	Started	06/11/07 13:27	Sense_ohms	1.004464E+6	1.004628E+6	1.002105E+6	1.000924E+6	9.998282E+5	1.007735E+6	1.002821E+6	9.989270E+5	9.993226E+5	1.002376E+6	1.001862E+6	1.003102E+6	1.000030E+6	1.003780E+6	1.000011E+6	1.000898E+6	9.999006E+5	1.006439E+6	1.005624E+6	1.010450E+6	1.003884E+6	1.005600E+6	1.002519E+6	1.006362E+6	1.004620E+6	1.008599E+6	1.003214E+6	1.000475E+6	1.003139E+6	9.996927E+5	1.009944E+6	1.000506E+6	
ElapTime	Shutter_Open	DegC	BiasV	KE237_Amps	Pixel_Sum	A1	A2	A3	A4	A5	A6	A7	A8	B1	B2	B3	B4	B5	B6	B7	B8	C1	C2	C3	C4	C5	C6	C7	C8	D1	D2	D3	D4	D5	D6	D7	D8
0:00:00	0	2.541842E+1	0.000000E+0	-3.304500E-10	-3.543895E-10	0.000000E+0	-1.264150E-11	0.000000E+0	-2.527664E-11	-1.270218E-11	-1.260252E-11	0.000000E+0	-1.271364E-11	-5.073437E-11	0.000000E+0	1.267640E-11	-1.266073E-11	0.000000E+0	-1.265217E-11	0.000000E+0	0.000000E+0	-1.270126E-11	-1.261875E-11	0.000000E+0	1.256866E-11	-1.265086E-11	-1.262928E-11	-1.266809E-11	0.000000E+0	0.000000E+0	-1.259172E-11	-1.265931E-11	0.000000E+0	0.000000E+0	-2.530778E-11	-1.257495E-11	-1.012488E-10
0:00:08	0	2.541819E+1	5.000000E+1	2.327700E-8	2.529998E-10	2.518756E-11	0.000000E+0	0.000000E+0	1.268828E-11	0.000000E+0	0.000000E+0	1.266427E-11	0.000000E+0	2.531715E-11	1.266990E-11	0.000000E+0	0.000000E+0	1.269962E-11	0.000000E+0	1.269986E-11	0.000000E+0	1.270126E-11	3.775688E-11	0.000000E+0	0.000000E+0	1.265086E-11	0.000000E+0	2.523643E-11	1.261971E-11	1.264160E-11	0.000000E+0	2.521895E-11	2.528799E-11	0.000000E+0	1.270390E-11	-2.505089E-11	-1.269358E-11
0:00:17	0	2.551593E+1	1.000000E+2	6.257300E-8	6.444315E-10	3.783112E-11	2.518345E-11	1.267332E-11	2.527664E-11	2.530435E-11	1.260252E-11	1.266427E-11	2.532718E-11	2.531715E-11	1.266990E-11	1.267640E-11	1.266073E-11	2.529924E-11	1.265217E-11	3.799958E-11	1.268861E-11	2.530252E-11	2.513814E-11	0.000000E+0	0.000000E+0	5.050384E-11	1.262928E-11	1.266809E-11	3.775977E-11	2.518365E-11	1.259172E-11	3.787826E-11	2.528799E-11	1.266026E-11	2.530778E-11	0.000000E+0	1.269358E-11
0:00:26	0	2.561497E+1	1.500000E+2	1.129200E-7	8.333920E-10	3.783112E-11	2.518345E-11	2.524686E-11	1.268828E-11	2.530435E-11	3.770833E-11	2.522883E-11	2.532718E-11	5.073437E-11	2.524003E-11	1.267640E-11	2.522176E-11	2.529924E-11	1.265217E-11	5.069944E-11	2.527730E-11	2.530252E-11	5.037563E-11	2.515851E-11	1.256866E-11	3.785298E-11	1.262928E-11	1.266809E-11	3.775977E-11	2.518365E-11	1.259172E-11	3.787826E-11	2.528799E-11	2.522083E-11	2.530778E-11	0.000000E+0	2.528720E-11
0:00:35	0	2.571545E+1	2.000000E+2	1.937200E-7	1.187019E-9	3.783112E-11	2.518345E-11	5.059350E-11	3.796492E-11	3.800653E-11	3.770833E-11	3.789310E-11	2.532718E-11	5.073437E-11	3.790993E-11	5.060577E-11	3.788249E-11	3.799886E-11	2.520473E-11	5.069944E-11	3.796591E-11	3.800378E-11	3.775688E-11	2.515851E-11	3.760701E-11	5.050384E-11	2.515911E-11	3.790452E-11	2.514006E-11	3.782525E-11	3.767602E-11	3.787826E-11	5.067593E-11	3.788109E-11	2.530778E-11	2.505089E-11	3.798078E-11
0:00:43	0	2.589817E+1	2.500000E+2	2.701500E-7	1.565573E-9	6.301868E-11	6.300840E-11	5.059350E-11	3.796492E-11	3.800653E-11	3.770833E-11	3.789310E-11	5.075446E-11	5.073437E-11	6.314996E-11	5.060577E-11	3.788249E-11	6.329810E-11	3.785690E-11	6.329930E-11	7.593181E-11	2.530252E-11	6.289502E-11	5.041646E-11	3.760701E-11	6.305509E-11	5.041766E-11	3.790452E-11	5.037949E-11	5.046684E-11	5.026775E-11	6.309721E-11	5.067593E-11	3.788109E-11	3.801168E-11	5.020080E-11	2.528720E-11
0:00:52	0	2.602335E+1	3.000000E+2	4.001100E-7	1.982511E-9	7.566224E-11	6.300840E-11	5.059350E-11	5.065320E-11	5.070871E-11	5.031085E-11	6.312193E-11	6.336799E-11	1.013687E-10	8.848975E-11	5.060577E-11	7.576498E-11	6.329810E-11	5.050908E-11	7.599916E-11	5.065451E-11	6.330629E-11	7.551377E-11	6.294599E-11	6.264536E-11	6.305509E-11	6.294749E-11	5.057261E-11	7.551954E-11	7.565049E-11	3.767602E-11	6.309721E-11	7.596392E-11	3.788109E-11	6.331946E-11	3.762585E-11	5.067436E-11
0:01:01	0	2.621831E+1	3.500000E+2	4.343000E-7	2.638542E-9	1.261369E-10	6.300840E-11	7.584036E-11	6.324156E-11	6.331088E-11	6.281413E-11	7.578621E-11	6.336799E-11	1.267859E-10	1.137298E-10	6.318235E-11	7.576498E-11	8.869734E-11	7.571380E-11	1.012989E-10	8.862042E-11	7.600756E-11	1.006519E-10	8.820394E-11	7.521401E-11	1.009081E-10	7.557677E-11	6.314095E-11	1.006596E-10	8.829209E-11	7.535205E-11	1.009755E-10	8.865789E-11	7.576218E-11	6.331946E-11	7.525170E-11	6.326799E-11
0:01:10	0	2.641593E+1	4.000000E+2	6.691800E-7	4.179584E-9	2.269867E-10	1.261163E-10	1.010872E-10	1.138948E-10	1.013174E-10	1.005225E-10	1.010150E-10	1.141225E-10	2.408632E-10	2.022195E-10	1.137881E-10	1.136475E-10	1.266962E-10	1.009185E-10	1.392985E-10	1.265863E-10	1.267126E-10	1.636463E-10	1.133624E-10	1.128210E-10	1.766140E-10	1.007359E-10	1.263816E-10	1.258990E-10	1.386594E-10	1.004363E-10	1.515130E-10	1.392339E-10	1.136433E-10	1.013311E-10	1.128775E-10	1.266359E-10
0:01:18	0	2.651527E+1	4.100000E+2	6.067100E-7	5.050751E-9	3.657672E-10	1.261163E-10	1.390074E-10	1.265830E-10	1.267218E-10	1.257275E-10	1.389081E-10	1.268361E-10	3.169147E-10	2.274596E-10	1.390411E-10	1.515300E-10	1.392958E-10	1.387754E-10	1.519983E-10	1.391750E-10	1.393138E-10	1.761657E-10	1.385210E-10	1.378594E-10	1.766140E-10	1.511535E-10	1.263816E-10	1.384194E-10	1.639426E-10	1.381124E-10	1.641724E-10	1.772158E-10	1.263035E-10	1.393428E-10	1.254525E-10	1.519231E-10
0:01:26	0	2.671601E+1	4.200000E+2	5.040900E-6	4.604761E-6	4.598054E-6	-1.172673E-9	4.626661E-9	1.391714E-10	7.601306E-11	3.770833E-11	-8.845048E-11	2.029177E-10	1.267859E-10	1.137298E-10	1.390411E-10	3.788249E-11	1.646951E-10	3.281596E-10	1.266986E-10	1.265863E-10	-4.814479E-10	1.258894E-10	7.180616E-10	8.778267E-11	-8.328652E-10	1.007359E-10	8.213311E-10	4.153575E-10	6.304871E-10	2.260561E-10	-5.053757E-11	-8.865789E-11	1.263035E-10	-3.295013E-10	0.000000E+0	2.532718E-10
0:01:34	0	2.686946E+1	4.300000E+2	1.414900E-5	9.856003E+31	9.856003E+31	1.689680E-9	8.722639E-10	2.012341E-9	-1.849818E-9	-6.788491E-10	6.316182E-10	-5.325714E-10	8.492753E-10	0.000000E+0	-1.264645E-10	1.363869E-9	5.573833E-10	5.299966E-10	5.573939E-10	3.291045E-10	-7.981793E-10	-1.261875E-11	3.149288E-10	8.778267E-11	-1.265086E-11	-1.637828E-10	-3.664768E-10	8.433347E-10	-2.774183E-10	-5.274643E-10	1.388537E-10	1.088883E-9	1.388641E-10	2.660818E-10	5.017110E-10	-1.392295E-10
