APD#	0010	Started	06/12/07 14:46	Sense_ohms	1.004464E+6	1.004628E+6	1.002105E+6	1.000924E+6	9.998282E+5	1.007735E+6	1.002821E+6	9.989270E+5	9.993226E+5	1.002376E+6	1.001862E+6	1.003102E+6	1.000030E+6	1.003780E+6	1.000011E+6	1.000898E+6	9.999006E+5	1.006439E+6	1.005624E+6	1.010450E+6	1.003884E+6	1.005600E+6	1.002519E+6	1.006362E+6	1.004620E+6	1.008599E+6	1.003214E+6	1.000475E+6	1.003139E+6	9.996927E+5	1.009944E+6	1.000506E+6	
ElapTime	Shutter_Open	DegC	BiasV	KE237_Amps	Pixel_Sum	A1	A2	A3	A4	A5	A6	A7	A8	B1	B2	B3	B4	B5	B6	B7	B8	C1	C2	C3	C4	C5	C6	C7	C8	D1	D2	D3	D4	D5	D6	D7	D8
0:00:00	0	3.442219E+1	0.000000E+0	2.445200E-10	6.342112E-11	1.264356E-11	-1.264150E-11	1.267332E-11	1.268828E-11	0.000000E+0	0.000000E+0	1.266427E-11	0.000000E+0	0.000000E+0	0.000000E+0	0.000000E+0	0.000000E+0	2.529924E-11	0.000000E+0	1.269986E-11	-1.268861E-11	1.270126E-11	1.261875E-11	0.000000E+0	0.000000E+0	-2.520211E-11	0.000000E+0	0.000000E+0	0.000000E+0	1.264160E-11	1.259172E-11	0.000000E+0	0.000000E+0	0.000000E+0	0.000000E+0	-1.257495E-11	-1.269358E-11
0:00:08	0	3.442173E+1	5.000000E+1	8.709000E-9	6.604752E-9	2.144427E-10	2.269497E-10	2.022742E-10	2.277895E-10	2.027348E-10	2.137467E-10	2.273586E-10	2.156314E-10	2.408632E-10	2.401295E-10	2.149997E-10	2.399557E-10	2.533924E-10	2.271414E-10	2.406974E-10	2.152067E-10	2.027202E-10	1.887844E-10	1.889374E-10	1.754664E-10	2.019158E-10	2.015712E-10	2.021907E-10	2.391783E-10	1.764846E-10	1.757884E-10	1.515130E-10	1.646218E-10	1.641846E-10	1.773545E-10	1.881292E-10	2.025975E-10
0:00:17	0	3.442234E+1	1.000000E+2	1.204500E-8	8.726155E-9	3.026490E-10	2.774161E-10	2.654412E-10	2.911310E-10	2.787479E-10	2.765608E-10	2.779160E-10	2.917130E-10	3.042061E-10	2.907093E-10	3.034350E-10	3.157206E-10	3.166905E-10	3.155074E-10	2.913968E-10	3.164159E-10	2.534252E-10	2.769169E-10	2.519828E-10	2.507794E-10	2.649709E-10	2.645187E-10	2.906678E-10	3.146979E-10	2.395931E-10	2.135636E-10	1.893913E-10	2.152977E-10	2.272865E-10	2.154662E-10	2.633809E-10	2.785590E-10
0:00:26	0	3.442074E+1	1.500000E+2	1.449800E-8	9.900505E-9	3.404801E-10	3.152411E-10	3.033614E-10	3.164076E-10	3.040522E-10	3.268716E-10	3.284734E-10	3.297538E-10	3.296233E-10	3.286192E-10	3.540408E-10	3.536031E-10	3.546894E-10	3.281596E-10	3.546961E-10	3.543818E-10	2.914290E-10	3.146738E-10	2.897703E-10	2.883864E-10	3.028238E-10	3.149364E-10	3.285723E-10	3.398380E-10	2.774183E-10	2.512396E-10	2.399289E-10	2.405857E-10	2.651676E-10	2.534779E-10	2.759559E-10	3.038463E-10
0:00:35	0	3.441998E+1	2.000000E+2	1.732000E-8	1.146597E-8	3.909548E-10	3.530660E-10	3.539549E-10	3.670608E-10	3.547609E-10	3.645800E-10	3.537022E-10	3.804082E-10	3.929662E-10	3.917692E-10	3.919702E-10	3.788249E-10	3.926882E-10	4.038734E-10	3.926957E-10	3.923477E-10	3.420340E-10	3.524307E-10	3.275578E-10	3.384631E-10	3.659785E-10	3.653540E-10	3.790452E-10	4.028372E-10	3.278852E-10	3.014082E-10	3.030261E-10	3.038557E-10	2.778279E-10	3.167974E-10	3.386326E-10	3.672142E-10
0:00:43	0	3.441953E+1	2.500000E+2	2.021700E-8	1.338511E-8	4.287859E-10	4.035325E-10	4.171220E-10	4.176141E-10	4.054697E-10	4.147916E-10	4.168241E-10	4.564898E-10	4.690177E-10	4.423490E-10	4.425759E-10	4.420288E-10	4.686859E-10	4.417303E-10	4.433951E-10	4.555909E-10	4.180416E-10	4.279445E-10	4.282913E-10	4.262457E-10	4.416845E-10	4.283015E-10	4.296178E-10	4.531173E-10	4.035357E-10	3.516759E-10	3.409043E-10	3.545316E-10	3.662503E-10	3.675129E-10	3.762585E-10	4.051950E-10
0:00:52	0	3.441884E+1	3.000000E+2	2.392200E-8	1.597269E-8	5.170917E-10	4.917243E-10	4.803888E-10	4.809556E-10	4.940849E-10	4.902082E-10	4.800458E-10	5.325714E-10	5.450692E-10	5.307390E-10	4.930819E-10	5.051331E-10	5.066848E-10	5.174441E-10	4.939946E-10	5.189340E-10	5.447541E-10	5.160770E-10	5.164952E-10	5.264981E-10	5.299417E-10	5.165076E-10	5.054268E-10	5.412565E-10	4.917282E-10	4.647040E-10	4.293202E-10	4.557835E-10	4.672334E-10	4.688441E-10	4.515102E-10	4.684630E-10
0:01:01	0	3.441900E+1	3.500000E+2	3.414300E-8	2.500242E-8	7.440784E-10	7.061320E-10	7.331567E-10	7.593983E-10	7.348262E-10	7.416632E-10	6.947401E-10	7.989573E-10	7.986410E-10	7.835383E-10	7.839403E-10	7.829712E-10	8.360749E-10	7.950945E-10	7.980912E-10	8.099726E-10	1.000899E-9	8.181320E-10	9.069990E-10	8.650601E-10	8.580673E-10	8.314439E-10	7.707585E-10	8.055749E-10	7.439629E-10	7.536196E-10	6.944680E-10	7.977211E-10	7.450613E-10	7.729375E-10	6.021126E-10	7.343284E-10
0:01:10	0	3.441930E+1	4.000000E+2	4.744700E-8	3.740240E-8	1.072015E-9	1.071840E-9	1.112458E-9	1.151736E-9	1.114992E-9	1.106243E-9	1.010549E-9	1.192079E-9	1.128164E-9	1.124728E-9	1.150657E-9	1.161796E-9	1.178065E-9	1.198868E-9	1.178087E-9	1.227698E-9	1.393639E-9	1.195701E-9	1.373078E-9	1.266169E-9	1.312303E-9	1.259745E-9	1.175140E-9	1.221032E-9	1.109673E-9	1.130380E-9	1.111229E-9	1.240811E-9	1.174414E-9	1.216474E-9	9.031194E-10	1.139523E-9
0:01:18	0	3.442052E+1	4.100000E+2	5.200900E-8	4.241509E-8	1.235883E-9	1.210498E-9	1.276713E-9	1.303595E-9	1.267018E-9	1.244474E-9	1.162122E-9	1.344242E-9	1.292976E-9	1.276367E-9	1.289699E-9	1.313326E-9	1.355459E-9	1.375600E-9	1.355485E-9	1.392250E-9	1.520251E-9	1.334209E-9	1.574644E-9	1.441734E-9	1.463815E-9	1.436058E-9	1.314090E-9	1.397211E-9	1.235691E-9	1.268492E-9	1.250082E-9	1.405432E-9	1.351258E-9	1.381224E-9	1.041048E-9	1.304140E-9
0:01:26	0	3.442052E+1	4.200000E+2	5.904500E-8	4.956197E-8	1.425138E-9	1.399623E-9	1.478987E-9	1.531385E-9	1.469753E-9	1.470724E-9	1.364251E-9	1.572487E-9	1.495813E-9	1.478587E-9	1.517275E-9	1.565942E-9	1.570753E-9	1.615394E-9	1.583483E-9	1.632634E-9	1.735673E-9	1.560750E-9	1.851786E-9	1.667376E-9	1.703583E-9	1.650259E-9	1.528949E-9	1.636389E-9	1.475284E-9	1.494648E-9	1.490011E-9	1.633324E-9	1.591106E-9	1.596591E-9	1.216701E-9	1.557312E-9
0:01:34	0	3.442006E+1	4.300000E+2	7.131500E-8	6.187306E-8	1.765618E-9	1.740147E-9	1.845615E-9	1.898446E-9	1.837116E-9	1.835304E-9	1.717954E-9	1.990936E-9	1.838045E-9	1.832446E-9	1.896668E-9	1.944767E-9	1.950741E-9	2.044472E-9	1.938179E-9	2.037670E-9	2.090408E-9	1.938319E-9	2.355652E-9	2.056015E-9	2.107315E-9	2.053302E-9	1.958566E-9	2.076986E-9	1.815811E-9	1.846323E-9	1.843575E-9	2.013244E-9	1.982577E-9	2.014819E-9	1.605535E-9	2.000488E-9
0:01:43	0	3.442044E+1	4.400000E+2	1.100300E-7	1.010506E-7	2.673665E-9	2.647945E-9	2.818966E-9	2.885634E-9	2.838088E-9	2.866130E-9	2.753831E-9	3.183015E-9	2.814106E-9	2.830874E-9	2.908185E-9	3.018237E-9	3.052808E-9	3.293849E-9	3.141565E-9	3.353988E-9	3.167215E-9	3.033368E-9	4.056188E-9	3.297145E-9	3.432269E-9	3.426412E-9	3.411706E-9	3.713376E-9	2.963210E-9	2.989196E-9	3.055779E-9	3.342712E-9	3.396937E-9	3.522683E-9	3.198494E-9	3.962995E-9
0:01:51	0	3.442074E+1	4.410000E+2	1.209100E-7	1.121987E-7	2.888008E-9	2.849712E-9	3.008567E-9	3.100735E-9	3.066127E-9	3.092380E-9	3.006419E-9	3.487342E-9	3.042361E-9	3.071003E-9	3.173691E-9	3.296076E-9	3.356899E-9	3.609357E-9	3.470962E-9	3.733647E-9	3.433341E-9	3.310285E-9	4.547525E-9	3.623138E-9	3.823450E-9	3.867343E-9	3.866560E-9	4.254632E-9	3.278454E-9	3.315788E-9	3.409342E-9	3.735226E-9	3.838950E-9	4.042242E-9	3.800508E-9	4.798672E-9
0:01:59	0	3.442006E+1	4.420000E+2	1.378600E-7	1.290402E-7	3.165469E-9	3.152311E-9	3.299355E-9	3.442419E-9	3.395583E-9	3.419153E-9	3.347557E-9	3.918505E-9	3.371884E-9	3.399523E-9	3.502478E-9	3.662339E-9	3.711589E-9	4.088944E-9	3.939657E-9	4.290547E-9	3.826080E-9	3.738230E-9	5.252957E-9	4.112029E-9	4.353491E-9	4.497216E-9	4.612082E-9	5.223866E-9	3.744998E-9	3.793083E-9	3.939638E-9	4.330343E-9	4.508249E-9	4.878599E-9	4.804029E-9	6.318003E-9
0:02:07	0	3.441976E+1	4.430000E+2	1.674800E-7	1.590493E-7	3.569068E-9	3.543202E-9	3.691230E-9	3.860133E-9	3.826357E-9	3.909460E-9	3.878060E-9	4.603339E-9	3.828293E-9	3.879782E-9	4.020913E-9	4.217916E-9	4.319570E-9	4.745163E-9	4.661649E-9	5.227106E-9	4.434141E-9	4.367577E-9	6.462256E-9	4.926914E-9	5.262062E-9	5.618337E-9	6.002081E-9	7.200192E-9	4.425952E-9	4.571787E-9	4.785719E-9	5.381244E-9	5.758424E-9	6.525905E-9	7.049203E-9	1.049629E-8
0:02:16	0	3.442113E+1	4.440000E+2	2.660000E-7	2.584010E-7	4.250028E-9	4.148501E-9	4.373893E-9	4.556190E-9	4.599190E-9	4.739143E-9	4.737037E-9	5.833459E-9	4.614226E-9	4.739140E-9	4.905965E-9	5.228282E-9	5.434337E-9	6.095459E-9	6.181832E-9	7.252088E-9	5.536350E-9	5.601134E-9	8.931271E-9	6.682072E-9	7.482936E-9	8.566130E-9	9.906545E-9	1.377099E-8	5.939062E-9	6.179364E-9	6.755588E-9	7.837677E-9	9.104920E-9	1.161997E-8	1.634358E-8	4.645459E-8
0:02:24	0	3.441991E+1	4.450000E+2	1.308000E-6	1.286806E-6	5.385061E-9	5.295990E-9	5.549518E-9	5.834409E-9	5.916917E-9	6.222469E-9	6.404533E-9	8.382394E-9	6.072013E-9	6.293646E-9	6.549704E-9	7.223592E-9	7.689069E-9	8.985535E-9	9.804792E-9	1.335251E-8	7.867482E-9	8.407961E-9	1.559499E-8	1.123292E-8	1.398160E-8	1.986585E-8	3.217116E-8	8.889435E-8	9.469750E-9	1.029904E-8	1.233675E-8	1.625768E-8	2.485219E-8	5.144701E-8	1.834546E-7	6.657104E-7
0:02:32	0	3.442105E+1	4.460000E+2	5.685500E-6	5.628207E-6	7.642584E-9	7.578228E-9	7.963936E-9	8.441600E-9	8.995645E-9	9.528497E-9	1.133104E-8	1.686620E-8	9.367846E-9	1.033764E-8	1.151885E-8	1.300745E-8	1.504885E-8	2.079788E-8	2.908488E-8	8.879736E-8	1.578567E-8	1.945910E-8	5.125693E-8	4.174744E-8	8.072227E-8	2.152995E-7	4.121975E-7	7.898661E-7	2.885061E-8	3.717692E-8	6.222680E-8	1.643118E-7	3.137085E-7	6.015248E-7	9.680235E-7	1.549741E-6
0:02:40	0	3.442021E+1	4.470000E+2	1.998800E-5	1.959476E-5	1.862715E-8	1.805673E-8	1.893644E-8	2.229999E-8	2.753183E-8	3.600202E-8	5.622569E-8	1.780213E-7	3.042331E-8	4.531902E-8	6.365108E-8	1.531850E-7	1.864388E-7	4.297013E-7	5.702596E-7	9.078203E-7	1.616570E-7	2.715087E-7	4.769581E-7	5.869094E-7	8.384045E-7	1.102688E-6	1.362043E-6	1.771670E-6	5.502926E-7	5.995540E-7	7.807149E-7	1.045293E-6	1.239302E-6	1.560949E-6	1.937277E-6	2.547042E-6
