APD#	0017	Started	08/09/07 15:24	Sense_ohms	1.004464E+6	1.004628E+6	1.002105E+6	1.000924E+6	9.998282E+5	1.007735E+6	1.002821E+6	9.989270E+5	9.993226E+5	1.002376E+6	1.001862E+6	1.003102E+6	1.000030E+6	1.003780E+6	1.000011E+6	1.000898E+6	9.999006E+5	1.006439E+6	1.005624E+6	1.010450E+6	1.003884E+6	1.005600E+6	1.002519E+6	1.006362E+6	1.004620E+6	1.008599E+6	1.003214E+6	1.000475E+6	1.003139E+6	9.996927E+5	1.009944E+6	1.000506E+6					
ElapTime	Shutter_Open	DegC	H2O_In	H2O_Out	TE_A	TE_V	BiasV	KE237_Amps	Pixel_Sum	A1	A2	A3	A4	A5	A6	A7	A8	B1	B2	B3	B4	B5	B6	B7	B8	C1	C2	C3	C4	C5	C6	C7	C8	D1	D2	D3	D4	D5	D6	D7	D8
0:00:00	0	2.871810E+1	2.550800E+1	2.552400E+1	5.447000E-4	-9.754000E-4	0.000000E+0	-8.097000E-11	1.150902E-11	3.784108E-12	-6.270978E-14	2.524686E-13	-1.898246E-13	1.584272E-12	-1.131250E-12	1.894655E-13	-1.458565E-12	-1.140773E-12	1.895496E-13	-2.655056E-12	-3.788249E-13	3.103907E-12	-1.767320E-12	6.969923E-13	6.324321E-13	-1.647164E-12	-1.699060E-12	6.264767E-14	-9.401752E-13	1.265086E-13	-8.820605E-13	2.148588E-12	6.925937E-13	1.009337E-12	-8.159834E-13	3.535636E-12	-6.297009E-14	1.957854E-12	2.597798E-12	2.383300E-12	1.393295E-12
0:00:13	0	2.861451E+1	2.548300E+1	2.550500E+1	5.320000E-4	-1.000800E-3	0.000000E+0	-3.186000E-11	-2.334761E-10	3.594952E-12	-8.575313E-12	-6.953363E-12	-7.657924E-12	-8.109393E-12	-8.737416E-12	-8.338477E-12	-9.257934E-12	-9.634526E-12	-6.888633E-12	-9.420459E-12	-8.525554E-12	-1.203964E-12	-1.186415E-11	-8.867902E-12	-7.531237E-12	-8.298825E-12	-1.044773E-11	-9.826734E-12	-8.713939E-12	-7.319571E-12	-7.307080E-12	-6.634288E-12	-7.050147E-12	-9.710139E-12	-8.667468E-12	7.575652E-13	-6.774782E-12	-4.862736E-12	-6.527006E-12	-6.460754E-12	-7.661123E-12
0:00:26	0	2.871932E+1	2.548700E+1	2.550600E+1	5.194000E-4	-9.881000E-4	1.000000E+1	6.502100E-10	4.113812E-10	2.610845E-11	1.235880E-11	1.788934E-11	1.328972E-11	1.381137E-11	1.276030E-11	1.200214E-11	1.306302E-11	1.223429E-11	1.333432E-11	1.169722E-11	1.218819E-11	2.033339E-11	1.110702E-11	1.596282E-11	1.031574E-11	1.381037E-11	1.189541E-11	1.083407E-11	1.153446E-11	9.401485E-12	9.574383E-12	1.105715E-11	1.082612E-11	1.141228E-11	8.980774E-12	1.730040E-11	1.177641E-11	1.294536E-11	1.222976E-11	9.596572E-12	9.750066E-12
0:00:40	0	2.861641E+1	2.548500E+1	2.550600E+1	5.447000E-4	-9.881000E-4	2.000000E+1	1.326000E-9	6.287833E-10	3.537807E-11	1.992479E-11	2.503231E-11	2.094764E-11	2.160471E-11	2.149772E-11	2.046626E-11	2.162420E-11	2.110830E-11	2.047535E-11	1.934797E-11	2.027112E-11	2.647721E-11	1.748092E-11	2.565472E-11	2.031576E-11	2.039903E-11	1.711977E-11	1.568479E-11	1.592360E-11	1.539620E-11	1.429893E-11	1.661814E-11	1.680608E-11	2.055504E-11	1.306367E-11	2.184678E-11	1.734776E-11	1.850192E-11	1.938996E-11	1.473943E-11	1.348518E-11
0:00:53	0	2.871157E+1	2.548900E+1	2.551200E+1	5.194000E-4	-9.881000E-4	3.000000E+1	1.670900E-9	8.619057E-10	4.401850E-11	2.755448E-11	3.470295E-11	2.689715E-11	3.041122E-11	3.111532E-11	2.747749E-11	2.714112E-11	3.017244E-11	2.761638E-11	3.066490E-11	2.563847E-11	3.528194E-11	2.486401E-11	3.236864E-11	2.594770E-11	2.863485E-11	2.240672E-11	2.040922E-11	2.432382E-11	2.170669E-11	2.166965E-11	2.255718E-11	2.322623E-11	2.339292E-11	2.072578E-11	3.460179E-11	2.184362E-11	2.210162E-11	2.718335E-11	2.220321E-11	2.304634E-11
0:01:07	0	2.871757E+1	2.548600E+1	2.551100E+1	5.194000E-4	-9.881000E-4	4.000000E+1	2.025300E-9	1.049513E-9	5.183760E-11	3.467950E-11	4.020237E-11	3.436425E-11	3.592317E-11	3.815487E-11	3.436306E-11	3.367213E-11	3.600439E-11	3.399922E-11	3.540707E-11	3.207949E-11	3.965281E-11	3.256291E-11	3.946357E-11	3.202324E-11	3.693367E-11	2.832263E-11	2.632992E-11	2.977782E-11	2.770041E-11	2.702367E-11	2.666483E-11	2.637321E-11	2.805837E-11	2.669247E-11	3.706388E-11	2.766886E-11	2.690056E-11	3.307616E-11	2.696981E-11	2.956704E-11
0:01:20	0	2.871651E+1	2.548500E+1	2.550500E+1	5.194000E-4	-9.881000E-4	5.000000E+1	2.339300E-9	1.269979E-9	5.959497E-11	4.192995E-11	4.924234E-11	4.100911E-11	4.346247E-11	4.418920E-11	4.124764E-11	4.064761E-11	4.386471E-11	4.303575E-11	4.565000E-11	3.902594E-11	4.700059E-11	3.937815E-11	4.693848E-11	3.816273E-11	4.339531E-11	3.530865E-11	3.382576E-11	3.667376E-11	3.173873E-11	3.099244E-11	3.266671E-11	3.518615E-11	3.436424E-11	3.002085E-11	4.375736E-11	3.482346E-11	3.517259E-11	3.896898E-11	3.255230E-11	3.615171E-11
0:01:34	0	2.875436E+1	2.549300E+1	2.551000E+1	5.194000E-4	-9.881000E-4	6.000000E+1	2.648800E-9	1.410353E-9	6.356823E-11	4.646994E-11	5.410910E-11	4.765497E-11	4.846733E-11	4.934432E-11	4.541688E-11	4.622760E-11	4.785742E-11	4.587899E-11	4.754647E-11	4.098387E-11	5.263842E-11	4.348064E-11	5.396941E-11	4.202326E-11	4.757673E-11	3.908533E-11	3.735293E-11	4.106190E-11	3.684988E-11	3.603123E-11	3.677437E-11	3.896212E-11	3.783222E-11	3.554733E-11	4.874533E-11	3.862165E-11	3.851909E-11	4.289718E-11	3.662876E-11	4.222963E-11
0:01:47	0	2.864400E+1	2.548400E+1	2.550600E+1	5.447000E-4	-1.026100E-3	7.000000E+1	2.799300E-9	1.544702E-9	6.848727E-11	4.981147E-11	5.872339E-11	5.132558E-11	5.410630E-11	5.544116E-11	4.927001E-11	4.990555E-11	5.387950E-11	5.163033E-11	5.424899E-11	4.774091E-11	5.833925E-11	4.884437E-11	5.631338E-11	4.670706E-11	5.334130E-11	4.317698E-11	4.056586E-11	4.494829E-11	3.994187E-11	4.113365E-11	3.974389E-11	4.362049E-11	4.022815E-11	3.749458E-11	5.253416E-11	4.242085E-11	4.142397E-11	4.600214E-11	3.681689E-11	4.653445E-11
0:02:01	0	2.871392E+1	2.548200E+1	2.550400E+1	5.194000E-4	-1.013400E-3	8.000000E+1	3.139900E-9	1.680804E-9	7.176564E-11	5.554991E-11	6.270600E-11	5.752685E-11	5.689377E-11	5.852134E-11	5.306032E-11	5.390084E-11	5.768307E-11	5.409447E-11	5.424899E-11	5.146635E-11	6.328010E-11	5.382952E-11	5.973334E-11	4.999710E-11	5.701567E-11	4.720505E-11	4.617233E-11	5.090405E-11	4.398018E-11	4.497613E-11	4.498867E-11	4.683106E-11	4.394796E-11	4.214162E-11	6.996114E-11	4.603014E-11	4.439165E-11	4.942419E-11	4.014183E-11	4.843449E-11
0:02:14	0	2.871886E+1	2.548200E+1	2.550200E+1	5.320000E-4	-1.038800E-3	9.000000E+1	3.191100E-9	1.807774E-9	7.744130E-11	6.034174E-11	6.795296E-11	5.904644E-11	6.006132E-11	6.292130E-11	5.754467E-11	5.833960E-11	6.389528E-11	5.826556E-11	5.861186E-11	5.803398E-11	6.632001E-11	5.831059E-11	6.366130E-11	5.487073E-11	6.151411E-11	5.142189E-11	4.913268E-11	5.485378E-11	4.757721E-11	4.749602E-11	4.858960E-11	5.180343E-11	4.880353E-11	4.766909E-11	6.023740E-11	5.027212E-11	4.830736E-11	5.404961E-11	4.547282E-11	5.495519E-11
0:02:28	0	2.864058E+1	2.548900E+1	2.551000E+1	5.320000E-4	-9.754000E-4	1.000000E+2	3.409000E-9	1.944124E-9	8.059522E-11	6.488173E-11	7.351525E-11	6.322358E-11	6.487615E-11	6.650459E-11	6.259841E-11	6.151100E-11	6.820520E-11	6.445885E-11	6.499797E-11	6.378015E-11	7.252782E-11	6.279065E-11	6.929824E-11	5.885815E-11	6.436440E-11	5.677145E-11	5.486444E-11	5.773764E-11	5.111049E-11	5.259845E-11	5.225437E-11	5.576920E-11	5.208238E-11	5.055825E-11	6.162693E-11	5.451411E-11	5.203267E-11	5.734462E-11	4.842051E-11	5.945092E-11
0:02:42	0	2.871620E+1	2.548800E+1	2.551100E+1	5.320000E-4	-1.000800E-3	1.200000E+2	3.906700E-9	2.266665E-9	9.156824E-11	7.478091E-11	8.110028E-11	7.562712E-11	7.437978E-11	7.693888E-11	7.125200E-11	7.336872E-11	8.031240E-11	7.374778E-11	7.290126E-11	7.306336E-11	8.209254E-11	7.452828E-11	7.975012E-11	6.917388E-11	7.462742E-11	6.526873E-11	6.223499E-11	7.002425E-11	6.196433E-11	6.229912E-11	6.280679E-11	6.709912E-11	6.242261E-11	5.865959E-11	7.406595E-11	6.464429E-11	6.188375E-11	6.729268E-11	5.688830E-11	6.989763E-11
0:02:55	0	2.870944E+1	2.549000E+1	2.551300E+1	5.447000E-4	-9.628000E-4	1.400000E+2	4.370000E-9	2.655818E-9	1.044955E-10	8.751797E-11	9.399614E-11	8.790478E-11	8.971141E-11	8.718463E-11	8.407482E-11	8.218318E-11	9.400368E-11	8.664014E-11	8.687424E-11	8.550377E-11	9.609112E-11	8.809600E-11	9.229198E-11	8.119808E-11	8.748770E-11	7.861182E-11	7.451791E-11	8.130833E-11	7.483634E-11	7.357498E-11	7.481155E-11	7.924683E-11	7.452967E-11	6.965008E-11	8.479945E-11	7.458457E-11	7.091340E-11	7.812801E-11	6.868005E-11	8.237032E-11
0:03:09	0	2.871749E+1	2.549700E+1	2.551700E+1	5.194000E-4	-9.628000E-4	1.600000E+2	4.875500E-9	3.174311E-9	1.207659E-10	1.025245E-10	1.120741E-10	1.040429E-10	1.050440E-10	1.008876E-10	1.015725E-10	1.015239E-10	1.130836E-10	1.021862E-10	1.024283E-10	1.023645E-10	1.135736E-10	1.062075E-10	1.075588E-10	9.721070E-11	1.044024E-10	9.453529E-11	9.417138E-11	9.823445E-11	9.111611E-11	8.881862E-11	9.117732E-11	9.447992E-11	8.997730E-11	8.415832E-11	1.002059E-10	8.959044E-11	8.745847E-11	9.289255E-11	8.241546E-11	9.762860E-11
0:03:23	0	2.871947E+1	2.549200E+1	2.551300E+1	5.194000E-4	-1.013400E-3	1.800000E+2	5.527100E-9	3.802217E-9	1.410095E-10	1.235213E-10	1.316698E-10	1.237247E-10	1.242403E-10	1.221968E-10	1.210904E-10	1.211190E-10	1.360932E-10	1.229768E-10	1.234821E-10	1.242137E-10	1.329570E-10	1.280430E-10	1.266246E-10	1.180950E-10	1.270826E-10	1.147392E-10	1.079032E-10	1.169786E-10	1.120647E-10	1.075905E-10	1.091850E-10	1.157546E-10	1.117935E-10	1.014298E-10	1.182021E-10	1.070022E-10	1.043813E-10	1.119014E-10	9.922530E-11	1.159253E-10
0:03:37	0	2.870647E+1	2.548900E+1	2.551200E+1	5.320000E-4	-1.013400E-3	2.000000E+2	6.252100E-9	4.516554E-9	1.645952E-10	1.445809E-10	1.567021E-10	1.489124E-10	1.453380E-10	1.455809E-10	1.438303E-10	1.429964E-10	1.620828E-10	1.451581E-10	1.454222E-10	1.464427E-10	1.577873E-10	1.522754E-10	1.505053E-10	1.409424E-10	1.503959E-10	1.367674E-10	1.301381E-10	1.404246E-10	1.359799E-10	1.285670E-10	1.326898E-10	1.404922E-10	1.335470E-10	1.218413E-10	1.288728E-10	1.280862E-10	1.233249E-10	1.307842E-10	1.199859E-10	1.415044E-10
0:03:50	0	2.871765E+1	2.549900E+1	2.551800E+1	5.067000E-4	-9.754000E-4	2.200000E+2	7.197000E-9	5.403038E-9	1.935410E-10	1.739002E-10	1.860324E-10	1.784671E-10	1.754952E-10	1.726099E-10	1.706127E-10	1.695659E-10	1.918119E-10	1.729012E-10	1.736846E-10	1.744170E-10	1.867984E-10	1.822511E-10	1.771101E-10	1.681560E-10	1.779537E-10	1.655311E-10	1.557123E-10	1.668801E-10	1.628605E-10	1.541418E-10	1.568270E-10	1.692572E-10	1.589576E-10	1.463357E-10	1.670102E-10	1.532222E-10	1.494050E-10	1.580306E-10	1.440704E-10	1.694882E-10
0:04:04	0	2.871590E+1	2.549600E+1	2.551600E+1	5.194000E-4	-1.000800E-3	2.400000E+2	8.398900E-9	6.470852E-9	2.307489E-10	2.091471E-10	2.213680E-10	2.150473E-10	2.103411E-10	2.071824E-10	2.028278E-10	2.024773E-10	2.261672E-10	2.035504E-10	2.087763E-10	2.094652E-10	2.202434E-10	2.175905E-10	2.080857E-10	2.014461E-10	2.123531E-10	1.951127E-10	1.873971E-10	2.012965E-10	1.987012E-10	1.851342E-10	1.892413E-10	2.025553E-10	1.915570E-10	1.769841E-10	1.993393E-10	1.864624E-10	1.796521E-10	1.898393E-10	1.747414E-10	2.060198E-10
0:04:18	0	2.871727E+1	2.549000E+1	2.551400E+1	5.194000E-4	-1.013400E-3	2.600000E+2	9.497000E-9	7.799061E-9	2.731905E-10	2.521491E-10	2.670698E-10	2.624485E-10	2.553869E-10	2.470977E-10	2.458445E-10	2.426814E-10	2.664185E-10	2.450687E-10	2.530977E-10	2.514590E-10	2.624931E-10	2.606926E-10	2.502092E-10	2.412544E-10	2.530882E-10	2.370308E-10	2.283408E-10	2.448038E-10	2.414193E-10	2.228033E-10	2.275947E-10	2.387481E-10	2.318479E-10	2.172419E-10	2.406336E-10	2.263505E-10	2.181712E-10	2.317862E-10	2.135029E-10	2.491359E-10
0:04:32	0	2.871673E+1	2.548800E+1	2.551100E+1	5.194000E-4	-1.038800E-3	2.800000E+2	1.120000E-8	9.551702E-9	3.311458E-10	3.097166E-10	3.283857E-10	3.233302E-10	3.127877E-10	3.039847E-10	3.013678E-10	2.971528E-10	3.224534E-10	2.984050E-10	3.087381E-10	3.084831E-10	3.176015E-10	3.174251E-10	3.055726E-10	2.921377E-10	3.114980E-10	2.906555E-10	2.803712E-10	3.039824E-10	2.983990E-10	2.740782E-10	2.777643E-10	2.875933E-10	2.851277E-10	2.698089E-10	2.927262E-10	2.815613E-10	2.695100E-10	2.839993E-10	2.632403E-10	3.026988E-10
0:04:45	0	2.871856E+1	2.548800E+1	2.550800E+1	5.194000E-4	-1.051400E-3	3.000000E+2	1.354200E-8	1.184697E-8	4.061908E-10	3.841193E-10	4.064514E-10	4.062356E-10	3.884977E-10	3.793517E-10	3.765996E-10	3.670969E-10	3.938918E-10	3.691838E-10	3.855591E-10	3.819881E-10	3.896223E-10	3.918269E-10	3.781648E-10	3.594122E-10	3.827680E-10	3.597625E-10	3.498494E-10	3.777683E-10	3.707112E-10	3.417323E-10	3.441720E-10	3.514819E-10	3.537935E-10	3.389573E-10	3.650238E-10	3.510802E-10	3.366343E-10	3.543329E-10	3.313560E-10	3.733561E-10
0:04:59	0	2.871947E+1	2.548900E+1	2.550900E+1	5.194000E-4	-1.038800E-3	3.200000E+2	1.684500E-8	1.503754E-8	5.107500E-10	4.861391E-10	5.150498E-10	5.201504E-10	4.970254E-10	4.826289E-10	4.812035E-10	4.625333E-10	4.910016E-10	4.676409E-10	4.881770E-10	4.838471E-10	4.890073E-10	4.947538E-10	4.766018E-10	4.547876E-10	4.818489E-10	4.551165E-10	4.454060E-10	4.808303E-10	4.733117E-10	4.372912E-10	4.385084E-10	4.402958E-10	4.502021E-10	4.352999E-10	4.642828E-10	4.530168E-10	4.289555E-10	4.538785E-10	4.256889E-10	4.723140E-10
0:05:13	0	2.871651E+1	2.548400E+1	2.550800E+1	5.320000E-4	-1.076800E-3	3.400000E+2	2.142300E-8	1.958880E-8	6.556064E-10	6.340616E-10	6.723836E-10	6.813414E-10	6.485724E-10	6.306608E-10	6.274978E-10	6.002030E-10	6.303280E-10	6.045835E-10	6.359389E-10	6.291534E-10	6.315291E-10	6.436839E-10	6.177952E-10	5.845281E-10	6.236290E-10	5.979886E-10	5.818437E-10	6.287783E-10	6.183145E-10	5.734169E-10	5.755582E-10	5.693319E-10	5.865870E-10	5.729056E-10	6.057202E-10	5.939559E-10	5.634573E-10	5.930262E-10	5.634243E-10	6.129948E-10
0:05:27	0	2.871628E+1	2.548300E+1	2.550600E+1	5.194000E-4	-1.076800E-3	3.600000E+2	2.813400E-8	2.625463E-8	8.691392E-10	8.459201E-10	8.989347E-10	9.180957E-10	8.725989E-10	8.438776E-10	8.430218E-10	8.003978E-10	8.319646E-10	8.105980E-10	8.517960E-10	8.410810E-10	8.398638E-10	8.572356E-10	8.255639E-10	7.788226E-10	8.293934E-10	7.992069E-10	7.834767E-10	8.471265E-10	8.345576E-10	7.736685E-10	7.698547E-10	7.530670E-10	7.901873E-10	7.778374E-10	8.113104E-10	8.030216E-10	7.626849E-10	8.022555E-10	7.655741E-10	8.224968E-10
0:05:40	0	2.871597E+1	2.548100E+1	2.550700E+1	5.320000E-4	-1.076800E-3	3.620000E+2	2.860200E-8	2.711156E-8	8.968236E-10	8.735373E-10	9.301620E-10	9.484726E-10	9.015519E-10	8.714096E-10	8.687313E-10	8.257630E-10	8.582073E-10	8.361922E-10	8.786669E-10	8.672249E-10	8.667850E-10	8.848772E-10	8.517886E-10	8.032517E-10	8.563811E-10	8.256417E-10	8.086104E-10	8.782206E-10	8.628268E-10	7.993069E-10	7.965824E-10	7.800066E-10	8.133911E-10	8.026451E-10	8.404817E-10	8.291701E-10	7.851026E-10	8.277284E-10	7.919172E-10	8.501008E-10
0:05:54	0	2.861473E+1	2.547500E+1	2.550000E+1	5.447000E-4	-1.102100E-3	3.640000E+2	2.936100E-8	2.797236E-8	9.245090E-10	9.004607E-10	9.572789E-10	9.777116E-10	9.289216E-10	8.979355E-10	8.974722E-10	8.523966E-10	8.836896E-10	8.631761E-10	9.069932E-10	8.953895E-10	8.930092E-10	9.118233E-10	8.797873E-10	8.274280E-10	8.838119E-10	8.525166E-10	8.350029E-10	9.044248E-10	8.909685E-10	8.277794E-10	8.221719E-10	8.029814E-10	8.401883E-10	8.302794E-10	8.650437E-10	8.562693E-10	8.113711E-10	8.558620E-10	8.190127E-10	8.766924E-10
0:06:07	0	2.870685E+1	2.547500E+1	2.549500E+1	4.940000E-4	-1.114800E-3	3.660000E+2	3.029000E-8	2.891647E-8	9.528873E-10	9.294017E-10	9.917933E-10	1.012835E-9	9.618032E-10	9.281081E-10	9.299396E-10	8.784586E-10	9.118967E-10	8.901610E-10	9.374684E-10	9.251950E-10	9.224633E-10	9.431868E-10	9.087350E-10	8.547684E-10	9.123837E-10	8.839234E-10	8.632859E-10	9.335128E-10	9.210038E-10	8.537321E-10	8.494053E-10	8.306146E-10	8.686259E-10	8.575995E-10	8.945948E-10	8.871036E-10	8.402923E-10	8.853261E-10	8.471747E-10	9.087922E-10
0:06:21	0	2.860288E+1	2.548000E+1	2.549500E+1	5.320000E-4	-1.076800E-3	3.680000E+2	3.121000E-8	2.986520E-8	9.850497E-10	9.612434E-10	1.022893E-9	1.045491E-9	9.939248E-10	9.582797E-10	9.575438E-10	9.069311E-10	9.402309E-10	9.199253E-10	9.684497E-10	9.553804E-10	9.517914E-10	9.735410E-10	9.362897E-10	8.840701E-10	9.408275E-10	9.092255E-10	8.920730E-10	9.665505E-10	9.529328E-10	8.840941E-10	8.767644E-10	8.550363E-10	8.973781E-10	8.886247E-10	9.252183E-10	9.169245E-10	8.691507E-10	9.149172E-10	8.765278E-10	9.379164E-10
0:06:34	0	2.861633E+1	2.547400E+1	2.549500E+1	5.447000E-4	-1.089400E-3	3.700000E+2	3.235900E-8	3.089050E-8	1.014563E-9	9.939052E-10	1.058228E-9	1.083273E-9	1.027631E-9	9.908408E-10	9.953800E-10	9.366720E-10	9.724317E-10	9.528500E-10	1.000506E-9	9.876493E-10	9.846665E-10	1.005977E-9	9.699893E-10	9.110309E-10	9.732637E-10	9.429613E-10	9.228748E-10	9.982711E-10	9.852403E-10	9.142045E-10	9.071569E-10	8.865090E-10	9.277697E-10	9.190858E-10	9.538214E-10	9.489622E-10	8.992712E-10	9.477402E-10	9.082652E-10	9.695094E-10
0:06:48	0	2.872433E+1	2.547500E+1	2.549700E+1	5.320000E-4	-1.076800E-3	3.720000E+2	3.331600E-8	3.194149E-8	1.049752E-9	1.027071E-9	1.093817E-9	1.118776E-9	1.061842E-9	1.026104E-9	1.022921E-9	9.681879E-10	1.003619E-9	9.835621E-10	1.034396E-9	1.021118E-9	1.016465E-9	1.040181E-9	1.003625E-9	9.432450E-10	1.006523E-9	9.727942E-10	9.548111E-10	1.032563E-9	1.019755E-9	9.456374E-10	9.376760E-10	9.127570E-10	9.607473E-10	9.516180E-10	9.952433E-10	9.823284E-10	9.298343E-10	9.796761E-10	9.396254E-10	1.005217E-9
0:07:01	0	2.861960E+1	2.547700E+1	2.549800E+1	5.320000E-4	-1.102100E-3	3.740000E+2	3.454700E-8	3.307821E-8	1.085761E-9	1.063390E-9	1.132692E-9	1.160166E-9	1.099856E-9	1.061054E-9	1.062779E-9	1.003699E-9	1.037215E-9	1.018382E-9	1.071763E-9	1.056924E-9	1.050796E-9	1.075458E-9	1.037831E-9	9.755849E-10	1.040796E-9	1.007914E-9	9.885743E-10	1.068860E-9	1.055659E-9	9.816060E-10	9.725541E-10	9.465580E-10	9.942287E-10	9.876056E-10	1.027130E-9	1.018798E-9	9.651334E-10	1.015350E-9	9.753769E-10	1.038710E-9
0:07:15	0	2.868048E+1	2.547700E+1	2.549700E+1	5.194000E-4	-1.089400E-3	3.760000E+2	3.570800E-8	3.422020E-8	1.121581E-9	1.100717E-9	1.170556E-9	1.199087E-9	1.138123E-9	1.097826E-9	1.097648E-9	1.034455E-9	1.071951E-9	1.055351E-9	1.108245E-9	1.092288E-9	1.088548E-9	1.114520E-9	1.073240E-9	1.008242E-9	1.076399E-9	1.045489E-9	1.023535E-9	1.107540E-9	1.092446E-9	1.016252E-9	1.005664E-9	9.794150E-10	1.029223E-9	1.023215E-9	1.056806E-9	1.054888E-9	9.989802E-10	1.051658E-9	1.010877E-9	1.075432E-9
0:07:28	0	2.862005E+1	2.547800E+1	2.549700E+1	5.320000E-4	-1.089400E-3	3.780000E+2	3.696600E-8	3.550982E-8	1.161437E-9	1.139936E-9	1.214489E-9	1.245097E-9	1.179051E-9	1.137238E-9	1.139526E-9	1.073454E-9	1.110364E-9	1.095291E-9	1.149279E-9	1.132577E-9	1.128328E-9	1.155351E-9	1.113020E-9	1.045265E-9	1.117197E-9	1.085142E-9	1.062021E-9	1.148476E-9	1.134913E-9	1.056504E-9	1.045912E-9	1.015985E-9	1.066551E-9	1.061213E-9	1.107572E-9	1.094649E-9	1.036299E-9	1.092465E-9	1.048823E-9	1.116395E-9
0:07:42	0	2.858638E+1	2.548500E+1	2.550300E+1	5.320000E-4	-1.051400E-3	3.800000E+2	3.832100E-8	3.682554E-8	1.201861E-9	1.181740E-9	1.257282E-9	1.291295E-9	1.225300E-9	1.180234E-9	1.181659E-9	1.115560E-9	1.151123E-9	1.133966E-9	1.191072E-9	1.175076E-9	1.167474E-9	1.198957E-9	1.153180E-9	1.083808E-9	1.158756E-9	1.122842E-9	1.102776E-9	1.190855E-9	1.178767E-9	1.096566E-9	1.083698E-9	1.052745E-9	1.108418E-9	1.104548E-9	1.141669E-9	1.135108E-9	1.077345E-9	1.133587E-9	1.090345E-9	1.157928E-9
0:07:55	0	2.871673E+1	2.548400E+1	2.550600E+1	5.320000E-4	-1.038800E-3	3.820000E+2	3.953000E-8	3.819384E-8	1.245185E-9	1.226129E-9	1.304438E-9	1.338253E-9	1.271042E-9	1.223606E-9	1.225054E-9	1.155510E-9	1.190169E-9	1.174663E-9	1.235521E-9	1.217954E-9	1.209661E-9	1.241869E-9	1.196255E-9	1.123679E-9	1.200061E-9	1.166082E-9	1.144728E-9	1.235741E-9	1.223946E-9	1.138960E-9	1.123505E-9	1.091079E-9	1.149466E-9	1.147004E-9	1.185931E-9	1.178478E-9	1.118453E-9	1.178006E-9	1.133058E-9	1.200348E-9
0:08:09	0	2.871841E+1	2.548300E+1	2.550300E+1	5.194000E-4	-1.089400E-3	3.840000E+2	4.124500E-8	3.967881E-8	1.293997E-9	1.271402E-9	1.353997E-9	1.392490E-9	1.319637E-9	1.270499E-9	1.272871E-9	1.201167E-9	1.235682E-9	1.218520E-9	1.283574E-9	1.265758E-9	1.258371E-9	1.289325E-9	1.241038E-9	1.165448E-9	1.244787E-9	1.212279E-9	1.188947E-9	1.283823E-9	1.271523E-9	1.179968E-9	1.166281E-9	1.134006E-9	1.196504E-9	1.192411E-9	1.235434E-9	1.224951E-9	1.161267E-9	1.226100E-9	1.178029E-9	1.248719E-9
0:08:22	0	2.861268E+1	2.548000E+1	2.549800E+1	5.320000E-4	-1.114800E-3	3.860000E+2	4.260500E-8	4.120703E-8	1.338772E-9	1.319826E-9	1.407473E-9	1.446600E-9	1.368864E-9	1.320471E-9	1.320688E-9	1.242830E-9	1.280877E-9	1.268192E-9	1.331753E-9	1.313183E-9	1.303725E-9	1.340000E-9	1.289117E-9	1.209561E-9	1.295848E-9	1.258540E-9	1.235498E-9	1.330966E-9	1.320868E-9	1.229543E-9	1.213544E-9	1.178067E-9	1.242912E-9	1.241839E-9	1.281276E-9	1.273133E-9	1.207743E-9	1.272419E-9	1.227014E-9	1.295886E-9
0:08:36	0	2.871339E+1	2.548400E+1	2.550800E+1	5.320000E-4	-1.038800E-3	3.880000E+2	4.420800E-8	4.286733E-8	1.391556E-9	1.370962E-9	1.462973E-9	1.504824E-9	1.423224E-9	1.371953E-9	1.371917E-9	1.293686E-9	1.331144E-9	1.317420E-9	1.384294E-9	1.366291E-9	1.355856E-9	1.391053E-9	1.338842E-9	1.260002E-9	1.345262E-9	1.308388E-9	1.287024E-9	1.388013E-9	1.376522E-9	1.279496E-9	1.267252E-9	1.222191E-9	1.294552E-9	1.290639E-9	1.335388E-9	1.325748E-9	1.256933E-9	1.325898E-9	1.277881E-9	1.350146E-9
0:08:49	0	2.871939E+1	2.548200E+1	2.550700E+1	5.194000E-4	-1.064100E-3	3.900000E+2	4.598000E-8	4.456803E-8	1.446421E-9	1.426260E-9	1.517968E-9	1.562857E-9	1.480687E-9	1.425194E-9	1.425987E-9	1.341754E-9	1.384580E-9	1.369113E-9	1.442084E-9	1.419715E-9	1.409951E-9	1.445639E-9	1.394205E-9	1.306897E-9	1.398097E-9	1.360817E-9	1.337732E-9	1.443306E-9	1.431292E-9	1.332283E-9	1.314262E-9	1.271666E-9	1.342662E-9	1.344211E-9	1.388996E-9	1.379693E-9	1.305873E-9	1.381913E-9	1.331570E-9	1.404341E-9
0:09:03	0	2.871727E+1	2.549200E+1	2.550800E+1	5.067000E-4	-1.051400E-3	3.920000E+2	4.803300E-8	4.642667E-8	1.502484E-9	1.485593E-9	1.580358E-9	1.628485E-9	1.539862E-9	1.484973E-9	1.488080E-9	1.397747E-9	1.438395E-9	1.424156E-9	1.500633E-9	1.478380E-9	1.467213E-9	1.504896E-9	1.451215E-9	1.359933E-9	1.457267E-9	1.418155E-9	1.394549E-9	1.503175E-9	1.490038E-9	1.388849E-9	1.371003E-9	1.323973E-9	1.400293E-9	1.402368E-9	1.447718E-9	1.439778E-9	1.364220E-9	1.438370E-9	1.390339E-9	1.464172E-9
0:09:16	0	2.871803E+1	2.549000E+1	2.550900E+1	5.320000E-4	-1.051400E-3	3.940000E+2	4.975700E-8	4.834193E-8	1.562079E-9	1.544737E-9	1.644771E-9	1.695063E-9	1.604611E-9	1.545128E-9	1.546825E-9	1.453994E-9	1.495318E-9	1.483432E-9	1.563923E-9	1.539446E-9	1.527325E-9	1.567434E-9	1.510188E-9	1.416956E-9	1.515170E-9	1.477004E-9	1.452122E-9	1.566617E-9	1.554273E-9	1.446110E-9	1.427175E-9	1.374580E-9	1.459186E-9	1.463226E-9	1.507892E-9	1.498661E-9	1.421873E-9	1.502305E-9	1.448545E-9	1.525966E-9
0:09:30	0	2.871886E+1	2.548500E+1	2.550900E+1	5.320000E-4	-1.089400E-3	3.960000E+2	5.180300E-8	5.046481E-8	1.629683E-9	1.610690E-9	1.716769E-9	1.768728E-9	1.675633E-9	1.609684E-9	1.612897E-9	1.517597E-9	1.557881E-9	1.546880E-9	1.629869E-9	1.606888E-9	1.592632E-9	1.635779E-9	1.577587E-9	1.476066E-9	1.581435E-9	1.543153E-9	1.516373E-9	1.634885E-9	1.623620E-9	1.513007E-9	1.489097E-9	1.440356E-9	1.524446E-9	1.529360E-9	1.576338E-9	1.566344E-9	1.484325E-9	1.567950E-9	1.516158E-9	1.592697E-9
0:09:43	0	2.871559E+1	2.549000E+1	2.551000E+1	5.194000E-4	-1.076800E-3	3.980000E+2	5.398100E-8	5.262062E-8	1.694133E-9	1.678472E-9	1.788957E-9	1.844545E-9	1.744374E-9	1.678640E-9	1.682823E-9	1.578791E-9	1.620573E-9	1.615193E-9	1.699545E-9	1.674079E-9	1.657558E-9	1.703050E-9	1.643021E-9	1.537013E-9	1.648397E-9	1.608735E-9	1.583898E-9	1.706415E-9	1.692714E-9	1.580471E-9	1.553799E-9	1.502608E-9	1.588824E-9	1.600014E-9	1.643900E-9	1.635927E-9	1.549492E-9	1.637207E-9	1.583521E-9	1.663924E-9
0:09:57	0	2.871841E+1	2.548300E+1	2.550900E+1	5.320000E-4	-1.102100E-3	4.000000E+2	5.650800E-8	5.501044E-8	1.770503E-9	1.754199E-9	1.866708E-9	1.928146E-9	1.822111E-9	1.752121E-9	1.756412E-9	1.650828E-9	1.691757E-9	1.688247E-9	1.776113E-9	1.749415E-9	1.732366E-9	1.781870E-9	1.716943E-9	1.605364E-9	1.724925E-9	1.680361E-9	1.655582E-9	1.782959E-9	1.774176E-9	1.654677E-9	1.624820E-9	1.568575E-9	1.660641E-9	1.673120E-9	1.720112E-9	1.710069E-9	1.622679E-9	1.714322E-9	1.660417E-9	1.739900E-9
0:10:10	0	2.871841E+1	2.549100E+1	2.550900E+1	5.194000E-4	-1.089400E-3	4.020000E+2	5.888900E-8	5.747983E-8	1.845675E-9	1.829421E-9	1.949136E-9	2.014089E-9	1.902890E-9	1.829186E-9	1.833476E-9	1.720835E-9	1.764652E-9	1.762690E-9	1.854388E-9	1.828542E-9	1.808758E-9	1.859806E-9	1.793590E-9	1.676626E-9	1.801770E-9	1.759287E-9	1.730289E-9	1.863202E-9	1.851599E-9	1.731338E-9	1.700516E-9	1.643289E-9	1.739143E-9	1.749930E-9	1.797903E-9	1.790036E-9	1.697318E-9	1.792260E-9	1.737564E-9	1.820624E-9
0:10:24	0	2.871597E+1	2.549200E+1	2.551100E+1	5.447000E-4	-1.076800E-3	4.040000E+2	6.167400E-8	6.022176E-8	1.934405E-9	1.916434E-9	2.039592E-9	2.109906E-9	1.993424E-9	1.915805E-9	1.918940E-9	1.802005E-9	1.847373E-9	1.847181E-9	1.943538E-9	1.913982E-9	1.891864E-9	1.947334E-9	1.875303E-9	1.756559E-9	1.885393E-9	1.841423E-9	1.813310E-9	1.951720E-9	1.943221E-9	1.817133E-9	1.781141E-9	1.716620E-9	1.824265E-9	1.835847E-9	1.884660E-9	1.877980E-9	1.780672E-9	1.879703E-9	1.824307E-9	1.910717E-9
0:10:37	0	2.871795E+1	2.548900E+1	2.550800E+1	5.320000E-4	-1.114800E-3	4.060000E+2	6.458800E-8	6.314388E-8	2.020801E-9	2.005907E-9	2.136055E-9	2.215152E-9	2.086875E-9	2.005065E-9	2.011479E-9	1.886788E-9	1.934976E-9	1.932873E-9	2.034523E-9	2.005421E-9	1.984027E-9	2.040479E-9	1.964872E-9	1.843200E-9	1.975098E-9	1.931679E-9	1.904143E-9	2.046569E-9	2.039889E-9	1.907338E-9	1.867896E-9	1.800903E-9	1.914558E-9	1.928422E-9	1.978868E-9	1.970736E-9	1.868193E-9	1.976776E-9	1.919079E-9	2.005243E-9
0:10:51	0	2.871757E+1	2.548400E+1	2.550500E+1	5.194000E-4	-1.140100E-3	4.080000E+2	6.739800E-8	6.617586E-8	2.112182E-9	2.100236E-9	2.236183E-9	2.315398E-9	2.184698E-9	2.099732E-9	2.107241E-9	1.973917E-9	2.023021E-9	2.025580E-9	2.132210E-9	2.103873E-9	2.077649E-9	2.139243E-9	2.060585E-9	1.926804E-9	2.069999E-9	2.027473E-9	1.996046E-9	2.143929E-9	2.137823E-9	2.004093E-9	1.961284E-9	1.891416E-9	2.007687E-9	2.022314E-9	2.074590E-9	2.068747E-9	1.959440E-9	2.072837E-9	2.014164E-9	2.105470E-9
0:11:04	0	2.871704E+1	2.548000E+1	2.550200E+1	5.194000E-4	-1.140100E-3	4.100000E+2	7.104800E-8	6.955013E-8	2.213210E-9	2.203517E-9	2.346171E-9	2.434313E-9	2.295760E-9	2.203638E-9	2.214246E-9	2.070685E-9	2.122099E-9	2.125239E-9	2.239064E-9	2.209394E-9	2.180140E-9	2.246902E-9	2.163015E-9	2.023255E-9	2.176557E-9	2.131451E-9	2.100801E-9	2.253949E-9	2.250077E-9	2.110363E-9	2.060422E-9	1.985518E-9	2.110971E-9	2.132225E-9	2.181934E-9	2.177714E-9	2.064895E-9	2.185120E-9	2.122988E-9	2.214494E-9
0:11:18	0	2.871825E+1	2.548700E+1	2.550800E+1	5.194000E-4	-1.089400E-3	4.111761E+2	7.313900E-8	7.165321E-8	2.281634E-9	2.268335E-9	2.417094E-9	2.508484E-9	2.362411E-9	2.267564E-9	2.280572E-9	2.133212E-9	2.183394E-9	2.191720E-9	2.304947E-9	2.272986E-9	2.245827E-9	2.315184E-9	2.228766E-9	2.086796E-9	2.240542E-9	2.195334E-9	2.162217E-9	2.323284E-9	2.320496E-9	2.177260E-9	2.122978E-9	2.044875E-9	2.175854E-9	2.199049E-9	2.248612E-9	2.242928E-9	2.128423E-9	2.251020E-9	2.187591E-9	2.283822E-9
0:11:31	0	2.871636E+1	2.549000E+1	2.550900E+1	5.320000E-4	-1.076800E-3	4.123523E+2	7.512300E-8	7.385819E-8	2.344886E-9	2.335613E-9	2.488018E-9	2.582339E-9	2.432292E-9	2.338218E-9	2.348349E-9	2.198274E-9	2.248304E-9	2.256748E-9	2.378796E-9	2.344597E-9	2.310373E-9	2.383970E-9	2.296608E-9	2.149327E-9	2.312129E-9	2.261233E-9	2.230877E-9	2.393935E-9	2.392556E-9	2.243339E-9	2.187491E-9	2.107192E-9	2.248050E-9	2.268260E-9	2.319647E-9	2.314221E-9	2.197189E-9	2.327880E-9	2.260786E-9	2.356695E-9
0:11:45	0	2.871765E+1	2.549100E+1	2.551100E+1	5.320000E-4	-1.089400E-3	4.135284E+2	7.750500E-8	7.603308E-8	2.413751E-9	2.403331E-9	2.557867E-9	2.656322E-9	2.502490E-9	2.402774E-9	2.412400E-9	2.260735E-9	2.314671E-9	2.325188E-9	2.446955E-9	2.409893E-9	2.378720E-9	2.452755E-9	2.361535E-9	2.209007E-9	2.377634E-9	2.332920E-9	2.297017E-9	2.462957E-9	2.464806E-9	2.312001E-9	2.256995E-9	2.174920E-9	2.317976E-9	2.339041E-9	2.391312E-9	2.382031E-9	2.261725E-9	2.395427E-9	2.332602E-9	2.425326E-9
0:11:58	0	2.871848E+1	2.549300E+1	2.551400E+1	5.194000E-4	-1.064100E-3	4.147045E+2	7.986200E-8	7.844663E-8	2.483058E-9	2.476726E-9	2.636123E-9	2.741884E-9	2.580164E-9	2.478958E-9	2.490600E-9	2.330426E-9	2.386045E-9	2.390910E-9	2.524282E-9	2.486682E-9	2.455365E-9	2.527284E-9	2.436281E-9	2.275143E-9	2.454416E-9	2.404483E-9	2.371534E-9	2.543012E-9	2.544689E-9	2.389229E-9	2.329153E-9	2.238494E-9	2.392568E-9	2.415600E-9	2.466956E-9	2.464909E-9	2.336048E-9	2.475773E-9	2.411756E-9	2.508076E-9
0:12:12	0	2.871711E+1	2.548900E+1	2.551300E+1	5.067000E-4	-1.089400E-3	4.158807E+2	8.249800E-8	8.098602E-8	2.562013E-9	2.554407E-9	2.719310E-9	2.826625E-9	2.662020E-9	2.557280E-9	2.566084E-9	2.401449E-9	2.460843E-9	2.470472E-9	2.602241E-9	2.562840E-9	2.532517E-9	2.608122E-9	2.514701E-9	2.351089E-9	2.532908E-9	2.481584E-9	2.449769E-9	2.622941E-9	2.629307E-9	2.470552E-9	2.405544E-9	2.317614E-9	2.469305E-9	2.498440E-9	2.553208E-9	2.547029E-9	2.415235E-9	2.556753E-9	2.491475E-9	2.592345E-9
0:12:25	0	2.871787E+1	2.548400E+1	2.550600E+1	5.574000E-4	-1.140100E-3	4.170568E+2	8.508500E-8	8.364410E-8	2.642356E-9	2.634863E-9	2.806290E-9	2.918074E-9	2.747677E-9	2.636734E-9	2.650348E-9	2.478051E-9	2.535894E-9	2.548139E-9	2.685954E-9	2.649795E-9	2.609985E-9	2.695651E-9	2.595148E-9	2.428236E-9	2.614694E-9	2.564853E-9	2.532728E-9	2.710894E-9	2.716385E-9	2.552694E-9	2.487244E-9	2.388427E-9	2.551022E-9	2.584294E-9	2.637376E-9	2.632693E-9	2.497641E-9	2.649011E-9	2.580350E-9	2.680604E-9
0:12:39	0	2.871825E+1	2.548800E+1	2.550700E+1	5.194000E-4	-1.127400E-3	4.182329E+2	8.777200E-8	8.625731E-8	2.718726E-9	2.715633E-9	2.893458E-9	3.011674E-9	2.830103E-9	2.715307E-9	2.732212E-9	2.554210E-9	2.613480E-9	2.628712E-9	2.766442E-9	2.732774E-9	2.693281E-9	2.777689E-9	2.671859E-9	2.500701E-9	2.695657E-9	2.644535E-9	2.612473E-9	2.796466E-9	2.802831E-9	2.635214E-9	2.565593E-9	2.466478E-9	2.634190E-9	2.670838E-9	2.720093E-9	2.717345E-9	2.577142E-9	2.733032E-9	2.663079E-9	2.766075E-9
0:12:52	0	2.871620E+1	2.548500E+1	2.550600E+1	5.320000E-4	-1.152800E-3	4.194090E+2	9.063000E-8	8.920865E-8	2.814077E-9	2.807691E-9	2.986633E-9	3.110908E-9	2.925960E-9	2.803497E-9	2.820709E-9	2.635759E-9	2.699244E-9	2.715478E-9	2.857363E-9	2.821561E-9	2.778858E-9	2.866228E-9	2.764911E-9	2.585887E-9	2.788656E-9	2.735042E-9	2.702362E-9	2.893196E-9	2.903034E-9	2.729702E-9	2.657150E-9	2.554223E-9	2.727509E-9	2.766365E-9	2.819162E-9	2.812508E-9	2.669210E-9	2.827825E-9	2.758415E-9	2.869529E-9
0:13:06	0	2.871917E+1	2.548700E+1	2.550700E+1	5.320000E-4	-1.127400E-3	4.205852E+2	9.339000E-8	9.235601E-8	2.903564E-9	2.901703E-9	3.087708E-9	3.219001E-9	3.024859E-9	2.898477E-9	2.920323E-9	2.727581E-9	2.790269E-9	2.807427E-9	2.957198E-9	2.922472E-9	2.877166E-9	2.968650E-9	2.860371E-9	2.674048E-9	2.886217E-9	2.833919E-9	2.799178E-9	2.994002E-9	3.004813E-9	2.830174E-9	2.752623E-9	2.647065E-9	2.830602E-9	2.866413E-9	2.915391E-9	2.915204E-9	2.766329E-9	2.935608E-9	2.864100E-9	2.973551E-9
0:13:19	0	2.871818E+1	2.548500E+1	2.551200E+1	5.447000E-4	-1.140100E-3	4.217613E+2	9.742000E-8	9.561221E-8	3.003583E-9	2.999120E-9	3.191439E-9	3.330575E-9	3.128191E-9	3.002004E-9	3.016589E-9	2.822003E-9	2.886809E-9	2.907591E-9	3.060511E-9	3.021554E-9	2.974777E-9	3.072017E-9	2.959631E-9	2.769676E-9	2.990683E-9	2.933868E-9	2.899082E-9	3.099194E-9	3.114733E-9	2.933103E-9	2.848097E-9	2.738650E-9	2.929785E-9	2.967277E-9	3.024752E-9	3.021193E-9	2.866228E-9	3.044975E-9	2.969409E-9	3.085109E-9
0:13:33	0	2.871658E+1	2.548500E+1	2.550900E+1	5.194000E-4	-1.140100E-3	4.229374E+2	1.002800E-7	9.885689E-8	3.101962E-9	3.096474E-9	3.298078E-9	3.439743E-9	3.231018E-9	3.097675E-9	3.117529E-9	2.911795E-9	2.979165E-9	3.003203E-9	3.160790E-9	3.118045E-9	3.074606E-9	3.175449E-9	3.062185E-9	2.862835E-9	3.089637E-9	3.035074E-9	2.996087E-9	3.207084E-9	3.221371E-9	3.039937E-9	2.947424E-9	2.830423E-9	3.036598E-9	3.076495E-9	3.128621E-9	3.121927E-9	2.969094E-9	3.151934E-9	3.079674E-9	3.194956E-9
0:13:46	0	2.871894E+1	2.549000E+1	2.551000E+1	5.194000E-4	-1.127400E-3	4.241136E+2	1.040800E-7	1.024877E-7	3.208475E-9	3.208835E-9	3.414451E-9	3.562455E-9	3.348479E-9	3.208182E-9	3.229271E-9	3.015158E-9	3.085656E-9	3.111077E-9	3.272828E-9	3.231272E-9	3.190776E-9	3.287462E-9	3.166956E-9	2.964160E-9	3.202149E-9	3.149058E-9	3.108147E-9	3.324940E-9	3.343785E-9	3.155402E-9	3.056988E-9	2.943408E-9	3.144734E-9	3.197834E-9	3.244802E-9	3.244378E-9	3.079537E-9	3.277078E-9	3.197527E-9	3.312465E-9
0:14:00	0	2.871711E+1	2.548900E+1	2.551000E+1	5.194000E-4	-1.114800E-3	4.252897E+2	1.077600E-7	1.063548E-7	3.322998E-9	3.321384E-9	3.537586E-9	3.690167E-9	3.467905E-9	3.321704E-9	3.346571E-9	3.126004E-9	3.197092E-9	3.224132E-9	3.397069E-9	3.354980E-9	3.303084E-9	3.409131E-9	3.288134E-9	3.072572E-9	3.326445E-9	3.266882E-9	3.230286E-9	3.446935E-9	3.471814E-9	3.283528E-9	3.176789E-9	3.049154E-9	3.275066E-9	3.319549E-9	3.377273E-9	3.374933E-9	3.202737E-9	3.399182E-9	3.327234E-9	3.446435E-9
0:14:13	0	2.871795E+1	2.549100E+1	2.550900E+1	5.320000E-4	-1.127400E-3	4.264658E+2	1.114900E-7	1.104652E-7	3.443008E-9	3.443581E-9	3.666539E-9	3.832435E-9	3.594744E-9	3.446982E-9	3.472905E-9	3.241923E-9	3.318163E-9	3.344771E-9	3.523334E-9	3.481215E-9	3.429896E-9	3.540644E-9	3.411211E-9	3.192629E-9	3.450232E-9	3.396159E-9	3.354188E-9	3.581718E-9	3.616187E-9	3.413922E-9	3.295262E-9	3.175610E-9	3.405272E-9	3.452068E-9	3.507788E-9	3.505932E-9	3.332692E-9	3.540420E-9	3.463464E-9	3.590345E-9
0:14:27	0	2.871955E+1	2.548700E+1	2.550800E+1	5.447000E-4	-1.140100E-3	4.276420E+2	1.159900E-7	1.145519E-7	3.564279E-9	3.568363E-9	3.794037E-9	3.964767E-9	3.722405E-9	3.567733E-9	3.595385E-9	3.355368E-9	3.434480E-9	3.468317E-9	3.650483E-9	3.605240E-9	3.553288E-9	3.667109E-9	3.534986E-9	3.305282E-9	3.580166E-9	3.521912E-9	3.484390E-9	3.715184E-9	3.749075E-9	3.545890E-9	3.425551E-9	3.290798E-9	3.537748E-9	3.588165E-9	3.645627E-9	3.642058E-9	3.463279E-9	3.683814E-9	3.599004E-9	3.727734E-9
0:14:40	0	2.871765E+1	2.548800E+1	2.550800E+1	5.194000E-4	-1.114800E-3	4.288181E+2	1.204100E-7	1.191527E-7	3.704216E-9	3.704620E-9	3.941131E-9	4.120262E-9	3.868377E-9	3.705393E-9	3.731762E-9	3.485745E-9	3.566389E-9	3.602669E-9	3.795210E-9	3.743221E-9	3.693403E-9	3.815220E-9	3.675230E-9	3.435086E-9	3.724226E-9	3.666358E-9	3.623347E-9	3.864574E-9	3.901903E-9	3.695938E-9	3.565191E-9	3.427451E-9	3.687752E-9	3.734061E-9	3.795968E-9	3.794267E-9	3.609211E-9	3.836078E-9	3.755055E-9	3.883357E-9
0:14:54	0	2.871841E+1	2.548700E+1	2.551200E+1	5.320000E-4	-1.140100E-3	4.299942E+2	1.253800E-7	1.240860E-7	3.840118E-9	3.849516E-9	4.096442E-9	4.283036E-9	4.020367E-9	3.851791E-9	3.879445E-9	3.626332E-9	3.709836E-9	3.751303E-9	3.949611E-9	3.896040E-9	3.838648E-9	3.967685E-9	3.825102E-9	3.570523E-9	3.882414E-9	3.817917E-9	3.780068E-9	4.023555E-9	4.065331E-9	3.858205E-9	3.717721E-9	3.575496E-9	3.850241E-9	3.894715E-9	3.957232E-9	3.956922E-9	3.764047E-9	4.002726E-9	3.923900E-9	4.059683E-9
0:15:07	0	2.871757E+1	2.548500E+1	2.551000E+1	5.320000E-4	-1.165400E-3	4.311704E+2	1.302900E-7	1.293180E-7	3.992100E-9	4.003429E-9	4.260479E-9	4.459478E-9	4.183128E-9	4.004789E-9	4.035656E-9	3.768821E-9	3.858797E-9	3.895387E-9	4.105908E-9	4.057891E-9	3.997956E-9	4.132141E-9	3.977381E-9	3.721464E-9	4.050802E-9	3.983071E-9	3.944284E-9	4.196205E-9	4.246114E-9	4.029921E-9	3.875307E-9	3.729080E-9	4.020043E-9	4.070569E-9	4.128789E-9	4.131607E-9	3.934226E-9	4.183759E-9	4.098391E-9	4.241076E-9
0:15:21	0	2.871666E+1	2.548400E+1	2.550900E+1	5.320000E-4	-1.165400E-3	4.323465E+2	1.359600E-7	1.349574E-7	4.163885E-9	4.169700E-9	4.436524E-9	4.648072E-9	4.355014E-9	4.175201E-9	4.206272E-9	3.922470E-9	4.016950E-9	4.064748E-9	4.276370E-9	4.228333E-9	4.166955E-9	4.307010E-9	4.152528E-9	3.879748E-9	4.221915E-9	4.154896E-9	4.116626E-9	4.378883E-9	4.436044E-9	4.217388E-9	4.047235E-9	3.889525E-9	4.212485E-9	4.262942E-9	4.319606E-9	4.319148E-9	4.108575E-9	4.374993E-9	4.290445E-9	4.436903E-9
0:15:34	0	2.871970E+1	2.548300E+1	2.550500E+1	5.320000E-4	-1.190800E-3	4.335226E+2	1.418500E-7	1.406173E-7	4.327410E-9	4.330550E-9	4.613706E-9	4.830147E-9	4.529622E-9	4.333416E-9	4.370884E-9	4.080051E-9	4.181314E-9	4.227224E-9	4.453659E-9	4.403823E-9	4.330635E-9	4.480299E-9	4.320075E-9	4.038537E-9	4.399868E-9	4.338619E-9	4.288845E-9	4.565510E-9	4.625028E-9	4.407435E-9	4.225484E-9	4.067406E-9	4.403664E-9	4.446772E-9	4.503791E-9	4.510675E-9	4.291008E-9	4.573134E-9	4.485821E-9	4.632856E-9
0:15:48	0	2.871825E+1	2.548300E+1	2.550400E+1	5.194000E-4	-1.165400E-3	4.346987E+2	1.483600E-7	1.470740E-7	4.507709E-9	4.519583E-9	4.809852E-9	5.038485E-9	4.728242E-9	4.525512E-9	4.561585E-9	4.265028E-9	4.367232E-9	4.413964E-9	4.647008E-9	4.596933E-9	4.527631E-9	4.682051E-9	4.512641E-9	4.220049E-9	4.604999E-9	4.529137E-9	4.493816E-9	4.777715E-9	4.848527E-9	4.620915E-9	4.419780E-9	4.252213E-9	4.619811E-9	4.663071E-9	4.720557E-9	4.729491E-9	4.499328E-9	4.799472E-9	4.705471E-9	4.866164E-9
0:16:01	0	2.871803E+1	2.548500E+1	2.550800E+1	5.320000E-4	-1.152800E-3	4.358749E+2	1.551500E-7	1.540681E-7	4.707052E-9	4.723559E-9	5.029703E-9	5.266064E-9	4.943842E-9	4.726534E-9	4.769655E-9	4.451335E-9	4.563799E-9	4.616503E-9	4.863561E-9	4.811576E-9	4.739134E-9	4.895476E-9	4.724084E-9	4.416178E-9	4.819063E-9	4.755970E-9	4.710503E-9	5.000827E-9	5.082564E-9	4.856568E-9	4.639349E-9	4.460308E-9	4.853299E-9	4.894004E-9	4.953740E-9	4.962553E-9	4.728614E-9	5.037911E-9	4.951651E-9	5.113084E-9
0:16:15	0	2.872008E+1	2.548000E+1	2.550600E+1	5.194000E-4	-1.178100E-3	4.370510E+2	1.624700E-7	1.616392E-7	4.930485E-9	4.944056E-9	5.260996E-9	5.507058E-9	5.170782E-9	4.943459E-9	4.989476E-9	4.656920E-9	4.777542E-9	4.829659E-9	5.085804E-9	5.035439E-9	4.958047E-9	5.134649E-9	4.948450E-9	4.629713E-9	5.055616E-9	4.992183E-9	4.945206E-9	5.252842E-9	5.344051E-9	5.112002E-9	4.870610E-9	4.681620E-9	5.114277E-9	5.149809E-9	5.216032E-9	5.224359E-9	4.974002E-9	5.305816E-9	5.212697E-9	5.385520E-9
0:16:28	0	2.871658E+1	2.548700E+1	2.550700E+1	5.067000E-4	-1.152800E-3	4.382271E+2	1.705100E-7	1.693202E-7	5.148180E-9	5.161526E-9	5.495069E-9	5.753560E-9	5.401588E-9	5.167550E-9	5.210811E-9	4.866880E-9	4.990398E-9	5.054822E-9	5.324803E-9	5.268902E-9	5.183927E-9	5.366692E-9	5.180162E-9	4.836095E-9	5.306677E-9	5.226697E-9	5.184949E-9	5.502660E-9	5.600867E-9	5.375247E-9	5.114001E-9	4.910485E-9	5.377149E-9	5.412208E-9	5.472262E-9	5.480406E-9	5.229178E-9	5.573658E-9	5.483778E-9	5.659032E-9
0:16:42	0	2.871787E+1	2.549000E+1	2.550700E+1	5.320000E-4	-1.165400E-3	4.394033E+2	1.791400E-7	1.781941E-7	5.386434E-9	5.414559E-9	5.759105E-9	6.032779E-9	5.663628E-9	5.420808E-9	5.468659E-9	5.106581E-9	5.243949E-9	5.305516E-9	5.593140E-9	5.535138E-9	5.444776E-9	5.638869E-9	5.438734E-9	5.084247E-9	5.583902E-9	5.510743E-9	5.462864E-9	5.791409E-9	5.909867E-9	5.674774E-9	5.391260E-9	5.183412E-9	5.684850E-9	5.705695E-9	5.773260E-9	5.790901E-9	5.520221E-9	5.890416E-9	5.800143E-9	5.983446E-9
0:16:55	0	2.871871E+1	2.549100E+1	2.550800E+1	5.447000E-4	-1.165400E-3	4.405794E+2	1.887800E-7	1.878570E-7	5.665489E-9	5.684616E-9	6.045138E-9	6.344023E-9	5.950312E-9	5.689403E-9	5.747223E-9	5.366068E-9	5.509165E-9	5.585216E-9	5.883542E-9	5.822971E-9	5.731339E-9	5.932882E-9	5.728977E-9	5.350437E-9	5.886467E-9	5.813734E-9	5.771014E-9	6.106927E-9	6.241392E-9	6.013987E-9	5.691456E-9	5.470691E-9	6.024772E-9	6.032908E-9	6.102923E-9	6.120202E-9	5.835512E-9	6.231443E-9	6.142225E-9	6.334581E-9
0:17:09	0	2.871711E+1	2.549000E+1	2.551300E+1	5.447000E-4	-1.190800E-3	4.417555E+2	1.993000E-7	1.984219E-7	5.953184E-9	5.973335E-9	6.359050E-9	6.672163E-9	6.262023E-9	5.986851E-9	6.050045E-9	5.644133E-9	5.799988E-9	5.881473E-9	6.192026E-9	6.134611E-9	6.032471E-9	6.262802E-9	6.038287E-9	5.647828E-9	6.215260E-9	6.141524E-9	6.090439E-9	6.450343E-9	6.603209E-9	6.378083E-9	6.029373E-9	5.800898E-9	6.409337E-9	6.393974E-9	6.467633E-9	6.486986E-9	6.194942E-9	6.621389E-9	6.518679E-9	6.729590E-9
0:17:22	0	2.871901E+1	2.548900E+1	2.550800E+1	5.320000E-4	-1.178100E-3	4.429317E+2	2.105600E-7	2.094288E-7	6.257717E-9	6.283873E-9	6.687814E-9	7.013529E-9	6.573228E-9	6.300329E-9	6.354447E-9	5.931140E-9	6.103679E-9	6.191443E-9	6.517965E-9	6.458378E-9	6.358056E-9	6.595816E-9	6.360077E-9	5.950978E-9	6.569078E-9	6.489582E-9	6.438212E-9	6.810747E-9	6.981366E-9	6.761453E-9	6.370325E-9	6.128083E-9	6.804809E-9	6.769359E-9	6.846990E-9	6.875422E-9	6.559554E-9	7.032053E-9	6.917711E-9	7.135551E-9
0:17:36	0	2.871841E+1	2.548800E+1	2.550900E+1	5.194000E-4	-1.178100E-3	4.441078E+2	2.234900E-7	2.222570E-7	6.614594E-9	6.639114E-9	7.059310E-9	7.407867E-9	6.957860E-9	6.652652E-9	6.714686E-9	6.274077E-9	6.456371E-9	6.548242E-9	6.894925E-9	6.836893E-9	6.729816E-9	6.972497E-9	6.736785E-9	6.296975E-9	6.962615E-9	6.887549E-9	6.843557E-9	7.223057E-9	7.432404E-9	7.209012E-9	6.777999E-9	6.517396E-9	7.263082E-9	7.219607E-9	7.289110E-9	7.326730E-9	6.996086E-9	7.496387E-9	7.396587E-9	7.623124E-9
0:17:49	0	2.871248E+1	2.548400E+1	2.550900E+1	5.447000E-4	-1.203400E-3	4.452839E+2	2.377700E-7	2.365387E-7	6.986100E-9	7.027016E-9	7.461464E-9	7.846884E-9	7.349273E-9	7.036026E-9	7.117058E-9	6.632489E-9	6.837775E-9	6.954142E-9	7.316713E-9	7.256707E-9	7.134577E-9	7.406101E-9	7.151118E-9	6.683665E-9	7.422101E-9	7.332783E-9	7.299546E-9	7.697994E-9	7.936697E-9	7.714397E-9	7.227502E-9	6.964239E-9	7.781193E-9	7.715450E-9	7.795760E-9	7.838567E-9	7.478969E-9	8.037645E-9	7.922065E-9	8.176731E-9
0:18:14	1	2.871856E+1	2.549000E+1	2.550900E+1	5.194000E-4	-1.140100E-3	0.000000E+0	-2.544000E-9	2.780806E-9	9.869443E-11	8.241060E-11	8.773831E-11	8.550000E-11	8.850821E-11	8.661900E-11	8.792796E-11	8.687522E-11	8.589018E-11	8.442840E-11	8.371313E-11	8.310421E-11	9.222723E-11	7.181454E-11	8.551506E-11	8.733757E-11	8.419337E-11	8.024828E-11	8.157323E-11	8.394181E-11	8.732981E-11	8.888226E-11	8.580586E-11	7.748504E-11	9.249965E-11	9.069016E-11	9.338685E-11	8.864090E-11	8.973133E-11	9.099096E-11	9.257642E-11	9.452617E-11
0:18:27	1	2.871727E+1	2.549700E+1	2.551600E+1	5.194000E-4	-1.127400E-3	0.000000E+0	2.001500E-9	2.843696E-9	1.005860E-10	8.877913E-11	9.077193E-11	8.714548E-11	8.793811E-11	8.957315E-11	9.051765E-11	9.207580E-11	8.836286E-11	8.758789E-11	8.491389E-11	8.809274E-11	9.609112E-11	8.462512E-11	8.380408E-11	8.815983E-11	8.666461E-11	8.433894E-11	8.302208E-11	8.331436E-11	8.657275E-11	8.680290E-11	8.656395E-11	8.220501E-11	9.394995E-11	8.943396E-11	9.237710E-11	8.845099E-11	9.017295E-11	9.175120E-11	9.414482E-11	9.490598E-11
0:18:41	1	2.871924E+1	2.549700E+1	2.551500E+1	5.320000E-4	-1.152800E-3	1.000000E+1	3.821300E-9	3.650782E-9	1.300365E-10	1.119817E-10	1.191542E-10	1.146121E-10	1.157509E-10	1.164771E-10	1.181218E-10	1.185822E-10	1.146687E-10	1.141298E-10	1.125444E-10	1.105102E-10	1.195914E-10	1.116350E-10	1.180737E-10	1.117037E-10	1.124482E-10	1.086335E-10	1.067695E-10	1.074501E-10	1.106771E-10	1.092283E-10	1.094373E-10	1.070052E-10	1.165227E-10	1.122954E-10	1.183277E-10	1.142197E-10	1.142324E-10	1.145622E-10	1.150301E-10	1.163691E-10
0:18:54	1	2.871841E+1	2.549700E+1	2.551900E+1	5.194000E-4	-1.140100E-3	2.000000E+1	4.317800E-9	3.872731E-9	1.381722E-10	1.201161E-10	1.276244E-10	1.211930E-10	1.213899E-10	1.247114E-10	1.251958E-10	1.245426E-10	1.238599E-10	1.199440E-10	1.204477E-10	1.182781E-10	1.272562E-10	1.186395E-10	1.264346E-10	1.196775E-10	1.195439E-10	1.150532E-10	1.143907E-10	1.154119E-10	1.171131E-10	1.138266E-10	1.148716E-10	1.138666E-10	1.229540E-10	1.173826E-10	1.243264E-10	1.210575E-10	1.195996E-10	1.222296E-10	1.215533E-10	1.220672E-10
0:19:08	1	2.871696E+1	2.549700E+1	2.551800E+1	5.194000E-4	-1.127400E-3	3.000000E+1	4.762700E-9	4.092823E-9	1.455503E-10	1.276821E-10	1.350836E-10	1.311298E-10	1.305764E-10	1.330717E-10	1.315758E-10	1.314551E-10	1.318463E-10	1.287910E-10	1.282881E-10	1.250351E-10	1.349840E-10	1.255813E-10	1.327055E-10	1.267662E-10	1.284758E-10	1.222916E-10	1.179815E-10	1.227463E-10	1.207729E-10	1.201263E-10	1.203688E-10	1.204755E-10	1.269903E-10	1.231599E-10	1.318403E-10	1.260601E-10	1.248411E-10	1.285665E-10	1.270734E-10	1.309307E-10
0:19:21	1	2.871863E+1	2.549700E+1	2.551700E+1	5.447000E-4	-1.178100E-3	4.000000E+1	5.126500E-9	4.291288E-9	1.536850E-10	1.364465E-10	1.421637E-10	1.365089E-10	1.373556E-10	1.411810E-10	1.373246E-10	1.385577E-10	1.379314E-10	1.362483E-10	1.353061E-10	1.319816E-10	1.424587E-10	1.332802E-10	1.404975E-10	1.309434E-10	1.362685E-10	1.287112E-10	1.250994E-10	1.279499E-10	1.249377E-10	1.242204E-10	1.258031E-10	1.275257E-10	1.327905E-10	1.274937E-10	1.396063E-10	1.290987E-10	1.304605E-10	1.343323E-10	1.311498E-10	1.339702E-10
0:19:35	1	2.871711E+1	2.549500E+1	2.551600E+1	5.320000E-4	-1.165400E-3	5.000000E+1	5.491400E-9	4.508657E-9	1.620725E-10	1.445809E-10	1.518344E-10	1.438501E-10	1.453380E-10	1.490382E-10	1.451565E-10	1.452158E-10	1.446510E-10	1.435150E-10	1.429568E-10	1.379172E-10	1.494895E-10	1.417372E-10	1.482254E-10	1.365754E-10	1.445044E-10	1.319216E-10	1.275556E-10	1.356603E-10	1.324466E-10	1.305201E-10	1.318688E-10	1.324980E-10	1.378352E-10	1.328318E-10	1.452900E-10	1.369499E-10	1.349444E-10	1.419996E-10	1.382997E-10	1.413775E-10
0:19:48	1	2.871810E+1	2.549800E+1	2.552100E+1	5.320000E-4	-1.165400E-3	6.000000E+1	5.650400E-9	4.655526E-9	1.659831E-10	1.482380E-10	1.559437E-10	1.481531E-10	1.475554E-10	1.526840E-10	1.492629E-10	1.494644E-10	1.505460E-10	1.491396E-10	1.476990E-10	1.438538E-10	1.549374E-10	1.464066E-10	1.534193E-10	1.416388E-10	1.487488E-10	1.384038E-10	1.365640E-10	1.394844E-10	1.354748E-10	1.356852E-10	1.363545E-10	1.373442E-10	1.412395E-10	1.381074E-10	1.492673E-10	1.405592E-10	1.393017E-10	1.458648E-10	1.408088E-10	1.473924E-10
0:20:02	1	2.871924E+1	2.549900E+1	2.551800E+1	5.320000E-4	-1.165400E-3	7.000000E+1	6.001500E-9	4.800268E-9	1.708384E-10	1.515795E-10	1.610001E-10	1.530266E-10	1.552847E-10	1.571465E-10	1.538111E-10	1.552346E-10	1.563139E-10	1.524258E-10	1.516816E-10	1.493477E-10	1.584202E-10	1.506984E-10	1.588673E-10	1.458161E-10	1.531202E-10	1.420543E-10	1.421694E-10	1.442496E-10	1.405860E-10	1.400318E-10	1.398936E-10	1.428204E-10	1.447712E-10	1.409341E-10	1.546978E-10	1.446743E-10	1.434058E-10	1.475753E-10	1.442585E-10	1.535333E-10
0:20:15	1	2.871658E+1	2.549900E+1	2.552100E+1	5.320000E-4	-1.152800E-3	8.000000E+1	6.192600E-9	4.937163E-9	1.748116E-10	1.590201E-10	1.647931E-10	1.578362E-10	1.594034E-10	1.612329E-10	1.570958E-10	1.577082E-10	1.616385E-10	1.566598E-10	1.563609E-10	1.538308E-10	1.648181E-10	1.553049E-10	1.615912E-10	1.508156E-10	1.573006E-10	1.462712E-10	1.448782E-10	1.473205E-10	1.450666E-10	1.424881E-10	1.443165E-10	1.477301E-10	1.501931E-10	1.465865E-10	1.580440E-10	1.489163E-10	1.474472E-10	1.525809E-10	1.479597E-10	1.571425E-10
0:20:29	1	2.871856E+1	2.550300E+1	2.552400E+1	5.194000E-4	-1.152800E-3	9.000000E+1	6.431000E-9	5.095966E-9	1.806765E-10	1.628663E-10	1.702297E-10	1.632152E-10	1.644082E-10	1.665755E-10	1.624647E-10	1.643664E-10	1.682950E-10	1.612100E-10	1.614184E-10	1.590088E-10	1.694419E-10	1.602901E-10	1.667222E-10	1.536001E-10	1.607220E-10	1.525030E-10	1.543271E-10	1.534643E-10	1.488529E-10	1.474016E-10	1.492451E-10	1.514445E-10	1.549223E-10	1.494122E-10	1.634746E-10	1.523986E-10	1.521205E-10	1.577775E-10	1.512203E-10	1.618911E-10
0:20:42	1	2.871719E+1	2.549500E+1	2.551800E+1	5.320000E-4	-1.203400E-3	1.000000E+2	6.624800E-9	5.267683E-9	1.862894E-10	1.677845E-10	1.769296E-10	1.691008E-10	1.721376E-10	1.703474E-10	1.663806E-10	1.683617E-10	1.731123E-10	1.682871E-10	1.669831E-10	1.646921E-10	1.753967E-10	1.660962E-10	1.720431E-10	1.591691E-10	1.678177E-10	1.564049E-10	1.559649E-10	1.579158E-10	1.545318E-10	1.528192E-10	1.549317E-10	1.588087E-10	1.603452E-10	1.548138E-10	1.677678E-10	1.583498E-10	1.566672E-10	1.625930E-10	1.562384E-10	1.686017E-10
0:20:56	1	2.871742E+1	2.548800E+1	2.551100E+1	5.194000E-4	-1.254100E-3	1.200000E+2	7.220200E-9	5.701955E-9	2.008564E-10	1.817190E-10	1.902046E-10	1.834035E-10	1.826544E-10	1.849306E-10	1.816675E-10	1.827561E-10	1.894023E-10	1.807366E-10	1.801336E-10	1.782700E-10	1.900923E-10	1.812409E-10	1.868019E-10	1.748650E-10	1.799169E-10	1.676714E-10	1.675547E-10	1.725845E-10	1.681609E-10	1.650398E-10	1.678213E-10	1.724052E-10	1.728932E-10	1.676890E-10	1.808388E-10	1.703171E-10	1.690434E-10	1.764062E-10	1.720442E-10	1.818340E-10
0:21:10	1	2.871590E+1	2.548100E+1	2.550800E+1	5.320000E-4	-1.279400E-3	1.400000E+2	7.936000E-9	6.319112E-9	2.217939E-10	1.998153E-10	2.091677E-10	2.015038E-10	2.017247E-10	2.042273E-10	2.025755E-10	2.020968E-10	2.096870E-10	2.009595E-10	1.984066E-10	1.987295E-10	2.100457E-10	2.020034E-10	2.046017E-10	1.941676E-10	2.017731E-10	1.906444E-10	1.858856E-10	1.918304E-10	1.887947E-10	1.841259E-10	1.857032E-10	1.907216E-10	1.937638E-10	1.852738E-10	1.999075E-10	1.884245E-10	1.874825E-10	1.942117E-10	1.873480E-10	2.017149E-10
0:21:23	1	2.871810E+1	2.547900E+1	2.550200E+1	5.320000E-4	-1.279400E-3	1.600000E+2	8.765100E-9	7.211946E-9	2.486590E-10	2.286936E-10	2.383084E-10	2.301094E-10	2.310587E-10	2.306281E-10	2.280945E-10	2.306325E-10	2.413805E-10	2.281958E-10	2.281232E-10	2.267048E-10	2.394368E-10	2.312847E-10	2.316495E-10	2.217609E-10	2.288247E-10	2.185895E-10	2.136644E-10	2.200406E-10	2.155488E-10	2.115274E-10	2.136309E-10	2.199278E-10	2.212548E-10	2.120288E-10	2.293947E-10	2.150798E-10	2.126146E-10	2.198746E-10	2.138792E-10	2.313449E-10
0:21:37	1	2.871848E+1	2.548000E+1	2.550400E+1	5.447000E-4	-1.241400E-3	1.800000E+2	9.745000E-9	8.395125E-9	2.856140E-10	2.610399E-10	2.759831E-10	2.684609E-10	2.671709E-10	2.677777E-10	2.672581E-10	2.672217E-10	2.808082E-10	2.662394E-10	2.646053E-10	2.642782E-10	2.779487E-10	2.684542E-10	2.688960E-10	2.586577E-10	2.670255E-10	2.532692E-10	2.491906E-10	2.574665E-10	2.541658E-10	2.466140E-10	2.490147E-10	2.570020E-10	2.621767E-10	2.464458E-10	2.637433E-10	2.537025E-10	2.483554E-10	2.572591E-10	2.495673E-10	2.697125E-10
0:21:51	1	2.871955E+1	2.548800E+1	2.550800E+1	5.320000E-4	-1.190800E-3	2.000000E+2	1.134100E-8	9.871255E-9	3.325963E-10	3.123644E-10	3.231388E-10	3.164956E-10	3.127237E-10	3.120304E-10	3.117904E-10	3.159230E-10	3.288558E-10	3.116765E-10	3.103821E-10	3.101250E-10	3.226053E-10	3.173614E-10	3.141865E-10	3.060612E-10	3.144123E-10	2.986480E-10	2.924652E-10	3.029165E-10	3.025001E-10	2.914648E-10	2.940034E-10	3.047134E-10	3.049272E-10	2.911633E-10	3.091424E-10	2.966301E-10	2.921160E-10	3.029451E-10	2.956679E-10	3.192235E-10
0:22:05	1	2.871841E+1	2.549100E+1	2.551100E+1	5.194000E-4	-1.190800E-3	2.200000E+2	1.303700E-8	1.175033E-8	3.928214E-10	3.711304E-10	3.824310E-10	3.742752E-10	3.734822E-10	3.718091E-10	3.717992E-10	3.708389E-10	3.894548E-10	3.691200E-10	3.703215E-10	3.686006E-10	3.834145E-10	3.785112E-10	3.715769E-10	3.630830E-10	3.721880E-10	3.562382E-10	3.500384E-10	3.615943E-10	3.594798E-10	3.482200E-10	3.545978E-10	3.641334E-10	3.650166E-10	3.470596E-10	3.679913E-10	3.551963E-10	3.496425E-10	3.616201E-10	3.531206E-10	3.815229E-10
0:22:18	1	2.871613E+1	2.550100E+1	2.551900E+1	5.320000E-4	-1.127400E-3	2.400000E+2	1.555200E-8	1.417097E-8	4.708939E-10	4.464787E-10	4.596125E-10	4.552823E-10	4.476719E-10	4.461709E-10	4.467776E-10	4.449685E-10	4.668512E-10	4.420467E-10	4.426528E-10	4.454532E-10	4.595532E-10	4.554384E-10	4.467661E-10	4.354849E-10	4.502998E-10	4.291855E-10	4.208402E-10	4.368846E-10	4.379759E-10	4.229922E-10	4.268827E-10	4.416810E-10	4.410593E-10	4.239326E-10	4.419934E-10	4.290212E-10	4.243450E-10	4.378476E-10	4.285109E-10	4.654125E-10
0:22:32	1	2.871734E+1	2.550800E+1	2.552800E+1	5.320000E-4	-1.102100E-3	2.600000E+2	1.871300E-8	1.725804E-8	5.661826E-10	5.444632E-10	5.579705E-10	5.522367E-10	5.459998E-10	5.423440E-10	5.434230E-10	5.408483E-10	5.632005E-10	5.351964E-10	5.399596E-10	5.400498E-10	5.550113E-10	5.511706E-10	5.401991E-10	5.303537E-10	5.464033E-10	5.235310E-10	5.180346E-10	5.339908E-10	5.369156E-10	5.152128E-10	5.202076E-10	5.315652E-10	5.419452E-10	5.190814E-10	5.415684E-10	5.297544E-10	5.192551E-10	5.378363E-10	5.276104E-10	5.665233E-10
0:22:46	1	2.871818E+1	2.551000E+1	2.553100E+1	5.320000E-4	-1.127400E-3	2.800000E+2	2.286600E-8	2.140326E-8	6.983635E-10	6.707587E-10	6.914106E-10	6.846324E-10	6.758791E-10	6.717073E-10	6.755044E-10	6.679918E-10	6.919407E-10	6.630386E-10	6.692588E-10	6.695052E-10	6.846105E-10	6.816115E-10	6.694206E-10	6.535121E-10	6.757032E-10	6.506693E-10	6.418741E-10	6.646989E-10	6.687944E-10	6.428341E-10	6.473374E-10	6.609163E-10	6.718351E-10	6.470778E-10	6.710094E-10	6.611330E-10	6.488951E-10	6.682404E-10	6.608931E-10	7.022027E-10
0:23:00	1	2.871856E+1	2.550800E+1	2.553200E+1	5.320000E-4	-1.114800E-3	3.000000E+2	2.853300E-8	2.701434E-8	8.722294E-10	8.446589E-10	8.690357E-10	8.668330E-10	8.551759E-10	8.463286E-10	8.523076E-10	8.419965E-10	8.628975E-10	8.318316E-10	8.440184E-10	8.425335E-10	8.590572E-10	8.580565E-10	8.427307E-10	8.226173E-10	8.494124E-10	8.231239E-10	8.133348E-10	8.411708E-10	8.466098E-10	8.144252E-10	8.187605E-10	8.280966E-10	8.505296E-10	8.253806E-10	8.493851E-10	8.394273E-10	8.234950E-10	8.487018E-10	8.420942E-10	8.880886E-10
0:23:13	1	2.871886E+1	2.551100E+1	2.553000E+1	5.194000E-4	-1.190800E-3	3.200000E+2	3.649600E-8	3.486040E-8	1.117734E-9	1.087728E-9	1.118912E-9	1.119283E-9	1.102706E-9	1.092358E-9	1.100552E-9	1.082331E-9	1.104659E-9	1.071782E-9	1.087316E-9	1.085215E-9	1.100014E-9	1.101205E-9	1.084325E-9	1.056593E-9	1.092048E-9	1.060595E-9	1.052699E-9	1.087103E-9	1.093897E-9	1.054677E-9	1.059813E-9	1.063320E-9	1.101609E-9	1.070570E-9	1.101448E-9	1.090850E-9	1.071535E-9	1.101145E-9	1.096804E-9	1.149570E-9
0:23:27	1	2.871818E+1	2.550400E+1	2.553100E+1	5.194000E-4	-1.190800E-3	3.400000E+2	4.781400E-8	4.614227E-8	1.466853E-9	1.431241E-9	1.473783E-9	1.479952E-9	1.455661E-9	1.442731E-9	1.456181E-9	1.426664E-9	1.446826E-9	1.412907E-9	1.437343E-9	1.430514E-9	1.447007E-9	1.454916E-9	1.432401E-9	1.394931E-9	1.442759E-9	1.406637E-9	1.398832E-9	1.442929E-9	1.453629E-9	1.400566E-9	1.406450E-9	1.409388E-9	1.461771E-9	1.427051E-9	1.460852E-9	1.455037E-9	1.424967E-9	1.468911E-9	1.465981E-9	1.526599E-9
0:23:41	1	2.871658E+1	2.550300E+1	2.552400E+1	5.320000E-4	-1.228800E-3	3.600000E+2	6.444000E-8	6.284501E-8	1.979810E-9	1.941340E-9	1.998188E-9	2.012886E-9	1.979993E-9	1.960184E-9	1.976927E-9	1.936059E-9	1.953485E-9	1.919918E-9	1.952011E-9	1.942209E-9	1.960464E-9	1.972387E-9	1.945616E-9	1.891552E-9	1.960972E-9	1.917895E-9	1.909308E-9	1.967329E-9	1.990482E-9	1.919936E-9	1.920340E-9	1.916405E-9	1.998987E-9	1.959509E-9	1.997052E-9	1.992517E-9	1.952621E-9	2.010740E-9	2.017990E-9	2.089893E-9
0:23:54	1	2.871924E+1	2.550500E+1	2.552400E+1	5.320000E-4	-1.203400E-3	3.620000E+2	6.627600E-8	6.498438E-8	2.048487E-9	2.005528E-9	2.064308E-9	2.080856E-9	2.044996E-9	2.024300E-9	2.042494E-9	2.002072E-9	2.017824E-9	1.983871E-9	2.017262E-9	2.007253E-9	2.026911E-9	2.041300E-9	2.010860E-9	1.955220E-9	2.026539E-9	1.985429E-9	1.973999E-9	2.036853E-9	2.057431E-9	1.986393E-9	1.988454E-9	1.980231E-9	2.066706E-9	2.027276E-9	2.065309E-9	2.064631E-9	2.019997E-9	2.082089E-9	2.087425E-9	2.162071E-9
0:24:08	1	2.871879E+1	2.549800E+1	2.552300E+1	5.320000E-4	-1.228800E-3	3.640000E+2	6.837700E-8	6.714781E-8	2.112435E-9	2.072175E-9	2.133336E-9	2.151042E-9	2.113486E-9	2.089674E-9	2.111095E-9	2.064978E-9	2.084127E-9	2.050921E-9	2.084535E-9	2.073054E-9	2.093991E-9	2.109141E-9	2.076801E-9	2.019331E-9	2.092615E-9	2.049880E-9	2.041337E-9	2.104810E-9	2.127600E-9	2.051022E-9	2.053725E-9	2.045378E-9	2.137391E-9	2.096237E-9	2.137293E-9	2.133077E-9	2.086681E-9	2.152424E-9	2.161498E-9	2.236717E-9
0:24:21	1	2.871673E+1	2.550300E+1	2.552100E+1	5.194000E-4	-1.216100E-3	3.660000E+2	7.084100E-8	6.950931E-8	2.185336E-9	2.145445E-9	2.206536E-9	2.224265E-9	2.186662E-9	2.162716E-9	2.185442E-9	2.137651E-9	2.155060E-9	2.123913E-9	2.155352E-9	2.146561E-9	2.165317E-9	2.181083E-9	2.147559E-9	2.090213E-9	2.164267E-9	2.122199E-9	2.113714E-9	2.180226E-9	2.204014E-9	2.126804E-9	2.125000E-9	2.118081E-9	2.212614E-9	2.170347E-9	2.213063E-9	2.212093E-9	2.162838E-9	2.230236E-9	2.237830E-9	2.316872E-9
0:24:35	1	2.871909E+1	2.550400E+1	2.552400E+1	5.194000E-4	-1.228800E-3	3.680000E+2	7.317400E-8	7.190073E-8	2.257165E-9	2.216380E-9	2.280620E-9	2.300272E-9	2.259141E-9	2.236324E-9	2.260926E-9	2.210766E-9	2.228209E-9	2.192543E-9	2.232994E-9	2.220320E-9	2.239872E-9	2.257693E-9	2.223889E-9	2.161351E-9	2.240479E-9	2.198418E-9	2.186279E-9	2.254137E-9	2.279797E-9	2.198426E-9	2.201013E-9	2.194307E-9	2.289161E-9	2.246906E-9	2.288959E-9	2.284463E-9	2.237224E-9	2.308427E-9	2.316482E-9	2.397785E-9
0:24:48	1	2.871719E+1	2.550300E+1	2.552300E+1	5.320000E-4	-1.228800E-3	3.700000E+2	7.571700E-8	7.450477E-8	2.335805E-9	2.296773E-9	2.362480E-9	2.384000E-9	2.341123E-9	2.317474E-9	2.337737E-9	2.290539E-9	2.305986E-9	2.271851E-9	2.310827E-9	2.298687E-9	2.319557E-9	2.335125E-9	2.303259E-9	2.237297E-9	2.321252E-9	2.275520E-9	2.269301E-9	2.338706E-9	2.362584E-9	2.282017E-9	2.282142E-9	2.271477E-9	2.373842E-9	2.329871E-9	2.371613E-9	2.371710E-9	2.322661E-9	2.394097E-9	2.403037E-9	2.486423E-9
0:25:02	1	2.871658E+1	2.550000E+1	2.552100E+1	5.320000E-4	-1.241400E-3	3.720000E+2	7.836100E-8	7.714801E-8	2.419869E-9	2.374453E-9	2.444339E-9	2.467855E-9	2.425197E-9	2.397870E-9	2.421559E-9	2.369424E-9	2.385095E-9	2.353815E-9	2.392326E-9	2.380591E-9	2.400637E-9	2.419435E-9	2.385163E-9	2.314888E-9	2.400377E-9	2.359607E-9	2.347662E-9	2.419826E-9	2.445497E-9	2.363781E-9	2.363905E-9	2.352045E-9	2.459657E-9	2.415537E-9	2.459632E-9	2.455539E-9	2.408351E-9	2.479321E-9	2.492227E-9	2.572528E-9
0:25:15	1	2.871894E+1	2.550300E+1	2.552100E+1	5.320000E-4	-1.228800E-3	3.740000E+2	8.129000E-8	8.002515E-8	2.508472E-9	2.460774E-9	2.536122E-9	2.557341E-9	2.513958E-9	2.488512E-9	2.513404E-9	2.456998E-9	2.471619E-9	2.439950E-9	2.479707E-9	2.467485E-9	2.488746E-9	2.506964E-9	2.473338E-9	2.401782E-9	2.493250E-9	2.445457E-9	2.436100E-9	2.513359E-9	2.538443E-9	2.453355E-9	2.451038E-9	2.438720E-9	2.551527E-9	2.507106E-9	2.549736E-9	2.549942E-9	2.496504E-9	2.573227E-9	2.588128E-9	2.674082E-9
0:25:29	1	2.871628E+1	2.549700E+1	2.552100E+1	5.320000E-4	-1.241400E-3	3.760000E+2	8.422500E-8	8.295084E-8	2.598338E-9	2.550624E-9	2.625124E-9	2.649992E-9	2.603226E-9	2.578275E-9	2.604553E-9	2.544952E-9	2.562264E-9	2.526969E-9	2.569236E-9	2.556587E-9	2.579961E-9	2.597520E-9	2.561640E-9	2.486462E-9	2.580231E-9	2.533509E-9	2.527499E-9	2.604510E-9	2.632524E-9	2.544316E-9	2.542847E-9	2.529989E-9	2.646233E-9	2.601942E-9	2.645458E-9	2.643267E-9	2.591098E-9	2.672012E-9	2.688482E-9	2.771204E-9
0:25:42	1	2.871825E+1	2.549200E+1	2.551700E+1	5.320000E-4	-1.279400E-3	3.780000E+2	8.740800E-8	8.613963E-8	2.691420E-9	2.646528E-9	2.727465E-9	2.749668E-9	2.703264E-9	2.673946E-9	2.705114E-9	2.641784E-9	2.656204E-9	2.625299E-9	2.667681E-9	2.651374E-9	2.676052E-9	2.696471E-9	2.663371E-9	2.582280E-9	2.682987E-9	2.633017E-9	2.626332E-9	2.706632E-9	2.736955E-9	2.643528E-9	2.643438E-9	2.625350E-9	2.747182E-9	2.703246E-9	2.748633E-9	2.747737E-9	2.691123E-9	2.775170E-9	2.790089E-9	2.880292E-9
0:25:56	1	2.871894E+1	2.549800E+1	2.551800E+1	5.194000E-4	-1.254100E-3	3.800000E+2	9.081000E-8	8.950404E-8	2.793960E-9	2.749115E-9	2.828350E-9	2.857509E-9	2.807865E-9	2.776091E-9	2.810981E-9	2.743561E-9	2.755850E-9	2.726980E-9	2.770868E-9	2.756517E-9	2.780695E-9	2.800345E-9	2.763961E-9	2.680820E-9	2.783842E-9	2.734161E-9	2.727306E-9	2.810948E-9	2.844540E-9	2.749607E-9	2.745799E-9	2.730404E-9	2.856643E-9	2.810768E-9	2.857237E-9	2.859614E-9	2.801187E-9	2.886247E-9	2.907253E-9	2.995015E-9
0:26:09	1	2.871597E+1	2.549800E+1	2.551600E+1	5.194000E-4	-1.266800E-3	3.820000E+2	9.428000E-8	9.299254E-8	2.900790E-9	2.854917E-9	2.936822E-9	2.965918E-9	2.914936E-9	2.881882E-9	2.919123E-9	2.846670E-9	2.861898E-9	2.833589E-9	2.878101E-9	2.862987E-9	2.885590E-9	2.909392E-9	2.870379E-9	2.785814E-9	2.893946E-9	2.842983E-9	2.834767E-9	2.920466E-9	2.955785E-9	2.857071E-9	2.855553E-9	2.837787E-9	2.971085E-9	2.923063E-9	2.966977E-9	2.971048E-9	2.912830E-9	3.005118E-9	3.022534E-9	3.112713E-9
0:26:23	1	2.871886E+1	2.549400E+1	2.551800E+1	5.320000E-4	-1.254100E-3	3.840000E+2	9.775000E-8	9.673160E-8	3.015060E-9	2.968161E-9	3.054143E-9	3.085276E-9	3.030434E-9	2.996473E-9	3.029918E-9	2.961765E-9	2.975552E-9	2.944369E-9	2.991088E-9	2.976781E-9	2.999671E-9	3.025066E-9	2.984082E-9	2.898340E-9	3.009498E-9	2.957533E-9	2.949726E-9	3.039452E-9	3.076368E-9	2.975056E-9	2.971624E-9	2.948822E-9	3.091328E-9	3.043774E-9	3.093072E-9	3.092359E-9	3.031925E-9	3.128045E-9	3.144715E-9	3.242124E-9
0:26:36	1	2.871689E+1	2.549400E+1	2.551400E+1	5.320000E-4	-1.279400E-3	3.860000E+2	1.012700E-7	1.005869E-7	3.131160E-9	3.086449E-9	3.173297E-9	3.206406E-9	3.149606E-9	3.115465E-9	3.149997E-9	3.078001E-9	3.091234E-9	3.058942E-9	3.109828E-9	3.090891E-9	3.114892E-9	3.141560E-9	3.102155E-9	3.011119E-9	3.128599E-9	3.076237E-9	3.069534E-9	3.159942E-9	3.202252E-9	3.096505E-9	3.090604E-9	3.068793E-9	3.214787E-9	3.168504E-9	3.215378E-9	3.220635E-9	3.155313E-9	3.254964E-9	3.277183E-9	3.376664E-9
0:26:50	1	2.871727E+1	2.549600E+1	2.551500E+1	5.320000E-4	-1.254100E-3	3.880000E+2	1.060700E-7	1.047670E-7	3.258863E-9	3.209907E-9	3.300985E-9	3.336460E-9	3.281703E-9	3.244199E-9	3.280879E-9	3.203304E-9	3.217630E-9	3.186532E-9	3.236030E-9	3.222873E-9	3.246075E-9	3.272190E-9	3.226880E-9	3.137948E-9	3.261446E-9	3.204445E-9	3.196901E-9	3.292968E-9	3.336276E-9	3.226394E-9	3.216785E-9	3.196193E-9	3.350226E-9	3.303660E-9	3.350375E-9	3.355178E-9	3.287037E-9	3.391641E-9	3.416423E-9	3.518549E-9
0:27:03	1	2.871947E+1	2.549900E+1	2.551800E+1	5.320000E-4	-1.216100E-3	3.900000E+2	1.100800E-7	1.090744E-7	3.386125E-9	3.339859E-9	3.433856E-9	3.472083E-9	3.412912E-9	3.373562E-9	3.414286E-9	3.332857E-9	3.347194E-9	3.315891E-9	3.369502E-9	3.349802E-9	3.377955E-9	3.405850E-9	3.360029E-9	3.264208E-9	3.390682E-9	3.336115E-9	3.331196E-9	3.429319E-9	3.475853E-9	3.361575E-9	3.354404E-9	3.327936E-9	3.489385E-9	3.442396E-9	3.491435E-9	3.497321E-9	3.426528E-9	3.536365E-9	3.561246E-9	3.666701E-9
0:27:17	1	2.871734E+1	2.550800E+1	2.552600E+1	5.447000E-4	-1.165400E-3	3.920000E+2	1.148900E-7	1.138400E-7	3.531044E-9	3.482800E-9	3.581709E-9	3.620426E-9	3.557490E-9	3.515309E-9	3.558433E-9	3.477248E-9	3.487028E-9	3.458395E-9	3.516568E-9	3.495866E-9	3.521933E-9	3.555664E-9	3.506417E-9	3.406796E-9	3.542345E-9	3.483708E-9	3.476263E-9	3.579210E-9	3.627545E-9	3.509606E-9	3.501437E-9	3.478184E-9	3.644812E-9	3.596707E-9	3.646447E-9	3.652188E-9	3.578395E-9	3.692685E-9	3.724823E-9	3.832517E-9
0:27:30	1	2.871727E+1	2.551200E+1	2.553200E+1	5.447000E-4	-1.190800E-3	3.940000E+2	1.195100E-7	1.187119E-7	3.674388E-9	3.626624E-9	3.731268E-9	3.772249E-9	3.708277E-9	3.664284E-9	3.713318E-9	3.623605E-9	3.633263E-9	3.603996E-9	3.664899E-9	3.644518E-9	3.670283E-9	3.704405E-9	3.654073E-9	3.552105E-9	3.693247E-9	3.635140E-9	3.627819E-9	3.735433E-9	3.786241E-9	3.660599E-9	3.655484E-9	3.629313E-9	3.802257E-9	3.752839E-9	3.804934E-9	3.812565E-9	3.734178E-9	3.854898E-9	3.887961E-9	3.997446E-9
0:27:44	1	2.871924E+1	2.551500E+1	2.553500E+1	5.320000E-4	-1.165400E-3	3.960000E+2	1.254100E-7	1.240774E-7	3.841316E-9	3.787851E-9	3.900802E-9	3.941984E-9	3.871101E-9	3.826459E-9	3.878372E-9	3.782518E-9	3.794142E-9	3.766216E-9	3.827898E-9	3.805927E-9	3.833644E-9	3.869870E-9	3.819085E-9	3.706022E-9	3.857833E-9	3.800986E-9	3.790587E-9	3.902376E-9	3.957935E-9	3.831370E-9	3.821219E-9	3.791773E-9	3.978176E-9	3.925804E-9	3.979900E-9	3.985287E-9	3.909347E-9	4.034155E-9	4.072236E-9	4.185169E-9
0:27:57	1	2.871696E+1	2.551900E+1	2.553800E+1	5.320000E-4	-1.165400E-3	3.980000E+2	1.304800E-7	1.295407E-7	4.003704E-9	3.950402E-9	4.063699E-9	4.109630E-9	4.040451E-9	3.993852E-9	4.045321E-9	3.946631E-9	3.958316E-9	3.930017E-9	3.994944E-9	3.971882E-9	4.001250E-9	4.035840E-9	3.983969E-9	3.866901E-9	4.028945E-9	3.966014E-9	3.961670E-9	4.074961E-9	4.134614E-9	4.006236E-9	3.993590E-9	3.963422E-9	4.156933E-9	4.102788E-9	4.157960E-9	4.166114E-9	4.085273E-9	4.214682E-9	4.256952E-9	4.373780E-9
0:28:11	1	2.871977E+1	2.552300E+1	2.554600E+1	5.194000E-4	-1.140100E-3	4.000000E+2	1.364300E-7	1.356570E-7	4.188671E-9	4.132751E-9	4.254790E-9	4.303098E-9	4.227352E-9	4.176835E-9	4.231096E-9	4.129386E-9	4.141697E-9	4.112966E-9	4.181844E-9	4.157414E-9	4.185451E-9	4.224529E-9	4.171658E-9	4.048411E-9	4.220140E-9	4.156595E-9	4.147365E-9	4.268298E-9	4.330920E-9	4.197357E-9	4.180936E-9	4.154081E-9	4.355364E-9	4.303953E-9	4.355217E-9	4.365684E-9	4.284188E-9	4.419222E-9	4.463868E-9	4.585815E-9
0:28:24	1	2.871848E+1	2.552300E+1	2.554400E+1	5.194000E-4	-1.190800E-3	4.020000E+2	1.431000E-7	1.419359E-7	4.374329E-9	4.319201E-9	4.444172E-9	4.496185E-9	4.419193E-9	4.365851E-9	4.421544E-9	4.315441E-9	4.328629E-9	4.297686E-9	4.371907E-9	4.351283E-9	4.380613E-9	4.418392E-9	4.358969E-9	4.234036E-9	4.417163E-9	4.350010E-9	4.343962E-9	4.468779E-9	4.532586E-9	4.396033E-9	4.380225E-9	4.346377E-9	4.557641E-9	4.506248E-9	4.564975E-9	4.573041E-9	4.485120E-9	4.631302E-9	4.679566E-9	4.805446E-9
0:28:38	1	2.871666E+1	2.552800E+1	2.554700E+1	5.320000E-4	-1.178100E-3	4.040000E+2	1.502900E-7	1.489257E-7	4.584645E-9	4.529167E-9	4.656880E-9	4.719016E-9	4.629787E-9	4.572844E-9	4.635931E-9	4.522992E-9	4.536605E-9	4.511095E-9	4.584982E-9	4.560433E-9	4.588187E-9	4.632260E-9	4.573959E-9	4.441557E-9	4.630086E-9	4.563439E-9	4.560397E-9	4.690263E-9	4.764100E-9	4.614931E-9	4.597015E-9	4.561899E-9	4.786651E-9	4.735171E-9	4.791844E-9	4.802177E-9	4.712637E-9	4.867462E-9	4.921169E-9	5.046162E-9
0:28:51	1	2.871871E+1	2.552500E+1	2.554700E+1	5.067000E-4	-1.190800E-3	4.060000E+2	1.573500E-7	1.563767E-7	4.808835E-9	4.747330E-9	4.883115E-9	4.949948E-9	4.854511E-9	4.800204E-9	4.862320E-9	4.744430E-9	4.758145E-9	4.731707E-9	4.812031E-9	4.779560E-9	4.815336E-9	4.864617E-9	4.799527E-9	4.661990E-9	4.863281E-9	4.796630E-9	4.787163E-9	4.923093E-9	5.005709E-9	4.852034E-9	4.832066E-9	4.790136E-9	5.032938E-9	4.977096E-9	5.034688E-9	5.050687E-9	4.953605E-9	5.118701E-9	5.171614E-9	5.313659E-9
0:29:05	1	2.871704E+1	2.551900E+1	2.554000E+1	5.320000E-4	-1.241400E-3	4.080000E+2	1.652000E-7	1.641375E-7	5.041666E-9	4.978042E-9	5.116176E-9	5.187272E-9	5.089307E-9	5.031398E-9	5.097490E-9	4.973921E-9	4.989574E-9	4.965655E-9	5.046793E-9	5.018389E-9	5.051287E-9	5.100950E-9	5.034725E-9	4.888117E-9	5.107247E-9	5.036492E-9	5.027977E-9	5.171783E-9	5.254828E-9	5.096946E-9	5.074826E-9	5.035997E-9	5.286982E-9	5.232774E-9	5.288898E-9	5.308316E-9	5.205749E-9	5.380206E-9	5.438870E-9	5.578814E-9
0:29:18	1	2.871628E+1	2.552300E+1	2.554300E+1	5.574000E-4	-1.216100E-3	4.100000E+2	1.733600E-7	1.727454E-7	5.292532E-9	5.231137E-9	5.380656E-9	5.458075E-9	5.351410E-9	5.289371E-9	5.357738E-9	5.227699E-9	5.244330E-9	5.221656E-9	5.304508E-9	5.279827E-9	5.309095E-9	5.367449E-9	5.293170E-9	5.140067E-9	5.372563E-9	5.302665E-9	5.296129E-9	5.440534E-9	5.538398E-9	5.373735E-9	5.345198E-9	5.301372E-9	5.569966E-9	5.512444E-9	5.572027E-9	5.591143E-9	5.486753E-9	5.668768E-9	5.736231E-9	5.888793E-9
0:29:32	1	2.871894E+1	2.552100E+1	2.554100E+1	5.320000E-4	-1.241400E-3	4.111761E+2	1.791800E-7	1.781377E-7	5.453974E-9	5.387510E-9	5.543236E-9	5.619139E-9	5.512334E-9	5.449220E-9	5.521087E-9	5.386360E-9	5.404448E-9	5.381792E-9	5.466939E-9	5.440288E-9	5.469289E-9	5.530137E-9	5.458434E-9	5.304491E-9	5.540887E-9	5.468574E-9	5.462297E-9	5.612054E-9	5.714383E-9	5.543750E-9	5.513462E-9	5.473587E-9	5.749290E-9	5.690056E-9	5.750150E-9	5.769500E-9	5.667416E-9	5.852334E-9	5.927467E-9	6.073857E-9
0:29:45	1	2.871658E+1	2.551800E+1	2.553800E+1	5.194000E-4	-1.266800E-3	4.123523E+2	1.846300E-7	1.837931E-7	5.618066E-9	5.557248E-9	5.712771E-9	5.795138E-9	5.683458E-9	5.616613E-9	5.693532E-9	5.553326E-9	5.570968E-9	5.548121E-9	5.638347E-9	5.611801E-9	5.644432E-9	5.705257E-9	5.627246E-9	5.465052E-9	5.718143E-9	5.643042E-9	5.637537E-9	5.791158E-9	5.895669E-9	5.725104E-9	5.694994E-9	5.646370E-9	5.936559E-9	5.878910E-9	5.936671E-9	5.956786E-9	5.848142E-9	6.045405E-9	6.123471E-9	6.273735E-9
0:29:59	1	2.871780E+1	2.551400E+1	2.553900E+1	5.320000E-4	-1.292100E-3	4.135284E+2	1.902500E-7	1.893187E-7	5.785372E-9	5.719610E-9	5.879270E-9	5.963986E-9	5.852872E-9	5.780863E-9	5.857892E-9	5.715473E-9	5.735079E-9	5.708129E-9	5.805329E-9	5.777251E-9	5.809631E-9	5.870470E-9	5.794475E-9	5.626880E-9	5.887100E-9	5.811405E-9	5.806856E-9	5.969009E-9	6.078596E-9	5.898963E-9	5.866164E-9	5.824754E-9	6.120675E-9	6.057088E-9	6.118520E-9	6.142171E-9	6.031771E-9	6.235625E-9	6.314521E-9	6.472920E-9
0:30:12	1	2.871932E+1	2.551300E+1	2.553400E+1	5.447000E-4	-1.266800E-3	4.147045E+2	1.962700E-7	1.954714E-7	5.967247E-9	5.896410E-9	6.063154E-9	6.152643E-9	6.036476E-9	5.964222E-9	6.047139E-9	5.897341E-9	5.918903E-9	5.890952E-9	5.991534E-9	5.960193E-9	5.991741E-9	6.059095E-9	5.979186E-9	5.808580E-9	6.083933E-9	6.005134E-9	5.999985E-9	6.162093E-9	6.272945E-9	6.095183E-9	6.060207E-9	6.015538E-9	6.321440E-9	6.259259E-9	6.321460E-9	6.349530E-9	6.234788E-9	6.443778E-9	6.526394E-9	6.694894E-9
0:30:26	1	2.871689E+1	2.550700E+1	2.553100E+1	5.320000E-4	-1.317400E-3	4.158807E+2	2.026400E-7	2.019387E-7	6.161104E-9	6.088218E-9	6.257467E-9	6.352124E-9	6.231296E-9	6.152861E-9	6.237333E-9	6.087580E-9	6.107039E-9	6.088688E-9	6.183808E-9	6.157282E-9	6.188801E-9	6.253778E-9	6.175997E-9	5.996545E-9	6.282285E-9	6.207295E-9	6.199350E-9	6.367405E-9	6.487610E-9	6.304760E-9	6.267835E-9	6.208400E-9	6.536831E-9	6.473925E-9	6.539931E-9	6.565243E-9	6.445447E-9	6.665363E-9	6.749054E-9	6.918008E-9
0:30:39	1	2.871848E+1	2.550100E+1	2.552100E+1	5.320000E-4	-1.342800E-3	4.170568E+2	2.096300E-7	2.087292E-7	6.359251E-9	6.286711E-9	6.463096E-9	6.558754E-9	6.435050E-9	6.350867E-9	6.442880E-9	6.284413E-9	6.308106E-9	6.286743E-9	6.387338E-9	6.355950E-9	6.390424E-9	6.462850E-9	6.379144E-9	6.198054E-9	6.494387E-9	6.415124E-9	6.417236E-9	6.583371E-9	6.712056E-9	6.522146E-9	6.480079E-9	6.427071E-9	6.761302E-9	6.695312E-9	6.764590E-9	6.793049E-9	6.671196E-9	6.897087E-9	6.988147E-9	7.157394E-9
0:30:53	1	2.871825E+1	2.550100E+1	2.552000E+1	5.194000E-4	-1.355500E-3	4.182329E+2	2.162800E-7	2.154649E-7	6.559540E-9	6.477068E-9	6.664932E-9	6.770067E-9	6.635253E-9	6.552517E-9	6.644066E-9	6.482897E-9	6.508222E-9	6.480750E-9	6.588337E-9	6.560048E-9	6.600153E-9	6.669460E-9	6.583239E-9	6.393679E-9	6.699708E-9	6.621629E-9	6.618681E-9	6.795387E-9	6.928299E-9	6.735059E-9	6.692382E-9	6.635480E-9	6.988105E-9	6.921158E-9	6.985460E-9	7.017943E-9	6.889494E-9	7.131916E-9	7.224543E-9	7.409379E-9
0:31:06	1	2.871689E+1	2.549100E+1	2.551700E+1	5.320000E-4	-1.380800E-3	4.194090E+2	2.238800E-7	2.229672E-7	6.773955E-9	6.700464E-9	6.886679E-9	6.991885E-9	6.854211E-9	6.772900E-9	6.870834E-9	6.699960E-9	6.726022E-9	6.700478E-9	6.815322E-9	6.785805E-9	6.822803E-9	6.895571E-9	6.810771E-9	6.612213E-9	6.940632E-9	6.853813E-9	6.855526E-9	7.037369E-9	7.172684E-9	6.981043E-9	6.930466E-9	6.875046E-9	7.233951E-9	7.166159E-9	7.235439E-9	7.271393E-9	7.139682E-9	7.388160E-9	7.491861E-9	7.674090E-9
0:31:20	1	2.871947E+1	2.548900E+1	2.551100E+1	5.447000E-4	-1.393500E-3	4.205852E+2	2.318800E-7	2.309217E-7	7.006975E-9	6.928654E-9	7.123218E-9	7.234716E-9	7.095913E-9	7.007552E-9	7.108973E-9	6.929705E-9	6.961888E-9	6.934741E-9	7.050021E-9	7.019898E-9	7.060402E-9	7.138656E-9	7.052302E-9	6.846822E-9	7.186371E-9	7.103872E-9	7.103016E-9	7.284305E-9	7.433728E-9	7.232886E-9	7.181882E-9	7.126447E-9	7.504136E-9	7.430002E-9	7.501140E-9	7.537315E-9	7.397888E-9	7.662212E-9	7.773729E-9	7.962353E-9
0:31:33	1	2.871643E+1	2.549200E+1	2.551200E+1	5.194000E-4	-1.342800E-3	4.217613E+2	2.400600E-7	2.392749E-7	7.254371E-9	7.167940E-9	7.370249E-9	7.489886E-9	7.340783E-9	7.251506E-9	7.357596E-9	7.175747E-9	7.205424E-9	7.180884E-9	7.296227E-9	7.265422E-9	7.310924E-9	7.390577E-9	7.298774E-9	7.087949E-9	7.452130E-9	7.363561E-9	7.366253E-9	7.554434E-9	7.704679E-9	7.504508E-9	7.449094E-9	7.390183E-9	7.784283E-9	7.707914E-9	7.781112E-9	7.814570E-9	7.678448E-9	7.948998E-9	8.070463E-9	8.260050E-9
0:31:47	1	2.871765E+1	2.549500E+1	2.551500E+1	5.447000E-4	-1.342800E-3	4.229374E+2	2.484100E-7	2.476306E-7	7.491174E-9	7.407667E-9	7.614183E-9	7.744361E-9	7.586413E-9	7.496905E-9	7.601040E-9	7.417540E-9	7.447122E-9	7.433410E-9	7.548630E-9	7.520291E-9	7.559418E-9	7.646725E-9	7.549554E-9	7.335088E-9	7.707941E-9	7.619096E-9	7.625775E-9	7.819926E-9	7.985662E-9	7.771783E-9	7.708471E-9	7.654361E-9	8.062663E-9	7.983501E-9	8.061209E-9	8.097271E-9	7.959830E-9	8.238573E-9	8.364816E-9	8.570222E-9
0:32:00	1	2.871886E+1	2.549000E+1	2.551800E+1	5.194000E-4	-1.342800E-3	4.241136E+2	2.581300E-7	2.569620E-7	7.757554E-9	7.680309E-9	7.894528E-9	8.026302E-9	7.858526E-9	7.769209E-9	7.882195E-9	7.681401E-9	7.725902E-9	7.699460E-9	7.828979E-9	7.797515E-9	7.836544E-9	7.921553E-9	7.829788E-9	7.606657E-9	8.000814E-9	7.908744E-9	7.917798E-9	8.113502E-9	8.283241E-9	8.070555E-9	8.011637E-9	7.949130E-9	8.375475E-9	8.297149E-9	8.377111E-9	8.417267E-9	8.273290E-9	8.570035E-9	8.692723E-9	8.907110E-9
0:32:14	1	2.871658E+1	2.549000E+1	2.551300E+1	5.320000E-4	-1.368100E-3	4.252897E+2	2.675900E-7	2.668602E-7	8.050988E-9	7.960265E-9	8.182015E-9	8.322545E-9	8.157756E-9	8.054713E-9	8.173331E-9	7.970120E-9	8.009752E-9	7.993125E-9	8.126526E-9	8.085853E-9	8.132292E-9	8.224905E-9	8.128900E-9	7.892656E-9	8.308764E-9	8.217525E-9	8.222358E-9	8.436169E-9	8.614896E-9	8.395030E-9	8.324090E-9	8.265551E-9	8.713254E-9	8.626562E-9	8.698567E-9	8.748087E-9	8.601402E-9	8.909541E-9	9.050860E-9	9.261852E-9
0:32:27	1	2.871757E+1	2.548700E+1	2.550900E+1	5.320000E-4	-1.368100E-3	4.264658E+2	2.781200E-7	2.773269E-7	8.346882E-9	8.258127E-9	8.489038E-9	8.635753E-9	8.455784E-9	8.362095E-9	8.481840E-9	8.273234E-9	8.314393E-9	8.295512E-9	8.434761E-9	8.401791E-9	8.446413E-9	8.536086E-9	8.439225E-9	8.198337E-9	8.639713E-9	8.539653E-9	8.554699E-9	8.769302E-9	8.959169E-9	8.728258E-9	8.659040E-9	8.601111E-9	9.058597E-9	8.983294E-9	9.062327E-9	9.104231E-9	8.951930E-9	9.281426E-9	9.423424E-9	9.641412E-9
0:32:41	1	2.871917E+1	2.549100E+1	2.551500E+1	5.320000E-4	-1.330100E-3	4.276420E+2	2.880900E-7	2.878195E-7	8.649967E-9	8.562487E-9	8.792833E-9	8.947502E-9	8.764580E-9	8.662245E-9	8.793125E-9	8.582121E-9	8.622018E-9	8.602072E-9	8.738568E-9	8.714441E-9	8.754132E-9	8.857864E-9	8.749548E-9	8.499717E-9	8.966985E-9	8.867694E-9	8.878534E-9	9.104003E-9	9.301295E-9	9.074021E-9	8.994429E-9	8.924644E-9	9.420399E-9	9.323947E-9	9.414785E-9	9.466519E-9	9.308329E-9	9.648242E-9	9.802448E-9	1.003003E-8
0:32:54	1	2.871673E+1	2.549400E+1	2.551700E+1	5.320000E-4	-1.317400E-3	4.288181E+2	3.001700E-7	2.996081E-7	8.978716E-9	8.891120E-9	9.139044E-9	9.298361E-9	9.104356E-9	9.000864E-9	9.150900E-9	8.915609E-9	8.961523E-9	8.936752E-9	9.083661E-9	9.057845E-9	9.104039E-9	9.212206E-9	9.103135E-9	8.842485E-9	9.338096E-9	9.234695E-9	9.250808E-9	9.473684E-9	9.696489E-9	9.459218E-9	9.375376E-9	9.310935E-9	9.816186E-9	9.723134E-9	9.811506E-9	9.869328E-9	9.705964E-9	1.006334E-8	1.022920E-8	1.046954E-8
0:33:08	1	2.871879E+1	2.549900E+1	2.552000E+1	5.320000E-4	-1.292100E-3	4.299942E+2	3.125700E-7	3.122652E-7	9.348835E-9	9.250332E-9	9.506810E-9	9.668839E-9	9.474607E-9	9.358970E-9	9.507097E-9	9.271292E-9	9.330249E-9	9.307326E-9	9.459357E-9	9.430740E-9	9.483336E-9	9.596965E-9	9.481364E-9	9.208037E-9	9.727389E-9	9.634739E-9	9.642799E-9	9.881794E-9	1.011175E-8	9.873958E-9	9.783366E-9	9.712394E-9	1.025006E-8	1.015774E-8	1.023506E-8	1.030493E-8	1.013605E-8	1.050696E-8	1.069021E-8	1.093179E-8
0:33:21	1	2.871772E+1	2.550600E+1	2.552500E+1	5.447000E-4	-1.266800E-3	4.311704E+2	3.260600E-7	3.258184E-7	9.734593E-9	9.635208E-9	9.899798E-9	1.007349E-8	9.869314E-9	9.749322E-9	9.903658E-9	9.660267E-9	9.719767E-9	9.702925E-9	9.855791E-9	9.825926E-9	9.879991E-9	9.995229E-9	9.884992E-9	9.596499E-9	1.015229E-8	1.005410E-8	1.006975E-8	1.030827E-8	1.056235E-8	1.031736E-8	1.021619E-8	1.014841E-8	1.071640E-8	1.061013E-8	1.070516E-8	1.076580E-8	1.059867E-8	1.099075E-8	1.117824E-8	1.143779E-8
0:33:35	1	2.871643E+1	2.551200E+1	2.552900E+1	5.320000E-4	-1.254100E-3	4.323465E+2	3.415000E-7	3.402375E-7	1.013694E-8	1.003976E-8	1.031409E-8	1.050005E-8	1.027441E-8	1.015897E-8	1.032277E-8	1.006719E-8	1.013198E-8	1.011552E-8	1.028314E-8	1.025111E-8	1.030540E-8	1.042782E-8	1.031130E-8	1.001439E-8	1.060284E-8	1.049890E-8	1.052234E-8	1.077933E-8	1.103888E-8	1.079087E-8	1.068478E-8	1.060646E-8	1.121604E-8	1.110032E-8	1.119211E-8	1.126783E-8	1.108503E-8	1.150343E-8	1.171789E-8	1.197563E-8
0:33:48	1	2.871886E+1	2.551500E+1	2.553600E+1	5.447000E-4	-1.228800E-3	4.335226E+2	3.552400E-7	3.547862E-7	1.054395E-8	1.044229E-8	1.072585E-8	1.091609E-8	1.070498E-8	1.056963E-8	1.073550E-8	1.048578E-8	1.055104E-8	1.053684E-8	1.071031E-8	1.067200E-8	1.073291E-8	1.085651E-8	1.074027E-8	1.044158E-8	1.106378E-8	1.095767E-8	1.098293E-8	1.123865E-8	1.152045E-8	1.126703E-8	1.115494E-8	1.107816E-8	1.171593E-8	1.159246E-8	1.169276E-8	1.176922E-8	1.158369E-8	1.202973E-8	1.224412E-8	1.252911E-8
0:34:02	1	2.871749E+1	2.551100E+1	2.553700E+1	5.194000E-4	-1.241400E-3	4.346987E+2	3.717900E-7	3.713585E-7	1.101560E-8	1.091071E-8	1.120822E-8	1.140086E-8	1.116805E-8	1.103397E-8	1.121652E-8	1.094533E-8	1.102575E-8	1.100461E-8	1.118919E-8	1.116488E-8	1.121051E-8	1.135498E-8	1.123302E-8	1.091796E-8	1.158542E-8	1.146975E-8	1.149504E-8	1.176750E-8	1.207062E-8	1.182476E-8	1.168968E-8	1.162194E-8	1.228928E-8	1.215902E-8	1.225548E-8	1.234469E-8	1.215764E-8	1.262859E-8	1.284976E-8	1.314914E-8
0:34:15	1	2.871727E+1	2.552500E+1	2.554700E+1	5.320000E-4	-1.241400E-3	4.358749E+2	3.900500E-7	3.893190E-7	1.151027E-8	1.140227E-8	1.170974E-8	1.193000E-8	1.167888E-8	1.154595E-8	1.172880E-8	1.146050E-8	1.153291E-8	1.151674E-8	1.170936E-8	1.167076E-8	1.174114E-8	1.189271E-8	1.175738E-8	1.142958E-8	1.214551E-8	1.203268E-8	1.206700E-8	1.234030E-8	1.267184E-8	1.242073E-8	1.226941E-8	1.219650E-8	1.292618E-8	1.277979E-8	1.288090E-8	1.297144E-8	1.277041E-8	1.327072E-8	1.352132E-8	1.383722E-8
0:34:29	1	2.871879E+1	2.553400E+1	2.554900E+1	5.194000E-4	-1.190800E-3	4.370510E+2	4.092900E-7	4.086224E-7	1.204360E-8	1.193255E-8	1.225893E-8	1.248407E-8	1.222761E-8	1.208138E-8	1.228012E-8	1.198416E-8	1.208388E-8	1.207974E-8	1.226987E-8	1.223658E-8	1.230254E-8	1.245329E-8	1.232508E-8	1.198449E-8	1.275482E-8	1.263948E-8	1.267221E-8	1.297065E-8	1.331218E-8	1.305954E-8	1.289356E-8	1.281871E-8	1.359216E-8	1.342787E-8	1.354768E-8	1.364973E-8	1.345000E-8	1.398636E-8	1.424794E-8	1.457165E-8
0:34:42	1	2.871651E+1	2.553400E+1	2.555100E+1	5.194000E-4	-1.216100E-3	4.382271E+2	4.289100E-7	4.283616E-7	1.259490E-8	1.247991E-8	1.280799E-8	1.305055E-8	1.277367E-8	1.263014E-8	1.283681E-8	1.253332E-8	1.264157E-8	1.263643E-8	1.283993E-8	1.280126E-8	1.287460E-8	1.304447E-8	1.290056E-8	1.253883E-8	1.336559E-8	1.326032E-8	1.328599E-8	1.359830E-8	1.397649E-8	1.372732E-8	1.354279E-8	1.346414E-8	1.429880E-8	1.411803E-8	1.423865E-8	1.433930E-8	1.413615E-8	1.470080E-8	1.498366E-8	1.534033E-8
0:34:56	1	2.871848E+1	2.553500E+1	2.555600E+1	5.447000E-4	-1.216100E-3	4.394033E+2	4.517600E-7	4.510912E-7	1.320617E-8	1.309582E-8	1.344017E-8	1.369639E-8	1.341629E-8	1.325521E-8	1.347599E-8	1.316098E-8	1.329028E-8	1.327659E-8	1.348636E-8	1.345087E-8	1.352602E-8	1.371384E-8	1.356289E-8	1.319101E-8	1.408773E-8	1.397229E-8	1.401662E-8	1.433447E-8	1.474284E-8	1.448669E-8	1.429009E-8	1.420474E-8	1.510305E-8	1.489279E-8	1.503127E-8	1.514650E-8	1.493275E-8	1.553949E-8	1.584621E-8	1.621880E-8
0:35:09	1	2.871795E+1	2.553200E+1	2.555600E+1	5.320000E-4	-1.254100E-3	4.405794E+2	4.766000E-7	4.759683E-7	1.389703E-8	1.376279E-8	1.413045E-8	1.439944E-8	1.410877E-8	1.393226E-8	1.418889E-8	1.384255E-8	1.397728E-8	1.397774E-8	1.419242E-8	1.416862E-8	1.424889E-8	1.443413E-8	1.429021E-8	1.388965E-8	1.486385E-8	1.474657E-8	1.479078E-8	1.512850E-8	1.557115E-8	1.532493E-8	1.509824E-8	1.501755E-8	1.598807E-8	1.575718E-8	1.590654E-8	1.604519E-8	1.581611E-8	1.647665E-8	1.679932E-8	1.719661E-8
0:35:23	1	2.871605E+1	2.553100E+1	2.555200E+1	5.320000E-4	-1.279400E-3	4.417555E+2	5.036900E-7	5.030297E-7	1.461545E-8	1.449471E-8	1.486737E-8	1.515641E-8	1.484237E-8	1.466739E-8	1.494241E-8	1.458245E-8	1.473939E-8	1.472356E-8	1.496354E-8	1.492641E-8	1.501433E-8	1.522145E-8	1.507726E-8	1.466480E-8	1.570895E-8	1.560432E-8	1.565684E-8	1.600653E-8	1.648850E-8	1.623661E-8	1.598701E-8	1.592137E-8	1.695777E-8	1.671640E-8	1.686056E-8	1.700295E-8	1.677979E-8	1.747641E-8	1.785749E-8	1.826887E-8
0:35:36	1	2.871962E+1	2.552700E+1	2.555200E+1	5.194000E-4	-1.330100E-3	4.429317E+2	5.317000E-7	5.312396E-7	1.537972E-8	1.522670E-8	1.563836E-8	1.593629E-8	1.560061E-8	1.542207E-8	1.572707E-8	1.535006E-8	1.551773E-8	1.551204E-8	1.576273E-8	1.572803E-8	1.582379E-8	1.604587E-8	1.589149E-8	1.545603E-8	1.660214E-8	1.647930E-8	1.654998E-8	1.692669E-8	1.743190E-8	1.720304E-8	1.692469E-8	1.684980E-8	1.797111E-8	1.769301E-8	1.784911E-8	1.802080E-8	1.780296E-8	1.856324E-8	1.894627E-8	1.940699E-8
0:35:50	1	2.871765E+1	2.552100E+1	2.554700E+1	5.447000E-4	-1.317400E-3	4.441078E+2	5.643700E-7	5.640740E-7	1.624009E-8	1.609582E-8	1.652169E-8	1.684078E-8	1.649317E-8	1.630153E-8	1.661639E-8	1.621844E-8	1.643014E-8	1.643058E-8	1.668117E-8	1.665512E-8	1.675113E-8	1.699285E-8	1.682974E-8	1.637206E-8	1.763736E-8	1.751189E-8	1.761093E-8	1.798170E-8	1.855451E-8	1.831869E-8	1.801490E-8	1.794686E-8	1.917165E-8	1.884975E-8	1.902298E-8	1.921606E-8	1.897452E-8	1.980068E-8	2.024604E-8	2.074473E-8
0:36:03	1	2.871704E+1	2.552100E+1	2.554400E+1	5.320000E-4	-1.355500E-3	4.452839E+2	6.005100E-7	6.005613E-7	1.719557E-8	1.704402E-8	1.749136E-8	1.782685E-8	1.746511E-8	1.726779E-8	1.758853E-8	1.718834E-8	1.742850E-8	1.742167E-8	1.770014E-8	1.766803E-8	1.777640E-8	1.804408E-8	1.785256E-8	1.739967E-8	1.879789E-8	1.865809E-8	1.877406E-8	1.915337E-8	1.979569E-8	1.958213E-8	1.924114E-8	1.918321E-8	2.051097E-8	2.015654E-8	2.032888E-8	2.055144E-8	2.031809E-8	2.120078E-8	2.170400E-8	2.224639E-8
