APD#	0016	Started	07/03/07 13:36	Sense_ohms	1.004464E+6	1.004628E+6	1.002105E+6	1.000924E+6	9.998282E+5	1.007735E+6	1.002821E+6	9.989270E+5	9.993226E+5	1.002376E+6	1.001862E+6	1.003102E+6	1.000030E+6	1.003780E+6	1.000011E+6	1.000898E+6	9.999006E+5	1.006439E+6	1.005624E+6	1.010450E+6	1.003884E+6	1.005600E+6	1.002519E+6	1.006362E+6	1.004620E+6	1.008599E+6	1.003214E+6	1.000475E+6	1.003139E+6	9.996927E+5	1.009944E+6	1.000506E+6					
ElapTime	Shutter_Open	DegC	H2O_In	H2O_Out	TE_A	TE_V	BiasV	KE237_Amps	Pixel_Sum	A1	A2	A3	A4	A5	A6	A7	A8	B1	B2	B3	B4	B5	B6	B7	B8	C1	C2	C3	C4	C5	C6	C7	C8	D1	D2	D3	D4	D5	D6	D7	D8
0:00:00	0	-2.009905E+1	1.530400E+1	1.748300E+1	2.313545E+0	2.587601E+0	0.000000E+0	-3.895800E-10	-1.982302E-10	-1.639680E-12	-6.620361E-12	-7.648899E-12	-6.202269E-12	-5.511947E-12	-5.342674E-12	-5.622140E-12	-4.565899E-12	-5.387650E-12	-4.676888E-12	-6.638639E-12	-1.692350E-11	-4.433867E-12	-4.985156E-12	-1.387285E-11	-3.164159E-12	-8.235819E-12	-6.734636E-12	-5.480179E-12	-4.889901E-12	-9.590750E-12	-2.519889E-12	-6.002879E-12	-6.168754E-12	-6.494993E-12	-6.469370E-12	-5.241155E-12	-5.761263E-12	-4.736133E-12	-5.195597E-12	-5.394358E-12	-6.077925E-12
0:00:13	0	-2.009548E+1	1.531700E+1	1.745900E+1	2.305121E+0	2.580532E+0	0.000000E+0	-2.836100E-10	-4.138899E-10	1.639680E-12	-1.393451E-11	-1.080925E-11	-1.196095E-11	-1.146697E-11	-1.225719E-11	-1.250672E-11	-2.409686E-11	-1.293076E-11	-1.301807E-11	-1.093863E-11	-1.067190E-11	-1.140166E-11	-1.281058E-11	-2.799769E-11	-1.082228E-11	-1.267026E-11	-1.239916E-11	-1.354284E-11	-1.492009E-11	-1.514418E-11	-1.228321E-11	-1.307905E-11	-1.315531E-11	-1.273715E-11	-1.199585E-11	-1.363817E-11	-1.222020E-11	-1.250275E-11	-1.121545E-11	-1.342253E-11	-1.297943E-11
0:00:26	0	-2.009852E+1	1.530700E+1	1.743600E+1	2.287766E+0	2.562848E+0	1.000000E+1	2.378900E-10	-3.782834E-10	1.264356E-13	-1.198055E-11	-1.024044E-11	-1.139147E-11	-1.184704E-11	-1.125197E-11	-9.285805E-12	-1.388790E-11	-1.185303E-11	-1.289137E-11	-1.416263E-11	4.546896E-12	-1.095867E-11	-1.274781E-11	-2.806169E-11	-1.018985E-11	-1.615461E-11	-1.195900E-11	-1.240921E-11	-1.310208E-11	-1.508043E-11	-1.297633E-11	-1.200576E-11	-6.986552E-12	-1.198065E-11	-1.268691E-11	-1.281780E-11	-1.253605E-11	-1.225055E-11	-1.191266E-11	-1.379878E-11	-1.354914E-11
0:00:40	0	-2.009905E+1	1.530600E+1	1.742100E+1	2.281116E+0	2.556653E+0	2.000000E+1	3.457300E-10	-3.468533E-10	-2.518756E-13	-1.210597E-11	-1.201072E-11	-1.177112E-11	-1.222810E-11	-1.030926E-11	-1.130710E-11	3.360606E-12	-1.191707E-11	-1.213317E-11	-1.492122E-11	1.452494E-12	-1.102167E-11	-1.306262E-11	-1.912979E-11	-1.018985E-11	-1.590158E-11	-1.346927E-11	-1.165346E-11	-1.347815E-11	-1.236796E-11	-1.133850E-11	-1.150003E-11	9.439943E-13	-1.292628E-11	-1.344043E-11	-1.256561E-11	-1.196632E-11	-1.281876E-11	-1.324307E-11	-1.034909E-11	-1.323230E-11
0:00:53	0	-2.009670E+1	1.534400E+1	1.744300E+1	2.268739E+0	2.544581E+0	3.000000E+1	2.874300E-10	-3.365717E-10	3.155912E-13	-1.179043E-11	-1.017758E-11	-1.139147E-11	-1.197406E-11	-1.131448E-11	-1.035978E-11	2.599790E-12	-1.223429E-11	-1.358672E-11	-1.245581E-11	-2.936391E-11	-1.317560E-11	-1.394628E-11	7.854914E-12	-1.202520E-11	-1.577457E-11	-1.378424E-11	-1.322761E-11	-1.253798E-11	-9.149463E-12	-1.001591E-11	-1.194192E-11	1.107852E-11	-1.122315E-11	-1.205831E-11	-1.332318E-11	-1.329568E-11	-1.111411E-11	-1.146852E-11	-1.279477E-11	-1.291546E-11
0:01:07	0	-2.000055E+1	1.533800E+1	1.743000E+1	2.277442E+0	2.551067E+0	4.000000E+1	3.711800E-10	-3.294115E-10	0.000000E+0	-1.185414E-11	-1.074638E-11	-1.259436E-11	-1.146697E-11	-1.288632E-11	-1.162221E-11	-9.194866E-12	-1.229733E-11	-1.232272E-11	-1.150757E-11	-4.293681E-12	-1.285861E-11	-1.401004E-11	-8.741904E-12	-9.049873E-12	-1.191018E-11	-1.227297E-11	-1.234656E-11	-1.429363E-11	-1.438712E-11	-1.152745E-11	-1.478575E-11	2.341503E-11	-1.279986E-11	-1.193338E-11	-1.187085E-11	-1.183938E-11	-1.237715E-11	-1.115243E-11	-1.197987E-11	-1.190298E-11
0:01:20	0	-1.999812E+1	1.534300E+1	1.743500E+1	2.267219E+0	2.543681E+0	5.000000E+1	1.032300E-9	-3.036304E-10	2.518756E-13	-1.153860E-11	-1.201072E-11	-1.196095E-11	-1.153098E-11	-1.175408E-11	-9.475270E-12	-6.848348E-12	-1.242442E-11	-1.289137E-11	-1.169722E-11	6.251608E-12	-1.095867E-11	-1.451414E-11	-2.204376E-11	-9.746248E-12	-1.229022E-11	-1.315430E-11	-1.272444E-11	-1.260033E-11	-1.627977E-11	-1.026750E-11	-1.282669E-11	4.116610E-11	-1.191694E-11	-1.073965E-11	-1.117608E-11	-1.057398E-11	-1.218774E-11	-1.172260E-11	-1.135211E-11	-1.209288E-11
0:01:34	0	-1.999546E+1	1.537700E+1	1.744000E+1	2.267865E+0	2.544239E+0	6.000000E+1	1.016400E-9	-3.054782E-10	3.783112E-13	-1.179043E-11	-1.112558E-11	-1.145442E-11	-1.216409E-11	-1.112594E-11	-1.263336E-11	-8.434050E-12	-1.178999E-11	-1.327047E-11	-1.283510E-11	-7.514689E-12	-9.691709E-12	-1.445137E-11	-2.831469E-11	-1.158160E-11	-1.210020E-11	-1.265054E-11	-1.203134E-11	-1.404226E-11	-6.751776E-12	-1.045644E-11	-1.371146E-11	5.784598E-11	-1.267345E-11	-1.149317E-11	-1.161766E-11	-1.164947E-11	-1.193454E-11	-1.102539E-11	-1.078773E-11	-1.259962E-11
0:01:47	0	-2.011243E+1	1.536900E+1	1.745400E+1	2.262899E+0	2.537841E+0	7.000000E+1	1.159700E-9	-2.444001E-10	-1.072214E-12	-9.772772E-12	-1.087211E-11	-1.215077E-11	-1.140396E-11	-1.081137E-11	-1.035978E-11	5.073444E-12	-1.381836E-11	-1.257612E-11	-1.327728E-11	-8.714966E-12	-1.152865E-11	-1.350495E-11	-7.474918E-12	-1.050557E-11	-1.577457E-11	-1.309170E-11	-1.215763E-11	-1.272601E-11	-9.654502E-12	-1.171639E-11	-1.194192E-11	1.020329E-10	-1.097131E-11	-1.086557E-11	-2.310973E-11	-1.285289E-11	-1.250275E-11	-1.203970E-11	-1.248188E-11	-1.177604E-11
0:02:01	0	-1.999979E+1	1.539500E+1	1.747200E+1	2.261759E+0	2.538298E+0	8.000000E+1	1.224000E-9	-2.387178E-10	1.891556E-13	-1.015202E-11	-1.194685E-11	-1.075906E-11	-1.134095E-11	-1.144051E-11	-1.200214E-11	-9.322003E-12	-1.134669E-11	-1.257612E-11	-1.302475E-11	-2.033392E-11	-1.070468E-11	-1.154835E-11	-1.013489E-11	-9.873134E-12	-1.305030E-11	-1.114027E-11	-1.253550E-11	-1.216191E-11	-1.324854E-12	-1.165374E-11	-9.857170E-12	1.055574E-10	-1.305170E-11	-1.249853E-11	-1.117608E-11	-1.278992E-11	-1.174513E-11	-1.140550E-11	-1.179174E-11	-1.177604E-11
0:02:14	0	-1.999827E+1	1.540400E+1	1.748200E+1	2.256502E+0	2.532268E+0	9.000000E+1	1.369000E-9	-1.875194E-10	1.387805E-12	-1.223239E-11	-1.043004E-11	-1.056923E-11	-1.140396E-11	-1.112594E-11	-1.313894E-11	-1.750178E-11	-8.493754E-12	-1.308092E-11	-1.296187E-11	-2.096497E-11	-1.209864E-11	-1.356771E-11	-8.677905E-12	-1.025279E-11	-1.089608E-11	-1.246176E-11	-1.259815E-11	-1.316443E-11	-3.091991E-12	-1.102327E-11	-1.200576E-11	1.661728E-10	-1.355637E-11	-1.149317E-11	-1.161766E-11	-1.228317E-11	-1.092471E-11	-1.102539E-11	-1.085110E-11	-1.158614E-11
0:02:28	0	-2.008910E+1	1.541500E+1	1.749400E+1	2.258972E+0	2.534459E+0	1.000000E+2	1.465700E-9	-1.117688E-10	-8.193425E-13	-1.053027E-11	-1.055678E-11	-1.227766E-11	-1.070684E-11	-1.144051E-11	-1.048542E-11	-2.555542E-11	-1.071226E-11	-1.257612E-11	-9.926517E-12	-2.008171E-11	-1.114867E-11	-1.262129E-11	-7.347919E-12	-9.683304E-12	-1.020001E-11	-1.170662E-11	-1.177876E-11	-1.322777E-11	-1.249348E-11	-1.165374E-11	-9.035240E-12	2.490078E-10	-1.134957E-11	-1.155563E-11	-1.294440E-11	-1.025713E-11	-1.237715E-11	-1.159556E-11	-1.241851E-11	-1.171307E-11
0:02:42	0	-2.008210E+1	1.541500E+1	1.748100E+1	2.268220E+0	2.542389E+0	1.200000E+2	1.864100E-9	1.110196E-10	1.450525E-12	-1.059298E-11	-1.106172E-11	-1.050529E-11	-1.077085E-11	-1.068634E-11	-9.854201E-12	-6.975485E-12	-1.039604E-11	-1.080632E-11	-1.258257E-11	7.135865E-12	-9.184724E-12	-1.394628E-11	-1.995378E-11	-7.468293E-12	-1.077007E-11	-1.164402E-11	-1.354284E-11	-1.191152E-11	-1.255723E-11	-1.033115E-11	-1.042574E-11	4.282733E-10	-1.166511E-11	-1.042535E-11	-1.092389E-11	-1.114371E-11	-1.187173E-11	-1.153254E-11	-1.085110E-11	-1.145920E-11
0:02:55	0	-2.009867E+1	1.540700E+1	1.747300E+1	2.258732E+0	2.533395E+0	1.400000E+2	2.080700E-9	4.722974E-10	8.830580E-13	-1.078210E-11	-9.986977E-12	-1.050529E-11	-1.089687E-11	-9.491583E-12	-7.769083E-12	-9.638342E-12	-1.083934E-11	-1.213317E-11	-1.018004E-11	-1.142955E-11	-8.487745E-12	-1.318915E-11	-1.836980E-12	-1.101211E-11	-1.298729E-11	-1.114027E-11	-8.882047E-12	-1.159780E-11	-1.369282E-11	-9.511734E-12	-1.042574E-11	7.828396E-10	-1.084490E-11	-1.030043E-11	-1.073450E-11	-9.877308E-12	-1.092471E-11	-1.013812E-11	-1.022334E-11	-1.196595E-11
0:03:09	0	-2.009981E+1	1.543400E+1	1.748500E+1	2.257186E+0	2.531394E+0	1.600000E+2	2.507400E-9	7.815297E-10	1.324089E-12	-6.746776E-12	-9.228574E-12	-9.935819E-12	-1.115092E-11	-8.799933E-12	-1.023313E-11	3.107334E-12	-9.761613E-12	-1.118542E-11	-1.169722E-11	-1.231380E-11	-8.741738E-12	-1.199068E-11	-5.130944E-12	-9.683304E-12	-1.260725E-11	-1.114027E-11	-1.096036E-11	-1.140977E-11	-3.344012E-12	-9.511734E-12	-1.080478E-11	1.065208E-9	-9.142760E-12	-9.357535E-12	-1.123888E-11	-8.863790E-12	-1.130352E-11	-1.172260E-11	-9.972830E-12	-1.012987E-11
0:03:23	0	-2.006835E+1	1.543800E+1	1.746100E+1	2.242378E+0	2.517839E+0	1.800000E+2	2.950800E-9	1.049766E-9	3.027485E-12	-8.133359E-12	-9.038973E-12	-7.657924E-12	-9.059556E-12	-9.303041E-12	-9.917024E-12	-1.902041E-12	-8.050453E-12	-1.055392E-11	-9.673987E-12	-1.275643E-11	-9.184724E-12	-1.167487E-11	1.203587E-11	-6.392260E-12	-1.197319E-11	-1.063651E-11	-1.121194E-11	-1.140977E-11	-9.022955E-12	-8.440732E-12	-9.540966E-12	1.305530E-9	-8.953634E-12	-8.415634E-12	-1.029192E-11	-8.547940E-12	-1.092471E-11	-9.757999E-12	-9.220313E-12	-9.180355E-12
0:03:37	0	-2.000024E+1	1.544100E+1	1.745000E+1	2.240097E+0	2.516281E+0	2.000000E+2	3.210200E-9	1.950837E-9	3.657672E-12	-7.440565E-12	-8.534036E-12	-8.544105E-12	-7.792339E-12	-6.788491E-12	-8.085192E-12	-1.762892E-11	-8.430711E-12	-8.657430E-12	-9.736870E-12	-1.016746E-11	-8.994730E-12	-1.003407E-11	-1.269986E-13	-7.024692E-12	-6.841680E-12	-8.811264E-12	-8.882047E-12	-1.128408E-11	-6.246738E-12	-8.000199E-12	-8.845718E-12	2.203182E-9	-8.890924E-12	-6.343453E-12	-9.282167E-12	-7.471451E-12	-9.219061E-12	-8.997765E-12	-9.909460E-12	-8.990451E-12
0:03:50	0	-1.999842E+1	1.539600E+1	1.744100E+1	2.250118E+0	2.525275E+0	2.200000E+2	4.034000E-9	2.047309E-9	4.981761E-12	-7.314150E-12	-8.153836E-12	-7.783808E-12	-7.286252E-12	-6.725975E-12	-5.368854E-12	5.834260E-12	-7.162852E-12	-8.342179E-12	-1.169722E-11	3.789246E-12	-4.877854E-12	-9.402459E-12	7.347919E-12	-5.379170E-12	-7.158712E-12	-7.741155E-12	-7.433196E-12	-8.400218E-12	-3.722542E-12	-5.417661E-12	-7.392379E-12	2.217344E-9	-8.386255E-12	-5.840775E-12	-6.882878E-12	-6.205053E-12	-6.630188E-12	-8.047473E-12	-6.397384E-12	-6.837540E-12
0:04:04	0	-1.999873E+1	1.534900E+1	1.742100E+1	2.245659E+0	2.521044E+0	2.400000E+2	4.315000E-9	2.698678E-9	7.315344E-12	-5.359198E-12	-6.826630E-12	-5.822620E-12	-5.004860E-12	-4.840558E-12	-5.495497E-12	2.346518E-12	-7.860325E-12	-6.003735E-12	-9.484340E-12	-1.559762E-11	-5.320840E-12	-6.184622E-12	6.415499E-10	-4.303136E-12	-4.941491E-12	-6.230879E-12	-5.542827E-12	-8.525904E-12	3.975559E-12	-3.653540E-12	-6.634288E-12	2.211113E-9	-5.863909E-12	-3.265916E-12	-7.197866E-12	-3.925136E-12	-6.756790E-12	-6.082869E-12	-5.958746E-12	-4.938501E-12
0:04:18	0	-1.997615E+1	1.534500E+1	1.738200E+1	2.236284E+0	2.512189E+0	2.600000E+2	6.172500E-9	3.352704E-9	9.396056E-12	-1.828538E-12	-2.275211E-12	-4.429907E-12	-2.470424E-12	-2.011441E-12	-1.073970E-12	-9.004662E-12	-3.233190E-12	-2.907093E-12	-2.718937E-12	-2.014451E-11	-5.067848E-12	-4.165255E-12	9.920331E-10	-2.594670E-12	-4.244422E-12	-4.090660E-12	-4.409203E-12	-3.698352E-12	-1.892649E-13	-2.960422E-12	-2.843836E-12	2.464024E-9	-3.152436E-12	-4.392231E-13	-6.819083E-12	-2.089008E-12	-3.473098E-12	-3.104954E-12	-3.700205E-12	-3.609174E-12
0:04:32	0	-1.999226E+1	1.535400E+1	1.736200E+1	2.241022E+0	2.515217E+0	2.800000E+2	5.637000E-9	4.247980E-9	1.318016E-11	3.530660E-12	5.688027E-13	-1.518597E-12	1.710294E-12	2.326008E-12	5.368854E-12	-8.179777E-12	-1.521030E-12	1.201146E-12	6.288291E-14	-3.914856E-12	-1.899943E-13	-5.678535E-13	9.283088E-10	2.848442E-12	2.217220E-12	1.132707E-12	1.133624E-12	-2.570142E-12	6.305509E-13	1.700477E-12	1.326658E-12	3.291553E-9	-6.271028E-14	1.883801E-12	5.682736E-12	2.342887E-12	-1.452441E-12	-6.301937E-14	-7.525170E-13	6.296814E-14
0:04:45	0	-1.999911E+1	1.531000E+1	1.735300E+1	2.238045E+0	2.510922E+0	3.000000E+2	6.530100E-9	4.885157E-9	1.904498E-11	9.142688E-12	3.729150E-12	6.012445E-12	7.032208E-12	8.108282E-12	1.212779E-11	6.848348E-12	5.577778E-12	8.405030E-12	7.334343E-12	1.212439E-11	5.637831E-12	3.786686E-12	4.181344E-10	6.455203E-12	7.728768E-12	6.168282E-12	8.755758E-12	2.695829E-12	-5.677947E-13	6.362371E-12	6.381924E-12	4.259515E-9	3.278852E-12	7.788031E-12	6.061518E-12	9.750369E-12	6.061971E-12	6.272928E-12	3.323947E-12	6.077925E-12
0:04:59	0	-2.001081E+1	1.531300E+1	1.732100E+1	2.225415E+0	2.499166E+0	3.200000E+2	8.317600E-9	7.830354E-9	2.762170E-11	1.809625E-11	1.340079E-11	1.151836E-11	1.558568E-11	1.734881E-11	2.198199E-11	1.959503E-11	1.337506E-11	1.605186E-11	1.030581E-11	1.673409E-11	1.653250E-11	1.180039E-11	3.753139E-10	1.461987E-11	1.469746E-11	1.573468E-11	1.694470E-11	1.197387E-11	1.186292E-11	1.618934E-11	1.674382E-11	6.985010E-9	1.469113E-11	1.614120E-11	1.546928E-11	1.836128E-11	1.401899E-11	1.444744E-11	1.216800E-11	1.601789E-11
0:05:13	0	-2.000146E+1	1.531100E+1	1.731700E+1	2.227024E+0	2.499787E+0	3.400000E+2	1.156300E-8	8.386998E-9	4.212595E-11	3.474221E-11	2.907779E-11	2.493496E-11	2.768676E-11	3.218406E-11	3.808955E-11	3.754028E-11	2.687621E-11	3.147122E-11	2.510126E-11	9.283204E-12	2.698419E-11	2.574767E-11	9.984940E-10	2.632736E-11	2.996498E-11	2.781887E-11	3.111700E-11	2.551437E-11	3.464145E-11	2.960621E-11	3.209814E-11	6.508647E-9	2.768012E-11	3.102521E-11	3.056078E-11	3.235363E-11	2.740597E-11	2.794359E-11	2.565291E-11	2.830068E-11
0:05:27	0	-2.012474E+1	1.530600E+1	1.730000E+1	2.223655E+0	2.497558E+0	3.600000E+2	9.600000E-9	6.920433E-9	6.703675E-11	6.065728E-11	5.151756E-11	4.733826E-11	5.524649E-11	5.481302E-11	6.638772E-11	5.459858E-11	5.102757E-11	5.782361E-11	4.969647E-11	4.237256E-11	5.156145E-11	5.029588E-11	3.535241E-10	5.094725E-11	5.967693E-11	5.563874E-11	5.914835E-11	4.676629E-11	5.678943E-11	5.751193E-11	6.040584E-11	4.920179E-9	5.088392E-11	5.539367E-11	5.859567E-11	5.945276E-11	5.468534E-11	5.518996E-11	4.892251E-11	5.634849E-11
0:05:40	0	-1.999903E+1	1.530900E+1	1.731300E+1	2.222059E+0	2.495467E+0	3.610000E+2	8.787000E-9	7.821610E-9	6.627913E-11	6.103553E-11	5.600611E-11	4.986992E-11	5.841404E-11	6.109840E-11	7.074642E-11	6.074918E-11	5.273873E-11	5.990866E-11	5.146717E-11	3.637417E-11	5.130746E-11	5.206320E-11	4.085695E-10	5.322520E-11	6.189415E-11	5.444245E-11	5.858154E-11	4.946212E-11	6.208984E-11	5.763823E-11	5.901534E-11	5.713028E-9	5.107304E-11	5.953902E-11	6.036399E-11	6.204853E-11	5.537916E-11	5.639433E-11	5.262272E-11	5.818456E-11
0:05:54	0	-1.999926E+1	1.531500E+1	1.727100E+1	2.221691E+0	2.495467E+0	3.620000E+2	8.652900E-9	8.754269E-9	6.829712E-11	6.532269E-11	5.575264E-11	4.803462E-11	5.923718E-11	6.166403E-11	7.219933E-11	5.263247E-11	5.406963E-11	6.085641E-11	5.469117E-11	4.950842E-11	5.447537E-11	5.439738E-11	3.266024E-10	5.398452E-11	6.588555E-11	5.809294E-11	6.141560E-11	5.128012E-11	5.678943E-11	5.933870E-11	6.318583E-11	6.670603E-9	5.271247E-11	6.041846E-11	6.326865E-11	6.527799E-11	5.771583E-11	6.203406E-11	5.450500E-11	6.002063E-11
0:06:07	0	-1.999865E+1	1.533500E+1	1.730100E+1	2.228836E+0	2.501168E+0	3.630000E+2	1.069000E-8	9.497772E-9	7.182935E-11	6.570094E-11	5.847092E-11	5.392018E-11	6.132854E-11	6.411606E-11	7.529459E-11	6.690078E-11	5.641522E-11	6.445885E-11	5.494469E-11	5.752855E-11	5.726228E-11	5.648050E-11	4.952876E-10	5.468090E-11	6.341430E-11	6.142946E-11	6.462853E-11	5.222030E-11	5.855657E-11	6.122812E-11	6.369156E-11	7.171892E-9	5.718978E-11	6.318170E-11	6.408902E-11	6.502411E-11	5.942148E-11	6.158993E-11	5.513177E-11	6.046341E-11
0:06:21	0	-1.999986E+1	1.530700E+1	1.732100E+1	2.228266E+0	2.500332E+0	3.640000E+2	8.855000E-9	9.749368E-9	7.321616E-11	6.885434E-11	5.903972E-11	5.714720E-11	6.227870E-11	6.600148E-11	7.838986E-11	8.047135E-11	5.704864E-11	6.502749E-11	5.823257E-11	4.881458E-11	5.700829E-11	5.666979E-11	3.460492E-10	5.866832E-11	6.664562E-11	6.262476E-11	6.343126E-11	5.623237E-11	6.612816E-11	6.330748E-11	6.520774E-11	7.515947E-9	5.555036E-11	6.223980E-11	6.674149E-11	6.616357E-11	6.049411E-11	6.513902E-11	5.500602E-11	6.559181E-11
0:06:34	0	-2.010073E+1	1.532800E+1	1.728900E+1	2.218664E+0	2.492567E+0	3.650000E+2	1.049100E-8	6.890249E-9	7.567618E-11	6.998909E-11	6.156840E-11	5.632496E-11	6.367294E-11	6.851603E-11	8.003223E-11	6.594976E-11	6.097931E-11	6.679729E-11	6.215227E-11	5.658148E-11	6.023919E-11	5.969834E-11	2.649051E-10	6.012401E-11	7.133309E-11	6.721918E-11	6.853357E-11	5.629571E-11	6.108076E-11	6.714996E-11	6.925156E-11	4.680676E-9	5.725249E-11	6.619578E-11	6.838222E-11	7.059647E-11	6.270417E-11	6.475790E-11	6.021225E-11	6.540191E-11
0:06:48	0	-2.000002E+1	1.528800E+1	1.727500E+1	2.224503E+0	2.498647E+0	3.660000E+2	1.050300E-8	9.321765E-9	7.756774E-11	7.074559E-11	6.340154E-11	5.948903E-11	6.614336E-11	7.046495E-11	8.186406E-11	7.958339E-11	6.237325E-11	6.888234E-11	6.139368E-11	7.521070E-11	6.461006E-11	6.102333E-11	3.743009E-10	6.176953E-11	7.367732E-11	6.665282E-11	6.601374E-11	5.805037E-11	6.966243E-11	6.796838E-11	6.963060E-11	6.915960E-9	5.971213E-11	6.858325E-11	6.933017E-11	7.205178E-11	6.649328E-11	6.760978E-11	6.228167E-11	6.926395E-11
0:07:01	0	-1.999903E+1	1.529900E+1	1.726900E+1	2.218803E+0	2.491325E+0	3.670000E+2	1.206400E-8	8.768196E-9	8.210847E-11	7.623120E-11	6.593022E-11	6.157810E-11	6.785366E-11	7.216183E-11	8.679116E-11	9.289968E-11	6.383124E-11	7.191513E-11	6.234192E-11	7.565233E-11	6.499005E-11	6.436869E-11	2.790309E-10	6.069350E-11	7.424738E-11	7.149961E-11	7.332064E-11	6.131031E-11	6.821107E-11	6.979515E-11	7.373726E-11	6.374639E-9	6.097231E-11	7.172325E-11	7.236043E-11	7.490142E-11	6.870334E-11	6.976444E-11	6.391245E-11	7.072022E-11
0:07:15	0	-1.999485E+1	1.529000E+1	1.726800E+1	2.216003E+0	2.488183E+0	3.680000E+2	1.257700E-8	8.793606E-9	8.128913E-11	7.660945E-11	6.782623E-11	6.315964E-11	7.095819E-11	7.574511E-11	8.855917E-11	8.231032E-11	6.509910E-11	7.627577E-11	6.607197E-11	5.557062E-11	6.473606E-11	6.771304E-11	2.792839E-10	6.537629E-11	7.494445E-11	6.935939E-11	7.955757E-11	6.287793E-11	7.761255E-11	7.678699E-11	7.512775E-11	6.365637E-9	6.349465E-11	7.191163E-11	7.292861E-11	7.768710E-11	6.870334E-11	7.286939E-11	6.623338E-11	7.128993E-11
0:07:28	0	-1.999933E+1	1.529800E+1	1.725400E+1	2.215091E+0	2.487436E+0	3.690000E+2	9.772000E-9	7.443737E-9	8.425290E-11	8.064478E-11	7.092371E-11	6.391894E-11	7.545696E-11	7.712742E-11	9.133933E-11	8.123216E-11	6.947306E-11	7.697112E-11	6.879091E-11	5.178237E-11	6.802996E-11	6.828090E-11	2.277225E-10	6.721164E-11	7.868182E-11	7.351365E-11	7.791978E-11	6.657628E-11	7.818035E-11	7.811058E-11	7.936109E-11	4.994264E-9	6.721546E-11	7.436057E-11	7.848575E-11	8.034684E-11	7.558673E-11	7.464294E-11	6.792654E-11	7.540584E-11
0:07:42	0	-1.999895E+1	1.530100E+1	1.727000E+1	2.221476E+0	2.494087E+0	3.700000E+2	8.659500E-9	6.792463E-9	8.803601E-11	8.083390E-11	7.250438E-11	6.872949E-11	7.729428E-11	7.882429E-11	9.310734E-11	9.733844E-11	7.105813E-11	7.994106E-11	6.999267E-11	7.495748E-11	7.214784E-11	7.067883E-11	2.099227E-10	7.246493E-11	8.362331E-11	7.773049E-11	8.264321E-11	6.902172E-11	8.272370E-11	7.867741E-11	8.220493E-11	4.244974E-9	6.967411E-11	7.643375E-11	8.056905E-11	8.332242E-11	7.602835E-11	7.787493E-11	7.093760E-11	7.819144E-11
0:07:55	0	-1.999857E+1	1.530300E+1	1.727700E+1	2.221995E+0	2.494239E+0	3.710000E+2	8.512300E-9	8.113179E-9	8.929738E-11	8.386089E-11	7.395732E-11	6.917208E-11	8.001875E-11	8.309923E-11	9.740323E-11	9.270948E-11	7.359285E-11	8.164800E-11	7.277449E-11	7.748365E-11	7.417477E-11	7.345534E-11	1.985838E-10	7.411045E-11	8.615756E-11	7.898939E-11	8.264321E-11	6.914642E-11	8.272370E-11	8.233095E-11	8.277349E-11	5.518278E-9	7.207004E-11	8.082994E-11	8.360031E-11	8.604513E-11	7.855442E-11	8.053575E-11	7.319515E-11	7.996454E-11
0:08:09	0	-1.997250E+1	1.530400E+1	1.724800E+1	2.205464E+0	2.480494E+0	3.720000E+2	8.858900E-9	1.284822E-8	9.276589E-11	8.839989E-11	7.989981E-11	7.163980E-11	8.128496E-11	8.416796E-11	1.013820E-10	9.461252E-11	7.524097E-11	8.708209E-11	7.764243E-11	6.763220E-11	7.962161E-11	7.717926E-11	6.255871E-10	7.562909E-11	8.913486E-11	8.352121E-11	9.165155E-11	7.165421E-11	8.348076E-11	8.466090E-11	8.770208E-11	9.731780E-9	7.446597E-11	8.340480E-11	9.332406E-11	9.497189E-11	7.729138E-11	8.408484E-11	7.520219E-11	8.211645E-11
0:08:22	0	-1.999797E+1	1.531400E+1	1.725400E+1	2.205768E+0	2.480557E+0	3.730000E+2	1.130700E-8	8.899582E-9	9.566694E-11	9.148959E-11	7.977308E-11	7.695589E-11	8.464354E-11	8.856793E-11	1.034043E-10	8.731969E-11	7.822099E-11	8.923099E-11	7.802272E-11	8.398847E-11	8.025559E-11	8.083943E-11	2.265185E-10	7.828770E-11	9.318926E-11	8.408756E-11	9.165155E-11	7.315849E-11	8.865566E-11	8.655131E-11	8.928110E-11	6.103283E-9	7.787123E-11	8.874290E-11	8.991402E-11	9.218621E-11	8.474299E-11	8.642856E-11	7.915389E-11	8.749873E-11
0:08:36	0	-1.999926E+1	1.530300E+1	1.725900E+1	2.208327E+0	2.481431E+0	3.740000E+2	9.617000E-9	8.789584E-9	9.730662E-11	9.344454E-11	8.287056E-11	7.645036E-11	8.787410E-11	9.233975E-11	1.092787E-10	9.917742E-11	8.227773E-11	9.245433E-11	8.238460E-11	7.931496E-11	8.228253E-11	8.115424E-11	2.404544E-10	7.879324E-11	9.261921E-11	8.918573E-11	9.467455E-11	7.742194E-11	8.815062E-11	9.102327E-11	9.326207E-11	5.897832E-9	7.995162E-11	8.849206E-11	9.382844E-11	9.611135E-11	8.701586E-11	8.959753E-11	8.385811E-11	8.870112E-11
0:08:49	0	-2.001355E+1	1.531600E+1	1.725300E+1	2.207757E+0	2.480925E+0	3.750000E+2	8.804200E-9	6.704792E-9	9.945105E-11	9.861461E-11	8.609477E-11	7.999409E-11	9.040853E-11	9.491682E-11	1.141420E-10	9.651456E-11	8.341851E-11	9.447652E-11	8.605177E-11	8.651363E-11	8.747638E-11	8.500468E-11	1.801510E-10	8.240100E-11	9.863780E-11	9.233247E-11	9.687915E-11	8.099560E-11	8.859191E-11	9.152745E-11	9.534682E-11	3.781009E-9	8.234755E-11	9.062769E-11	1.020371E-10	9.782153E-11	9.238401E-11	9.257545E-11	8.316798E-11	9.288000E-11
0:09:03	0	-1.999766E+1	1.529700E+1	1.724300E+1	2.206819E+0	2.480063E+0	3.760000E+2	8.330400E-9	7.796221E-9	1.059461E-10	1.015789E-10	9.051946E-11	8.486658E-11	9.395614E-11	9.981989E-11	1.164794E-10	1.066604E-10	8.722208E-11	9.801512E-11	8.832853E-11	6.971674E-11	8.817335E-11	8.822252E-11	1.947199E-10	8.588188E-11	1.012351E-10	9.516424E-11	1.000921E-10	8.475630E-11	9.856218E-11	9.984288E-11	9.882207E-11	4.751739E-9	8.373514E-11	9.496044E-11	1.138451E-10	1.035828E-10	9.232021E-11	9.555336E-11	8.674342E-11	9.515885E-11
0:09:16	0	-1.999895E+1	1.530300E+1	1.722800E+1	2.213900E+0	2.485764E+0	3.770000E+2	7.987600E-9	7.073083E-9	1.055677E-10	1.049831E-10	9.146746E-11	8.727236E-11	9.769478E-11	1.018313E-10	1.157215E-10	1.017772E-10	9.045427E-11	1.033864E-10	9.269141E-11	7.596835E-11	9.045329E-11	9.245054E-11	2.218946E-10	9.005913E-11	1.055435E-10	9.894092E-11	1.030524E-10	9.071206E-11	1.032311E-10	1.016060E-10	1.046354E-10	3.913570E-9	8.871613E-11	9.860311E-11	1.051949E-10	1.059887E-10	9.775116E-11	1.008760E-10	9.006737E-11	1.009209E-10
0:09:30	0	-2.004266E+1	1.530500E+1	1.723600E+1	2.213001E+0	2.485016E+0	3.780000E+2	8.352100E-9	7.859164E-9	1.097302E-10	1.093340E-10	9.747282E-11	8.999285E-11	1.016855E-10	1.074251E-10	1.253863E-10	1.146500E-10	9.368746E-11	1.061667E-10	9.768611E-11	1.052066E-10	9.419117E-11	9.478571E-11	2.244915E-10	9.335017E-11	1.100409E-10	1.025288E-10	1.061391E-10	9.202830E-11	1.029153E-10	1.073389E-10	1.071631E-10	4.544904E-9	9.357170E-11	1.026225E-10	1.114458E-10	1.102946E-10	1.016031E-10	1.039179E-10	9.414482E-11	1.032627E-10
0:09:43	0	-1.999568E+1	1.529500E+1	1.726400E+1	2.204032E+0	2.477302E+0	3.790000E+2	8.792200E-9	6.799885E-9	1.130722E-10	1.136849E-10	1.003168E-10	1.284084E-10	1.048540E-10	1.098771E-10	1.271543E-10	1.239720E-10	9.710978E-11	1.092005E-10	9.901364E-11	9.983830E-11	1.014750E-10	9.920301E-11	1.747031E-10	9.480586E-11	1.141583E-10	1.061157E-10	1.119971E-10	9.484982E-11	1.048717E-10	1.082200E-10	1.118383E-10	3.404476E-9	9.621947E-11	1.058885E-10	1.122662E-10	1.139669E-10	1.046336E-10	1.075290E-10	9.859755E-11	1.075686E-10
0:09:57	0	-1.999705E+1	1.531100E+1	1.724400E+1	2.205527E+0	2.477428E+0	3.800000E+2	8.483200E-9	7.427508E-9	1.185588E-10	1.173419E-10	1.040470E-10	9.752389E-11	1.090347E-10	1.155343E-10	1.332820E-10	1.286651E-10	1.026245E-10	1.138136E-10	1.012894E-10	1.047012E-10	1.029319E-10	1.036841E-10	1.793270E-10	1.004378E-10	1.176427E-10	1.120952E-10	1.166589E-10	9.904993E-11	1.113077E-10	1.130082E-10	1.160088E-10	3.925152E-9	1.002548E-10	1.107249E-10	1.175701E-10	1.204248E-10	1.095591E-10	1.117743E-10	1.019215E-10	1.115576E-10
0:10:10	0	-1.999941E+1	1.528700E+1	1.724200E+1	2.205413E+0	2.476972E+0	3.810000E+2	9.057100E-9	7.155554E-9	1.222164E-10	1.216928E-10	1.080925E-10	1.017010E-10	1.140406E-10	1.205624E-10	1.419984E-10	1.411575E-10	1.065552E-10	1.181114E-10	1.053369E-10	1.012280E-10	1.069858E-10	1.073442E-10	2.037148E-10	1.038557E-10	1.200499E-10	1.138579E-10	1.198708E-10	1.026859E-10	1.200159E-10	1.151492E-10	1.197364E-10	3.505313E-9	1.030927E-10	1.144935E-10	1.216111E-10	1.238442E-10	1.137270E-10	1.159566E-10	1.047444E-10	1.168119E-10
0:10:24	0	-2.000009E+1	1.531000E+1	1.725200E+1	2.203298E+0	2.477010E+0	3.820000E+2	8.819800E-9	1.092983E-8	1.265680E-10	1.262955E-10	1.117587E-10	1.072709E-10	1.187924E-10	1.240197E-10	1.431990E-10	1.255577E-10	1.102947E-10	1.236093E-10	1.109005E-10	1.061537E-10	1.116107E-10	1.114457E-10	1.940869E-10	1.100582E-10	1.287298E-10	1.203401E-10	1.262331E-10	1.068860E-10	1.313110E-10	1.242830E-10	1.254241E-10	7.154645E-9	1.082628E-10	1.198316E-10	1.259053E-10	1.272626E-10	1.195996E-10	1.189986E-10	1.098249E-10	1.206739E-10
0:10:37	0	-1.999926E+1	1.530400E+1	1.727200E+1	2.204222E+0	2.477986E+0	3.830000E+2	8.476600E-9	6.669420E-9	1.302884E-10	1.305200E-10	1.155508E-10	1.101812E-10	1.228471E-10	1.282311E-10	1.559580E-10	1.362742E-10	1.133378E-10	1.274641E-10	1.146944E-10	1.244031E-10	1.163605E-10	1.153579E-10	1.807210E-10	1.134751E-10	1.338613E-10	1.248719E-10	1.309575E-10	1.105220E-10	1.294811E-10	1.268665E-10	1.297831E-10	2.757911E-9	1.126137E-10	1.242902E-10	1.303251E-10	1.328979E-10	1.247773E-10	1.253345E-10	1.138390E-10	1.254225E-10
0:10:51	0	-1.999850E+1	1.529100E+1	1.724200E+1	2.198572E+0	2.471361E+0	3.840000E+2	8.974400E-9	7.043598E-9	1.355857E-10	1.360056E-10	1.223145E-10	1.157510E-10	1.286751E-10	1.333863E-10	1.553268E-10	1.524446E-10	1.175206E-10	1.330878E-10	1.190563E-10	1.270559E-10	1.221883E-10	1.212268E-10	1.782500E-10	1.168930E-10	1.384228E-10	1.309140E-10	1.369418E-10	1.179197E-10	1.381883E-10	1.319053E-10	1.360383E-10	2.965439E-9	1.160190E-10	1.274937E-10	1.367654E-10	1.399885E-10	1.295135E-10	1.314814E-10	1.202987E-10	1.315005E-10
0:11:04	0	-1.999667E+1	1.529800E+1	1.722700E+1	2.198230E+0	2.471107E+0	3.850000E+2	7.777000E-9	7.784923E-9	1.411360E-10	1.411756E-10	1.254759E-10	1.192948E-10	1.325398E-10	1.399862E-10	1.607595E-10	1.494644E-10	1.231624E-10	1.380809E-10	1.219020E-10	1.124053E-10	1.261792E-10	1.286736E-10	2.488793E-10	1.222722E-10	1.434273E-10	1.358234E-10	1.413510E-10	1.231857E-10	1.433632E-10	1.411655E-10	1.424841E-10	3.501221E-9	1.230177E-10	1.354701E-10	1.412480E-10	1.454969E-10	1.348178E-10	1.371842E-10	1.261951E-10	1.380851E-10
0:11:18	0	-2.011106E+1	1.531200E+1	1.724200E+1	2.197850E+0	2.471044E+0	3.861897E+2	1.040700E-8	9.033138E-9	1.479466E-10	1.489945E-10	1.317966E-10	1.252433E-10	1.392559E-10	1.474038E-10	1.701081E-10	1.497176E-10	1.297549E-10	1.457268E-10	1.308803E-10	1.249713E-10	1.329570E-10	1.323975E-10	3.025317E-10	1.294877E-10	1.539433E-10	1.431880E-10	1.492874E-10	1.276362E-10	1.439310E-10	1.462043E-10	1.477917E-10	4.501158E-9	1.288189E-10	1.401171E-10	1.485725E-10	1.523356E-10	1.422694E-10	1.439002E-10	1.307112E-10	1.441001E-10
0:11:31	0	-2.010331E+1	1.531800E+1	1.723400E+1	2.196178E+0	2.469448E+0	3.873794E+2	9.535000E-9	9.147782E-9	1.538114E-10	1.555521E-10	1.393816E-10	1.337244E-10	1.460981E-10	1.566434E-10	1.800880E-10	1.582148E-10	1.343190E-10	1.527421E-10	1.370768E-10	1.419586E-10	1.422047E-10	1.399699E-10	1.907929E-10	1.351197E-10	1.597079E-10	1.516217E-10	1.552718E-10	1.353476E-10	1.523861E-10	1.555907E-10	1.577746E-10	4.485359E-9	1.364476E-10	1.497265E-10	1.557714E-10	1.608826E-10	1.502892E-10	1.535322E-10	1.385512E-10	1.518242E-10
0:11:45	0	-2.008309E+1	1.530600E+1	1.724500E+1	2.195532E+0	2.467598E+0	3.885692E+2	1.154800E-8	9.951893E-9	1.610003E-10	1.639383E-10	1.476632E-10	1.403693E-10	1.535744E-10	1.649412E-10	1.912056E-10	1.772392E-10	1.442707E-10	1.596926E-10	1.458015E-10	1.406956E-10	1.486655E-10	1.489938E-10	2.263925E-10	1.401831E-10	1.652194E-10	1.577900E-10	1.645943E-10	1.433718E-10	1.638705E-10	1.625199E-10	1.631450E-10	5.016484E-9	1.433836E-10	1.561324E-10	1.668836E-10	1.696204E-10	1.564140E-10	1.608184E-10	1.461408E-10	1.608776E-10
0:11:58	0	-1.999979E+1	1.530500E+1	1.721100E+1	2.194189E+0	2.466407E+0	3.897589E+2	1.331900E-8	1.174160E-8	1.690095E-10	1.732064E-10	1.559437E-10	1.484698E-10	1.651684E-10	1.734265E-10	1.994803E-10	1.838343E-10	1.502288E-10	1.705627E-10	1.539583E-10	1.393697E-10	1.569003E-10	1.579549E-10	2.609141E-10	1.499294E-10	1.745954E-10	1.669788E-10	1.749879E-10	1.531506E-10	1.765533E-10	1.712122E-10	1.746451E-10	6.509025E-9	1.500040E-10	1.643597E-10	1.783757E-10	1.789280E-10	1.671493E-10	1.685488E-10	1.548581E-10	1.698680E-10
0:12:12	0	-1.999873E+1	1.528300E+1	1.720600E+1	2.193163E+0	2.465800E+0	3.909486E+2	1.182200E-8	9.778495E-9	1.774598E-10	1.850605E-10	1.646664E-10	1.553045E-10	1.741649E-10	1.839243E-10	2.140721E-10	1.791412E-10	1.606878E-10	1.807366E-10	1.666667E-10	1.591354E-10	1.646921E-10	1.660324E-10	2.534402E-10	1.601822E-10	1.887868E-10	1.775527E-10	1.853188E-10	1.597961E-10	1.802131E-10	1.814807E-10	1.869660E-10	4.263166E-9	1.588322E-10	1.735298E-10	1.864577E-10	1.893740E-10	1.775048E-10	1.785609E-10	1.648943E-10	1.806946E-10
0:12:25	0	-1.999933E+1	1.529800E+1	1.721700E+1	2.200827E+0	2.472526E+0	3.921383E+2	1.089900E-8	9.932528E-9	1.869196E-10	1.934467E-10	1.742752E-10	1.648607E-10	1.828444E-10	1.942336E-10	2.259476E-10	1.968973E-10	1.681049E-10	1.876881E-10	1.738114E-10	1.753012E-10	1.762197E-10	1.768874E-10	2.372234E-10	1.679032E-10	1.959455E-10	1.883154E-10	1.959639E-10	1.687605E-10	1.882269E-10	1.933224E-10	1.965708E-10	4.133939E-9	1.678485E-10	1.847721E-10	1.957399E-10	1.997581E-10	1.868505E-10	1.886360E-10	1.745532E-10	1.907615E-10
0:12:39	0	-2.000123E+1	1.530900E+1	1.720800E+1	2.200548E+0	2.471905E+0	3.933280E+2	1.228700E-8	1.254108E-8	1.974516E-10	2.043552E-10	1.847052E-10	1.804932E-10	1.953896E-10	2.065533E-10	2.380754E-10	2.375449E-10	1.810987E-10	1.988735E-10	1.822207E-10	1.904572E-10	1.856584E-10	1.862271E-10	3.725899E-10	1.806877E-10	2.051314E-10	1.968753E-10	2.064827E-10	1.787916E-10	2.075987E-10	1.959049E-10	2.088290E-10	6.250006E-9	1.762975E-10	1.946324E-10	2.069160E-10	2.105850E-10	1.967654E-10	1.993443E-10	1.840241E-10	2.005115E-10
0:12:52	0	-1.999865E+1	1.528500E+1	1.719000E+1	2.200168E+0	2.471551E+0	3.945177E+2	1.136100E-8	9.264669E-9	2.064066E-10	2.146327E-10	1.957040E-10	1.878974E-10	2.079337E-10	2.203823E-10	2.521617E-10	2.450279E-10	1.915578E-10	2.118915E-10	1.928429E-10	1.958246E-10	1.968701E-10	2.013091E-10	2.700360E-10	1.920795E-10	2.179277E-10	2.098408E-10	2.198376E-10	1.905765E-10	2.214798E-10	2.184566E-10	2.200756E-10	2.717626E-9	1.876471E-10	2.041158E-10	2.203019E-10	2.245773E-10	2.104673E-10	2.118271E-10	1.947494E-10	2.126044E-10
0:13:06	0	-1.999964E+1	1.529000E+1	1.722800E+1	2.190895E+0	2.465115E+0	3.957075E+2	1.069200E-8	9.853833E-9	2.197122E-10	2.285045E-10	2.085989E-10	2.007445E-10	2.204779E-10	2.354051E-10	2.697849E-10	2.366569E-10	2.009391E-10	2.238352E-10	2.085227E-10	2.003714E-10	2.115657E-10	2.127946E-10	2.753570E-10	2.045473E-10	2.378206E-10	2.240017E-10	2.365298E-10	2.055599E-10	2.374448E-10	2.340155E-10	2.379576E-10	2.897270E-9	2.008889E-10	2.171795E-10	2.344455E-10	2.397101E-10	2.251174E-10	2.291884E-10	2.079204E-10	2.309651E-10
0:13:19	0	-1.999918E+1	1.528500E+1	1.723800E+1	2.192099E+0	2.466154E+0	3.968972E+2	1.187900E-8	1.165438E-8	2.335863E-10	2.484293E-10	2.230744E-10	2.158695E-10	2.375838E-10	2.504914E-10	2.891772E-10	2.530806E-10	2.146944E-10	2.397603E-10	2.212949E-10	2.296726E-10	2.271482E-10	2.278139E-10	3.105126E-10	2.184069E-10	2.524541E-10	2.367158E-10	2.511436E-10	2.192261E-10	2.502540E-10	2.509606E-10	2.535014E-10	4.196444E-9	2.126167E-10	2.343250E-10	2.502318E-10	2.541453E-10	2.400834E-10	2.441430E-10	2.240401E-10	2.435008E-10
0:13:33	0	-1.999971E+1	1.527900E+1	1.721800E+1	2.193302E+0	2.467092E+0	3.980869E+2	1.203000E-8	1.186533E-8	2.464518E-10	2.629312E-10	2.357168E-10	2.281472E-10	2.523464E-10	2.699152E-10	3.102747E-10	2.856755E-10	2.286399E-10	2.563808E-10	2.341929E-10	2.356719E-10	2.434907E-10	2.458626E-10	3.232454E-10	2.325831E-10	2.663915E-10	2.564159E-10	2.667021E-10	2.362779E-10	2.730963E-10	2.670237E-10	2.735310E-10	3.892862E-9	2.267405E-10	2.516590E-10	2.668374E-10	2.735201E-10	2.581437E-10	2.621386E-10	2.395945E-10	2.628750E-10
0:13:46	0	-2.000009E+1	1.530300E+1	1.721200E+1	2.191554E+0	2.464089E+0	3.992766E+2	1.457000E-8	1.261443E-8	2.624066E-10	2.802082E-10	2.544274E-10	2.456141E-10	2.719857E-10	2.897786E-10	3.316245E-10	3.056500E-10	2.421410E-10	2.787517E-10	2.546788E-10	2.414819E-10	2.616062E-10	2.628375E-10	3.624550E-10	2.511904E-10	2.847633E-10	2.749834E-10	2.875518E-10	2.538938E-10	2.903224E-10	2.872444E-10	2.927396E-10	4.052048E-9	2.435757E-10	2.693072E-10	2.876116E-10	2.936535E-10	2.755720E-10	2.814645E-10	2.594778E-10	2.833886E-10
0:14:00	0	-1.999964E+1	1.529600E+1	1.724200E+1	2.191161E+0	2.464026E+0	4.004663E+2	1.475700E-8	1.167375E-8	2.780458E-10	2.964749E-10	2.700406E-10	2.637773E-10	2.933374E-10	3.137908E-10	3.594181E-10	3.111669E-10	2.595098E-10	2.981526E-10	2.735207E-10	2.661733E-10	2.813056E-10	2.849250E-10	3.620120E-10	2.746703E-10	3.074436E-10	2.966340E-10	3.113629E-10	2.731397E-10	3.134794E-10	3.131335E-10	3.168129E-10	2.497070E-9	2.583932E-10	2.887134E-10	3.088274E-10	3.157510E-10	2.991260E-10	3.044656E-10	2.783560E-10	3.047248E-10
0:14:13	0	-1.999652E+1	1.530700E+1	1.720900E+1	2.188666E+0	2.461923E+0	4.016560E+2	1.492200E-8	1.331693E-8	3.030820E-10	3.213816E-10	2.948833E-10	2.845990E-10	3.184897E-10	3.383052E-10	3.898014E-10	3.401470E-10	2.824563E-10	3.186279E-10	2.965987E-10	2.991371E-10	3.075938E-10	3.096625E-10	4.040726E-10	2.944156E-10	3.299958E-10	3.185369E-10	3.381970E-10	2.963343E-10	3.325992E-10	3.364409E-10	3.437930E-10	3.364632E-9	2.800203E-10	3.086856E-10	3.336417E-10	3.435458E-10	3.252052E-10	3.300014E-10	3.025673E-10	3.294803E-10
0:14:27	0	-1.999318E+1	1.529600E+1	1.723500E+1	2.189008E+0	2.462139E+0	4.028458E+2	1.552500E-8	1.326866E-8	3.222535E-10	3.490615E-10	3.190294E-10	3.121286E-10	3.443382E-10	3.697976E-10	4.258068E-10	3.832042E-10	3.050857E-10	3.494038E-10	3.217629E-10	3.258482E-10	3.335010E-10	3.362301E-10	4.115475E-10	3.198578E-10	3.526120E-10	3.447829E-10	3.640854E-10	3.237924E-10	3.663571E-10	3.673697E-10	3.755121E-10	2.473402E-9	3.015220E-10	3.376386E-10	3.620554E-10	3.714676E-10	3.511587E-10	3.584522E-10	3.294747E-10	3.601238E-10
0:14:40	0	-1.999530E+1	1.532000E+1	1.721600E+1	2.185930E+0	2.458934E+0	4.040355E+2	1.545900E-8	1.482079E-8	3.425598E-10	3.752284E-10	3.472860E-10	3.366839E-10	3.727850E-10	4.043692E-10	4.556845E-10	4.226465E-10	3.273978E-10	3.741131E-10	3.457891E-10	3.403094E-10	3.615612E-10	3.694246E-10	4.288403E-10	3.517551E-10	3.815639E-10	3.732944E-10	3.968412E-10	3.499965E-10	4.050378E-10	4.017005E-10	4.088750E-10	3.145019E-9	3.278782E-10	3.624463E-10	3.866184E-10	4.028087E-10	3.832370E-10	3.909581E-10	3.577614E-10	3.903235E-10
0:14:54	0	-2.000002E+1	1.530600E+1	1.723000E+1	2.185955E+0	2.458642E+0	4.052252E+2	1.788800E-8	1.750201E-8	3.726415E-10	4.082685E-10	3.783855E-10	3.692758E-10	4.145362E-10	4.436563E-10	5.051440E-10	4.652602E-10	3.569368E-10	4.090591E-10	3.820816E-10	3.758631E-10	4.021639E-10	4.102542E-10	5.056764E-10	3.858035E-10	4.180546E-10	4.074713E-10	4.357056E-10	3.872977E-10	4.449797E-10	4.451651E-10	4.490608E-10	4.632838E-9	3.598465E-10	3.962358E-10	4.284809E-10	4.389615E-10	4.211251E-10	4.306874E-10	3.903761E-10	4.307171E-10
0:15:07	0	-1.999895E+1	1.533200E+1	1.721200E+1	2.185638E+0	2.458211E+0	4.064149E+2	1.840000E-8	1.815573E-8	4.075786E-10	4.487482E-10	4.153647E-10	4.095266E-10	4.561614E-10	4.928746E-10	5.656573E-10	5.069229E-10	3.904685E-10	4.496307E-10	4.270987E-10	4.159627E-10	4.436537E-10	4.541135E-10	5.342441E-10	4.344089E-10	4.579025E-10	4.510884E-10	4.789802E-10	4.293622E-10	4.940083E-10	4.942363E-10	4.994200E-10	3.953288E-9	3.937698E-10	4.344839E-10	4.740693E-10	4.880302E-10	4.650751E-10	4.742817E-10	4.359747E-10	4.793415E-10
0:15:21	0	-2.000017E+1	1.532900E+1	1.722400E+1	2.190807E+0	2.462772E+0	4.076046E+2	2.067000E-8	1.947251E-8	4.428312E-10	4.913092E-10	4.639115E-10	4.541434E-10	5.102037E-10	5.449845E-10	6.370987E-10	5.650723E-10	4.269802E-10	4.946886E-10	4.759109E-10	4.748799E-10	4.990160E-10	5.132439E-10	6.003764E-10	4.887101E-10	5.071264E-10	5.003065E-10	5.336567E-10	4.818338E-10	5.497249E-10	5.508025E-10	5.595096E-10	3.643539E-9	4.323585E-10	4.847903E-10	5.244564E-10	5.422914E-10	5.211491E-10	5.347953E-10	4.910441E-10	5.317639E-10
0:15:34	0	-2.000032E+1	1.533600E+1	1.723400E+1	2.190756E+0	2.462899E+0	4.087944E+2	2.172000E-8	2.103532E-8	4.902545E-10	5.445259E-10	5.154290E-10	5.104683E-10	5.745727E-10	6.260088E-10	7.195312E-10	6.420559E-10	4.768660E-10	5.530170E-10	5.350278E-10	5.456075E-10	5.651460E-10	5.791897E-10	6.614397E-10	5.527576E-10	5.625579E-10	5.572668E-10	6.020013E-10	5.410748E-10	6.136456E-10	6.339529E-10	6.366593E-10	3.239751E-9	4.794589E-10	5.385510E-10	5.860205E-10	6.068088E-10	5.887788E-10	6.029113E-10	5.524475E-10	6.015346E-10
0:15:48	0	-1.999926E+1	1.531100E+1	1.723500E+1	2.195063E+0	2.468156E+0	4.099841E+2	2.469300E-8	2.349747E-8	5.507953E-10	6.189913E-10	5.876171E-10	5.831202E-10	6.639051E-10	7.199829E-10	8.291260E-10	7.505553E-10	5.392403E-10	6.282184E-10	6.072333E-10	6.268166E-10	6.578163E-10	6.737233E-10	7.544287E-10	6.451576E-10	6.335750E-10	6.330468E-10	6.906916E-10	6.228225E-10	7.130276E-10	7.300159E-10	7.394623E-10	3.070367E-9	5.412514E-10	6.133518E-10	6.674727E-10	6.992489E-10	6.781951E-10	6.945995E-10	6.385641E-10	6.950483E-10
0:16:01	0	-1.999971E+1	1.529500E+1	1.721700E+1	2.195836E+0	2.468624E+0	4.111738E+2	2.842500E-8	2.674076E-8	6.109577E-10	6.969256E-10	6.744064E-10	6.745058E-10	7.714825E-10	8.523630E-10	9.806626E-10	9.139066E-10	6.138478E-10	7.182714E-10	7.013152E-10	7.435794E-10	7.709469E-10	7.985475E-10	8.929622E-10	7.628110E-10	7.205556E-10	7.258194E-10	7.969569E-10	7.266366E-10	8.489447E-10	8.589598E-10	8.741111E-10	2.976139E-9	6.130069E-10	6.959396E-10	7.626279E-10	8.107459E-10	7.879436E-10	8.104300E-10	7.456295E-10	8.088207E-10
0:16:15	0	-1.999948E+1	1.531200E+1	1.720700E+1	2.197229E+0	2.469017E+0	4.123635E+2	3.283400E-8	3.209531E-8	7.025259E-10	8.077099E-10	7.885671E-10	7.979147E-10	9.132099E-10	1.018499E-9	1.169531E-9	1.091209E-9	6.978357E-10	8.359398E-10	8.194871E-10	8.780234E-10	9.194864E-10	9.711431E-10	1.074443E-9	9.271065E-10	8.260991E-10	8.550344E-10	9.349697E-10	8.659963E-10	1.027580E-9	1.036283E-9	1.046418E-9	3.965940E-9	7.039298E-10	8.077323E-10	8.942160E-10	9.535840E-10	9.389905E-10	9.692839E-10	8.890721E-10	9.675464E-10
0:16:28	0	-2.000192E+1	1.530100E+1	1.719600E+1	2.186525E+0	2.458541E+0	4.135532E+2	3.926900E-8	3.970987E-8	8.101744E-10	9.353920E-10	9.359139E-10	9.670794E-10	1.120066E-9	1.259435E-9	1.460097E-9	1.376694E-9	8.170685E-10	9.867854E-10	9.935510E-10	1.056798E-9	1.152145E-9	1.208675E-9	1.339032E-9	1.182790E-9	9.764951E-10	1.010054E-9	1.139311E-9	1.069425E-9	1.280989E-9	1.293291E-9	1.309334E-9	5.440667E-9	8.225339E-10	9.540680E-10	1.072908E-9	1.144858E-9	1.140491E-9	1.189729E-9	1.085076E-9	1.178948E-9
0:16:42	0	-1.999599E+1	1.531000E+1	1.718300E+1	2.189527E+0	2.460973E+0	4.147429E+2	4.934700E-8	4.740475E-8	9.433011E-10	1.126568E-9	1.136422E-9	1.193201E-9	1.420499E-9	1.601073E-9	1.904538E-9	1.789005E-9	9.749674E-10	1.191600E-9	1.231411E-9	1.342358E-9	1.485265E-9	1.581571E-9	1.784595E-9	1.571315E-9	1.151343E-9	1.227762E-9	1.407461E-9	1.347955E-9	1.661417E-9	1.672756E-9	1.702096E-9	4.293064E-9	9.756903E-10	1.143612E-9	1.311331E-9	1.423000E-9	1.433618E-9	1.497552E-9	1.374534E-9	1.503869E-9
0:16:55	0	-1.999911E+1	1.530100E+1	1.719300E+1	2.189553E+0	2.460732E+0	4.159327E+2	6.621800E-8	6.334810E-8	1.156014E-9	1.391518E-9	1.445464E-9	1.571907E-9	1.937355E-9	2.250342E-9	2.705493E-9	2.610394E-9	1.191437E-9	1.507130E-9	1.617034E-9	1.824753E-9	2.114073E-9	2.329256E-9	2.628594E-9	2.336849E-9	1.427935E-9	1.555489E-9	1.870380E-9	1.851479E-9	2.320244E-9	2.450646E-9	2.474353E-9	4.606338E-9	1.196631E-9	1.455752E-9	1.688414E-9	1.882412E-9	1.949210E-9	2.065360E-9	1.878812E-9	2.057033E-9
0:17:09	0	-2.000062E+1	1.529900E+1	1.718000E+1	2.178506E+0	2.452460E+0	4.171224E+2	1.017000E-7	9.926264E-8	1.450898E-9	1.824314E-9	1.988643E-9	2.298690E-9	2.944333E-9	3.750965E-9	4.673705E-9	4.854134E-9	1.547676E-9	2.064318E-9	2.336434E-9	2.826613E-9	3.544104E-9	4.152397E-9	4.831706E-9	4.533642E-9	1.859040E-9	2.153417E-9	2.769194E-9	2.929619E-9	3.918561E-9	4.306648E-9	4.412513E-9	6.216772E-9	1.551495E-9	1.942615E-9	2.368013E-9	2.781484E-9	2.983744E-9	3.246410E-9	2.960378E-9	3.240162E-9
0:17:22	0	-1.999971E+1	1.529600E+1	1.718400E+1	2.178861E+0	2.453144E+0	4.183121E+2	2.395700E-7	2.418035E-7	1.969153E-9	2.615505E-9	3.146938E-9	4.087162E-9	6.166228E-9	9.360353E-9	1.302896E-8	1.711694E-8	2.203869E-9	3.111329E-9	4.017391E-9	5.839769E-9	9.660824E-9	1.329368E-8	1.907308E-8	1.862949E-8	2.694833E-9	3.359024E-9	5.007945E-9	6.101598E-9	1.026338E-8	1.269248E-8	1.311926E-8	1.516307E-8	2.181466E-9	2.842547E-9	3.897878E-9	4.972050E-9	5.902384E-9	6.902536E-9	6.448180E-9	6.934153E-9
0:17:38	0	-2.000176E+1	1.528000E+1	1.718100E+1	2.179824E+0	2.453664E+0	4.195018E+2	3.126400E-6	3.086581E-6	2.947708E-9	4.444676E-9	6.731999E-9	1.254033E-8	3.329939E-8	1.146814E-7	1.832265E-7	3.581087E-7	3.590286E-9	6.264306E-9	1.166542E-8	3.307407E-8	1.471479E-7	2.526913E-7	4.009668E-7	4.263185E-7	4.501990E-9	7.208604E-9	1.590489E-8	3.721282E-8	1.526494E-7	2.324631E-7	2.445414E-7	1.897412E-7	3.433772E-9	5.302175E-9	9.049825E-9	1.629668E-8	2.837777E-8	5.280052E-8	4.476542E-8	4.463226E-8
0:17:55	0	-1.999728E+1	1.528800E+1	1.721700E+1	2.189755E+0	2.460479E+0	4.206915E+2	1.979300E-5	1.943791E-5	5.711967E-9	1.173084E-8	4.565960E-8	2.453614E-7	6.036864E-7	9.974050E-7	1.112190E-6	1.375336E-6	8.653648E-9	2.997014E-8	2.089337E-7	6.388844E-7	1.089292E-6	1.243483E-6	1.432243E-6	1.459951E-6	1.148045E-8	4.295528E-8	3.043794E-7	6.466648E-7	1.113795E-6	1.233586E-6	1.234641E-6	1.154630E-6	7.852696E-9	1.851607E-8	8.761781E-8	3.042622E-7	5.795443E-7	7.575236E-7	7.296167E-7	7.023551E-7
0:18:26	1	-2.000055E+1	1.528700E+1	1.719900E+1	2.177442E+0	2.450155E+0	0.000000E+0	-2.685200E-9	3.550198E-9	1.033606E-10	8.253602E-11	8.976105E-11	9.341069E-11	9.592048E-11	9.567098E-11	9.835055E-11	1.045041E-10	8.829881E-11	6.686633E-10	8.548283E-11	8.285100E-11	9.096027E-11	8.241647E-11	1.146527E-10	9.202037E-11	8.337029E-11	8.723430E-11	9.328934E-11	9.716958E-11	9.559571E-11	9.807876E-11	9.717921E-11	5.885258E-11	9.376082E-11	9.138121E-11	9.029280E-11	9.801144E-11	9.699354E-11	9.979867E-11	9.997782E-11	1.003512E-10
0:18:39	1	-1.999827E+1	1.531500E+1	1.717000E+1	2.178494E+0	2.451295E+0	0.000000E+0	2.321700E-9	2.879649E-9	1.045592E-10	8.821076E-11	9.247933E-11	9.062626E-11	9.319601E-11	9.309392E-11	9.512864E-11	8.002687E-11	8.988389E-11	8.979964E-11	8.921388E-11	9.327067E-11	9.007330E-11	8.803323E-11	1.025539E-10	8.746446E-11	9.078202E-11	8.786325E-11	8.755658E-11	8.626157E-11	8.966474E-11	9.190533E-11	8.744872E-11	6.036396E-11	9.155402E-11	9.219720E-11	9.199732E-11	9.066693E-11	9.269902E-11	9.035777E-11	9.163577E-11	8.908093E-11
0:18:52	1	-2.000488E+1	1.528800E+1	1.718400E+1	2.178798E+0	2.451510E+0	1.000000E+1	3.449000E-9	3.116532E-9	1.118109E-10	9.590416E-11	1.026559E-10	9.657476E-11	9.858194E-11	9.805951E-11	1.011297E-10	1.000654E-10	9.831460E-11	9.706737E-11	9.484041E-11	9.705992E-11	9.780107E-11	9.478571E-11	1.088888E-10	9.455209E-11	9.509045E-11	9.321380E-11	9.328934E-11	9.334455E-11	9.584872E-11	9.877188E-11	9.560018E-11	7.805144E-11	9.956202E-11	9.778713E-11	9.787044E-11	9.902396E-11	9.699354E-11	9.663069E-11	9.897380E-11	9.838822E-11
0:19:06	1	-2.000002E+1	1.528500E+1	1.717800E+1	2.186006E+0	2.457071E+0	2.000000E+1	3.670500E-9	3.159661E-9	1.106132E-10	9.621870E-11	1.011391E-10	9.448669E-11	9.769478E-11	1.004480E-10	1.018876E-10	1.054552E-10	9.951841E-11	9.738262E-11	9.540935E-11	9.649168E-11	9.577413E-11	9.566937E-11	1.287156E-10	9.442621E-11	9.413936E-11	9.466147E-11	9.461190E-11	9.416003E-11	9.811990E-11	9.896082E-11	9.572587E-11	9.246573E-11	9.918278E-11	9.778713E-11	9.761726E-11	9.801144E-11	9.705634E-11	9.745395E-11	9.878568E-11	9.959061E-11
0:19:19	1	-1.999774E+1	1.531400E+1	1.718100E+1	2.184055E+0	2.455463E+0	3.000000E+1	3.898600E-9	3.189996E-9	1.115590E-10	9.640782E-11	1.008856E-10	9.594235E-11	9.877197E-11	9.887619E-11	1.016981E-10	1.077386E-10	9.894803E-11	9.769887E-11	9.699040E-11	8.739789E-11	9.748508E-11	9.377553E-11	1.359365E-10	9.467898E-11	9.407635E-11	9.642313E-11	9.448561E-11	9.503785E-11	9.988704E-11	9.896082E-11	9.616875E-11	1.119776E-10	9.981386E-11	9.847819E-11	9.824923E-11	9.826432E-11	9.623592E-11	9.732791E-11	1.002283E-10	9.959061E-11
0:19:33	1	-1.999986E+1	1.529800E+1	1.717400E+1	2.184169E+0	2.455551E+0	4.000000E+1	4.161700E-9	3.218148E-9	1.100458E-10	9.722803E-11	1.007599E-10	9.739800E-11	1.006723E-10	9.937930E-11	1.007508E-10	1.028554E-10	9.913816E-11	9.738262E-11	9.768611E-11	8.487173E-11	9.552113E-11	9.535356E-11	1.386605E-10	9.524847E-11	9.515346E-11	9.478667E-11	9.442297E-11	9.409768E-11	9.982428E-11	9.896082E-11	9.661064E-11	1.413736E-10	9.949832E-11	9.841473E-11	9.761726E-11	9.889802E-11	9.762456E-11	9.720087E-11	9.953819E-11	1.011738E-10
0:19:46	1	-2.000116E+1	1.528400E+1	1.720100E+1	2.182725E+0	2.454373E+0	5.000000E+1	4.258600E-9	3.249449E-9	1.128204E-10	9.659695E-11	1.015812E-10	9.822024E-11	9.870796E-11	9.881368E-11	1.020142E-10	9.099764E-11	9.926524E-11	9.890001E-11	9.812829E-11	8.733509E-11	9.609112E-11	9.529080E-11	1.394835E-10	9.588090E-11	9.578652E-11	9.787081E-11	9.448561E-11	9.434806E-11	9.692156E-11	9.914976E-11	9.654780E-11	1.712714E-10	1.006968E-10	9.816389E-11	9.837482E-11	9.908793E-11	9.806717E-11	9.859530E-11	9.935006E-11	1.006041E-10
0:20:00	1	-1.999979E+1	1.527800E+1	1.719400E+1	2.182091E+0	2.453993E+0	6.000000E+1	4.469700E-9	3.296769E-9	1.131987E-10	9.861461E-11	1.008856E-10	9.866383E-11	9.902501E-11	9.824805E-11	1.016353E-10	9.207580E-11	1.001528E-10	9.788842E-11	9.882399E-11	9.901785E-11	9.799106E-11	9.554285E-11	1.273846E-10	9.638744E-11	9.635758E-11	9.579418E-11	9.190314E-11	9.491217E-11	9.250471E-11	9.833035E-11	9.642112E-11	2.178510E-10	1.015160E-10	9.935762E-11	9.906959E-11	9.915090E-11	9.907700E-11	9.922849E-11	9.985207E-11	9.990745E-11
0:20:13	1	-2.000032E+1	1.527300E+1	1.718600E+1	2.186398E+0	2.458477E+0	7.000000E+1	4.472000E-9	3.302225E-9	1.130722E-10	9.905657E-11	1.017079E-10	9.834713E-11	9.706068E-11	9.956784E-11	1.026454E-10	9.892415E-11	1.008503E-10	9.694067E-11	9.819217E-11	1.002171E-10	9.849805E-11	9.623722E-11	1.094588E-10	9.727365E-11	9.844779E-11	9.812318E-11	9.681650E-11	9.403434E-11	9.938200E-11	9.933870E-11	9.705352E-11	2.142629E-10	1.015160E-10	9.860311E-11	9.862801E-11	9.883405E-11	9.876099E-11	9.840524E-11	1.005422E-10	1.014267E-10
0:20:27	1	-2.000055E+1	1.529200E+1	1.716000E+1	2.186918E+0	2.458832E+0	8.000000E+1	4.640000E-9	3.412015E-9	1.147119E-10	9.918199E-11	1.012648E-10	9.841007E-11	9.972213E-11	1.000084E-10	1.035938E-10	1.204212E-10	1.000898E-10	9.978491E-11	9.648435E-11	1.100686E-10	9.906803E-11	9.768874E-11	1.166167E-10	9.664122E-11	9.553350E-11	9.837457E-11	9.536765E-11	9.641645E-11	1.011491E-10	1.005350E-10	9.863254E-11	2.695283E-10	1.009486E-10	1.000477E-10	9.976436E-11	1.015568E-10	9.932921E-11	9.973565E-11	1.001026E-10	1.012368E-10
0:20:40	1	-1.999941E+1	1.530300E+1	1.719700E+1	2.187336E+0	2.458693E+0	9.000000E+1	4.834600E-9	3.435390E-9	1.147756E-10	1.005696E-10	1.027188E-10	1.012584E-10	1.015594E-10	1.007626E-10	1.042250E-10	1.208647E-10	1.014207E-10	9.940481E-11	9.730681E-11	1.021122E-10	9.875204E-11	9.831935E-11	1.287786E-10	9.828674E-11	9.730767E-11	9.812318E-11	9.795013E-11	9.735761E-11	1.063230E-10	1.014171E-10	9.958016E-11	2.576310E-10	1.024616E-10	1.007387E-10	9.951117E-11	1.009870E-10	9.996122E-11	1.009390E-10	1.014829E-10	1.025031E-10
0:20:54	1	-1.999918E+1	1.532000E+1	1.719200E+1	2.175276E+0	2.448913E+0	1.000000E+2	4.892800E-9	3.552695E-9	1.166672E-10	1.020199E-10	1.044262E-10	1.027770E-10	1.038398E-10	1.022084E-10	1.046667E-10	9.867087E-11	1.045268E-10	1.022491E-10	9.951969E-11	9.030288E-11	1.015390E-10	9.964534E-11	1.266246E-10	9.986832E-11	1.028192E-10	1.006400E-10	1.004073E-10	9.867386E-11	1.087845E-10	1.034328E-10	1.002754E-10	3.531185E-10	1.039756E-10	1.034395E-10	1.019743E-10	1.033929E-10	1.026767E-10	1.018903E-10	1.031136E-10	1.045291E-10
0:21:08	1	-1.999986E+1	1.532700E+1	1.724200E+1	2.184891E+0	2.457895E+0	1.200000E+2	5.589000E-9	3.930631E-9	1.237307E-10	1.096495E-10	1.117587E-10	1.087255E-10	1.108720E-10	1.108823E-10	1.124996E-10	1.162357E-10	1.101046E-10	1.081261E-10	1.076755E-10	1.196668E-10	1.090127E-10	1.060183E-10	1.268786E-10	1.072097E-10	1.102940E-10	1.058643E-10	1.067695E-10	1.050057E-10	1.096043E-10	1.099214E-10	1.061516E-10	4.972604E-10	1.114153E-10	1.100973E-10	1.093615E-10	1.082686E-10	1.092441E-10	1.106340E-10	1.105150E-10	1.111777E-10
0:21:21	1	-1.999994E+1	1.534300E+1	1.721100E+1	2.184486E+0	2.455716E+0	1.400000E+2	6.066700E-9	4.491421E-9	1.349556E-10	1.227638E-10	1.233893E-10	1.197374E-10	1.223400E-10	1.226999E-10	1.263964E-10	1.372252E-10	1.233526E-10	1.196278E-10	1.204477E-10	1.346334E-10	1.201614E-10	1.176931E-10	1.472114E-10	1.166403E-10	1.184668E-10	1.181373E-10	1.201234E-10	1.159137E-10	1.166081E-10	1.219531E-10	1.198002E-10	6.763371E-10	1.237742E-10	1.216529E-10	1.214845E-10	1.194752E-10	1.209254E-10	1.214063E-10	1.218048E-10	1.242831E-10
0:21:35	1	-2.000078E+1	1.530900E+1	1.721300E+1	2.186778E+0	2.457363E+0	1.600000E+2	7.151900E-9	5.590989E-9	1.554511E-10	1.428151E-10	1.451974E-10	1.404962E-10	1.441978E-10	1.435060E-10	1.471150E-10	1.675368E-10	1.426857E-10	1.401660E-10	1.356854E-10	1.449902E-10	1.377709E-10	1.395276E-10	1.747661E-10	1.375245E-10	1.376617E-10	1.375861E-10	1.391464E-10	1.395477E-10	1.429209E-10	1.421102E-10	1.397031E-10	1.135328E-9	1.436364E-10	1.431947E-10	1.404905E-10	1.428382E-10	1.400594E-10	1.399080E-10	1.423138E-10	1.451126E-10
0:21:49	1	-1.999857E+1	1.531600E+1	1.720300E+1	2.179874E+0	2.451738E+0	1.800000E+2	8.247400E-9	6.369091E-9	1.860365E-10	1.734592E-10	1.761083E-10	1.716324E-10	1.759392E-10	1.747473E-10	1.789512E-10	1.712147E-10	1.739999E-10	1.715105E-10	1.690692E-10	1.547779E-10	1.707729E-10	1.717757E-10	2.344364E-10	1.676504E-10	1.706050E-10	1.683003E-10	1.700119E-10	1.676946E-10	1.764905E-10	1.741736E-10	1.708536E-10	9.575729E-10	1.745954E-10	1.729012E-10	1.734505E-10	1.739894E-10	1.729591E-10	1.707035E-10	1.753058E-10	1.774022E-10
0:22:03	1	-2.000062E+1	1.531100E+1	1.721400E+1	2.175631E+0	2.448571E+0	2.000000E+2	8.436300E-9	7.702081E-9	2.321995E-10	2.180379E-10	2.219997E-10	2.151732E-10	2.199708E-10	2.219542E-10	2.264522E-10	2.133209E-10	2.146944E-10	2.159998E-10	2.141503E-10	2.164117E-10	2.170125E-10	2.150661E-10	2.485623E-10	2.122044E-10	2.140633E-10	2.117287E-10	2.127197E-10	2.104498E-10	2.136562E-10	2.200318E-10	2.144518E-10	9.348505E-10	2.185433E-10	2.169901E-10	2.157556E-10	2.176126E-10	2.182350E-10	2.179730E-10	2.199627E-10	2.218477E-10
0:22:16	1	-2.000032E+1	1.532000E+1	1.720300E+1	2.176745E+0	2.449585E+0	2.200000E+2	1.160700E-8	1.043671E-8	2.953257E-10	2.812792E-10	2.845161E-10	2.775745E-10	2.857981E-10	2.856297E-10	2.881033E-10	2.894165E-10	2.804280E-10	2.782459E-10	2.766818E-10	2.834757E-10	2.784556E-10	2.782990E-10	3.141865E-10	2.730248E-10	2.736772E-10	2.734095E-10	2.758357E-10	2.746440E-10	2.771974E-10	2.808821E-10	2.775748E-10	1.700128E-9	2.814706E-10	2.789156E-10	2.792764E-10	2.804848E-10	2.789185E-10	2.808303E-10	2.840643E-10	2.889598E-10
0:22:30	1	-2.000154E+1	1.530400E+1	1.717900E+1	2.175783E+0	2.449623E+0	2.400000E+2	1.517900E-8	1.407782E-8	3.806508E-10	3.687345E-10	3.739608E-10	3.656052E-10	3.740523E-10	3.768372E-10	3.834214E-10	3.944913E-10	3.679032E-10	3.667187E-10	3.592561E-10	3.597600E-10	3.694799E-10	3.677838E-10	4.024256E-10	3.582103E-10	3.590747E-10	3.593223E-10	3.623849E-10	3.602781E-10	3.756330E-10	3.707717E-10	3.657816E-10	2.597717E-9	3.689893E-10	3.669060E-10	3.657176E-10	3.688718E-10	3.677028E-10	3.677030E-10	3.730652E-10	3.786104E-10
0:22:44	1	-1.999918E+1	1.529600E+1	1.717500E+1	2.185347E+0	2.458186E+0	2.600000E+2	2.008700E-8	1.884792E-8	5.077862E-10	4.933896E-10	5.001951E-10	4.928106E-10	5.036145E-10	5.075838E-10	5.193559E-10	5.294982E-10	4.922695E-10	4.919711E-10	4.877338E-10	4.900359E-10	4.954051E-10	4.961416E-10	5.577449E-10	4.885203E-10	4.826090E-10	4.790335E-10	4.858466E-10	4.857826E-10	5.032205E-10	4.998419E-10	4.927218E-10	3.391447E-9	4.928898E-10	4.915730E-10	4.906132E-10	4.963882E-10	4.958904E-10	4.956353E-10	5.003268E-10	5.100479E-10
0:22:58	1	-2.000176E+1	1.531200E+1	1.718000E+1	2.181559E+0	2.455247E+0	2.800000E+2	2.699300E-8	2.492816E-8	6.890929E-10	6.751086E-10	6.869859E-10	6.759614E-10	6.923519E-10	6.999310E-10	7.154886E-10	7.123804E-10	6.740656E-10	6.736554E-10	6.707131E-10	6.713993E-10	6.822665E-10	6.840722E-10	7.415698E-10	6.700303E-10	6.611957E-10	6.584741E-10	6.675746E-10	6.667683E-10	6.891752E-10	6.908970E-10	6.793098E-10	3.740411E-9	6.744839E-10	6.731417E-10	6.742290E-10	6.823429E-10	6.824259E-10	6.801530E-10	6.909987E-10	7.015060E-10
0:23:11	1	-1.999857E+1	1.530300E+1	1.721100E+1	2.185626E+0	2.457135E+0	3.000000E+2	3.537500E-8	3.262751E-8	9.520670E-10	9.406885E-10	9.584804E-10	9.461947E-10	9.723200E-10	9.830461E-10	1.005550E-9	9.985625E-10	9.391532E-10	9.411588E-10	9.367727E-10	9.592963E-10	9.559083E-10	9.633177E-10	9.981770E-10	9.417253E-10	9.151710E-10	9.180368E-10	9.339614E-10	9.339522E-10	9.527435E-10	9.650388E-10	9.506284E-10	3.056078E-9	9.366606E-10	9.374241E-10	9.361422E-10	9.498478E-10	9.506090E-10	9.501480E-10	9.658427E-10	9.828047E-10
0:23:25	1	-1.998831E+1	1.531000E+1	1.717600E+1	2.172907E+0	2.446494E+0	3.200000E+2	4.775900E-8	4.601559E-8	1.359772E-9	1.348704E-9	1.379155E-9	1.362492E-9	1.400859E-9	1.417399E-9	1.450307E-9	1.461033E-9	1.347053E-9	1.351103E-9	1.348824E-9	1.360861E-9	1.381637E-9	1.390358E-9	1.448174E-9	1.357655E-9	1.314157E-9	1.320535E-9	1.347054E-9	1.347641E-9	1.385482E-9	1.393448E-9	1.376437E-9	3.373004E-9	1.345184E-9	1.349047E-9	1.362476E-9	1.372221E-9	1.373503E-9	1.373295E-9	1.396424E-9	1.420296E-9
0:23:39	1	-1.999979E+1	1.531000E+1	1.717300E+1	2.181205E+0	2.454272E+0	3.400000E+2	7.043800E-8	6.908867E-8	2.022378E-9	2.015743E-9	2.065129E-9	2.046492E-9	2.103919E-9	2.132104E-9	2.183737E-9	2.211527E-9	2.012309E-9	2.024000E-9	2.022130E-9	2.045458E-9	2.077586E-9	2.098161E-9	2.164725E-9	2.048823E-9	1.966293E-9	1.983856E-9	2.022817E-9	2.033029E-9	2.096428E-9	2.103497E-9	2.073628E-9	5.030457E-9	2.010336E-9	2.018860E-9	2.030329E-9	2.062859E-9	2.069568E-9	2.068085E-9	2.103921E-9	2.140482E-9
0:23:53	1	-2.000009E+1	1.528200E+1	1.717600E+1	2.176365E+0	2.450636E+0	3.600000E+2	1.097200E-7	1.090286E-7	3.181358E-9	3.187018E-9	3.275953E-9	3.258808E-9	3.353928E-9	3.407380E-9	3.493497E-9	3.514028E-9	3.179154E-9	3.212252E-9	3.218769E-9	3.264804E-9	3.325190E-9	3.359466E-9	3.413618E-9	3.287435E-9	3.117956E-9	3.151954E-9	3.226002E-9	3.248460E-9	3.333185E-9	3.363465E-9	3.326981E-9	7.013524E-9	3.183198E-9	3.207757E-9	3.232994E-9	3.294270E-9	3.309328E-9	3.305909E-9	3.361166E-9	3.419781E-9
0:24:06	1	-2.000199E+1	1.529100E+1	1.717300E+1	2.173541E+0	2.447583E+0	3.610000E+2	1.120600E-7	1.116500E-7	3.259115E-9	3.266402E-9	3.359961E-9	3.340573E-9	3.439712E-9	3.494313E-9	3.580920E-9	3.610098E-9	3.257944E-9	3.289918E-9	3.297423E-9	3.340204E-9	3.402215E-9	3.441757E-9	3.554053E-9	3.371671E-9	3.194358E-9	3.229558E-9	3.304237E-9	3.331460E-9	3.423480E-9	3.452284E-9	3.411019E-9	7.012705E-9	3.260311E-9	3.286200E-9	3.313753E-9	3.378922E-9	3.394134E-9	3.395189E-9	3.447721E-9	3.508355E-9
0:24:20	1	-1.999979E+1	1.529600E+1	1.721700E+1	2.173921E+0	2.448280E+0	3.620000E+2	1.161100E-7	1.135891E-7	3.349044E-9	3.355118E-9	3.451745E-9	3.429237E-9	3.535442E-9	3.591556E-9	3.683818E-9	3.704076E-9	3.346497E-9	3.380666E-9	3.391505E-9	3.449136E-9	3.508758E-9	3.540834E-9	3.612709E-9	3.461603E-9	3.282605E-9	3.316918E-9	3.393872E-9	3.420418E-9	3.521916E-9	3.552946E-9	3.501058E-9	6.095100E-9	3.348524E-9	3.374566E-9	3.399057E-9	3.471235E-9	3.486265E-9	3.485040E-9	3.543559E-9	3.604274E-9
0:24:33	1	-1.999903E+1	1.529700E+1	1.719700E+1	2.175276E+0	2.447811E+0	3.630000E+2	1.176800E-7	1.167949E-7	3.427053E-9	3.440996E-9	3.539357E-9	3.519104E-9	3.628701E-9	3.686285E-9	3.780084E-9	3.812259E-9	3.432894E-9	3.468128E-9	3.479834E-9	3.536218E-9	3.601492E-9	3.634926E-9	3.691952E-9	3.551093E-9	3.357740E-9	3.400187E-9	3.480421E-9	3.509312E-9	3.610129E-9	3.648315E-9	3.592740E-9	6.541252E-9	3.432826E-9	3.461677E-9	3.487456E-9	3.556203E-9	3.573218E-9	3.577996E-9	3.636825E-9	3.698231E-9
0:24:47	1	-2.000093E+1	1.532000E+1	1.718900E+1	2.175061E+0	2.447064E+0	3.640000E+2	1.202600E-7	1.206036E-7	3.515909E-9	3.527820E-9	3.631899E-9	3.610680E-9	3.721201E-9	3.783526E-9	3.877804E-9	3.918221E-9	3.519166E-9	3.558622E-9	3.564304E-9	3.611807E-9	3.683078E-9	3.729207E-9	3.795964E-9	3.647607E-9	3.444087E-9	3.489687E-9	3.574970E-9	3.602970E-9	3.706230E-9	3.742741E-9	3.696428E-9	7.456212E-9	3.523623E-9	3.556010E-9	3.585011E-9	3.655481E-9	3.670274E-9	3.671711E-9	3.732914E-9	3.798391E-9
0:25:00	1	-1.999994E+1	1.529200E+1	1.717300E+1	2.174161E+0	2.446912E+0	3.650000E+2	1.236100E-7	1.237670E-7	3.611324E-9	3.627380E-9	3.731205E-9	3.712823E-9	3.827766E-9	3.894535E-9	3.990493E-9	4.017336E-9	3.617544E-9	3.659102E-9	3.673561E-9	3.715876E-9	3.795638E-9	3.840778E-9	3.920309E-9	3.756209E-9	3.545955E-9	3.591083E-9	3.679472E-9	3.712928E-9	3.807568E-9	3.845102E-9	3.801000E-9	7.363369E-9	3.621483E-9	3.655116E-9	3.684711E-9	3.758558E-9	3.779013E-9	3.779683E-9	3.842174E-9	3.907859E-9
0:25:14	1	-1.999941E+1	1.530700E+1	1.716700E+1	2.182269E+0	2.453626E+0	3.660000E+2	1.272400E-7	1.268408E-7	3.711027E-9	3.725302E-9	3.833986E-9	3.812121E-9	3.932683E-9	3.994417E-9	4.098255E-9	4.138137E-9	3.710343E-9	3.753198E-9	3.771247E-9	3.845585E-9	3.891159E-9	3.942632E-9	4.003669E-9	3.861520E-9	3.638132E-9	3.687255E-9	3.776666E-9	3.813231E-9	3.904048E-9	3.950804E-9	3.905509E-9	7.295011E-9	3.717576E-9	3.748004E-9	3.782834E-9	3.864546E-9	3.882699E-9	3.883411E-9	3.948738E-9	4.017010E-9
0:25:27	1	-2.000047E+1	1.530300E+1	1.719200E+1	2.182674E+0	2.453664E+0	3.670000E+2	1.305500E-7	1.290468E-7	3.804992E-9	3.826502E-9	3.938729E-9	3.919707E-9	4.038044E-9	4.108568E-9	4.214610E-9	4.268389E-9	3.813665E-9	3.857280E-9	3.870261E-9	3.946876E-9	4.001186E-9	4.052815E-9	4.112938E-9	3.968667E-9	3.733982E-9	3.786447E-9	3.879845E-9	3.911591E-9	4.031762E-9	4.069417E-9	4.007491E-9	6.233074E-9	3.817138E-9	3.849685E-9	3.882598E-9	3.958189E-9	3.983039E-9	3.984224E-9	4.051663E-9	4.123440E-9
0:25:41	1	-2.000009E+1	1.531900E+1	1.718700E+1	2.181369E+0	2.452612E+0	3.680000E+2	1.328700E-7	1.320108E-7	3.903938E-9	3.923856E-9	4.038856E-9	4.020522E-9	4.147332E-9	4.214173E-9	4.325847E-9	4.375494E-9	3.910458E-9	3.955991E-9	3.973068E-9	4.039830E-9	4.106146E-9	4.160979E-9	4.233357E-9	4.075434E-9	3.831860E-9	3.882871E-9	3.984157E-9	4.019292E-9	4.135624E-9	4.171782E-9	4.123627E-9	5.940886E-9	3.915564E-9	3.954192E-9	3.986593E-9	4.072978E-9	4.093356E-9	4.091373E-9	4.165128E-9	4.236201E-9
0:25:54	1	-1.999637E+1	1.537200E+1	1.720500E+1	2.179393E+0	2.453094E+0	3.690000E+2	1.373600E-7	1.365062E-7	4.023001E-9	4.037729E-9	4.159844E-9	4.145956E-9	4.274552E-9	4.345862E-9	4.459128E-9	4.501939E-9	4.027409E-9	4.075871E-9	4.094464E-9	4.161835E-9	4.242589E-9	4.288583E-9	4.360362E-9	4.197898E-9	3.948299E-9	3.996288E-9	4.098863E-9	4.140283E-9	4.265927E-9	4.303561E-9	4.246145E-9	6.624464E-9	4.027421E-9	4.066926E-9	4.106057E-9	4.192898E-9	4.220725E-9	4.217217E-9	4.291009E-9	4.363080E-9
0:26:08	1	-1.999865E+1	1.535700E+1	1.722800E+1	2.180495E+0	2.454398E+0	3.700000E+2	1.422900E-7	1.403657E-7	4.126930E-9	4.145172E-9	4.273627E-9	4.256899E-9	4.391951E-9	4.463219E-9	4.581229E-9	4.622107E-9	4.131682E-9	4.182733E-9	4.204861E-9	4.284725E-9	4.349765E-9	4.414164E-9	4.460319E-9	4.316184E-9	4.053842E-9	4.108824E-9	4.216216E-9	4.253253E-9	4.382662E-9	4.422742E-9	4.364366E-9	6.972421E-9	4.133793E-9	4.175393E-9	4.218200E-9	4.305536E-9	4.330537E-9	4.331399E-9	4.407420E-9	4.483501E-9
0:26:21	1	-1.999971E+1	1.538000E+1	1.724800E+1	2.173591E+0	2.446608E+0	3.710000E+2	1.452800E-7	1.454665E-7	4.241391E-9	4.262831E-9	4.393160E-9	4.375181E-9	4.517015E-9	4.599245E-9	4.715584E-9	4.774044E-9	4.248127E-9	4.301161E-9	4.323727E-9	4.408560E-9	4.479175E-9	4.534634E-9	4.601070E-9	4.435102E-9	4.162426E-9	4.220040E-9	4.331426E-9	4.375247E-9	4.512648E-9	4.545514E-9	4.486567E-9	8.284561E-9	4.251200E-9	4.290388E-9	4.329582E-9	4.421782E-9	4.448622E-9	4.455403E-9	4.533238E-9	4.607847E-9
0:26:35	1	-1.999986E+1	1.535300E+1	1.724800E+1	2.172970E+0	2.445924E+0	3.720000E+2	1.500100E-7	1.482194E-7	4.354465E-9	4.379416E-9	4.515791E-9	4.499602E-9	4.646704E-9	4.731185E-9	4.851708E-9	4.905055E-9	4.368184E-9	4.424518E-9	4.446577E-9	4.514966E-9	4.611435E-9	4.672522E-9	4.742644E-9	4.569399E-9	4.280768E-9	4.350451E-9	4.460179E-9	4.500814E-9	4.632411E-9	4.678994E-9	4.624690E-9	7.064131E-9	4.369993E-9	4.420142E-9	4.461043E-9	4.557972E-9	4.585776E-9	4.584666E-9	4.664576E-9	4.748655E-9
0:26:48	1	-2.000040E+1	1.534700E+1	1.724200E+1	2.172476E+0	2.445708E+0	3.730000E+2	1.535200E-7	1.527874E-7	4.488915E-9	4.514981E-9	4.657196E-9	4.644338E-9	4.794260E-9	4.882612E-9	5.007605E-9	5.050777E-9	4.506115E-9	4.561967E-9	4.591937E-9	4.663808E-9	4.767765E-9	4.817224E-9	4.881368E-9	4.713949E-9	4.415706E-9	4.484261E-9	4.597750E-9	4.646129E-9	4.773375E-9	4.827719E-9	4.767743E-9	7.185928E-9	4.506252E-9	4.556680E-9	4.599766E-9	4.701253E-9	4.733729E-9	4.733636E-9	4.813978E-9	4.898643E-9
0:27:02	1	-1.999918E+1	1.534000E+1	1.723700E+1	2.177278E+0	2.449762E+0	3.740000E+2	1.580000E-7	1.569980E-7	4.615546E-9	4.648842E-9	4.793481E-9	4.778505E-9	4.937190E-9	5.026495E-9	5.160530E-9	5.199101E-9	4.630863E-9	4.692147E-9	4.720541E-9	4.809556E-9	4.886722E-9	4.958961E-9	5.014708E-9	4.859258E-9	4.539494E-9	4.610832E-9	4.737086E-9	4.782479E-9	4.926582E-9	4.983308E-9	4.911870E-9	7.139791E-9	4.633557E-9	4.685995E-9	4.730470E-9	4.836557E-9	4.865011E-9	4.877283E-9	4.961373E-9	5.043883E-9
0:27:15	1	-1.999758E+1	1.537900E+1	1.727900E+1	2.177708E+0	2.450155E+0	3.750000E+2	1.632200E-7	1.612982E-7	4.750376E-9	4.787433E-9	4.936972E-9	4.926912E-9	5.083415E-9	5.179305E-9	5.316680E-9	5.371330E-9	4.767146E-9	4.834273E-9	4.864067E-9	4.951893E-9	5.049705E-9	5.112688E-9	5.191501E-9	5.012542E-9	4.673545E-9	4.746781E-9	4.879508E-9	4.935443E-9	5.075245E-9	5.128821E-9	5.067749E-9	6.847665E-9	4.773915E-9	4.827620E-9	4.876202E-9	4.986866E-9	5.014984E-9	5.024351E-9	5.105192E-9	5.198050E-9
0:27:29	1	-2.000002E+1	1.536600E+1	1.728200E+1	2.177265E+0	2.449686E+0	3.760000E+2	1.672000E-7	1.662584E-7	4.893341E-9	4.934030E-9	5.089312E-9	5.081521E-9	5.248141E-9	5.346510E-9	5.486788E-9	5.540072E-9	4.913255E-9	4.980000E-9	5.014990E-9	5.099346E-9	5.213446E-9	5.278974E-9	5.366522E-9	5.168104E-9	4.815135E-9	4.899473E-9	5.032133E-9	5.086650E-9	5.239873E-9	5.292664E-9	5.227671E-9	6.952153E-9	4.917234E-9	4.977535E-9	5.029762E-9	5.145596E-9	5.174303E-9	5.178516E-9	5.267892E-9	5.367412E-9
0:27:42	1	-1.999971E+1	1.539100E+1	1.724300E+1	2.184410E+0	2.456755E+0	3.770000E+2	1.725700E-7	1.722502E-7	5.055539E-9	5.096203E-9	5.257204E-9	5.250116E-9	5.425537E-9	5.523959E-9	5.672877E-9	5.721941E-9	5.075591E-9	5.146707E-9	5.190066E-9	5.280143E-9	5.396824E-9	5.458448E-9	5.550663E-9	5.355311E-9	4.985106E-9	5.060220E-9	5.204350E-9	5.260928E-9	5.419329E-9	5.481010E-9	5.400170E-9	7.555097E-9	5.078589E-9	5.139508E-9	5.191595E-9	5.308316E-9	5.350040E-9	5.360120E-9	5.451164E-9	5.547537E-9
0:27:56	1	-2.000032E+1	1.537800E+1	1.727300E+1	2.184574E+0	2.456755E+0	3.780000E+2	1.774900E-7	1.770241E-7	5.207774E-9	5.254656E-9	5.423324E-9	5.413142E-9	5.599258E-9	5.698141E-9	5.853912E-9	5.926447E-9	5.231715E-9	5.310508E-9	5.351486E-9	5.472053E-9	5.558222E-9	5.640763E-9	5.693124E-9	5.525745E-9	5.132777E-9	5.218955E-9	5.367118E-9	5.434391E-9	5.594053E-9	5.657073E-9	5.579365E-9	7.094911E-9	5.236413E-9	5.301169E-9	5.360248E-9	5.482559E-9	5.524009E-9	5.530126E-9	5.629354E-9	5.721331E-9
0:28:09	1	-2.000123E+1	1.539400E+1	1.728200E+1	2.185170E+0	2.456527E+0	3.790000E+2	1.834000E-7	1.826570E-7	5.370164E-9	5.420991E-9	5.596461E-9	5.594458E-9	5.780202E-9	5.890803E-9	6.054340E-9	6.134631E-9	5.398490E-9	5.483347E-9	5.522578E-9	5.642680E-9	5.750531E-9	5.825916E-9	5.888414E-9	5.710736E-9	5.298569E-9	5.389899E-9	5.546012E-9	5.610486E-9	5.777357E-9	5.841388E-9	5.776630E-9	7.103346E-9	5.402181E-9	5.473757E-9	5.537298E-9	5.671616E-9	5.712376E-9	5.718128E-9	5.815134E-9	5.918107E-9
0:28:23	1	-1.999690E+1	1.537500E+1	1.729300E+1	2.173705E+0	2.448318E+0	3.800000E+2	1.900900E-7	1.899171E-7	5.554182E-9	5.606114E-9	5.798676E-9	5.790012E-9	5.988263E-9	6.101567E-9	6.268475E-9	6.337936E-9	5.583708E-9	5.673120E-9	5.713271E-9	5.826255E-9	5.954686E-9	6.036818E-9	6.112210E-9	5.920283E-9	5.483744E-9	5.578215E-9	5.744495E-9	5.813664E-9	6.004895E-9	6.061356E-9	5.975412E-9	8.163455E-9	5.588504E-9	5.664746E-9	5.734049E-9	5.866689E-9	5.908320E-9	5.918360E-9	6.018225E-9	6.127357E-9
0:28:36	1	-2.000123E+1	1.538900E+1	1.728900E+1	2.174263E+0	2.448989E+0	3.810000E+2	1.965600E-7	1.960984E-7	5.733156E-9	5.792878E-9	5.990460E-9	5.990946E-9	6.196767E-9	6.309946E-9	6.487855E-9	6.550623E-9	5.766076E-9	5.863715E-9	5.909402E-9	6.037109E-9	6.160677E-9	6.248540E-9	6.312823E-9	6.120400E-9	5.660241E-9	5.760236E-9	5.934223E-9	6.007187E-9	6.207950E-9	6.269925E-9	6.185442E-9	8.202985E-9	5.773251E-9	5.847256E-9	5.918107E-9	6.059103E-9	6.106727E-9	6.118591E-9	6.233988E-9	6.341862E-9
0:28:50	1	-1.999918E+1	1.537000E+1	1.729900E+1	2.175593E+0	2.450345E+0	3.820000E+2	2.031100E-7	2.024013E-7	5.926067E-9	5.984999E-9	6.190083E-9	6.192514E-9	6.409707E-9	6.535357E-9	6.713044E-9	6.789055E-9	5.963845E-9	6.062273E-9	6.117419E-9	6.252574E-9	6.380860E-9	6.468151E-9	6.522871E-9	6.341846E-9	5.850294E-9	5.958999E-9	6.142974E-9	6.223655E-9	6.418831E-9	6.492351E-9	6.410574E-9	7.958193E-9	5.968276E-9	6.053257E-9	6.128748E-9	6.282414E-9	6.327110E-9	6.333271E-9	6.443414E-9	6.558266E-9
0:29:03	1	-1.999979E+1	1.538700E+1	1.731300E+1	2.174769E+0	2.447811E+0	3.830000E+2	2.104200E-7	2.101302E-7	6.128500E-9	6.198497E-9	6.415435E-9	6.412816E-9	6.637787E-9	6.776986E-9	6.957878E-9	7.041121E-9	6.165546E-9	6.271257E-9	6.333910E-9	6.454715E-9	6.607121E-9	6.705873E-9	6.791894E-9	6.571012E-9	6.049216E-9	6.165315E-9	6.357585E-9	6.434295E-9	6.661892E-9	6.727563E-9	6.635705E-9	8.781698E-9	6.171370E-9	6.261393E-9	6.336046E-9	6.494267E-9	6.552670E-9	6.559546E-9	6.675168E-9	6.796131E-9
0:29:17	1	-2.000108E+1	1.541000E+1	1.732400E+1	2.174047E+0	2.447482E+0	3.840000E+2	2.186200E-7	2.186200E-7	6.352125E-9	6.424419E-9	6.655324E-9	6.660329E-9	6.899193E-9	7.044512E-9	7.234358E-9	7.309611E-9	6.401223E-9	6.511400E-9	6.580750E-9	6.709206E-9	6.868283E-9	6.975968E-9	7.067504E-9	6.829480E-9	6.280574E-9	6.412355E-9	6.602933E-9	6.694519E-9	6.916121E-9	6.993515E-9	6.906772E-9	9.401449E-9	6.402968E-9	6.504699E-9	6.588297E-9	6.755694E-9	6.807088E-9	6.822444E-9	6.945747E-9	7.061095E-9
0:29:30	1	-1.999857E+1	1.539100E+1	1.731100E+1	2.173946E+0	2.447760E+0	3.850000E+2	2.264400E-7	2.258175E-7	6.571964E-9	6.656265E-9	6.899827E-9	6.908981E-9	7.151793E-9	7.304684E-9	7.502564E-9	7.585141E-9	6.624602E-9	6.748190E-9	6.817408E-9	6.971968E-9	7.131727E-9	7.238616E-9	7.330636E-9	7.093581E-9	6.507754E-9	6.640951E-9	6.856597E-9	6.937129E-9	7.175208E-9	7.255121E-9	7.156924E-9	8.861448E-9	6.637843E-9	6.737894E-9	6.832467E-9	7.005470E-9	7.064915E-9	7.077359E-9	7.203469E-9	7.329036E-9
0:29:44	1	-1.999956E+1	1.539200E+1	1.730500E+1	2.181344E+0	2.453410E+0	3.861897E+2	2.369100E-7	2.362692E-7	6.867289E-9	6.953307E-9	7.213927E-9	7.226109E-9	7.484094E-9	7.636577E-9	7.860403E-9	7.967267E-9	6.919165E-9	7.053673E-9	7.133101E-9	7.312657E-9	7.458259E-9	7.576613E-9	7.659773E-9	7.428755E-9	6.791884E-9	6.942873E-9	7.159769E-9	7.267190E-9	7.513865E-9	7.612035E-9	7.513417E-9	9.265048E-9	6.936591E-9	7.042560E-9	7.141042E-9	7.326350E-9	7.386269E-9	7.405839E-9	7.540093E-9	7.673393E-9
0:29:57	1	-1.999911E+1	1.537400E+1	1.728700E+1	2.181724E+0	2.453499E+0	3.873794E+2	2.481800E-7	2.473578E-7	7.171381E-9	7.270149E-9	7.543323E-9	7.565261E-9	7.834007E-9	8.012598E-9	8.244330E-9	8.359539E-9	7.234329E-9	7.379695E-9	7.469343E-9	7.638064E-9	7.824762E-9	7.944902E-9	8.054279E-9	7.796648E-9	7.106359E-9	7.267012E-9	7.500486E-9	7.616811E-9	7.875995E-9	7.971972E-9	7.868205E-9	9.596262E-9	7.247067E-9	7.369145E-9	7.479798E-9	7.673441E-9	7.743932E-9	7.761946E-9	7.898984E-9	8.037759E-9
0:30:11	1	-2.000199E+1	1.540600E+1	1.730100E+1	2.178633E+0	2.452777E+0	3.885692E+2	2.604100E-7	2.603419E-7	7.506815E-9	7.610194E-9	7.905906E-9	7.936245E-9	8.227890E-9	8.414268E-9	8.655737E-9	8.760501E-9	7.576940E-9	7.730867E-9	7.837009E-9	8.014306E-9	8.214068E-9	8.347583E-9	8.466273E-9	8.187831E-9	7.435595E-9	7.606570E-9	7.866839E-9	7.992762E-9	8.257812E-9	8.360510E-9	8.263621E-9	1.098438E-8	7.578728E-9	7.718088E-9	7.842675E-9	8.051178E-9	8.122054E-9	8.141752E-9	8.289485E-9	8.437456E-9
0:30:24	1	-2.000040E+1	1.540100E+1	1.729100E+1	2.180546E+0	2.454893E+0	3.897589E+2	2.739700E-7	2.732429E-7	7.860285E-9	7.983089E-9	8.303698E-9	8.328494E-9	8.639832E-9	8.841518E-9	9.101315E-9	9.218216E-9	7.941420E-9	8.107888E-9	8.221050E-9	8.430018E-9	8.613068E-9	8.761943E-9	8.874146E-9	8.616547E-9	7.796000E-9	7.991761E-9	8.269034E-9	8.400749E-9	8.700206E-9	8.803786E-9	8.690380E-9	1.135380E-8	7.942673E-9	8.090835E-9	8.222600E-9	8.453799E-9	8.538887E-9	8.561798E-9	8.719254E-9	8.864817E-9
0:30:38	1	-1.999926E+1	1.537700E+1	1.727300E+1	2.181179E+0	2.455083E+0	3.909486E+2	2.886600E-7	2.879839E-7	8.272025E-9	8.413808E-9	8.747321E-9	8.790551E-9	9.123426E-9	9.339987E-9	9.614923E-9	9.756274E-9	8.358005E-9	8.541911E-9	8.674076E-9	8.904203E-9	9.107713E-9	9.256254E-9	9.377922E-9	9.100827E-9	8.210189E-9	8.412326E-9	8.717845E-9	8.854247E-9	9.202796E-9	9.293864E-9	9.176594E-9	1.165990E-8	8.362297E-9	8.520862E-9	8.675393E-9	8.919352E-9	9.004341E-9	9.033672E-9	9.198192E-9	9.362772E-9
0:30:51	1	-1.999911E+1	1.543000E+1	1.731500E+1	2.172844E+0	2.446405E+0	3.921383E+2	3.016900E-7	3.014492E-7	8.637606E-9	8.783236E-9	9.152003E-9	9.196280E-9	9.558237E-9	9.783329E-9	1.007522E-8	1.023251E-8	8.731932E-9	8.932139E-9	9.069751E-9	9.304252E-9	9.543386E-9	9.721979E-9	9.848950E-9	9.554349E-9	8.586815E-9	8.814258E-9	9.124827E-9	9.285678E-9	9.635597E-9	9.736068E-9	9.638482E-9	1.205494E-8	8.741628E-9	8.914836E-9	9.084679E-9	9.353375E-9	9.451230E-9	9.465690E-9	9.631094E-9	9.804823E-9
0:31:05	1	-1.999986E+1	1.539800E+1	1.730200E+1	2.172400E+0	2.446494E+0	3.933280E+2	3.194400E-7	3.180519E-7	9.087815E-9	9.245289E-9	9.638987E-9	9.703457E-9	1.009036E-8	1.034484E-8	1.065155E-8	1.079967E-8	9.187374E-9	9.417285E-9	9.576517E-9	9.840261E-9	1.011404E-8	1.027246E-8	1.041385E-8	1.010882E-8	9.043640E-9	9.285928E-9	9.634610E-9	9.811394E-9	1.016191E-8	1.029651E-8	1.019104E-8	1.257354E-8	9.206080E-9	9.399753E-9	9.572009E-9	9.860970E-9	9.975537E-9	1.000625E-8	1.018417E-8	1.035596E-8
0:31:18	1	-1.999895E+1	1.538000E+1	1.729100E+1	2.172806E+0	2.446912E+0	3.945177E+2	3.367600E-7	3.373844E-7	9.577439E-9	9.752992E-9	1.018476E-8	1.026962E-8	1.068927E-8	1.095238E-8	1.128411E-8	1.144636E-8	9.688897E-9	9.953871E-9	1.012337E-8	1.042104E-8	1.069674E-8	1.088440E-8	1.102247E-8	1.070550E-8	9.546522E-9	9.812732E-9	1.018710E-8	1.038049E-8	1.076376E-8	1.092039E-8	1.077772E-8	1.426618E-8	9.702500E-9	9.921723E-9	1.012065E-8	1.042897E-8	1.056293E-8	1.058787E-8	1.077908E-8	1.097257E-8
0:31:32	1	-1.999994E+1	1.537100E+1	1.728700E+1	2.177746E+0	2.450446E+0	3.957075E+2	3.587200E-7	3.589406E-7	1.014520E-8	1.035048E-8	1.082788E-8	1.091501E-8	1.136274E-8	1.166042E-8	1.201558E-8	1.221181E-8	1.026839E-8	1.055037E-8	1.076905E-8	1.108101E-8	1.140212E-8	1.162117E-8	1.177297E-8	1.142464E-8	1.011351E-8	1.040921E-8	1.084088E-8	1.105811E-8	1.147237E-8	1.163629E-8	1.150025E-8	1.525648E-8	1.028095E-8	1.052145E-8	1.074172E-8	1.108839E-8	1.122502E-8	1.125852E-8	1.147196E-8	1.168661E-8
0:31:45	1	-1.999774E+1	1.537500E+1	1.729900E+1	2.176847E+0	2.449699E+0	3.968972E+2	3.805800E-7	3.798105E-7	1.072053E-8	1.096349E-8	1.146859E-8	1.159693E-8	1.207828E-8	1.241403E-8	1.281192E-8	1.301202E-8	1.087894E-8	1.119123E-8	1.143495E-8	1.176176E-8	1.212956E-8	1.235882E-8	1.255628E-8	1.216815E-8	1.070895E-8	1.104849E-8	1.150739E-8	1.175127E-8	1.221556E-8	1.239453E-8	1.224875E-8	1.459091E-8	1.089573E-8	1.116444E-8	1.140761E-8	1.178340E-8	1.194414E-8	1.198576E-8	1.219890E-8	1.241926E-8
0:31:59	1	-1.999979E+1	1.541400E+1	1.730600E+1	2.175909E+0	2.449547E+0	3.980869E+2	4.049600E-7	4.053527E-7	1.137046E-8	1.164749E-8	1.221158E-8	1.234598E-8	1.288980E-8	1.325018E-8	1.369177E-8	1.389987E-8	1.154160E-8	1.189945E-8	1.218059E-8	1.256900E-8	1.296360E-8	1.320646E-8	1.342581E-8	1.302969E-8	1.137680E-8	1.175964E-8	1.227675E-8	1.255370E-8	1.303296E-8	1.324297E-8	1.308849E-8	1.591300E-8	1.156851E-8	1.186987E-8	1.214650E-8	1.257724E-8	1.275482E-8	1.278573E-8	1.303222E-8	1.325019E-8
0:32:12	1	-2.000017E+1	1.540600E+1	1.731700E+1	2.183573E+0	2.456273E+0	3.992766E+2	4.339800E-7	4.321100E-7	1.208396E-8	1.241119E-8	1.302095E-8	1.319212E-8	1.379263E-8	1.418690E-8	1.465772E-8	1.491524E-8	1.228926E-8	1.268199E-8	1.300527E-8	1.345491E-8	1.388353E-8	1.416177E-8	1.434114E-8	1.396180E-8	1.211700E-8	1.252984E-8	1.310848E-8	1.341562E-8	1.397990E-8	1.419453E-8	1.401347E-8	1.600867E-8	1.230264E-8	1.263345E-8	1.296141E-8	1.342794E-8	1.361626E-8	1.366225E-8	1.392524E-8	1.417297E-8
0:32:26	1	-1.999911E+1	1.539900E+1	1.731000E+1	2.184296E+0	2.456463E+0	4.004663E+2	4.644900E-7	4.640486E-7	1.289445E-8	1.325742E-8	1.393417E-8	1.414813E-8	1.478712E-8	1.523513E-8	1.574772E-8	1.605788E-8	1.312313E-8	1.356488E-8	1.393287E-8	1.443600E-8	1.491735E-8	1.524335E-8	1.547740E-8	1.503732E-8	1.293296E-8	1.342195E-8	1.405196E-8	1.441904E-8	1.499505E-8	1.525601E-8	1.508333E-8	1.766367E-8	1.313331E-8	1.351266E-8	1.388107E-8	1.439476E-8	1.463084E-8	1.469547E-8	1.495067E-8	1.523156E-8
0:32:39	1	-2.000032E+1	1.541800E+1	1.732300E+1	2.184638E+0	2.456628E+0	4.016560E+2	5.000800E-7	4.991746E-7	1.379317E-8	1.419521E-8	1.496554E-8	1.522444E-8	1.593260E-8	1.644831E-8	1.703032E-8	1.735765E-8	1.403629E-8	1.455123E-8	1.498441E-8	1.555247E-8	1.610421E-8	1.646250E-8	1.671579E-8	1.625758E-8	1.386283E-8	1.440179E-8	1.511864E-8	1.553918E-8	1.620953E-8	1.647907E-8	1.630003E-8	1.854791E-8	1.405617E-8	1.449298E-8	1.491875E-8	1.548700E-8	1.576231E-8	1.583483E-8	1.612525E-8	1.642660E-8
0:32:53	1	-2.000100E+1	1.541800E+1	1.731600E+1	2.174136E+0	2.449369E+0	4.028458E+2	5.397100E-7	5.413967E-7	1.480086E-8	1.526447E-8	1.613287E-8	1.644423E-8	1.725325E-8	1.783422E-8	1.846901E-8	1.883727E-8	1.509696E-8	1.568899E-8	1.619097E-8	1.684791E-8	1.747413E-8	1.785911E-8	1.817574E-8	1.767529E-8	1.489983E-8	1.555629E-8	1.634016E-8	1.683109E-8	1.756126E-8	1.788285E-8	1.770566E-8	2.152966E-8	1.511175E-8	1.561537E-8	1.608353E-8	1.674178E-8	1.707841E-8	1.715370E-8	1.747539E-8	1.778472E-8
0:33:06	1	-2.000123E+1	1.540800E+1	1.732600E+1	2.175415E+0	2.450839E+0	4.040355E+2	5.840500E-7	5.842496E-7	1.584841E-8	1.641292E-8	1.737593E-8	1.777913E-8	1.865987E-8	1.932566E-8	2.002165E-8	2.047516E-8	1.621259E-8	1.689039E-8	1.747499E-8	1.822873E-8	1.895509E-8	1.940446E-8	1.972970E-8	1.920484E-8	1.602995E-8	1.675102E-8	1.766227E-8	1.820049E-8	1.903704E-8	1.938421E-8	1.919483E-8	2.226441E-8	1.622414E-8	1.680458E-8	1.737440E-8	1.809703E-8	1.846227E-8	1.856900E-8	1.891999E-8	1.927447E-8
0:33:20	1	-2.000138E+1	1.543000E+1	1.732600E+1	2.172071E+0	2.446164E+0	4.052252E+2	6.371400E-7	6.379356E-7	1.713925E-8	1.778823E-8	1.891249E-8	1.939743E-8	2.041071E-8	2.118050E-8	2.199119E-8	2.252328E-8	1.755667E-8	1.833793E-8	1.905067E-8	1.990187E-8	2.078589E-8	2.129096E-8	2.170060E-8	2.112817E-8	1.735190E-8	1.822299E-8	1.927357E-8	1.993474E-8	2.089426E-8	2.130005E-8	2.109836E-8	2.396253E-8	1.756542E-8	1.824413E-8	1.892682E-8	1.976893E-8	2.017519E-8	2.031051E-8	2.072410E-8	2.108624E-8
0:33:33	1	-1.999675E+1	1.542600E+1	1.731400E+1	2.173984E+0	2.447558E+0	4.064149E+2	7.011000E-7	7.010263E-7	1.861588E-8	1.937446E-8	2.067654E-8	2.127096E-8	2.245812E-8	2.334027E-8	2.427997E-8	2.489087E-8	1.910802E-8	2.006100E-8	2.089900E-8	2.191594E-8	2.293291E-8	2.353932E-8	2.403547E-8	2.339825E-8	1.890414E-8	1.992387E-8	2.114251E-8	2.194282E-8	2.305404E-8	2.354037E-8	2.332225E-8	2.635889E-8	1.911824E-8	1.991128E-8	2.070231E-8	2.169155E-8	2.219633E-8	2.237493E-8	2.280833E-8	2.323748E-8
0:33:47	1	-1.999971E+1	1.541300E+1	1.732700E+1	2.173528E+0	2.447634E+0	4.076046E+2	7.772400E-7	7.769529E-7	2.035057E-8	2.128642E-8	2.279440E-8	2.353725E-8	2.491969E-8	2.599542E-8	2.706525E-8	2.780736E-8	2.093454E-8	2.206345E-8	2.312074E-8	2.430355E-8	2.550793E-8	2.628117E-8	2.689553E-8	2.620242E-8	2.072225E-8	2.196016E-8	2.340110E-8	2.436453E-8	2.569420E-8	2.625521E-8	2.604606E-8	2.906318E-8	2.093646E-8	2.189749E-8	2.283922E-8	2.400412E-8	2.465817E-8	2.486673E-8	2.537677E-8	2.580153E-8
0:34:00	1	-1.999979E+1	1.544400E+1	1.732300E+1	2.181585E+0	2.453993E+0	4.087944E+2	8.744100E-7	8.710527E-7	2.239269E-8	2.349839E-8	2.531023E-8	2.626901E-8	2.793460E-8	2.925327E-8	3.053450E-8	3.146559E-8	2.309709E-8	2.449759E-8	2.579019E-8	2.727137E-8	2.879366E-8	2.966386E-8	3.035710E-8	2.966859E-8	2.291237E-8	2.438667E-8	2.615380E-8	2.735503E-8	2.885027E-8	2.960306E-8	2.939119E-8	3.386572E-8	2.312549E-8	2.428652E-8	2.545457E-8	2.686640E-8	2.767734E-8	2.788789E-8	2.845187E-8	2.898674E-8
0:34:14	1	-2.000055E+1	1.542600E+1	1.734300E+1	2.181445E+0	2.453550E+0	4.099841E+2	9.966000E-7	9.969672E-7	2.504034E-8	2.648200E-8	2.868208E-8	2.998836E-8	3.207041E-8	3.371529E-8	3.533694E-8	3.655988E-8	2.597503E-8	2.767231E-8	2.940224E-8	3.130855E-8	3.326017E-8	3.435280E-8	3.537555E-8	3.444640E-8	2.579574E-8	2.765085E-8	2.984506E-8	3.141909E-8	3.330588E-8	3.420344E-8	3.401487E-8	3.823898E-8	2.594645E-8	2.743575E-8	2.893331E-8	3.066169E-8	3.175144E-8	3.205936E-8	3.272444E-8	3.331247E-8
0:34:27	1	-1.999797E+1	1.539300E+1	1.732900E+1	2.179228E+0	2.451764E+0	4.111738E+2	1.147800E-6	1.145288E-6	2.808839E-8	2.986525E-8	3.265065E-8	3.440500E-8	3.695996E-8	3.905609E-8	4.109447E-8	4.268805E-8	2.922036E-8	3.144024E-8	3.363373E-8	3.605919E-8	3.866524E-8	4.007106E-8	4.131953E-8	4.043681E-8	2.908551E-8	3.143944E-8	3.421718E-8	3.627404E-8	3.871645E-8	3.987955E-8	3.959652E-8	4.211951E-8	2.918804E-8	3.103931E-8	3.302132E-8	3.518471E-8	3.655805E-8	3.700312E-8	3.780568E-8	3.850585E-8
0:34:41	1	-2.000017E+1	1.541100E+1	1.731600E+1	2.180293E+0	2.454855E+0	4.123635E+2	1.344200E-6	1.345444E-6	3.187296E-8	3.418691E-8	3.772644E-8	4.014319E-8	4.351457E-8	4.636739E-8	4.902778E-8	5.119479E-8	3.333963E-8	3.622826E-8	3.921163E-8	4.243637E-8	4.591625E-8	4.790378E-8	4.960687E-8	4.858023E-8	3.325396E-8	3.636039E-8	3.998826E-8	4.272634E-8	4.603762E-8	4.759975E-8	4.740225E-8	4.960236E-8	3.327858E-8	3.569473E-8	3.828351E-8	4.118596E-8	4.300843E-8	4.366634E-8	4.466281E-8	4.543564E-8
0:34:54	1	-2.000260E+1	1.545300E+1	1.733800E+1	2.181420E+0	2.455678E+0	4.135532E+2	1.623300E-6	1.624529E-6	3.670097E-8	3.980981E-8	4.449505E-8	4.801989E-8	5.252670E-8	5.668629E-8	6.027741E-8	6.363282E-8	3.862745E-8	4.253959E-8	4.677855E-8	5.142994E-8	5.632663E-8	5.916582E-8	6.178633E-8	6.069353E-8	3.864553E-8	4.288088E-8	4.788239E-8	5.185944E-8	5.629174E-8	5.857313E-8	5.851657E-8	6.085572E-8	3.861273E-8	4.177789E-8	4.540461E-8	4.937442E-8	5.200382E-8	5.291869E-8	5.423032E-8	5.520433E-8
0:35:08	1	-1.999926E+1	1.541400E+1	1.733400E+1	2.181610E+0	2.455450E+0	4.147429E+2	2.005100E-6	2.005211E-6	4.261399E-8	4.687845E-8	5.331211E-8	5.840743E-8	6.499444E-8	7.096259E-8	7.631016E-8	8.150795E-8	4.530106E-8	5.066310E-8	5.671611E-8	6.350601E-8	7.090353E-8	7.530297E-8	7.941816E-8	7.822227E-8	4.541557E-8	5.132614E-8	5.838956E-8	6.429091E-8	7.094707E-8	7.426671E-8	7.443518E-8	7.581374E-8	4.517095E-8	4.958731E-8	5.458964E-8	6.017633E-8	6.429534E-8	6.561098E-8	6.737339E-8	6.850221E-8
0:35:21	1	-2.000055E+1	1.542600E+1	1.732400E+1	2.172198E+0	2.446456E+0	4.159327E+2	2.657500E-6	2.658545E-6	5.122500E-8	5.749699E-8	6.704162E-8	7.558150E-8	8.601815E-8	9.615452E-8	1.050090E-7	1.146702E-7	5.519585E-8	6.317114E-8	7.295326E-8	8.395497E-8	9.689872E-8	1.046966E-7	1.123869E-7	1.114394E-7	5.561590E-8	6.455796E-8	7.545760E-8	8.541152E-8	9.673192E-8	1.026615E-7	1.032919E-7	1.033301E-7	5.487876E-8	6.152182E-8	6.937145E-8	7.811035E-8	8.495054E-8	8.752794E-8	8.976760E-8	9.146418E-8
0:35:39	1	-2.000138E+1	1.539600E+1	1.732200E+1	2.179203E+0	2.452435E+0	4.171224E+2	3.885800E-6	3.886628E-6	6.382868E-8	7.369555E-8	8.933243E-8	1.051340E-7	1.242715E-7	1.448824E-7	1.628311E-7	1.844995E-7	6.988024E-8	8.309838E-8	1.006719E-7	1.215374E-7	1.479721E-7	1.646623E-7	1.827803E-7	1.834196E-7	7.095958E-8	8.588824E-8	1.052485E-7	1.245426E-7	1.476103E-7	1.598700E-7	1.626608E-7	1.581254E-7	6.935987E-8	8.022194E-8	9.370673E-8	1.095433E-7	1.226008E-7	1.276394E-7	1.319473E-7	1.342057E-7
0:35:54	1	-1.999964E+1	1.543100E+1	1.733200E+1	2.177468E+0	2.450712E+0	4.183121E+2	6.813500E-6	6.807855E-6	8.352323E-8	1.008710E-7	1.302421E-7	1.658043E-7	2.099308E-7	2.638168E-7	3.107647E-7	3.749345E-7	9.419054E-8	1.188259E-7	1.562329E-7	2.062509E-7	2.775520E-7	3.240264E-7	3.805178E-7	3.892691E-7	9.669524E-8	1.253034E-7	1.666925E-7	2.142990E-7	2.746109E-7	3.102638E-7	3.198234E-7	3.027757E-7	9.297090E-8	1.128397E-7	1.403585E-7	1.746113E-7	2.064769E-7	2.210403E-7	2.297307E-7	2.326102E-7
0:36:11	1	-1.999591E+1	1.544600E+1	1.733100E+1	2.178101E+0	2.450864E+0	4.195018E+2	1.529200E-5	1.517949E-5	1.195663E-7	1.570211E-7	2.272637E-7	3.319270E-7	4.645151E-7	6.282921E-7	7.510239E-7	9.127588E-7	1.414033E-7	1.997572E-7	3.045637E-7	4.612491E-7	6.790043E-7	7.985404E-7	9.380504E-7	9.673270E-7	1.483688E-7	2.181486E-7	3.364631E-7	4.848956E-7	6.646402E-7	7.615337E-7	7.921993E-7	7.400700E-7	1.387520E-7	1.836862E-7	2.569158E-7	3.550293E-7	4.578483E-7	5.046265E-7	5.257257E-7	5.283251E-7
0:36:27	1	-1.997942E+1	1.544500E+1	1.732300E+1	2.181103E+0	2.455133E+0	4.206915E+2	3.290300E-5	3.259064E-5	1.961380E-7	2.973927E-7	5.101325E-7	8.092463E-7	1.098336E-6	1.382649E-6	1.558979E-6	1.786036E-6	2.522361E-7	4.258574E-7	7.360938E-7	1.094294E-6	1.465417E-6	1.631178E-6	1.819253E-6	1.857654E-6	2.736673E-7	4.852613E-7	8.162581E-7	1.129448E-6	1.436302E-6	1.575526E-6	1.620752E-6	1.545689E-6	2.433647E-7	3.731404E-7	6.011142E-7	8.594813E-7	1.090649E-6	1.185349E-6	1.216295E-6	1.217449E-6
