APD#	0001	Started	06/04/07 14:11	Sense_ohms	1.004464E+6	1.004628E+6	1.002105E+6	1.000924E+6	9.998282E+5	1.007735E+6	1.002821E+6	9.989270E+5	9.993226E+5	1.002376E+6	1.001862E+6	1.003102E+6	1.000030E+6	1.003780E+6	1.000011E+6	1.000898E+6	9.999006E+5	1.006439E+6	1.005624E+6	1.010450E+6	1.003884E+6	1.005600E+6	1.002519E+6	1.006362E+6	1.004620E+6	1.008599E+6	1.003214E+6	1.000475E+6	1.003139E+6	9.996927E+5	1.009944E+6	1.000506E+6	
ElapTime	Shutter_Open	DegC	BiasV	KE237_Amps	Pixel_Sum	A1	A2	A3	A4	A5	A6	A7	A8	B1	B2	B3	B4	B5	B6	B7	B8	C1	C2	C3	C4	C5	C6	C7	C8	D1	D2	D3	D4	D5	D6	D7	D8
0:00:00	0	2.702193E+1	0.000000E+0	1.609900E-10	3.771185E-11	0.000000E+0	1.264150E-11	0.000000E+0	1.268828E-11	0.000000E+0	0.000000E+0	-1.266427E-11	-1.271364E-11	-1.270861E-11	1.266990E-11	2.525298E-11	1.266073E-11	0.000000E+0	0.000000E+0	0.000000E+0	0.000000E+0	-1.270126E-11	0.000000E+0	1.262897E-11	0.000000E+0	1.265086E-11	0.000000E+0	0.000000E+0	0.000000E+0	0.000000E+0	0.000000E+0	0.000000E+0	0.000000E+0	0.000000E+0	0.000000E+0	0.000000E+0	-1.269358E-11
0:00:08	0	2.702353E+1	5.000000E+1	5.315300E-9	3.686566E-9	1.386809E-10	1.134748E-10	8.851368E-11	1.138948E-10	1.140196E-10	1.131250E-10	1.136793E-10	1.014088E-10	1.267859E-10	1.263997E-10	1.264645E-10	1.263082E-10	1.266962E-10	1.009185E-10	1.012989E-10	1.138977E-10	1.140113E-10	1.384088E-10	1.259914E-10	1.002524E-10	1.262098E-10	1.385243E-10	1.137136E-10	1.132793E-10	1.261173E-10	1.004363E-10	1.009755E-10	1.139459E-10	1.009830E-10	1.013311E-10	1.128775E-10	1.139423E-10
0:00:17	0	2.702391E+1	1.000000E+2	7.350000E-9	4.760078E-9	1.639680E-10	1.512998E-10	1.390074E-10	1.518597E-10	1.393239E-10	1.508333E-10	1.389081E-10	1.394496E-10	1.774202E-10	1.516397E-10	1.643939E-10	1.388692E-10	1.646951E-10	1.514276E-10	1.519983E-10	1.518636E-10	1.647164E-10	1.510275E-10	1.637789E-10	1.504280E-10	1.640628E-10	1.511535E-10	1.642862E-10	1.510391E-10	1.386594E-10	1.381124E-10	1.262941E-10	1.392339E-10	1.263035E-10	1.393428E-10	1.254525E-10	1.392295E-10
0:00:26	0	2.702452E+1	1.500000E+2	8.971100E-9	5.416489E-9	2.017992E-10	1.512998E-10	1.516807E-10	1.645480E-10	1.647283E-10	1.508333E-10	1.642367E-10	1.774904E-10	1.774202E-10	1.643096E-10	1.896469E-10	1.767517E-10	1.899943E-10	1.640798E-10	1.772980E-10	1.771409E-10	1.773176E-10	1.761657E-10	1.763084E-10	1.754664E-10	1.892649E-10	1.763126E-10	1.895226E-10	1.636588E-10	1.639426E-10	1.757884E-10	1.388537E-10	1.519278E-10	1.515244E-10	1.647506E-10	1.505034E-10	1.519231E-10
0:00:35	0	2.702414E+1	2.000000E+2	1.048100E-8	6.414358E-9	1.891556E-10	1.891247E-10	1.896009E-10	1.898246E-10	2.027348E-10	1.759391E-10	2.021298E-10	2.029177E-10	2.155460E-10	2.022195E-10	1.896469E-10	2.020732E-10	2.279932E-10	2.019367E-10	2.026978E-10	2.152067E-10	2.154214E-10	2.265413E-10	2.015664E-10	2.256420E-10	2.019158E-10	2.142005E-10	1.895226E-10	2.265586E-10	2.017678E-10	1.883801E-10	1.893913E-10	1.899098E-10	1.894055E-10	1.773545E-10	1.881292E-10	1.899039E-10
0:00:43	0	2.702436E+1	2.500000E+2	1.246600E-8	7.399853E-9	2.269867E-10	2.144077E-10	2.275211E-10	2.152012E-10	2.280392E-10	2.137467E-10	2.273586E-10	2.282449E-10	2.535718E-10	2.274596E-10	2.402526E-10	2.272949E-10	2.406928E-10	2.397936E-10	2.406974E-10	2.404840E-10	2.534252E-10	2.517788E-10	2.393539E-10	2.382107E-10	2.649709E-10	2.393596E-10	2.400952E-10	2.391783E-10	2.395931E-10	2.135636E-10	2.020506E-10	2.026038E-10	2.272865E-10	2.154662E-10	2.132792E-10	2.278847E-10
0:00:52	0	2.702224E+1	3.000000E+2	1.459400E-8	8.649984E-9	2.901050E-10	2.774161E-10	2.528677E-10	2.531661E-10	2.660457E-10	2.514550E-10	2.652517E-10	2.917130E-10	2.915975E-10	2.653695E-10	2.781820E-10	2.778381E-10	2.659920E-10	2.776505E-10	2.659971E-10	2.911386E-10	2.787277E-10	2.895357E-10	2.897703E-10	2.883864E-10	2.902726E-10	2.897772E-10	2.653316E-10	3.020782E-10	2.647767E-10	2.386479E-10	2.525882E-10	2.532797E-10	2.399468E-10	2.534779E-10	2.383300E-10	2.532718E-10
0:01:01	0	2.702216E+1	3.500000E+2	2.037500E-8	1.363702E-8	4.161423E-10	4.035325E-10	4.045484E-10	4.050258E-10	4.180718E-10	4.147916E-10	3.915953E-10	4.311626E-10	4.182833E-10	4.170092E-10	4.298995E-10	4.420288E-10	4.559863E-10	4.542828E-10	4.433951E-10	4.809681E-10	4.434441E-10	4.530826E-10	4.534498E-10	4.512841E-10	4.668866E-10	4.534606E-10	4.296178E-10	4.657370E-10	4.160777E-10	4.019437E-10	3.914419E-10	4.052075E-10	4.041314E-10	4.181285E-10	3.512076E-10	4.051950E-10
0:01:10	0	2.702125E+1	4.000000E+2	2.916500E-8	2.146664E-8	6.305851E-10	6.178406E-10	6.573163E-10	6.580919E-10	6.715154E-10	6.662466E-10	6.063894E-10	6.974484E-10	6.465380E-10	6.445685E-10	6.701522E-10	6.945455E-10	6.713799E-10	6.940764E-10	6.840925E-10	7.214521E-10	6.714667E-10	6.922426E-10	7.432201E-10	6.770251E-10	7.318575E-10	7.054495E-10	6.823811E-10	7.300554E-10	6.431287E-10	6.279998E-10	6.187115E-10	6.963692E-10	6.945199E-10	6.843103E-10	5.519118E-10	6.837540E-10
0:01:18	0	2.702330E+1	4.100000E+2	3.222900E-8	2.459753E-8	7.188909E-10	7.061320E-10	7.458300E-10	7.467100E-10	7.348262E-10	7.416632E-10	6.947401E-10	8.115708E-10	7.351980E-10	7.329585E-10	7.586873E-10	7.829712E-10	7.980761E-10	8.076471E-10	7.853914E-10	8.353499E-10	7.727768E-10	7.803752E-10	8.692116E-10	8.148845E-10	8.580673E-10	8.061854E-10	7.834265E-10	8.559544E-10	7.187792E-10	7.284362E-10	6.944680E-10	7.723331E-10	7.956026E-10	7.856414E-10	6.397384E-10	7.850028E-10
0:01:26	0	2.702140E+1	4.200000E+2	3.782400E-8	3.015375E-8	8.702154E-10	8.574318E-10	8.975107E-10	9.112580E-10	8.995545E-10	9.302049E-10	8.589768E-10	9.891614E-10	8.873011E-10	9.099380E-10	9.229814E-10	9.598226E-10	9.753707E-10	1.022236E-9	9.753893E-10	9.872135E-10	9.374932E-10	9.314027E-10	1.095936E-9	9.653125E-10	1.047332E-9	9.825975E-10	9.729491E-10	1.032233E-9	8.952639E-10	8.791403E-10	8.712996E-10	9.496489E-10	9.723478E-10	9.630960E-10	7.902418E-10	1.012887E-9
0:01:34	0	2.702611E+1	4.300000E+2	5.059200E-8	4.280465E-8	1.185508E-9	1.172673E-9	1.238792E-9	1.252942E-9	1.267018E-9	1.269580E-9	1.212679E-9	1.394997E-9	1.216924E-9	1.238457E-9	1.277022E-9	1.300765E-9	1.304761E-9	1.438662E-9	1.355485E-9	1.417527E-9	1.292228E-9	1.321590E-9	1.650219E-9	1.391558E-9	1.476366E-9	1.436058E-9	1.427903E-9	1.510490E-9	1.260974E-9	1.256000E-9	1.262742E-9	1.380144E-9	1.401700E-9	1.406532E-9	1.254327E-9	1.532025E-9
0:01:43	0	2.702292E+1	4.400000E+2	5.493600E-6	5.439680E-6	4.893257E-9	4.879816E-9	5.056456E-9	5.328177E-9	5.891512E-9	6.624658E-9	7.364525E-9	1.137521E-8	5.907202E-9	6.685415E-9	7.295715E-9	8.574801E-9	1.027329E-8	1.455090E-8	2.121827E-8	7.443236E-8	9.869181E-9	1.298946E-8	3.777824E-8	3.107863E-8	6.686689E-8	2.100087E-7	3.979694E-7	7.849568E-7	1.716151E-8	2.333603E-8	4.251575E-8	1.487884E-7	3.109807E-7	6.042239E-7	9.751731E-7	1.565631E-6
0:01:51	0	2.702444E+1	4.410000E+2	1.862500E-5	1.826424E-5	1.150166E-8	1.175201E-8	1.280554E-8	1.418749E-8	1.773795E-8	2.212417E-8	3.735323E-8	1.247722E-7	1.801310E-8	3.078555E-8	4.661929E-8	1.388136E-7	1.789016E-7	4.250193E-7	5.485220E-7	8.524991E-7	1.085230E-7	2.141383E-7	4.164171E-7	5.470048E-7	7.837776E-7	1.059970E-6	1.288186E-6	1.696635E-6	4.260636E-7	4.929968E-7	7.066564E-7	9.638019E-7	1.178775E-6	1.510922E-6	1.886051E-6	2.492914E-6
