APD#	0010	Started	03/02/07 15:26	Sense_ohms	1.004464E+6	1.004628E+6	1.002105E+6	1.000924E+6	9.998282E+5	1.007735E+6	1.002821E+6	9.989270E+5	9.993226E+5	1.002376E+6	1.001862E+6	1.003102E+6	1.000030E+6	1.003780E+6	1.000011E+6	1.000898E+6	9.999006E+5	1.006439E+6	1.005624E+6	1.010450E+6	1.003884E+6	1.005600E+6	1.002519E+6	1.006362E+6	1.004620E+6	1.008599E+6	1.003214E+6	1.000475E+6	1.003139E+6	9.996927E+5	1.009944E+6	1.000506E+6	
ElapTime	Shutter_Open	DegC	BiasV	KE237_Amps	Pixel_Sum	A1	A2	A3	A4	A5	A6	A7	A8	B1	B2	B3	B4	B5	B6	B7	B8	C1	C2	C3	C4	C5	C6	C7	C8	D1	D2	D3	D4	D5	D6	D7	D8
   0:00:00	0	2.903500E+1	0.000000E+0	8.320000E-12	-1.151026E-10	-2.333583E-12	-3.594365E-12	-3.918751E-12	-3.733550E-12	-2.470424E-12	-3.708316E-12	-4.674812E-12	-3.868151E-12	-1.204816E-12	-3.665291E-12	-3.983583E-12	-3.914856E-12	-3.103907E-12	-4.859631E-12	-3.610960E-12	-4.367078E-12	-5.068504E-12	-3.335523E-12	-3.779743E-12	-3.636004E-12	-4.038315E-12	-3.779833E-12	-2.906678E-12	-3.965770E-12	-4.287193E-12	-2.574859E-12	-4.230403E-12	-3.735226E-12	-1.515244E-12	-3.548090E-12	-3.700205E-12	-3.988982E-12
   0:00:24	0	2.899100E+1	0.000000E+0	8.600000E-12	-1.949811E-10	-2.017992E-12	-6.746776E-12	-6.574161E-12	-5.063321E-12	-6.209067E-12	-6.663458E-12	-5.243209E-12	-5.263648E-12	-5.704864E-12	-6.445685E-12	-6.386109E-12	-7.073059E-12	-5.067848E-12	-6.625954E-12	-6.017934E-12	-7.278464E-12	-7.601756E-12	-9.063639E-12	-7.936366E-12	-3.949725E-12	-8.392404E-12	-6.551313E-12	-5.244788E-12	-5.727561E-12	-5.674783E-12	-5.778312E-12	-5.430546E-12	-6.647842E-12	-5.367153E-12	-5.259616E-12	-5.958746E-12	-6.014956E-12
   0:00:48	0	2.898700E+1	1.000000E+1	5.454800E-10	3.211067E-10	1.242354E-11	8.638023E-12	1.043004E-11	6.898626E-12	7.032208E-12	6.222866E-12	7.011221E-12	6.277736E-12	1.882575E-11	1.579846E-11	8.472225E-12	7.262472E-12	9.184724E-12	4.733109E-12	8.297909E-12	6.202430E-12	7.728768E-12	1.781231E-11	6.929031E-12	6.331832E-12	2.536648E-11	8.062848E-12	7.708582E-12	6.735151E-12	1.298899E-11	7.096973E-12	1.919531E-11	2.152677E-11	8.840250E-12	6.209908E-12	8.404426E-12	6.457732E-12
   0:01:13	0	2.898500E+1	2.000000E+1	6.701600E-10	4.527126E-10	1.444153E-11	1.134947E-11	1.422306E-11	1.006270E-11	1.077085E-11	1.068634E-11	1.092817E-11	1.185772E-11	2.440453E-11	2.136025E-11	9.926517E-12	1.079850E-11	1.121166E-11	1.161111E-11	1.222587E-11	1.120194E-11	1.007300E-11	2.379081E-11	9.511507E-12	8.024148E-12	3.199174E-11	1.291368E-11	1.206860E-11	1.183371E-11	1.828552E-11	1.105395E-11	2.412048E-11	2.494615E-11	1.117692E-11	1.210272E-11	1.160361E-11	1.215585E-11
   0:01:37	0	2.898300E+1	3.000000E+1	7.646400E-10	5.452637E-10	1.936057E-11	1.488013E-11	1.731954E-11	1.405002E-11	1.387538E-11	1.433214E-11	1.377015E-11	1.496506E-11	2.586252E-11	2.268710E-11	1.384722E-11	1.351408E-11	1.418857E-11	1.369424E-11	1.551883E-11	1.506247E-11	1.273327E-11	2.649738E-11	1.190505E-11	1.184819E-11	3.470520E-11	1.543258E-11	1.497528E-11	1.460310E-11	2.162708E-11	1.287529E-11	2.645597E-11	2.792174E-11	1.351358E-11	1.400330E-11	1.467705E-11	1.456163E-11
   0:02:02	0	2.898000E+1	4.000000E+1	8.550200E-10	6.237497E-10	1.866667E-11	1.614130E-11	1.852101E-11	1.582138E-11	1.507859E-11	1.665716E-11	1.635985E-11	1.674096E-11	2.903167E-11	2.578374E-11	1.624974E-11	1.616585E-11	1.684949E-11	1.647074E-11	1.798980E-11	1.689783E-11	1.533052E-11	2.945534E-11	1.511798E-11	1.441833E-11	3.931131E-11	1.694511E-11	1.687050E-11	1.831647E-11	2.358205E-11	1.494747E-11	2.866686E-11	3.064444E-11	1.900734E-11	1.672814E-11	1.655834E-11	1.842368E-11
   0:02:26	0	2.897700E+1	5.000000E+1	9.697000E-10	7.413079E-10	2.472065E-11	2.131237E-11	2.281897E-11	1.847992E-11	1.913329E-11	1.986336E-11	1.876008E-11	1.972116E-11	3.378589E-11	3.153408E-11	1.934797E-11	1.818659E-11	2.122036E-11	1.987886E-11	2.033378E-11	2.012593E-11	1.773876E-11	3.618997E-11	1.763780E-11	1.761591E-11	4.461173E-11	2.085024E-11	2.034575E-11	2.114945E-11	2.522148E-11	1.965796E-11	3.434960E-11	3.627977E-11	1.894354E-11	2.021321E-11	2.019617E-11	2.108333E-11
   0:02:51	0	2.897500E+1	6.000000E+1	1.054100E-9	8.168386E-10	2.585558E-11	2.333003E-11	2.515804E-11	1.993558E-11	2.147769E-11	2.105812E-11	2.166588E-11	2.295563E-11	3.594135E-11	3.222942E-11	2.181338E-11	2.046053E-11	2.255032E-11	2.271813E-11	2.324774E-11	2.335303E-11	2.185617E-11	3.663113E-11	1.996770E-11	2.231778E-11	4.625236E-11	2.292959E-11	2.356863E-11	2.335243E-11	2.976150E-11	2.166768E-11	3.605412E-11	3.976211E-11	2.216443E-11	2.211380E-11	2.126257E-11	2.342615E-11
   0:03:15	0	2.897300E+1	7.000000E+1	1.111000E-9	8.766615E-10	2.800001E-11	2.446478E-11	2.699118E-11	2.132729E-11	2.325199E-11	2.357167E-11	2.305596E-11	2.587276E-11	3.727225E-11	3.627381E-11	2.320479E-11	2.380715E-11	2.255032E-11	2.454821E-11	2.533772E-11	2.094819E-11	2.185617E-11	3.958909E-11	2.129126E-11	2.350834E-11	5.060644E-11	2.525955E-11	2.571622E-11	2.706581E-11	3.285123E-11	2.229528E-11	3.839061E-11	4.121742E-11	2.323806E-11	2.452154E-11	2.414787E-11	2.462854E-11
   0:03:40	0	2.897100E+1	8.000000E+1	1.164900E-9	9.303572E-10	2.919866E-11	2.629331E-11	2.825552E-11	2.373207E-11	2.439219E-11	2.558311E-11	2.438222E-11	2.625317E-11	4.031431E-11	3.709486E-11	2.661844E-11	2.203864E-11	2.565423E-11	2.656757E-11	2.761770E-11	2.683390E-11	2.483347E-11	4.147693E-11	2.418797E-11	2.357168E-11	5.350817E-11	2.645684E-11	2.660099E-11	2.744341E-11	3.417511E-11	2.336310E-11	3.876940E-11	4.185112E-11	2.443729E-11	2.534579E-11	2.615492E-11	2.735116E-11
   0:04:04	0	2.896900E+1	9.000000E+1	1.217400E-9	9.882616E-10	3.260346E-11	2.831098E-11	3.141587E-11	2.487202E-11	2.641954E-11	2.577166E-11	3.038329E-11	2.688685E-11	4.069457E-11	3.930661E-11	2.712449E-11	2.683875E-11	2.749118E-11	2.682062E-11	2.812469E-11	2.772011E-11	2.749473E-11	4.254704E-11	2.538523E-11	2.601613E-11	5.470752E-11	2.746420E-11	2.969719E-11	3.052778E-11	3.600366E-11	2.487113E-11	4.078990E-11	4.254779E-11	2.595353E-11	2.674022E-11	2.653117E-11	3.019972E-11
   0:04:29	0	2.896600E+1	1.000000E+2	1.275000E-9	1.029799E-9	3.298177E-11	2.969756E-11	2.914066E-11	2.746662E-11	2.705265E-11	2.860077E-11	2.842481E-11	2.942357E-11	4.323028E-11	4.057060E-11	2.763055E-11	2.797522E-11	2.901113E-11	2.921855E-11	3.072166E-11	2.961840E-11	2.800078E-11	4.267323E-11	2.525894E-11	2.639220E-11	5.559108E-11	2.985780E-11	3.051912E-11	3.078018E-11	3.928251E-11	2.618979E-11	4.350517E-11	4.469977E-11	2.727937E-11	2.933802E-11	3.085914E-11	2.880742E-11
   0:04:53	0	2.896400E+1	1.200000E+2	1.373200E-9	1.146498E-9	3.720691E-11	3.133697E-11	3.489255E-11	2.968157E-11	3.142440E-11	2.973202E-11	3.278352E-11	3.272111E-11	4.690677E-11	4.455214E-11	3.148737E-11	3.201668E-11	3.179805E-11	3.357210E-11	3.452262E-11	3.303633E-11	3.104209E-11	4.833775E-11	3.319630E-11	2.795982E-11	6.032370E-11	3.338604E-11	3.424673E-11	3.480855E-11	4.167845E-11	2.970655E-11	4.628325E-11	4.805617E-11	3.138349E-11	3.212587E-11	3.324244E-11	3.304928E-11
   0:05:18	0	2.896200E+1	1.400000E+2	1.507900E-9	1.265394E-9	3.979336E-11	3.619250E-11	3.773756E-11	3.404854E-11	3.408586E-11	3.476112E-11	3.467817E-11	3.741314E-11	5.280177E-11	5.036633E-11	3.439595E-11	3.548991E-11	3.502895E-11	3.584451E-11	3.635960E-11	3.759324E-11	3.623660E-11	5.186206E-11	3.401470E-11	3.378990E-11	6.448753E-11	3.716488E-11	3.702673E-11	3.858453E-11	4.489459E-11	3.341169E-11	5.127121E-11	5.179140E-11	3.403616E-11	3.554692E-11	3.619013E-11	3.849452E-11
   0:05:43	0	2.896000E+1	1.600000E+2	1.694900E-9	1.448685E-9	4.559447E-11	4.142628E-11	4.412212E-11	3.873121E-11	3.940677E-11	4.142359E-11	3.707840E-11	4.388209E-11	5.819042E-11	5.554802E-11	4.147677E-11	4.281519E-11	4.123576E-11	4.291179E-11	4.339052E-11	4.398550E-11	4.035501E-11	5.859670E-11	3.823497E-11	4.030976E-11	7.054600E-11	4.233095E-11	4.353533E-11	4.299149E-11	5.056937E-11	3.906409E-11	5.644857E-11	5.875609E-11	4.142397E-11	4.017335E-11	4.158448E-11	4.254647E-11
   0:06:08	0	2.895700E+1	1.800000E+2	1.899200E-9	1.659142E-9	5.246878E-11	4.735285E-11	5.000075E-11	4.550296E-11	4.555283E-11	4.739540E-11	4.769047E-11	5.060330E-11	6.478188E-11	6.471125E-11	4.590253E-11	4.736208E-11	4.807756E-11	4.505768E-11	5.042245E-11	5.126297E-11	4.744972E-11	6.451260E-11	4.573081E-11	4.720570E-11	7.818035E-11	4.944909E-11	4.947437E-11	5.161463E-11	5.794629E-11	4.547099E-11	6.364744E-11	6.451735E-11	4.736034E-11	4.631923E-11	4.603721E-11	5.008066E-11
   0:06:32	0	2.895500E+1	2.000000E+2	2.122400E-9	1.884814E-9	5.978412E-11	5.359496E-11	5.619571E-11	5.202093E-11	5.169788E-11	5.210993E-11	5.375436E-11	5.751571E-11	7.333968E-11	7.052543E-11	5.336364E-11	5.456075E-11	5.567833E-11	5.616470E-11	5.802336E-11	5.727557E-11	5.422839E-11	7.162481E-11	5.259719E-11	5.378792E-11	8.808687E-11	5.474045E-11	5.705628E-11	6.074156E-11	6.671080E-11	4.999311E-11	6.939297E-11	7.053250E-11	5.297970E-11	5.392257E-11	5.462976E-11	5.818456E-11
   0:06:57	0	2.895300E+1	2.200000E+2	2.330200E-9	2.080431E-9	6.577538E-11	6.027903E-11	6.220007E-11	5.664166E-11	5.714682E-11	5.902445E-11	5.823971E-11	6.366631E-11	8.284812E-11	7.747691E-11	5.937045E-11	6.093897E-11	6.137916E-11	6.291717E-11	6.372430E-11	6.569301E-11	6.119708E-11	7.867442E-11	5.870683E-11	5.999406E-11	9.067482E-11	6.292959E-11	6.286963E-11	6.747671E-11	7.345763E-11	5.608473E-11	7.425534E-11	7.819386E-11	5.727422E-11	5.797882E-11	5.952211E-11	6.381971E-11
   0:07:22	0	2.895200E+1	2.400000E+2	2.534900E-9	2.284691E-9	7.378363E-11	6.538639E-11	6.946977E-11	6.233740E-11	6.379896E-11	6.461917E-11	6.607261E-11	6.848548E-11	8.893324E-11	8.600765E-11	6.411262E-11	6.706397E-11	6.695399E-11	6.903804E-11	7.043823E-11	7.252787E-11	6.734269E-11	8.572402E-11	6.538428E-11	6.626355E-11	9.919274E-11	6.784208E-11	7.007249E-11	7.320427E-11	8.045629E-11	6.066930E-11	8.037966E-11	8.370224E-11	6.365220E-11	6.507500E-11	6.617100E-11	7.053031E-11
   0:07:47	0	2.895000E+1	2.600000E+2	2.726000E-9	2.463158E-9	8.002776E-11	6.872793E-11	7.351525E-11	6.702007E-11	6.931091E-11	6.895563E-11	6.960963E-11	7.590545E-11	9.787030E-11	9.150558E-11	7.062450E-11	7.224290E-11	7.284481E-11	7.351910E-11	7.747015E-11	7.803393E-11	7.152311E-11	9.094739E-11	6.985613E-11	7.040032E-11	1.063230E-10	7.533811E-11	7.607537E-11	8.044322E-11	8.650933E-11	6.462628E-11	8.650398E-11	8.959044E-11	6.851393E-11	7.033461E-11	7.238025E-11	7.660824E-11
   0:08:11	0	2.894800E+1	2.800000E+2	2.938000E-9	2.661897E-9	8.872991E-11	7.610479E-11	7.983694E-11	7.334923E-11	7.501289E-11	7.467638E-11	7.529459E-11	8.135830E-11	1.086466E-10	1.021224E-10	7.720025E-11	7.805188E-11	7.772167E-11	7.995577E-11	8.190410E-11	8.486879E-11	7.735169E-11	9.787081E-11	7.514737E-11	7.566629E-11	1.132013E-10	8.012629E-11	7.910873E-11	8.510059E-11	9.319345E-11	7.015276E-11	9.357625E-11	9.655514E-11	7.381828E-11	7.724074E-11	7.658246E-11	8.237032E-11
   0:08:36	0	2.894600E+1	3.000000E+2	3.121600E-9	2.852263E-9	9.875715E-11	7.831157E-11	8.324976E-11	7.746242E-11	7.995474E-11	8.045865E-11	8.022169E-11	8.757297E-11	1.185983E-10	1.104645E-10	8.111995E-11	8.266158E-11	8.342250E-11	8.531949E-11	8.608505E-11	9.208431E-11	8.324327E-11	1.042905E-10	8.125800E-11	8.143401E-11	1.212142E-10	8.529137E-11	8.662778E-11	9.322093E-11	9.962473E-11	7.530247E-11	1.013423E-10	1.028861E-10	7.836501E-11	8.174012E-11	8.197682E-11	8.870112E-11
   0:09:01	0	2.894400E+1	3.200000E+2	3.334000E-9	3.068956E-9	1.096674E-10	8.575214E-11	9.127786E-11	8.182939E-11	8.508662E-11	8.542524E-11	8.717009E-11	9.492886E-11	1.326709E-10	1.193115E-10	8.820177E-11	8.954523E-11	9.026329E-11	9.181992E-11	9.406597E-11	9.841263E-11	8.869182E-11	1.103336E-10	8.661189E-11	8.676233E-11	1.289761E-10	9.222056E-11	9.376780E-11	9.813069E-11	1.061187E-10	8.045318E-11	1.070888E-10	1.090282E-10	8.505900E-11	8.630252E-11	8.774645E-11	9.623530E-11
   0:09:26	0	2.894200E+1	3.400000E+2	3.626700E-9	3.348046E-9	1.269463E-10	9.300358E-11	9.684015E-11	9.005679E-11	9.078860E-11	9.359603E-11	9.291788E-11	1.015239E-10	1.520040E-10	1.337203E-10	9.490429E-11	9.636508E-11	9.805506E-11	9.895097E-11	1.005269E-10	1.083487E-10	9.559650E-11	1.200887E-10	9.291147E-11	9.516255E-11	1.375577E-10	9.826770E-11	1.021716E-10	1.088306E-10	1.168382E-10	8.836614E-11	1.173179E-10	1.194752E-10	9.269902E-11	9.434899E-11	9.546173E-11	1.044032E-10
   0:09:50	0	2.894000E+1	3.600000E+2	4.010300E-9	3.743594E-9	1.508476E-10	1.033437E-10	1.093568E-10	9.897954E-11	1.026366E-10	1.030251E-10	1.038461E-10	1.128110E-10	1.794506E-10	1.521096E-10	1.057790E-10	1.083001E-10	1.081268E-10	1.104356E-10	1.124358E-10	1.169560E-10	1.080137E-10	1.333056E-10	1.041234E-10	1.052561E-10	1.513133E-10	1.105509E-10	1.116488E-10	1.207269E-10	1.305210E-10	9.973438E-11	1.307039E-10	1.316944E-10	1.026129E-10	1.040440E-10	1.066257E-10	1.142792E-10
   0:10:15	0	2.893800E+1	3.620000E+2	4.021000E-9	3.786545E-9	1.535595E-10	1.049204E-10	1.086613E-10	9.992966E-11	1.042839E-10	1.037793E-10	1.046039E-10	1.133186E-10	1.822394E-10	1.534364E-10	1.067902E-10	1.090587E-10	1.079368E-10	1.104993E-10	1.137657E-10	1.196146E-10	1.108010E-10	1.351309E-10	1.055723E-10	1.071364E-10	1.540268E-10	1.116219E-10	1.136078E-10	1.211681E-10	1.326014E-10	9.954600E-11	1.338608E-10	1.324541E-10	1.052028E-10	1.047412E-10	1.068138E-10	1.158624E-10
   0:10:39	0	2.893600E+1	3.640000E+2	4.074600E-9	3.837783E-9	1.570280E-10	1.058661E-10	1.113157E-10	1.027141E-10	1.041569E-10	1.042199E-10	1.060568E-10	1.150945E-10	1.880084E-10	1.557120E-10	1.098255E-10	1.088693E-10	1.092667E-10	1.128972E-10	1.133858E-10	1.199303E-10	1.109910E-10	1.360758E-10	1.068322E-10	1.078886E-10	1.546573E-10	1.123150E-10	1.156297E-10	1.226159E-10	1.331061E-10	1.018690E-10	1.327244E-10	1.369499E-10	1.068436E-10	1.079092E-10	1.086328E-10	1.183951E-10
   0:11:03	0	2.893400E+1	3.660000E+2	4.136800E-9	3.881981E-9	1.612532E-10	1.077573E-10	1.119483E-10	1.025243E-10	1.049800E-10	1.057282E-10	1.070680E-10	1.177574E-10	1.895924E-10	1.592506E-10	1.095091E-10	1.098792E-10	1.110407E-10	1.128345E-10	1.149067E-10	1.222722E-10	1.130182E-10	1.380898E-10	1.084700E-10	1.090178E-10	1.552251E-10	1.133860E-10	1.180307E-10	1.219859E-10	1.358175E-10	1.033136E-10	1.341130E-10	1.365701E-10	1.081067E-10	1.090495E-10	1.100130E-10	1.194715E-10
   0:11:27	0	2.893300E+1	3.680000E+2	4.188000E-9	3.926498E-9	1.635230E-10	1.082620E-10	1.139711E-10	1.037901E-10	1.064373E-10	1.061678E-10	1.055512E-10	1.176943E-10	1.935231E-10	1.596297E-10	1.108376E-10	1.131002E-10	1.129406E-10	1.155472E-10	1.178837E-10	1.230315E-10	1.131452E-10	1.379637E-10	1.096036E-10	1.110861E-10	1.566765E-10	1.148349E-10	1.175250E-10	1.246927E-10	1.380870E-10	1.040047E-10	1.369548E-10	1.387861E-10	1.088653E-10	1.094936E-10	1.115181E-10	1.213706E-10
   0:11:52	0	2.893100E+1	3.700000E+2	4.238400E-9	3.988668E-9	1.671180E-10	1.102796E-10	1.147295E-10	1.052448E-10	1.066273E-10	1.089969E-10	1.109211E-10	1.188355E-10	1.971996E-10	1.624101E-10	1.118487E-10	1.127213E-10	1.150945E-10	1.165574E-10	1.187707E-10	1.242344E-10	1.158695E-10	1.411740E-10	1.123124E-10	1.122144E-10	1.608413E-10	1.176691E-10	1.173354E-10	1.262667E-10	1.394109E-10	1.063287E-10	1.382806E-10	1.413818E-10	1.110753E-10	1.105070E-10	1.139647E-10	1.224470E-10
   0:12:16	0	2.892900E+1	3.720000E+2	4.283300E-9	4.045186E-9	1.726672E-10	1.114144E-10	1.163730E-10	1.066375E-10	1.086547E-10	1.093115E-10	1.119941E-10	1.200408E-10	2.022070E-10	1.670232E-10	1.136823E-10	1.151837E-10	1.162345E-10	1.181982E-10	1.188967E-10	1.267662E-10	1.153625E-10	1.432506E-10	1.123750E-10	1.136563E-10	1.634282E-10	1.172285E-10	1.194212E-10	1.287211E-10	1.421224E-10	1.079616E-10	1.401117E-10	1.429651E-10	1.117692E-10	1.131688E-10	1.155955E-10	1.227639E-10
   0:12:40	0	2.892800E+1	3.740000E+2	4.349500E-9	4.106276E-9	1.748744E-10	1.134320E-10	1.188378E-10	1.075236E-10	1.113161E-10	1.118250E-10	1.128786E-10	1.225775E-10	2.067711E-10	1.690453E-10	1.157684E-10	1.158147E-10	1.173115E-10	1.191446E-10	1.214937E-10	1.286645E-10	1.194169E-10	1.455796E-10	1.158395E-10	1.154119E-10	1.635548E-10	1.200626E-10	1.214431E-10	1.291623E-10	1.428162E-10	1.087152E-10	1.421960E-10	1.448012E-10	1.138536E-10	1.146892E-10	1.162223E-10	1.252326E-10
   0:13:04	0	2.892600E+1	3.760000E+2	4.397200E-9	4.160458E-9	1.794778E-10	1.151979E-10	1.203557E-10	1.096117E-10	1.113161E-10	1.124542E-10	1.157215E-10	1.237818E-10	2.113352E-10	1.720791E-10	1.182977E-10	1.186569E-10	1.192114E-10	1.211012E-10	1.224447E-10	1.301831E-10	1.203670E-10	1.474049E-10	1.155879E-10	1.169786E-10	1.656367E-10	1.208821E-10	1.221383E-10	1.311765E-10	1.443929E-10	1.101597E-10	1.456050E-10	1.453709E-10	1.133482E-10	1.160837E-10	1.177273E-10	1.263721E-10
   0:13:29	0	2.892400E+1	3.780000E+2	4.471700E-9	4.231017E-9	1.852799E-10	1.161435E-10	1.216829E-10	1.123332E-10	1.131534E-10	1.150312E-10	1.157844E-10	1.251132E-10	2.172302E-10	1.756816E-10	1.167177E-10	1.197306E-10	1.209854E-10	1.234364E-10	1.251676E-10	1.326519E-10	1.223942E-10	1.496703E-10	1.179188E-10	1.168539E-10	1.679088E-10	1.237162E-10	1.248545E-10	1.348272E-10	1.469780E-10	1.105990E-10	1.474361E-10	1.493601E-10	1.171373E-10	1.174771E-10	1.186680E-10	1.290947E-10
   0:13:53	0	2.892300E+1	3.800000E+2	4.545000E-9	4.292040E-9	1.907037E-10	1.181612E-10	1.231368E-10	1.113211E-10	1.136605E-10	1.161625E-10	1.169212E-10	1.277140E-10	2.209697E-10	1.777666E-10	1.194356E-10	1.213725E-10	1.210484E-10	1.240043E-10	1.274486E-10	1.337279E-10	1.237243E-10	1.519357E-10	1.198082E-10	1.206779E-10	1.690444E-10	1.246609E-10	1.294040E-10	1.359600E-10	1.496257E-10	1.144935E-10	1.493938E-10	1.509423E-10	1.172629E-10	1.191246E-10	1.209265E-10	1.315005E-10
   0:14:17	0	2.892100E+1	3.820000E+2	4.608200E-9	4.365128E-9	1.948024E-10	1.206208E-10	1.259808E-10	1.153075E-10	1.167010E-10	1.186145E-10	1.179951E-10	1.289814E-10	2.276252E-10	1.820644E-10	1.225338E-10	1.243403E-10	1.238353E-10	1.260864E-10	1.280816E-10	1.365754E-10	1.249284E-10	1.520619E-10	1.194930E-10	1.219318E-10	1.723884E-10	1.257955E-10	1.286459E-10	1.380368E-10	1.518325E-10	1.158746E-10	1.524879E-10	1.539819E-10	1.199784E-10	1.210892E-10	1.233722E-10	1.330837E-10
   0:14:41	0	2.891900E+1	3.840000E+2	4.656800E-9	4.444402E-9	1.999106E-10	1.217555E-10	1.278778E-10	1.166372E-10	1.186654E-10	1.195572E-10	1.217854E-10	1.316453E-10	2.342177E-10	1.839599E-10	1.252528E-10	1.254768E-10	1.275732E-10	1.269701E-10	1.309326E-10	1.377143E-10	1.278427E-10	1.566563E-10	1.211934E-10	1.239378E-10	1.759217E-10	1.290712E-10	1.307945E-10	1.400510E-10	1.535357E-10	1.173192E-10	1.546350E-10	1.557540E-10	1.213680E-10	1.245743E-10	1.256931E-10	1.361221E-10
   0:15:06	0	2.891800E+1	3.860000E+2	4.744700E-9	4.513327E-9	2.059646E-10	1.241514E-10	1.256016E-10	1.189781E-10	1.193625E-10	1.219457E-10	1.230489E-10	1.328495E-10	2.401127E-10	1.880043E-10	1.268338E-10	1.282552E-10	1.285861E-10	1.311353E-10	1.325795E-10	1.392340E-10	1.306930E-10	1.598040E-10	1.256663E-10	1.254421E-10	1.782567E-10	1.305201E-10	1.333222E-10	1.418764E-10	1.559316E-10	1.194548E-10	1.567811E-10	1.582238E-10	1.233249E-10	1.259687E-10	1.275744E-10	1.338433E-10
   0:15:30	0	2.891600E+1	3.880000E+2	4.828600E-9	4.603382E-9	2.132172E-10	1.265473E-10	1.333772E-10	1.198642E-10	1.220230E-10	1.242718E-10	1.252596E-10	1.359569E-10	2.478459E-10	1.920487E-10	1.285407E-10	1.290138E-10	1.305501E-10	1.335960E-10	1.321355E-10	1.420185E-10	1.318971E-10	1.609993E-10	1.259178E-10	1.275105E-10	1.792667E-10	1.341100E-10	1.356593E-10	1.435130E-10	1.613535E-10	1.228466E-10	1.592442E-10	1.603129E-10	1.274928E-10	1.276162E-10	1.295814E-10	1.397943E-10
   0:15:54	0	2.891400E+1	3.900000E+2	4.917000E-9	4.693072E-9	2.194603E-10	1.289433E-10	1.330609E-10	1.218894E-10	1.237333E-10	1.254655E-10	1.275332E-10	1.385577E-10	2.540581E-10	1.964722E-10	1.303742E-10	1.305291E-10	1.330200E-10	1.350475E-10	1.378365E-10	1.443604E-10	1.349384E-10	1.645872E-10	1.293824E-10	1.296422E-10	1.834943E-10	1.353073E-10	1.371765E-10	1.467235E-10	1.621738E-10	1.256099E-10	1.663155E-10	1.641750E-10	1.300817E-10	1.290727E-10	1.308993E-10	1.431506E-10
   0:16:18	0	2.891200E+1	3.920000E+2	5.019400E-9	4.785081E-9	2.275323E-10	1.301417E-10	1.367901E-10	1.241043E-10	1.274079E-10	1.277290E-10	1.290500E-10	1.401424E-10	2.622356E-10	2.005166E-10	1.309432E-10	1.348866E-10	1.354269E-10	1.374455E-10	1.400535E-10	1.475875E-10	1.378517E-10	1.666013E-10	1.316506E-10	1.327141E-10	1.875326E-10	1.375119E-10	1.397669E-10	1.484863E-10	1.659573E-10	1.282472E-10	1.658111E-10	1.677843E-10	1.312191E-10	1.316074E-10	1.345995E-10	1.457463E-10
   0:16:43	0	2.891100E+1	3.940000E+2	5.128100E-9	4.883645E-9	2.337754E-10	1.327267E-10	1.391920E-10	1.263832E-10	1.293092E-10	1.312488E-10	1.317025E-10	1.416009E-10	2.697787E-10	2.036132E-10	1.358750E-10	1.347600E-10	1.383408E-10	1.400964E-10	1.430314E-10	1.503720E-10	1.398159E-10	1.708181E-10	1.336026E-10	1.350962E-10	1.896783E-10	1.414171E-10	1.421050E-10	1.527035E-10	1.706227E-10	1.293150E-10	1.699149E-10	1.702531E-10	1.342496E-10	1.350925E-10	1.377354E-10	1.494184E-10
   0:17:07	0	2.890900E+1	3.960000E+2	5.231200E-9	4.992775E-9	2.423521E-10	1.361947E-10	1.423533E-10	1.296102E-10	1.307665E-10	1.337008E-10	1.327136E-10	1.468646E-10	2.793502E-10	2.082901E-10	1.396689E-10	1.404433E-10	1.401148E-10	1.423678E-10	1.459454E-10	1.523971E-10	1.415901E-10	1.736499E-10	1.373197E-10	1.375417E-10	1.936529E-10	1.434964E-10	1.437479E-10	1.552205E-10	1.742171E-10	1.336488E-10	1.736399E-10	1.750019E-10	1.373439E-10	1.376273E-10	1.400563E-10	1.518871E-10
   0:17:31	0	2.890700E+1	3.980000E+2	5.332600E-9	5.107782E-9	2.529468E-10	1.385279E-10	1.445657E-10	1.323947E-10	1.342511E-10	1.352092E-10	1.374503E-10	1.479427E-10	2.894921E-10	2.159359E-10	1.425136E-10	1.424013E-10	1.439157E-10	1.461545E-10	1.490484E-10	1.573977E-10	1.443774E-10	1.781817E-10	1.392717E-10	1.402999E-10	1.979442E-10	1.455748E-10	1.482336E-10	1.577385E-10	1.778105E-10	1.366004E-10	1.761658E-10	1.785472E-10	1.391123E-10	1.401621E-10	1.430673E-10	1.545468E-10
   0:17:55	0	2.890600E+1	4.000000E+2	5.458000E-9	5.234934E-9	2.617127E-10	1.438871E-10	1.465246E-10	1.353699E-10	1.357713E-10	1.391695E-10	1.407988E-10	1.516838E-10	2.991266E-10	2.213710E-10	1.449800E-10	1.449902E-10	1.468926E-10	1.481739E-10	1.518363E-10	1.597386E-10	1.498889E-10	1.813294E-10	1.427999E-10	1.450017E-10	1.997741E-10	1.491020E-10	1.506346E-10	1.610742E-10	1.821614E-10	1.398038E-10	1.808388E-10	1.829801E-10	1.445423E-10	1.449145E-10	1.495895E-10	1.584718E-10
   0:18:20	0	2.890400E+1	4.020000E+2	5.574500E-9	5.347291E-9	2.707942E-10	1.449591E-10	1.505701E-10	1.364459E-10	1.390029E-10	1.415580E-10	1.447776E-10	1.542205E-10	3.112338E-10	2.249735E-10	1.476990E-10	1.487157E-10	1.498695E-10	1.521489E-10	1.527223E-10	1.631565E-10	1.525492E-10	1.847275E-10	1.465786E-10	1.462556E-10	2.048852E-10	1.530708E-10	1.537936E-10	1.652924E-10	1.860076E-10	1.421903E-10	1.861427E-10	1.856388E-10	1.459947E-10	1.483996E-10	1.517223E-10	1.611944E-10
   0:18:44	0	2.890200E+1	4.040000E+2	5.733600E-9	5.492675E-9	2.827757E-10	1.484271E-10	1.546165E-10	1.412555E-10	1.437537E-10	1.455174E-10	1.464199E-10	1.585952E-10	3.232139E-10	2.314191E-10	1.509869E-10	1.518729E-10	1.536704E-10	1.558090E-10	1.582333E-10	1.673337E-10	1.554635E-10	1.889444E-10	1.507363E-10	1.508318E-10	2.098699E-10	1.558423E-10	1.577746E-10	1.695096E-10	1.909896E-10	1.466490E-10	1.911935E-10	1.901347E-10	1.491528E-10	1.516306E-10	1.536669E-10	1.663858E-10
   0:19:08	0	2.890100E+1	4.060000E+2	5.876200E-9	5.643444E-9	2.953257E-10	1.525251E-10	1.592308E-10	1.441028E-10	1.462881E-10	1.488496E-10	1.504625E-10	1.639219E-10	3.357654E-10	2.402661E-10	1.537048E-10	1.567358E-10	1.569003E-10	1.580187E-10	1.622242E-10	1.713841E-10	1.604690E-10	1.932874E-10	1.545160E-10	1.546558E-10	2.159901E-10	1.582995E-10	1.624508E-10	1.719640E-10	1.965380E-10	1.495381E-10	1.952345E-10	1.965286E-10	1.547094E-10	1.560660E-10	1.572424E-10	1.702479E-10
   0:19:32	0	2.889900E+1	4.080000E+2	6.038700E-9	5.813749E-9	3.098936E-10	1.563713E-10	1.618224E-10	1.481531E-10	1.503428E-10	1.526840E-10	1.543157E-10	1.673466E-10	3.523727E-10	2.448792E-10	1.588901E-10	1.602090E-10	1.612712E-10	1.642661E-10	1.671022E-10	1.767003E-10	1.657895E-10	1.982594E-10	1.576653E-10	1.585422E-10	2.211650E-10	1.646609E-10	1.683898E-10	1.764335E-10	2.020237E-10	1.561324E-10	2.010438E-10	2.013414E-10	1.586879E-10	1.601212E-10	1.625734E-10	1.742998E-10
   0:19:57	0	2.889800E+1	4.100000E+2	6.223300E-9	5.980893E-9	3.258484E-10	1.614160E-10	1.684594E-10	1.535331E-10	1.546516E-10	1.572725E-10	1.545061E-10	1.700104E-10	3.680293E-10	2.515154E-10	1.635056E-10	1.639983E-10	1.652620E-10	1.674839E-10	1.707121E-10	1.811303E-10	1.700979E-10	2.048679E-10	1.628302E-10	1.635578E-10	2.256446E-10	1.686933E-10	1.705384E-10	1.831051E-10	2.077611E-10	1.597126E-10	2.059690E-10	2.069127E-10	1.632974E-10	1.644305E-10	1.669013E-10	1.792383E-10
   0:20:21	0	2.889700E+1	4.110000E+2	6.293300E-9	6.074259E-9	3.327854E-10	1.632445E-10	1.704821E-10	1.558740E-10	1.571220E-10	1.583412E-10	1.611384E-10	1.733710E-10	3.754463E-10	2.557493E-10	1.656555E-10	1.669661E-10	1.678590E-10	1.700711E-10	1.737531E-10	1.835352E-10	1.728852E-10	2.094633E-10	1.627049E-10	1.645603E-10	2.286101E-10	1.708980E-10	1.736346E-10	1.856231E-10	2.111664E-10	1.618483E-10	2.104516E-10	2.096354E-10	1.650021E-10	1.663951E-10	1.685321E-10	1.814542E-10
   0:20:45	0	2.889500E+1	4.120000E+2	6.393500E-9	6.176791E-9	3.411093E-10	1.675317E-10	1.712405E-10	1.580260E-10	1.585792E-10	1.617350E-10	1.624647E-10	1.757806E-10	3.857143E-10	2.604881E-10	1.684374E-10	1.686080E-10	1.701389E-10	1.735420E-10	1.776170E-10	1.858131E-10	1.744693E-10	2.109735E-10	1.682478E-10	1.678836E-10	2.311980E-10	1.740473E-10	1.756565E-10	1.868195E-10	2.143816E-10	1.651142E-10	2.118411E-10	2.140043E-10	1.686018E-10	1.693090E-10	1.727343E-10	1.846836E-10
   0:21:09	0	2.889400E+1	4.130000E+2	6.501300E-9	6.263798E-9	3.507582E-10	1.690457E-10	1.755395E-10	1.574565E-10	1.602895E-10	1.623641E-10	1.638548E-10	1.776827E-10	3.937647E-10	2.632056E-10	1.703338E-10	1.705021E-10	1.719128E-10	1.771394E-10	1.774900E-10	1.892311E-10	1.776367E-10	2.141203E-10	1.695703E-10	1.710179E-10	2.350471E-10	1.760004E-10	1.783737E-10	1.888336E-10	2.177241E-10	1.686309E-10	2.161343E-10	2.157135E-10	1.706852E-10	1.712736E-10	1.745532E-10	1.879129E-10
   0:21:34	0	2.889200E+1	4.140000E+2	6.613400E-9	6.382561E-9	3.621095E-10	1.707478E-10	1.775622E-10	1.613169E-10	1.630140E-10	1.651922E-10	1.658761E-10	1.814877E-10	4.065064E-10	2.683883E-10	1.729899E-10	1.734699E-10	1.751437E-10	1.782124E-10	1.814180E-10	1.928388E-10	1.806140E-10	2.182745E-10	1.724680E-10	1.737137E-10	2.387696E-10	1.788972E-10	1.802061E-10	1.910992E-10	2.204983E-10	1.698237E-10	2.197966E-10	2.207152E-10	1.755480E-10	1.756460E-10	1.783158E-10	1.919009E-10
   0:21:58	0	2.889100E+1	4.150000E+2	6.715300E-9	6.490421E-9	3.713802E-10	1.733955E-10	1.804062E-10	1.659367E-10	1.654854E-10	1.684610E-10	1.694131E-10	1.826930E-10	4.170285E-10	2.748968E-10	1.746328E-10	1.778274E-10	1.781207E-10	1.797894E-10	1.853450E-10	1.957502E-10	1.832112E-10	2.195334E-10	1.758063E-10	1.757821E-10	2.417979E-10	1.810392E-10	1.833651E-10	1.958828E-10	2.240290E-10	1.738441E-10	2.220075E-10	2.234379E-10	1.768110E-10	1.780537E-10	1.808249E-10	1.944336E-10
   0:22:22	0	2.889000E+1	4.160000E+2	6.847400E-9	6.609973E-9	3.827315E-10	1.762334E-10	1.833770E-10	1.659367E-10	1.686530E-10	1.711640E-10	1.740869E-10	1.859896E-10	4.271073E-10	2.789412E-10	1.810828E-10	1.786488E-10	1.805906E-10	1.828189E-10	1.874349E-10	1.982180E-10	1.883427E-10	2.244428E-10	1.770035E-10	1.787916E-10	2.447643E-10	1.846301E-10	1.881042E-10	1.984008E-10	2.284426E-10	1.782403E-10	2.263007E-10	2.286294E-10	1.788945E-10	1.813487E-10	1.827695E-10	1.978529E-10
   0:22:46	0	2.888900E+1	4.170000E+2	6.961700E-9	6.732087E-9	3.945876E-10	1.795749E-10	1.867279E-10	1.690378E-10	1.706173E-10	1.749359E-10	1.733929E-10	1.906826E-10	4.388973E-10	2.851345E-10	1.816518E-10	1.830691E-10	1.843915E-10	1.869842E-10	1.907929E-10	2.025221E-10	1.901169E-10	2.286597E-10	1.818543E-10	1.818625E-10	2.484241E-10	1.872753E-10	1.900622E-10	2.019889E-10	2.329199E-10	1.795590E-10	2.305939E-10	2.289463E-10	1.840722E-10	1.841366E-10	1.878500E-10	2.007654E-10
   0:23:11	0	2.888700E+1	4.180000E+2	7.081500E-9	6.859985E-9	4.058125E-10	1.831056E-10	1.891299E-10	1.723288E-10	1.749251E-10	1.778900E-10	1.786351E-10	1.930291E-10	4.517010E-10	2.879149E-10	1.865197E-10	1.867946E-10	1.877484E-10	1.888770E-10	1.939599E-10	2.052427E-10	1.946143E-10	2.333167E-10	1.813501E-10	1.842456E-10	2.522094E-10	1.906146E-10	1.931584E-10	2.064575E-10	2.385947E-10	1.836409E-10	2.348881E-10	2.343917E-10	1.865355E-10	1.869885E-10	1.904214E-10	2.049433E-10
   0:23:35	0	2.888600E+1	4.190000E+2	7.231400E-9	6.998708E-9	4.188035E-10	1.877720E-10	1.922902E-10	1.753030E-10	1.772695E-10	1.807181E-10	1.820464E-10	1.955018E-10	4.657735E-10	2.931605E-10	1.891119E-10	1.900784E-10	1.916123E-10	1.927903E-10	1.981408E-10	2.080282E-10	1.972126E-10	2.362756E-10	1.885934E-10	1.890722E-10	2.573843E-10	1.935113E-10	1.966337E-10	2.091017E-10	2.433238E-10	1.864051E-10	2.386769E-10	2.389495E-10	1.895031E-10	1.909167E-10	1.958782E-10	2.088693E-10
   0:23:59	0	2.888500E+1	4.200000E+2	7.374700E-9	7.148596E-9	4.336870E-10	1.886549E-10	1.977268E-10	1.789736E-10	1.813872E-10	1.835473E-10	1.853940E-10	1.992438E-10	4.815572E-10	2.982154E-10	1.929687E-10	1.938676E-10	1.940192E-10	1.995417E-10	2.008648E-10	2.128379E-10	2.010770E-10	2.405551E-10	1.929399E-10	1.914543E-10	2.602870E-10	1.981732E-10	2.014356E-10	2.129413E-10	2.483048E-10	1.899219E-10	2.431595E-10	2.435723E-10	1.946181E-10	1.956061E-10	1.988259E-10	2.132371E-10
   0:24:23	0	2.888400E+1	4.210000E+2	7.524300E-9	7.303537E-9	4.512815E-10	1.932576E-10	2.010139E-10	1.816951E-10	1.844917E-10	1.870670E-10	1.881732E-10	2.046966E-10	4.995594E-10	3.059251E-10	1.968265E-10	1.973408E-10	1.987700E-10	2.014983E-10	2.055517E-10	2.172679E-10	2.063985E-10	2.452757E-10	1.969086E-10	1.953417E-10	2.666593E-10	2.005042E-10	2.040271E-10	2.160256E-10	2.522775E-10	1.957626E-10	2.460641E-10	2.481941E-10	1.969548E-10	1.990912E-10	2.015231E-10	2.181126E-10
   0:24:48	0	2.888300E+1	4.220000E+2	7.700100E-9	7.467839E-9	4.658485E-10	1.962846E-10	2.032891E-10	1.847962E-10	1.891165E-10	1.912785E-10	1.940476E-10	2.085017E-10	5.136950E-10	3.130662E-10	1.983437E-10	2.010035E-10	2.007340E-10	2.052213E-10	2.100497E-10	2.230907E-10	2.101359E-10	2.504364E-10	2.002468E-10	1.993538E-10	2.709506E-10	2.052287E-10	2.083861E-10	2.208718E-10	2.592761E-10	2.002848E-10	2.548409E-10	2.537025E-10	2.018793E-10	2.040327E-10	2.064778E-10	2.233680E-10
   0:25:12	0	2.888200E+1	4.230000E+2	7.869700E-9	7.629121E-9	4.828764E-10	2.013910E-10	2.092944E-10	1.898596E-10	1.920310E-10	1.943586E-10	1.957538E-10	2.114819E-10	5.309997E-10	3.192594E-10	2.039702E-10	2.060548E-10	2.044079E-10	2.096396E-10	2.139766E-10	2.268873E-10	2.165345E-10	2.544019E-10	2.050339E-10	2.048078E-10	2.759353E-10	2.093854E-10	2.054166E-10	2.274808E-10	2.633742E-10	2.046809E-10	2.603971E-10	2.592109E-10	2.056684E-10	2.078349E-10	2.096136E-10	2.271031E-10
   0:25:36	0	2.888000E+1	4.240000E+2	8.058000E-9	7.811686E-9	4.992722E-10	2.053636E-10	2.135924E-10	1.923902E-10	1.957696E-10	1.995763E-10	1.963850E-10	2.157305E-10	5.509662E-10	3.256423E-10	2.099770E-10	2.090864E-10	2.113117E-10	2.124788E-10	2.193606E-10	2.295459E-10	2.202089E-10	2.591225E-10	2.092551E-10	2.093839E-10	2.816770E-10	2.158741E-10	2.169794E-10	2.315091E-10	2.704366E-10	2.103958E-10	2.657638E-10	2.631360E-10	2.108462E-10	2.131575E-10	2.152595E-10	2.322315E-10
   0:26:00	0	2.887900E+1	4.250000E+2	8.253700E-9	8.022223E-9	5.216603E-10	2.105974E-10	2.180809E-10	1.978332E-10	2.015346E-10	2.014617E-10	2.052281E-10	2.214376E-10	5.725188E-10	3.330357E-10	2.144028E-10	2.139483E-10	2.159365E-10	2.197364E-10	2.255685E-10	2.374568E-10	2.250234E-10	2.680600E-10	2.115850E-10	2.133960E-10	2.874824E-10	2.200945E-10	2.212128E-10	2.361675E-10	2.767424E-10	2.145412E-10	2.705634E-10	2.719368E-10	2.163399E-10	2.186072E-10	2.212806E-10	2.387522E-10
   0:26:25	0	2.887800E+1	4.260000E+2	8.443800E-9	8.231989E-9	5.449932E-10	2.169022E-10	2.201665E-10	2.026428E-10	2.040050E-10	2.086283E-10	2.101552E-10	2.275892E-10	5.950841E-10	3.404930E-10	2.187657E-10	2.199477E-10	2.209404E-10	2.239644E-10	2.286725E-10	2.431526E-10	2.310420E-10	2.718992E-10	2.205297E-10	2.192261E-10	2.927201E-10	2.250080E-10	2.280376E-10	2.428391E-10	2.844349E-10	2.201311E-10	2.769409E-10	2.770654E-10	2.220241E-10	2.239928E-10	2.256709E-10	2.443244E-10
   0:26:49	0	2.887700E+1	4.270000E+2	8.671600E-9	8.450865E-9	5.671283E-10	2.215686E-10	2.268036E-10	2.059337E-10	2.090739E-10	2.129022E-10	2.146405E-10	2.316476E-10	6.205664E-10	3.467491E-10	2.253414E-10	2.246212E-10	2.251842E-10	2.297705E-10	2.331694E-10	2.484059E-10	2.371236E-10	2.793890E-10	2.247500E-10	2.237399E-10	3.005447E-10	2.302993E-10	2.320814E-10	2.490714E-10	2.930103E-10	2.276048E-10	2.843282E-10	2.832075E-10	2.273912E-10	2.289354E-10	2.328208E-10	2.530610E-10
   0:27:13	0	2.887600E+1	4.280000E+2	8.918400E-9	8.694146E-9	5.955704E-10	2.267387E-10	2.329985E-10	2.119462E-10	2.161061E-10	2.166740E-10	2.196304E-10	2.373547E-10	6.464919E-10	3.564810E-10	2.312843E-10	2.312517E-10	2.325320E-10	2.356393E-10	2.391244E-10	2.549241E-10	2.446623E-10	2.857461E-10	2.309233E-10	2.292563E-10	3.077377E-10	2.355270E-10	2.376414E-10	2.544840E-10	3.005763E-10	2.335715E-10	2.898215E-10	2.915645E-10	2.352216E-10	2.352083E-10	2.407866E-10	2.566701E-10
   0:27:37	0	2.887500E+1	4.290000E+2	9.209600E-9	8.974717E-9	6.286149E-10	2.327916E-10	2.398890E-10	2.176419E-10	2.205409E-10	2.237136E-10	2.260104E-10	2.447106E-10	6.772988E-10	3.684885E-10	2.367222E-10	2.360508E-10	2.379799E-10	2.411295E-10	2.472323E-10	2.628350E-10	2.518840E-10	2.935498E-10	2.369076E-10	2.364026E-10	3.148043E-10	2.426452E-10	2.450338E-10	2.639885E-10	3.118632E-10	2.431174E-10	2.994187E-10	2.997956E-10	2.409676E-10	2.419884E-10	2.462434E-10	2.644572E-10
   0:28:02	0	2.887400E+1	4.300000E+2	9.418000E-9	9.258249E-9	6.589485E-10	2.392229E-10	2.467785E-10	2.239071E-10	2.263069E-10	2.289937E-10	2.319477E-10	2.513687E-10	7.128589E-10	3.758819E-10	2.455737E-10	2.433760E-10	2.457076E-10	2.483233E-10	2.534402E-10	2.696069E-10	2.604369E-10	3.024247E-10	2.443408E-10	2.439883E-10	3.243333E-10	2.505827E-10	2.500262E-10	2.687095E-10	3.187354E-10	2.495233E-10	3.077539E-10	3.077728E-10	2.487980E-10	2.497187E-10	2.539576E-10	2.749039E-10
   0:28:26	0	2.887300E+1	4.310000E+2	9.669000E-9	9.575224E-9	6.946431E-10	2.471044E-10	2.544274E-10	2.311214E-10	2.333391E-10	2.371030E-10	2.359274E-10	2.580269E-10	7.488633E-10	3.892162E-10	2.522763E-10	2.525954E-10	2.525484E-10	2.560850E-10	2.630681E-10	2.788466E-10	2.683557E-10	3.116771E-10	2.504505E-10	2.513860E-10	3.307055E-10	2.566299E-10	2.595672E-10	2.794104E-10	3.317881E-10	2.573114E-10	3.182980E-10	3.161938E-10	2.563124E-10	2.572591E-10	2.611085E-10	2.835785E-10
   0:28:50	0	2.887200E+1	4.320000E+2	1.007600E-8	9.940232E-9	7.408678E-10	2.559325E-10	2.618867E-10	2.380830E-10	2.406884E-10	2.443946E-10	2.458445E-10	2.681097E-10	7.917773E-10	4.009703E-10	2.613174E-10	2.597313E-10	2.622401E-10	2.640997E-10	2.713660E-10	2.889735E-10	2.787447E-10	3.228174E-10	2.571279E-10	2.590341E-10	3.412436E-10	2.644411E-10	2.692976E-10	2.875933E-10	3.437051E-10	2.652243E-10	3.275174E-10	3.275274E-10	2.657209E-10	2.677773E-10	2.716458E-10	2.945310E-10
   0:29:14	0	2.887100E+1	4.330000E+2	1.051100E-8	1.032245E-8	7.886067E-10	2.647597E-10	2.700406E-10	2.451085E-10	2.475305E-10	2.508060E-10	2.527300E-10	2.771774E-10	8.409657E-10	4.127244E-10	2.704225E-10	2.691411E-10	2.700309E-10	2.743858E-10	2.796009E-10	2.984030E-10	2.890717E-10	3.320688E-10	2.697887E-10	2.673720E-10	3.502038E-10	2.747086E-10	2.783957E-10	2.974755E-10	3.570096E-10	2.767810E-10	3.414715E-10	3.382913E-10	2.744355E-10	2.781695E-10	2.803631E-10	3.044080E-10
   0:29:39	0	2.887000E+1	4.340000E+2	1.088200E-8	1.075925E-8	8.414538E-10	2.725148E-10	2.801543E-10	2.530192E-10	2.564641E-10	2.598580E-10	2.639733E-10	2.858657E-10	8.937044E-10	4.278913E-10	2.800965E-10	2.779817E-10	2.795956E-10	2.862500E-10	2.888498E-10	3.095420E-10	3.019950E-10	3.443428E-10	2.810643E-10	2.785304E-10	3.620030E-10	2.842830E-10	2.871786E-10	3.084904E-10	3.734029E-10	2.910998E-10	3.527742E-10	3.507004E-10	2.855487E-10	2.897020E-10	2.933470E-10	3.175773E-10
   0:30:03	0	2.886900E+1	4.350000E+2	1.139300E-8	1.122866E-8	9.045172E-10	2.839907E-10	2.909635E-10	2.638412E-10	2.666008E-10	2.684069E-10	2.728802E-10	2.962649E-10	9.548108E-10	4.412256E-10	2.934366E-10	2.885908E-10	2.909973E-10	2.921825E-10	3.015817E-10	3.208069E-10	3.144753E-10	3.561756E-10	2.929067E-10	2.903162E-10	3.749387E-10	2.959994E-10	2.999424E-10	3.195689E-10	3.887251E-10	3.025305E-10	3.648344E-10	3.627937E-10	2.969788E-10	3.003473E-10	3.043862E-10	3.326457E-10
   0:30:27	0	2.886800E+1	4.360000E+2	1.195500E-8	1.181227E-8	9.788056E-10	2.991237E-10	3.024683E-10	2.767513E-10	2.752173E-10	2.798464E-10	2.850708E-10	3.093920E-10	1.033158E-9	4.613209E-10	3.036167E-10	3.033042E-10	3.010690E-10	3.056865E-10	3.150105E-10	3.359963E-10	3.308199E-10	3.715953E-10	3.055048E-10	3.034183E-10	3.869282E-10	3.101104E-10	3.138434E-10	3.383892E-10	4.092801E-10	3.172896E-10	3.821348E-10	3.802054E-10	3.116288E-10	3.149208E-10	3.216337E-10	3.487265E-10
   0:30:51	0	2.886700E+1	4.370000E+2	1.257700E-8	1.242300E-8	1.066149E-9	3.092757E-10	3.136568E-10	2.866242E-10	2.884586E-10	2.907213E-10	2.960618E-10	3.237864E-10	1.117273E-9	4.777519E-10	3.204982E-10	3.138504E-10	3.157645E-10	3.183716E-10	3.297694E-10	3.535265E-10	3.479246E-10	3.877076E-10	3.189214E-10	3.171478E-10	4.047221E-10	3.232120E-10	3.216149E-10	3.547550E-10	4.324212E-10	3.360681E-10	4.001938E-10	3.952742E-10	3.264682E-10	3.302545E-10	3.375029E-10	3.672772E-10
   0:31:16	0	2.886600E+1	4.380000E+2	1.330500E-8	1.315238E-8	1.166041E-9	3.239667E-10	3.342005E-10	3.008001E-10	3.032201E-10	3.074419E-10	3.056637E-10	3.392590E-10	1.221546E-9	4.982901E-10	3.354833E-10	3.310900E-10	3.303971E-10	3.345265E-10	3.485832E-10	3.710578E-10	3.683236E-10	4.067152E-10	3.346688E-10	3.332584E-10	4.215696E-10	3.379525E-10	3.430987E-10	3.723789E-10	4.603542E-10	3.559145E-10	4.186305E-10	4.147750E-10	3.432017E-10	3.464125E-10	3.549395E-10	3.886144E-10
   0:31:40	0	2.886500E+1	4.390000E+2	1.415300E-8	1.401486E-8	1.294123E-9	3.442697E-10	3.477909E-10	3.161789E-10	3.161453E-10	3.225273E-10	3.256244E-10	3.572683E-10	1.342871E-9	5.240109E-10	3.540088E-10	3.481401E-10	3.482596E-10	3.556038E-10	3.657490E-10	3.930191E-10	3.953113E-10	4.327098E-10	3.541960E-10	3.536959E-10	4.404363E-10	3.560939E-10	3.616749E-10	3.939686E-10	4.913758E-10	3.808481E-10	4.405411E-10	4.363657E-10	3.641031E-10	3.654853E-10	3.783962E-10	4.140655E-10
   0:32:04	0	2.886500E+1	4.400000E+2	1.527600E-8	1.512140E-8	1.473223E-9	3.674733E-10	3.675763E-10	3.347217E-10	3.364828E-10	3.416364E-10	3.434372E-10	3.805403E-10	1.507678E-9	5.533333E-10	3.774023E-10	3.727049E-10	3.717598E-10	3.761771E-10	3.905797E-10	4.209290E-10	4.236291E-10	4.588296E-10	3.804633E-10	3.756999E-10	4.678847E-10	3.821728E-10	3.872655E-10	4.236160E-10	5.334962E-10	4.090476E-10	4.687654E-10	4.651740E-10	3.905620E-10	3.959637E-10	3.990944E-10	4.440763E-10
   0:32:48	1	2.886200E+1	0.000000E+0	1.468300E-9	1.546691E-9	5.183760E-11	4.792023E-11	4.703000E-11	4.866703E-11	4.910044E-11	4.928081E-11	5.015451E-11	4.939901E-11	4.931541E-11	4.935473E-11	4.805253E-11	4.900399E-11	4.674760E-11	4.682500E-11	4.909146E-11	4.809881E-11	4.801977E-11	4.556858E-11	4.806170E-11	4.613984E-11	4.505301E-11	4.718079E-11	4.865344E-11	4.777506E-11	4.930820E-11	5.168853E-11	4.502030E-11	4.824608E-11	4.862337E-11	4.891703E-11	4.942452E-11	4.913114E-11
   0:33:12	1	2.886100E+1	0.000000E+0	1.674100E-9	1.558174E-9	5.278437E-11	4.861401E-11	4.823047E-11	4.961615E-11	4.815027E-11	4.921830E-11	5.053345E-11	4.971534E-11	4.969566E-11	4.903948E-11	4.849570E-11	4.875078E-11	4.782357E-11	4.777142E-11	4.820447E-11	4.746638E-11	4.668964E-11	4.594615E-11	4.768383E-11	4.758177E-11	4.587383E-11	4.655131E-11	4.846392E-11	4.821525E-11	5.056937E-11	4.873691E-11	4.817716E-11	4.691671E-11	5.051743E-11	5.005738E-11	5.130581E-11	5.077731E-11
   0:33:37	1	2.886000E+1	1.000000E+1	2.315000E-9	2.144464E-9	6.836084E-11	6.570094E-11	6.675149E-11	6.391894E-11	6.430605E-11	6.430460E-11	6.398749E-11	6.379345E-11	7.568527E-11	7.248478E-11	6.531339E-11	6.535926E-11	6.334310E-11	6.405288E-11	6.632127E-11	6.183247E-11	6.373133E-11	7.835944E-11	6.078614E-11	6.268989E-11	8.253444E-11	6.368536E-11	6.407061E-11	6.357355E-11	7.093528E-11	6.431198E-11	7.646524E-11	7.756016E-11	6.491523E-11	6.380761E-11	6.491647E-11	6.660530E-11
   0:34:01	1	2.885900E+1	2.000000E+1	2.426800E-9	2.251556E-9	7.239682E-11	6.872793E-11	7.041777E-11	6.714696E-11	6.627039E-11	6.606399E-11	6.695711E-11	6.702792E-11	7.942480E-11	7.602337E-11	6.702121E-11	6.668514E-11	6.739698E-11	6.922732E-11	6.594127E-11	6.607267E-11	6.810277E-11	7.691177E-11	6.563586E-11	6.526003E-11	8.587845E-11	6.771679E-11	6.830394E-11	6.930210E-11	7.585356E-11	6.732705E-11	8.082124E-11	8.237287E-11	6.870334E-11	6.868711E-11	6.905630E-11	6.882118E-11
   0:34:26	1	2.885900E+1	3.000000E+1	2.529200E-9	2.348024E-9	7.498228E-11	7.099742E-11	7.389445E-11	6.942485E-11	6.905786E-11	6.958476E-11	6.998856E-11	7.133955E-11	8.227773E-11	8.196326E-11	6.815909E-11	7.022117E-11	6.929692E-11	7.080536E-11	7.024823E-11	7.056663E-11	6.924288E-11	8.200994E-11	6.746259E-11	6.895838E-11	8.979125E-11	7.055091E-11	7.026201E-11	7.112749E-11	7.862774E-11	7.078135E-11	8.423128E-11	8.439891E-11	7.135601E-11	7.242526E-11	7.212974E-11	7.185964E-11
   0:34:50	1	2.885800E+1	4.000000E+1	2.630100E-9	2.436144E-9	7.674840E-11	7.364617E-11	7.566473E-11	7.220928E-11	7.336560E-11	7.323056E-11	7.238879E-11	7.425668E-11	8.570005E-11	8.335395E-11	7.214167E-11	7.148426E-11	7.214784E-11	7.168902E-11	7.487318E-11	7.518648E-11	7.298025E-11	8.509408E-11	7.042394E-11	7.046365E-11	9.294600E-11	7.313345E-11	7.462203E-11	7.358187E-11	8.247397E-11	7.348114E-11	8.612519E-11	8.718459E-11	7.261905E-11	7.508707E-11	7.319515E-11	7.464623E-11
   0:35:15	1	2.885700E+1	5.000000E+1	2.754900E-9	2.556155E-9	8.185659E-11	7.642033E-11	7.939388E-11	7.575400E-11	7.406272E-11	7.480141E-11	7.649521E-11	7.603158E-11	9.127883E-11	8.802984E-11	7.713737E-11	7.653658E-11	7.449177E-11	7.610632E-11	7.766015E-11	7.632546E-11	7.564152E-11	9.050722E-11	7.546260E-11	7.353555E-11	1.001391E-10	7.571698E-11	7.689730E-11	7.761024E-11	8.638291E-11	7.699889E-11	9.199732E-11	9.364252E-11	7.722858E-11	7.781091E-11	7.689634E-11	7.730488E-11
   0:35:39	1	2.885600E+1	6.000000E+1	2.840800E-9	2.640720E-9	8.299153E-11	7.881624E-11	8.242849E-11	7.720966E-11	7.792739E-11	7.737947E-11	7.857933E-11	8.009094E-11	9.381355E-11	9.087408E-11	7.840202E-11	7.830510E-11	7.740468E-11	7.894559E-11	8.019412E-11	7.980633E-11	7.817577E-11	9.396893E-11	7.716304E-11	7.735959E-11	1.043039E-10	7.861376E-11	7.967729E-11	7.968802E-11	8.966176E-11	7.480079E-11	9.553395E-11	9.706190E-11	7.918544E-11	7.926836E-11	8.109856E-11	8.199051E-11
   0:36:04	1	2.885500E+1	7.000000E+1	2.908200E-9	2.689247E-9	8.488308E-11	8.152769E-11	8.236462E-11	7.847549E-11	8.039881E-11	7.995654E-11	7.921055E-11	8.097789E-11	9.552571E-11	9.283343E-11	7.998207E-11	8.184113E-11	7.911563E-11	8.046086E-11	8.171410E-11	8.018599E-11	7.925188E-11	9.459788E-11	7.691145E-11	7.873819E-11	1.075224E-10	7.760640E-11	8.163636E-11	8.245741E-11	9.117577E-11	8.038973E-11	9.414442E-11	9.725181E-11	8.082728E-11	8.142302E-11	8.272934E-11	8.312994E-11
   0:36:28	1	2.885400E+1	8.000000E+1	2.969500E-9	2.748925E-9	8.614445E-11	8.177952E-11	8.407203E-11	7.961444E-11	8.046182E-11	8.228155E-11	8.331696E-11	8.471990E-11	9.812447E-11	9.460223E-11	8.232172E-11	8.152511E-11	8.038259E-11	8.260575E-11	8.399408E-11	8.512256E-11	8.039299E-11	9.698948E-11	7.905340E-11	7.923994E-11	1.078372E-10	8.365354E-11	8.334206E-11	8.346400E-11	9.300432E-11	8.126917E-11	9.717568E-11	9.788450E-11	8.322775E-11	8.313355E-11	8.410862E-11	8.407946E-11
   0:36:53	1	2.885300E+1	9.000000E+1	3.037800E-9	2.807698E-9	8.734310E-11	8.461739E-11	8.641011E-11	8.151268E-11	8.324930E-11	8.410445E-11	8.369589E-11	8.522645E-11	9.907511E-11	9.611962E-11	8.339672E-11	8.594540E-11	8.171255E-11	8.380522E-11	8.583106E-11	8.290755E-11	8.223017E-11	9.793440E-11	8.283215E-11	8.181008E-11	1.101093E-10	8.447196E-11	8.580586E-11	8.579318E-11	9.502200E-11	8.334234E-11	9.970156E-11	1.018106E-10	8.461639E-11	8.471803E-11	8.517502E-11	8.737179E-11
   0:37:17	1	2.885300E+1	1.000000E+2	3.112300E-9	2.887511E-9	8.967569E-11	8.663505E-11	8.836998E-11	8.353781E-11	8.489659E-11	8.655649E-11	8.653788E-11	8.789031E-11	1.029417E-10	9.833136E-11	8.592601E-11	8.613481E-11	8.405648E-11	8.727610E-11	8.792203E-11	8.689397E-11	8.672762E-11	1.018989E-10	8.440729E-11	8.525805E-11	1.132641E-10	8.636237E-11	8.890206E-11	8.812237E-11	9.773347E-11	8.497530E-11	1.024796E-10	1.032030E-10	8.752127E-11	8.680868E-11	8.711968E-11	8.914489E-11
   0:37:42	1	2.885200E+1	1.200000E+2	3.272900E-9	3.064525E-9	9.554051E-11	9.048125E-11	9.456494E-11	8.866407E-11	9.135870E-11	8.988772E-11	9.247612E-11	9.378763E-11	1.090899E-10	1.055352E-10	9.041465E-11	9.112433E-11	9.146726E-11	9.232501E-11	9.349597E-11	9.385572E-11	9.166911E-11	1.068083E-10	8.995012E-11	8.989757E-11	1.187538E-10	9.222056E-11	9.383064E-11	9.429112E-11	1.031554E-10	9.081607E-11	1.069622E-10	1.087743E-10	9.282562E-11	9.251143E-11	9.245067E-11	9.553866E-11
   0:38:07	1	2.885100E+1	1.400000E+2	3.539700E-9	3.323632E-9	1.038653E-10	9.905657E-11	1.016450E-10	9.986572E-11	9.706068E-11	1.005741E-10	9.904559E-11	1.021586E-10	1.175206E-10	1.126763E-10	1.000258E-10	9.882843E-11	9.666110E-11	1.013489E-10	1.021109E-10	1.024630E-10	9.977792E-11	1.160607E-10	9.706809E-11	9.735761E-11	1.277140E-10	1.008502E-10	1.018554E-10	1.036695E-10	1.110370E-10	9.753629E-11	1.149187E-10	1.167525E-10	9.895039E-11	1.001788E-10	1.016086E-10	1.033897E-10
   0:38:32	1	2.885000E+1	1.600000E+2	3.964500E-9	3.739930E-9	1.166045E-10	1.127392E-10	1.147295E-10	1.099914E-10	1.103660E-10	1.117625E-10	1.124368E-10	1.154118E-10	1.309587E-10	1.274641E-10	1.147573E-10	1.119627E-10	1.101537E-10	1.142860E-10	1.143997E-10	1.156901E-10	1.120681E-10	1.283963E-10	1.102967E-10	1.090178E-10	1.410910E-10	1.133224E-10	1.139869E-10	1.170762E-10	1.250353E-10	1.121070E-10	1.286834E-10	1.296054E-10	1.118330E-10	1.134859E-10	1.135251E-10	1.166860E-10
   0:38:56	1	2.884900E+1	1.800000E+2	4.552900E-9	4.319118E-9	1.360905E-10	1.298262E-10	1.324282E-10	1.267629E-10	1.282320E-10	1.301801E-10	1.298078E-10	1.327865E-10	1.503559E-10	1.468012E-10	1.303742E-10	1.314762E-10	1.291561E-10	1.311353E-10	1.320725E-10	1.328417E-10	1.317071E-10	1.467123E-10	1.261704E-10	1.276986E-10	1.601470E-10	1.312122E-10	1.326269E-10	1.343234E-10	1.432581E-10	1.286874E-10	1.471212E-10	1.477768E-10	1.313447E-10	1.319876E-10	1.327806E-10	1.352366E-10
   0:39:21	1	2.884900E+1	2.000000E+2	5.281200E-9	5.033372E-9	1.588569E-10	1.502556E-10	1.551215E-10	1.478374E-10	1.518001E-10	1.516778E-10	1.539367E-10	1.577713E-10	1.740629E-10	1.689825E-10	1.512394E-10	1.537042E-10	1.510095E-10	1.537897E-10	1.557003E-10	1.565115E-10	1.534363E-10	1.686779E-10	1.485317E-10	1.498283E-10	1.809074E-10	1.533860E-10	1.542365E-10	1.571721E-10	1.679750E-10	1.536210E-10	1.669474E-10	1.687339E-10	1.526259E-10	1.532151E-10	1.538551E-10	1.579651E-10
   0:39:46	1	2.884800E+1	2.200000E+2	6.184600E-9	5.933091E-9	1.865413E-10	1.777464E-10	1.814810E-10	1.763161E-10	1.782196E-10	1.774504E-10	1.789512E-10	1.845320E-10	2.058204E-10	1.990002E-10	1.800078E-10	1.800375E-10	1.793876E-10	1.821246E-10	1.823680E-10	1.863836E-10	1.813740E-10	1.973781E-10	1.766257E-10	1.776001E-10	2.099326E-10	1.814807E-10	1.839965E-10	1.860633E-10	1.974836E-10	1.777376E-10	1.968134E-10	1.982388E-10	1.805991E-10	1.805245E-10	1.825190E-10	1.883557E-10
   0:40:11	1	2.884800E+1	2.400000E+2	7.325800E-9	7.084868E-9	2.237492E-10	2.148845E-10	2.162478E-10	2.109331E-10	2.128116E-10	2.143480E-10	2.166618E-10	2.218821E-10	2.434729E-10	2.355902E-10	2.144028E-10	2.148964E-10	2.128956E-10	2.164548E-10	2.198046E-10	2.222045E-10	2.172946E-10	2.337578E-10	2.115850E-10	2.128943E-10	2.457734E-10	2.170704E-10	2.183699E-10	2.245852E-10	2.344966E-10	2.134733E-10	2.327410E-10	2.333781E-10	2.165303E-10	2.163895E-10	2.204647E-10	2.248242E-10
   0:40:35	1	2.884700E+1	2.600000E+2	8.818400E-9	8.562990E-9	2.700376E-10	2.582657E-10	2.603689E-10	2.558036E-10	2.567811E-10	2.596695E-10	2.619520E-10	2.682999E-10	2.929154E-10	2.819112E-10	2.593581E-10	2.611838E-10	2.593262E-10	2.630268E-10	2.656651E-10	2.708098E-10	2.617670E-10	2.770600E-10	2.559306E-10	2.609144E-10	2.910157E-10	2.636217E-10	2.661386E-10	2.721714E-10	2.836147E-10	2.596354E-10	2.788976E-10	2.809905E-10	2.616168E-10	2.637861E-10	2.667534E-10	2.737015E-10
   0:41:00	1	2.884600E+1	2.800000E+2	1.070200E-8	1.056924E-8	3.348034E-10	3.191749E-10	3.230759E-10	3.156723E-10	3.180456E-10	3.221502E-10	3.239182E-10	3.302544E-10	3.611206E-10	3.483922E-10	3.215732E-10	3.230698E-10	3.196914E-10	3.245562E-10	3.275524E-10	3.310597E-10	3.251183E-10	3.419512E-10	3.162763E-10	3.191538E-10	3.556307E-10	3.256066E-10	3.269863E-10	3.337944E-10	3.502628E-10	3.223144E-10	3.455125E-10	3.450021E-10	3.253946E-10	3.256291E-10	3.287846E-10	3.377101E-10
   0:41:25	1	2.884500E+1	3.000000E+2	1.340800E-8	1.332133E-8	4.243537E-10	4.042959E-10	4.052509E-10	3.997167E-10	4.014220E-10	4.051869E-10	4.048988E-10	4.154808E-10	4.525886E-10	4.373708E-10	4.083207E-10	4.056686E-10	4.029249E-10	4.077298E-10	4.119905E-10	4.185871E-10	4.112119E-10	4.269817E-10	4.017535E-10	4.030323E-10	4.413827E-10	4.093854E-10	4.148141E-10	4.210354E-10	4.403028E-10	4.117484E-10	4.324591E-10	4.333901E-10	4.103270E-10	4.125018E-10	4.170954E-10	4.281214E-10
   0:41:50	1	2.884500E+1	3.200000E+2	1.742400E-8	1.728588E-8	5.552723E-10	5.259887E-10	5.261115E-10	5.191383E-10	5.214176E-10	5.233608E-10	5.309791E-10	5.390734E-10	5.884926E-10	5.652131E-10	5.299063E-10	5.279882E-10	5.218823E-10	5.300932E-10	5.325981E-10	5.413029E-10	5.363943E-10	5.520434E-10	5.225074E-10	5.212648E-10	5.634177E-10	5.322206E-10	5.370781E-10	5.453505E-10	5.728415E-10	5.369180E-10	5.583006E-10	5.584367E-10	5.350415E-10	5.359357E-10	5.429766E-10	5.563295E-10
   0:42:14	1	2.884400E+1	3.400000E+2	2.338600E-8	2.322580E-8	7.503275E-10	7.096617E-10	7.095524E-10	6.989981E-10	7.004613E-10	7.043310E-10	7.122039E-10	7.244924E-10	7.908257E-10	7.565035E-10	7.113055E-10	7.101730E-10	6.991790E-10	7.083684E-10	7.140791E-10	7.247742E-10	7.254971E-10	7.367083E-10	7.039202E-10	7.026266E-10	7.471013E-10	7.128182E-10	7.193689E-10	7.325465E-10	7.698204E-10	7.285353E-10	7.477896E-10	7.474939E-10	7.201873E-10	7.250148E-10	7.320188E-10	7.491169E-10
   0:42:39	1	2.884400E+1	3.600000E+2	3.255000E-8	3.240470E-8	1.055996E-9	9.930850E-10	9.898334E-10	9.766356E-10	9.772619E-10	9.832347E-10	9.916535E-10	1.008900E-9	1.104152E-9	1.052950E-9	9.938035E-10	9.893550E-10	9.740878E-10	9.886868E-10	9.953901E-10	1.010014E-9	1.017926E-9	1.023461E-9	9.830314E-10	9.814706E-10	1.028526E-9	9.911804E-10	1.004526E-9	1.020455E-9	1.079729E-9	1.022273E-9	1.042094E-9	1.035956E-9	1.009336E-9	1.010661E-9	1.023421E-9	1.045611E-9
   0:43:03	1	2.884300E+1	3.620000E+2	3.374000E-8	3.361510E-8	1.095158E-9	1.030224E-9	1.026307E-9	1.014608E-9	1.012805E-9	1.019442E-9	1.030122E-9	1.045044E-9	1.145481E-9	1.090740E-9	1.031298E-9	1.027560E-9	1.010004E-9	1.023648E-9	1.033144E-9	1.046784E-9	1.056127E-9	1.061602E-9	1.021393E-9	1.017705E-9	1.062664E-9	1.028598E-9	1.042248E-9	1.058095E-9	1.119138E-9	1.064038E-9	1.079727E-9	1.074515E-9	1.046466E-9	1.050517E-9	1.061869E-9	1.088030E-9
   0:43:28	1	2.884300E+1	3.640000E+2	3.494300E-8	3.483527E-8	1.134572E-9	1.068623E-9	1.063665E-9	1.049288E-9	1.049044E-9	1.057093E-9	1.068274E-9	1.083092E-9	1.187253E-9	1.129542E-9	1.068412E-9	1.063618E-9	1.046996E-9	1.061701E-9	1.069693E-9	1.085579E-9	1.094201E-9	1.100750E-9	1.057612E-9	1.054003E-9	1.100081E-9	1.068220E-9	1.079464E-9	1.096177E-9	1.159996E-9	1.102036E-9	1.118748E-9	1.114150E-9	1.083975E-9	1.090310E-9	1.102199E-9	1.126905E-9
   0:43:52	1	2.884300E+1	3.660000E+2	3.628300E-8	3.617992E-8	1.177961E-9	1.109986E-9	1.105258E-9	1.089728E-9	1.090225E-9	1.096380E-9	1.107817E-9	1.126086E-9	1.231181E-9	1.173336E-9	1.109636E-9	1.104918E-9	1.087725E-9	1.102404E-9	1.110550E-9	1.125767E-9	1.140574E-9	1.142668E-9	1.099942E-9	1.095127E-9	1.141601E-9	1.107338E-9	1.120156E-9	1.138286E-9	1.207286E-9	1.146690E-9	1.161559E-9	1.158914E-9	1.126662E-9	1.130039E-9	1.144159E-9	1.169958E-9
   0:44:16	1	2.884200E+1	3.680000E+2	3.765800E-8	3.754179E-8	1.225257E-9	1.152358E-9	1.145713E-9	1.130674E-9	1.130393E-9	1.138056E-9	1.149381E-9	1.167368E-9	1.280243E-9	1.215803E-9	1.151872E-9	1.149185E-9	1.127441E-9	1.144685E-9	1.152927E-9	1.167538E-9	1.182323E-9	1.185782E-9	1.140948E-9	1.136439E-9	1.183878E-9	1.149038E-9	1.161100E-9	1.181025E-9	1.252180E-9	1.189021E-9	1.204621E-9	1.199815E-9	1.170107E-9	1.175155E-9	1.187625E-9	1.213834E-9
   0:44:40	1	2.884200E+1	3.700000E+2	3.919600E-8	3.904407E-8	1.275519E-9	1.198828E-9	1.192491E-9	1.175671E-9	1.175756E-9	1.183440E-9	1.195366E-9	1.212708E-9	1.331461E-9	1.264716E-9	1.199419E-9	1.193073E-9	1.171781E-9	1.188923E-9	1.199295E-9	1.214940E-9	1.229329E-9	1.231350E-9	1.184538E-9	1.181765E-9	1.230004E-9	1.194898E-9	1.209248E-9	1.229430E-9	1.299911E-9	1.240332E-9	1.254630E-9	1.246478E-9	1.217404E-9	1.220017E-9	1.236673E-9	1.264673E-9
   0:45:05	1	2.884100E+1	3.720000E+2	4.070600E-8	4.058337E-8	1.325907E-9	1.246306E-9	1.238635E-9	1.221997E-9	1.222132E-9	1.229641E-9	1.241414E-9	1.260712E-9	1.383565E-9	1.313375E-9	1.245827E-9	1.239551E-9	1.219225E-9	1.235116E-9	1.243826E-9	1.263482E-9	1.278109E-9	1.281010E-9	1.233671E-9	1.228531E-9	1.279537E-9	1.242394E-9	1.256953E-9	1.275631E-9	1.354958E-9	1.288692E-9	1.303502E-9	1.294851E-9	1.265459E-9	1.272356E-9	1.284216E-9	1.312792E-9
   0:45:29	1	2.884100E+1	3.740000E+2	4.240400E-8	4.226087E-8	1.382033E-9	1.297442E-9	1.288762E-9	1.274208E-9	1.272057E-9	1.279236E-9	1.293590E-9	1.311379E-9	1.442579E-9	1.368607E-9	1.296599E-9	1.289818E-9	1.267429E-9	1.286485E-9	1.295705E-9	1.316074E-9	1.330501E-9	1.333564E-9	1.283686E-9	1.281943E-9	1.327114E-9	1.292220E-9	1.309334E-9	1.330833E-9	1.411075E-9	1.341887E-9	1.356983E-9	1.347845E-9	1.317997E-9	1.325518E-9	1.338533E-9	1.369836E-9
   0:45:53	1	2.884000E+1	3.760000E+2	4.411500E-8	4.399901E-8	1.440871E-9	1.352047E-9	1.343377E-9	1.327558E-9	1.324706E-9	1.333546E-9	1.346145E-9	1.364835E-9	1.500579E-9	1.424471E-9	1.350089E-9	1.342862E-9	1.319497E-9	1.337980E-9	1.349484E-9	1.368287E-9	1.388974E-9	1.387440E-9	1.337354E-9	1.332847E-9	1.381949E-9	1.344693E-9	1.361525E-9	1.384022E-9	1.469652E-9	1.398914E-9	1.413747E-9	1.403372E-9	1.370535E-9	1.378175E-9	1.392849E-9	1.426628E-9
   0:46:17	1	2.883900E+1	3.780000E+2	4.605400E-8	4.589658E-8	1.503934E-9	1.410434E-9	1.400647E-9	1.384010E-9	1.382358E-9	1.390433E-9	1.404511E-9	1.423747E-9	1.567644E-9	1.485392E-9	1.408068E-9	1.398813E-9	1.376189E-9	1.397174E-9	1.407761E-9	1.428158E-9	1.450044E-9	1.445659E-9	1.395367E-9	1.388703E-9	1.438675E-9	1.402456E-9	1.420478E-9	1.444196E-9	1.533841E-9	1.460400E-9	1.473859E-9	1.463521E-9	1.430650E-9	1.439004E-9	1.455005E-9	1.485445E-9
   0:46:42	1	2.883900E+1	3.800000E+2	4.806700E-8	4.791432E-8	1.569583E-9	1.472099E-9	1.463479E-9	1.442676E-9	1.441597E-9	1.449457E-9	1.465214E-9	1.487540E-9	1.634962E-9	1.550040E-9	1.470852E-9	1.460762E-9	1.435858E-9	1.458955E-9	1.468761E-9	1.488155E-9	1.512445E-9	1.509983E-9	1.456469E-9	1.451205E-9	1.502090E-9	1.463433E-9	1.482968E-9	1.506574E-9	1.602380E-9	1.526659E-9	1.538263E-9	1.529621E-9	1.493544E-9	1.503825E-9	1.521176E-9	1.553697E-9
   0:47:06	1	2.883900E+1	3.820000E+2	5.018400E-8	5.002284E-8	1.640656E-9	1.538683E-9	1.526818E-9	1.506786E-9	1.503748E-9	1.513951E-9	1.529202E-9	1.552348E-9	1.707096E-9	1.617911E-9	1.533700E-9	1.527889E-9	1.498061E-9	1.519916E-9	1.532992E-9	1.553911E-9	1.583272E-9	1.576762E-9	1.521223E-9	1.515337E-9	1.564559E-9	1.527559E-9	1.548429E-9	1.573169E-9	1.673504E-9	1.592352E-9	1.606393E-9	1.596419E-9	1.561616E-9	1.568077E-9	1.587410E-9	1.623088E-9
   0:47:30	1	2.883800E+1	3.840000E+2	5.242800E-8	5.232966E-8	1.716647E-9	1.611446E-9	1.597488E-9	1.574882E-9	1.572996E-9	1.584415E-9	1.602980E-9	1.622038E-9	1.786331E-9	1.691343E-9	1.606158E-9	1.596533E-9	1.567168E-9	1.590405E-9	1.602480E-9	1.627199E-9	1.652958E-9	1.648513E-9	1.593158E-9	1.584735E-9	1.635861E-9	1.600063E-9	1.618501E-9	1.647507E-9	1.750871E-9	1.671675E-9	1.678060E-9	1.665812E-9	1.633856E-9	1.641326E-9	1.660104E-9	1.696151E-9
   0:47:54	1	2.883700E+1	3.860000E+2	5.485400E-8	5.470666E-8	1.798251E-9	1.684020E-9	1.669866E-9	1.648420E-9	1.645856E-9	1.654314E-9	1.671263E-9	1.696993E-9	1.868101E-9	1.770210E-9	1.681652E-9	1.668648E-9	1.637542E-9	1.661841E-9	1.676594E-9	1.701245E-9	1.733541E-9	1.722404E-9	1.662636E-9	1.656325E-9	1.707543E-9	1.670803E-9	1.693693E-9	1.719767E-9	1.831643E-9	1.745156E-9	1.756103E-9	1.741537E-9	1.708811E-9	1.713181E-9	1.735494E-9	1.773202E-9
   0:48:19	1	2.883700E+1	3.880000E+2	5.749000E-8	5.735577E-8	1.886288E-9	1.763909E-9	1.750903E-9	1.724554E-9	1.724606E-9	1.735464E-9	1.753380E-9	1.776765E-9	1.961219E-9	1.851542E-9	1.760623E-9	1.750553E-9	1.716658E-9	1.740724E-9	1.754760E-9	1.779849E-9	1.818748E-9	1.808002E-9	1.746288E-9	1.737321E-9	1.787617E-9	1.751307E-9	1.772991E-9	1.804427E-9	1.921935E-9	1.833398E-9	1.838819E-9	1.827011E-9	1.793049E-9	1.799864E-9	1.820795E-9	1.862410E-9
   0:48:43	1	2.883700E+1	3.900000E+2	6.022900E-8	6.010371E-8	1.979180E-9	1.849283E-9	1.833521E-9	1.808345E-9	1.807983E-9	1.815734E-9	1.836002E-9	1.862817E-9	2.055667E-9	1.939761E-9	1.843513E-9	1.833341E-9	1.797736E-9	1.824214E-9	1.838754E-9	1.865984E-9	1.905982E-9	1.892656E-9	1.829373E-9	1.821889E-9	1.873306E-9	1.835968E-9	1.860123E-9	1.889213E-9	2.016452E-9	1.922266E-9	1.929932E-9	1.912360E-9	1.875455E-9	1.885342E-9	1.907789E-9	1.953770E-9
   0:49:07	1	2.883600E+1	3.920000E+2	6.332000E-8	6.315925E-8	2.081721E-9	1.947583E-9	1.926822E-9	1.900173E-9	1.896554E-9	1.907697E-9	1.929678E-9	1.956288E-9	2.158546E-9	2.040115E-9	1.938797E-9	1.924780E-9	1.887620E-9	1.914330E-9	1.930730E-9	1.962118E-9	2.003163E-9	1.989143E-9	1.922031E-9	1.912351E-9	1.967388E-9	1.927306E-9	1.954207E-9	1.986588E-9	2.119862E-9	2.019991E-9	2.025845E-9	2.009422E-9	1.974532E-9	1.983621E-9	2.007391E-9	2.052855E-9
   0:49:31	1	2.883600E+1	3.940000E+2	6.645900E-8	6.634449E-8	2.187732E-9	2.045189E-9	2.024547E-9	1.995419E-9	1.990447E-9	2.003242E-9	2.025060E-9	2.056544E-9	2.267573E-9	2.140912E-9	2.035471E-9	2.021145E-9	1.984471E-9	2.012019E-9	2.027583E-9	2.059898E-9	2.109152E-9	2.088463E-9	2.020423E-9	2.008015E-9	2.063174E-9	2.026771E-9	2.052840E-9	2.087931E-9	2.228188E-9	2.126258E-9	2.126243E-9	2.112120E-9	2.068873E-9	2.082025E-9	2.109502E-9	2.157259E-9
   0:49:56	1	2.883500E+1	3.960000E+2	7.008800E-8	6.993903E-8	2.307616E-9	2.156227E-9	2.132073E-9	2.101489E-9	2.099231E-9	2.108972E-9	2.136109E-9	2.165996E-9	2.391433E-9	2.256369E-9	2.144540E-9	2.129890E-9	2.088987E-9	2.119428E-9	2.136853E-9	2.171034E-9	2.225401E-9	2.199930E-9	2.127573E-9	2.120044E-9	2.173600E-9	2.134930E-9	2.165502E-9	2.200978E-9	2.352088E-9	2.243263E-9	2.244571E-9	2.223491E-9	2.185254E-9	2.196653E-9	2.222902E-9	2.276604E-9
   0:50:20	1	2.883500E+1	3.980000E+2	7.380700E-8	7.366948E-8	2.432985E-9	2.271047E-9	2.246991E-9	2.216354E-9	2.210927E-9	2.221741E-9	2.248419E-9	2.279252E-9	2.520237E-9	2.374670E-9	2.261889E-9	2.243053E-9	2.200283E-9	2.231757E-9	2.249606E-9	2.283560E-9	2.346275E-9	2.321466E-9	2.242530E-9	2.232447E-9	2.284529E-9	2.249386E-9	2.279616E-9	2.318559E-9	2.477313E-9	2.363032E-9	2.361194E-9	2.341129E-9	2.303528E-9	2.316222E-9	2.341759E-9	2.397722E-9
   0:50:44	1	2.883400E+1	4.000000E+2	7.800100E-8	7.786291E-8	2.575950E-9	2.399171E-9	2.372025E-9	2.338243E-9	2.334091E-9	2.345824E-9	2.375574E-9	2.406014E-9	2.667550E-9	2.509084E-9	2.389671E-9	2.371309E-9	2.326272E-9	2.356076E-9	2.376548E-9	2.412921E-9	2.484064E-9	2.451184E-9	2.370590E-9	2.359080E-9	2.411171E-9	2.376505E-9	2.409588E-9	2.448980E-9	2.625866E-9	2.498879E-9	2.495496E-9	2.475356E-9	2.435947E-9	2.448146E-9	2.480310E-9	2.535427E-9
   0:51:08	1	2.883400E+1	4.020000E+2	8.242500E-8	8.231693E-8	2.725978E-9	2.539904E-9	2.509321E-9	2.474120E-9	2.464857E-9	2.480278E-9	2.510245E-9	2.544889E-9	2.817082E-9	2.651335E-9	2.526368E-9	2.503543E-9	2.456948E-9	2.492070E-9	2.512801E-9	2.553040E-9	2.626161E-9	2.592232E-9	2.506461E-9	2.490289E-9	2.543932E-9	2.510615E-9	2.547207E-9	2.589094E-9	2.778330E-9	2.648291E-9	2.638829E-9	2.614902E-9	2.575184E-9	2.588371E-9	2.621809E-9	2.682440E-9
   0:51:33	1	2.883300E+1	4.040000E+2	8.745900E-8	8.728349E-8	2.894609E-9	2.692304E-9	2.660207E-9	2.619995E-9	2.613996E-9	2.626110E-9	2.657929E-9	2.695114E-9	2.989244E-9	2.805846E-9	2.677924E-9	2.655164E-9	2.601624E-9	2.641443E-9	2.662547E-9	2.704046E-9	2.790493E-9	2.750651E-9	2.659213E-9	2.644318E-9	2.697706E-9	2.662678E-9	2.698789E-9	2.746833E-9	2.946494E-9	2.811773E-9	2.799525E-9	2.768947E-9	2.733115E-9	2.746339E-9	2.778863E-9	2.849648E-9
   0:51:57	1	2.883300E+1	4.060000E+2	9.287000E-8	9.287355E-8	3.082538E-9	2.866772E-9	2.827339E-9	2.787640E-9	2.777264E-9	2.795074E-9	2.825889E-9	2.867533E-9	3.185429E-9	2.988858E-9	2.848131E-9	2.821435E-9	2.767962E-9	2.806340E-9	2.831486E-9	2.874608E-9	2.973579E-9	2.922854E-9	2.832374E-9	2.812514E-9	2.866688E-9	2.831245E-9	2.874445E-9	2.925783E-9	3.141393E-9	2.993844E-9	2.977712E-9	2.946861E-9	2.902916E-9	2.919957E-9	2.963828E-9	3.033256E-9
   0:52:21	1	2.883300E+1	4.080000E+2	9.876000E-8	9.874010E-8	3.282071E-9	3.046978E-9	3.007177E-9	2.964273E-9	2.951112E-9	2.965233E-9	3.002882E-9	3.049021E-9	3.390172E-9	3.176105E-9	3.027253E-9	2.998378E-9	2.938418E-9	2.979441E-9	3.008850E-9	3.056370E-9	3.163188E-9	3.111861E-9	3.009504E-9	2.985789E-9	3.044566E-9	3.010898E-9	3.055220E-9	3.109770E-9	3.347641E-9	3.188665E-9	3.165496E-9	3.135223E-9	3.089767E-9	3.104094E-9	3.150799E-9	3.223891E-9
   0:52:45	1	2.883300E+1	4.100000E+2	1.055000E-7	1.054702E-7	3.509288E-9	3.258962E-9	3.210276E-9	3.161790E-9	3.148846E-9	3.165060E-9	3.201857E-9	3.252005E-9	3.623121E-9	3.393937E-9	3.235271E-9	3.199444E-9	3.138075E-9	3.185798E-9	3.213261E-9	3.265917E-9	3.383840E-9	3.321828E-9	3.214475E-9	3.192478E-9	3.247432E-9	3.214236E-9	3.260131E-9	3.322333E-9	3.580372E-9	3.409235E-9	3.381314E-9	3.347454E-9	3.299350E-9	3.315477E-9	3.364239E-9	3.453083E-9
   0:53:10	1	2.883300E+1	4.110000E+2	1.088900E-7	1.089575E-7	3.627468E-9	3.366089E-9	3.317736E-9	3.262541E-9	3.254333E-9	3.268966E-9	3.311767E-9	3.361836E-9	3.743432E-9	3.504843E-9	3.342315E-9	3.306292E-9	3.236067E-9	3.283676E-9	3.317906E-9	3.374583E-9	3.501990E-9	3.434427E-9	3.320992E-9	3.291402E-9	3.350852E-9	3.318993E-9	3.368179E-9	3.434752E-9	3.700489E-9	3.524859E-9	3.497938E-9	3.455912E-9	3.407015E-9	3.426998E-9	3.479207E-9	3.563691E-9
   0:53:34	1	2.883400E+1	4.120000E+2	1.127000E-7	1.126390E-7	3.753090E-9	3.481728E-9	3.427029E-9	3.370697E-9	3.362355E-9	3.373814E-9	3.419971E-9	3.474014E-9	3.870651E-9	3.620806E-9	3.452772E-9	3.419519E-9	3.346474E-9	3.394112E-9	3.428821E-9	3.488437E-9	3.624194E-9	3.547655E-9	3.433619E-9	3.405748E-9	3.463170E-9	3.434142E-9	3.480775E-9	3.549625E-9	3.828928E-9	3.647830E-9	3.613108E-9	3.575894E-9	3.526111E-9	3.544855E-9	3.595869E-9	3.683225E-9
   0:53:58	1	2.883400E+1	4.130000E+2	1.165700E-7	1.165789E-7	3.886784E-9	3.604430E-9	3.545868E-9	3.489360E-9	3.475318E-9	3.491423E-9	3.539293E-9	3.595005E-9	4.012513E-9	3.747132E-9	3.570627E-9	3.532050E-9	3.460681E-9	3.514898E-9	3.545374E-9	3.609128E-9	3.747540E-9	3.673093E-9	3.553743E-9	3.525674E-9	3.583943E-9	3.548725E-9	3.604050E-9	3.678347E-9	3.972376E-9	3.774695E-9	3.738824E-9	3.693786E-9	3.651267E-9	3.672091E-9	3.724259E-9	3.816562E-9
   0:54:22	1	2.883400E+1	4.140000E+2	1.210500E-7	1.210067E-7	4.038956E-9	3.738669E-9	3.678738E-9	3.621122E-9	3.608175E-9	3.619716E-9	3.673459E-9	3.727476E-9	4.166038E-9	3.886729E-9	3.703088E-9	3.666241E-9	3.589393E-9	3.648051E-9	3.679791E-9	3.746273E-9	3.898188E-9	3.817917E-9	3.689676E-9	3.655817E-9	3.717147E-9	3.682457E-9	3.745207E-9	3.815440E-9	4.122442E-9	3.921847E-9	3.879883E-9	3.838587E-9	3.787980E-9	3.807881E-9	3.866573E-9	3.967753E-9
   0:54:47	1	2.883400E+1	4.150000E+2	1.253900E-7	1.253794E-7	4.190815E-9	3.877638E-9	3.811799E-9	3.749910E-9	3.732985E-9	3.750526E-9	3.801435E-9	3.862101E-9	4.320008E-9	4.029296E-9	3.840671E-9	3.797844E-9	3.720767E-9	3.771298E-9	3.810976E-9	3.876267E-9	4.041679E-9	3.952482E-9	3.822964E-9	3.789158E-9	3.846185E-9	3.816694E-9	3.874485E-9	3.955743E-9	4.277998E-9	4.065985E-9	4.021258E-9	3.976740E-9	3.926270E-9	3.945952E-9	4.010518E-9	4.110903E-9
   0:55:11	1	2.883400E+1	4.160000E+2	1.299800E-7	1.300259E-7	4.350050E-9	4.019319E-9	3.956428E-9	3.887684E-9	3.870214E-9	3.884540E-9	3.938885E-9	4.001610E-9	4.480190E-9	4.178372E-9	3.979454E-9	3.937087E-9	3.856447E-9	3.906977E-9	3.951918E-9	4.018664E-9	4.198918E-9	4.099132E-9	3.964693E-9	3.928141E-9	3.987844E-9	3.954646E-9	4.022024E-9	4.102026E-9	4.441875E-9	4.227018E-9	4.170462E-9	4.121921E-9	4.071129E-9	4.093021E-9	4.160360E-9	4.264819E-9
   0:55:35	1	2.883400E+1	4.170000E+2	1.350400E-7	1.349887E-7	4.521330E-9	4.174933E-9	4.102447E-9	4.030332E-9	4.013969E-9	4.033013E-9	4.090170E-9	4.152659E-9	4.659768E-9	4.336993E-9	4.131009E-9	4.080688E-9	3.996435E-9	4.056160E-9	4.095265E-9	4.175366E-9	4.361478E-9	4.256105E-9	4.113792E-9	4.078033E-9	4.134678E-9	4.105448E-9	4.177018E-9	4.260459E-9	4.614326E-9	4.390059E-9	4.334759E-9	4.276221E-9	4.227355E-9	4.252004E-9	4.320802E-9	4.435637E-9
   0:55:59	1	2.883400E+1	4.180000E+2	1.407600E-7	1.406803E-7	4.714178E-9	4.350791E-9	4.271604E-9	4.197916E-9	4.178566E-9	4.198961E-9	4.257942E-9	4.329837E-9	4.855572E-9	4.515202E-9	4.303685E-9	4.254854E-9	4.169045E-9	4.226928E-9	4.269970E-9	4.345170E-9	4.554255E-9	4.435357E-9	4.288907E-9	4.252061E-9	4.305869E-9	4.280380E-9	4.349643E-9	4.446963E-9	4.820699E-9	4.576276E-9	4.516987E-9	4.456668E-9	4.404103E-9	4.426192E-9	4.502630E-9	4.623043E-9
   0:56:24	1	2.883400E+1	4.190000E+2	1.463600E-7	1.463344E-7	4.910179E-9	4.524880E-9	4.445879E-9	4.364675E-9	4.347855E-9	4.364720E-9	4.426976E-9	4.497374E-9	5.058159E-9	4.699857E-9	4.474272E-9	4.422768E-9	4.322400E-9	4.389931E-9	4.434031E-9	4.524211E-9	4.743612E-9	4.613098E-9	4.460557E-9	4.414929E-9	4.479268E-9	4.452916E-9	4.524163E-9	4.620942E-9	5.021777E-9	4.765004E-9	4.697257E-9	4.632430E-9	4.585144E-9	4.606781E-9	4.689727E-9	4.818679E-9
   0:56:48	1	2.883400E+1	4.200000E+2	1.525100E-7	1.523705E-7	5.118288E-9	4.717317E-9	4.621734E-9	4.542130E-9	4.518725E-9	4.542484E-9	4.607191E-9	4.681842E-9	5.266199E-9	4.885902E-9	4.659400E-9	4.603689E-9	4.503625E-9	4.568459E-9	4.619440E-9	4.708316E-9	4.943801E-9	4.807456E-9	4.641970E-9	4.603939E-9	4.661562E-9	4.630049E-9	4.709486E-9	4.817013E-9	5.235656E-9	4.969685E-9	4.892050E-9	4.824084E-9	4.771680E-9	4.799155E-9	4.879835E-9	5.018368E-9
   0:57:12	1	2.883400E+1	4.210000E+2	1.593900E-7	1.593709E-7	5.358750E-9	4.938192E-9	4.832735E-9	4.744140E-9	4.721400E-9	4.743946E-9	4.810019E-9	4.891612E-9	5.516201E-9	5.110117E-9	4.870137E-9	4.810819E-9	4.707336E-9	4.772482E-9	4.825625E-9	4.924128E-9	5.178454E-9	5.035612E-9	4.859728E-9	4.807179E-9	4.865439E-9	4.846868E-9	4.927982E-9	5.045249E-9	5.483519E-9	5.201435E-9	5.118477E-9	5.047015E-9	4.991682E-9	5.024035E-9	5.106949E-9	5.253640E-9
   0:57:36	1	2.883300E+1	4.220000E+2	1.662800E-7	1.663388E-7	5.605138E-9	5.148916E-9	5.040259E-9	4.950581E-9	4.921542E-9	4.944339E-9	5.017143E-9	5.108991E-9	5.766646E-9	5.330794E-9	5.085298E-9	5.008980E-9	4.907880E-9	4.981049E-9	5.040236E-9	5.134498E-9	5.414754E-9	5.251243E-9	5.073959E-9	5.026969E-9	5.078274E-9	5.057135E-9	5.143635E-9	5.261150E-9	5.729744E-9	5.435572E-9	5.336822E-9	5.264945E-9	5.208338E-9	5.243022E-9	5.335694E-9	5.485237E-9
   0:58:01	1	2.883300E+1	4.230000E+2	1.740100E-7	1.739435E-7	5.860545E-9	5.392112E-9	5.269593E-9	5.169488E-9	5.139231E-9	5.167047E-9	5.242270E-9	5.329351E-9	6.035283E-9	5.575863E-9	5.318418E-9	5.243011E-9	5.123308E-9	5.197440E-9	5.264854E-9	5.372841E-9	5.671137E-9	5.494820E-9	5.303309E-9	5.248014E-9	5.301522E-9	5.281388E-9	5.377802E-9	5.502793E-9	6.010458E-9	5.686037E-9	5.590590E-9	5.503199E-9	5.448613E-9	5.484250E-9	5.584571E-9	5.754317E-9
   0:58:25	1	2.883300E+1	4.240000E+2	1.819900E-7	1.819709E-7	6.144014E-9	5.638145E-9	5.514096E-9	5.404978E-9	5.373838E-9	5.397425E-9	5.479334E-9	5.578183E-9	6.319136E-9	5.831991E-9	5.557164E-9	5.473820E-9	5.357108E-9	5.436362E-9	5.502268E-9	5.617829E-9	5.943800E-9	5.747333E-9	5.545634E-9	5.493821E-9	5.542941E-9	5.522900E-9	5.623973E-9	5.764454E-9	6.299435E-9	5.964262E-9	5.842590E-9	5.758864E-9	5.694190E-9	5.737771E-9	5.849756E-9	6.013456E-9
   0:58:49	1	2.883300E+1	4.250000E+2	1.913700E-7	1.914540E-7	6.472261E-9	5.932476E-9	5.795958E-9	5.676350E-9	5.645065E-9	5.665706E-9	5.762258E-9	5.860308E-9	6.659592E-9	6.137727E-9	5.846618E-9	5.757044E-9	5.632397E-9	5.717248E-9	5.783579E-9	5.915790E-9	6.265307E-9	6.059388E-9	5.835013E-9	5.765455E-9	5.829920E-9	5.804853E-9	5.919682E-9	6.072944E-9	6.644590E-9	6.278917E-9	6.154574E-9	6.059736E-9	5.988137E-9	6.028106E-9	6.150316E-9	6.336671E-9
   0:59:13	1	2.883300E+1	4.260000E+2	2.010400E-7	2.009766E-7	6.806811E-9	6.234122E-9	6.081611E-9	5.956329E-9	5.908624E-9	5.940147E-9	6.039243E-9	6.146490E-9	7.004422E-9	6.443402E-9	6.130760E-9	6.033067E-9	5.897487E-9	5.985702E-9	6.062927E-9	6.205206E-9	6.597903E-9	6.356401E-9	6.130187E-9	6.055959E-9	6.107748E-9	6.091404E-9	6.215454E-9	6.370673E-9	6.998573E-9	6.599535E-9	6.459867E-9	6.356431E-9	6.293642E-9	6.332701E-9	6.470823E-9	6.662922E-9
   0:59:38	1	2.883300E+1	4.270000E+2	2.115100E-7	2.115306E-7	7.189543E-9	6.551660E-9	6.395334E-9	6.255864E-9	6.216027E-9	6.235896E-9	6.337518E-9	6.461527E-9	7.381895E-9	6.773342E-9	6.451070E-9	6.347931E-9	6.202294E-9	6.290949E-9	6.376990E-9	6.532660E-9	6.955583E-9	6.703828E-9	6.450622E-9	6.364207E-9	6.421166E-9	6.410965E-9	6.540610E-9	6.720014E-9	7.386477E-9	6.960286E-9	6.802916E-9	6.683895E-9	6.623331E-9	6.670243E-9	6.813029E-9	7.022917E-9
   1:00:02	1	2.883200E+1	4.280000E+2	2.228200E-7	2.229243E-7	7.577508E-9	6.912827E-9	6.735856E-9	6.586156E-9	6.537052E-9	6.568169E-9	6.674639E-9	6.809030E-9	7.791824E-9	7.140376E-9	6.796038E-9	6.685841E-9	6.529462E-9	6.620364E-9	6.702769E-9	6.873149E-9	7.350261E-9	7.059059E-9	6.794550E-9	6.708625E-9	6.766196E-9	6.754272E-9	6.885352E-9	7.085469E-9	7.806541E-9	7.344337E-9	7.173118E-9	7.045739E-9	6.975753E-9	7.030976E-9	7.190046E-9	7.412988E-9
   1:00:26	1	2.883200E+1	4.290000E+2	2.364100E-7	2.364252E-7	8.061709E-9	7.334022E-9	7.139020E-9	6.977583E-9	6.917313E-9	6.947962E-9	7.065009E-9	7.212526E-9	8.289608E-9	7.578505E-9	7.208152E-9	7.076669E-9	6.905022E-9	7.009541E-9	7.111719E-9	7.287559E-9	7.814498E-9	7.491957E-9	7.209155E-9	7.112848E-9	7.162462E-9	7.157862E-9	7.299913E-9	7.516576E-9	8.307438E-9	7.808464E-9	7.603493E-9	7.474759E-9	7.382417E-9	7.456784E-9	7.624704E-9	7.879984E-9
   1:00:50	1	2.883200E+1	4.300000E+2	2.503500E-7	2.503466E-7	8.548624E-9	7.767386E-9	7.552046E-9	7.366478E-9	7.309612E-9	7.341833E-9	7.471865E-9	7.632574E-9	8.786635E-9	8.017835E-9	7.608949E-9	7.471098E-9	7.306617E-9	7.409192E-9	7.517564E-9	7.717917E-9	8.307877E-9	7.942291E-9	7.632766E-9	7.527290E-9	7.572422E-9	7.571594E-9	7.739432E-9	7.961719E-9	8.822209E-9	8.298907E-9	8.060262E-9	7.914481E-9	7.825454E-9	7.896343E-9	8.087586E-9	8.359705E-9
   1:01:15	1	2.883100E+1	4.310000E+2	2.657600E-7	2.657649E-7	9.111654E-9	8.246462E-9	8.007866E-9	7.804357E-9	7.735109E-9	7.766632E-9	7.924138E-9	8.090922E-9	9.343560E-9	8.509619E-9	8.085049E-9	7.917119E-9	7.739186E-9	7.862359E-9	7.966104E-9	8.183274E-9	8.848456E-9	8.438697E-9	8.096566E-9	7.988938E-9	8.030904E-9	8.032004E-9	8.215473E-9	8.459863E-9	9.417940E-9	8.814977E-9	8.548099E-9	8.390295E-9	8.313262E-9	8.387099E-9	8.594125E-9	8.894827E-9
   1:01:39	1	2.883100E+1	4.320000E+2	2.844500E-7	2.844704E-7	9.778927E-9	8.838471E-9	8.552945E-9	8.341025E-9	8.263116E-9	8.300742E-9	8.456446E-9	8.639636E-9	1.003810E-8	9.095370E-9	8.636835E-9	8.462160E-9	8.257521E-9	8.381033E-9	8.516568E-9	8.766793E-9	9.513199E-9	9.056827E-9	8.679043E-9	8.528323E-9	8.571357E-9	8.588227E-9	8.794068E-9	9.073067E-9	1.013316E-8	9.464253E-9	9.164365E-9	8.975197E-9	8.892192E-9	8.962703E-9	9.204402E-9	9.544354E-9
   1:02:03	1	2.883100E+1	4.330000E+2	3.038000E-7	3.039106E-7	1.047565E-8	9.449391E-9	9.132218E-9	8.883266E-9	8.802529E-9	8.833220E-9	9.005996E-9	9.223035E-9	1.075686E-8	9.728139E-9	9.217955E-9	9.030880E-9	8.790998E-9	8.931698E-9	9.075390E-9	9.342777E-9	1.020265E-8	9.683832E-9	9.260320E-9	9.116478E-9	9.145502E-9	9.165108E-9	9.388014E-9	9.716486E-9	1.088299E-8	1.013620E-8	9.800519E-9	9.586564E-9	9.489118E-9	9.595017E-9	9.840708E-9	1.022110E-8
   1:02:27	1	2.883000E+1	4.340000E+2	3.259200E-7	3.260097E-7	1.128185E-8	1.013566E-8	9.784310E-9	9.507332E-9	9.395982E-9	9.432137E-9	9.640632E-9	9.873208E-9	1.157488E-8	1.042827E-8	9.884623E-9	9.653655E-9	9.437667E-9	9.551719E-9	9.721818E-9	1.001211E-8	1.099055E-8	1.040808E-8	9.927454E-9	9.758044E-9	9.807734E-9	9.813927E-9	1.007996E-8	1.042247E-8	1.176070E-8	1.090519E-8	1.051150E-8	1.027980E-8	1.018203E-8	1.027884E-8	1.057286E-8	1.099473E-8
   1:02:52	1	2.883000E+1	4.350000E+2	3.512100E-7	3.511385E-7	1.221261E-8	1.091475E-8	1.051770E-8	1.020158E-8	1.007756E-8	1.011453E-8	1.034747E-8	1.061115E-8	1.251428E-8	1.122782E-8	1.061452E-8	1.036958E-8	1.011018E-8	1.025838E-8	1.043913E-8	1.078315E-8	1.190464E-8	1.120993E-8	1.069815E-8	1.050255E-8	1.053641E-8	1.057865E-8	1.086132E-8	1.125749E-8	1.273046E-8	1.179099E-8	1.132843E-8	1.106509E-8	1.095848E-8	1.108180E-8	1.141796E-8	1.190175E-8
   1:03:16	1	2.883000E+1	4.360000E+2	3.823800E-7	3.824135E-7	1.336604E-8	1.190556E-8	1.141511E-8	1.106291E-8	1.092957E-8	1.096627E-8	1.120932E-8	1.150933E-8	1.369806E-8	1.223735E-8	1.153106E-8	1.125063E-8	1.095505E-8	1.112622E-8	1.134172E-8	1.173646E-8	1.305080E-8	1.222936E-8	1.164269E-8	1.143381E-8	1.143950E-8	1.149198E-8	1.181744E-8	1.228676E-8	1.399103E-8	1.291186E-8	1.234615E-8	1.203786E-8	1.194565E-8	1.207237E-8	1.245342E-8	1.302213E-8
   1:03:40	1	2.883000E+1	4.370000E+2	4.164700E-7	4.164816E-7	1.463488E-8	1.297116E-8	1.240893E-8	1.198841E-8	1.184354E-8	1.186779E-8	1.214816E-8	1.249946E-8	1.499643E-8	1.331261E-8	1.253795E-8	1.219654E-8	1.188968E-8	1.207092E-8	1.230576E-8	1.276768E-8	1.432200E-8	1.335491E-8	1.269350E-8	1.242293E-8	1.240890E-8	1.249525E-8	1.287423E-8	1.341983E-8	1.537645E-8	1.412193E-8	1.345935E-8	1.313125E-8	1.298959E-8	1.314710E-8	1.357739E-8	1.424711E-8
   1:04:04	1	2.883000E+1	4.380000E+2	4.565500E-7	4.566617E-7	1.616265E-8	1.421495E-8	1.355831E-8	1.306422E-8	1.289608E-8	1.294072E-8	1.325428E-8	1.365021E-8	1.656312E-8	1.458460E-8	1.372897E-8	1.333108E-8	1.296512E-8	1.315869E-8	1.341840E-8	1.397559E-8	1.584719E-8	1.469950E-8	1.389725E-8	1.359730E-8	1.356615E-8	1.367850E-8	1.409807E-8	1.475891E-8	1.705361E-8	1.557021E-8	1.478369E-8	1.435152E-8	1.423763E-8	1.443150E-8	1.493110E-8	1.569261E-8
   1:04:29	1	2.883000E+1	4.390000E+2	5.046400E-7	5.045325E-7	1.800473E-8	1.572804E-8	1.492887E-8	1.434932E-8	1.411099E-8	1.418338E-8	1.455734E-8	1.503357E-8	1.843098E-8	1.611846E-8	1.511219E-8	1.463391E-8	1.423983E-8	1.446102E-8	1.479278E-8	1.542641E-8	1.768209E-8	1.628482E-8	1.533206E-8	1.499572E-8	1.491832E-8	1.505261E-8	1.556215E-8	1.633649E-8	1.911048E-8	1.730431E-8	1.633199E-8	1.586822E-8	1.571229E-8	1.592899E-8	1.654743E-8	1.745271E-8
   1:04:53	1	2.883000E+1	4.400000E+2	5.673800E-7	5.673246E-7	2.045815E-8	1.769208E-8	1.667871E-8	1.598667E-8	1.572656E-8	1.576937E-8	1.622488E-8	1.681662E-8	2.090951E-8	1.813406E-8	1.692112E-8	1.633830E-8	1.586686E-8	1.610614E-8	1.652157E-8	1.732619E-8	2.015330E-8	1.835182E-8	1.724893E-8	1.677248E-8	1.667836E-8	1.688291E-8	1.748041E-8	1.849863E-8	2.185136E-8	1.962640E-8	1.844113E-8	1.778920E-8	1.764092E-8	1.791730E-8	1.870479E-8	1.980991E-8
