APD#	0014	Started	04/25/07 13:38	Sense_ohms	1.004464E+6	1.004628E+6	1.002105E+6	1.000924E+6	9.998282E+5	1.007735E+6	1.002821E+6	9.989270E+5	9.993226E+5	1.002376E+6	1.001862E+6	1.003102E+6	1.000030E+6	1.003780E+6	1.000011E+6	1.000898E+6	9.999006E+5	1.006439E+6	1.005624E+6	1.010450E+6	1.003884E+6	1.005600E+6	1.002519E+6	1.006362E+6	1.004620E+6	1.008599E+6	1.003214E+6	1.000475E+6	1.003139E+6	9.996927E+5	1.009944E+6	1.000506E+6	
ElapTime	Shutter_Open	DegC	BiasV	KE237_Amps	Pixel_Sum	A1	A2	A3	A4	A5	A6	A7	A8	B1	B2	B3	B4	B5	B6	B7	B8	C1	C2	C3	C4	C5	C6	C7	C8	D1	D2	D3	D4	D5	D6	D7	D8
   0:00:00	0	2.602845E+1	0.000000E+0	-3.093400E-10	-3.136145E-11	4.162419E-12	-5.046644E-13	3.792018E-13	-4.425910E-13	-5.070871E-13	-3.145668E-13	-2.084121E-12	-1.458565E-12	-1.270861E-13	6.953479E-13	-2.908584E-12	-8.842570E-13	1.709949E-12	-3.786686E-12	-1.456984E-12	-1.708466E-12	-2.534252E-12	-2.076629E-12	-1.448852E-12	-2.758177E-12	-2.081914E-12	2.515911E-13	1.266809E-13	-8.177972E-13	-2.395931E-12	-1.758875E-12	-1.893913E-13	-1.836128E-12	-1.704649E-12	-1.077331E-12	-1.380275E-12	-4.427760E-13
   0:00:13	0	2.612954E+1	0.000000E+0	-1.705800E-10	-2.960267E-10	4.477015E-12	-9.269103E-12	-8.596904E-12	-8.100515E-12	-7.856350E-12	-8.171791E-12	-8.843054E-12	-8.243846E-12	-8.938055E-12	-9.794728E-12	-1.055934E-11	-8.082927E-12	-2.343930E-12	-1.243201E-11	-8.931902E-12	-1.335401E-11	-1.374737E-11	-1.221038E-11	-1.379541E-11	-1.272601E-11	-1.022230E-11	-9.385442E-12	-9.730489E-12	-9.693331E-12	-1.059306E-11	-9.860212E-12	-7.892633E-12	-1.025713E-11	-8.082629E-12	-8.870726E-12	-9.408442E-12	-1.050968E-11
   0:00:27	0	2.613440E+1	1.000000E+1	7.895000E-10	2.166410E-10	1.664868E-11	5.863862E-12	8.153836E-12	7.847749E-12	8.172404E-12	1.099992E-11	8.274657E-12	1.090670E-11	7.670196E-12	6.129436E-12	6.955050E-12	8.904379E-12	1.190864E-11	5.868816E-12	7.220921E-12	7.278464E-12	1.457145E-12	2.832760E-12	2.267249E-12	1.943688E-12	4.984640E-12	5.858194E-12	7.645740E-12	7.238946E-12	3.278852E-12	4.458660E-12	1.029192E-11	3.609286E-12	4.420125E-12	4.942519E-12	5.832997E-12	6.774572E-12
   0:00:41	0	2.614003E+1	2.000000E+1	1.078300E-9	4.497705E-10	2.453149E-11	1.683509E-11	1.175725E-11	1.537879E-11	1.520561E-11	2.036647E-11	1.560199E-11	1.991136E-11	1.413558E-11	1.560891E-11	1.669192E-11	1.604024E-11	2.026939E-11	1.388352E-11	1.279586E-11	1.784697E-11	5.891586E-12	9.629992E-12	6.929031E-12	8.337869E-12	1.079009E-11	1.196897E-11	1.390098E-11	1.812767E-11	1.034122E-11	9.232609E-12	1.237622E-11	1.051001E-11	1.294536E-11	1.305301E-11	1.292052E-11	1.595493E-11
   0:00:55	0	2.612391E+1	3.000000E+1	1.527700E-9	6.536729E-10	3.228886E-11	2.055487E-11	1.984822E-11	2.246624E-11	2.147769E-11	2.973202E-11	2.343489E-11	2.815521E-11	2.053791E-11	2.388724E-11	2.333056E-11	2.216524E-11	2.552723E-11	2.013091E-11	1.836980E-11	2.797288E-11	8.552850E-12	1.164402E-11	1.322761E-11	1.366619E-11	1.823617E-11	1.839399E-11	2.186193E-11	2.536662E-11	1.469113E-11	1.545014E-11	1.723760E-11	1.785452E-11	1.831252E-11	1.983309E-11	1.793862E-11	2.152611E-11
   0:01:09	0	2.611555E+1	4.000000E+1	1.941900E-9	8.738799E-10	3.771166E-11	2.749077E-11	2.560111E-11	2.936487E-11	2.800281E-11	3.840692E-11	2.867810E-11	3.817496E-11	2.630582E-11	3.102828E-11	3.205631E-11	2.961713E-11	3.217803E-11	2.789257E-11	2.305775E-11	3.537823E-11	1.286028E-11	1.711977E-11	2.047187E-11	1.843040E-11	2.309430E-11	2.570107E-11	2.818101E-11	3.732553E-11	2.219446E-11	2.016064E-11	1.887932E-11	2.285614E-11	2.475330E-11	2.686626E-11	3.023138E-11	3.380889E-11
   0:01:23	0	2.612938E+1	5.000000E+1	2.240200E-9	1.109608E-9	4.420766E-11	3.430125E-11	3.179507E-11	3.518749E-11	3.750644E-11	4.550998E-11	3.543603E-11	4.635474E-11	3.435627E-11	3.943331E-11	4.014924E-11	3.605815E-11	3.806886E-11	3.332005E-11	3.053166E-11	4.404844E-11	1.925891E-11	2.385440E-11	2.689673E-11	2.451185E-11	2.990883E-11	3.218874E-11	3.576291E-11	4.613847E-11	2.938325E-11	2.600141E-11	3.081297E-11	2.741498E-11	3.271032E-11	3.599106E-11	3.907543E-11	4.343302E-11
   0:01:37	0	2.615051E+1	6.000000E+1	2.549400E-9	1.230883E-9	4.553175E-11	3.738996E-11	3.565095E-11	4.069340E-11	3.858363E-11	5.141828E-11	3.947963E-11	5.060330E-11	3.657478E-11	4.385680E-11	4.337424E-11	3.997300E-11	4.389668E-11	3.666441E-11	3.059566E-11	4.854241E-11	2.128612E-11	2.593103E-11	3.055019E-11	2.852392E-11	3.331660E-11	3.760640E-11	4.100770E-11	5.123703E-11	3.310306E-11	3.115113E-11	3.618072E-11	3.210075E-11	3.485659E-11	4.017335E-11	4.177261E-11	4.925708E-11
   0:01:51	0	2.602943E+1	7.000000E+1	2.616800E-9	1.334450E-9	4.900026E-11	4.211907E-11	3.912764E-11	4.322506E-11	4.263833E-11	5.405885E-11	4.371169E-11	5.434531E-11	3.961784E-11	5.005008E-11	4.742070E-11	4.458270E-11	4.560663E-11	3.868378E-11	3.673960E-11	5.069348E-11	2.236322E-11	2.819644E-11	3.382576E-11	3.172052E-11	3.546226E-11	3.811058E-11	4.359818E-11	5.627200E-11	3.512074E-11	3.391437E-11	3.895879E-11	3.507634E-11	3.719325E-11	4.568604E-11	4.509656E-11	5.223357E-11
   0:02:05	0	2.602966E+1	8.000000E+1	2.902500E-9	1.440028E-9	5.108097E-11	4.369578E-11	4.077118E-11	4.695861E-11	4.770720E-11	5.902445E-11	4.806940E-11	5.814939E-11	4.259686E-11	5.099783E-11	5.083435E-11	4.691946E-11	5.105447E-11	4.316484E-11	3.908357E-11	5.309832E-11	2.610059E-11	3.040025E-11	3.659718E-11	3.266169E-11	3.855426E-11	4.270883E-11	4.656770E-11	6.155936E-11	3.783222E-11	3.799726E-11	4.173686E-11	3.862165E-11	4.009813E-11	4.974129E-11	4.961265E-11	5.603165E-11
   0:02:19	0	2.602852E+1	9.000000E+1	3.044200E-9	1.544508E-9	5.316268E-11	4.703731E-11	4.532260E-11	5.145146E-11	4.859435E-11	6.160151E-11	5.198635E-11	6.334997E-11	4.595613E-11	5.542132E-11	5.380581E-11	5.096092E-11	5.371439E-11	4.550001E-11	4.307353E-11	5.563004E-11	2.800078E-11	3.493108E-11	3.905436E-11	3.849176E-11	4.183551E-11	4.434666E-11	5.111724E-11	6.464374E-11	4.136290E-11	4.063458E-11	4.502030E-11	4.166121E-11	4.287641E-11	5.132477E-11	5.312473E-11	5.951389E-11
   0:02:33	0	2.602921E+1	1.000000E+2	3.232500E-9	1.663595E-9	5.663120E-11	5.113634E-11	4.886314E-11	5.474242E-11	5.252202E-11	6.663061E-11	5.482833E-11	6.696385E-11	4.963262E-11	5.997151E-11	5.880151E-11	5.576103E-11	5.840225E-11	4.789795E-11	4.719148E-11	5.898403E-11	3.091507E-11	3.587599E-11	4.050321E-11	4.231580E-11	4.423320E-11	4.736973E-11	5.364487E-11	7.163029E-11	4.754235E-11	4.415134E-11	4.887193E-11	4.381419E-11	4.666552E-11	5.582415E-11	5.682493E-11	6.445239E-11
   0:02:48	0	2.602898E+1	1.200000E+2	3.568900E-9	1.894263E-9	6.161296E-11	5.876504E-11	5.682738E-11	6.176793E-11	6.240572E-11	7.561909E-11	6.430360E-11	7.577831E-11	5.609800E-11	6.648104E-11	6.657803E-11	6.258087E-11	6.505305E-11	5.389328E-11	5.396941E-11	6.683198E-11	3.553953E-11	4.078439E-11	4.749489E-11	4.983819E-11	5.123700E-11	5.474045E-11	6.141629E-11	8.050582E-11	5.101033E-11	5.068318E-11	5.461746E-11	5.141158E-11	5.405333E-11	6.526506E-11	6.422633E-11	7.287313E-11
   0:03:02	0	2.602936E+1	1.400000E+2	3.937100E-9	2.196291E-9	6.974765E-11	6.589006E-11	6.485548E-11	7.277975E-11	7.355564E-11	8.592735E-11	7.504231E-11	8.712949E-11	6.554340E-11	7.905616E-11	7.897096E-11	7.363159E-11	7.449177E-11	6.127638E-11	6.283731E-11	7.449011E-11	4.136811E-11	4.871532E-11	5.536861E-11	5.817606E-11	5.887234E-11	6.267701E-11	7.304300E-11	9.164694E-11	6.147698E-11	6.079522E-11	6.320486E-11	6.008546E-11	6.219975E-11	7.717772E-11	7.363478E-11	8.262319E-11
   0:03:16	0	2.603057E+1	1.600000E+2	4.361600E-9	2.594659E-9	7.914470E-11	7.868982E-11	7.850874E-11	8.784183E-11	8.686092E-11	1.013907E-10	8.893910E-11	1.024119E-10	7.822099E-11	9.523472E-11	9.098359E-11	8.866097E-11	8.716039E-11	7.276196E-11	7.455618E-11	8.531239E-11	5.004697E-11	5.746399E-11	6.368384E-11	7.090207E-11	7.004096E-11	7.263027E-11	8.681731E-11	1.072576E-10	7.244829E-11	7.398381E-11	7.608646E-11	7.015268E-11	7.388109E-11	9.016771E-11	8.586516E-11	9.655214E-11
   0:03:30	0	2.603019E+1	1.800000E+2	4.889000E-9	3.106439E-9	9.081162E-11	9.344454E-11	9.494414E-11	1.040429E-10	1.054871E-10	1.220718E-10	1.082676E-10	1.218798E-10	9.400368E-11	1.140660E-10	1.100152E-10	1.048268E-10	1.030589E-10	8.563530E-11	8.874502E-11	1.015768E-10	6.107007E-11	6.797431E-11	7.590412E-11	8.619823E-11	8.259719E-11	8.566925E-11	1.048249E-10	1.265807E-10	8.959905E-11	8.974825E-11	9.098757E-11	8.547540E-11	9.099437E-11	1.090495E-10	1.028631E-10	1.140263E-10
   0:03:45	0	2.602784E+1	2.000000E+2	5.450200E-9	3.693649E-9	1.056315E-10	1.115408E-10	1.150458E-10	1.258137E-10	1.289922E-10	1.426893E-10	1.301229E-10	1.440105E-10	1.115626E-10	1.393439E-10	1.299949E-10	1.268027E-10	1.221253E-10	9.983463E-11	1.053408E-10	1.159439E-10	7.228318E-11	8.188474E-11	8.686447E-11	1.046920E-10	9.900347E-11	1.004097E-10	1.246650E-10	1.486751E-10	1.037865E-10	1.085892E-10	1.085411E-10	1.015568E-10	1.096857E-10	1.322416E-10	1.207384E-10	1.352366E-10
   0:03:59	0	2.602845E+1	2.200000E+2	6.093000E-9	4.391129E-9	1.184333E-10	1.323485E-10	1.369168E-10	1.501782E-10	1.538274E-10	1.692151E-10	1.556429E-10	1.671564E-10	1.317833E-10	1.675290E-10	1.568669E-10	1.516835E-10	1.451816E-10	1.172518E-10	1.254846E-10	1.364495E-10	8.584053E-11	9.522783E-11	1.052570E-10	1.263823E-10	1.165453E-10	1.170396E-10	1.500660E-10	1.756147E-10	1.242788E-10	1.315131E-10	1.304507E-10	1.200450E-10	1.314713E-10	1.594880E-10	1.442585E-10	1.617012E-10
   0:04:13	0	2.603050E+1	2.400000E+2	6.933600E-9	5.240991E-9	1.365325E-10	1.573806E-10	1.642243E-10	1.774550E-10	1.860120E-10	1.981305E-10	1.884893E-10	1.974679E-10	1.587235E-10	2.024759E-10	1.873422E-10	1.819326E-10	1.725458E-10	1.361205E-10	1.507593E-10	1.587894E-10	1.028822E-10	1.139841E-10	1.231464E-10	1.515216E-10	1.383148E-10	1.388972E-10	1.797003E-10	2.087867E-10	1.487438E-10	1.579538E-10	1.586760E-10	1.451810E-10	1.593189E-10	1.938946E-10	1.702877E-10	1.953202E-10
   0:04:27	0	2.602974E+1	2.600000E+2	7.917600E-9	6.256700E-9	1.587931E-10	1.847450E-10	1.951981E-10	2.136546E-10	2.210480E-10	2.325770E-10	2.236102E-10	2.343745E-10	1.884517E-10	2.450687E-10	2.219907E-10	2.217162E-10	2.025069E-10	1.586493E-10	1.806580E-10	1.874587E-10	1.197969E-10	1.367048E-10	1.473980E-10	1.859379E-10	1.655112E-10	1.644093E-10	2.151470E-10	2.464272E-10	1.758565E-10	1.947573E-10	1.896784E-10	1.746850E-10	1.943649E-10	2.365387E-10	2.040321E-10	2.349541E-10
   0:04:42	0	2.602860E+1	2.800000E+2	9.097700E-9	7.520645E-9	1.827572E-10	2.179742E-10	2.357797E-10	2.560564E-10	2.682481E-10	2.779610E-10	2.696583E-10	2.825041E-10	2.281325E-10	2.991003E-10	2.652381E-10	2.669938E-10	2.422867E-10	1.891929E-10	2.197406E-10	2.223943E-10	1.444404E-10	1.649022E-10	1.780119E-10	2.224860E-10	1.961770E-10	1.960949E-10	2.603252E-10	2.895439E-10	2.131841E-10	2.369624E-10	2.337517E-10	2.109648E-10	2.380627E-10	2.878004E-10	2.409747E-10	2.829448E-10
   0:04:56	0	2.602928E+1	3.000000E+2	1.056600E-8	9.185273E-9	2.155508E-10	2.630576E-10	2.912799E-10	3.142167E-10	3.307798E-10	3.401906E-10	3.277714E-10	3.455998E-10	2.795404E-10	3.706374E-10	3.235965E-10	3.301429E-10	2.903643E-10	2.297067E-10	2.691490E-10	2.690374E-10	1.733292E-10	2.012174E-10	2.137896E-10	2.690019E-10	2.397159E-10	2.362202E-10	3.221206E-10	3.494041E-10	2.577631E-10	2.915400E-10	2.872956E-10	2.564882E-10	2.983046E-10	3.575649E-10	2.905240E-10	3.503727E-10
   0:05:10	0	2.603057E+1	3.200000E+2	1.292300E-8	1.146730E-8	2.632897E-10	3.268036E-10	3.660594E-10	3.930718E-10	4.201752E-10	4.251763E-10	4.092565E-10	4.337444E-10	3.502172E-10	4.698526E-10	4.074354E-10	4.179834E-10	3.651090E-10	2.817699E-10	3.373713E-10	3.310597E-10	2.098189E-10	2.488636E-10	2.652532E-10	3.308763E-10	2.941714E-10	2.902675E-10	4.039465E-10	4.295323E-10	3.240320E-10	3.664033E-10	3.599720E-10	3.185367E-10	3.827316E-10	4.485558E-10	3.558168E-10	4.401503E-10
   0:05:24	0	2.603073E+1	3.400000E+2	1.623500E-8	1.476524E-8	3.298844E-10	4.183568E-10	4.750370E-10	5.110378E-10	5.459368E-10	5.459898E-10	5.261148E-10	5.620281E-10	4.546170E-10	6.136210E-10	5.245952E-10	5.434602E-10	4.684849E-10	3.596426E-10	4.370112E-10	4.196631E-10	2.649983E-10	3.180342E-10	3.381970E-10	4.266040E-10	3.768951E-10	3.663624E-10	5.241886E-10	5.444065E-10	4.170990E-10	4.723552E-10	4.680706E-10	4.084440E-10	5.045412E-10	5.790229E-10	4.499616E-10	5.705753E-10
   0:05:39	0	2.602867E+1	3.600000E+2	2.104900E-8	1.965219E-8	4.255513E-10	5.543624E-10	6.362267E-10	6.818470E-10	7.353703E-10	7.309203E-10	7.005817E-10	7.504282E-10	6.093468E-10	8.279767E-10	6.977747E-10	7.322127E-10	6.229143E-10	4.746229E-10	5.830196E-10	5.526947E-10	3.450733E-10	4.215059E-10	4.457849E-10	5.619506E-10	4.963432E-10	4.817631E-10	7.028775E-10	7.146077E-10	5.561327E-10	6.331347E-10	6.240952E-10	5.423544E-10	6.855202E-10	7.747561E-10	5.861295E-10	7.643123E-10
   0:05:52	0	2.603057E+1	3.620000E+2	2.126500E-8	2.027201E-8	4.388579E-10	5.711348E-10	6.569601E-10	7.053902E-10	7.598255E-10	7.527951E-10	7.201634E-10	7.735110E-10	6.289971E-10	8.526860E-10	7.219907E-10	7.560198E-10	6.417907E-10	4.891371E-10	6.010094E-10	5.681998E-10	3.555903E-10	4.339687E-10	4.603987E-10	5.792528E-10	5.119914E-10	4.980151E-10	7.258137E-10	7.372675E-10	5.740399E-10	6.521650E-10	6.453738E-10	5.575502E-10	7.088838E-10	7.997848E-10	6.042553E-10	7.891947E-10
   0:06:06	0	2.603096E+1	3.640000E+2	2.187900E-8	2.090949E-8	4.505249E-10	5.875279E-10	6.780727E-10	7.265906E-10	7.854209E-10	7.744189E-10	7.441667E-10	7.975438E-10	6.496611E-10	8.821979E-10	7.445626E-10	7.796376E-10	6.635171E-10	5.057971E-10	6.197592E-10	5.875024E-10	3.645862E-10	4.473744E-10	4.733111E-10	5.964303E-10	5.283340E-10	5.128819E-10	7.495090E-10	7.598021E-10	5.937748E-10	6.716971E-10	6.663364E-10	5.760374E-10	7.320591E-10	8.242433E-10	6.220682E-10	8.141390E-10
   0:06:20	0	2.603080E+1	3.660000E+2	2.234900E-8	2.159430E-8	4.662905E-10	6.071382E-10	6.996912E-10	7.514626E-10	8.101932E-10	7.983676E-10	7.679167E-10	8.254457E-10	6.712137E-10	9.137320E-10	7.677035E-10	8.070436E-10	6.842305E-10	5.217627E-10	6.402830E-10	6.053504E-10	3.760524E-10	4.612838E-10	4.928383E-10	6.161779E-10	5.440459E-10	5.269292E-10	7.741509E-10	7.817068E-10	6.126287E-10	6.945585E-10	6.884992E-10	5.933861E-10	7.599695E-10	8.513626E-10	6.401949E-10	8.426936E-10
   0:06:34	0	2.602883E+1	3.680000E+2	2.305600E-8	2.228495E-8	4.792815E-10	6.258645E-10	7.231428E-10	7.739289E-10	8.364227E-10	8.252080E-10	7.942574E-10	8.517619E-10	6.925121E-10	9.426124E-10	7.941323E-10	8.343877E-10	7.054508E-10	5.369085E-10	6.599197E-10	6.247789E-10	3.903698E-10	4.753830E-10	5.034208E-10	6.326647E-10	5.616515E-10	5.433065E-10	7.983510E-10	8.077650E-10	6.329946E-10	7.183608E-10	7.119887E-10	6.130768E-10	7.845333E-10	8.810808E-10	6.594504E-10	8.699818E-10
   0:06:47	0	2.602754E+1	3.700000E+2	2.387200E-8	2.304944E-8	4.947315E-10	6.467349E-10	7.476692E-10	8.029141E-10	8.669599E-10	8.552546E-10	8.202820E-10	8.806149E-10	7.171058E-10	9.775593E-10	8.207518E-10	8.611627E-10	7.286971E-10	5.551465E-10	6.869674E-10	6.453475E-10	4.005058E-10	4.923766E-10	5.214364E-10	6.550448E-10	5.790032E-10	5.622047E-10	8.264691E-10	8.323764E-10	6.536133E-10	7.421641E-10	7.369295E-10	6.336540E-10	8.128863E-10	9.082011E-10	6.824685E-10	9.022075E-10
   0:07:01	0	2.602959E+1	3.720000E+2	2.459200E-8	2.382847E-8	5.092368E-10	6.684255E-10	7.731435E-10	8.282917E-10	8.957239E-10	8.826606E-10	8.471911E-10	9.114970E-10	7.417004E-10	1.010862E-9	8.467374E-10	8.926739E-10	7.578983E-10	5.728158E-10	7.058442E-10	6.661698E-10	4.119089E-10	5.090552E-10	5.385064E-10	6.752942E-10	5.994477E-10	5.798419E-10	8.557234E-10	8.613938E-10	6.772581E-10	7.695467E-10	7.638909E-10	6.541683E-10	8.431972E-10	9.424806E-10	7.038568E-10	9.320284E-10
   0:07:15	0	2.602936E+1	3.740000E+2	2.528800E-8	2.466823E-8	5.265793E-10	6.906835E-10	8.015887E-10	8.582899E-10	9.282885E-10	9.142165E-10	8.777010E-10	9.425694E-10	7.694012E-10	1.047452E-9	8.784773E-10	9.255111E-10	7.828555E-10	5.911803E-10	7.327019E-10	6.883209E-10	4.272405E-10	5.257974E-10	5.567111E-10	6.999307E-10	6.220380E-10	5.989916E-10	8.866844E-10	8.897186E-10	6.993898E-10	7.936018E-10	7.890849E-10	6.774682E-10	8.757171E-10	9.769512E-10	7.275027E-10	9.655834E-10
   0:07:29	0	2.603035E+1	3.760000E+2	2.630800E-8	2.552402E-8	5.438582E-10	7.154001E-10	8.280749E-10	8.861992E-10	9.611061E-10	9.454569E-10	9.094734E-10	9.766850E-10	7.945662E-10	1.084801E-9	9.120518E-10	9.569595E-10	8.078128E-10	6.111220E-10	7.570257E-10	7.114841E-10	4.399737E-10	5.446788E-10	5.763009E-10	7.230006E-10	6.419138E-10	6.187082E-10	9.182779E-10	9.199324E-10	7.229092E-10	8.238101E-10	8.186349E-10	7.007681E-10	9.074804E-10	1.011295E-9	7.533437E-10	1.000913E-9
   0:07:42	0	2.603019E+1	3.780000E+2	2.724900E-8	2.645703E-8	5.610116E-10	7.403059E-10	8.586685E-10	9.218292E-10	9.967122E-10	9.814753E-10	9.368252E-10	1.014733E-9	8.252460E-10	1.127772E-9	9.454356E-10	9.937753E-10	8.368239E-10	6.346600E-10	7.847704E-10	7.361659E-10	4.566984E-10	5.631201E-10	5.973396E-10	7.508981E-10	6.641883E-10	6.415115E-10	9.510074E-10	9.522856E-10	7.506520E-10	8.533292E-10	8.486903E-10	7.263470E-10	9.439160E-10	1.047602E-9	7.762995E-10	1.036937E-9
   0:07:56	0	2.602822E+1	3.800000E+2	2.816900E-8	2.744685E-8	5.825157E-10	7.675448E-10	8.919185E-10	9.554342E-10	1.033713E-9	1.017430E-9	9.766828E-10	1.051576E-9	8.564962E-10	1.167649E-9	9.788194E-10	1.030464E-9	8.684949E-10	6.580097E-10	8.140990E-10	7.626202E-10	4.737401E-10	5.867857E-10	6.196382E-10	7.772903E-10	6.891125E-10	6.662043E-10	9.868342E-10	9.858977E-10	7.796570E-10	8.859239E-10	8.806406E-10	7.536360E-10	9.791514E-10	1.087838E-9	8.043357E-10	1.076698E-9
   0:08:10	0	2.602754E+1	3.820000E+2	2.921700E-8	2.845427E-8	6.033267E-10	7.973688E-10	9.228294E-10	9.901151E-10	1.073816E-9	1.055900E-9	1.012562E-9	1.090131E-9	8.895206E-10	1.212328E-9	1.016629E-9	1.069175E-9	9.009270E-10	6.816115E-10	8.452647E-10	7.901504E-10	4.887546E-10	6.056681E-10	6.391027E-10	8.034945E-10	7.144790E-10	6.898896E-10	1.024113E-9	1.022973E-9	8.094812E-10	9.187715E-10	9.156212E-10	7.805442E-10	1.018681E-9	1.125161E-9	8.298005E-10	1.116078E-9
   0:08:24	0	2.602921E+1	3.840000E+2	3.015100E-8	2.954725E-8	6.197863E-10	8.260580E-10	9.598715E-10	1.028594E-9	1.117785E-9	1.094054E-9	1.050083E-9	1.132998E-9	9.247644E-10	1.261051E-9	1.054691E-9	1.112369E-9	9.367159E-10	7.088735E-10	8.763664E-10	8.193262E-10	5.047822E-10	6.276337E-10	6.652437E-10	8.330209E-10	7.412331E-10	7.142045E-10	1.064490E-9	1.059732E-9	8.397474E-10	9.554491E-10	9.502230E-10	8.109358E-10	1.059412E-9	1.169705E-9	8.642350E-10	1.163816E-9
   0:08:37	0	2.603004E+1	3.860000E+2	3.138400E-8	3.068739E-8	6.450754E-10	8.570167E-10	9.984303E-10	1.068464E-9	1.161120E-9	1.136547E-9	1.091520E-9	1.177324E-9	9.598182E-10	1.309331E-9	1.094271E-9	1.156132E-9	9.708579E-10	7.317809E-10	9.125360E-10	8.503374E-10	5.252442E-10	6.518020E-10	6.897469E-10	8.640526E-10	7.680509E-10	7.428033E-10	1.107834E-9	1.100205E-9	8.723458E-10	9.929437E-10	9.854557E-10	8.424029E-10	1.104561E-9	1.215645E-9	8.954695E-10	1.208262E-9
   0:08:51	0	2.603088E+1	3.880000E+2	3.279300E-8	3.191252E-8	6.687865E-10	8.906869E-10	1.039012E-9	1.110803E-9	1.207180E-9	1.182560E-9	1.136052E-9	1.223742E-9	1.001083E-9	1.363805E-9	1.140111E-9	1.200714E-9	1.007026E-9	7.601785E-10	9.487056E-10	8.827413E-10	5.439961E-10	6.778593E-10	7.170851E-10	8.965886E-10	8.002309E-10	7.728500E-10	1.150233E-9	1.142001E-9	9.060799E-10	1.033202E-9	1.028077E-9	8.757070E-10	1.152552E-9	1.264372E-9	9.301545E-10	1.258342E-9
   0:09:05	0	2.602951E+1	3.900000E+2	3.383700E-8	3.319278E-8	6.950214E-10	9.263120E-10	1.080416E-9	1.155736E-9	1.257295E-9	1.229390E-9	1.181153E-9	1.271809E-9	1.040257E-9	1.419163E-9	1.188670E-9	1.252181E-9	1.048516E-9	7.920471E-10	9.867121E-10	9.171064E-10	5.648391E-10	7.057417E-10	7.449265E-10	9.325103E-10	8.288159E-10	7.996221E-10	1.198633E-9	1.187887E-9	9.429655E-10	1.075657E-9	1.069876E-9	9.085674E-10	1.199850E-9	1.316458E-9	9.654664E-10	1.309183E-9
   0:09:19	0	2.602837E+1	3.920000E+2	3.521300E-8	3.458416E-8	7.237781E-10	9.638284E-10	1.123842E-9	1.204403E-9	1.311590E-9	1.279110E-9	1.232003E-9	1.327232E-9	1.086593E-9	1.479578E-9	1.237165E-9	1.303963E-9	1.092666E-9	8.232222E-10	1.028963E-9	9.537505E-10	5.886585E-10	7.342531E-10	7.782491E-10	9.699362E-10	8.644664E-10	8.322514E-10	1.248549E-9	1.235409E-9	9.828154E-10	1.120249E-9	1.115907E-9	9.472521E-10	1.251250E-9	1.371140E-9	1.005859E-9	1.366228E-9
   0:09:32	0	2.602814E+1	3.940000E+2	3.676900E-8	3.601611E-8	7.491299E-10	1.003363E-9	1.171062E-9	1.252880E-9	1.367344E-9	1.336815E-9	1.282725E-9	1.382782E-9	1.131218E-9	1.541825E-9	1.287431E-9	1.360671E-9	1.136373E-9	8.563530E-10	1.071656E-9	9.927355E-10	6.139990E-10	7.633309E-10	8.082951E-10	1.009869E-9	9.010643E-10	8.662669E-10	1.300361E-9	1.286458E-9	1.025692E-9	1.166223E-9	1.163074E-9	9.854949E-10	1.308398E-9	1.428675E-9	1.044182E-9	1.420359E-9
   0:09:46	0	2.602913E+1	3.960000E+2	3.831800E-8	3.760063E-8	7.823635E-10	1.044537E-9	1.223148E-9	1.310281E-9	1.426644E-9	1.392444E-9	1.336669E-9	1.442199E-9	1.182119E-9	1.610580E-9	1.346422E-9	1.420220E-9	1.187680E-9	8.936480E-10	1.119798E-9	1.035455E-9	6.410507E-10	7.976330E-10	8.427514E-10	1.051370E-9	9.399971E-10	9.041885E-10	1.359061E-9	1.340149E-9	1.069262E-9	1.219104E-9	1.217818E-9	1.029562E-9	1.369272E-9	1.490139E-9	1.086895E-9	1.488168E-9
   0:10:00	0	2.603027E+1	3.980000E+2	3.995100E-8	3.924167E-8	8.138321E-10	1.089935E-9	1.275867E-9	1.367745E-9	1.491964E-9	1.452538E-9	1.396047E-9	1.506436E-9	1.232766E-9	1.679968E-9	1.403516E-9	1.483874E-9	1.241902E-9	9.304399E-10	1.168319E-9	1.079820E-9	6.653141E-10	8.322501E-10	8.784665E-10	1.098951E-9	9.785513E-10	9.441885E-10	1.418266E-9	1.398121E-9	1.117625E-9	1.272865E-9	1.271110E-9	1.073122E-9	1.432608E-9	1.558762E-9	1.133497E-9	1.553000E-9
   0:10:14	0	2.603141E+1	4.000000E+2	4.184600E-8	4.105075E-8	8.502196E-10	1.140693E-9	1.335412E-9	1.429323E-9	1.559565E-9	1.520551E-9	1.465719E-9	1.576445E-9	1.293554E-9	1.758456E-9	1.471421E-9	1.549297E-9	1.295997E-9	9.732890E-10	1.223683E-9	1.127666E-9	6.928719E-10	8.676850E-10	9.178987E-10	1.144903E-9	1.024236E-9	9.858890E-10	1.483663E-9	1.461758E-9	1.169202E-9	1.330206E-9	1.330779E-9	1.123204E-9	1.502637E-9	1.632772E-9	1.184112E-9	1.627645E-9
   0:10:27	0	2.603027E+1	4.020000E+2	4.366300E-8	4.291732E-8	8.855987E-10	1.192775E-9	1.397613E-9	1.493939E-9	1.634515E-9	1.590324E-9	1.525791E-9	1.649876E-9	1.353266E-9	1.839219E-9	1.539897E-9	1.624002E-9	1.355412E-9	1.015570E-9	1.277525E-9	1.175765E-9	7.241040E-10	9.084068E-10	9.592840E-10	1.194929E-9	1.067206E-9	1.029858E-9	1.557653E-9	1.526780E-9	1.220275E-9	1.392319E-9	1.392342E-9	1.173096E-9	1.573740E-9	1.705261E-9	1.237363E-9	1.703621E-9
   0:10:41	0	2.602807E+1	4.040000E+2	4.581200E-8	4.500420E-8	9.269680E-10	1.248135E-9	1.464617E-9	1.566021E-9	1.714977E-9	1.668456E-9	1.599127E-9	1.729333E-9	1.417858E-9	1.928765E-9	1.612102E-9	1.705274E-9	1.420085E-9	1.065108E-9	1.339602E-9	1.231521E-9	7.588834E-10	9.519613E-10	1.006086E-9	1.254233E-9	1.118885E-9	1.080567E-9	1.633224E-9	1.599354E-9	1.284212E-9	1.461719E-9	1.459778E-9	1.231409E-9	1.653305E-9	1.789599E-9	1.294000E-9	1.789031E-9
   0:10:55	0	2.602769E+1	4.060000E+2	4.778500E-8	4.723354E-8	9.663194E-10	1.309738E-9	1.536047E-9	1.641332E-9	1.796452E-9	1.749482E-9	1.679349E-9	1.814117E-9	1.492782E-9	2.026528E-9	1.694487E-9	1.791157E-9	1.491853E-9	1.115846E-9	1.407064E-9	1.291203E-9	7.956901E-10	9.985990E-10	1.054903E-9	1.311532E-9	1.175801E-9	1.134992E-9	1.712458E-9	1.676524E-9	1.349030E-9	1.535640E-9	1.536811E-9	1.292191E-9	1.740700E-9	1.877992E-9	1.356722E-9	1.880201E-9
   0:11:09	0	2.602807E+1	4.080000E+2	5.028600E-8	4.957195E-8	1.015887E-9	1.374367E-9	1.610637E-9	1.724428E-9	1.892246E-9	1.836415E-9	1.765698E-9	1.904797E-9	1.567897E-9	2.125114E-9	1.771750E-9	1.881965E-9	1.565204E-9	1.170749E-9	1.477503E-9	1.354617E-9	8.343979E-10	1.046434E-9	1.104729E-9	1.376981E-9	1.231455E-9	1.187842E-9	1.799718E-9	1.760492E-9	1.416498E-9	1.612953E-9	1.612834E-9	1.354113E-9	1.830431E-9	1.973165E-9	1.418753E-9	1.971877E-9
   0:11:22	0	2.602974E+1	4.100000E+2	5.283200E-8	5.217027E-8	1.064446E-9	1.445870E-9	1.697742E-9	1.813787E-9	1.990954E-9	1.932275E-9	1.855015E-9	2.004037E-9	1.651125E-9	2.238359E-9	1.872092E-9	1.980352E-9	1.647994E-9	1.234801E-9	1.554719E-9	1.420563E-9	8.764001E-10	1.101569E-9	1.163877E-9	1.445124E-9	1.298972E-9	1.249385E-9	1.891906E-9	1.849936E-9	1.489135E-9	1.695227E-9	1.698581E-9	1.427242E-9	1.928940E-9	2.075625E-9	1.494519E-9	2.079700E-9
   0:11:36	0	2.603035E+1	4.110751E+2	5.421800E-8	5.360904E-8	1.094402E-9	1.482945E-9	1.744646E-9	1.863150E-9	2.047278E-9	1.986836E-9	1.902643E-9	2.060729E-9	1.695687E-9	2.296877E-9	1.928175E-9	2.037186E-9	1.695184E-9	1.263515E-9	1.595385E-9	1.458472E-9	9.002195E-10	1.134423E-9	1.193105E-9	1.483302E-9	1.334245E-9	1.279810E-9	1.945235E-9	1.904383E-9	1.534534E-9	1.744843E-9	1.744232E-9	1.463521E-9	1.987604E-9	2.132908E-9	1.533845E-9	2.139722E-9
   0:11:50	0	2.602700E+1	4.121502E+2	5.584200E-8	5.519141E-8	1.124482E-9	1.528469E-9	1.796353E-9	1.919096E-9	2.109494E-9	2.043157E-9	1.959367E-9	2.120656E-9	1.746397E-9	2.367213E-9	1.982297E-9	2.094716E-9	1.741488E-9	1.300558E-9	1.643844E-9	1.500748E-9	9.259400E-10	1.163690E-9	1.229451E-9	1.528125E-9	1.372483E-9	1.318739E-9	2.004124E-9	1.956061E-9	1.578041E-9	1.795652E-9	1.798913E-9	1.507208E-9	2.051634E-9	2.198744E-9	1.577751E-9	2.206517E-9
   0:12:04	0	2.602829E+1	4.132253E+2	5.742700E-8	5.664246E-8	1.152987E-9	1.569138E-9	1.842623E-9	1.966498E-9	2.165374E-9	2.096023E-9	2.010785E-9	2.178361E-9	1.793304E-9	2.429460E-9	2.035723E-9	2.153697E-9	1.789185E-9	1.335077E-9	1.684511E-9	1.538279E-9	9.508375E-10	1.194719E-9	1.261512E-9	1.565739E-9	1.409838E-9	1.351369E-9	2.054420E-9	2.006164E-9	1.624574E-9	1.844576E-9	1.848353E-9	1.546653E-9	2.108090E-9	2.255455E-9	1.615634E-9	2.263499E-9
   0:12:17	0	2.602754E+1	4.143005E+2	5.911900E-8	5.837901E-8	1.187357E-9	1.612960E-9	1.900525E-9	2.029658E-9	2.231327E-9	2.159887E-9	2.071866E-9	2.242599E-9	1.851177E-9	2.503460E-9	2.100470E-9	2.216026E-9	1.841950E-9	1.376727E-9	1.740001E-9	1.585681E-9	9.789023E-10	1.230973E-9	1.300882E-9	1.616957E-9	1.447130E-9	1.392125E-9	2.120956E-9	2.066339E-9	1.675774E-9	1.899719E-9	1.905118E-9	1.596102E-9	2.174078E-9	2.323698E-9	1.664243E-9	2.334346E-9
   0:12:32	0	2.602822E+1	4.153756E+2	6.085000E-8	6.021099E-8	1.223239E-9	1.665610E-9	1.958175E-9	2.091299E-9	2.299625E-9	2.232301E-9	2.136046E-9	2.314636E-9	1.908036E-9	2.582390E-9	2.162370E-9	2.286689E-9	1.901429E-9	1.419008E-9	1.791816E-9	1.631819E-9	1.007537E-9	1.268233E-9	1.339999E-9	1.665353E-9	1.495843E-9	1.435464E-9	2.186290E-9	2.134635E-9	1.731009E-9	1.960954E-9	1.966365E-9	1.645361E-9	2.249475E-9	2.398595E-9	1.714357E-9	2.407029E-9
   0:12:46	0	2.602837E+1	4.164507E+2	6.259600E-8	6.197879E-8	1.257231E-9	1.716809E-9	2.017088E-9	2.155472E-9	2.372991E-9	2.296606E-9	2.200413E-9	2.383693E-9	1.965909E-9	2.657023E-9	2.223699E-9	2.358426E-9	1.956727E-9	1.457882E-9	1.845532E-9	1.678652E-9	1.039592E-9	1.305178E-9	1.376660E-9	1.709925E-9	1.538625E-9	1.476598E-9	2.250487E-9	2.190971E-9	1.779812E-9	2.019174E-9	2.023572E-9	1.691518E-9	2.317294E-9	2.472161E-9	1.761587E-9	2.481484E-9
   0:13:00	0	2.602837E+1	4.175258E+2	6.448500E-8	6.385155E-8	1.291348E-9	1.767377E-9	2.077456E-9	2.218252E-9	2.444900E-9	2.365373E-9	2.263832E-9	2.453764E-9	2.026571E-9	2.737028E-9	2.292934E-9	2.428332E-9	2.017473E-9	1.499974E-9	1.900641E-9	1.727383E-9	1.068227E-9	1.343697E-9	1.417981E-9	1.759325E-9	1.584562E-9	1.523023E-9	2.322834E-9	2.256307E-9	1.838452E-9	2.080913E-9	2.086525E-9	1.744828E-9	2.390544E-9	2.544650E-9	1.815401E-9	2.561639E-9
   0:13:14	0	2.602829E+1	4.186009E+2	6.640200E-8	6.580734E-8	1.332024E-9	1.819710E-9	2.142502E-9	2.283754E-9	2.519596E-9	2.437786E-9	2.334010E-9	2.531381E-9	2.088501E-9	2.821582E-9	2.370387E-9	2.506321E-9	2.074419E-9	1.548187E-9	1.957017E-9	1.778457E-9	1.100409E-9	1.384356E-9	1.462831E-9	1.814053E-9	1.631192E-9	1.566677E-9	2.394613E-9	2.326238E-9	1.892489E-9	2.142462E-9	2.151563E-9	1.796114E-9	2.462784E-9	2.624743E-9	1.870722E-9	2.640463E-9
   0:13:28	0	2.602845E+1	4.196760E+2	6.860700E-8	6.802177E-8	1.374781E-9	1.880683E-9	2.211656E-9	2.357673E-9	2.608041E-9	2.519879E-9	2.414421E-9	2.615276E-9	2.158800E-9	2.918018E-9	2.444805E-9	2.589236E-9	2.148532E-9	1.596715E-9	2.022326E-9	1.837314E-9	1.137850E-9	1.434708E-9	1.510829E-9	1.871289E-9	1.689433E-9	1.619149E-9	2.473532E-9	2.403282E-9	1.956425E-9	2.218267E-9	2.221713E-9	1.856452E-9	2.550999E-9	2.716494E-9	1.932125E-9	2.731064E-9
   0:13:42	0	2.603004E+1	4.207512E+2	7.092700E-8	7.034127E-8	1.421007E-9	1.941908E-9	2.285741E-9	2.439944E-9	2.694838E-9	2.603419E-9	2.493758E-9	2.703928E-9	2.234359E-9	3.014326E-9	2.538318E-9	2.677202E-9	2.220742E-9	1.652060E-9	2.091371E-9	1.896806E-9	1.176304E-9	1.481534E-9	1.564119E-9	1.934417E-9	1.747359E-9	1.674393E-9	2.561676E-9	2.482655E-9	2.023199E-9	2.295957E-9	2.301714E-9	1.915145E-9	2.646919E-9	2.805267E-9	1.994031E-9	2.826856E-9
   0:13:56	0	2.602974E+1	4.218263E+2	7.303600E-8	7.244985E-8	1.460105E-9	2.000043E-9	2.355589E-9	2.510003E-9	2.775617E-9	2.690603E-9	2.571769E-9	2.785159E-9	2.304085E-9	3.106716E-9	2.606666E-9	2.758349E-9	2.286429E-9	1.698948E-9	2.150789E-9	1.951992E-9	1.211020E-9	1.527544E-9	1.608276E-9	1.993659E-9	1.796892E-9	1.728440E-9	2.635983E-9	2.554727E-9	2.086190E-9	2.363158E-9	2.371107E-9	1.975105E-9	2.727242E-9	2.889415E-9	2.052738E-9	2.915494E-9
   0:14:10	0	2.603073E+1	4.229014E+2	7.569300E-8	7.503524E-8	1.509484E-9	2.069401E-9	2.440483E-9	2.601832E-9	2.879140E-9	2.781057E-9	2.658939E-9	2.884021E-9	2.383764E-9	3.215475E-9	2.701508E-9	2.858630E-9	2.370359E-9	1.759783E-9	2.230476E-9	2.017939E-9	1.254353E-9	1.579280E-9	1.664527E-9	2.063119E-9	1.862705E-9	1.784314E-9	2.730129E-9	2.654619E-9	2.164378E-9	2.450519E-9	2.459696E-9	2.045068E-9	2.824993E-9	2.992573E-9	2.124179E-9	3.018504E-9
   0:14:24	0	2.599151E+1	4.239765E+2	7.817600E-8	7.754088E-8	1.559683E-9	2.145445E-9	2.522532E-9	2.686192E-9	2.975314E-9	2.873270E-9	2.752616E-9	2.980091E-9	2.468259E-9	3.320378E-9	2.795526E-9	2.954048E-9	2.448018E-9	1.818598E-9	2.302056E-9	2.086796E-9	1.295975E-9	1.631646E-9	1.718573E-9	2.130262E-9	1.923786E-9	1.843653E-9	2.822191E-9	2.728830E-9	2.232160E-9	2.532102E-9	2.538433E-9	2.114399E-9	2.928553E-9	3.094716E-9	2.192545E-9	3.124236E-9
   0:14:38	0	2.603369E+1	4.250516E+2	8.105200E-8	8.040972E-8	1.611836E-9	2.221045E-9	2.615769E-9	2.780046E-9	3.084920E-9	2.979376E-9	2.853682E-9	3.089668E-9	2.561566E-9	3.442471E-9	2.899788E-9	3.064306E-9	2.535874E-9	1.883786E-9	2.386937E-9	2.160971E-9	1.345262E-9	1.690871E-9	1.784524E-9	2.207621E-9	1.998055E-9	1.909983E-9	2.930554E-9	2.842004E-9	2.315391E-9	2.625243E-9	2.625316E-9	2.192150E-9	3.044175E-9	3.210989E-9	2.271135E-9	3.244404E-9
   0:14:52	0	2.592835E+1	4.261267E+2	8.364900E-8	8.304934E-8	1.665439E-9	2.293178E-9	2.699714E-9	2.877064E-9	3.191927E-9	3.078944E-9	2.942748E-9	3.193919E-9	2.644921E-9	3.555020E-9	2.995703E-9	3.166607E-9	2.623350E-9	1.946514E-9	2.467637E-9	2.227803E-9	1.388340E-9	1.746888E-9	1.842349E-9	2.278335E-9	2.050868E-9	1.965921E-9	3.023626E-9	2.923833E-9	2.390551E-9	2.716812E-9	2.726785E-9	2.263379E-9	3.145146E-9	3.316871E-9	2.345272E-9	3.353872E-9
   0:15:06	0	2.592591E+1	4.272018E+2	8.682700E-8	8.627613E-8	1.725350E-9	2.382777E-9	2.805088E-9	2.985980E-9	3.309516E-9	3.197872E-9	3.054425E-9	3.313960E-9	2.751223E-9	3.694237E-9	3.102810E-9	3.290569E-9	2.720898E-9	2.018329E-9	2.562083E-9	2.312167E-9	1.441935E-9	1.817947E-9	1.913844E-9	2.365976E-9	2.138958E-9	2.048062E-9	3.147154E-9	3.034615E-9	2.489797E-9	2.821508E-9	2.828759E-9	2.348980E-9	3.278576E-9	3.448796E-9	2.435151E-9	3.488792E-9
   0:15:20	0	2.592568E+1	4.282770E+2	9.039300E-8	8.969429E-8	1.792323E-9	2.473131E-9	2.911348E-9	3.104262E-9	3.446554E-9	3.321641E-9	3.180886E-9	3.444400E-9	2.858664E-9	3.836173E-9	3.241972E-9	3.421602E-9	2.828391E-9	2.096709E-9	2.659570E-9	2.400706E-9	1.499458E-9	1.885229E-9	1.985968E-9	2.457315E-9	2.222944E-9	2.123403E-9	3.268976E-9	3.156663E-9	2.588917E-9	2.935184E-9	2.954223E-9	2.442496E-9	3.408784E-9	3.588514E-9	2.529609E-9	3.628269E-9
   0:15:34	0	2.592857E+1	4.293521E+2	9.379000E-8	9.318545E-8	1.860810E-9	2.571810E-9	3.028227E-9	3.220836E-9	3.581628E-9	3.449747E-9	3.299702E-9	3.578074E-9	2.968452E-9	3.987208E-9	3.357173E-9	3.553836E-9	2.940129E-9	2.174961E-9	2.761871E-9	2.487918E-9	1.555398E-9	1.956288E-9	2.063068E-9	2.549970E-9	2.310463E-9	2.212788E-9	3.401351E-9	3.289917E-9	2.692325E-9	3.045909E-9	3.066047E-9	2.537089E-9	3.548717E-9	3.727916E-9	2.628960E-9	3.776865E-9
   0:15:48	0	2.592728E+1	4.304272E+2	9.762000E-8	9.681759E-8	1.930369E-9	2.668155E-9	3.146242E-9	3.344497E-9	3.721264E-9	3.585270E-9	3.429636E-9	3.716695E-9	3.086036E-9	4.138118E-9	3.499687E-9	3.696616E-9	3.053639E-9	2.262237E-9	2.863791E-9	2.583546E-9	1.617608E-9	2.039180E-9	2.144391E-9	2.647139E-9	2.397289E-9	2.292537E-9	3.532335E-9	3.404665E-9	2.803867E-9	3.168630E-9	3.184817E-9	2.636999E-9	3.695533E-9	3.869725E-9	2.726679E-9	3.930398E-9
   0:16:02	0	2.592667E+1	4.315023E+2	1.011500E-7	1.007195E-7	2.003460E-9	2.778875E-9	3.268558E-9	3.479234E-9	3.874713E-9	3.733051E-9	3.566391E-9	3.865969E-9	3.215728E-9	4.307102E-9	3.645805E-9	3.843879E-9	3.178678E-9	2.351469E-9	2.983638E-9	2.683224E-9	1.682226E-9	2.117352E-9	2.230499E-9	2.754088E-9	2.491497E-9	2.385891E-9	3.674439E-9	3.537351E-9	2.914589E-9	3.295747E-9	3.316784E-9	2.741215E-9	3.847968E-9	4.030924E-9	2.832050E-9	4.087098E-9
   0:16:16	0	2.592675E+1	4.325774E+2	1.049900E-7	1.051340E-7	2.091813E-9	2.897541E-9	3.415524E-9	3.629665E-9	4.044696E-9	3.893781E-9	3.720518E-9	4.032175E-9	3.356513E-9	4.487776E-9	3.801596E-9	4.017224E-9	3.321326E-9	2.452313E-9	3.106020E-9	2.798092E-9	1.754383E-9	2.211825E-9	2.325804E-9	2.875706E-9	2.611323E-9	2.489386E-9	3.841186E-9	3.687096E-9	3.045173E-9	3.442144E-9	3.462830E-9	2.862780E-9	4.026421E-9	4.205874E-9	2.953981E-9	4.271467E-9
   0:16:30	0	2.592667E+1	4.336525E+2	1.104500E-7	1.099675E-7	2.184642E-9	3.033673E-9	3.568118E-9	3.792628E-9	4.231977E-9	4.066579E-9	3.890121E-9	4.215566E-9	3.513714E-9	4.692337E-9	3.991783E-9	4.200610E-9	3.471323E-9	2.564705E-9	3.250317E-9	2.921503E-9	1.833889E-9	2.309067E-9	2.434714E-9	2.997763E-9	2.730140E-9	2.606048E-9	4.019623E-9	3.854402E-9	3.189502E-9	3.598779E-9	3.624790E-9	2.991499E-9	4.221231E-9	4.405282E-9	3.085945E-9	4.475208E-9
   0:16:44	0	2.592629E+1	4.347277E+2	1.155900E-7	1.144274E-7	2.272048E-9	3.157004E-9	3.715022E-9	3.945528E-9	4.401010E-9	4.239756E-9	4.044437E-9	4.389825E-9	3.653421E-9	4.879899E-9	4.142643E-9	4.373702E-9	3.612071E-9	2.659870E-9	3.382770E-9	3.034409E-9	1.910734E-9	2.405616E-9	2.529641E-9	3.118504E-9	2.829396E-9	2.711875E-9	4.179862E-9	4.009875E-9	3.320339E-9	3.751206E-9	3.780182E-9	3.114330E-9	4.401767E-9	4.587011E-9	3.212517E-9	4.661156E-9
   0:16:58	0	2.592690E+1	4.358028E+2	1.202100E-7	1.200219E-7	2.374589E-9	3.309656E-9	3.891383E-9	4.130577E-9	4.628521E-9	4.450710E-9	4.247393E-9	4.605302E-9	3.834964E-9	5.117700E-9	4.346300E-9	4.595165E-9	3.785503E-9	2.791825E-9	3.540434E-9	3.173516E-9	2.007978E-9	2.519977E-9	2.652977E-9	3.273096E-9	2.971559E-9	2.831559E-9	4.391030E-9	4.195815E-9	3.486422E-9	3.939307E-9	3.963230E-9	3.261663E-9	4.631242E-9	4.807708E-9	3.367689E-9	4.897060E-9
   0:17:12	0	2.592561E+1	4.368779E+2	1.259300E-7	1.256560E-7	2.488797E-9	3.461614E-9	4.078427E-9	4.323919E-9	4.835061E-9	4.650727E-9	4.447885E-9	4.816467E-9	4.016062E-9	5.350195E-9	4.552041E-9	4.809303E-9	3.965841E-9	2.923591E-9	3.703545E-9	3.319649E-9	2.112636E-9	2.642521E-9	2.781100E-9	3.418724E-9	3.111831E-9	2.969324E-9	4.598343E-9	4.400195E-9	3.653576E-9	4.124392E-9	4.148678E-9	3.415518E-9	4.849034E-9	5.035250E-9	3.516777E-9	5.134990E-9
   0:17:26	0	2.601606E+1	4.379530E+2	1.322100E-7	1.321874E-7	2.612842E-9	3.646549E-9	4.283045E-9	4.545295E-9	5.089877E-9	4.895184E-9	4.673831E-9	5.067773E-9	4.222138E-9	5.626545E-9	4.790724E-9	5.062025E-9	4.169425E-9	3.074036E-9	3.889523E-9	3.489640E-9	2.210197E-9	2.779666E-9	2.921694E-9	3.594946E-9	3.270589E-9	3.123339E-9	4.843314E-9	4.622892E-9	3.840215E-9	4.342892E-9	4.372140E-9	3.594761E-9	5.119176E-9	5.305500E-9	3.697414E-9	5.410211E-9
   0:17:40	0	2.604540E+1	4.390281E+2	1.389700E-7	1.384083E-7	2.726924E-9	3.816098E-9	4.488042E-9	4.748634E-9	5.331200E-9	5.131029E-9	4.891315E-9	5.305825E-9	4.428529E-9	5.885707E-9	5.010880E-9	5.301676E-9	4.368768E-9	3.212302E-9	4.067647E-9	3.640646E-9	2.313143E-9	2.904412E-9	3.056558E-9	3.764270E-9	3.438309E-9	3.257071E-9	5.066169E-9	4.858053E-9	4.027547E-9	4.547950E-9	4.578298E-9	3.762230E-9	5.368227E-9	5.555789E-9	3.871528E-9	5.683533E-9
   0:17:54	0	2.602746E+1	4.401032E+2	1.468200E-7	1.461736E-7	2.880987E-9	4.034577E-9	4.736527E-9	5.011273E-9	5.637462E-9	5.413769E-9	5.164320E-9	5.597081E-9	4.674917E-9	6.209010E-9	5.306531E-9	5.597844E-9	4.608331E-9	3.383762E-9	4.294928E-9	3.839876E-9	2.442569E-9	3.070510E-9	3.227514E-9	3.981177E-9	3.634044E-9	3.431370E-9	5.358152E-9	5.124748E-9	4.259965E-9	4.806957E-9	4.834401E-9	3.967749E-9	5.682445E-9	5.872040E-9	4.082397E-9	6.006366E-9
   0:18:08	0	2.602845E+1	4.411783E+2	1.557100E-7	1.547184E-7	3.040412E-9	4.263966E-9	5.010802E-9	5.295239E-9	5.968305E-9	5.735793E-9	5.487671E-9	5.926764E-9	4.947547E-9	6.568591E-9	5.619632E-9	5.926599E-9	4.890523E-9	3.580528E-9	4.542033E-9	4.052461E-9	2.588530E-9	3.253979E-9	3.414659E-9	4.202286E-9	3.836342E-9	3.639182E-9	5.664791E-9	5.399501E-9	4.513188E-9	5.087066E-9	5.125612E-9	4.200497E-9	6.028551E-9	6.214968E-9	4.321554E-9	6.370859E-9
   0:18:22	0	2.602776E+1	4.422535E+2	1.637000E-7	1.634768E-7	3.213143E-9	4.504640E-9	5.293992E-9	5.600090E-9	6.309922E-9	6.055492E-9	5.779249E-9	6.256321E-9	5.231399E-9	6.927979E-9	5.939498E-9	6.270445E-9	5.158527E-9	3.779817E-9	4.789645E-9	4.272958E-9	2.740066E-9	3.439839E-9	3.611001E-9	4.436871E-9	4.054604E-9	3.838866E-9	5.987418E-9	5.709566E-9	4.773283E-9	5.377603E-9	5.413477E-9	4.433178E-9	6.387668E-9	6.582230E-9	4.559016E-9	6.748963E-9
   0:18:47	1	2.602792E+1	0.000000E+0	-4.049900E-9	3.446887E-9	1.249910E-10	1.081993E-10	1.095464E-10	1.080302E-10	1.063113E-10	1.077396E-10	1.073831E-10	1.081190E-10	1.069354E-10	1.053457E-10	1.024283E-10	1.039436E-10	1.102797E-10	1.026739E-10	1.027439E-10	1.045521E-10	1.008550E-10	1.069344E-10	1.022967E-10	1.024346E-10	1.048089E-10	1.078421E-10	1.079840E-10	1.083268E-10	1.099650E-10	1.090295E-10	1.124556E-10	1.092181E-10	1.117064E-10	1.129787E-10	1.081317E-10	1.126970E-10
   0:19:01	1	2.602746E+1	0.000000E+0	2.023500E-9	3.468328E-9	1.224056E-10	1.078210E-10	1.092929E-10	1.073338E-10	1.078315E-10	1.091229E-10	1.101622E-10	1.109721E-10	1.082033E-10	1.074307E-10	1.066005E-10	1.079850E-10	1.145236E-10	1.028004E-10	1.051508E-10	1.055642E-10	1.038963E-10	1.039129E-10	1.019815E-10	1.023099E-10	1.051875E-10	1.063932E-10	1.095640E-10	1.065650E-10	1.105333E-10	1.099714E-10	1.126450E-10	1.094710E-10	1.084227E-10	1.108241E-10	1.120825E-10	1.113676E-10
   0:19:16	1	2.602974E+1	1.000000E+1	4.099500E-9	4.148170E-9	1.415770E-10	1.273038E-10	1.295842E-10	1.297371E-10	1.291822E-10	1.343290E-10	1.327764E-10	1.338016E-10	1.296278E-10	1.276537E-10	1.298053E-10	1.292032E-10	1.339700E-10	1.284843E-10	1.280186E-10	1.305628E-10	1.241053E-10	1.234243E-10	1.237132E-10	1.226840E-10	1.262626E-10	1.278113E-10	1.323107E-10	1.313017E-10	1.308992E-10	1.281847E-10	1.293144E-10	1.270097E-10	1.295135E-10	1.294538E-10	1.324044E-10	1.341601E-10
   0:19:30	1	2.602989E+1	2.000000E+1	4.784500E-9	4.391458E-9	1.483249E-10	1.360056E-10	1.362213E-10	1.383442E-10	1.388759E-10	1.433174E-10	1.421251E-10	1.435670E-10	1.362833E-10	1.371322E-10	1.391000E-10	1.371595E-10	1.392908E-10	1.364363E-10	1.329595E-10	1.405628E-10	1.279697E-10	1.294664E-10	1.307686E-10	1.293285E-10	1.318150E-10	1.341736E-10	1.387555E-10	1.426316E-10	1.344936E-10	1.356585E-10	1.360079E-10	1.335945E-10	1.362074E-10	1.388947E-10	1.406207E-10	1.453664E-10
   0:19:44	1	2.603004E+1	3.000000E+1	5.259200E-9	4.596688E-9	1.551355E-10	1.405456E-10	1.429221E-10	1.443566E-10	1.447049E-10	1.523069E-10	1.468627E-10	1.532695E-10	1.433201E-10	1.453477E-10	1.451697E-10	1.416436E-10	1.470826E-10	1.411684E-10	1.385335E-10	1.504359E-10	1.321501E-10	1.328655E-10	1.337916E-10	1.351596E-10	1.389453E-10	1.408502E-10	1.433679E-10	1.511295E-10	1.413032E-10	1.401806E-10	1.420694E-10	1.392928E-10	1.437847E-10	1.454847E-10	1.490251E-10	1.544828E-10
   0:19:58	1	2.603042E+1	4.000000E+1	5.618100E-9	4.814777E-9	1.580365E-10	1.488053E-10	1.476632E-10	1.515080E-10	1.512300E-10	1.610443E-10	1.522944E-10	1.617666E-10	1.485806E-10	1.515409E-10	1.528204E-10	1.489689E-10	1.537964E-10	1.517075E-10	1.457554E-10	1.586635E-10	1.358885E-10	1.387188E-10	1.421694E-10	1.404246E-10	1.451293E-10	1.468347E-10	1.525936E-10	1.608228E-10	1.474826E-10	1.449535E-10	1.479415E-10	1.459407E-10	1.463735E-10	1.550526E-10	1.576810E-10	1.625877E-10
   0:20:12	1	2.602936E+1	5.000000E+1	6.011400E-9	5.029888E-9	1.660458E-10	1.560568E-10	1.543631E-10	1.577093E-10	1.573760E-10	1.687755E-10	1.599378E-10	1.689953E-10	1.548559E-10	1.592506E-10	1.585109E-10	1.582511E-10	1.588012E-10	1.557463E-10	1.499994E-10	1.669541E-10	1.408300E-10	1.455160E-10	1.486579E-10	1.458162E-10	1.496099E-10	1.547086E-10	1.591012E-10	1.694460E-10	1.546077E-10	1.513595E-10	1.558969E-10	1.508793E-10	1.557830E-10	1.610725E-10	1.625734E-10	1.724008E-10
   0:20:26	1	2.603057E+1	6.000000E+1	6.215100E-9	5.175894E-9	1.692624E-10	1.610377E-10	1.565754E-10	1.633421E-10	1.613667E-10	1.732380E-10	1.629064E-10	1.740688E-10	1.599904E-10	1.634217E-10	1.657813E-10	1.612189E-10	1.665920E-10	1.590906E-10	1.556363E-10	1.704349E-10	1.438703E-10	1.479712E-10	1.519962E-10	1.485120E-10	1.568657E-10	1.588027E-10	1.635879E-10	1.750483E-10	1.600934E-10	1.551281E-10	1.586760E-10	1.569574E-10	1.615290E-10	1.658240E-10	1.690965E-10	1.779719E-10
   0:20:40	1	2.602852E+1	7.000000E+1	6.542100E-9	5.285950E-9	1.722262E-10	1.633072E-10	1.623283E-10	1.654301E-10	1.649153E-10	1.780786E-10	1.675184E-10	1.790151E-10	1.635408E-10	1.696778E-10	1.695124E-10	1.658924E-10	1.684289E-10	1.611100E-10	1.577903E-10	1.736621E-10	1.468476E-10	1.480338E-10	1.552091E-10	1.519600E-10	1.570550E-10	1.611337E-10	1.676946E-10	1.799581E-10	1.626784E-10	1.581421E-10	1.654951E-10	1.599330E-10	1.619716E-10	1.705764E-10	1.749295E-10	1.818980E-10
   0:20:54	1	2.602982E+1	8.000000E+1	6.697600E-9	5.411977E-9	1.753164E-10	1.663969E-10	1.650456E-10	1.714426E-10	1.686530E-10	1.824785E-10	1.725712E-10	1.840245E-10	1.668370E-10	1.745433E-10	1.719149E-10	1.693028E-10	1.717858E-10	1.640768E-10	1.622882E-10	1.772069E-10	1.490648E-10	1.530694E-10	1.584210E-10	1.572260E-10	1.606520E-10	1.647245E-10	1.721813E-10	1.871971E-10	1.653899E-10	1.633553E-10	1.667580E-10	1.652515E-10	1.673387E-10	1.757090E-10	1.760583E-10	1.856960E-10
   0:21:08	1	2.603004E+1	9.000000E+1	6.846700E-9	5.536745E-9	1.780283E-10	1.712524E-10	1.695341E-10	1.749873E-10	1.735318E-10	1.875701E-10	1.771822E-10	1.888436E-10	1.701963E-10	1.785248E-10	1.764035E-10	1.733443E-10	1.771707E-10	1.688089E-10	1.657082E-10	1.806238E-10	1.529932E-10	1.567199E-10	1.610672E-10	1.614261E-10	1.648796E-10	1.683144E-10	1.752136E-10	1.901552E-10	1.667138E-10	1.673123E-10	1.695361E-10	1.683540E-10	1.690434E-10	1.812217E-10	1.818289E-10	1.902547E-10
   0:21:22	1	2.602989E+1	1.000000E+2	7.038700E-9	5.679114E-9	1.820643E-10	1.755396E-10	1.733271E-10	1.803024E-10	1.792338E-10	1.922222E-10	1.804669E-10	1.933455E-10	1.748865E-10	1.830750E-10	1.819672E-10	1.787116E-10	1.812876E-10	1.721543E-10	1.699521E-10	1.835352E-10	1.562235E-10	1.589227E-10	1.661695E-10	1.682597E-10	1.677196E-10	1.714012E-10	1.792575E-10	1.961978E-10	1.732715E-10	1.710799E-10	1.750923E-10	1.724061E-10	1.737167E-10	1.859111E-10	1.860935E-10	1.953202E-10
   0:21:36	1	2.602845E+1	1.200000E+2	7.697200E-9	6.064659E-9	1.923434E-10	1.865108E-10	1.847052E-10	1.925801E-10	1.906378E-10	2.057366E-10	1.944265E-10	2.078040E-10	1.873109E-10	1.971047E-10	1.941076E-10	1.904572E-10	1.929422E-10	1.825669E-10	1.798970E-10	1.957502E-10	1.660435E-10	1.702517E-10	1.753031E-10	1.774744E-10	1.795815E-10	1.845038E-10	1.948013E-10	2.115561E-10	1.855667E-10	1.843944E-10	1.850692E-10	1.831060E-10	1.870399E-10	1.995973E-10	1.978228E-10	2.076659E-10
   0:21:51	1	2.603027E+1	1.400000E+2	8.236100E-9	6.641492E-9	2.091185E-10	2.037879E-10	2.043638E-10	2.101738E-10	2.113543E-10	2.258510E-10	2.152089E-10	2.277794E-10	2.043624E-10	2.160626E-10	2.135813E-10	2.103495E-10	2.110587E-10	1.994790E-10	2.003578E-10	2.136601E-10	1.805509E-10	1.856715E-10	1.911132E-10	1.949023E-10	1.975657E-10	1.993069E-10	2.111661E-10	2.304399E-10	2.014563E-10	2.004731E-10	2.047061E-10	1.994413E-10	2.044692E-10	2.186702E-10	2.163882E-10	2.286223E-10
   0:22:05	1	2.602860E+1	1.600000E+2	9.089300E-9	7.509705E-9	2.318839E-10	2.309631E-10	2.297753E-10	2.412481E-10	2.394851E-10	2.556466E-10	2.430653E-10	2.555542E-10	2.311116E-10	2.458908E-10	2.417169E-10	2.397134E-10	2.393098E-10	2.245950E-10	2.260755E-10	2.418238E-10	2.036742E-10	2.087707E-10	2.161205E-10	2.208561E-10	2.207227E-10	2.260153E-10	2.403585E-10	2.611565E-10	2.288846E-10	2.293627E-10	2.303417E-10	2.265404E-10	2.316847E-10	2.490215E-10	2.414134E-10	2.569230E-10
   0:22:20	1	2.602890E+1	1.800000E+2	1.001900E-8	8.694891E-9	2.649921E-10	2.664618E-10	2.674490E-10	2.727010E-10	2.799061E-10	2.966296E-10	2.826078E-10	2.957573E-10	2.674962E-10	2.877254E-10	2.788318E-10	2.772869E-10	2.768717E-10	2.585467E-10	2.619281E-10	2.751129E-10	2.359195E-10	2.406813E-10	2.495684E-10	2.582186E-10	2.558064E-10	2.599682E-10	2.802919E-10	3.030142E-10	2.664639E-10	2.662297E-10	2.651957E-10	2.632630E-10	2.693834E-10	2.895120E-10	2.833741E-10	2.976964E-10
   0:22:35	1	2.593967E+1	2.000000E+2	1.159300E-8	1.024518E-8	3.065506E-10	3.138147E-10	3.148582E-10	3.290260E-10	3.303998E-10	3.469801E-10	3.345941E-10	3.476290E-10	3.151004E-10	3.402406E-10	3.296033E-10	3.291320E-10	3.258992E-10	3.017743E-10	3.071556E-10	3.207440E-10	2.764645E-10	2.825983E-10	2.857251E-10	3.070543E-10	3.009232E-10	3.038107E-10	3.302720E-10	3.548177E-10	3.136280E-10	3.157826E-10	3.282749E-10	3.082166E-10	3.181324E-10	3.428644E-10	3.318580E-10	3.512593E-10
   0:22:49	1	2.590060E+1	2.200000E+2	1.355700E-8	1.220443E-8	3.626143E-10	3.734636E-10	3.781330E-10	3.901605E-10	3.939457E-10	4.130441E-10	3.994033E-10	4.099639E-10	3.770304E-10	4.072903E-10	3.939684E-10	3.918395E-10	3.841755E-10	3.569288E-10	3.675860E-10	3.799178E-10	3.284126E-10	3.374194E-10	3.451250E-10	3.666099E-10	3.584697E-10	3.624562E-10	3.966798E-10	4.220420E-10	3.750423E-10	3.785241E-10	3.782204E-10	3.705180E-10	3.812164E-10	4.104741E-10	3.963348E-10	4.174218E-10
   0:23:04	1	2.592591E+1	2.400000E+2	1.598700E-8	1.474443E-8	4.330558E-10	4.502622E-10	4.563254E-10	4.699648E-10	4.774490E-10	4.930632E-10	4.823403E-10	4.924644E-10	4.556947E-10	4.947515E-10	4.779341E-10	4.738063E-10	4.643671E-10	4.286816E-10	4.441691E-10	4.561164E-10	3.965144E-10	4.074077E-10	4.160531E-10	4.476679E-10	4.321077E-10	4.343934E-10	4.804009E-10	5.073324E-10	4.528508E-10	4.618039E-10	4.588522E-10	4.478883E-10	4.624225E-10	5.010220E-10	4.803187E-10	5.069455E-10
   0:23:18	1	2.600291E+1	2.600000E+2	1.933000E-8	1.803669E-8	5.212183E-10	5.466073E-10	5.556953E-10	5.729316E-10	5.839503E-10	5.965288E-10	5.894711E-10	6.012812E-10	5.546427E-10	6.073639E-10	5.825114E-10	5.805920E-10	5.636891E-10	5.210684E-10	5.443160E-10	5.548457E-10	4.888176E-10	5.006841E-10	5.111682E-10	5.479707E-10	5.316790E-10	5.337321E-10	5.871210E-10	6.173584E-10	5.550606E-10	5.707075E-10	5.636684E-10	5.510283E-10	5.712249E-10	6.181189E-10	5.888891E-10	6.227449E-10
   0:23:33	1	2.594248E+1	2.800000E+2	2.358500E-8	2.236934E-8	6.423635E-10	6.755506E-10	6.894507E-10	7.113387E-10	7.251696E-10	7.363265E-10	7.319123E-10	7.451015E-10	6.878209E-10	7.542290E-10	7.181338E-10	7.228667E-10	6.970261E-10	6.467762E-10	6.820265E-10	6.871180E-10	6.043701E-10	6.244233E-10	6.349451E-10	6.801207E-10	6.569315E-10	6.592124E-10	7.287842E-10	7.598647E-10	6.882921E-10	7.095060E-10	7.060527E-10	6.832934E-10	7.116621E-10	7.697495E-10	7.253699E-10	7.735556E-10
   0:23:47	1	2.603019E+1	3.000000E+2	2.951000E-8	2.828889E-8	8.082201E-10	8.512166E-10	8.723228E-10	9.002492E-10	9.184678E-10	9.285477E-10	9.202749E-10	9.402859E-10	8.715824E-10	9.570840E-10	9.072457E-10	9.163545E-10	8.816076E-10	8.155861E-10	8.604665E-10	8.677418E-10	7.668022E-10	7.902069E-10	8.017440E-10	8.600406E-10	8.324757E-10	8.331961E-10	9.254807E-10	9.526006E-10	8.720302E-10	8.986108E-10	8.955417E-10	8.646903E-10	9.088063E-10	9.737192E-10	9.154151E-10	9.802720E-10
   0:24:02	1	2.602837E+1	3.200000E+2	3.779700E-8	3.661713E-8	1.041239E-9	1.100465E-9	1.137433E-9	1.164659E-9	1.193685E-9	1.199846E-9	1.190439E-9	1.216830E-9	1.130902E-9	1.240765E-9	1.172863E-9	1.190548E-9	1.134599E-9	1.055327E-9	1.118658E-9	1.116338E-9	9.887213E-10	1.026670E-9	1.039785E-9	1.111991E-9	1.076293E-9	1.075590E-9	1.197937E-9	1.223639E-9	1.130676E-9	1.165280E-9	1.159917E-9	1.121241E-9	1.185957E-9	1.259493E-9	1.178091E-9	1.271258E-9
   0:24:17	1	2.603042E+1	3.400000E+2	4.986000E-8	4.870855E-8	1.383042E-9	1.463588E-9	1.516514E-9	1.551972E-9	1.589089E-9	1.592083E-9	1.579356E-9	1.616078E-9	1.505840E-9	1.655891E-9	1.563417E-9	1.587502E-9	1.508576E-9	1.401339E-9	1.487384E-9	1.477902E-9	1.319668E-9	1.366355E-9	1.383840E-9	1.475717E-9	1.429778E-9	1.427716E-9	1.597018E-9	1.616790E-9	1.507925E-9	1.551404E-9	1.546409E-9	1.489670E-9	1.589653E-9	1.675480E-9	1.557555E-9	1.693998E-9
   0:24:31	1	2.602875E+1	3.600000E+2	6.811800E-8	6.674680E-8	1.887549E-9	2.002565E-9	2.080110E-9	2.126551E-9	2.180327E-9	2.176231E-9	2.159923E-9	2.213176E-9	2.070943E-9	2.273558E-9	2.139798E-9	2.179462E-9	2.066374E-9	1.918936E-9	2.040949E-9	2.021546E-9	1.806775E-9	1.875348E-9	1.900930E-9	2.015350E-9	1.958302E-9	1.954708E-9	2.189702E-9	2.202804E-9	2.069544E-9	2.130466E-9	2.121065E-9	2.041648E-9	2.192263E-9	2.299240E-9	2.125748E-9	2.324912E-9
   0:24:45	1	2.602746E+1	3.620000E+2	6.980800E-8	6.908340E-8	1.950108E-9	2.073941E-9	2.154071E-9	2.200216E-9	2.258317E-9	2.254553E-9	2.234839E-9	2.291617E-9	2.143334E-9	2.353247E-9	2.214089E-9	2.255052E-9	2.137827E-9	1.985072E-9	2.111326E-9	2.089328E-9	1.871266E-9	1.941498E-9	1.966126E-9	2.086818E-9	2.026891E-9	2.022424E-9	2.266410E-9	2.276323E-9	2.144138E-9	2.205267E-9	2.198666E-9	2.112627E-9	2.271134E-9	2.378952E-9	2.199507E-9	2.408421E-9
   0:24:59	1	2.602845E+1	3.640000E+2	7.219100E-8	7.145859E-8	2.019288E-9	2.144562E-9	2.229040E-9	2.274641E-9	2.333077E-9	2.327469E-9	2.311334E-9	2.369805E-9	2.219018E-9	2.434452E-9	2.290594E-9	2.332219E-9	2.211051E-9	2.052407E-9	2.185122E-9	2.162617E-9	1.936264E-9	2.008968E-9	2.036927E-9	2.158911E-9	2.096807E-9	2.091528E-9	2.344128E-9	2.355507E-9	2.217280E-9	2.281637E-9	2.276836E-9	2.186262E-9	2.349815E-9	2.459932E-9	2.272703E-9	2.488386E-9
   0:25:13	1	2.602807E+1	3.660000E+2	7.470400E-8	7.403373E-8	2.090299E-9	2.220667E-9	2.309445E-9	2.357673E-9	2.417467E-9	2.414151E-9	2.396735E-9	2.455666E-9	2.296224E-9	2.525136E-9	2.374117E-9	2.417092E-9	2.289469E-9	2.126874E-9	2.263985E-9	2.237044E-9	2.004874E-9	2.083743E-9	2.107919E-9	2.236396E-9	2.173158E-9	2.165544E-9	2.427596E-9	2.441489E-9	2.297673E-9	2.362216E-9	2.356016E-9	2.263759E-9	2.437272E-9	2.550290E-9	2.353864E-9	2.579873E-9
   0:25:27	1	2.602754E+1	3.680000E+2	7.736900E-8	7.664679E-8	2.163768E-9	2.300430E-9	2.389407E-9	2.440768E-9	2.505214E-9	2.498507E-9	2.478662E-9	2.540640E-9	2.379833E-9	2.614999E-9	2.457893E-9	2.503606E-9	2.370992E-9	2.203422E-9	2.343292E-9	2.316217E-9	2.076080E-9	2.157445E-9	2.181996E-9	2.312564E-9	2.249004E-9	2.243088E-9	2.513907E-9	2.524073E-9	2.378634E-9	2.448698E-9	2.441574E-9	2.343852E-9	2.523720E-9	2.638303E-9	2.434398E-9	2.671803E-9
   0:25:41	1	2.602799E+1	3.700000E+2	8.024000E-8	7.948658E-8	2.243985E-9	2.385866E-9	2.480875E-9	2.530571E-9	2.598854E-9	2.589967E-9	2.570380E-9	2.637344E-9	2.468259E-9	2.711939E-9	2.547612E-9	2.595488E-9	2.459102E-9	2.283694E-9	2.429060E-9	2.401909E-9	2.152927E-9	2.235364E-9	2.263632E-9	2.398512E-9	2.333873E-9	2.326237E-9	2.604452E-9	2.616223E-9	2.468486E-9	2.538886E-9	2.531109E-9	2.430023E-9	2.619704E-9	2.735504E-9	2.525156E-9	2.771584E-9
   0:25:55	1	2.602754E+1	3.720000E+2	8.300300E-8	8.237496E-8	2.325841E-9	2.473573E-9	2.569751E-9	2.621387E-9	2.689263E-9	2.683626E-9	2.664688E-9	2.732019E-9	2.559094E-9	2.808817E-9	2.638596E-9	2.691411E-9	2.547213E-9	2.366994E-9	2.521226E-9	2.488360E-9	2.232433E-9	2.318193E-9	2.346464E-9	2.484773E-9	2.417165E-9	2.411655E-9	2.702643E-9	2.711206E-9	2.558021E-9	2.630141E-9	2.623549E-9	2.519360E-9	2.714550E-9	2.836063E-9	2.617230E-9	2.869655E-9
   0:26:09	1	2.602776E+1	3.740000E+2	8.603800E-8	8.553454E-8	2.414256E-9	2.565882E-9	2.668867E-9	2.723847E-9	2.797095E-9	2.786902E-9	2.764617E-9	2.836397E-9	2.656838E-9	2.917069E-9	2.739128E-9	2.796175E-9	2.644191E-9	2.456541E-9	2.616622E-9	2.583546E-9	2.317893E-9	2.405616E-9	2.437045E-9	2.578368E-9	2.509416E-9	2.503623E-9	2.807848E-9	2.814183E-9	2.655628E-9	2.731696E-9	2.724071E-9	2.614332E-9	2.822594E-9	2.945049E-9	2.715013E-9	2.984188E-9
   0:26:23	1	2.602799E+1	3.760000E+2	8.933200E-8	8.873981E-8	2.505130E-9	2.663552E-9	2.767983E-9	2.823270E-9	2.901568E-9	2.889551E-9	2.866442E-9	2.943248E-9	2.757308E-9	3.028481E-9	2.843136E-9	2.898855E-9	2.744589E-9	2.550002E-9	2.711068E-9	2.678288E-9	2.404115E-9	2.496752E-9	2.527437E-9	2.675412E-9	2.603183E-9	2.598237E-9	2.911851E-9	2.918608E-9	2.757901E-9	2.835073E-9	2.828759E-9	2.712913E-9	2.930259E-9	3.055493E-9	2.817813E-9	3.093530E-9
   0:26:37	1	2.602867E+1	3.780000E+2	9.240000E-8	9.230186E-8	2.603004E-9	2.771625E-9	2.881005E-9	2.938705E-9	3.018587E-9	3.005588E-9	2.983742E-9	3.060435E-9	2.868933E-9	3.150068E-9	2.957135E-9	3.017259E-9	2.852398E-9	2.650151E-9	2.822301E-9	2.786004E-9	2.500599E-9	2.597392E-9	2.628411E-9	2.782236E-9	2.706793E-9	2.701796E-9	3.029819E-9	3.032348E-9	2.866857E-9	2.948624E-9	2.943173E-9	2.823841E-9	3.048279E-9	3.177026E-9	2.928139E-9	3.219585E-9
   0:26:51	1	2.602867E+1	3.800000E+2	9.640000E-8	9.601169E-8	2.708383E-9	2.881022E-9	2.997822E-9	3.058379E-9	3.138772E-9	3.125522E-9	3.101232E-9	3.184598E-9	2.984616E-9	3.274941E-9	3.079606E-9	3.138505E-9	2.969456E-9	2.757306E-9	2.938284E-9	2.897011E-9	2.601644E-9	2.702502E-9	2.731841E-9	2.891441E-9	2.815514E-9	2.809071E-9	3.153473E-9	3.152887E-9	2.982120E-9	3.066006E-9	3.062700E-9	2.937111E-9	3.173058E-9	3.302804E-9	3.043295E-9	3.350770E-9
   0:27:05	1	2.602951E+1	3.820000E+2	1.002200E-7	9.978843E-8	2.811996E-9	2.993130E-9	3.115458E-9	3.176218E-9	3.262886E-9	3.249479E-9	3.223523E-9	3.306857E-9	3.102391E-9	3.406007E-9	3.198662E-9	3.262215E-9	3.085563E-9	2.868121E-9	3.051670E-9	3.008841E-9	2.701232E-9	2.806918E-9	2.844090E-9	3.007794E-9	2.926633E-9	2.920568E-9	3.273716E-9	3.275188E-9	3.100408E-9	3.189669E-9	3.183427E-9	3.054117E-9	3.297898E-9	3.437010E-9	3.164410E-9	3.482334E-9
   0:27:19	1	2.603042E+1	3.840000E+2	1.042400E-7	1.039582E-7	2.931186E-9	3.118038E-9	3.245927E-9	3.310449E-9	3.398847E-9	3.383871E-9	3.356299E-9	3.444464E-9	3.233666E-9	3.545541E-9	3.332008E-9	3.399437E-9	3.212947E-9	2.986761E-9	3.182792E-9	3.134088E-9	2.817418E-9	2.925119E-9	2.958670E-9	3.131480E-9	3.053905E-9	3.038930E-9	3.413230E-9	3.416750E-9	3.227208E-9	3.321559E-9	3.315332E-9	3.179861E-9	3.439472E-9	3.580973E-9	3.294368E-9	3.627573E-9
   0:27:33	1	2.602974E+1	3.860000E+2	1.083900E-7	1.082118E-7	3.051636E-9	3.246666E-9	3.379684E-9	3.445819E-9	3.541144E-9	3.522223E-9	3.495898E-9	3.583781E-9	3.365069E-9	3.691900E-9	3.469716E-9	3.536786E-9	3.344890E-9	3.104769E-9	3.309988E-9	3.260474E-9	2.929676E-9	3.047600E-9	3.083644E-9	3.258552E-9	3.177202E-9	3.165922E-9	3.552491E-9	3.548555E-9	3.362080E-9	3.455961E-9	3.453107E-9	3.309909E-9	3.583384E-9	3.725318E-9	3.429657E-9	3.778321E-9
   0:27:47	1	2.603027E+1	3.880000E+2	1.129900E-7	1.128682E-7	3.181106E-9	3.385004E-9	3.524439E-9	3.591820E-9	3.691297E-9	3.671952E-9	3.642697E-9	3.739841E-9	3.512700E-9	3.851466E-9	3.615898E-9	3.691438E-9	3.489185E-9	3.242341E-9	3.452322E-9	3.402430E-9	3.058025E-9	3.175997E-9	3.216490E-9	3.397974E-9	3.310847E-9	3.301165E-9	3.706348E-9	3.699559E-9	3.508616E-9	3.607761E-9	3.603322E-9	3.451797E-9	3.741251E-9	3.886579E-9	3.573038E-9	3.943505E-9
   0:28:01	1	2.603035E+1	3.900000E+2	1.180800E-7	1.176751E-7	3.317197E-9	3.530531E-9	3.673113E-9	3.745037E-9	3.848673E-9	3.829413E-9	3.796508E-9	3.899198E-9	3.664894E-9	4.015646E-9	3.772006E-9	3.845205E-9	3.636204E-9	3.378020E-9	3.599153E-9	3.544638E-9	3.187895E-9	3.315218E-9	3.352992E-9	3.541784E-9	3.450487E-9	3.442016E-9	3.862290E-9	3.855661E-9	3.656414E-9	3.761444E-9	3.755620E-9	3.602550E-9	3.900633E-9	4.052657E-9	3.727833E-9	4.114195E-9
   0:28:15	1	2.603141E+1	3.920000E+2	1.237400E-7	1.229375E-7	3.465774E-9	3.689488E-9	3.838665E-9	3.913188E-9	4.022331E-9	3.999635E-9	3.966363E-9	4.072505E-9	3.827674E-9	4.195247E-9	3.941201E-9	4.020697E-9	3.795892E-9	3.530926E-9	3.761252E-9	3.699377E-9	3.330689E-9	3.462434E-9	3.505744E-9	3.694685E-9	3.603883E-9	3.595591E-9	4.036178E-9	4.028003E-9	3.821362E-9	3.930829E-9	3.925472E-9	3.758684E-9	4.077886E-9	4.235085E-9	3.891285E-9	4.299450E-9
   0:28:29	1	2.602997E+1	3.940000E+2	1.288800E-7	1.283707E-7	3.617315E-9	3.849075E-9	4.006366E-9	4.083809E-9	4.200110E-9	4.173755E-9	4.142598E-9	4.253361E-9	4.000342E-9	4.378892E-9	4.114065E-9	4.198400E-9	3.963624E-9	3.685599E-9	3.926390E-9	3.864495E-9	3.478424E-9	3.618147E-9	3.658685E-9	3.860499E-9	3.763524E-9	3.755024E-9	4.213732E-9	4.205067E-9	3.993373E-9	4.104358E-9	4.103027E-9	3.928811E-9	4.262717E-9	4.420109E-9	4.061385E-9	4.485653E-9
   0:28:43	1	2.603042E+1	3.960000E+2	1.352400E-7	1.343785E-7	3.785190E-9	4.031866E-9	4.195813E-9	4.273923E-9	4.396068E-9	4.367799E-9	4.335132E-9	4.451335E-9	4.186259E-9	4.584084E-9	4.308047E-9	4.393025E-9	4.151245E-9	3.857817E-9	4.110214E-9	4.044993E-9	3.642186E-9	3.789027E-9	3.831405E-9	4.038601E-9	3.939258E-9	3.931527E-9	4.412956E-9	4.400761E-9	4.181778E-9	4.297924E-9	4.293023E-9	4.110904E-9	4.461061E-9	4.628007E-9	4.250241E-9	4.696992E-9
   0:28:57	1	2.606440E+1	3.980000E+2	1.413800E-7	1.405718E-7	3.960002E-9	4.217748E-9	4.388988E-9	4.470617E-9	4.600264E-9	4.573033E-9	4.533033E-9	4.656604E-9	4.378389E-9	4.793006E-9	4.503293E-9	4.596996E-9	4.339820E-9	4.032937E-9	4.298222E-9	4.229543E-9	3.810194E-9	3.960098E-9	4.007589E-9	4.224102E-9	4.129630E-9	4.111559E-9	4.616350E-9	4.601618E-9	4.374659E-9	4.494440E-9	4.490657E-9	4.300153E-9	4.671592E-9	4.843129E-9	4.447310E-9	4.916244E-9
   0:29:11	1	2.606698E+1	4.000000E+2	1.485100E-7	1.474576E-7	4.153353E-9	4.423679E-9	4.601886E-9	4.688702E-9	4.823150E-9	4.793038E-9	4.751021E-9	4.881909E-9	4.598218E-9	5.028912E-9	4.726232E-9	4.823322E-9	4.555882E-9	4.233301E-9	4.513085E-9	4.431432E-9	3.996826E-9	4.154140E-9	4.204564E-9	4.430477E-9	4.323222E-9	4.313513E-9	4.843756E-9	4.824755E-9	4.590806E-9	4.713504E-9	4.714242E-9	4.510928E-9	4.904098E-9	5.082013E-9	4.663698E-9	5.159935E-9
   0:29:25	1	2.602047E+1	4.020000E+2	1.553800E-7	1.545699E-7	4.351564E-9	4.634907E-9	4.827867E-9	4.915140E-9	5.056299E-9	5.024672E-9	4.980758E-9	5.112605E-9	4.817286E-9	5.269621E-9	4.952142E-9	5.058299E-9	4.772389E-9	4.436567E-9	4.725921E-9	4.643889E-9	4.192201E-9	4.357122E-9	4.409724E-9	4.643183E-9	4.533849E-9	4.521640E-9	5.077543E-9	5.056201E-9	4.810989E-9	4.943557E-9	4.952225E-9	4.729681E-9	5.143172E-9	5.323686E-9	4.886922E-9	5.408249E-9
   0:29:40	1	2.602982E+1	4.040000E+2	1.628500E-7	1.624730E-7	4.573861E-9	4.872365E-9	5.067883E-9	5.165628E-9	5.316311E-9	5.276988E-9	5.235068E-9	5.374882E-9	5.066337E-9	5.538452E-9	5.208907E-9	5.316327E-9	5.016829E-9	4.661478E-9	4.969796E-9	4.883054E-9	4.406837E-9	4.579929E-9	4.635985E-9	4.879773E-9	4.766119E-9	4.751750E-9	5.338879E-9	5.313331E-9	5.057340E-9	5.197540E-9	5.198478E-9	4.970087E-9	5.412429E-9	5.595455E-9	5.136365E-9	5.688535E-9
   0:29:54	1	2.602776E+1	4.060000E+2	1.715200E-7	1.709852E-7	4.814133E-9	5.129243E-9	5.335775E-9	5.436051E-9	5.594126E-9	5.554635E-9	5.505674E-9	5.656943E-9	5.332883E-9	5.829906E-9	5.482303E-9	5.591403E-9	5.280907E-9	4.906709E-9	5.228810E-9	5.134878E-9	4.636168E-9	4.822247E-9	4.877428E-9	5.133353E-9	5.013975E-9	5.001891E-9	5.620246E-9	5.595762E-9	5.325507E-9	5.468921E-9	5.467021E-9	5.232021E-9	5.697789E-9	5.887754E-9	5.400233E-9	5.990537E-9
   0:30:08	1	2.602776E+1	4.080000E+2	1.797100E-7	1.798468E-7	5.062665E-9	5.397472E-9	5.615487E-9	5.716727E-9	5.882396E-9	5.840013E-9	5.790872E-9	5.943125E-9	5.610966E-9	6.130333E-9	5.765054E-9	5.884668E-9	5.551064E-9	5.160144E-9	5.501698E-9	5.400498E-9	4.880767E-9	5.073123E-9	5.128194E-9	5.399786E-9	5.277480E-9	5.259341E-9	5.911278E-9	5.873724E-9	5.600737E-9	5.756001E-9	5.754570E-9	5.506112E-9	5.997041E-9	6.193614E-9	5.680535E-9	6.301279E-9
   0:30:22	1	2.602845E+1	4.100000E+2	1.902400E-7	1.897624E-7	5.339893E-9	5.692497E-9	5.923646E-9	6.026640E-9	6.208107E-9	6.163357E-9	6.107842E-9	6.272872E-9	5.922200E-9	6.466847E-9	6.082581E-9	6.211527E-9	5.856631E-9	5.439327E-9	5.803090E-9	5.695800E-9	5.148235E-9	5.349807E-9	5.411842E-9	5.696685E-9	5.566794E-9	5.549987E-9	6.239971E-9	6.199525E-9	5.912410E-9	6.071094E-9	6.075899E-9	5.804704E-9	6.334120E-9	6.537748E-9	5.995520E-9	6.655197E-9
   0:30:36	1	2.604547E+1	4.110751E+2	1.952100E-7	1.952119E-7	5.492444E-9	5.857128E-9	6.096593E-9	6.200930E-9	6.386645E-9	6.335907E-9	6.277320E-9	6.452840E-9	6.090431E-9	6.649480E-9	6.263917E-9	6.384304E-9	6.025313E-9	5.599239E-9	5.969115E-9	5.858577E-9	5.298252E-9	5.509611E-9	5.570011E-9	5.855666E-9	5.729780E-9	5.711561E-9	6.420431E-9	6.380806E-9	6.084042E-9	6.244939E-9	6.248024E-9	5.973058E-9	6.513708E-9	6.722455E-9	6.167187E-9	6.842160E-9
   0:30:50	1	2.602746E+1	4.121502E+2	2.013400E-7	2.012731E-7	5.667255E-9	6.038595E-9	6.283765E-9	6.390855E-9	6.585202E-9	6.530516E-9	6.475348E-9	6.656268E-9	6.281988E-9	6.859286E-9	6.449616E-9	6.582971E-9	6.210782E-9	5.774359E-9	6.155663E-9	6.038189E-9	5.460558E-9	5.676337E-9	5.742290E-9	6.033830E-9	5.905134E-9	5.887940E-9	6.614095E-9	6.575871E-9	6.278500E-9	6.445600E-9	6.445218E-9	6.160787E-9	6.718178E-9	6.935802E-9	6.356168E-9	7.056094E-9
   0:31:04	1	2.602731E+1	4.132253E+2	2.074900E-7	2.068322E-7	5.817283E-9	6.208334E-9	6.454500E-9	6.569449E-9	6.767224E-9	6.709539E-9	6.652593E-9	6.829766E-9	6.455800E-9	7.049755E-9	6.629498E-9	6.766987E-9	6.382950E-9	5.929474E-9	6.323590E-9	6.204826E-9	5.613044E-9	5.835071E-9	5.901846E-9	6.205099E-9	6.069446E-9	6.047813E-9	6.801441E-9	6.751801E-9	6.451520E-9	6.619569E-9	6.624983E-9	6.333005E-9	6.914942E-9	7.127479E-9	6.528088E-9	7.255529E-9
   0:31:18	1	2.602731E+1	4.143005E+2	2.133900E-7	2.134820E-7	6.005464E-9	6.406574E-9	6.664806E-9	6.779813E-9	6.980098E-9	6.924829E-9	6.866476E-9	7.049365E-9	6.666628E-9	7.270747E-9	6.845101E-9	6.983082E-9	6.587104E-9	6.121064E-9	6.528066E-9	6.404944E-9	5.798599E-9	6.020869E-9	6.094786E-9	6.401257E-9	6.264677E-9	6.245231E-9	7.022654E-9	6.969022E-9	6.658587E-9	6.827202E-9	6.838402E-9	6.533143E-9	7.136082E-9	7.357556E-9	6.739520E-9	7.490230E-9
   0:31:32	1	2.602829E+1	4.153756E+2	2.209800E-7	2.204312E-7	6.200266E-9	6.613388E-9	6.881875E-9	7.003214E-9	7.209447E-9	7.149738E-9	7.087053E-9	7.284690E-9	6.887217E-9	7.511077E-9	7.062603E-9	7.210988E-9	6.800506E-9	6.320041E-9	6.737545E-9	6.606390E-9	5.985295E-9	6.221206E-9	6.289743E-9	6.613085E-9	6.471204E-9	6.448571E-9	7.249743E-9	7.190901E-9	6.879842E-9	7.053613E-9	7.061041E-9	6.747400E-9	7.363536E-9	7.599987E-9	6.955406E-9	7.734554E-9
   0:31:46	1	2.602792E+1	4.164507E+2	2.275800E-7	2.273048E-7	6.397593E-9	6.820077E-9	7.094077E-9	7.215477E-9	7.435626E-9	7.369743E-9	7.304663E-9	7.512406E-9	7.100074E-9	7.740663E-9	7.290474E-9	7.438071E-9	7.009412E-9	6.516617E-9	6.944871E-9	6.813406E-9	6.171040E-9	6.417390E-9	6.488038E-9	6.812753E-9	6.674448E-9	6.644602E-9	7.474432E-9	7.416934E-9	7.088864E-9	7.275880E-9	7.285132E-9	6.960644E-9	7.601346E-9	7.833865E-9	7.174930E-9	7.981284E-9
   0:32:00	1	2.602829E+1	4.175258E+2	2.344100E-7	2.344867E-7	6.596747E-9	7.034141E-9	7.318858E-9	7.445396E-9	7.669093E-9	7.604205E-9	7.535852E-9	7.744877E-9	7.323579E-9	7.978907E-9	7.516891E-9	7.674690E-9	7.235546E-9	6.718431E-9	7.170122E-9	7.026054E-9	6.368128E-9	6.619929E-9	6.691309E-9	7.032605E-9	6.878009E-9	6.855878E-9	7.709293E-9	7.653920E-9	7.322730E-9	7.506813E-9	7.514716E-9	7.174648E-9	7.845092E-9	8.087259E-9	7.397842E-9	8.235105E-9
   0:32:14	1	2.602898E+1	4.186009E+2	2.422600E-7	2.420547E-7	6.811479E-9	7.263780E-9	7.555143E-9	7.683100E-9	7.919538E-9	7.846840E-9	7.778792E-9	7.990539E-9	7.561473E-9	8.234024E-9	7.765436E-9	7.923055E-9	7.463264E-9	6.938293E-9	7.396641E-9	7.252118E-9	6.575097E-9	6.828952E-9	6.906610E-9	7.253963E-9	7.101571E-9	7.080949E-9	7.956601E-9	7.898900E-9	7.554137E-9	7.752631E-9	7.760527E-9	7.409293E-9	8.107529E-9	8.342554E-9	7.636558E-9	8.505327E-9
   0:32:28	1	2.602867E+1	4.196760E+2	2.505700E-7	2.504828E-7	7.048723E-9	7.514101E-9	7.815576E-9	7.952256E-9	8.191207E-9	8.116755E-9	8.042512E-9	8.265053E-9	7.828716E-9	8.523837E-9	8.040538E-9	8.198258E-9	7.726453E-9	7.178728E-9	7.658252E-9	7.499195E-9	6.808989E-9	7.065982E-9	7.150069E-9	7.509800E-9	7.344316E-9	7.330271E-9	8.239673E-9	8.175918E-9	7.818016E-9	8.014652E-9	8.029702E-9	7.665337E-9	8.392008E-9	8.633843E-9	7.904064E-9	8.799985E-9
   0:32:42	1	2.602989E+1	4.207512E+2	2.595800E-7	2.594499E-7	7.297571E-9	7.778735E-9	8.096110E-9	8.225843E-9	8.486701E-9	8.409114E-9	8.334090E-9	8.561321E-9	8.111108E-9	8.823443E-9	8.328284E-9	8.494682E-9	8.006240E-9	7.435129E-9	7.928162E-9	7.760891E-9	7.049090E-9	7.325231E-9	7.406504E-9	7.770652E-9	7.619935E-9	7.589799E-9	8.533047E-9	8.466157E-9	8.101379E-9	8.304371E-9	8.322680E-9	7.941136E-9	8.690565E-9	8.946165E-9	8.183550E-9	9.122184E-9
   0:32:56	1	2.602951E+1	4.218263E+2	2.677000E-7	2.676672E-7	7.525166E-9	8.025714E-9	8.345987E-9	8.489371E-9	8.754886E-9	8.675257E-9	8.595666E-9	8.830192E-9	8.365611E-9	9.099858E-9	8.583724E-9	8.762813E-9	8.252643E-9	7.665089E-9	8.181982E-9	8.009675E-9	7.274936E-9	7.557666E-9	7.641207E-9	8.021348E-9	7.857632E-9	7.835972E-9	8.806136E-9	8.731846E-9	8.362675E-9	8.576758E-9	8.583269E-9	8.193319E-9	8.972831E-9	9.228960E-9	8.443532E-9	9.415512E-9
   0:33:10	1	2.602959E+1	4.229014E+2	2.779300E-7	2.775777E-7	7.806365E-9	8.328620E-9	8.665272E-9	8.801247E-9	9.084273E-9	8.990304E-9	8.911500E-9	9.153598E-9	8.679193E-9	9.440667E-9	8.897078E-9	9.084621E-9	8.559353E-9	7.949635E-9	8.474888E-9	8.304282E-9	7.549563E-9	7.842468E-9	7.923342E-9	8.318249E-9	8.145115E-9	8.112193E-9	9.130785E-9	9.053807E-9	8.672268E-9	8.895555E-9	8.909840E-9	8.499006E-9	9.310413E-9	9.569354E-9	8.753687E-9	9.761137E-9
   0:33:24	1	2.602936E+1	4.239765E+2	2.876200E-7	2.873762E-7	8.083340E-9	8.624532E-9	8.965085E-9	9.109894E-9	9.398581E-9	9.309438E-9	9.223416E-9	9.478018E-9	8.987195E-9	9.774145E-9	9.212960E-9	9.400491E-9	8.859028E-9	8.230522E-9	8.770136E-9	8.595346E-9	7.812281E-9	8.119528E-9	8.208563E-9	8.611261E-9	8.438153E-9	8.405046E-9	9.450377E-9	9.377089E-9	8.979655E-9	9.206565E-9	9.221697E-9	8.795319E-9	9.647490E-9	9.902017E-9	9.066352E-9	1.011265E-8
   0:33:38	1	2.601872E+1	4.250516E+2	2.986300E-7	2.985022E-7	8.394434E-9	8.957830E-9	9.312876E-9	9.460184E-9	9.764650E-9	9.664275E-9	9.578097E-9	9.842199E-9	9.328728E-9	1.014712E-8	9.572533E-9	9.766818E-9	9.206212E-9	8.550726E-9	9.112764E-9	8.920963E-9	8.112882E-9	8.428691E-9	8.527740E-9	8.942639E-9	8.756492E-9	8.734116E-9	9.824690E-9	9.734613E-9	9.331494E-9	9.558900E-9	9.580343E-9	9.144880E-9	1.001879E-8	1.030096E-8	9.415897E-9	1.050867E-8
   0:33:52	1	2.602928E+1	4.261267E+2	3.092700E-7	3.087829E-7	8.683201E-9	9.273095E-9	9.636205E-9	9.785666E-9	1.009752E-8	9.997111E-9	9.901889E-9	1.017917E-8	9.652767E-9	1.049684E-8	9.899292E-9	1.010283E-8	9.518365E-9	8.841331E-9	9.426254E-9	9.227023E-9	8.392643E-9	8.726395E-9	8.821276E-9	9.251512E-9	9.072622E-9	9.035344E-9	1.015869E-8	1.006174E-8	9.653823E-9	9.900495E-9	9.907481E-9	9.451514E-9	1.037286E-8	1.064737E-8	9.741672E-9	1.086886E-8
   0:34:06	1	2.602966E+1	4.272018E+2	3.216600E-7	3.212474E-7	9.035851E-9	9.645107E-9	1.002117E-8	1.017823E-8	1.050173E-8	1.040286E-8	1.029674E-8	1.058286E-8	1.004755E-8	1.091860E-8	1.029750E-8	1.051242E-8	9.900640E-9	9.197440E-9	9.806699E-9	9.599601E-9	8.747093E-9	9.079360E-9	9.171188E-9	9.623324E-9	9.424466E-9	9.396667E-9	1.056934E-8	1.047289E-8	1.004400E-8	1.029667E-8	1.030742E-8	9.838557E-9	1.079512E-8	1.108231E-8	1.013142E-8	1.132262E-8
   0:34:20	1	2.603050E+1	4.282770E+2	3.351000E-7	3.344148E-7	9.400925E-9	1.003742E-8	1.042996E-8	1.059333E-8	1.093756E-8	1.082396E-8	1.071782E-8	1.101629E-8	1.046071E-8	1.136823E-8	1.073174E-8	1.093950E-8	1.029653E-8	9.566611E-9	1.019931E-8	9.985467E-9	9.099072E-9	9.447682E-9	9.551714E-9	1.000755E-8	9.816315E-9	9.788730E-9	1.100917E-8	1.089462E-8	1.046823E-8	1.071658E-8	1.073275E-8	1.024137E-8	1.124112E-8	1.154740E-8	1.055046E-8	1.179671E-8
   0:34:34	1	2.603004E+1	4.293521E+2	3.474900E-7	3.476981E-7	9.778296E-9	1.043952E-8	1.084071E-8	1.100475E-8	1.136508E-8	1.125202E-8	1.114350E-8	1.145314E-8	1.087546E-8	1.180548E-8	1.115884E-8	1.136790E-8	1.071625E-8	9.950802E-9	1.060484E-8	1.037513E-8	9.461567E-9	9.825320E-9	9.935390E-9	1.041165E-8	1.020495E-8	1.016920E-8	1.144338E-8	1.133070E-8	1.087896E-8	1.114636E-8	1.116988E-8	1.066089E-8	1.169029E-8	1.200033E-8	1.097107E-8	1.226649E-8
   0:34:48	1	2.602974E+1	4.304272E+2	3.619200E-7	3.618285E-7	1.016778E-8	1.086222E-8	1.128389E-8	1.144637E-8	1.182815E-8	1.171315E-8	1.159305E-8	1.191460E-8	1.131778E-8	1.228140E-8	1.161344E-8	1.182952E-8	1.114090E-8	1.035222E-8	1.103418E-8	1.079195E-8	9.847440E-9	1.022530E-8	1.034546E-8	1.083330E-8	1.062160E-8	1.058476E-8	1.192694E-8	1.178295E-8	1.133111E-8	1.159736E-8	1.161143E-8	1.109048E-8	1.217437E-8	1.249261E-8	1.141307E-8	1.277971E-8
   0:35:02	1	2.604699E+1	4.315023E+2	3.769000E-7	3.770527E-7	1.060386E-8	1.131993E-8	1.175602E-8	1.192025E-8	1.231567E-8	1.218837E-8	1.207988E-8	1.241302E-8	1.179693E-8	1.279164E-8	1.210523E-8	1.233351E-8	1.161065E-8	1.078311E-8	1.149603E-8	1.124547E-8	1.027462E-8	1.066500E-8	1.077909E-8	1.128530E-8	1.107434E-8	1.102772E-8	1.241834E-8	1.227713E-8	1.180105E-8	1.209075E-8	1.211164E-8	1.155319E-8	1.270468E-8	1.301923E-8	1.189332E-8	1.331774E-8
   0:35:16	1	2.602883E+1	4.325774E+2	3.941300E-7	3.941914E-7	1.108321E-8	1.183885E-8	1.229142E-8	1.246192E-8	1.288011E-8	1.274102E-8	1.262078E-8	1.297227E-8	1.232970E-8	1.338206E-8	1.263924E-8	1.289649E-8	1.214539E-8	1.127623E-8	1.200474E-8	1.174614E-8	1.073214E-8	1.114045E-8	1.127615E-8	1.180393E-8	1.157529E-8	1.153368E-8	1.298038E-8	1.283979E-8	1.234728E-8	1.263936E-8	1.267096E-8	1.207693E-8	1.327817E-8	1.361714E-8	1.243799E-8	1.393219E-8
   0:35:30	1	2.602852E+1	4.336525E+2	4.129600E-7	4.127949E-7	1.160524E-8	1.239649E-8	1.286772E-8	1.305327E-8	1.348604E-8	1.334095E-8	1.319995E-8	1.358223E-8	1.292022E-8	1.399328E-8	1.323345E-8	1.349956E-8	1.270547E-8	1.179938E-8	1.258428E-8	1.229770E-8	1.124136E-8	1.168022E-8	1.180155E-8	1.235779E-8	1.212716E-8	1.207661E-8	1.360150E-8	1.345520E-8	1.293104E-8	1.324285E-8	1.326556E-8	1.264866E-8	1.391779E-8	1.426073E-8	1.302569E-8	1.459596E-8
   0:35:44	1	2.602829E+1	4.347277E+2	4.304400E-7	4.301824E-7	1.209556E-8	1.291139E-8	1.341059E-8	1.359463E-8	1.405137E-8	1.389656E-8	1.375525E-8	1.414953E-8	1.346219E-8	1.459186E-8	1.380142E-8	1.408167E-8	1.324237E-8	1.230101E-8	1.309769E-8	1.280318E-8	1.172131E-8	1.217171E-8	1.230101E-8	1.287611E-8	1.263884E-8	1.258678E-8	1.417497E-8	1.401087E-8	1.347998E-8	1.379572E-8	1.383195E-8	1.317747E-8	1.450796E-8	1.486827E-8	1.357250E-8	1.522074E-8
   0:35:58	1	2.602814E+1	4.358028E+2	4.523800E-7	4.517568E-7	1.270356E-8	1.356178E-8	1.408721E-8	1.426799E-8	1.474860E-8	1.458838E-8	1.443802E-8	1.483984E-8	1.413797E-8	1.530729E-8	1.450204E-8	1.478060E-8	1.390576E-8	1.291750E-8	1.375235E-8	1.343847E-8	1.230933E-8	1.278361E-8	1.292102E-8	1.352514E-8	1.329306E-8	1.321784E-8	1.488417E-8	1.470673E-8	1.417029E-8	1.448971E-8	1.453478E-8	1.383708E-8	1.524185E-8	1.561356E-8	1.426162E-8	1.598961E-8
   0:36:12	1	2.602700E+1	4.368779E+2	4.742400E-7	4.736563E-7	1.331615E-8	1.422655E-8	1.476231E-8	1.494611E-8	1.546630E-8	1.529535E-8	1.513766E-8	1.556364E-8	1.483124E-8	1.604554E-8	1.520462E-8	1.549854E-8	1.457802E-8	1.354332E-8	1.440733E-8	1.408021E-8	1.290940E-8	1.340583E-8	1.355370E-8	1.417116E-8	1.392002E-8	1.387182E-8	1.561004E-8	1.541630E-8	1.485461E-8	1.518710E-8	1.523016E-8	1.451246E-8	1.599349E-8	1.637831E-8	1.495149E-8	1.678754E-8
   0:36:26	1	2.602746E+1	4.379530E+2	4.993400E-7	4.989089E-7	1.402587E-8	1.498167E-8	1.554588E-8	1.573327E-8	1.628625E-8	1.609535E-8	1.594506E-8	1.638350E-8	1.562416E-8	1.690006E-8	1.602582E-8	1.632542E-8	1.534871E-8	1.424860E-8	1.517012E-8	1.481359E-8	1.360670E-8	1.411529E-8	1.428490E-8	1.493635E-8	1.466472E-8	1.459907E-8	1.645124E-8	1.623905E-8	1.565338E-8	1.600991E-8	1.604388E-8	1.527977E-8	1.686491E-8	1.726078E-8	1.574742E-8	1.769823E-8
   0:36:40	1	2.602556E+1	4.390281E+2	5.232200E-7	5.230898E-7	1.471301E-8	1.570698E-8	1.630456E-8	1.649435E-8	1.707509E-8	1.687474E-8	1.669472E-8	1.716317E-8	1.636941E-8	1.770364E-8	1.679960E-8	1.711699E-8	1.608159E-8	1.494132E-8	1.589757E-8	1.553381E-8	1.426480E-8	1.481021E-8	1.496973E-8	1.565936E-8	1.537037E-8	1.531919E-8	1.724927E-8	1.703039E-8	1.641696E-8	1.678498E-8	1.684281E-8	1.603873E-8	1.769409E-8	1.810315E-8	1.650077E-8	1.856448E-8
   0:36:54	1	2.602640E+1	4.401032E+2	5.535400E-7	5.530426E-7	1.554475E-8	1.660517E-8	1.723010E-8	1.743453E-8	1.805749E-8	1.783415E-8	1.763729E-8	1.814169E-8	1.731915E-8	1.871589E-8	1.774592E-8	1.809309E-8	1.700514E-8	1.577748E-8	1.678394E-8	1.641586E-8	1.508792E-8	1.565983E-8	1.583195E-8	1.656328E-8	1.627793E-8	1.618767E-8	1.825020E-8	1.800867E-8	1.735696E-8	1.775193E-8	1.779588E-8	1.696364E-8	1.872142E-8	1.914334E-8	1.745381E-8	1.964656E-8
   0:37:08	1	2.602799E+1	4.411783E+2	5.861800E-7	5.862325E-7	1.647904E-8	1.761414E-8	1.826678E-8	1.847079E-8	1.911654E-8	1.889980E-8	1.868251E-8	1.921122E-8	1.835973E-8	1.982964E-8	1.880959E-8	1.917016E-8	1.801191E-8	1.671638E-8	1.780093E-8	1.737233E-8	1.600227E-8	1.661733E-8	1.678897E-8	1.754431E-8	1.724607E-8	1.715976E-8	1.933080E-8	1.908974E-8	1.842433E-8	1.881176E-8	1.887813E-8	1.797085E-8	1.987076E-8	2.031235E-8	1.851017E-8	2.086338E-8
   0:37:22	1	2.602700E+1	4.422535E+2	6.202300E-7	6.204364E-7	1.744946E-8	1.863201E-8	1.931888E-8	1.953261E-8	2.022552E-8	1.998738E-8	1.975774E-8	2.031682E-8	1.943067E-8	2.096898E-8	1.994566E-8	2.029667E-8	1.905416E-8	1.769017E-8	1.881748E-8	1.837811E-8	1.694690E-8	1.758604E-8	1.778422E-8	1.855932E-8	1.825479E-8	1.816594E-8	2.047011E-8	2.019064E-8	1.948931E-8	1.993132E-8	1.997965E-8	1.902884E-8	2.105186E-8	2.150696E-8	1.959863E-8	2.208956E-8
