APD#	0008	Started	06/25/07 14:47	Sense_ohms	1.004464E+6	1.004628E+6	1.002105E+6	1.000924E+6	9.998282E+5	1.007735E+6	1.002821E+6	9.989270E+5	9.993226E+5	1.002376E+6	1.001862E+6	1.003102E+6	1.000030E+6	1.003780E+6	1.000011E+6	1.000898E+6	9.999006E+5	1.006439E+6	1.005624E+6	1.010450E+6	1.003884E+6	1.005600E+6	1.002519E+6	1.006362E+6	1.004620E+6	1.008599E+6	1.003214E+6	1.000475E+6	1.003139E+6	9.996927E+5	1.009944E+6	1.000506E+6					
ElapTime	Shutter_Open	DegC	H2O_In	H2O_Out	TE_A	TE_V	BiasV	KE237_Amps	Pixel_Sum	A1	A2	A3	A4	A5	A6	A7	A8	B1	B2	B3	B4	B5	B6	B7	B8	C1	C2	C3	C4	C5	C6	C7	C8	D1	D2	D3	D4	D5	D6	D7	D8
0:00:00	0	-1.499641E+1	1.525900E+1	1.577900E+1	1.580422E+0	1.820248E+0	0.000000E+0	-8.023000E-11	-2.065986E-10	-1.702400E-12	-6.179402E-12	-3.918751E-12	-5.442971E-12	-4.941849E-12	-5.342674E-12	-4.674812E-12	-5.960396E-12	-5.451693E-12	-8.973679E-12	-5.184347E-12	-1.793437E-11	-5.320840E-12	-9.718265E-12	-9.247898E-12	-6.328317E-12	-6.398636E-12	-6.672039E-12	-9.763092E-12	-5.955762E-12	-1.312502E-11	-4.850835E-12	-6.444766E-12	-7.238946E-12	-4.855567E-12	-4.710494E-12	-4.987969E-12	-5.065594E-12	-4.798936E-12	-6.272928E-12	-4.766601E-12	-4.368789E-12
0:00:13	0	-1.499406E+1	1.526600E+1	1.577200E+1	1.580536E+0	1.820350E+0	0.000000E+0	-8.884000E-11	-4.210395E-10	-1.891556E-13	-1.342985E-11	-1.169438E-11	-1.291007E-11	-1.368435E-11	-1.225719E-11	-1.073871E-11	-1.179466E-11	-1.267759E-11	-1.554606E-11	-1.125404E-11	-1.079850E-11	-9.627711E-12	-1.533503E-11	-2.692170E-11	-1.297435E-11	-1.273327E-11	-1.170662E-11	-1.492904E-11	-1.448167E-11	-2.139092E-11	-1.234686E-11	-1.263717E-11	-1.611349E-11	-1.298899E-11	-1.337697E-11	-1.351257E-11	-1.158650E-11	-1.256655E-11	-1.260988E-11	-1.197987E-11	-1.424579E-11
0:00:26	0	-1.499580E+1	1.526300E+1	1.577200E+1	1.580295E+0	1.818741E+0	1.000000E+1	8.029000E-11	-3.401420E-10	-1.513245E-12	-1.122306E-11	-1.061965E-11	-1.158130E-11	-1.153098E-11	-1.276030E-11	-1.042260E-11	-9.765478E-12	-1.128264E-11	-7.141033E-12	-1.378334E-11	0.000000E+0	-1.019869E-11	-1.268405E-11	-1.323885E-11	-1.202520E-11	-1.469746E-11	-1.183281E-11	-4.661782E-12	-1.504577E-11	-1.577872E-12	-1.052009E-11	-1.225812E-11	-1.365910E-11	-1.179053E-11	-1.117887E-11	-1.250182E-11	-1.215623E-11	-1.142912E-11	-1.140550E-11	-1.191749E-11	-1.373905E-11
0:00:40	0	-1.499444E+1	1.525200E+1	1.576900E+1	1.576545E+0	1.816423E+0	2.000000E+1	1.421500E-10	-3.144172E-10	3.783112E-13	-1.071939E-11	-8.786504E-12	-1.132853E-11	-1.134095E-11	-1.181759E-11	-1.086435E-11	-4.883240E-12	-1.115656E-11	-1.390696E-12	-1.201363E-11	-1.256702E-11	-1.076868E-11	-1.255853E-11	-8.931902E-12	-9.746248E-12	-1.463445E-11	-1.233656E-11	3.590805E-12	-1.560988E-11	6.814532E-12	-1.108691E-11	-1.137335E-11	-1.334410E-11	-1.128685E-11	-1.174401E-11	-1.218683E-11	-1.171344E-11	-1.294536E-11	-1.146852E-11	-1.279477E-11	-1.380202E-11
0:00:53	0	-1.499550E+1	1.527400E+1	1.578500E+1	1.579776E+0	1.819526E+0	3.000000E+1	1.948100E-10	-2.662676E-10	1.198649E-12	-1.147589E-11	-1.118845E-11	-9.619112E-12	-9.946709E-12	-1.288632E-11	-1.105382E-11	-9.828546E-12	-1.255050E-11	2.401295E-12	-1.125404E-11	-4.988526E-12	-1.032469E-11	-1.249477E-11	8.869902E-13	-8.797100E-12	-1.374737E-11	-1.239916E-11	1.492904E-11	-1.416794E-11	1.609050E-11	-1.070903E-11	-1.086762E-11	-1.170752E-11	-1.071948E-11	-1.073965E-11	-1.098669E-11	-1.329568E-11	-1.123972E-11	-1.134249E-11	-1.154024E-11	-1.190298E-11
0:01:07	0	-1.499580E+1	1.523700E+1	1.575700E+1	1.579750E+0	1.818171E+0	4.000000E+1	2.229700E-10	-2.496151E-10	1.828836E-12	-1.109764E-11	-1.011371E-11	-1.012564E-11	-7.729328E-12	-1.074886E-11	-8.969696E-12	-2.289156E-11	-1.121960E-11	5.055987E-12	-1.005328E-11	1.698731E-11	-9.121726E-12	-1.180039E-11	-9.564895E-12	-1.094917E-11	-1.070606E-11	-1.195900E-11	1.996770E-11	-1.529616E-11	1.653179E-11	-1.070903E-11	-1.023621E-11	-1.221131E-11	-1.109773E-11	-1.168155E-11	-1.218683E-11	-1.304280E-11	-1.092471E-11	-1.184864E-11	-1.110161E-11	-1.259962E-11
0:01:20	0	-1.499444E+1	1.522700E+1	1.574100E+1	1.575747E+0	1.815523E+0	5.000000E+1	2.716400E-10	-2.319162E-10	8.830580E-13	-1.185414E-11	-8.976105E-12	-1.075906E-11	-1.045380E-11	-1.376652E-11	-9.600916E-12	-7.546097E-12	-1.198012E-11	7.582983E-12	-1.188687E-11	1.326086E-11	-9.247723E-12	-1.180039E-11	-2.489473E-11	-9.873134E-12	-1.374737E-11	-1.126646E-11	3.111700E-11	-1.448167E-11	2.700710E-11	-9.133850E-12	-1.061526E-11	-1.177012E-11	-9.205471E-12	-1.030043E-11	-9.597155E-12	-1.203029E-11	-1.206114E-11	-1.191266E-11	-1.097586E-11	-1.202991E-11
0:01:34	0	-1.499466E+1	1.524600E+1	1.573900E+1	1.578686E+0	1.818234E+0	6.000000E+1	3.071400E-10	-1.854295E-10	1.387805E-12	-9.772772E-12	-8.470170E-12	-9.872877E-12	-1.032677E-11	-1.037177E-11	-8.653588E-12	5.834260E-12	-1.128264E-11	7.646831E-12	-1.530051E-11	5.431153E-12	-8.107757E-12	-1.053916E-11	-1.178187E-11	-9.493475E-12	-1.374737E-11	-1.176922E-11	3.691240E-11	-1.579791E-11	4.107746E-11	-7.936555E-12	-9.540966E-12	-1.114112E-11	-1.103402E-11	-9.483452E-12	-1.123888E-11	-1.088983E-11	-1.174513E-11	-1.235580E-11	-1.128973E-11	-1.177604E-11
0:01:47	0	-1.508108E+1	1.524100E+1	1.574100E+1	1.577457E+0	1.817347E+0	7.000000E+1	3.361700E-10	-1.611156E-10	2.774614E-12	-1.103393E-11	-7.901368E-12	-8.733930E-12	-9.186578E-12	-7.417625E-12	-1.017031E-11	-1.249240E-11	-1.128264E-11	8.721278E-12	-1.283510E-11	8.461752E-12	-8.677740E-12	-1.217996E-11	4.243953E-12	-8.986930E-12	-1.241723E-11	-1.189541E-11	4.371515E-11	-1.341580E-11	4.404393E-11	-6.677605E-12	-9.351444E-12	-1.120372E-11	-1.021481E-11	-9.106692E-12	-1.029192E-11	-1.126965E-11	-1.168233E-11	-1.020214E-11	-1.235613E-11	-1.209288E-11
0:02:01	0	-1.499504E+1	1.524100E+1	1.573700E+1	1.581055E+0	1.819780E+0	8.000000E+1	3.774000E-10	-1.635504E-10	1.261369E-12	-9.458227E-12	-9.102839E-12	-1.018958E-11	-8.743502E-12	-7.794708E-12	-1.099099E-11	-1.851687E-11	-1.147277E-11	1.067963E-11	-1.270834E-11	1.029307E-11	-8.361749E-12	-1.230549E-11	-9.944891E-12	-7.341407E-12	-9.945989E-12	-1.189541E-11	5.039259E-11	-1.197387E-11	5.123700E-11	-6.173429E-12	-1.055242E-11	-1.032332E-11	-9.836555E-12	-1.080211E-11	-1.174425E-11	-1.164947E-11	-1.123972E-11	-1.020214E-11	-1.110161E-11	-1.304240E-11
0:02:14	0	-1.509796E+1	1.524300E+1	1.575100E+1	1.574442E+0	1.814725E+0	9.000000E+1	4.100000E-10	-1.641430E-10	2.269867E-12	-1.002560E-11	-9.418175E-12	-1.126459E-11	-8.743502E-12	-7.542658E-12	-7.706261E-12	-2.048198E-11	-1.236037E-11	1.080632E-11	-1.226616E-11	2.033392E-11	-9.437717E-12	-1.186415E-11	-1.342885E-11	-9.683304E-12	-1.020001E-11	-1.107767E-11	5.832896E-11	-1.404226E-11	5.016416E-11	-8.000199E-12	-9.540966E-12	-9.567134E-12	-9.080050E-12	-1.161909E-11	-2.292033E-11	-1.051001E-11	-1.199834E-11	-1.039219E-11	-1.141548E-11	-1.145920E-11
0:02:28	0	-1.499504E+1	1.523400E+1	1.574000E+1	1.570464E+0	1.809531E+0	1.000000E+2	4.403900E-10	-1.042997E-10	3.846828E-12	-1.053027E-11	-7.901368E-12	-1.012564E-11	-9.123567E-12	-8.045766E-12	-9.979847E-12	-1.363363E-11	-1.140973E-11	1.346002E-11	-1.365657E-11	2.696436E-11	-6.080818E-12	-9.907549E-12	-1.083188E-11	-9.809191E-12	-1.267026E-11	-1.170662E-11	6.513269E-11	-1.147212E-11	6.284690E-11	-4.913484E-12	-9.351444E-12	-1.013452E-11	-1.059306E-11	-8.980774E-12	-1.104949E-11	-1.044704E-11	-1.123972E-11	-1.064527E-11	-1.078773E-11	-1.152317E-11
0:02:42	0	-1.499596E+1	1.522500E+1	1.573400E+1	1.569780E+0	1.809392E+0	1.200000E+2	5.684600E-10	-3.565642E-11	1.955272E-12	-9.520937E-12	-7.901368E-12	-9.808937E-12	-1.032677E-11	-7.983250E-12	-7.200687E-12	3.170402E-12	-1.014187E-11	2.110685E-11	-1.409975E-11	1.313525E-11	-7.600772E-12	-9.907549E-12	-8.229909E-13	-7.404351E-12	-1.368336E-11	-9.063639E-12	8.037597E-11	-1.410560E-11	8.562643E-11	-2.519889E-12	-8.466672E-12	-9.315733E-12	-9.772849E-12	-9.483452E-12	-9.597155E-12	-1.013019E-11	-1.206114E-11	-9.060784E-12	-1.053722E-11	-1.050968E-11
0:02:55	0	-1.499664E+1	1.520600E+1	1.572200E+1	1.566094E+0	1.805832E+0	1.400000E+2	6.648500E-10	1.153881E-11	2.711894E-12	-8.764438E-12	-8.976105E-12	-7.657924E-12	-7.982371E-12	-6.725975E-12	-8.085192E-12	-4.248559E-12	-9.318312E-12	2.881653E-11	-1.188687E-11	1.806097E-11	-7.347780E-12	-9.023890E-12	-1.266986E-12	-3.607760E-12	-1.121311E-11	-1.088889E-11	9.448561E-11	-1.423029E-11	9.736284E-11	-5.668258E-13	-7.645740E-12	-7.741747E-12	-9.521013E-12	-9.295072E-12	-1.041851E-11	-1.006722E-11	-1.123972E-11	-9.124804E-12	-1.254426E-11	-1.050968E-11
0:03:09	0	-1.499550E+1	1.522400E+1	1.571900E+1	1.570122E+0	1.808860E+0	1.600000E+2	7.646000E-10	8.594797E-11	3.405797E-12	-8.448898E-12	-7.648899E-12	-9.049638E-12	-6.716154E-12	-6.788491E-12	-4.737635E-12	-1.718444E-11	-9.064140E-12	3.873796E-11	-1.315151E-11	4.388886E-11	-4.877854E-12	-8.203989E-12	4.813947E-12	-5.443112E-12	-1.032603E-11	-9.692589E-12	1.081547E-10	-1.423029E-11	1.060073E-10	3.024065E-12	-5.686675E-12	-6.546352E-12	-7.692461E-12	-8.227254E-12	-8.144823E-12	-1.044704E-11	-1.319757E-11	-8.047473E-12	-8.718305E-12	-9.813035E-12
0:03:23	0	-1.499596E+1	1.523400E+1	1.572800E+1	1.570224E+0	1.810038E+0	1.800000E+2	5.607000E-10	1.761759E-10	4.667166E-12	-6.684066E-12	-7.205832E-12	-6.708801E-12	-5.764990E-12	-5.029100E-12	-3.284734E-12	-1.902041E-13	-7.670196E-12	5.005008E-11	-1.232904E-11	5.721253E-11	-1.899943E-12	-5.679531E-12	-8.804903E-12	-3.987419E-12	-1.000899E-11	-8.244911E-12	1.249105E-10	-1.435598E-11	1.234864E-10	5.984487E-12	-4.991427E-12	-5.224760E-12	-7.125082E-12	-7.976411E-12	-1.262841E-11	-1.019416E-11	-9.408467E-12	-7.097181E-12	-9.156943E-12	-8.483707E-12
0:03:37	0	-1.499786E+1	1.522600E+1	1.572200E+1	1.563054E+0	1.803489E+0	2.000000E+2	9.473000E-10	2.573112E-10	3.216641E-12	-6.242112E-12	-4.867753E-12	-6.455036E-12	-3.104533E-12	-1.822900E-12	-1.263436E-12	8.179777E-12	-7.860325E-12	5.908661E-11	-1.340404E-11	6.700116E-11	-2.529924E-13	-5.111678E-12	-8.234909E-12	-2.594670E-12	-1.172016E-11	-9.441208E-12	1.378865E-10	-1.454402E-11	1.403967E-10	1.020485E-11	-2.843836E-12	-3.335778E-12	-8.448966E-12	-7.347816E-12	-9.471558E-12	-8.863790E-12	-9.282861E-12	-5.385655E-12	-8.530176E-12	-8.230835E-12
0:03:50	0	-1.499398E+1	1.522100E+1	1.572000E+1	1.564181E+0	1.803818E+0	2.200000E+2	1.110500E-9	3.669766E-10	4.603450E-12	-6.557651E-12	-3.855883E-12	-3.480784E-12	1.077185E-12	2.577066E-12	5.683966E-13	-6.912417E-12	-7.606152E-12	7.570712E-11	-1.327728E-11	7.729423E-11	1.963941E-12	-4.038734E-12	2.204376E-11	-6.963747E-13	-1.146614E-11	-8.559883E-12	1.519335E-10	-1.341580E-11	1.546573E-10	1.455151E-11	2.523643E-13	-2.514006E-13	-6.809540E-12	-7.096973E-12	-9.850341E-12	-7.724331E-12	-1.092471E-11	-3.358032E-12	-6.773643E-12	-7.597156E-12
0:04:04	0	-1.499527E+1	1.521500E+1	1.572300E+1	1.566892E+0	1.806479E+0	2.400000E+2	1.228600E-9	4.755636E-10	6.558722E-12	-4.413574E-12	-2.085610E-12	-9.491230E-13	3.484599E-12	6.852000E-12	6.380002E-12	-1.966110E-12	-6.338294E-12	8.828324E-11	-1.359369E-11	1.026805E-10	9.057728E-12	2.520473E-13	2.659971E-12	1.076034E-12	-1.222722E-11	-9.188833E-12	1.662321E-10	-1.354050E-11	1.683501E-10	2.059865E-11	2.843836E-12	1.951584E-12	-4.161773E-12	-6.279998E-12	-9.597155E-12	-7.281541E-12	-8.650845E-12	-1.204370E-12	-4.014084E-12	-6.204860E-12
0:04:18	0	-1.499611E+1	1.525000E+1	1.575100E+1	1.567906E+0	1.807188E+0	2.600000E+2	1.420000E-9	6.391923E-10	1.053199E-11	-2.333202E-12	2.718278E-12	4.050258E-12	1.007373E-11	1.376652E-11	1.364351E-11	-5.075446E-13	-6.085122E-12	1.021224E-10	-1.220328E-11	1.177099E-10	1.558253E-11	4.670346E-12	1.089488E-11	6.138488E-12	-9.692963E-12	-7.867342E-12	1.821058E-10	-1.510812E-11	1.828000E-10	2.885044E-11	1.004669E-11	6.735151E-12	-4.035357E-12	-5.966692E-12	-8.524602E-12	-5.255504E-12	-4.862736E-12	3.358032E-12	-1.568404E-12	-2.595687E-12
0:04:32	0	-1.499550E+1	1.524300E+1	1.574700E+1	1.572327E+0	1.811014E+0	2.800000E+2	1.627500E-9	8.171162E-10	1.027911E-11	-8.192087E-13	5.689025E-12	7.531041E-12	2.014746E-11	2.501749E-11	2.292932E-11	1.699423E-11	-4.817263E-12	1.171626E-10	-1.283510E-11	1.279401E-10	2.407028E-11	1.230549E-11	1.450584E-11	1.107505E-11	-1.020001E-11	-7.363586E-12	1.947666E-10	-1.423029E-11	2.019197E-10	3.905529E-11	1.933529E-11	9.755933E-12	-3.027015E-12	-6.091618E-12	-8.713993E-12	-4.748744E-12	-5.304350E-12	8.870726E-12	3.637825E-12	2.278847E-12
0:04:46	0	-1.499406E+1	1.524100E+1	1.574100E+1	1.567969E+0	1.808201E+0	3.000000E+2	1.913900E-9	1.086498E-9	1.500900E-11	2.206787E-12	1.245279E-11	1.645480E-11	3.332473E-11	4.148710E-11	3.733169E-11	2.917030E-11	-1.267859E-12	1.330878E-10	-1.201363E-11	1.340023E-10	3.686589E-11	2.044671E-11	5.232242E-11	1.753126E-11	-9.945989E-12	-7.112205E-12	2.075537E-10	-1.341580E-11	2.220486E-10	5.266110E-11	3.159242E-11	1.661728E-11	-6.271028E-14	-4.648032E-12	-7.703242E-12	-1.836128E-12	-5.367153E-12	2.021321E-11	1.154024E-11	5.950989E-12
0:04:59	0	-1.499550E+1	1.523500E+1	1.573400E+1	1.567285E+0	1.806782E+0	3.200000E+2	2.337500E-9	1.441470E-9	2.017992E-11	5.926572E-12	2.256650E-11	3.018711E-11	5.556255E-11	6.455566E-11	6.000872E-11	2.232095E-11	2.408632E-12	1.528678E-10	-1.194975E-11	1.760589E-10	5.992220E-11	3.502361E-11	5.605938E-11	3.101115E-11	-8.868882E-12	-4.594417E-12	2.230496E-10	-1.391756E-11	2.476033E-10	7.458234E-11	5.351819E-11	2.744341E-11	-3.155422E-13	-4.081900E-12	-7.892633E-12	4.427897E-13	-2.588874E-12	3.383640E-11	2.427263E-11	1.627177E-11
0:05:13	0	-1.499679E+1	1.525200E+1	1.575000E+1	1.572200E+0	1.811406E+0	3.400000E+2	3.006400E-9	2.441605E-9	2.875663E-11	1.109764E-11	3.906477E-11	5.069216E-11	8.882426E-11	1.089344E-10	1.002452E-10	4.312027E-11	6.338294E-12	1.636741E-10	-1.182299E-11	2.066231E-10	9.811806E-11	5.395605E-11	5.877075E-10	3.923876E-11	-1.381037E-11	-6.797233E-12	2.311759E-10	-1.379187E-11	2.662180E-10	1.337947E-10	8.637442E-11	2.070825E-11	-2.080389E-12	-3.015073E-12	-7.892633E-12	5.508384E-12	-1.266026E-13	5.766172E-11	4.202312E-11	3.108627E-11
0:05:27	0	-1.499520E+1	1.526700E+1	1.575500E+1	1.568767E+0	1.809329E+0	3.600000E+2	5.136300E-9	4.592481E-9	4.855923E-11	2.749077E-11	7.490632E-11	9.505617E-11	1.624439E-10	1.836098E-10	1.759187E-10	1.050747E-10	1.616395E-11	1.975466E-10	-1.428939E-11	2.411031E-10	1.738768E-10	1.091106E-10	1.661961E-9	8.404653E-11	-1.374737E-11	8.813251E-13	2.533482E-10	-1.385422E-11	3.196007E-10	2.217949E-10	1.549317E-10	5.539060E-11	1.450300E-12	-1.444578E-12	-4.798577E-12	1.772858E-11	5.872566E-12	1.066418E-10	8.260359E-11	6.350287E-11
0:05:40	0	-1.499451E+1	1.528500E+1	1.577300E+1	1.570262E+0	1.810811E+0	3.610000E+2	5.485400E-9	4.725061E-9	4.975689E-11	2.572594E-11	7.806667E-11	9.714424E-11	1.670057E-10	1.915305E-10	1.820464E-10	9.093457E-11	1.768498E-11	1.988106E-10	-1.106440E-11	2.487434E-10	1.786906E-10	1.152952E-10	1.716563E-9	8.778017E-11	-9.375932E-12	5.663533E-13	2.518367E-10	-1.492009E-11	3.200420E-10	2.296689E-10	1.606812E-10	7.458946E-11	-3.530688E-12	-1.947256E-12	-8.271416E-12	1.912092E-11	8.335834E-12	1.112682E-10	8.555128E-11	6.673123E-11
0:05:54	0	-1.499657E+1	1.526700E+1	1.576400E+1	1.570604E+0	1.809759E+0	3.620000E+2	5.577700E-9	4.894069E-9	5.133385E-11	2.805815E-11	7.888794E-11	9.999261E-11	1.732148E-10	1.985075E-10	1.886787E-10	9.137805E-11	1.774902E-11	2.016539E-10	-1.327728E-11	2.635206E-10	1.800206E-10	1.219849E-10	1.796187E-9	9.518552E-11	-7.158712E-12	-1.261875E-13	2.521509E-10	-1.291405E-11	3.176443E-10	2.394958E-10	1.647251E-10	7.351927E-11	-1.198463E-12	-1.067818E-12	-6.124316E-12	2.038732E-11	9.913880E-12	1.138660E-10	8.962873E-11	6.825146E-11
0:06:07	0	-1.499520E+1	1.528000E+1	1.576900E+1	1.566892E+0	1.807200E+0	3.630000E+2	5.755400E-9	5.141873E-9	5.183760E-11	2.761719E-11	8.268096E-11	1.033465E-10	1.781566E-10	2.056106E-10	1.951216E-10	1.126849E-10	2.098121E-11	1.980524E-10	-1.251869E-11	2.494382E-10	1.917392E-10	1.244456E-10	1.968229E-9	9.335017E-11	-7.665762E-12	-6.259694E-14	2.497574E-10	-1.379187E-11	3.258474E-10	2.469918E-10	1.718022E-10	7.320427E-11	7.565049E-13	-1.444578E-12	-3.410040E-12	2.000750E-11	7.703818E-12	1.185544E-10	9.314081E-11	6.970773E-11
0:06:21	0	-1.499748E+1	1.526800E+1	1.575200E+1	1.568830E+0	1.809139E+0	3.640000E+2	5.945200E-9	5.093858E-9	5.480236E-11	3.108514E-11	8.539923E-11	1.082200E-10	1.833515E-10	2.095710E-10	1.984063E-10	1.128110E-10	2.022070E-11	2.051296E-10	-1.359369E-11	2.414181E-10	1.973131E-10	1.277900E-10	1.852880E-9	9.809691E-11	-9.628957E-12	6.259694E-14	2.517104E-10	-1.460636E-11	3.349331E-10	2.561893E-10	1.767937E-10	7.383427E-11	8.829209E-13	-1.758875E-12	-4.672981E-12	2.045029E-11	8.650845E-12	1.229268E-10	9.314081E-11	7.204954E-11
0:06:34	0	-1.509477E+1	1.525400E+1	1.574800E+1	1.567880E+0	1.807087E+0	3.650000E+2	6.079500E-9	5.142060E-9	5.763970E-11	3.083330E-11	8.716951E-11	1.125230E-10	1.925381E-10	2.167365E-10	2.049129E-10	1.093874E-10	2.136147E-11	2.050668E-10	-1.176010E-11	2.659839E-10	2.006070E-10	1.339746E-10	1.788649E-9	1.021473E-10	-7.918787E-12	1.573866E-12	2.503242E-10	-1.473205E-11	3.279293E-10	2.645038E-10	1.841860E-10	8.390520E-11	1.072047E-12	-5.026775E-13	-2.778071E-12	2.355281E-11	1.105031E-11	1.268550E-10	9.878568E-11	7.648230E-11
0:06:48	0	-1.499451E+1	1.521800E+1	1.572700E+1	1.556454E+0	1.797396E+0	3.660000E+2	6.198000E-9	5.585371E-9	5.858547E-11	3.177893E-11	9.285853E-11	1.148649E-10	1.968458E-10	2.259136E-10	2.145139E-10	1.037433E-10	2.256629E-11	2.027922E-10	-1.232904E-11	2.676886E-10	2.124526E-10	1.382664E-10	2.161684E-9	1.056281E-10	-8.171812E-12	1.762650E-12	2.530966E-10	-1.435598E-11	3.292542E-10	2.715593E-10	1.895575E-10	8.780737E-11	-2.080389E-12	-1.067818E-12	-4.609186E-12	2.273020E-11	9.724475E-12	1.330019E-10	9.991445E-11	7.939383E-11
0:07:01	0	-1.499573E+1	1.522700E+1	1.572400E+1	1.560166E+0	1.800550E+0	3.670000E+2	6.530200E-9	5.720350E-9	5.801801E-11	3.518317E-11	9.437534E-11	1.189151E-10	2.043851E-10	2.331426E-10	2.214623E-10	1.259381E-10	2.275642E-11	2.079110E-10	-1.397298E-11	2.579638E-10	2.187864E-10	1.412321E-10	2.179168E-9	1.113240E-10	8.870882E-13	2.265413E-12	2.518993E-10	-1.329012E-11	3.324099E-10	2.840314E-10	1.969499E-10	8.453419E-11	6.179451E-12	-1.005355E-12	-6.124316E-12	2.507309E-11	1.054590E-11	1.390847E-10	1.071277E-10	8.319290E-11
0:07:15	0	-1.499535E+1	1.524900E+1	1.573800E+1	1.560710E+0	1.799511E+0	3.680000E+2	6.510400E-9	5.876907E-9	6.293705E-11	3.556142E-11	9.949556E-11	1.243581E-10	2.112283E-10	2.407488E-10	2.295474E-10	1.211190E-10	2.370706E-11	2.151149E-10	-1.365657E-11	2.681941E-10	2.225873E-10	1.493096E-10	2.222179E-9	1.080959E-10	-9.438938E-12	2.957954E-12	2.534108E-10	-1.423029E-11	3.473638E-10	2.944252E-10	2.055432E-10	1.055574E-10	-9.016344E-12	-1.259172E-13	-3.410040E-12	2.912517E-11	1.117692E-11	1.433931E-10	1.115804E-10	8.806844E-11
0:07:28	0	-1.499466E+1	1.521600E+1	1.572200E+1	1.556163E+0	1.796281E+0	3.690000E+2	6.744400E-9	6.022267E-9	6.501876E-11	3.764279E-11	1.034143E-10	1.289139E-10	2.188936E-10	2.496113E-10	2.373804E-10	1.235916E-10	2.700329E-11	2.102484E-10	-1.182299E-11	2.641526E-10	2.329120E-10	1.564407E-10	2.269370E-9	1.193608E-10	-9.248919E-12	3.272926E-12	2.566864E-10	-1.498243E-11	3.463548E-10	3.029922E-10	2.126833E-10	9.857089E-11	1.828552E-12	1.067818E-12	-4.609186E-12	2.887129E-11	1.319757E-11	1.481455E-10	1.160342E-10	8.927083E-11
0:07:42	0	-1.499786E+1	1.522000E+1	1.571100E+1	1.559317E+0	1.799879E+0	3.700000E+2	6.879900E-9	6.221929E-9	6.621641E-11	3.928220E-11	1.072073E-10	1.335346E-10	2.280802E-10	2.597945E-10	2.476135E-10	1.263185E-10	2.681316E-11	2.130927E-10	-1.100152E-11	2.693933E-10	2.422237E-10	1.575764E-10	2.356785E-9	1.221463E-10	-7.665762E-12	2.706572E-12	2.580100E-10	-1.429363E-11	3.533586E-10	3.128819E-10	2.200756E-10	1.020329E-10	1.450300E-12	-1.005355E-12	-3.094056E-12	3.279742E-11	1.281876E-11	1.535322E-10	1.197977E-10	9.344971E-11
0:07:55	0	-1.499497E+1	1.520400E+1	1.571600E+1	1.560381E+0	1.799701E+0	3.710000E+2	6.990000E-9	6.375866E-9	6.457673E-11	3.909308E-11	1.104944E-10	1.396729E-10	2.355565E-10	2.688465E-10	2.567088E-10	1.276500E-10	2.738355E-11	2.141033E-10	-1.327728E-11	2.911798E-10	2.509645E-10	1.672319E-10	2.394411E-9	1.271458E-10	-6.841680E-12	5.413145E-12	2.571279E-10	-1.360384E-11	3.508344E-10	3.235909E-10	2.305014E-10	1.037957E-10	7.565049E-13	6.246288E-14	-3.978214E-12	3.058147E-11	1.528103E-11	1.594880E-10	1.246267E-10	9.648918E-11
0:08:09	0	-1.499626E+1	1.523000E+1	1.572000E+1	1.556581E+0	1.796813E+0	3.720000E+2	7.011000E-9	6.303619E-9	6.886558E-11	4.243461E-11	1.127068E-10	1.424574E-10	2.427157E-10	2.787777E-10	2.654262E-10	1.471179E-10	2.865141E-11	2.177057E-10	-1.321439E-11	2.831596E-10	2.596432E-10	1.722798E-10	2.199501E-9	1.306896E-10	-6.778674E-12	4.658007E-12	2.599620E-10	-1.410560E-11	3.585325E-10	3.349294E-10	2.375147E-10	1.099634E-10	1.450300E-12	1.193735E-12	-4.356997E-12	3.343012E-11	1.496602E-11	1.632902E-10	1.303349E-10	9.971754E-11
0:08:22	0	-1.499444E+1	1.523400E+1	1.571900E+1	1.558595E+0	1.797852E+0	3.730000E+2	7.369700E-9	6.702299E-9	7.201851E-11	4.483052E-11	1.191542E-10	1.505579E-10	2.552599E-10	2.899671E-10	2.731953E-10	1.530152E-10	3.169347E-11	2.221931E-10	-1.353081E-11	2.772241E-10	2.701579E-10	1.791588E-10	2.460226E-9	1.371448E-10	-8.868882E-12	3.587898E-12	2.598367E-10	-1.272601E-11	3.706484E-10	3.474016E-10	2.486985E-10	1.075090E-10	2.080389E-12	1.695421E-12	-3.788823E-12	3.273345E-11	1.856473E-11	1.719708E-10	1.369205E-10	1.037695E-10
0:08:36	0	-1.499641E+1	1.524000E+1	1.573500E+1	1.557328E+0	1.798143E+0	3.740000E+2	7.470800E-9	6.988752E-9	7.592806E-11	4.621810E-11	1.237685E-10	1.556841E-10	2.636863E-10	3.000243E-10	2.846919E-10	1.478787E-10	3.270816E-11	2.230141E-10	-1.125404E-11	3.004630E-10	2.810526E-10	1.852796E-10	2.610098E-9	1.413850E-10	-6.398636E-12	4.154251E-12	2.583878E-10	-1.397991E-11	3.676192E-10	3.568506E-10	2.560919E-10	1.248815E-10	2.458641E-12	9.419006E-13	-3.788823E-12	3.513931E-11	1.957555E-11	1.784969E-10	1.394295E-10	1.082652E-10
0:08:49	0	-1.499489E+1	1.526100E+1	1.574200E+1	1.561255E+0	1.801373E+0	3.750000E+2	7.872300E-9	7.058654E-9	7.958573E-11	4.899226E-11	1.289516E-10	1.626457E-10	2.754703E-10	3.132877E-10	2.981469E-10	1.497817E-10	3.346867E-11	2.259841E-10	-1.384722E-11	3.022943E-10	2.913143E-10	1.945566E-10	2.541750E-9	1.472078E-10	-5.828579E-12	5.979498E-12	2.626707E-10	-1.579791E-11	3.715310E-10	3.676223E-10	2.663281E-10	1.215457E-10	1.198463E-12	6.276032E-13	-2.904664E-12	3.545616E-11	2.128020E-11	1.874946E-10	1.477706E-10	1.140893E-10
0:09:03	0	-1.499580E+1	1.525400E+1	1.574500E+1	1.559190E+0	1.798739E+0	3.760000E+2	8.341600E-9	7.443221E-9	8.103625E-11	5.037984E-11	1.347673E-10	1.704935E-10	2.859881E-10	3.254824E-10	3.109059E-10	1.623372E-10	3.568717E-11	2.311029E-10	-1.391010E-11	3.176397E-10	3.034129E-10	2.040228E-10	2.743818E-9	1.519545E-10	-7.095705E-12	5.979498E-12	2.644348E-10	-1.485774E-11	3.822583E-10	3.731026E-10	2.783957E-10	1.409950E-10	2.522347E-12	1.318661E-12	-3.283447E-12	3.849571E-11	1.944895E-11	1.931344E-10	1.548581E-10	1.183951E-10
0:09:16	0	-1.499641E+1	1.525100E+1	1.574400E+1	1.557227E+0	1.798004E+0	3.770000E+2	8.422700E-9	7.943515E-9	8.595530E-11	5.384779E-11	1.404563E-10	1.772652E-10	2.973281E-10	3.381792E-10	3.205707E-10	1.800292E-10	3.606743E-11	2.315458E-10	-1.359369E-11	3.030519E-10	3.162085E-10	2.101437E-10	3.108427E-9	1.566383E-10	-9.375932E-12	5.601929E-12	2.655684E-10	-1.247563E-11	3.914078E-10	3.887241E-10	2.910329E-10	1.268957E-10	4.350899E-12	2.826693E-12	-2.336491E-12	4.121742E-11	2.090139E-11	2.029564E-10	1.596257E-10	1.244730E-10
0:09:30	0	-1.499504E+1	1.522800E+1	1.572800E+1	1.560786E+0	1.800778E+0	3.780000E+2	8.612500E-9	7.995571E-9	8.740582E-11	5.384779E-11	1.454508E-10	1.835934E-10	3.115205E-10	3.528259E-10	3.362365E-10	1.752100E-10	3.866619E-11	2.375486E-10	-1.258257E-11	3.138504E-10	3.295731E-10	2.187900E-10	2.965585E-9	1.671439E-10	-7.665762E-12	7.615961E-12	2.671436E-10	-1.354050E-11	3.998002E-10	4.023936E-10	3.024701E-10	1.488003E-10	4.224483E-12	3.956974E-12	-1.957708E-12	4.280067E-11	2.317525E-11	2.136647E-10	1.667756E-10	1.312476E-10
0:09:43	0	-1.499497E+1	1.525100E+1	1.573500E+1	1.558240E+0	1.798270E+0	3.790000E+2	8.865000E-9	8.184683E-9	9.049603E-11	5.693650E-11	1.520240E-10	1.932764E-10	3.240017E-10	3.682883E-10	3.505750E-10	1.736884E-10	4.139204E-11	2.406452E-10	-1.018004E-11	3.294481E-10	3.438887E-10	2.284445E-10	2.987122E-9	1.715739E-10	-5.954592E-12	7.993530E-12	2.689067E-10	-1.272601E-11	4.018821E-10	4.123459E-10	3.170025E-10	1.464712E-10	3.846230E-12	1.570495E-12	-2.525882E-12	4.584023E-11	2.380627E-11	2.225354E-10	1.746156E-10	1.374524E-10
0:09:57	0	-1.499641E+1	1.524600E+1	1.573700E+1	1.556910E+0	1.797852E+0	3.800000E+2	9.261100E-9	8.340713E-9	9.402726E-11	6.191844E-11	1.596729E-10	2.024529E-10	3.421848E-10	3.863287E-10	3.678822E-10	1.947410E-10	4.525866E-11	2.479130E-10	-1.062222E-11	3.365839E-10	3.632081E-10	2.428959E-10	2.895147E-9	1.825860E-10	-7.728768E-12	8.056127E-12	2.709860E-10	-1.479440E-11	4.093282E-10	4.319372E-10	3.321044E-10	1.614528E-10	3.216141E-12	1.758875E-12	-1.831115E-12	4.723256E-11	2.469050E-11	2.334337E-10	1.842122E-10	1.444799E-10
0:10:10	0	-1.499573E+1	1.523000E+1	1.573300E+1	1.560242E+0	1.800183E+0	3.810000E+2	9.256000E-9	8.824114E-9	9.888358E-11	6.223299E-11	1.651723E-10	2.109331E-10	3.552990E-10	4.020442E-10	3.834852E-10	2.101505E-10	4.519562E-11	2.511353E-10	-1.365657E-11	3.406882E-10	3.788546E-10	2.509733E-10	3.181082E-9	1.911294E-10	-8.425838E-12	8.937452E-12	2.706071E-10	-1.416794E-11	4.234623E-10	4.495744E-10	3.479635E-10	1.598789E-10	3.972646E-12	5.149718E-12	-2.147099E-12	5.122167E-11	2.683776E-11	2.449033E-10	1.912363E-10	1.515073E-10
0:10:24	0	-1.499763E+1	1.527400E+1	1.574700E+1	1.559101E+0	1.799689E+0	3.820000E+2	9.749000E-9	9.123264E-9	1.031087E-10	6.822326E-11	1.759187E-10	2.203634E-10	3.734822E-10	4.208388E-10	4.009818E-10	2.164913E-10	4.798450E-11	2.542319E-10	-1.391010E-11	3.489615E-10	3.955771E-10	2.691486E-10	3.239675E-9	2.010025E-10	-7.538749E-12	1.032253E-11	2.731906E-10	-1.366619E-11	4.323597E-10	4.660790E-10	3.645178E-10	1.679982E-10	3.657104E-12	2.700776E-12	-1.262941E-12	5.369050E-11	2.898402E-11	2.568159E-10	2.030281E-10	1.603079E-10
0:10:37	0	-1.499664E+1	1.528000E+1	1.577000E+1	1.560660E+0	1.800309E+0	3.830000E+2	9.945000E-9	9.070250E-9	1.067027E-10	6.967355E-11	1.815439E-10	2.344124E-10	3.910312E-10	4.437188E-10	4.237217E-10	2.115450E-10	5.178808E-11	2.614997E-10	-1.220328E-11	3.548971E-10	4.149596E-10	2.786776E-10	2.945316E-9	2.158122E-10	-5.828579E-12	9.943971E-12	2.773472E-10	-1.372953E-11	4.399951E-10	4.798111E-10	3.853693E-10	1.816573E-10	3.972646E-12	5.213172E-12	-2.588680E-12	5.432420E-11	3.018425E-11	2.703121E-10	2.118098E-10	1.693613E-10
0:10:51	0	-1.499603E+1	1.525200E+1	1.574400E+1	1.556619E+0	1.797142E+0	3.840000E+2	1.007900E-8	9.428685E-9	1.133251E-10	7.547470E-11	1.947550E-10	2.488421E-10	4.135861E-10	4.644624E-10	4.440613E-10	2.279055E-10	5.514736E-11	2.683245E-10	-1.220328E-11	3.771890E-10	4.393468E-10	2.924974E-10	2.996307E-9	2.256214E-10	-8.298825E-12	1.277673E-11	2.796154E-10	-1.379187E-11	4.509744E-10	4.973856E-10	4.055893E-10	1.877634E-10	5.107404E-12	3.139999E-12	-9.469565E-13	6.027537E-11	3.384676E-11	2.851396E-10	2.270502E-10	1.784157E-10
0:11:04	0	-1.499550E+1	1.524000E+1	1.573500E+1	1.559405E+0	1.800119E+0	3.850000E+2	1.043700E-8	9.541020E-9	1.185588E-10	7.730324E-11	2.046801E-10	2.594113E-10	4.350637E-10	4.886632E-10	4.693918E-10	2.533979E-10	5.736586E-11	2.748968E-10	-1.283510E-11	3.832512E-10	4.641771E-10	3.114926E-10	2.802854E-9	2.347982E-10	-5.764573E-12	1.258795E-11	2.809380E-10	-1.347815E-11	4.613860E-10	5.191179E-10	4.273246E-10	2.001000E-10	4.602735E-12	4.522114E-12	-9.469565E-13	6.331493E-11	3.473098E-11	3.002203E-10	2.417273E-10	1.881658E-10
0:11:18	0	-1.499580E+1	1.521900E+1	1.572600E+1	1.561420E+0	1.800512E+0	3.855917E+2	1.043800E-8	9.702709E-9	1.225320E-10	8.045565E-11	2.104320E-10	2.654227E-10	4.489391E-10	5.045662E-10	4.807618E-10	2.572030E-10	6.034488E-11	2.750235E-10	-1.454192E-11	3.848303E-10	4.755157E-10	3.186236E-10	2.792909E-9	2.403042E-10	-4.117409E-12	1.403562E-11	2.840873E-10	-1.297640E-11	4.751416E-10	5.276850E-10	4.401513E-10	2.116823E-10	4.791862E-12	4.584577E-12	-8.841583E-13	6.654339E-11	3.593022E-11	3.109926E-10	2.477484E-10	1.939908E-10
0:11:31	0	-1.499497E+1	1.522300E+1	1.572500E+1	1.556885E+0	1.796978E+0	3.861834E+2	1.052900E-8	9.669483E-9	1.257487E-10	8.411273E-11	2.217472E-10	2.761818E-10	4.617363E-10	5.206577E-10	4.987640E-10	2.572660E-10	6.395833E-11	2.806472E-10	-1.150757E-11	3.896294E-10	4.942022E-10	3.292883E-10	2.551758E-9	2.522025E-10	-4.434441E-12	1.290292E-11	2.842136E-10	-1.379187E-11	4.794319E-10	5.428033E-10	4.565799E-10	2.197390E-10	5.990325E-12	4.333734E-12	-1.200143E-12	6.920313E-11	3.927671E-11	3.187860E-10	2.566548E-10	2.026015E-10
0:11:45	0	-1.499603E+1	1.523700E+1	1.572600E+1	1.558506E+0	1.799460E+0	3.867752E+2	1.065500E-8	9.975704E-9	1.299738E-10	8.613039E-11	2.279422E-10	2.844721E-10	4.787793E-10	5.395784E-10	5.151877E-10	2.679195E-10	6.440163E-11	2.864614E-10	-1.264545E-11	3.990382E-10	5.114947E-10	3.422254E-10	2.621563E-9	2.593541E-10	-3.611359E-12	1.573468E-11	2.862919E-10	-1.404226E-11	4.902857E-10	5.554644E-10	4.707961E-10	2.358525E-10	9.458303E-12	6.594296E-12	1.265931E-13	7.154602E-11	4.003533E-11	3.333594E-10	2.670039E-10	2.089323E-10
0:11:58	0	-1.499489E+1	1.522700E+1	1.572100E+1	1.561470E+0	1.800905E+0	3.873669E+2	1.065600E-8	9.789350E-9	1.338206E-10	9.199425E-11	2.367277E-10	2.967498E-10	4.939849E-10	5.557334E-10	5.333793E-10	2.752123E-10	6.845837E-11	2.935396E-10	-1.289798E-11	4.254343E-10	5.292301E-10	3.514386E-10	2.188416E-9	2.689745E-10	-2.407239E-12	1.516833E-11	2.898201E-10	-1.485774E-11	4.947653E-10	5.722832E-10	4.894999E-10	2.479376E-10	8.512671E-12	5.714858E-12	8.203634E-13	7.458457E-11	3.952992E-11	3.448290E-10	2.752836E-10	2.176699E-10
0:12:12	0	-1.499618E+1	1.521800E+1	1.571700E+1	1.561204E+0	1.801538E+0	3.879586E+2	1.068000E-8	9.828749E-9	1.405048E-10	9.445387E-11	2.438707E-10	3.045336E-10	5.129281E-10	5.764134E-10	5.525183E-10	2.975333E-10	6.896572E-11	2.961304E-10	-1.327728E-11	4.233508E-10	5.515905E-10	3.690460E-10	1.978808E-9	2.785938E-10	-4.814479E-12	1.793750E-11	2.884338E-10	-1.448167E-11	5.104773E-10	5.858264E-10	5.077600E-10	2.558692E-10	7.944297E-12	6.594296E-12	-1.200143E-12	7.585097E-11	4.306582E-11	3.590223E-10	2.865733E-10	2.279257E-10
0:12:25	0	-1.499672E+1	1.522500E+1	1.572000E+1	1.558962E+0	1.798510E+0	3.885503E+2	1.073500E-8	1.018356E-8	1.430902E-10	9.703890E-11	2.518359E-10	3.203560E-10	5.315543E-10	5.964028E-10	5.726685E-10	3.010210E-10	7.486071E-11	3.008063E-10	-1.321439E-11	4.248033E-10	5.666030E-10	3.771862E-10	2.083072E-9	2.877706E-10	-3.041302E-12	1.793750E-11	2.903869E-10	-1.397991E-11	5.208889E-10	6.047245E-10	5.257686E-10	2.807946E-10	1.034122E-11	5.714858E-12	1.578925E-12	7.996702E-11	4.451826E-11	3.699847E-10	2.979254E-10	2.341945E-10
0:12:39	0	-1.499596E+1	1.523300E+1	1.572200E+1	1.556530E+0	1.797712E+0	3.891420E+2	1.103200E-8	1.034737E-8	1.467479E-10	9.949753E-11	2.587254E-10	3.273176E-10	5.456197E-10	6.133120E-10	5.864397E-10	3.062206E-10	7.568527E-11	3.056099E-10	-1.062222E-11	4.343387E-10	5.837055E-10	3.900606E-10	2.024163E-9	2.966946E-10	-2.597258E-12	1.925998E-11	2.890643E-10	-1.410560E-11	5.196268E-10	6.214171E-10	5.431438E-10	3.040218E-10	1.084490E-11	6.657750E-12	-1.265931E-13	8.237287E-11	4.603350E-11	3.823405E-10	3.072081E-10	2.486932E-10
0:12:52	0	-1.499558E+1	1.524100E+1	1.572700E+1	1.560748E+0	1.801411E+0	3.897337E+2	1.150500E-8	1.062386E-8	1.529283E-10	1.046676E-10	2.693450E-10	3.402906E-10	5.664633E-10	6.374493E-10	6.101897E-10	3.192205E-10	7.822099E-11	3.104125E-10	-1.258257E-11	4.493053E-10	6.093587E-10	4.073512E-10	1.949290E-9	3.058074E-10	-3.421340E-12	2.209175E-11	2.956781E-10	-1.278836E-11	5.332558E-10	6.352118E-10	5.639325E-10	3.721275E-10	8.008003E-12	4.836412E-12	5.053757E-13	8.585522E-11	4.900218E-11	3.995758E-10	3.166166E-10	2.556576E-10
0:13:06	0	-1.499641E+1	1.522000E+1	1.573100E+1	1.559203E+0	1.799169E+0	3.903255E+2	1.193200E-8	1.151206E-8	1.584148E-10	1.090822E-10	2.801543E-10	3.565555E-10	5.921857E-10	6.637876E-10	6.350146E-10	3.339954E-10	8.056558E-11	3.154684E-10	-1.289798E-11	4.640814E-10	6.326060E-10	4.175118E-10	2.426336E-9	3.173890E-10	-5.828579E-12	2.108523E-11	2.920873E-10	-1.379187E-11	5.481480E-10	6.544879E-10	5.899649E-10	4.803917E-10	8.827218E-12	7.285353E-12	3.159844E-13	9.053999E-11	5.026522E-11	4.171272E-10	3.348681E-10	2.660404E-10
0:13:19	0	-1.510905E+1	1.522000E+1	1.572000E+1	1.554174E+0	1.795419E+0	3.909172E+2	1.258800E-8	1.172786E-8	1.651627E-10	1.117299E-10	2.915323E-10	3.666182E-10	6.104959E-10	6.881134E-10	6.608497E-10	3.588541E-10	8.462232E-11	3.228619E-10	-1.220328E-11	4.623139E-10	6.592732E-10	4.424386E-10	2.267913E-9	3.347304E-10	-6.968693E-12	2.234313E-11	2.992053E-10	-1.322777E-11	5.665724E-10	6.722514E-10	6.143544E-10	5.394331E-10	9.836555E-12	6.469370E-12	1.893913E-12	9.269297E-11	5.196987E-11	4.326520E-10	3.477262E-10	2.753477E-10
0:13:33	0	-1.499596E+1	1.521100E+1	1.572200E+1	1.556479E+0	1.796484E+0	3.915089E+2	1.302100E-8	1.225290E-8	1.719733E-10	1.178466E-10	3.034163E-10	3.836415E-10	6.402730E-10	7.188517E-10	6.896535E-10	3.561271E-10	8.893324E-11	3.279807E-10	-1.176010E-11	4.765856E-10	6.849905E-10	4.592879E-10	2.434571E-9	3.493503E-10	-4.371435E-12	2.190297E-11	3.012836E-10	-1.360384E-11	5.816539E-10	6.978262E-10	6.410193E-10	5.554840E-10	7.187792E-12	6.971056E-12	2.147099E-12	1.003543E-10	5.708481E-11	4.537514E-10	3.641588E-10	2.883261E-10
0:13:46	0	-1.499406E+1	1.522800E+1	1.572000E+1	1.553249E+0	1.795065E+0	3.921006E+2	1.353100E-8	1.265399E-8	1.792259E-10	1.213773E-10	3.157434E-10	4.023752E-10	6.661855E-10	7.479546E-10	7.163103E-10	3.732485E-10	9.235556E-11	3.375230E-10	-1.131793E-11	4.880152E-10	7.136846E-10	4.798601E-10	2.442046E-9	3.650452E-10	-3.484346E-12	2.297308E-11	3.051260E-10	-1.448167E-11	5.958507E-10	7.209447E-10	6.673041E-10	5.914254E-10	9.458303E-12	7.034510E-12	3.410040E-12	1.040896E-10	6.011530E-11	4.728883E-10	3.805290E-10	3.011786E-10
0:14:00	0	-1.499664E+1	1.524200E+1	1.573200E+1	1.554186E+0	1.795356E+0	3.926923E+2	1.382400E-8	1.325124E-8	1.866040E-10	1.293852E-10	3.312298E-10	4.191457E-10	6.982440E-10	7.808928E-10	7.532620E-10	3.972823E-10	9.863181E-11	3.440954E-10	-1.087475E-11	5.139059E-10	7.516275E-10	5.008119E-10	2.572282E-9	3.812466E-10	-2.851283E-12	2.504970E-11	3.140707E-10	-1.372953E-11	6.061995E-10	7.485352E-10	7.008555E-10	6.191212E-10	8.953634E-12	8.290708E-12	3.346245E-12	1.078248E-10	6.219975E-11	4.978540E-10	3.991578E-10	3.185898E-10
0:14:13	0	-1.499657E+1	1.525500E+1	1.573300E+1	1.558164E+0	1.798586E+0	3.932841E+2	1.440700E-8	1.396879E-8	1.946132E-10	1.342397E-10	3.445677E-10	4.387016E-10	7.299214E-10	8.138935E-10	7.830141E-10	4.286079E-10	1.043367E-10	3.555961E-10	-1.384722E-11	5.224942E-10	7.842495E-10	5.228984E-10	2.893563E-9	3.945377E-10	-2.217220E-12	2.561606E-11	3.135039E-10	-1.485774E-11	6.292311E-10	7.777635E-10	7.328908E-10	6.021889E-10	1.027752E-11	9.044229E-12	3.914419E-12	1.135870E-10	6.649328E-11	5.200308E-10	4.168449E-10	3.330885E-10
0:14:27	0	-1.499474E+1	1.524400E+1	1.574500E+1	1.557087E+0	1.796547E+0	3.938758E+2	1.503500E-8	1.426339E-8	2.068476E-10	1.422477E-10	3.616976E-10	4.621170E-10	7.652735E-10	8.548775E-10	8.176923E-10	4.296861E-10	1.066813E-10	3.640011E-10	-1.454192E-11	5.386611E-10	8.275122E-10	5.522435E-10	2.625300E-9	4.213087E-10	-1.520151E-12	2.731611E-11	3.211886E-10	-1.341580E-11	6.546603E-10	8.086297E-10	7.745938E-10	6.772185E-10	7.818877E-12	9.671832E-12	5.114562E-12	1.203618E-10	6.788292E-11	5.486086E-10	4.399888E-10	3.536650E-10
0:14:40	0	-1.499588E+1	1.525000E+1	1.574700E+1	1.553540E+0	1.795103E+0	3.944675E+2	1.555700E-8	1.467873E-8	2.136582E-10	1.472923E-10	3.815468E-10	4.794580E-10	8.034140E-10	8.927813E-10	8.547717E-10	4.503582E-10	1.162527E-10	3.748713E-10	-1.087475E-11	5.570999E-10	8.615272E-10	5.771703E-10	2.549541E-9	4.383963E-10	-1.014101E-12	3.027407E-11	3.230154E-10	-1.673809E-11	6.696780E-10	8.391806E-10	8.125681E-10	6.984306E-10	9.269176E-12	8.918311E-12	5.745534E-12	1.267558E-10	7.192423E-11	5.769953E-10	4.663318E-10	3.701267E-10
0:14:54	0	-1.499383E+1	1.525400E+1	1.575300E+1	1.557391E+0	1.798650E+0	3.950592E+2	1.619000E-8	1.528008E-8	2.258299E-10	1.572542E-10	4.005728E-10	5.043290E-10	8.430118E-10	9.404278E-10	9.075159E-10	4.774353E-10	1.227822E-10	3.870045E-10	-1.239292E-11	5.829278E-10	9.164455E-10	6.074618E-10	2.502919E-9	4.660525E-10	-2.027202E-12	3.203672E-11	3.286845E-10	-1.448167E-11	6.966851E-10	8.727556E-10	8.581882E-10	7.416735E-10	1.103402E-11	1.042535E-11	6.440301E-12	1.365701E-10	7.874382E-11	6.088041E-10	4.919223E-10	3.930461E-10
0:15:07	0	-1.499710E+1	1.523700E+1	1.574300E+1	1.558126E+0	1.798118E+0	3.956509E+2	1.692800E-8	1.601949E-8	2.410281E-10	1.660187E-10	4.208012E-10	5.357190E-10	8.929994E-10	9.937325E-10	9.571648E-10	4.979183E-10	1.294377E-10	3.990109E-10	-1.327728E-11	6.171546E-10	9.652830E-10	6.449461E-10	2.559740E-9	4.926336E-10	1.140113E-12	3.581240E-11	3.320237E-10	-1.316443E-11	7.130904E-10	9.114956E-10	9.149283E-10	7.844136E-10	9.836555E-12	1.080211E-11	5.430546E-12	1.450541E-10	8.272233E-11	6.475830E-10	5.204605E-10	4.175477E-10
0:15:21	0	-1.499770E+1	1.525500E+1	1.575500E+1	1.553794E+0	1.795052E+0	3.962426E+2	2.017600E-8	2.029243E-8	2.447484E-10	1.870155E-10	4.340124E-10	5.407823E-10	9.249939E-10	1.039053E-9	9.979697E-10	5.492824E-10	1.294377E-10	3.903535E-10	-1.397298E-11	6.008621E-10	1.005126E-9	6.713254E-10	1.299252E-9	5.537068E-10	4.827380E-11	3.209931E-11	3.252836E-10	-1.372953E-11	7.554937E-10	9.576691E-10	9.843065E-10	5.679667E-9	3.827318E-11	1.048881E-11	-3.630631E-11	1.751288E-10	9.951861E-11	7.009364E-10	5.465521E-10	4.348320E-10
0:15:34	0	-1.499238E+1	1.522800E+1	1.573800E+1	1.555111E+0	1.795318E+0	3.968344E+2	2.165100E-8	2.357015E-8	2.803794E-10	1.627398E-10	4.847077E-10	6.019798E-10	9.902501E-10	1.122152E-9	1.044144E-9	5.698284E-10	1.529546E-10	4.469131E-10	-1.403686E-11	6.055356E-10	1.080695E-9	6.856502E-10	1.199675E-9	5.185184E-10	-5.258523E-12	4.160312E-11	3.596762E-10	-1.097036E-11	8.223789E-10	9.948339E-10	1.024619E-9	8.323271E-9	3.272481E-11	4.584577E-12	9.534357E-12	1.591104E-10	8.733187E-11	7.327452E-10	5.971678E-10	4.647159E-10
0:15:48	0	-1.499436E+1	1.523900E+1	1.574100E+1	1.554820E+0	1.796357E+0	3.974261E+2	2.423500E-8	2.446639E-8	2.847310E-10	1.960318E-10	5.100563E-10	6.500144E-10	1.044609E-9	1.171245E-9	1.104216E-9	5.811155E-10	1.578359E-10	4.632174E-10	-1.239292E-11	6.919237E-10	1.126618E-9	7.580326E-10	1.457549E-9	6.022492E-10	3.763074E-11	4.198069E-11	3.211886E-10	-1.335247E-11	7.294329E-10	1.021480E-9	1.102906E-9	8.211608E-9	-1.223249E-11	1.632958E-12	1.490111E-11	1.701272E-10	8.966853E-11	7.972500E-10	6.403207E-10	5.247995E-10
0:16:01	0	-1.499717E+1	1.522900E+1	1.574000E+1	1.558886E+0	1.799131E+0	3.980178E+2	2.639500E-8	2.696366E-8	2.836587E-10	2.092735E-10	5.452652E-10	6.515969E-10	1.118925E-9	1.244035E-9	1.187533E-9	6.298799E-10	1.570754E-10	4.359801E-10	-1.194975E-11	7.701011E-10	1.212828E-9	8.339497E-10	1.246233E-9	6.085775E-10	1.457145E-12	5.223963E-11	3.515509E-10	-1.504577E-11	8.486917E-10	1.102424E-9	1.152001E-9	1.004512E-8	5.926619E-12	-5.213172E-12	1.414354E-11	1.851321E-10	9.402486E-11	8.281085E-10	6.588860E-10	5.212542E-10
0:16:15	0	-1.499390E+1	1.522600E+1	1.573900E+1	1.555529E+0	1.795964E+0	3.986095E+2	2.952200E-8	2.938430E-8	3.292532E-10	2.218841E-10	5.500691E-10	7.000102E-10	1.191088E-9	1.313620E-9	1.275650E-9	6.703373E-10	1.817331E-10	4.751610E-10	-1.074899E-11	7.634079E-10	1.304105E-9	8.658182E-10	1.205883E-9	6.552206E-10	-1.058005E-11	4.814897E-11	3.676762E-10	-1.385422E-11	8.982880E-10	1.170268E-9	1.245453E-9	1.144274E-8	1.153869E-11	9.232609E-12	1.187085E-11	2.029876E-10	1.141686E-10	8.871006E-10	7.182824E-10	5.884922E-10
0:16:28	0	-1.499565E+1	1.523300E+1	1.572200E+1	1.555124E+0	1.796522E+0	3.992012E+2	3.205400E-8	3.180918E-8	3.503172E-10	2.452759E-10	6.077178E-10	7.658284E-10	1.291634E-9	1.421171E-9	1.371348E-9	7.353360E-10	1.978330E-10	5.148477E-10	-1.308763E-11	7.881621E-10	1.405137E-9	9.438184E-10	1.297669E-9	7.111674E-10	6.081605E-12	5.135830E-11	3.780697E-10	-1.303973E-11	9.490838E-10	1.242960E-9	1.365001E-9	1.244047E-8	5.296530E-12	1.042535E-11	9.471558E-12	2.142572E-10	1.201050E-10	9.694739E-10	7.852059E-10	6.407888E-10
0:16:42	0	-1.499292E+1	1.521700E+1	1.572800E+1	1.558569E+0	1.798739E+0	3.997930E+2	3.381200E-8	3.301793E-8	3.597760E-10	2.591477E-10	6.543057E-10	8.091164E-10	1.365000E-9	1.516905E-9	1.458708E-9	7.718622E-10	2.075946E-10	5.371547E-10	-1.359369E-11	8.384292E-10	1.515354E-9	1.007555E-9	1.372668E-9	7.637601E-10	4.054403E-12	5.721161E-11	3.991711E-10	-1.517047E-11	1.023794E-9	1.334046E-9	1.459526E-9	1.231968E-8	1.469113E-11	2.160522E-11	1.363817E-11	2.348974E-10	1.376599E-10	1.041773E-9	8.469866E-10	7.006195E-10
0:16:55	0	-1.499558E+1	1.523100E+1	1.573300E+1	1.554718E+0	1.795394E+0	4.003847E+2	3.553600E-8	3.488714E-8	4.014609E-10	2.879006E-10	7.008926E-10	9.093617E-10	1.485945E-9	1.639479E-9	1.589463E-9	8.269673E-10	2.183709E-10	5.574405E-10	-1.207651E-11	9.093452E-10	1.651414E-9	1.098365E-9	1.578853E-9	8.349592E-10	-4.181416E-12	6.023316E-11	3.898485E-10	-1.360384E-11	1.080836E-9	1.430676E-9	1.617301E-9	1.230023E-8	2.042962E-11	2.480768E-11	1.799516E-11	2.562353E-10	1.526887E-10	1.155068E-9	9.492843E-10	7.711498E-10
0:17:09	0	-1.499770E+1	1.524000E+1	1.573000E+1	1.554288E+0	1.796382E+0	4.009764E+2	3.771300E-8	3.701165E-8	4.522900E-10	3.095902E-10	7.732064E-10	9.737872E-10	1.615318E-9	1.791974E-9	1.713143E-9	9.078191E-10	2.558963E-10	5.858780E-10	-1.125404E-11	9.680102E-10	1.805211E-9	1.167403E-9	1.636560E-9	9.047026E-10	-9.692963E-12	7.175100E-11	4.226669E-10	-1.529616E-11	1.171889E-9	1.544314E-9	1.777729E-9	1.252960E-8	2.282555E-11	2.964409E-11	1.294440E-11	2.783318E-10	1.634868E-10	1.269441E-9	1.034084E-9	8.583957E-10
0:17:22	0	-1.499535E+1	1.521300E+1	1.572900E+1	1.559101E+0	1.799296E+0	4.015681E+2	3.995700E-8	3.910661E-8	5.036865E-10	3.329830E-10	8.341431E-10	1.084159E-9	1.767182E-9	1.955973E-9	1.910159E-9	1.001099E-9	2.822022E-10	6.540649E-10	-1.321439E-11	1.067786E-9	1.981241E-9	1.323908E-9	1.786558E-9	1.007166E-9	-4.430440E-13	8.194734E-11	4.012504E-10	-1.341580E-11	1.280421E-9	1.704125E-9	1.983336E-9	1.208786E-8	-6.053035E-12	3.184219E-11	9.597155E-12	3.222090E-10	1.804097E-10	1.428549E-9	1.158773E-9	9.771066E-10
0:17:36	0	-1.499573E+1	1.522300E+1	1.573900E+1	1.550652E+0	1.792012E+0	4.021598E+2	4.237800E-8	4.297402E-8	5.567865E-10	3.809669E-10	9.342704E-10	1.172064E-9	1.947112E-9	2.139458E-9	2.076036E-9	1.115306E-9	3.172559E-10	7.286976E-10	-1.321439E-11	1.134471E-9	2.219792E-9	1.479022E-9	1.973994E-9	1.142159E-9	3.547653E-11	9.107358E-11	4.627286E-10	-1.297640E-11	1.420439E-9	1.878739E-9	2.217819E-9	1.293113E-8	3.184189E-11	2.882712E-11	3.100236E-11	3.778625E-10	2.091415E-10	1.581700E-9	1.283651E-9	1.101390E-9
0:17:49	0	-1.499527E+1	1.521700E+1	1.573000E+1	1.557239E+0	1.797598E+0	4.027515E+2	4.580600E-8	4.481775E-8	6.020654E-10	4.287607E-10	1.038317E-9	1.318382E-9	2.181340E-9	2.384922E-9	2.332683E-9	1.244732E-9	3.609935E-10	7.494892E-10	-1.302475E-11	1.263106E-9	2.507940E-9	1.659822E-9	2.217618E-9	1.247027E-9	-4.434441E-12	8.855579E-11	5.249010E-10	-1.266366E-11	1.597623E-9	2.094741E-9	2.561424E-9	1.109919E-8	3.026617E-11	2.166768E-11	3.239189E-11	4.205372E-10	2.557442E-10	1.828694E-9	1.489125E-9	1.265813E-9
0:18:13	1	-1.499497E+1	1.522300E+1	1.574400E+1	1.555136E+0	1.795698E+0	0.000000E+0	1.602500E-9	2.222616E-9	8.494680E-11	6.771860E-11	7.440039E-11	8.201921E-11	7.906758E-11	8.184195E-11	8.470604E-11	8.313420E-11	8.215065E-11	4.632194E-11	-1.403686E-11	4.900399E-11	8.031859E-11	7.768435E-11	8.855503E-11	7.898307E-11	7.399436E-11	6.973696E-11	3.621930E-11	-1.404226E-11	4.246606E-11	7.930688E-11	8.340490E-11	9.013655E-11	7.648365E-11	7.756403E-11	7.551729E-11	7.819386E-11	7.969085E-11	7.755783E-11	8.530077E-11	8.426936E-11
0:18:26	1	-1.499413E+1	1.522500E+1	1.573200E+1	1.553566E+0	1.795116E+0	0.000000E+0	2.299500E-9	2.297077E-9	8.734310E-11	6.910618E-11	7.920428E-11	8.075338E-11	8.058885E-11	8.397942E-11	8.451658E-11	9.334416E-11	8.208761E-11	6.287860E-11	-1.270834E-11	5.696031E-11	8.532344E-11	7.440276E-11	8.133411E-11	8.012305E-11	7.146010E-11	7.338746E-11	5.581012E-11	-1.548419E-11	6.082775E-11	7.804694E-11	7.955061E-11	8.617078E-11	7.831220E-11	7.699889E-11	7.589707E-11	7.927035E-11	7.880663E-11	8.148604E-11	8.448587E-11	8.281310E-11
0:18:40	1	-1.499497E+1	1.523000E+1	1.573400E+1	1.556403E+0	1.798118E+0	1.000000E+1	2.899900E-9	2.706757E-9	9.591981E-11	8.348264E-11	8.590517E-11	9.087903E-11	9.224585E-11	9.064189E-11	9.285506E-11	9.201173E-11	9.127883E-11	8.979964E-11	-1.245581E-11	8.575598E-11	9.254422E-11	8.885413E-11	1.045179E-10	9.271674E-11	8.495344E-11	7.659779E-11	8.106907E-11	-1.466970E-11	8.644624E-11	9.083433E-11	9.010303E-11	1.218607E-10	9.142760E-11	8.943396E-11	8.505264E-11	9.180639E-11	9.276282E-11	9.428597E-11	9.495972E-11	9.288000E-11
0:18:53	1	-1.499580E+1	1.523200E+1	1.573900E+1	1.550779E+0	1.792607E+0	2.000000E+1	3.113000E-9	2.830607E-9	1.001450E-10	8.505835E-11	8.938185E-11	9.062626E-11	9.433621E-11	9.215121E-11	9.386521E-11	8.364175E-11	9.248265E-11	1.016804E-10	-1.365657E-11	1.072902E-10	9.362119E-11	8.891689E-11	9.685293E-11	9.265380E-11	8.805775E-11	8.308005E-11	9.366722E-11	-1.579791E-11	8.878117E-11	9.171639E-11	8.978683E-11	1.854343E-10	9.287790E-11	9.138121E-11	8.871487E-11	9.117369E-11	9.232021E-11	9.415894E-11	9.358044E-11	9.262713E-11
0:19:07	1	-1.499565E+1	1.523100E+1	1.573600E+1	1.558582E+0	1.799321E+0	3.000000E+1	3.287700E-9	2.991673E-9	1.004595E-10	8.795893E-11	8.931799E-11	9.227174E-11	9.180277E-11	9.026480E-11	9.544475E-11	9.372457E-11	9.298999E-11	1.089481E-10	-1.340404E-11	1.139834E-10	9.533114E-11	8.961127E-11	8.203110E-11	9.442621E-11	8.558751E-11	8.408756E-11	1.037455E-10	-1.341580E-11	1.039881E-10	9.316527E-11	9.155637E-11	2.901739E-10	9.294061E-11	9.257396E-11	9.174513E-11	9.263000E-11	9.276282E-11	9.549034E-11	9.564986E-11	9.382952E-11
0:19:20	1	-1.499565E+1	1.522800E+1	1.573800E+1	1.554427E+0	1.795521E+0	4.000000E+1	3.476800E-9	3.168942E-9	1.009016E-10	8.789622E-11	9.089866E-11	9.347363E-11	9.351307E-11	9.416265E-11	9.525528E-11	9.790906E-11	9.349734E-11	1.193744E-10	-1.245581E-11	1.238987E-10	9.539414E-11	9.055769E-11	9.773992E-11	9.354000E-11	8.552450E-11	8.452773E-11	1.119971E-10	-1.579791E-11	1.158510E-10	9.574781E-11	9.079828E-11	3.951650E-10	9.407637E-11	9.313910E-11	9.098757E-11	9.186936E-11	9.484628E-11	9.517325E-11	9.552411E-11	9.395646E-11
0:19:34	1	-1.499550E+1	1.523100E+1	1.573400E+1	1.555808E+0	1.797358E+0	5.000000E+1	3.657200E-9	3.334543E-9	1.006487E-10	8.827447E-11	8.995065E-11	9.322086E-11	9.306999E-11	9.617409E-11	9.506582E-11	1.055192E-10	9.476519E-11	1.262630E-10	-1.138081E-11	1.165734E-10	9.406418E-11	9.093626E-11	9.843692E-11	9.505864E-11	8.805775E-11	8.377259E-11	1.198082E-10	-1.347815E-11	1.229186E-10	9.675617E-11	9.187158E-11	5.235084E-10	9.596763E-11	9.276234E-11	9.117696E-11	9.376946E-11	9.333103E-11	9.492017E-11	9.696676E-11	9.579253E-11
0:19:47	1	-1.499482E+1	1.522400E+1	1.573400E+1	1.558493E+0	1.798954E+0	6.000000E+1	3.901800E-9	3.521699E-9	1.001450E-10	9.003930E-11	9.070906E-11	9.391722E-11	9.484329E-11	9.447623E-11	9.481353E-11	8.567092E-11	9.381355E-11	1.344156E-10	-1.188687E-11	1.338129E-10	9.374719E-11	9.049493E-11	1.103458E-10	9.594484E-11	8.932488E-11	8.572402E-11	1.285640E-10	-1.316443E-11	1.320043E-10	9.814141E-11	9.206110E-11	6.660774E-10	9.439091E-11	9.420691E-11	9.243990E-11	9.484595E-11	9.560390E-11	9.460307E-11	9.514785E-11	9.642521E-11
0:20:01	1	-1.499634E+1	1.522800E+1	1.572200E+1	1.554085E+0	1.795343E+0	7.000000E+1	4.102000E-9	3.653880E-9	1.041172E-10	9.048125E-11	9.159419E-11	9.309398E-11	9.427320E-11	9.780845E-11	9.601315E-11	8.351461E-11	9.406772E-11	1.409870E-10	-9.547223E-12	1.519995E-10	9.647111E-11	9.131483E-11	9.089900E-11	9.537535E-11	9.103605E-11	8.584922E-11	1.363750E-10	-1.410560E-11	1.310580E-10	9.921241E-11	9.357828E-11	7.692431E-10	9.653501E-11	9.401853E-11	9.130355E-11	9.351558E-11	9.509849E-11	9.580644E-11	9.634000E-11	9.655214E-11
0:20:14	1	-1.499504E+1	1.524300E+1	1.573700E+1	1.555592E+0	1.797510E+0	8.000000E+1	4.280300E-9	3.901577E-9	1.026667E-10	9.048125E-11	9.260507E-11	9.366345E-11	9.452724E-11	9.560847E-11	9.677101E-11	1.029194E-10	9.622218E-11	1.471803E-10	-1.315151E-11	1.490945E-10	9.697809E-11	9.333420E-11	8.519806E-11	9.626156E-11	8.957890E-11	8.792684E-11	1.456976E-10	-1.090801E-11	1.477163E-10	1.022991E-10	9.408300E-11	9.600283E-10	9.552567E-11	9.458367E-11	9.307087E-11	9.541568E-11	9.585611E-11	9.688377E-11	9.646475E-11	9.699492E-11
0:20:28	1	-1.499383E+1	1.522800E+1	1.573000E+1	1.559279E+0	1.799638E+0	9.000000E+1	4.513200E-9	4.141319E-9	1.062616E-10	9.262533E-11	9.456494E-11	9.638494E-11	9.642757E-11	9.893970E-11	9.898177E-11	1.024119E-10	9.634927E-11	1.528049E-10	-1.498510E-11	1.528209E-10	9.856204E-11	9.428062E-11	1.057218E-10	9.702088E-11	8.983193E-11	8.874457E-11	1.537603E-10	-1.310208E-11	1.593272E-10	1.043148E-10	9.427352E-11	1.116068E-9	9.804802E-11	9.741037E-11	9.534456E-11	9.655514E-11	9.686693E-11	9.878536E-11	9.771928E-11	9.819831E-11
0:20:41	1	-1.499558E+1	1.522800E+1	1.573300E+1	1.554148E+0	1.795116E+0	1.000000E+2	4.839500E-9	4.411086E-9	1.069556E-10	9.508395E-11	9.627135E-11	9.847401E-11	9.870796E-11	9.881368E-11	1.028987E-10	9.473865E-11	9.888498E-11	1.548900E-10	-1.119116E-11	1.561676E-10	9.976501E-11	9.611070E-11	1.088248E-10	9.929883E-11	9.363331E-11	9.107358E-11	1.639649E-10	-1.435598E-11	1.667095E-10	1.060153E-10	9.762209E-11	1.321455E-9	9.874181E-11	9.985931E-11	9.528077E-11	9.801144E-11	9.794056E-11	9.986169E-11	1.002907E-10	1.002873E-10
0:20:55	1	-1.499672E+1	1.522000E+1	1.573200E+1	1.552172E+0	1.793899E+0	1.200000E+2	5.567800E-9	5.029090E-9	1.145228E-10	1.014525E-10	1.023396E-10	1.023344E-10	1.064373E-10	1.066709E-10	1.054884E-10	9.448538E-11	1.053504E-10	1.700569E-10	-1.100152E-11	1.812378E-10	1.054028E-10	1.017902E-10	1.136397E-10	1.068301E-10	1.000319E-10	9.667551E-11	1.856330E-10	-1.554753E-11	1.841249E-10	1.166617E-10	1.025507E-10	1.707429E-9	1.071281E-10	1.050725E-10	1.034266E-10	1.048492E-10	1.055178E-10	1.066418E-10	1.060613E-10	1.057955E-10
0:21:09	1	-1.499596E+1	1.522700E+1	1.574400E+1	1.557379E+0	1.798168E+0	1.400000E+2	6.344300E-9	5.735092E-9	1.253703E-10	1.126755E-10	1.139072E-10	1.151176E-10	1.161940E-10	1.180489E-10	1.205848E-10	1.121143E-10	1.156824E-10	1.873090E-10	-1.194975E-11	1.916575E-10	1.185784E-10	1.154217E-10	1.108518E-10	1.194877E-10	1.096609E-10	1.091999E-10	2.109556E-10	-1.285170E-11	2.111320E-10	1.314648E-10	1.135450E-10	2.038643E-9	1.189823E-10	1.186378E-10	1.154230E-10	1.165626E-10	1.172629E-10	1.186185E-10	1.192957E-10	1.175085E-10
0:21:23	1	-1.499740E+1	1.523000E+1	1.573200E+1	1.555491E+0	1.796927E+0	1.600000E+2	7.350900E-9	6.823116E-9	1.425228E-10	1.331050E-10	1.352732E-10	1.369515E-10	1.390659E-10	1.391060E-10	1.408616E-10	1.479427E-10	1.367276E-10	2.109438E-10	-1.359369E-11	2.116126E-10	1.404318E-10	1.362470E-10	1.509493E-10	1.379681E-10	1.286028E-10	1.292150E-10	2.436477E-10	-1.316443E-11	2.460264E-10	1.559686E-10	1.368602E-10	2.465219E-9	1.396010E-10	1.381709E-10	1.355653E-10	1.376466E-10	1.339974E-10	1.411754E-10	1.389275E-10	1.395414E-10
0:21:36	1	-1.499611E+1	1.522200E+1	1.571600E+1	1.551133E+0	1.792493E+0	1.800000E+2	8.709100E-9	8.269324E-9	1.773971E-10	1.644420E-10	1.658050E-10	1.682156E-10	1.697932E-10	1.732380E-10	1.720656E-10	1.771761E-10	1.680408E-10	2.448792E-10	-1.289798E-11	2.414181E-10	1.726728E-10	1.689354E-10	1.961768E-10	1.704979E-10	1.618621E-10	1.596778E-10	2.874892E-10	-1.285170E-11	2.926563E-10	1.945823E-10	1.691479E-10	2.928427E-9	1.720730E-10	1.726504E-10	1.660005E-10	1.703171E-10	1.694222E-10	1.731742E-10	1.732353E-10	1.736042E-10
0:21:50	1	-1.499573E+1	1.521400E+1	1.571900E+1	1.554161E+0	1.794583E+0	2.000000E+2	1.042700E-8	1.016260E-8	2.245058E-10	2.120476E-10	2.128340E-10	2.154269E-10	2.194647E-10	2.225823E-10	2.205149E-10	2.080572E-10	2.174203E-10	2.979002E-10	-1.264545E-11	2.981262E-10	2.198634E-10	2.161390E-10	2.566702E-10	2.194200E-10	2.096918E-10	2.070081E-10	3.454402E-10	-1.410560E-11	3.456605E-10	2.480628E-10	2.152737E-10	3.395789E-9	2.213175E-10	2.193776E-10	2.144926E-10	2.191959E-10	2.194342E-10	2.229155E-10	2.207162E-10	2.240007E-10
0:22:04	1	-1.499687E+1	1.520600E+1	1.570900E+1	1.554579E+0	1.796370E+0	2.200000E+2	1.329600E-8	1.287142E-8	2.915416E-10	2.780641E-10	2.798389E-10	2.842194E-10	2.874454E-10	2.907213E-10	2.925248E-10	2.863723E-10	2.875268E-10	3.679198E-10	-1.232904E-11	3.749788E-10	2.921372E-10	2.854928E-10	3.402213E-10	2.885938E-10	2.760214E-10	2.705777E-10	4.247452E-10	-1.322777E-11	4.256079E-10	3.201263E-10	2.842091E-10	4.049719E-9	2.904242E-10	2.872688E-10	2.843910E-10	2.870696E-10	2.873799E-10	2.943274E-10	2.922806E-10	2.952276E-10
0:22:18	1	-1.499527E+1	1.521900E+1	1.571700E+1	1.551729E+0	1.793114E+0	2.400000E+2	1.653500E-8	1.624978E-8	3.872722E-10	3.739673E-10	3.760474E-10	3.803516E-10	3.857733E-10	3.907922E-10	3.935917E-10	3.929697E-10	3.859044E-10	4.740237E-10	-1.334116E-11	4.837215E-10	3.927262E-10	3.846331E-10	4.284603E-10	3.880825E-10	3.680066E-10	3.653018E-10	5.336567E-10	-1.529616E-11	5.348965E-10	4.246927E-10	3.840426E-10	4.530553E-9	3.916257E-10	3.851818E-10	3.815038E-10	3.871701E-10	3.872783E-10	3.955205E-10	3.942021E-10	3.964644E-10
0:22:31	1	-1.498129E+1	1.521800E+1	1.572600E+1	1.552780E+0	1.794343E+0	2.600000E+2	2.125600E-8	2.043692E-8	5.273360E-10	5.102257E-10	5.170097E-10	5.186318E-10	5.319984E-10	5.380075E-10	5.390015E-10	5.296884E-10	5.308726E-10	6.261333E-10	-1.441616E-11	6.335737E-10	5.398088E-10	5.295882E-10	5.960054E-10	5.299741E-10	5.084565E-10	5.025729E-10	6.813063E-10	-1.354050E-11	6.886712E-10	5.766299E-10	5.286114E-10	4.503424E-9	5.351357E-10	5.278114E-10	5.150486E-10	5.298813E-10	5.321366E-10	5.440462E-10	5.437301E-10	5.495549E-10
0:22:45	1	-1.499694E+1	1.520900E+1	1.571600E+1	1.551653E+0	1.792341E+0	2.800000E+2	2.784900E-8	2.680410E-8	7.375884E-10	7.148328E-10	7.269358E-10	7.336161E-10	7.477875E-10	7.560638E-10	7.560422E-10	7.350187E-10	7.475954E-10	8.500323E-10	-1.232904E-11	8.557943E-10	7.586582E-10	7.489460E-10	8.222710E-10	7.497098E-10	7.162482E-10	7.063707E-10	8.995052E-10	-1.485774E-11	9.174078E-10	8.005032E-10	7.455280E-10	4.556549E-9	7.547511E-10	7.432944E-10	7.419175E-10	7.484445E-10	7.521400E-10	7.676589E-10	7.664524E-10	7.736195E-10
0:22:59	1	-1.499702E+1	1.520100E+1	1.569500E+1	1.555643E+0	1.796116E+0	3.000000E+2	3.762200E-8	3.697069E-8	1.059023E-9	1.032745E-9	1.047483E-9	1.054288E-9	1.077047E-9	1.088523E-9	1.089182E-9	1.055190E-9	1.076895E-9	1.186860E-9	-1.106440E-11	1.203872E-9	1.096720E-9	1.078929E-9	1.136964E-9	1.077478E-9	1.037248E-9	1.019495E-9	1.228631E-9	-1.473205E-11	1.243634E-9	1.133291E-9	1.075420E-9	5.168495E-9	1.089943E-9	1.071450E-9	1.070255E-9	1.078188E-9	1.085553E-9	1.109193E-9	1.107655E-9	1.116838E-9
0:23:13	1	-1.499854E+1	1.519300E+1	1.569100E+1	1.551729E+0	1.793355E+0	3.200000E+2	5.345500E-8	5.262559E-8	1.566178E-9	1.533828E-9	1.557159E-9	1.569376E-9	1.601189E-9	1.617415E-9	1.621931E-9	1.591537E-9	1.600922E-9	1.716052E-9	-9.989400E-12	1.733818E-9	1.628864E-9	1.606308E-9	1.667725E-9	1.605997E-9	1.541523E-9	1.517348E-9	1.741312E-9	-1.567223E-11	1.768624E-9	1.704755E-9	1.605170E-9	5.539301E-9	1.621170E-9	1.592416E-9	1.592060E-9	1.608955E-9	1.617690E-9	1.654823E-9	1.655148E-9	1.672662E-9
0:23:26	1	-1.499535E+1	1.520200E+1	1.571200E+1	1.550867E+0	1.791303E+0	3.400000E+2	8.090500E-8	8.000730E-8	2.442823E-9	2.396648E-9	2.432644E-9	2.453045E-9	2.503694E-9	2.531948E-9	2.540123E-9	2.495046E-9	2.505531E-9	2.622582E-9	-1.378334E-11	2.648723E-9	2.552533E-9	2.521099E-9	2.597999E-9	2.521080E-9	2.413301E-9	2.377860E-9	2.617135E-9	-1.360384E-11	2.669122E-9	2.653293E-9	2.525470E-9	6.553652E-9	2.538285E-9	2.498440E-9	2.499980E-9	2.529048E-9	2.541591E-9	2.603579E-9	2.608136E-9	2.640273E-9
0:23:40	1	-1.499520E+1	1.523300E+1	1.571300E+1	1.549145E+0	1.790061E+0	3.600000E+2	1.331000E-7	1.325996E-7	4.128759E-9	4.051412E-9	4.118946E-9	4.154499E-9	4.243635E-9	4.281746E-9	4.300012E-9	4.223303E-9	4.254973E-9	4.358796E-9	-1.384722E-11	4.391194E-9	4.332915E-9	4.281641E-9	4.400080E-9	4.294665E-9	4.111619E-9	4.050479E-9	4.310261E-9	-1.354050E-11	4.409921E-9	4.458207E-9	4.314638E-9	8.241129E-9	4.318920E-9	4.250444E-9	4.260315E-9	4.312057E-9	4.338304E-9	4.446152E-9	4.459854E-9	4.528137E-9
0:23:54	1	-1.499558E+1	1.521300E+1	1.571200E+1	1.551856E+0	1.793279E+0	3.610000E+2	1.366300E-7	1.360576E-7	4.251672E-9	4.171717E-9	4.239998E-9	4.274555E-9	4.366988E-9	4.409601E-9	4.428998E-9	4.360021E-9	4.376868E-9	4.479498E-9	-1.466869E-11	4.519702E-9	4.461311E-9	4.412839E-9	4.511058E-9	4.422381E-9	4.230277E-9	4.167232E-9	4.432085E-9	-1.234994E-11	4.532145E-9	4.592253E-9	4.436398E-9	8.061862E-9	4.446162E-9	4.377373E-9	4.386221E-9	4.437103E-9	4.465482E-9	4.579470E-9	4.590565E-9	4.662740E-9
0:24:07	1	-1.499596E+1	1.520100E+1	1.571000E+1	1.554060E+0	1.794343E+0	3.620000E+2	1.404200E-7	1.399581E-7	4.391609E-9	4.305896E-9	4.373817E-9	4.413406E-9	4.504914E-9	4.547576E-9	4.570049E-9	4.491602E-9	4.519681E-9	4.616503E-9	-1.296187E-11	4.650735E-9	4.606810E-9	4.552430E-9	4.643954E-9	4.569209E-9	4.365278E-9	4.302302E-9	4.570160E-9	-1.241229E-11	4.674057E-9	4.735309E-9	4.585137E-9	7.874163E-9	4.589608E-9	4.519688E-9	4.527847E-9	4.581968E-9	4.611918E-9	4.728503E-9	4.741786E-9	4.817603E-9
0:24:21	1	-1.499489E+1	1.520800E+1	1.570700E+1	1.550943E+0	1.791721E+0	3.630000E+2	1.448400E-7	1.440434E-7	4.521330E-9	4.439821E-9	4.505867E-9	4.549092E-9	4.643980E-9	4.690453E-9	4.709015E-9	4.616843E-9	4.655837E-9	4.751929E-9	-1.074899E-11	4.796673E-9	4.744835E-9	4.691580E-9	4.789202E-9	4.707810E-9	4.502181E-9	4.435419E-9	4.698913E-9	-1.391756E-11	4.810605E-9	4.880884E-9	4.727557E-9	7.930750E-9	4.730848E-9	4.656791E-9	4.666381E-9	4.726706E-9	4.753303E-9	4.875635E-9	4.889996E-9	4.967844E-9
0:24:34	1	-1.499558E+1	1.523200E+1	1.571100E+1	1.551171E+0	1.793177E+0	3.640000E+2	1.489700E-7	1.483837E-7	4.662150E-9	4.570908E-9	4.643542E-9	4.687942E-9	4.785960E-9	4.832262E-9	4.856699E-9	4.770303E-9	4.800108E-9	4.895698E-9	-1.169722E-11	4.943746E-9	4.893374E-9	4.835778E-9	4.915321E-9	4.850461E-9	4.640412E-9	4.570614E-9	4.841776E-9	-1.454402E-11	4.943745E-9	5.035089E-9	4.876612E-9	8.095727E-9	4.881925E-9	4.799672E-9	4.813565E-9	4.873152E-9	4.904350E-9	5.029484E-9	5.039774E-9	5.119795E-9
0:24:48	1	-1.499755E+1	1.521500E+1	1.570800E+1	1.554047E+0	1.794811E+0	3.650000E+2	1.537200E-7	1.529680E-7	4.811169E-9	4.729487E-9	4.802014E-9	4.843753E-9	4.948340E-9	4.992049E-9	5.018974E-9	4.932703E-9	4.963775E-9	5.058424E-9	-1.372045E-11	5.107934E-9	5.059839E-9	5.000421E-9	5.087870E-9	5.015960E-9	4.799234E-9	4.729095E-9	4.999883E-9	-1.297640E-11	5.111653E-9	5.202143E-9	5.038621E-9	7.919923E-9	5.046180E-9	4.965351E-9	4.982407E-9	5.032895E-9	5.071753E-9	5.200821E-9	5.220977E-9	5.301061E-9
0:25:01	1	-1.499497E+1	1.521900E+1	1.572100E+1	1.550931E+0	1.791645E+0	3.660000E+2	1.583800E-7	1.578922E-7	4.969899E-9	4.877535E-9	4.951700E-9	4.998172E-9	5.103942E-9	5.152275E-9	5.175690E-9	5.094089E-9	5.124400E-9	5.212556E-9	-1.270834E-11	5.263913E-9	5.218069E-9	5.157241E-9	5.253769E-9	5.182533E-9	4.956725E-9	4.879332E-9	5.152194E-9	-1.297640E-11	5.274263E-9	5.364790E-9	5.207326E-9	8.212929E-9	5.210118E-9	5.127011E-9	5.142534E-9	5.199223E-9	5.233851E-9	5.366963E-9	5.382797E-9	5.472068E-9
0:25:15	1	-1.500302E+1	1.521600E+1	1.571600E+1	1.551083E+0	1.792861E+0	3.670000E+2	1.634200E-7	1.628564E-7	5.129639E-9	5.039140E-9	5.117125E-9	5.162654E-9	5.269301E-9	5.320926E-9	5.342262E-9	5.255983E-9	5.289463E-9	5.375410E-9	-1.251869E-11	5.415345E-9	5.388463E-9	5.332299E-9	5.428662E-9	5.350437E-9	5.118460E-9	5.045304E-9	5.316285E-9	-1.347815E-11	5.441099E-9	5.534176E-9	5.377738E-9	8.287833E-9	5.381247E-9	5.297464E-9	5.311819E-9	5.372327E-9	5.409778E-9	5.551417E-9	5.565002E-9	5.655359E-9
0:25:28	1	-1.499793E+1	1.521100E+1	1.570900E+1	1.553895E+0	1.794672E+0	3.680000E+2	1.685000E-7	1.678223E-7	5.304010E-9	5.201187E-9	5.279137E-9	5.331439E-9	5.444797E-9	5.493158E-9	5.522856E-9	5.422631E-9	5.463272E-9	5.554124E-9	-1.264545E-11	5.602455E-9	5.569498E-9	5.507292E-9	5.605012E-9	5.531757E-9	5.289573E-9	5.210521E-9	5.483651E-9	-1.423029E-11	5.608755E-9	5.717419E-9	5.558829E-9	8.156971E-9	5.557671E-9	5.468732E-9	5.485396E-9	5.555940E-9	5.588862E-9	5.734730E-9	5.754294E-9	5.845171E-9
0:25:42	1	-1.499542E+1	1.520600E+1	1.569900E+1	1.551108E+0	1.791771E+0	3.690000E+2	1.741700E-7	1.738171E-7	5.490237E-9	5.388707E-9	5.472882E-9	5.524906E-9	5.637652E-9	5.690535E-9	5.717914E-9	5.618451E-9	5.667381E-9	5.748512E-9	-1.169722E-11	5.814699E-9	5.771245E-9	5.706267E-9	5.790484E-9	5.729850E-9	5.478169E-9	5.405445E-9	5.678418E-9	-1.291405E-11	5.804616E-9	5.921829E-9	5.763613E-9	8.363747E-9	5.762595E-9	5.676051E-9	5.692628E-9	5.756522E-9	5.792256E-9	5.945986E-9	5.964034E-9	6.066133E-9
0:25:55	1	-1.499504E+1	1.522900E+1	1.571500E+1	1.549955E+0	1.791872E+0	3.700000E+2	1.797900E-7	1.802321E-7	5.680498E-9	5.572065E-9	5.660747E-9	5.713119E-9	5.832471E-9	5.883008E-9	5.913351E-9	5.825748E-9	5.856656E-9	5.937968E-9	-1.353081E-11	5.992462E-9	5.970902E-9	5.902590E-9	5.996796E-9	5.926992E-9	5.671517E-9	5.587341E-9	5.863925E-9	-1.423029E-11	6.005211E-9	6.121640E-9	5.965113E-9	9.086349E-9	5.962853E-9	5.871813E-9	5.886283E-9	5.958876E-9	5.998619E-9	6.155786E-9	6.177788E-9	6.281397E-9
0:26:09	1	-1.499535E+1	1.522600E+1	1.571600E+1	1.549930E+0	1.791467E+0	3.710000E+2	1.870100E-7	1.863206E-7	5.875554E-9	5.770557E-9	5.857905E-9	5.909940E-9	6.034069E-9	6.091825E-9	6.120854E-9	6.033552E-9	6.062350E-9	6.151567E-9	-1.384722E-11	6.196687E-9	6.182848E-9	6.112987E-9	6.221098E-9	6.140145E-9	5.875571E-9	5.787930E-9	6.066188E-9	-1.316443E-11	6.215459E-9	6.339783E-9	6.178365E-9	9.105358E-9	6.177298E-9	6.076558E-9	6.102292E-9	6.172119E-9	6.210287E-9	6.373255E-9	6.400324E-9	6.504893E-9
0:26:22	1	-1.499657E+1	1.522400E+1	1.572900E+1	1.552578E+0	1.794267E+0	3.720000E+2	1.934400E-7	1.925640E-7	6.092996E-9	5.978505E-9	6.071560E-9	6.116570E-9	6.248845E-9	6.302591E-9	6.336697E-9	6.237804E-9	6.283510E-9	6.366051E-9	-1.264545E-11	6.406785E-9	6.401953E-9	6.328371E-9	6.451673E-9	6.366529E-9	6.085263E-9	5.995000E-9	6.278405E-9	-1.291405E-11	6.432083E-9	6.568256E-9	6.405519E-9	9.001059E-9	6.399500E-9	6.297255E-9	6.314198E-9	6.393913E-9	6.441595E-9	6.609476E-9	6.632518E-9	6.745101E-9
0:26:36	1	-1.499474E+1	1.525000E+1	1.572400E+1	1.552983E+0	1.793583E+0	3.730000E+2	2.003300E-7	1.997705E-7	6.328854E-9	6.214009E-9	6.307469E-9	6.356048E-9	6.492703E-9	6.556352E-9	6.586331E-9	6.470722E-9	6.537571E-9	6.609288E-9	-1.169722E-11	6.671758E-9	6.656147E-9	6.578840E-9	6.692633E-9	6.615694E-9	6.331384E-9	6.239521E-9	6.525833E-9	-1.379187E-11	6.677414E-9	6.825137E-9	6.659588E-9	8.952844E-9	6.652786E-9	6.551741E-9	6.573648E-9	6.648629E-9	6.699233E-9	6.873262E-9	6.893940E-9	7.016587E-9
0:26:49	1	-1.499596E+1	1.524100E+1	1.572700E+1	1.550171E+0	1.792012E+0	3.740000E+2	2.075300E-7	2.070643E-7	6.560675E-9	6.439551E-9	6.540279E-9	6.591472E-9	6.732758E-9	6.796849E-9	6.829966E-9	6.724755E-9	6.774197E-9	6.850250E-9	-1.213940E-11	6.915766E-9	6.907810E-9	6.826469E-9	6.926691E-9	6.861884E-9	6.564326E-9	6.467364E-9	6.759401E-9	-1.385422E-11	6.922241E-9	7.069358E-9	6.914922E-9	9.158294E-9	6.904812E-9	6.797433E-9	6.819396E-9	6.904104E-9	6.949989E-9	7.134259E-9	7.159815E-9	7.285160E-9
0:27:03	1	-1.499641E+1	1.524700E+1	1.573700E+1	1.553578E+0	1.795179E+0	3.750000E+2	2.150400E-7	2.148702E-7	6.814316E-9	6.683566E-9	6.780420E-9	6.843036E-9	6.992073E-9	7.054883E-9	7.091664E-9	6.986523E-9	7.039158E-9	7.104040E-9	-1.397298E-11	7.166530E-9	7.166882E-9	7.091768E-9	7.194700E-9	7.128454E-9	6.821342E-9	6.727116E-9	7.014262E-9	-1.423029E-11	7.190037E-9	7.341232E-9	7.181692E-9	9.357954E-9	7.174555E-9	7.059706E-9	7.084340E-9	7.166163E-9	7.219499E-9	7.409324E-9	7.435411E-9	7.577792E-9
0:27:16	1	-1.499550E+1	1.523700E+1	1.574800E+1	1.553667E+0	1.794115E+0	3.760000E+2	2.232400E-7	2.231689E-7	7.081704E-9	6.952110E-9	7.047363E-9	7.110105E-9	7.264059E-9	7.331525E-9	7.364734E-9	7.251399E-9	7.317050E-9	7.384624E-9	-1.409975E-11	7.443754E-9	7.453318E-9	7.364450E-9	7.486400E-9	7.410275E-9	7.089888E-9	6.992847E-9	7.281909E-9	-1.404226E-11	7.460420E-9	7.629547E-9	7.476138E-9	9.531240E-9	7.458737E-9	7.345467E-9	7.365763E-9	7.461591E-9	7.512689E-9	7.703144E-9	7.740362E-9	7.884478E-9
0:27:30	1	-1.499535E+1	1.524400E+1	1.572700E+1	1.549613E+0	1.791303E+0	3.770000E+2	2.328300E-7	2.327076E-7	7.382516E-9	7.248585E-9	7.356153E-9	7.416032E-9	7.575896E-9	7.636703E-9	7.682020E-9	7.560600E-9	7.635510E-9	7.691371E-9	-1.251869E-11	7.756090E-9	7.775861E-9	7.685914E-9	7.808948E-9	7.736208E-9	7.409240E-9	7.294704E-9	7.587665E-9	-1.423029E-11	7.779010E-9	7.956791E-9	7.806662E-9	9.788997E-9	7.795128E-9	7.666526E-9	7.688609E-9	7.789561E-9	7.839852E-9	8.052853E-9	8.085453E-9	8.244918E-9
0:27:43	1	-1.499626E+1	1.522300E+1	1.571500E+1	1.552755E+0	1.794495E+0	3.780000E+2	2.426900E-7	2.421866E-7	7.694680E-9	7.546952E-9	7.651984E-9	7.721514E-9	7.880954E-9	7.947728E-9	7.989578E-9	7.873352E-9	7.951942E-9	8.009430E-9	-1.163334E-11	8.080296E-9	8.105308E-9	8.005863E-9	8.118954E-9	8.056508E-9	7.706928E-9	7.595871E-9	7.898397E-9	-1.379187E-11	8.095582E-9	8.278996E-9	8.129984E-9	1.006306E-8	8.110900E-9	7.987019E-9	8.014294E-9	8.115885E-9	8.174718E-9	8.387352E-9	8.424402E-9	8.593586E-9
0:27:57	1	-1.499596E+1	1.522000E+1	1.572900E+1	1.553464E+0	1.794241E+0	3.790000E+2	2.526700E-7	2.525004E-7	8.019520E-9	7.859821E-9	7.978789E-9	8.033136E-9	8.207489E-9	8.281947E-9	8.326826E-9	8.201895E-9	8.285742E-9	8.341329E-9	-1.283510E-11	8.430586E-9	8.439952E-9	8.337676E-9	8.469947E-9	8.397761E-9	8.044020E-9	7.926555E-9	8.227146E-9	-1.504577E-11	8.431465E-9	8.630809E-9	8.481551E-9	1.051853E-8	8.459337E-9	8.327486E-9	8.357975E-9	8.464942E-9	8.522658E-9	8.755629E-9	8.794080E-9	8.973652E-9
0:28:10	1	-1.499573E+1	1.524000E+1	1.573200E+1	1.555060E+0	1.795825E+0	3.800000E+2	2.641000E-7	2.644485E-7	8.383587E-9	8.225970E-9	8.352245E-9	8.409061E-9	8.589274E-9	8.666771E-9	8.716125E-9	8.599433E-9	8.679701E-9	8.728083E-9	-1.391010E-11	8.802471E-9	8.840469E-9	8.726288E-9	8.869142E-9	8.788248E-9	8.422292E-9	8.300102E-9	8.615548E-9	-1.291405E-11	8.828488E-9	9.033833E-9	8.883665E-9	1.108364E-8	8.866915E-9	8.729248E-9	8.759119E-9	8.865282E-9	8.926671E-9	9.167687E-9	9.210674E-9	9.405319E-9
0:28:24	1	-1.499565E+1	1.522900E+1	1.572200E+1	1.551792E+0	1.792506E+0	3.810000E+2	2.756700E-7	2.762495E-7	8.759381E-9	8.590420E-9	8.718370E-9	8.787324E-9	8.971309E-9	9.052283E-9	9.100620E-9	8.967544E-9	9.068521E-9	9.110979E-9	-1.378334E-11	9.179154E-9	9.233829E-9	9.126760E-9	9.279105E-9	9.198418E-9	8.802462E-9	8.688820E-9	8.995382E-9	-1.241229E-11	9.226269E-9	9.425959E-9	9.300753E-9	1.147818E-8	9.265791E-9	9.118449E-9	9.155020E-9	9.278980E-9	9.345649E-9	9.589440E-9	9.628585E-9	9.831921E-9
0:28:37	1	-1.499550E+1	1.523000E+1	1.573200E+1	1.550462E+0	1.792405E+0	3.820000E+2	2.888100E-7	2.890889E-7	9.164185E-9	8.985132E-9	9.116099E-9	9.189825E-9	9.380841E-9	9.466647E-9	9.513856E-9	9.382455E-9	9.491888E-9	9.533563E-9	-1.100152E-11	9.607810E-9	9.660444E-9	9.547680E-9	9.703828E-9	9.625928E-9	9.218552E-9	9.093962E-9	9.407214E-9	-1.454402E-11	9.642791E-9	9.869926E-9	9.740969E-9	1.200376E-8	9.704518E-9	9.546401E-9	9.585963E-9	9.711041E-9	9.775552E-9	1.004725E-8	1.008770E-8	1.030867E-8
0:28:51	1	-1.499657E+1	1.524400E+1	1.574200E+1	1.554224E+0	1.795445E+0	3.830000E+2	3.029800E-7	3.032916E-7	9.599322E-9	9.414649E-9	9.549163E-9	9.615805E-9	9.812674E-9	9.900686E-9	9.960128E-9	9.824887E-9	9.948344E-9	9.970933E-9	-1.245581E-11	1.007170E-8	1.012025E-8	1.000072E-8	1.015813E-8	1.008742E-8	9.672590E-9	9.527804E-9	9.857597E-9	-1.460636E-11	1.009440E-8	1.033002E-8	1.020298E-8	1.299571E-8	1.017792E-8	1.001430E-8	1.004854E-8	1.018324E-8	1.024713E-8	1.053142E-8	1.058352E-8	1.081669E-8
0:29:04	1	-1.499580E+1	1.525400E+1	1.574700E+1	1.552565E+0	1.793190E+0	3.840000E+2	3.188800E-7	3.187122E-7	1.009992E-8	9.908418E-9	1.004089E-8	1.011748E-8	1.033681E-8	1.041450E-8	1.047418E-8	1.033764E-8	1.047833E-8	1.049596E-8	-1.226616E-11	1.059129E-8	1.065975E-8	1.052684E-8	1.074103E-8	1.061917E-8	1.017604E-8	1.003592E-8	1.036158E-8	-1.479440E-11	1.063131E-8	1.088026E-8	1.076433E-8	1.299482E-8	1.071704E-8	1.054274E-8	1.058329E-8	1.073345E-8	1.080585E-8	1.110423E-8	1.115961E-8	1.140658E-8
0:29:18	1	-1.499580E+1	1.523000E+1	1.573800E+1	1.550728E+0	1.792671E+0	3.850000E+2	3.347800E-7	3.348455E-7	1.061628E-8	1.040792E-8	1.055316E-8	1.064149E-8	1.085025E-8	1.094446E-8	1.101874E-8	1.087399E-8	1.102480E-8	1.102762E-8	-1.372045E-11	1.111398E-8	1.120481E-8	1.106703E-8	1.123290E-8	1.116915E-8	1.071162E-8	1.055731E-8	1.091143E-8	-1.347815E-11	1.118565E-8	1.143957E-8	1.133091E-8	1.333000E-8	1.127846E-8	1.109398E-8	1.115043E-8	1.129208E-8	1.138137E-8	1.168756E-8	1.174994E-8	1.202584E-8
0:29:31	1	-1.500341E+1	1.526100E+1	1.574000E+1	1.550145E+0	1.791214E+0	3.855917E+2	3.446500E-7	3.448870E-7	1.094037E-8	1.071720E-8	1.087156E-8	1.093413E-8	1.117058E-8	1.126082E-8	1.133344E-8	1.119435E-8	1.134446E-8	1.134807E-8	-1.340404E-11	1.145081E-8	1.154471E-8	1.140433E-8	1.158110E-8	1.150388E-8	1.104744E-8	1.089567E-8	1.122531E-8	-1.548419E-11	1.151995E-8	1.178073E-8	1.166858E-8	1.369168E-8	1.163112E-8	1.144047E-8	1.149601E-8	1.164379E-8	1.172792E-8	1.204107E-8	1.210344E-8	1.240287E-8
0:29:45	1	-1.499489E+1	1.523200E+1	1.573000E+1	1.551602E+0	1.793621E+0	3.861834E+2	3.565900E-7	3.562895E-7	1.129831E-8	1.107749E-8	1.123085E-8	1.130100E-8	1.154280E-8	1.164018E-8	1.170978E-8	1.156164E-8	1.173151E-8	1.173666E-8	-1.150757E-11	1.183426E-8	1.192774E-8	1.179017E-8	1.196484E-8	1.189974E-8	1.143312E-8	1.125625E-8	1.160849E-8	-1.454402E-11	1.189394E-8	1.217758E-8	1.208737E-8	1.386484E-8	1.202577E-8	1.182138E-8	1.188604E-8	1.204419E-8	1.213080E-8	1.246846E-8	1.252838E-8	1.284194E-8
0:29:58	1	-1.499535E+1	1.522400E+1	1.573800E+1	1.553376E+0	1.794039E+0	3.867752E+2	3.688700E-7	3.687920E-7	1.169706E-8	1.145782E-8	1.161562E-8	1.170331E-8	1.194510E-8	1.203883E-8	1.210963E-8	1.194491E-8	1.215228E-8	1.213990E-8	-1.308763E-11	1.225072E-8	1.234125E-8	1.219045E-8	1.235846E-8	1.231694E-8	1.182723E-8	1.166266E-8	1.201906E-8	-1.122173E-11	1.231324E-8	1.261273E-8	1.251198E-8	1.432226E-8	1.245914E-8	1.225191E-8	1.229854E-8	1.247594E-8	1.257409E-8	1.291823E-8	1.299659E-8	1.331046E-8
0:30:12	1	-1.499694E+1	1.522500E+1	1.572000E+1	1.549081E+0	1.790606E+0	3.873669E+2	3.801400E-7	3.805795E-7	1.207355E-8	1.182347E-8	1.197207E-8	1.206423E-8	1.230509E-8	1.241415E-8	1.249728E-8	1.233623E-8	1.253660E-8	1.252792E-8	-1.232904E-11	1.263802E-8	1.274848E-8	1.258531E-8	1.275100E-8	1.271154E-8	1.220898E-8	1.203790E-8	1.239996E-8	-1.310208E-11	1.271721E-8	1.301103E-8	1.293280E-8	1.470748E-8	1.285808E-8	1.266649E-8	1.271048E-8	1.288711E-8	1.298517E-8	1.334042E-8	1.340930E-8	1.374751E-8
0:30:25	1	-1.499489E+1	1.523700E+1	1.573000E+1	1.551324E+0	1.793139E+0	3.879586E+2	3.939000E-7	3.943330E-7	1.249570E-8	1.224718E-8	1.240488E-8	1.249420E-8	1.274168E-8	1.285624E-8	1.293724E-8	1.277676E-8	1.300085E-8	1.298172E-8	-1.270834E-11	1.307545E-8	1.320252E-8	1.304491E-8	1.322146E-8	1.317424E-8	1.266112E-8	1.248767E-8	1.284537E-8	-1.071998E-11	1.317228E-8	1.349418E-8	1.340094E-8	1.512014E-8	1.333994E-8	1.312515E-8	1.318417E-8	1.336317E-8	1.347519E-8	1.384658E-8	1.392123E-8	1.426421E-8
0:30:39	1	-1.499755E+1	1.523400E+1	1.572700E+1	1.552768E+0	1.793190E+0	3.885503E+2	4.074700E-7	4.075321E-7	1.291728E-8	1.264184E-8	1.281943E-8	1.291518E-8	1.315729E-8	1.326256E-8	1.335610E-8	1.320023E-8	1.343506E-8	1.340229E-8	-1.441616E-11	1.350808E-8	1.364529E-8	1.347113E-8	1.368331E-8	1.362409E-8	1.309584E-8	1.290634E-8	1.327220E-8	-1.416794E-11	1.361714E-8	1.394785E-8	1.387161E-8	1.558556E-8	1.378541E-8	1.356711E-8	1.363255E-8	1.381682E-8	1.392208E-8	1.431877E-8	1.440299E-8	1.477919E-8
0:30:52	1	-1.499778E+1	1.523700E+1	1.574100E+1	1.548828E+0	1.790188E+0	3.891420E+2	4.198200E-7	4.196949E-7	1.330070E-8	1.300899E-8	1.319712E-8	1.327256E-8	1.354959E-8	1.365436E-8	1.374186E-8	1.357405E-8	1.382534E-8	1.380977E-8	-1.074899E-11	1.390397E-8	1.404955E-8	1.387041E-8	1.407110E-8	1.404034E-8	1.349552E-8	1.330387E-8	1.368428E-8	-1.329012E-11	1.402009E-8	1.437217E-8	1.429635E-8	1.600282E-8	1.420251E-8	1.397641E-8	1.404872E-8	1.425870E-8	1.435287E-8	1.475934E-8	1.483596E-8	1.523960E-8
0:31:06	1	-1.499573E+1	1.522700E+1	1.573300E+1	1.551057E+0	1.793000E+0	3.897337E+2	4.363300E-7	4.363486E-7	1.381883E-8	1.352130E-8	1.369706E-8	1.378582E-8	1.407849E-8	1.418985E-8	1.427581E-8	1.411636E-8	1.439412E-8	1.434420E-8	-1.194975E-11	1.446176E-8	1.460386E-8	1.441703E-8	1.461820E-8	1.458873E-8	1.403680E-8	1.383880E-8	1.423029E-8	-1.448167E-11	1.460414E-8	1.494370E-8	1.488707E-8	1.646175E-8	1.478242E-8	1.456294E-8	1.462602E-8	1.483619E-8	1.494645E-8	1.536790E-8	1.545646E-8	1.588268E-8
0:31:19	1	-1.499527E+1	1.522200E+1	1.572300E+1	1.553490E+0	1.793887E+0	3.903255E+2	4.542100E-7	4.542593E-7	1.438830E-8	1.409010E-8	1.425548E-8	1.433964E-8	1.463659E-8	1.475288E-8	1.485568E-8	1.468721E-8	1.497931E-8	1.492579E-8	-1.422651E-11	1.506162E-8	1.521525E-8	1.501434E-8	1.523258E-8	1.518490E-8	1.462305E-8	1.441941E-8	1.481125E-8	-1.404226E-11	1.520000E-8	1.555081E-8	1.551767E-8	1.700842E-8	1.539933E-8	1.516172E-8	1.524185E-8	1.546180E-8	1.557766E-8	1.601827E-8	1.611422E-8	1.656246E-8
0:31:33	1	-1.499831E+1	1.523400E+1	1.571800E+1	1.549107E+0	1.790137E+0	3.909172E+2	4.708800E-7	4.712357E-7	1.492238E-8	1.459566E-8	1.477881E-8	1.486795E-8	1.516314E-8	1.528020E-8	1.540397E-8	1.523249E-8	1.554429E-8	1.549441E-8	-1.365657E-11	1.560015E-8	1.578496E-8	1.556096E-8	1.579520E-8	1.576266E-8	1.517718E-8	1.497983E-8	1.537369E-8	-1.278836E-11	1.576664E-8	1.614496E-8	1.610725E-8	1.753526E-8	1.599715E-8	1.574562E-8	1.582339E-8	1.605823E-8	1.616348E-8	1.663816E-8	1.673183E-8	1.723219E-8
0:31:46	1	-1.499618E+1	1.521200E+1	1.571800E+1	1.550918E+0	1.791556E+0	3.915089E+2	4.915200E-7	4.917740E-7	1.555661E-8	1.522840E-8	1.539721E-8	1.550094E-8	1.580836E-8	1.592476E-8	1.604713E-8	1.589142E-8	1.623110E-8	1.614589E-8	-1.207651E-11	1.626644E-8	1.645810E-8	1.623841E-8	1.648160E-8	1.644991E-8	1.584757E-8	1.562798E-8	1.604984E-8	-1.441833E-11	1.648137E-8	1.686074E-8	1.681866E-8	1.821198E-8	1.671785E-8	1.644483E-8	1.652710E-8	1.676780E-8	1.690665E-8	1.737433E-8	1.750255E-8	1.803500E-8
0:32:00	1	-1.499588E+1	1.522600E+1	1.573300E+1	1.548866E+0	1.790745E+0	3.921006E+2	5.115600E-7	5.114469E-7	1.616385E-8	1.580963E-8	1.600759E-8	1.608723E-8	1.642240E-8	1.655133E-8	1.666591E-8	1.650634E-8	1.687994E-8	1.679288E-8	-1.138081E-11	1.691990E-8	1.710465E-8	1.688241E-8	1.715039E-8	1.710494E-8	1.651263E-8	1.627846E-8	1.669102E-8	-1.360384E-11	1.713628E-8	1.753961E-8	1.751920E-8	1.890638E-8	1.738527E-8	1.711910E-8	1.720297E-8	1.747718E-8	1.759773E-8	1.808585E-8	1.821199E-8	1.875885E-8
0:32:13	1	-1.499459E+1	1.523100E+1	1.572400E+1	1.552831E+0	1.794545E+0	3.926923E+2	5.352400E-7	5.351353E-7	1.691657E-8	1.653499E-8	1.674337E-8	1.681483E-8	1.713984E-8	1.729193E-8	1.740806E-8	1.725176E-8	1.766100E-8	1.757270E-8	-1.340404E-11	1.769089E-8	1.789523E-8	1.766272E-8	1.791249E-8	1.790705E-8	1.728912E-8	1.704438E-8	1.746165E-8	-1.404226E-11	1.793740E-8	1.835857E-8	1.834896E-8	1.969785E-8	1.820604E-8	1.793777E-8	1.801517E-8	1.830382E-8	1.843177E-8	1.894868E-8	1.908758E-8	1.969057E-8
0:32:27	1	-1.499588E+1	1.522700E+1	1.573600E+1	1.552045E+0	1.792633E+0	3.932841E+2	5.576200E-7	5.580966E-7	1.763644E-8	1.721956E-8	1.741064E-8	1.750611E-8	1.785684E-8	1.797571E-8	1.812153E-8	1.795856E-8	1.842052E-8	1.830146E-8	-1.422651E-11	1.843573E-8	1.866567E-8	1.840467E-8	1.866514E-8	1.867689E-8	1.802767E-8	1.778971E-8	1.822283E-8	-1.397991E-11	1.872665E-8	1.916808E-8	1.917701E-8	2.055918E-8	1.899875E-8	1.871183E-8	1.879889E-8	1.910836E-8	1.926114E-8	1.981430E-8	1.993319E-8	2.057176E-8
0:32:40	1	-1.499596E+1	1.524000E+1	1.573000E+1	1.549157E+0	1.791011E+0	3.938758E+2	5.856700E-7	5.858306E-7	1.848805E-8	1.806315E-8	1.824921E-8	1.835061E-8	1.872323E-8	1.883876E-8	1.899039E-8	1.882547E-8	1.933635E-8	1.920919E-8	-1.308763E-11	1.932500E-8	1.955634E-8	1.929497E-8	1.960188E-8	1.960919E-8	1.893277E-8	1.868553E-8	1.915830E-8	-1.272601E-11	1.967397E-8	2.011139E-8	2.017408E-8	2.149787E-8	1.997501E-8	1.964825E-8	1.976275E-8	2.008557E-8	2.024137E-8	2.081705E-8	2.097141E-8	2.165928E-8
0:32:54	1	-1.499512E+1	1.524000E+1	1.572900E+1	1.552793E+0	1.794064E+0	3.944675E+2	6.121600E-7	6.128912E-7	1.932156E-8	1.886688E-8	1.904745E-8	1.915656E-8	1.953982E-8	1.967585E-8	1.981636E-8	1.968852E-8	2.022283E-8	2.006384E-8	-1.372045E-11	2.020498E-8	2.046747E-8	2.018597E-8	2.050479E-8	2.051085E-8	1.983552E-8	1.955315E-8	2.005894E-8	-1.385422E-11	2.059239E-8	2.105274E-8	2.113476E-8	2.244450E-8	2.094049E-8	2.058675E-8	2.070496E-8	2.100730E-8	2.120865E-8	2.180990E-8	2.198273E-8	2.273225E-8
0:33:07	1	-1.499413E+1	1.521500E+1	1.571600E+1	1.551678E+0	1.792177E+0	3.950592E+2	6.456100E-7	6.464718E-7	2.035814E-8	1.985550E-8	2.005523E-8	2.015902E-8	2.055656E-8	2.069498E-8	2.086082E-8	2.069229E-8	2.132635E-8	2.116975E-8	-1.245581E-11	2.130605E-8	2.158313E-8	2.125133E-8	2.162325E-8	2.163631E-8	2.095900E-8	2.066719E-8	2.115674E-8	-1.159780E-11	2.171632E-8	2.223895E-8	2.232929E-8	2.363276E-8	2.209015E-8	2.174870E-8	2.186191E-8	2.222466E-8	2.238792E-8	2.306199E-8	2.322286E-8	2.406872E-8
0:33:21	1	-1.499504E+1	1.524000E+1	1.573300E+1	1.548777E+0	1.790758E+0	3.956509E+2	6.825700E-7	6.831052E-7	2.146736E-8	2.095848E-8	2.115386E-8	2.125552E-8	2.167086E-8	2.180104E-8	2.197748E-8	2.184837E-8	2.255588E-8	2.233709E-8	-1.018004E-11	2.249414E-8	2.278924E-8	2.244569E-8	2.279240E-8	2.286119E-8	2.214861E-8	2.186191E-8	2.236875E-8	-1.360384E-11	2.295258E-8	2.351524E-8	2.364526E-8	2.501471E-8	2.334983E-8	2.299306E-8	2.312039E-8	2.350242E-8	2.371204E-8	2.442559E-8	2.458911E-8	2.552093E-8
0:33:34	1	-1.499626E+1	1.522000E+1	1.573300E+1	1.552755E+0	1.794165E+0	3.962426E+2	7.134100E-7	7.144681E-7	2.245840E-8	2.186783E-8	2.207568E-8	2.217811E-8	2.260790E-8	2.272714E-8	2.294501E-8	2.278809E-8	2.356280E-8	2.335831E-8	-1.308763E-11	2.349044E-8	2.382015E-8	2.348265E-8	2.382377E-8	2.389196E-8	2.320081E-8	2.288770E-8	2.339846E-8	-1.316443E-11	2.406225E-8	2.459725E-8	2.474368E-8	2.611485E-8	2.445138E-8	2.407776E-8	2.422986E-8	2.463031E-8	2.486775E-8	2.557914E-8	2.580979E-8	2.676515E-8
0:33:48	1	-1.499626E+1	1.523900E+1	1.572000E+1	1.551589E+0	1.791759E+0	3.968344E+2	7.522400E-7	7.530702E-7	2.362243E-8	2.302858E-8	2.324415E-8	2.331727E-8	2.378086E-8	2.390794E-8	2.410949E-8	2.398596E-8	2.482396E-8	2.459270E-8	-1.549016E-11	2.472683E-8	2.507073E-8	2.468924E-8	2.510149E-8	2.517988E-8	2.448462E-8	2.412994E-8	2.469632E-8	-1.222426E-11	2.536482E-8	2.595039E-8	2.612404E-8	2.754502E-8	2.581341E-8	2.540816E-8	2.556273E-8	2.599652E-8	2.623892E-8	2.701390E-8	2.724806E-8	2.833956E-8
0:34:01	1	-1.499687E+1	1.522900E+1	1.571600E+1	1.545268E+0	1.787477E+0	3.974261E+2	8.008600E-7	8.019442E-7	2.513141E-8	2.446128E-8	2.466932E-8	2.474248E-8	2.518496E-8	2.535068E-8	2.561027E-8	2.549291E-8	2.644454E-8	2.614274E-8	-1.245581E-11	2.629691E-8	2.669485E-8	2.629057E-8	2.668548E-8	2.681720E-8	2.608754E-8	2.574189E-8	2.629496E-8	-1.253798E-11	2.705350E-8	2.769528E-8	2.791946E-8	2.924024E-8	2.754877E-8	2.709322E-8	2.727925E-8	2.773768E-8	2.798676E-8	2.886554E-8	2.910618E-8	3.030340E-8
0:34:15	1	-1.499733E+1	1.522200E+1	1.571400E+1	1.549639E+0	1.790517E+0	3.980178E+2	8.494500E-7	8.505345E-7	2.660255E-8	2.586648E-8	2.611561E-8	2.618845E-8	2.666900E-8	2.677361E-8	2.702659E-8	2.694253E-8	2.802740E-8	2.773430E-8	-1.100152E-11	2.788284E-8	2.825867E-8	2.783491E-8	2.828467E-8	2.843738E-8	2.770331E-8	2.732205E-8	2.795143E-8	-1.178584E-11	2.872054E-8	2.940999E-8	2.965530E-8	3.105776E-8	2.922965E-8	2.877343E-8	2.898042E-8	2.949682E-8	2.973953E-8	3.065761E-8	3.092007E-8	3.229434E-8
0:34:28	1	-1.499618E+1	1.523900E+1	1.572800E+1	1.548955E+0	1.791176E+0	3.986095E+2	9.146000E-7	9.144621E-7	2.853715E-8	2.772144E-8	2.793460E-8	2.797547E-8	2.854124E-8	2.867503E-8	2.896044E-8	2.890409E-8	3.013847E-8	2.975685E-8	-1.119116E-11	2.990670E-8	3.034215E-8	2.986681E-8	3.036540E-8	3.055411E-8	2.980664E-8	2.943293E-8	3.007585E-8	-1.391756E-11	3.093118E-8	3.166221E-8	3.198237E-8	3.347653E-8	3.148376E-8	3.096715E-8	3.119942E-8	3.180142E-8	3.203478E-8	3.309283E-8	3.342717E-8	3.493303E-8
0:34:42	1	-1.499512E+1	1.522600E+1	1.572100E+1	1.551919E+0	1.792835E+0	3.992012E+2	9.839000E-7	9.847612E-7	3.064984E-8	2.973435E-8	2.996623E-8	2.998551E-8	3.056311E-8	3.070203E-8	3.102423E-8	3.094871E-8	3.242766E-8	3.198656E-8	-1.163334E-11	3.219933E-8	3.260172E-8	3.208147E-8	3.264364E-8	3.291008E-8	3.216768E-8	3.173727E-8	3.241508E-8	-1.435598E-11	3.336721E-8	3.409762E-8	3.453154E-8	3.620140E-8	3.399468E-8	3.346597E-8	3.368633E-8	3.431565E-8	3.465537E-8	3.573488E-8	3.608837E-8	3.790368E-8
0:34:55	1	-1.499626E+1	1.523500E+1	1.572500E+1	1.548879E+0	1.789643E+0	3.997930E+2	1.055000E-6	1.056571E-6	3.278473E-8	3.178370E-8	3.200861E-8	3.204270E-8	3.260881E-8	3.272187E-8	3.311562E-8	3.307673E-8	3.478062E-8	3.428925E-8	-1.378334E-11	3.440652E-8	3.492800E-8	3.433797E-8	3.494532E-8	3.525421E-8	3.454367E-8	3.412489E-8	3.486605E-8	-1.435598E-11	3.587967E-8	3.670033E-8	3.720803E-8	3.890242E-8	3.653171E-8	3.597578E-8	3.624497E-8	3.697102E-8	3.728430E-8	3.849757E-8	3.886417E-8	4.092003E-8
0:35:09	1	-1.499649E+1	1.522900E+1	1.572900E+1	1.548866E+0	1.790504E+0	4.003847E+2	1.149400E-6	1.149905E-6	3.558405E-8	3.445779E-8	3.463917E-8	3.462524E-8	3.524973E-8	3.540387E-8	3.574582E-8	3.579208E-8	3.779206E-8	3.724317E-8	-1.188687E-11	3.740117E-8	3.794534E-8	3.727696E-8	3.793403E-8	3.836235E-8	3.766372E-8	3.720510E-8	3.802472E-8	-1.404226E-11	3.911423E-8	4.002651E-8	4.062638E-8	4.257504E-8	3.982923E-8	3.919428E-8	3.956202E-8	4.034881E-8	4.074304E-8	4.207919E-8	4.252420E-8	4.496181E-8
0:35:22	1	-1.499603E+1	1.523900E+1	1.572600E+1	1.546560E+0	1.787920E+0	4.009764E+2	1.246000E-6	1.247172E-6	3.840009E-8	3.712828E-8	3.731291E-8	3.727802E-8	3.795395E-8	3.807581E-8	3.852453E-8	3.865340E-8	4.095321E-8	4.028891E-8	-1.422651E-11	4.048532E-8	4.099164E-8	4.028676E-8	4.108395E-8	4.155284E-8	4.097047E-8	4.045808E-8	4.130647E-8	-1.303973E-11	4.258283E-8	4.350154E-8	4.433299E-8	4.632572E-8	4.329220E-8	4.264359E-8	4.305081E-8	4.392300E-8	4.436223E-8	4.585013E-8	4.645947E-8	4.916984E-8
0:35:36	1	-1.499657E+1	1.522800E+1	1.571700E+1	1.550741E+0	1.792595E+0	4.015681E+2	1.375000E-6	1.376665E-6	4.220950E-8	4.075365E-8	4.090664E-8	4.078928E-8	4.150961E-8	4.160011E-8	4.213559E-8	4.230561E-8	4.513682E-8	4.436554E-8	-1.188687E-11	4.455325E-8	4.512155E-8	4.421015E-8	4.516656E-8	4.579802E-8	4.534082E-8	4.474440E-8	4.575733E-8	-1.579791E-11	4.714004E-8	4.817809E-8	4.916216E-8	5.136059E-8	4.798169E-8	4.723589E-8	4.774858E-8	4.872404E-8	4.924910E-8	5.097030E-8	5.155601E-8	5.498216E-8
0:35:49	1	-1.499573E+1	1.522000E+1	1.571600E+1	1.550931E+0	1.791505E+0	4.021598E+2	1.513200E-6	1.515853E-6	4.620994E-8	4.452701E-8	4.461579E-8	4.446142E-8	4.525224E-8	4.528326E-8	4.589729E-8	4.625200E-8	4.963394E-8	4.874659E-8	-1.637551E-11	4.891894E-8	4.952111E-8	4.850733E-8	4.951901E-8	5.035002E-8	4.999600E-8	4.943524E-8	5.052731E-8	-1.115839E-11	5.206694E-8	5.327932E-8	5.447856E-8	5.704411E-8	5.299371E-8	5.212287E-8	5.274229E-8	5.388117E-8	5.454251E-8	5.644170E-8	5.726340E-8	6.136987E-8
0:36:03	1	-1.499626E+1	1.520800E+1	1.572200E+1	1.547979E+0	1.789377E+0	4.027515E+2	1.707300E-6	1.708666E-6	5.169860E-8	4.966736E-8	4.967799E-8	4.943353E-8	5.027199E-8	5.031800E-8	5.098665E-8	5.146385E-8	5.588780E-8	5.472944E-8	-1.176010E-11	5.478752E-8	5.550323E-8	5.432038E-8	5.555971E-8	5.656897E-8	5.669895E-8	5.590966E-8	5.724445E-8	-1.203622E-11	5.903059E-8	6.037345E-8	6.194858E-8	6.488876E-8	6.001045E-8	5.903104E-8	5.971299E-8	6.122140E-8	6.193056E-8	6.418800E-8	6.513555E-8	7.049042E-8
