APD#	0019	Started	07/20/07 13:41	Sense_ohms	1.004464E+6	1.004628E+6	1.002105E+6	1.000924E+6	9.998282E+5	1.007735E+6	1.002821E+6	9.989270E+5	9.993226E+5	1.002376E+6	1.001862E+6	1.003102E+6	1.000030E+6	1.003780E+6	1.000011E+6	1.000898E+6	9.999006E+5	1.006439E+6	1.005624E+6	1.010450E+6	1.003884E+6	1.005600E+6	1.002519E+6	1.006362E+6	1.004620E+6	1.008599E+6	1.003214E+6	1.000475E+6	1.003139E+6	9.996927E+5	1.009944E+6	1.000506E+6	
ElapTime	Shutter_Open	DegC	BiasV	KE237_Amps	Pixel_Sum	A1	A2	A3	A4	A5	A6	A7	A8	B1	B2	B3	B4	B5	B6	B7	B8	C1	C2	C3	C4	C5	C6	C7	C8	D1	D2	D3	D4	D5	D6	D7	D8
0:00:00	0	-9.990450E+0	0.000000E+0	2.061000E-11	-4.043258E-10	-1.264356E-11	0.000000E+0	-2.524686E-11	0.000000E+0	0.000000E+0	-2.510581E-11	-2.522883E-11	-3.804082E-11	0.000000E+0	-1.266990E-11	0.000000E+0	-1.266073E-11	0.000000E+0	-2.520473E-11	-1.269986E-11	-1.268861E-11	0.000000E+0	-1.261875E-11	-1.262897E-11	-1.256866E-11	-1.265086E-11	-1.262928E-11	-1.266809E-11	-2.514006E-11	-1.264160E-11	0.000000E+0	-1.265931E-11	-1.269397E-11	-1.266026E-11	-2.530778E-11	-1.257495E-11	-1.269358E-11
0:00:08	0	-1.009146E+1	5.000000E+1	2.373200E-9	-3.287032E-10	0.000000E+0	-1.264150E-11	-1.267332E-11	0.000000E+0	-3.800653E-11	0.000000E+0	-1.266427E-11	-2.532718E-11	-2.531715E-11	0.000000E+0	0.000000E+0	-1.266073E-11	-2.529924E-11	-2.520473E-11	0.000000E+0	0.000000E+0	-1.270126E-11	-1.261875E-11	-2.515851E-11	0.000000E+0	-1.265086E-11	-1.262928E-11	0.000000E+0	0.000000E+0	-1.264160E-11	0.000000E+0	-1.265931E-11	1.269397E-11	-1.266026E-11	-2.530778E-11	-1.257495E-11	0.000000E+0
0:00:17	0	-1.009199E+1	1.000000E+2	4.023200E-9	-3.538647E-10	0.000000E+0	0.000000E+0	-1.267332E-11	-1.268828E-11	-2.530435E-11	-1.260252E-11	0.000000E+0	1.271364E-11	-1.270861E-11	-2.524003E-11	-1.267640E-11	-1.266073E-11	-2.529924E-11	-3.785690E-11	0.000000E+0	0.000000E+0	-2.530252E-11	-1.261875E-11	-1.262897E-11	0.000000E+0	-2.520211E-11	-1.262928E-11	-1.266809E-11	0.000000E+0	-1.264160E-11	-2.508430E-11	1.265931E-11	-1.269397E-11	-1.266026E-11	-1.270390E-11	0.000000E+0	-1.269358E-11
0:00:26	0	-1.007679E+1	1.500000E+2	4.259500E-9	-1.640905E-10	1.264356E-11	0.000000E+0	-1.267332E-11	0.000000E+0	-1.270218E-11	0.000000E+0	-1.266427E-11	1.271364E-11	0.000000E+0	-2.524003E-11	-1.267640E-11	1.266073E-11	1.269962E-11	-1.265217E-11	-2.529972E-11	0.000000E+0	-1.270126E-11	0.000000E+0	-1.262897E-11	0.000000E+0	-1.265086E-11	0.000000E+0	-2.523643E-11	0.000000E+0	1.264160E-11	0.000000E+0	-1.265931E-11	1.269397E-11	0.000000E+0	-2.530778E-11	-2.505089E-11	0.000000E+0
0:00:35	0	-9.992350E+0	2.000000E+2	4.280100E-9	-1.513612E-10	1.264356E-11	0.000000E+0	0.000000E+0	0.000000E+0	-2.530435E-11	-2.510581E-11	0.000000E+0	0.000000E+0	-2.531715E-11	0.000000E+0	0.000000E+0	0.000000E+0	1.269962E-11	-1.265217E-11	-2.529972E-11	-1.268861E-11	1.270126E-11	1.261875E-11	1.262897E-11	-2.503835E-11	-1.265086E-11	0.000000E+0	-1.266809E-11	0.000000E+0	0.000000E+0	0.000000E+0	-1.265931E-11	-1.269397E-11	0.000000E+0	0.000000E+0	-1.257495E-11	0.000000E+0
0:00:43	0	-9.995390E+0	2.500000E+2	4.250200E-9	1.263316E-11	1.264356E-11	1.264150E-11	-1.267332E-11	1.268828E-11	0.000000E+0	-1.260252E-11	-1.266427E-11	0.000000E+0	-1.270861E-11	1.266990E-11	2.525298E-11	1.266073E-11	0.000000E+0	-1.265217E-11	1.269986E-11	0.000000E+0	0.000000E+0	1.261875E-11	0.000000E+0	-1.256866E-11	0.000000E+0	1.262928E-11	0.000000E+0	1.261971E-11	0.000000E+0	0.000000E+0	-1.265931E-11	-1.269397E-11	0.000000E+0	0.000000E+0	-1.257495E-11	-1.269358E-11
0:00:52	0	-9.992122E+0	3.000000E+2	4.453900E-9	2.023809E-10	1.264356E-11	1.264150E-11	1.267332E-11	2.527664E-11	1.270218E-11	0.000000E+0	1.266427E-11	1.271364E-11	0.000000E+0	1.266990E-11	0.000000E+0	0.000000E+0	1.269962E-11	2.520473E-11	3.799958E-11	2.527730E-11	0.000000E+0	0.000000E+0	0.000000E+0	0.000000E+0	1.265086E-11	-1.262928E-11	0.000000E+0	0.000000E+0	1.264160E-11	0.000000E+0	-1.265931E-11	0.000000E+0	-1.266026E-11	-1.270390E-11	1.257495E-11	0.000000E+0
0:01:01	0	-9.994022E+0	3.500000E+2	5.076000E-9	1.250049E-9	5.047468E-11	5.046644E-11	2.524686E-11	3.796492E-11	3.800653E-11	6.281413E-11	3.789310E-11	8.879528E-11	2.531715E-11	3.790993E-11	3.792938E-11	3.788249E-11	5.069848E-11	5.050908E-11	3.799958E-11	5.065451E-11	5.070504E-11	2.513814E-11	2.515851E-11	3.760701E-11	3.785298E-11	2.515911E-11	3.790452E-11	2.514006E-11	3.782525E-11	5.026775E-11	2.521895E-11	3.798196E-11	3.788109E-11	2.530778E-11	2.505089E-11	2.528720E-11
0:01:10	0	-9.991894E+0	4.000000E+2	7.829800E-9	4.469513E-9	1.261369E-10	1.764832E-10	1.264339E-10	1.771363E-10	1.393239E-10	2.388525E-10	1.136793E-10	2.156314E-10	1.393944E-10	1.389698E-10	1.137881E-10	1.388692E-10	1.899943E-10	1.640798E-10	1.266986E-10	1.898295E-10	1.140113E-10	1.510275E-10	1.133624E-10	1.253897E-10	1.009081E-10	7.557677E-11	1.137136E-10	1.258990E-10	1.639426E-10	1.632958E-10	1.009755E-10	1.392339E-10	1.136433E-10	1.393428E-10	1.379284E-10	7.596156E-11
0:01:18	0	-1.007664E+1	4.100000E+2	8.479500E-9	6.654377E-9	1.765121E-10	2.269497E-10	1.896009E-10	2.531661E-10	2.280392E-10	3.519775E-10	1.768012E-10	3.043265E-10	2.028374E-10	2.022195E-10	1.517175E-10	2.020732E-10	2.786916E-10	2.271414E-10	2.153976E-10	2.911386E-10	1.900189E-10	2.265413E-10	1.763084E-10	1.880350E-10	1.514119E-10	1.133652E-10	1.516181E-10	2.014186E-10	2.395931E-10	2.386479E-10	1.388537E-10	2.278918E-10	1.894055E-10	2.027623E-10	2.132792E-10	1.266359E-10
0:01:26	0	-1.009298E+1	4.200000E+2	1.391100E-8	1.184519E-8	2.774614E-10	4.035325E-10	3.287081E-10	4.809556E-10	4.307740E-10	6.159357E-10	3.158091E-10	5.579987E-10	3.676490E-10	3.665291E-10	2.529290E-10	3.283814E-10	4.686859E-10	4.038734E-10	4.306953E-10	5.442113E-10	3.294327E-10	3.650494E-10	3.400873E-10	3.510317E-10	2.902726E-10	1.889419E-10	3.032361E-10	3.398380E-10	4.287193E-10	4.019437E-10	2.651478E-10	4.178015E-10	3.283692E-10	3.548090E-10	3.637825E-10	2.025975E-10
0:01:34	0	-9.992426E+0	4.300000E+2	3.562200E-8	3.360453E-8	7.062473E-10	1.034015E-9	9.101841E-10	1.278219E-9	1.267018E-9	1.935826E-9	9.600916E-10	1.889527E-9	1.014087E-9	9.730879E-10	7.207579E-10	9.471619E-10	1.406058E-9	1.173664E-9	1.304786E-9	1.683288E-9	8.107806E-10	1.057292E-9	9.195286E-10	9.026671E-10	8.580673E-10	5.416667E-10	8.719037E-10	1.006994E-9	1.071848E-9	1.067620E-9	6.944680E-10	1.088883E-9	8.965856E-10	9.884037E-10	1.003422E-9	6.203861E-10
0:01:43	0	-9.932381E+0	4.400000E+2	9.999100E-5	1.014473E-4	1.708959E-6	1.964916E-6	2.369730E-6	2.624990E-6	2.823681E-6	3.132271E-6	3.217324E-6	3.743146E-6	2.005759E-6	2.461964E-6	2.346293E-6	2.688293E-6	2.950039E-6	3.001488E-6	3.351698E-6	3.466585E-6	2.793616E-6	3.016214E-6	2.913373E-6	3.301601E-6	3.266702E-6	3.413050E-6	3.505850E-6	3.777713E-6	3.915983E-6	3.952230E-6	3.999002E-6	3.491222E-6	3.903630E-6	3.931216E-6	4.258361E-6	4.150418E-6
