APD#	0018	Started	07/13/07 13:37	Sense_ohms	1.004464E+6	1.004628E+6	1.002105E+6	1.000924E+6	9.998282E+5	1.007735E+6	1.002821E+6	9.989270E+5	9.993226E+5	1.002376E+6	1.001862E+6	1.003102E+6	1.000030E+6	1.003780E+6	1.000011E+6	1.000898E+6	9.999006E+5	1.006439E+6	1.005624E+6	1.010450E+6	1.003884E+6	1.005600E+6	1.002519E+6	1.006362E+6	1.004620E+6	1.008599E+6	1.003214E+6	1.000475E+6	1.003139E+6	9.996927E+5	1.009944E+6	1.000506E+6					
ElapTime	Shutter_Open	DegC	H2O_In	H2O_Out	TE_A	TE_V	BiasV	KE237_Amps	Pixel_Sum	A1	A2	A3	A4	A5	A6	A7	A8	B1	B2	B3	B4	B5	B6	B7	B8	C1	C2	C3	C4	C5	C6	C7	C8	D1	D2	D3	D4	D5	D6	D7	D8
0:00:00	0	2.021879E+1	1.517800E+1	1.527600E+1	5.954000E-4	-1.447930E-2	0.000000E+0	-1.442000E-11	-8.654047E-11	3.531237E-12	-2.900576E-12	-1.137605E-12	-3.607667E-12	-2.977512E-12	-2.703092E-12	-2.147941E-12	-2.662857E-12	-2.028374E-12	-2.211745E-12	-1.706822E-12	-4.293681E-12	1.139966E-12	-3.597402E-12	-2.976967E-12	-3.291045E-12	-4.561453E-12	-4.658007E-12	-3.212930E-12	-3.886387E-12	-1.514119E-12	-2.267303E-12	-4.422859E-12	-3.335778E-12	-3.152436E-12	-2.637322E-12	-1.957708E-12	-2.532797E-12	-3.978511E-12	-2.597798E-12	-4.327963E-12	-3.925014E-12
0:00:13	0	2.022023E+1	1.517500E+1	1.530100E+1	5.701000E-4	-1.446660E-2	0.000000E+0	-5.073000E-11	-3.451932E-10	1.134934E-12	-1.198055E-11	-1.017758E-11	-9.049638E-12	-1.203807E-11	-9.554099E-12	-9.790381E-12	-1.103384E-11	-1.052213E-11	-1.225987E-11	-1.150757E-11	-1.212439E-11	-6.080818E-12	-1.438861E-11	-1.038889E-11	-1.227797E-11	-1.146614E-11	-1.107767E-11	-1.209398E-11	-1.234994E-11	-1.015954E-11	-1.146480E-11	-1.219528E-11	-1.151872E-11	-1.059306E-11	-1.061373E-11	-1.010253E-11	-1.101677E-11	-1.231335E-11	-1.254586E-11	-1.066297E-11	-1.297943E-11
0:00:26	0	2.021909E+1	1.518600E+1	1.527500E+1	5.701000E-4	-1.439060E-2	1.000000E+1	3.978600E-10	-9.600115E-11	1.128861E-11	-9.456237E-13	-1.706408E-12	-2.404778E-12	-4.430761E-13	-2.262500E-12	-2.021298E-12	-2.789994E-12	-1.585074E-12	-2.148894E-12	-2.212880E-12	-1.894124E-12	3.673890E-12	-7.636135E-12	-5.130944E-12	-7.973839E-12	-5.068504E-12	-4.279445E-12	-5.606469E-12	-5.704389E-12	-3.029234E-12	-3.590891E-12	-4.865743E-12	-4.909764E-12	-5.422946E-12	-2.889156E-12	-1.265931E-13	-5.001624E-12	-4.482928E-12	-4.182285E-12	-5.456738E-12	-5.191373E-12
0:00:40	0	2.021772E+1	1.517400E+1	1.526800E+1	5.701000E-4	-1.437790E-2	2.000000E+1	2.688500E-10	-2.680732E-12	1.349575E-11	6.937891E-13	3.982617E-12	8.861812E-13	3.170545E-13	5.031085E-13	5.055738E-13	8.238840E-13	2.531715E-13	0.000000E+0	2.525298E-13	1.200277E-12	4.243873E-12	-4.165255E-12	-1.583983E-12	-8.222616E-13	-1.520151E-12	-3.149719E-13	-1.637789E-12	-2.444455E-12	-6.943033E-13	-5.041766E-13	-2.021907E-12	-3.021775E-12	-2.900599E-12	1.444578E-12	8.203634E-13	-6.966691E-13	-3.978511E-12	-7.602336E-13	-3.073438E-12	-1.963007E-12
0:00:53	0	2.022076E+1	1.518400E+1	1.526200E+1	5.827000E-4	-1.439060E-2	3.000000E+1	9.900000E-10	8.054138E-11	1.576562E-11	3.278826E-12	5.626157E-12	4.936439E-12	3.104533E-12	3.080175E-12	2.400229E-12	3.170402E-12	3.866619E-12	2.717543E-12	2.275763E-12	5.304545E-12	7.474776E-12	1.265217E-13	1.269986E-13	4.556908E-12	-5.700567E-13	1.007513E-12	2.515851E-13	0.000000E+0	1.640628E-12	2.078361E-12	9.476130E-13	-6.260173E-14	8.192152E-13	4.458660E-12	4.862372E-12	8.226093E-13	-4.416138E-13	-1.077331E-12	-1.944662E-12	-6.296814E-14
0:01:07	0	2.021886E+1	1.519100E+1	1.531800E+1	5.827000E-4	-1.433990E-2	4.000000E+1	1.177500E-9	1.702157E-10	1.753174E-11	6.620361E-12	7.016231E-12	5.885562E-12	6.652143E-12	6.852000E-12	6.380002E-12	8.751390E-12	8.303625E-12	5.814185E-12	6.132581E-12	7.641297E-12	1.038869E-11	1.514276E-12	3.166965E-12	7.594180E-12	1.394139E-12	3.335523E-12	2.645124E-12	2.507794E-12	5.173905E-12	4.346659E-12	3.159042E-12	2.580582E-12	2.585057E-12	7.096973E-12	6.693487E-12	2.849646E-12	1.641846E-12	3.485071E-12	2.132792E-12	2.342815E-12
0:01:20	0	2.021917E+1	1.520100E+1	1.531600E+1	5.701000E-4	-1.436530E-2	5.000000E+1	1.462600E-9	2.592930E-10	2.081110E-11	8.764438E-12	9.418175E-12	1.044235E-11	9.376611E-12	8.737416E-12	9.348628E-12	1.160445E-11	9.824655E-12	6.761934E-12	9.357576E-12	9.662028E-12	1.216164E-11	5.363725E-12	6.650927E-12	1.512542E-11	4.561453E-12	6.672039E-12	5.920702E-12	5.892424E-12	7.256815E-12	7.936555E-12	5.559994E-12	5.602358E-12	4.224483E-12	1.174401E-11	9.471558E-12	4.558835E-12	3.535901E-12	4.498382E-12	3.951704E-12	4.494726E-12
0:01:34	0	2.022008E+1	1.519700E+1	1.528200E+1	5.701000E-4	-1.432730E-2	6.000000E+1	1.622300E-9	3.499313E-10	2.339656E-11	1.488013E-11	1.441266E-11	1.189801E-11	1.248114E-11	1.068634E-11	1.124328E-11	1.528240E-11	1.337506E-11	1.011098E-11	1.131793E-11	1.256702E-11	1.627951E-11	8.014704E-12	8.234909E-12	1.550508E-11	4.878485E-12	8.308502E-12	7.306906E-12	1.441833E-11	7.760857E-12	9.889618E-12	8.403831E-12	8.434341E-12	6.304871E-12	1.344043E-11	1.262841E-11	7.534421E-12	6.567385E-12	7.033161E-12	7.965788E-12	9.370259E-12
0:01:47	0	2.021780E+1	1.519300E+1	1.527400E+1	5.701000E-4	-1.426390E-2	7.000000E+1	1.756500E-9	3.985862E-10	2.509896E-11	1.216968E-11	1.422306E-11	1.328972E-11	1.495157E-11	1.225719E-11	1.225443E-11	1.718444E-11	1.610091E-11	1.244942E-11	1.340404E-11	1.641907E-11	1.646951E-11	8.709080E-12	9.881891E-12	1.740437E-11	9.818976E-12	1.000756E-11	8.882047E-12	1.028156E-11	1.312502E-11	9.889618E-12	1.067810E-11	1.038592E-11	8.890924E-12	1.469662E-11	1.389135E-11	8.104151E-12	8.145431E-12	8.047473E-12	1.229375E-11	9.180355E-12
0:02:01	0	2.021977E+1	1.518500E+1	1.526700E+1	5.701000E-4	-1.427660E-2	8.000000E+1	1.855300E-9	4.601576E-10	2.617117E-11	1.614130E-11	1.757301E-11	1.468243E-11	1.552167E-11	1.483426E-11	1.358069E-11	1.832666E-11	1.825537E-11	1.396582E-11	1.403686E-11	1.900804E-11	1.995340E-11	1.028612E-11	1.108488E-11	2.050559E-11	1.235323E-11	1.114027E-11	1.083407E-11	1.178584E-11	1.362906E-11	1.285004E-11	1.415335E-11	1.328150E-11	1.078219E-11	1.695719E-11	1.565967E-11	9.940278E-12	9.851077E-12	1.077231E-11	1.160361E-11	1.063662E-11
0:02:14	0	2.021962E+1	1.519200E+1	1.526400E+1	5.574000E-4	-1.426390E-2	9.000000E+1	1.903900E-9	5.358852E-10	3.027087E-11	1.721334E-11	2.256650E-11	1.797339E-11	1.818312E-11	1.609153E-11	1.516023E-11	2.117973E-11	2.098121E-11	1.554606E-11	1.846262E-11	1.938686E-11	2.090337E-11	1.325191E-11	1.336585E-11	2.202422E-11	1.419041E-11	1.328049E-11	1.398435E-11	1.322777E-11	1.571197E-11	1.518099E-11	1.693334E-11	1.592469E-11	1.116044E-11	1.877852E-11	1.875273E-11	1.241011E-11	1.212394E-11	1.197568E-11	1.398691E-11	1.570205E-11
0:02:28	0	2.021863E+1	1.520000E+1	1.528800E+1	5.701000E-4	-1.422590E-2	1.000000E+2	2.101400E-9	6.035595E-10	3.184684E-11	1.872633E-11	2.237690E-11	1.810028E-11	2.002044E-11	1.822900E-11	1.692825E-11	2.403379E-11	2.313667E-11	1.826361E-11	1.833586E-11	2.260687E-11	2.312031E-11	1.501923E-11	1.697581E-11	2.639130E-11	1.710470E-11	1.661601E-11	1.581108E-11	1.623633E-11	1.760462E-11	1.788982E-11	1.895525E-11	1.705748E-11	1.488025E-11	2.179360E-11	1.995287E-11	1.348559E-11	1.427120E-11	1.495360E-11	1.586821E-11	1.696741E-11
0:02:42	0	2.021924E+1	1.519000E+1	1.531900E+1	5.701000E-4	-1.427660E-2	1.200000E+2	2.366800E-9	7.546541E-10	3.575738E-11	2.389740E-11	2.648525E-11	2.449137E-11	2.451821E-11	2.288102E-11	2.273985E-11	2.828235E-11	2.903167E-11	2.445589E-11	2.459520E-11	2.728038E-11	2.799716E-11	2.044671E-11	2.102977E-11	3.189736E-11	2.071606E-11	2.152540E-11	2.053451E-11	2.062447E-11	2.284228E-11	2.217283E-11	2.432672E-11	2.297483E-11	1.891561E-11	2.549874E-11	2.348851E-11	1.791849E-11	1.957555E-11	1.622098E-11	2.032192E-11	2.121027E-11
0:02:55	0	2.022122E+1	1.520100E+1	1.530700E+1	5.701000E-4	-1.428930E-2	1.400000E+2	2.622700E-9	9.649188E-10	4.231511E-11	3.177893E-11	3.312328E-11	3.012417E-11	3.193149E-11	2.753204E-11	2.836199E-11	3.576438E-11	3.575022E-11	3.052348E-11	3.009596E-11	3.264773E-11	3.553493E-11	2.795633E-11	2.692170E-11	3.898499E-11	2.863485E-11	2.681236E-11	2.803036E-11	2.701964E-11	2.852122E-11	2.859885E-11	3.051912E-11	3.090538E-11	2.414943E-11	3.404029E-11	3.119175E-11	2.197056E-11	2.557472E-11	2.439550E-11	2.690743E-11	2.830068E-11
0:03:09	0	2.022061E+1	1.519600E+1	1.530700E+1	5.827000E-4	-1.426390E-2	1.600000E+2	2.861000E-9	1.237879E-9	5.045079E-11	3.909308E-11	4.254145E-11	3.816174E-11	3.877366E-11	3.746421E-11	3.556268E-11	4.407229E-11	4.513257E-11	3.937046E-11	4.033889E-11	4.161491E-11	4.243973E-11	3.742155E-11	3.610660E-11	4.936467E-11	3.718670E-11	3.568721E-11	3.760551E-11	3.692414E-11	3.823848E-11	3.666169E-11	3.917532E-11	3.877332E-11	3.228385E-11	3.994353E-11	3.921098E-11	3.286039E-11	3.169950E-11	3.332924E-11	3.499798E-11	3.539209E-11
0:03:23	0	2.021871E+1	1.518700E+1	1.527300E+1	5.701000E-4	-1.427660E-2	1.800000E+2	3.196200E-9	1.577319E-9	6.060347E-11	5.119905E-11	5.246556E-11	4.752808E-11	4.948050E-11	4.758394E-11	4.472184E-11	5.396390E-11	5.476710E-11	5.049303E-11	4.931717E-11	5.291885E-11	5.251142E-11	4.682500E-11	4.624149E-11	6.354094E-11	4.795677E-11	4.638632E-11	4.673914E-11	4.689198E-11	4.745070E-11	4.812550E-11	5.212869E-11	5.048183E-11	4.338058E-11	5.055825E-11	4.811436E-11	4.204103E-11	4.350843E-11	4.403853E-11	4.635108E-11	4.900420E-11
0:03:37	0	2.021833E+1	1.517000E+1	1.526800E+1	5.701000E-4	-1.427660E-2	2.000000E+2	3.608600E-9	1.996752E-9	7.157648E-11	6.261124E-11	6.504508E-11	6.050210E-11	6.177161E-11	5.833280E-11	5.470268E-11	6.918323E-11	7.036066E-11	6.445885E-11	6.341692E-11	6.510704E-11	6.416608E-11	6.058200E-11	5.846636E-11	8.031288E-11	6.157712E-11	5.859670E-11	6.204605E-11	6.319165E-11	6.082775E-11	6.122812E-11	6.647156E-11	6.615413E-11	5.586590E-11	6.337008E-11	5.985861E-11	5.388041E-11	5.569517E-11	5.607723E-11	5.952211E-11	6.179373E-11
0:03:50	0	2.021856E+1	1.517200E+1	1.526800E+1	5.701000E-4	-1.423860E-2	2.200000E+2	4.124900E-9	2.499564E-9	8.620717E-11	7.881624E-11	8.084782E-11	7.423541E-11	7.539295E-11	7.310454E-11	6.986192E-11	8.408522E-11	8.829881E-11	7.930956E-11	7.745278E-11	8.272539E-11	7.993860E-11	7.768435E-11	7.569617E-11	1.001850E-10	7.697165E-11	7.703795E-11	7.672251E-11	7.710822E-11	7.578266E-11	7.445704E-11	8.441636E-11	8.245741E-11	6.910673E-11	8.038973E-11	7.684402E-11	6.825358E-11	7.104001E-11	7.248928E-11	7.407341E-11	7.857124E-11
0:04:04	0	2.022000E+1	1.517700E+1	1.526800E+1	5.827000E-4	-1.421320E-2	2.400000E+2	4.705400E-9	3.142638E-9	1.053159E-10	9.867832E-11	9.911636E-11	9.328381E-11	9.623753E-11	9.340749E-11	8.805460E-11	1.061529E-10	1.105479E-10	9.921526E-11	9.749646E-11	1.037542E-10	9.862504E-11	9.819383E-11	9.558595E-11	1.250567E-10	9.813075E-11	9.315021E-11	9.769854E-11	9.785838E-11	9.742560E-11	9.593675E-11	1.070364E-10	1.036069E-10	8.808604E-11	9.747283E-11	9.496578E-11	8.737450E-11	9.036235E-11	9.143510E-11	9.201203E-11	1.013637E-10
0:04:18	0	2.022091E+1	1.514700E+1	1.527700E+1	5.701000E-4	-1.421320E-2	2.600000E+2	5.577900E-9	3.993556E-9	1.278921E-10	1.247188E-10	1.263600E-10	1.160038E-10	1.213899E-10	1.166031E-10	1.127529E-10	1.343722E-10	1.370448E-10	1.258210E-10	1.231028E-10	1.307813E-10	1.245323E-10	1.261492E-10	1.226977E-10	1.524611E-10	1.254985E-10	1.183261E-10	1.248469E-10	1.255678E-10	1.240542E-10	1.227088E-10	1.377450E-10	1.348272E-10	1.118572E-10	1.258607E-10	1.206642E-10	1.111172E-10	1.154955E-10	1.186185E-10	1.217414E-10	1.319442E-10
0:04:32	0	2.015236E+1	1.516600E+1	1.527100E+1	5.827000E-4	-1.421320E-2	2.800000E+2	6.630500E-9	5.108356E-9	1.606857E-10	1.578853E-10	1.613793E-10	1.505579E-10	1.555387E-10	1.505465E-10	1.447148E-10	1.664586E-10	1.741260E-10	1.599460E-10	1.573091E-10	1.663978E-10	1.591812E-10	1.599115E-10	1.551933E-10	1.904340E-10	1.578077E-10	1.513693E-10	1.610672E-10	1.609243E-10	1.583808E-10	1.603152E-10	1.786889E-10	1.733492E-10	1.454650E-10	1.588957E-10	1.506568E-10	1.468902E-10	1.541412E-10	1.551157E-10	1.570543E-10	1.679690E-10
0:04:45	0	2.021833E+1	1.516100E+1	1.527700E+1	5.827000E-4	-1.417520E-2	3.000000E+2	8.159000E-9	6.651104E-9	2.048924E-10	2.041024E-10	2.091677E-10	1.966303E-10	2.043221E-10	1.961815E-10	1.883626E-10	2.100864E-10	2.219203E-10	2.011491E-10	2.061202E-10	2.150858E-10	2.079548E-10	2.069886E-10	2.032718E-10	2.385328E-10	2.025331E-10	2.000847E-10	2.097583E-10	2.127062E-10	2.093021E-10	2.081255E-10	2.334709E-10	2.258442E-10	1.896647E-10	2.096423E-10	2.013598E-10	1.938069E-10	2.017537E-10	2.064414E-10	2.096770E-10	2.221646E-10
0:04:59	0	2.011686E+1	1.517800E+1	1.526200E+1	5.574000E-4	-1.420060E-2	3.200000E+2	1.019700E-8	8.827213E-9	2.659379E-10	2.718847E-10	2.761088E-10	2.611827E-10	2.712896E-10	2.599830E-10	2.520350E-10	2.720409E-10	2.875268E-10	2.665557E-10	2.733311E-10	2.829074E-10	2.747188E-10	2.719879E-10	2.681361E-10	3.099217E-10	2.671516E-10	2.676824E-10	2.794892E-10	2.850502E-10	2.806051E-10	2.782995E-10	3.106205E-10	3.035180E-10	2.537905E-10	2.779737E-10	2.666480E-10	2.607931E-10	2.715307E-10	2.813375E-10	2.802383E-10	2.969368E-10
0:05:13	0	2.016026E+1	1.519100E+1	1.525300E+1	5.701000E-4	-1.420060E-2	3.400000E+2	1.329000E-8	1.202789E-8	3.552362E-10	3.677889E-10	3.738979E-10	3.544035E-10	3.714548E-10	3.516311E-10	3.428688E-10	3.659557E-10	3.853981E-10	3.580612E-10	3.715861E-10	3.803462E-10	3.748638E-10	3.711281E-10	3.639760E-10	4.132079E-10	3.606578E-10	3.661196E-10	3.822274E-10	3.881746E-10	3.840254E-10	3.822365E-10	4.268827E-10	4.161256E-10	3.479923E-10	3.762010E-10	3.738006E-10	3.584887E-10	3.735753E-10	3.888035E-10	3.904395E-10	4.103304E-10
0:05:27	0	2.010705E+1	1.519000E+1	1.528000E+1	5.701000E-4	-1.416260E-2	3.600000E+2	1.818800E-8	1.688368E-8	4.920833E-10	5.130625E-10	5.185894E-10	4.965452E-10	5.208475E-10	4.967715E-10	4.842360E-10	5.031178E-10	5.326478E-10	4.950039E-10	5.218763E-10	5.296301E-10	5.244163E-10	5.208163E-10	5.097934E-10	5.726937E-10	5.047822E-10	5.184964E-10	5.352945E-10	5.492246E-10	5.422798E-10	5.412908E-10	6.014011E-10	5.911113E-10	4.916914E-10	5.289416E-10	5.097447E-10	5.105705E-10	5.333369E-10	5.558318E-10	5.562110E-10	5.813378E-10
0:05:40	0	2.008904E+1	1.517600E+1	1.528300E+1	5.701000E-4	-1.417520E-2	3.620000E+2	1.829500E-8	1.750976E-8	5.096778E-10	5.304023E-10	5.378059E-10	5.160372E-10	5.408679E-10	5.147494E-10	5.011014E-10	5.213174E-10	5.528685E-10	5.133303E-10	5.404018E-10	5.444072E-10	5.440527E-10	5.404421E-10	5.275302E-10	5.952874E-10	5.200497E-10	5.359301E-10	5.545065E-10	5.698501E-10	5.641747E-10	5.634010E-10	6.235792E-10	6.135188E-10	5.113645E-10	5.484747E-10	5.287506E-10	5.300082E-10	5.528486E-10	5.775025E-10	5.782261E-10	6.072967E-10
0:05:54	0	2.011975E+1	1.518500E+1	1.530500E+1	5.701000E-4	-1.417520E-2	3.640000E+2	1.892300E-8	1.816086E-8	5.287228E-10	5.495706E-10	5.570853E-10	5.356561E-10	5.606353E-10	5.345503E-10	5.207460E-10	5.397702E-10	5.722647E-10	5.310253E-10	5.611412E-10	5.673301E-10	5.648291E-10	5.591853E-10	5.457100E-10	6.147170E-10	5.384845E-10	5.551901E-10	5.742852E-10	5.921045E-10	5.854402E-10	5.839370E-10	6.465164E-10	6.380040E-10	5.302801E-10	5.706440E-10	5.485769E-10	5.490022E-10	5.734350E-10	6.008206E-10	6.014957E-10	6.297094E-10
0:06:07	0	2.011998E+1	1.520300E+1	1.526100E+1	5.827000E-4	-1.420060E-2	3.660000E+2	1.974000E-8	1.886061E-8	5.495966E-10	5.693063E-10	5.780722E-10	5.560342E-10	5.814789E-10	5.547272E-10	5.386225E-10	5.595554E-10	5.924223E-10	5.511205E-10	5.819424E-10	5.906319E-10	5.860494E-10	5.815248E-10	5.669938E-10	6.383228E-10	5.597706E-10	5.765893E-10	5.966465E-10	6.141086E-10	6.091650E-10	6.074960E-10	6.740650E-10	6.648820E-10	5.504579E-10	5.913698E-10	5.673934E-10	5.707829E-10	5.951568E-10	6.242648E-10	6.264585E-10	6.556043E-10
0:06:21	0	2.011868E+1	1.520400E+1	1.529000E+1	5.827000E-4	-1.412460E-2	3.680000E+2	2.042700E-8	1.958485E-8	5.679487E-10	5.911850E-10	5.989312E-10	5.762855E-10	6.038437E-10	5.755968E-10	5.606674E-10	5.818133E-10	6.154319E-10	5.719750E-10	6.038826E-10	6.107764E-10	6.064458E-10	6.044950E-10	5.889735E-10	6.622463E-10	5.798526E-10	5.983035E-10	6.214649E-10	6.393102E-10	6.322593E-10	6.302993E-10	6.988965E-10	6.903112E-10	5.723368E-10	6.154874E-10	5.917033E-10	5.937660E-10	6.204793E-10	6.489144E-10	6.506064E-10	6.803597E-10
0:06:34	0	2.012028E+1	1.519800E+1	1.528300E+1	5.574000E-4	-1.407390E-2	3.700000E+2	2.126600E-8	2.036820E-8	5.903357E-10	6.141995E-10	6.226992E-10	5.986259E-10	6.280459E-10	5.980997E-10	5.844184E-10	6.019789E-10	6.374278E-10	5.940306E-10	6.279717E-10	6.364786E-10	6.333660E-10	6.282233E-10	6.137412E-10	6.881311E-10	6.048771E-10	6.232280E-10	6.466612E-10	6.655144E-10	6.577523E-10	6.570704E-10	7.272670E-10	7.189510E-10	5.943431E-10	6.367774E-10	6.141810E-10	6.171289E-10	6.454220E-10	6.755906E-10	6.777643E-10	7.079008E-10
0:06:48	0	2.011982E+1	1.518100E+1	1.527600E+1	5.701000E-4	-1.402320E-2	3.720000E+2	2.194600E-8	2.117588E-8	6.127238E-10	6.374658E-10	6.455820E-10	6.229914E-10	6.535143E-10	6.216089E-10	6.067793E-10	6.268997E-10	6.634164E-10	6.146316E-10	6.531997E-10	6.594015E-10	6.562963E-10	6.534031E-10	6.373060E-10	7.159141E-10	6.267333E-10	6.483403E-10	6.718575E-10	6.911544E-10	6.844436E-10	6.827088E-10	7.553213E-10	7.487236E-10	6.191227E-10	6.628422E-10	6.390591E-10	6.440381E-10	6.731430E-10	7.036612E-10	7.050480E-10	7.385443E-10
0:07:01	0	2.011823E+1	1.519700E+1	1.527200E+1	5.827000E-4	-1.398520E-2	3.740000E+2	2.296100E-8	2.204594E-8	6.367505E-10	6.631917E-10	6.720044E-10	6.479263E-10	6.789836E-10	6.467524E-10	6.317299E-10	6.500455E-10	6.894060E-10	6.394676E-10	6.804500E-10	6.849134E-10	6.846745E-10	6.795284E-10	6.624527E-10	7.426851E-10	6.528339E-10	6.753415E-10	6.996362E-10	7.211203E-10	7.127746E-10	7.116219E-10	7.880519E-10	7.798178E-10	6.428311E-10	6.911042E-10	6.674099E-10	6.707564E-10	7.011172E-10	7.347098E-10	7.365973E-10	7.692508E-10
0:07:15	0	2.012043E+1	1.520000E+1	1.528000E+1	5.827000E-4	-1.398520E-2	3.760000E+2	2.375500E-8	2.294528E-8	6.623543E-10	6.895478E-10	6.986164E-10	6.749493E-10	7.069865E-10	6.736563E-10	6.572489E-10	6.768062E-10	7.152675E-10	6.651247E-10	7.081434E-10	7.120044E-10	7.147616E-10	7.085577E-10	6.904514E-10	7.719878E-10	6.779844E-10	7.021538E-10	7.278565E-10	7.493928E-10	7.427472E-10	7.413544E-10	8.198338E-10	8.131786E-10	6.711423E-10	7.177957E-10	6.933615E-10	6.970959E-10	7.314271E-10	7.647440E-10	7.671425E-10	8.016034E-10
0:07:28	0	2.012439E+1	1.520500E+1	1.528300E+1	5.701000E-4	-1.398520E-2	3.780000E+2	2.476200E-8	2.393204E-8	6.886519E-10	7.188681E-10	7.268719E-10	7.032382E-10	7.377137E-10	7.012508E-10	6.858004E-10	7.040735E-10	7.450597E-10	6.918552E-10	7.373550E-10	7.417481E-10	7.428227E-10	7.380283E-10	7.193991E-10	8.040110E-10	7.082024E-10	7.329317E-10	7.599182E-10	7.838725E-10	7.755597E-10	7.724722E-10	8.566082E-10	8.486161E-10	7.010292E-10	7.507681E-10	7.216486E-10	7.303361E-10	7.621795E-10	8.016854E-10	8.011375E-10	8.383248E-10
0:07:42	0	2.011998E+1	1.520700E+1	1.532100E+1	5.701000E-4	-1.402320E-2	3.800000E+2	2.580000E-8	2.498414E-8	7.179132E-10	7.482501E-10	7.579725E-10	7.343115E-10	7.686951E-10	7.320516E-10	7.153620E-10	7.340046E-10	7.762468E-10	7.214937E-10	7.701699E-10	7.723123E-10	7.763317E-10	7.710325E-10	7.496778E-10	8.412246E-10	7.379143E-10	7.646534E-10	7.923588E-10	8.181008E-10	8.098854E-10	8.094481E-10	8.950254E-10	8.873268E-10	7.330603E-10	7.833014E-10	7.549875E-10	7.616132E-10	7.983001E-10	8.376134E-10	8.383940E-10	8.751102E-10
0:07:55	0	2.016041E+1	1.520800E+1	1.530000E+1	5.574000E-4	-1.395990E-2	3.820000E+2	2.666000E-8	2.605786E-8	7.469855E-10	7.817949E-10	7.903373E-10	7.643098E-10	8.006896E-10	7.630409E-10	7.467564E-10	7.643161E-10	8.080674E-10	7.506265E-10	8.026055E-10	8.038235E-10	8.088897E-10	8.014505E-10	7.824904E-10	8.752730E-10	7.704136E-10	7.977592E-10	8.276960E-10	8.535207E-10	8.468618E-10	8.426452E-10	9.330626E-10	9.270451E-10	7.641456E-10	8.157712E-10	7.923045E-10	7.968165E-10	8.313883E-10	8.768355E-10	8.762773E-10	9.138576E-10
0:08:09	0	2.019682E+1	1.519400E+1	1.530600E+1	5.827000E-4	-1.401060E-2	3.840000E+2	2.788900E-8	2.724936E-8	7.812913E-10	8.178609E-10	8.246611E-10	7.984213E-10	8.373729E-10	7.976135E-10	7.816240E-10	7.976078E-10	8.448963E-10	7.840571E-10	8.393401E-10	8.382398E-10	8.457546E-10	8.405756E-10	8.182800E-10	9.130561E-10	8.044330E-10	8.343268E-10	8.659946E-10	8.925766E-10	8.839019E-10	8.844720E-10	9.757770E-10	9.704768E-10	7.986363E-10	8.548363E-10	8.225493E-10	8.357550E-10	8.714864E-10	9.168818E-10	9.184885E-10	9.581132E-10
0:08:22	0	2.022266E+1	1.520900E+1	1.532200E+1	5.701000E-4	-1.398520E-2	3.860000E+2	2.917000E-8	2.845550E-8	8.145887E-10	8.511529E-10	8.620823E-10	8.329124E-10	8.758295E-10	8.318080E-10	8.151654E-10	8.335624E-10	8.797589E-10	8.193821E-10	8.772126E-10	8.751812E-10	8.847745E-10	8.748431E-10	8.531186E-10	9.530542E-10	8.392124E-10	8.699514E-10	9.050490E-10	9.329487E-10	9.251686E-10	9.222047E-10	1.021523E-9	1.015230E-9	8.343871E-10	8.896925E-10	8.587300E-10	8.730473E-10	9.115845E-10	9.591457E-10	9.601354E-10	1.003065E-9
0:08:36	0	2.019203E+1	1.519900E+1	1.529200E+1	5.574000E-4	-1.401060E-2	3.880000E+2	3.047200E-8	2.980566E-8	8.513555E-10	8.894894E-10	9.000723E-10	8.708204E-10	9.158703E-10	8.712211E-10	8.553401E-10	8.721809E-10	9.198201E-10	8.549616E-10	9.167300E-10	9.179336E-10	9.251242E-10	9.188906E-10	8.926462E-10	9.970397E-10	8.788704E-10	9.110507E-10	9.478821E-10	9.788381E-10	9.670669E-10	9.681881E-10	1.069102E-9	1.063572E-9	8.760656E-10	9.325887E-10	9.009723E-10	9.183808E-10	9.553452E-10	1.008317E-9	1.008870E-9	1.051056E-9
0:08:49	0	2.021962E+1	1.520800E+1	1.529200E+1	5.827000E-4	-1.402320E-2	3.900000E+2	3.198600E-8	3.119623E-8	8.875530E-10	9.296546E-10	9.388218E-10	9.101850E-10	9.566083E-10	9.114499E-10	8.939980E-10	9.116242E-10	9.617825E-10	8.915507E-10	9.594715E-10	9.544333E-10	9.687669E-10	9.630019E-10	9.341367E-10	1.041468E-9	9.203025E-10	9.551081E-10	9.924166E-10	1.024727E-9	1.015086E-9	1.012850E-9	1.119272E-9	1.114179E-9	9.171139E-10	9.784989E-10	9.565367E-10	9.597251E-10	9.996740E-10	1.057234E-9	1.056600E-9	1.102403E-9
0:09:03	0	2.021939E+1	1.521000E+1	1.528600E+1	5.701000E-4	-1.403590E-2	3.920000E+2	3.358700E-8	3.272131E-8	9.313196E-10	9.753680E-10	9.863567E-10	9.551814E-10	1.003618E-9	9.563943E-10	9.392883E-10	9.519544E-10	1.006535E-9	9.351551E-10	1.005438E-9	1.000154E-9	1.015515E-9	1.007997E-9	9.789202E-10	1.092795E-9	9.643949E-10	1.003320E-9	1.041171E-9	1.073374E-9	1.064746E-9	1.063811E-9	1.172979E-9	1.172843E-9	9.622604E-10	1.025351E-9	9.843194E-10	1.009934E-9	1.054612E-9	1.113564E-9	1.111607E-9	1.161031E-9
0:09:16	0	2.011564E+1	1.521600E+1	1.527200E+1	5.827000E-4	-1.403590E-2	3.940000E+2	3.495400E-8	3.432005E-8	9.735083E-10	1.018811E-9	1.030921E-9	1.000557E-9	1.050438E-9	1.001401E-9	9.853364E-10	9.974212E-10	1.053759E-9	9.780013E-10	1.053428E-9	1.047515E-9	1.065365E-9	1.059176E-9	1.028139E-9	1.145323E-9	1.011908E-9	1.053671E-9	1.092446E-9	1.128603E-9	1.119642E-9	1.116094E-9	1.233700E-9	1.232074E-9	1.010307E-9	1.071576E-9	1.040073E-9	1.058306E-9	1.104371E-9	1.170213E-9	1.167868E-9	1.220102E-9
0:09:30	0	2.012013E+1	1.519900E+1	1.530500E+1	5.574000E-4	-1.403590E-2	3.960000E+2	3.679900E-8	3.608532E-8	1.023518E-9	1.068623E-9	1.080795E-9	1.051883E-9	1.105748E-9	1.050871E-9	1.034544E-9	1.046503E-9	1.106498E-9	1.027483E-9	1.110963E-9	1.100055E-9	1.121107E-9	1.113322E-9	1.078624E-9	1.201333E-9	1.061512E-9	1.108555E-9	1.148822E-9	1.186027E-9	1.175171E-9	1.176126E-9	1.298592E-9	1.297410E-9	1.063083E-9	1.131491E-9	1.090587E-9	1.114594E-9	1.166003E-9	1.231168E-9	1.231969E-9	1.282338E-9
0:09:43	0	2.012020E+1	1.519400E+1	1.528200E+1	5.701000E-4	-1.404860E-2	3.980000E+2	3.869400E-8	3.792878E-8	1.075230E-9	1.122786E-9	1.135916E-9	1.102702E-9	1.159220E-9	1.104049E-9	1.087288E-9	1.100594E-9	1.160060E-9	1.076648E-9	1.164581E-9	1.154363E-9	1.175265E-9	1.168792E-9	1.135001E-9	1.263229E-9	1.119541E-9	1.161613E-9	1.207088E-9	1.248529E-9	1.237639E-9	1.236661E-9	1.363926E-9	1.365202E-9	1.118255E-9	1.189586E-9	1.147667E-9	1.171766E-9	1.229907E-9	1.295293E-9	1.297638E-9	1.352742E-9
0:09:57	0	2.011868E+1	1.518800E+1	1.528300E+1	5.701000E-4	-1.403590E-2	4.000000E+2	4.070900E-8	3.998065E-8	1.129212E-9	1.180668E-9	1.195462E-9	1.162318E-9	1.221499E-9	1.166342E-9	1.145401E-9	1.158490E-9	1.219454E-9	1.133270E-9	1.228566E-9	1.215681E-9	1.239875E-9	1.232718E-9	1.196255E-9	1.329049E-9	1.176178E-9	1.224490E-9	1.272599E-9	1.316547E-9	1.304335E-9	1.305385E-9	1.440949E-9	1.440105E-9	1.178408E-9	1.252892E-9	1.209484E-9	1.239450E-9	1.296085E-9	1.371267E-9	1.371524E-9	1.426691E-9
0:10:10	0	2.012028E+1	1.519300E+1	1.528600E+1	5.827000E-4	-1.403590E-2	4.020000E+2	4.277100E-8	4.213279E-8	1.188743E-9	1.243406E-9	1.255133E-9	1.221743E-9	1.286818E-9	1.223166E-9	1.206673E-9	1.218986E-9	1.283603E-9	1.190841E-9	1.293248E-9	1.277314E-9	1.306512E-9	1.296960E-9	1.257698E-9	1.397906E-9	1.240479E-9	1.292339E-9	1.340439E-9	1.387951E-9	1.379551E-9	1.376755E-9	1.520880E-9	1.521051E-9	1.241713E-9	1.322167E-9	1.275151E-9	1.308147E-9	1.371924E-9	1.449585E-9	1.447542E-9	1.508365E-9
0:10:24	0	2.011944E+1	1.518100E+1	1.525500E+1	5.701000E-4	-1.403590E-2	4.040000E+2	4.522600E-8	4.452867E-8	1.252627E-9	1.308476E-9	1.323529E-9	1.289334E-9	1.357587E-9	1.290865E-9	1.274324E-9	1.284491E-9	1.351935E-9	1.256563E-9	1.365010E-9	1.348356E-9	1.381194E-9	1.373509E-9	1.329277E-9	1.476763E-9	1.311685E-9	1.367551E-9	1.420186E-9	1.469949E-9	1.457289E-9	1.458141E-9	1.607571E-9	1.611943E-9	1.314477E-9	1.397658E-9	1.349153E-9	1.383555E-9	1.447826E-9	1.531326E-9	1.536354E-9	1.600168E-9
0:10:37	0	2.011906E+1	1.518000E+1	1.525700E+1	5.827000E-4	-1.406120E-2	4.060000E+2	4.798800E-8	4.715725E-8	1.322691E-9	1.383951E-9	1.399382E-9	1.361860E-9	1.434564E-9	1.367553E-9	1.347660E-9	1.358114E-9	1.430662E-9	1.328605E-9	1.445056E-9	1.424767E-9	1.462082E-9	1.454727E-9	1.405417E-9	1.558278E-9	1.385933E-9	1.447170E-9	1.502578E-9	1.555019E-9	1.545566E-9	1.545196E-9	1.704434E-9	1.710011E-9	1.393861E-9	1.477043E-9	1.430480E-9	1.469853E-9	1.538694E-9	1.632772E-9	1.633823E-9	1.699443E-9
0:10:51	0	2.012097E+1	1.518000E+1	1.525800E+1	5.954000E-4	-1.406120E-2	4.080000E+2	5.060200E-8	4.993198E-8	1.394583E-9	1.461128E-9	1.476817E-9	1.441284E-9	1.517434E-9	1.443989E-9	1.428641E-9	1.436619E-9	1.507805E-9	1.401342E-9	1.527568E-9	1.504967E-9	1.544175E-9	1.540425E-9	1.487828E-9	1.652007E-9	1.467530E-9	1.531320E-9	1.593851E-9	1.647423E-9	1.638512E-9	1.636283E-9	1.808059E-9	1.814247E-9	1.475138E-9	1.567419E-9	1.514901E-9	1.559063E-9	1.633162E-9	1.739541E-9	1.732735E-9	1.806188E-9
0:11:04	0	2.011952E+1	1.516800E+1	1.529200E+1	5.827000E-4	-1.404860E-2	4.100000E+2	5.383500E-8	5.306472E-8	1.480349E-9	1.548015E-9	1.564555E-9	1.527037E-9	1.609996E-9	1.532180E-9	1.516884E-9	1.522544E-9	1.601999E-9	1.487035E-9	1.621017E-9	1.593817E-9	1.640963E-9	1.635779E-9	1.582844E-9	1.754533E-9	1.560022E-9	1.630072E-9	1.690668E-9	1.753557E-9	1.744078E-9	1.746582E-9	1.921477E-9	1.934848E-9	1.571546E-9	1.664076E-9	1.611697E-9	1.660937E-9	1.740005E-9	1.848844E-9	1.842496E-9	1.924266E-9
0:11:18	0	2.011906E+1	1.517400E+1	1.526900E+1	5.574000E-4	-1.402320E-2	4.110042E+2	5.542700E-8	5.467842E-8	1.522790E-9	1.596314E-9	1.610447E-9	1.573996E-9	1.659287E-9	1.577500E-9	1.560090E-9	1.567440E-9	1.646688E-9	1.530071E-9	1.670081E-9	1.642568E-9	1.692714E-9	1.685191E-9	1.628642E-9	1.806430E-9	1.603227E-9	1.678032E-9	1.745281E-9	1.806217E-9	1.795567E-9	1.799181E-9	1.979228E-9	1.992379E-9	1.619909E-9	1.712813E-9	1.660443E-9	1.714185E-9	1.796270E-9	1.916264E-9	1.906660E-9	1.982514E-9
0:11:31	0	2.012043E+1	1.517000E+1	1.527400E+1	5.701000E-4	-1.401060E-2	4.120085E+2	5.711300E-8	5.637331E-8	1.567628E-9	1.640325E-9	1.655770E-9	1.619562E-9	1.707057E-9	1.624079E-9	1.608729E-9	1.618424E-9	1.694863E-9	1.575633E-9	1.718830E-9	1.692582E-9	1.744149E-9	1.740031E-9	1.677227E-9	1.862756E-9	1.653655E-9	1.729643E-9	1.799578E-9	1.866713E-9	1.853304E-9	1.855810E-9	2.043488E-9	2.059855E-9	1.670541E-9	1.768897E-9	1.712787E-9	1.765786E-9	1.854048E-9	1.977347E-9	1.967249E-9	2.046966E-9
0:11:45	0	2.011868E+1	1.519500E+1	1.527500E+1	5.447000E-4	-1.397260E-2	4.130127E+2	5.885200E-8	5.816065E-8	1.614800E-9	1.692217E-9	1.708046E-9	1.667533E-9	1.759008E-9	1.672982E-9	1.657745E-9	1.662623E-9	1.747158E-9	1.622461E-9	1.771814E-9	1.743101E-9	1.798306E-9	1.793355E-9	1.728345E-9	1.921045E-9	1.705603E-9	1.787673E-9	1.856962E-9	1.924889E-9	1.915772E-9	1.915086E-9	2.110088E-9	2.128341E-9	1.724829E-9	1.826427E-9	1.768921E-9	1.826568E-9	1.912207E-9	2.043626E-9	2.034862E-9	2.118259E-9
0:11:58	0	2.012020E+1	1.518200E+1	1.528500E+1	5.701000E-4	-1.398520E-2	4.140170E+2	6.081400E-8	6.016812E-8	1.667647E-9	1.744993E-9	1.763040E-9	1.724111E-9	1.817676E-9	1.728299E-9	1.713838E-9	1.720835E-9	1.804207E-9	1.676366E-9	1.832133E-9	1.797724E-9	1.854428E-9	1.852928E-9	1.790739E-9	1.990029E-9	1.766674E-9	1.847340E-9	1.921591E-9	1.990023E-9	1.983162E-9	1.985259E-9	2.186290E-9	2.203560E-9	1.781452E-9	1.891430E-9	1.828590E-9	1.890453E-9	1.984762E-9	2.117321E-9	2.115085E-9	2.196134E-9
0:12:12	0	2.011899E+1	1.520300E+1	1.527100E+1	5.827000E-4	-1.394720E-2	4.150212E+2	6.276500E-8	6.212628E-8	1.719611E-9	1.798210E-9	1.819298E-9	1.778094E-9	1.874253E-9	1.785563E-9	1.772267E-9	1.775371E-9	1.858847E-9	1.726416E-9	1.893020E-9	1.856201E-9	1.918468E-9	1.915655E-9	1.845849E-9	2.048064E-9	1.823183E-9	1.906692E-9	1.986786E-9	2.055471E-9	2.048534E-9	2.051653E-9	2.257627E-9	2.276387E-9	1.844632E-9	1.951094E-9	1.891732E-9	1.953324E-9	2.050813E-9	2.192281E-9	2.182384E-9	2.268500E-9
0:12:25	0	2.011853E+1	1.521300E+1	1.529900E+1	5.701000E-4	-1.393460E-2	4.160255E+2	6.485600E-8	6.421379E-8	1.777062E-9	1.855714E-9	1.876190E-9	1.836002E-9	1.933173E-9	1.843581E-9	1.829623E-9	1.837769E-9	1.916783E-9	1.781648E-9	1.952833E-9	1.916697E-9	1.982191E-9	1.978445E-9	1.907926E-9	2.117809E-9	1.884000E-9	1.968624E-9	2.049651E-9	2.127504E-9	2.116432E-9	2.120820E-9	2.333197E-9	2.355822E-9	1.907748E-9	2.017164E-9	1.953169E-9	2.023477E-9	2.125454E-9	2.269776E-9	2.264487E-9	2.353022E-9
0:12:39	0	2.012058E+1	1.521500E+1	1.530200E+1	5.827000E-4	-1.393460E-2	4.170297E+2	6.697500E-8	6.642833E-8	1.830288E-9	1.914102E-9	1.936304E-9	1.894098E-9	2.000458E-9	1.904743E-9	1.889568E-9	1.894270E-9	1.979411E-9	1.840609E-9	2.020296E-9	1.981425E-9	2.049082E-9	2.048115E-9	1.971270E-9	2.190464E-9	1.951342E-9	2.037921E-9	2.121526E-9	2.203609E-9	2.194296E-9	2.197734E-9	2.416791E-9	2.440797E-9	1.973450E-9	2.089706E-9	2.024140E-9	2.094896E-9	2.200410E-9	2.358169E-9	2.343013E-9	2.436026E-9
0:12:52	0	2.011906E+1	1.522500E+1	1.526800E+1	5.701000E-4	-1.389660E-2	4.180340E+2	6.968400E-8	6.890676E-8	1.897009E-9	1.979929E-9	2.010893E-9	1.964599E-9	2.074013E-9	1.971184E-9	1.957977E-9	1.961361E-9	2.048377E-9	1.906205E-9	2.090162E-9	2.053794E-9	2.125285E-9	2.123214E-9	2.043230E-9	2.272485E-9	2.018621E-9	2.109170E-9	2.201019E-9	2.287739E-9	2.278661E-9	2.281450E-9	2.507589E-9	2.538550E-9	2.043691E-9	2.167646E-9	2.101680E-9	2.176131E-9	2.286163E-9	2.451631E-9	2.440670E-9	2.536630E-9
0:13:06	0	2.012081E+1	1.518700E+1	1.527700E+1	5.701000E-4	-1.390920E-2	4.190382E+2	7.211400E-8	7.136751E-8	1.962027E-9	2.048593E-9	2.074484E-9	2.026809E-9	2.142123E-9	2.040769E-9	2.028850E-9	2.029657E-9	2.120133E-9	1.971170E-9	2.163761E-9	2.121870E-9	2.199586E-9	2.195345E-9	2.115254E-9	2.347101E-9	2.092362E-9	2.188852E-9	2.282592E-9	2.369988E-9	2.363846E-9	2.365670E-9	2.599398E-9	2.629126E-9	2.120303E-9	2.247785E-9	2.175998E-9	2.259580E-9	2.375705E-9	2.546678E-9	2.529672E-9	2.632422E-9
0:13:19	0	2.012142E+1	1.519300E+1	1.530300E+1	5.574000E-4	-1.390920E-2	4.200425E+2	7.483200E-8	7.396941E-8	2.027171E-9	2.119152E-9	2.147180E-9	2.097692E-9	2.217896E-9	2.112492E-9	2.099978E-9	2.096621E-9	2.192585E-9	2.038030E-9	2.239760E-9	2.195628E-9	2.280665E-9	2.275868E-9	2.191583E-9	2.434945E-9	2.167561E-9	2.267653E-9	2.367756E-9	2.458756E-9	2.449535E-9	2.454237E-9	2.694934E-9	2.733048E-9	2.195905E-9	2.332007E-9	2.259851E-9	2.345815E-9	2.467204E-9	2.647681E-9	2.628081E-9	2.732140E-9
0:13:33	0	2.011830E+1	1.521600E+1	1.529700E+1	5.701000E-4	-1.388390E-2	4.210467E+2	7.782300E-8	7.714843E-8	2.110480E-9	2.203895E-9	2.231694E-9	2.186547E-9	2.310522E-9	2.198358E-9	2.188158E-9	2.184449E-9	2.283674E-9	2.121132E-9	2.334347E-9	2.286247E-9	2.373969E-9	2.372295E-9	2.283812E-9	2.533928E-9	2.259991E-9	2.361369E-9	2.467470E-9	2.564514E-9	2.558066E-9	2.563717E-9	2.820675E-9	2.854719E-9	2.293827E-9	2.430233E-9	2.357721E-9	2.449714E-9	2.578405E-9	2.775423E-9	2.751203E-9	2.857879E-9
0:13:46	0	2.012112E+1	1.519500E+1	1.528400E+1	5.701000E-4	-1.392190E-2	4.220510E+2	8.069400E-8	8.010136E-8	2.181615E-9	2.283215E-9	2.311342E-9	2.265275E-9	2.395420E-9	2.278628E-9	2.271286E-9	2.267584E-9	2.364430E-9	2.197218E-9	2.420653E-9	2.369982E-9	2.463346E-9	2.463610E-9	2.370657E-9	2.630822E-9	2.345261E-9	2.456282E-9	2.562585E-9	2.661683E-9	2.661299E-9	2.664945E-9	2.929101E-9	2.967704E-9	2.386201E-9	2.520358E-9	2.450097E-9	2.551208E-9	2.678051E-9	2.893280E-9	2.863787E-9	2.974438E-9
0:14:00	0	2.011868E+1	1.519600E+1	1.529400E+1	5.827000E-4	-1.392190E-2	4.230552E+2	8.406200E-8	8.347485E-8	2.270913E-9	2.373507E-9	2.403693E-9	2.357293E-9	2.493557E-9	2.366127E-9	2.362815E-9	2.358645E-9	2.462554E-9	2.284806E-9	2.521690E-9	2.463443E-9	2.566912E-9	2.568303E-9	2.467194E-9	2.736006E-9	2.442949E-9	2.560258E-9	2.667275E-9	2.775089E-9	2.771785E-9	2.778520E-9	3.055093E-9	3.100454E-9	2.486140E-9	2.634914E-9	2.557376E-9	2.660425E-9	2.800113E-9	3.028627E-9	2.992366E-9	3.106002E-9
0:14:13	0	2.011808E+1	1.519000E+1	1.530200E+1	5.574000E-4	-1.393460E-2	4.240595E+2	8.738300E-8	8.680196E-8	2.353526E-9	2.459260E-9	2.492948E-9	2.443173E-9	2.579214E-9	2.460855E-9	2.456364E-9	2.452432E-9	2.552438E-9	2.370624E-9	2.617668E-9	2.557788E-9	2.664587E-9	2.667695E-9	2.566074E-9	2.843407E-9	2.540193E-9	2.658507E-9	2.778517E-9	2.891190E-9	2.888709E-9	2.898647E-9	3.180012E-9	3.230183E-9	2.590116E-9	2.736658E-9	2.658529E-9	2.774012E-9	2.919902E-9	3.160551E-9	3.122073E-9	3.236110E-9
0:14:27	0	2.012119E+1	1.518700E+1	1.529400E+1	5.701000E-4	-1.393460E-2	4.250637E+2	9.124000E-8	9.039676E-8	2.443076E-9	2.556172E-9	2.589473E-9	2.537216E-9	2.681217E-9	2.556400E-9	2.554335E-9	2.549390E-9	2.649168E-9	2.461373E-9	2.722562E-9	2.658700E-9	2.774867E-9	2.774029E-9	2.667805E-9	2.962451E-9	2.645103E-9	2.770666E-9	2.890766E-9	3.013498E-9	3.013016E-9	3.022614E-9	3.312575E-9	3.365765E-9	2.695541E-9	2.854794E-9	2.770922E-9	2.895007E-9	3.047585E-9	3.311802E-9	3.260435E-9	3.388440E-9
0:14:40	0	2.011846E+1	1.518200E+1	1.528500E+1	5.701000E-4	-1.394720E-2	4.260680E+2	9.507000E-8	9.439820E-8	2.545743E-9	2.662291E-9	2.692950E-9	2.642651E-9	2.799755E-9	2.668225E-9	2.662097E-9	2.656622E-9	2.763646E-9	2.560588E-9	2.839406E-9	2.769905E-9	2.894585E-9	2.896266E-9	2.782900E-9	3.084533E-9	2.757487E-9	2.889181E-9	3.024747E-9	3.151980E-9	3.152845E-9	3.157733E-9	3.465042E-9	3.521742E-9	2.819126E-9	2.984109E-9	2.896827E-9	3.024992E-9	3.190043E-9	3.477753E-9	3.418870E-9	3.543557E-9
0:14:54	0	2.011960E+1	1.519800E+1	1.526500E+1	5.701000E-4	-1.393460E-2	4.270722E+2	9.911000E-8	9.883653E-8	2.654906E-9	2.772697E-9	2.810271E-9	2.762136E-9	2.919625E-9	2.781937E-9	2.784515E-9	2.777106E-9	2.880026E-9	2.680722E-9	2.968199E-9	2.893741E-9	3.028999E-9	3.031062E-9	2.912946E-9	3.230919E-9	2.885964E-9	3.027459E-9	3.168680E-9	3.299426E-9	3.302076E-9	3.314646E-9	3.631284E-9	3.693831E-9	2.954817E-9	3.124980E-9	3.036497E-9	3.180493E-9	3.351383E-9	3.657201E-9	3.586836E-9	3.731153E-9
0:15:07	0	2.012013E+1	1.517200E+1	1.525900E+1	5.827000E-4	-1.394720E-2	4.280765E+2	1.034500E-7	1.032527E-7	2.763185E-9	2.887517E-9	2.926519E-9	2.872064E-9	3.041838E-9	2.899545E-9	2.901563E-9	2.894737E-9	3.003315E-9	2.788721E-9	3.095729E-9	3.020543E-9	3.156888E-9	3.163017E-9	3.040839E-9	3.373444E-9	3.014947E-9	3.158813E-9	3.310977E-9	3.449192E-9	3.453389E-9	3.465449E-9	3.802706E-9	3.871775E-9	3.087293E-9	3.268992E-9	3.178629E-9	3.327510E-9	3.511397E-9	3.843935E-9	3.764087E-9	3.914126E-9
0:15:21	0	2.011868E+1	1.517100E+1	1.528900E+1	5.701000E-4	-1.390920E-2	4.290807E+2	1.087500E-7	1.080927E-7	2.881303E-9	3.014064E-9	3.053195E-9	2.997308E-9	3.183501E-9	3.028343E-9	3.028780E-9	3.021690E-9	3.129077E-9	2.913341E-9	3.225407E-9	3.151451E-9	3.300170E-9	3.307783E-9	3.179372E-9	3.526727E-9	3.151785E-9	3.310246E-9	3.471287E-9	3.613439E-9	3.624706E-9	3.636724E-9	3.985440E-9	4.061804E-9	3.233261E-9	3.430588E-9	3.328087E-9	3.496497E-9	3.686439E-9	4.054052E-9	3.953881E-9	4.112929E-9
0:15:34	0	2.012081E+1	1.518500E+1	1.528600E+1	5.701000E-4	-1.387120E-2	4.300850E+2	1.134200E-7	1.132907E-7	3.008123E-9	3.145529E-9	3.185244E-9	3.135019E-9	3.321870E-9	3.163488E-9	3.169326E-9	3.164432E-9	3.264854E-9	3.044281E-9	3.378291E-9	3.291073E-9	3.455486E-9	3.469019E-9	3.330447E-9	3.689567E-9	3.300597E-9	3.464386E-9	3.632670E-9	3.794236E-9	3.802647E-9	3.821732E-9	4.189847E-9	4.265494E-9	3.389446E-9	3.593818E-9	3.498254E-9	3.673335E-9	3.885856E-9	4.272344E-9	4.159608E-9	4.330411E-9
0:15:48	0	2.012135E+1	1.520200E+1	1.530000E+1	5.701000E-4	-1.384590E-2	4.310892E+2	1.204700E-7	1.194396E-7	3.155376E-9	3.301018E-9	3.347446E-9	3.285704E-9	3.489700E-9	3.325413E-9	3.331032E-9	3.330828E-9	3.434035E-9	3.197338E-9	3.552861E-9	3.462902E-9	3.637028E-9	3.646537E-9	3.505277E-9	3.885634E-9	3.476397E-9	3.655659E-9	3.830586E-9	4.002241E-9	4.015419E-9	4.031244E-9	4.422118E-9	4.515572E-9	3.582074E-9	3.787068E-9	3.691846E-9	3.887782E-9	4.113879E-9	4.546014E-9	4.410681E-9	4.582902E-9
0:16:01	0	2.011899E+1	1.520900E+1	1.528600E+1	5.447000E-4	-1.385860E-2	4.320935E+2	1.255700E-7	1.256270E-7	3.302566E-9	3.451021E-9	3.506929E-9	3.448729E-9	3.656515E-9	3.484131E-9	3.494129E-9	3.484033E-9	3.600302E-9	3.348815E-9	3.731098E-9	3.630120E-9	3.820975E-9	3.833521E-9	3.677828E-9	4.083915E-9	3.654286E-9	3.842212E-9	4.034865E-9	4.209181E-9	4.229140E-9	4.254805E-9	4.662666E-9	4.756713E-9	3.774892E-9	3.992252E-9	3.891375E-9	4.096531E-9	4.342409E-9	4.821586E-9	4.659621E-9	4.849829E-9
0:16:15	0	2.012142E+1	1.520100E+1	1.529600E+1	5.574000E-4	-1.388390E-2	4.330977E+2	1.324700E-7	1.323736E-7	3.460225E-9	3.617481E-9	3.675009E-9	3.615047E-9	3.841957E-9	3.660449E-9	3.670491E-9	3.664633E-9	3.767075E-9	3.512616E-9	3.917998E-9	3.815652E-9	4.016516E-9	4.041140E-9	3.876474E-9	4.294540E-9	3.844023E-9	4.041038E-9	4.255270E-9	4.443265E-9	4.462420E-9	4.482522E-9	4.920842E-9	5.025422E-9	3.976285E-9	4.217472E-9	4.110035E-9	4.338586E-9	4.596889E-9	5.130360E-9	4.933838E-9	5.148032E-9
0:16:28	0	2.011967E+1	1.522500E+1	1.528000E+1	5.701000E-4	-1.387120E-2	4.341020E+2	1.405000E-7	1.398146E-7	3.631568E-9	3.800651E-9	3.860789E-9	3.797564E-9	4.037093E-9	3.850534E-9	3.863022E-9	3.857282E-9	3.969726E-9	3.699356E-9	4.121651E-9	4.017034E-9	4.235937E-9	4.259302E-9	4.085383E-9	4.530161E-9	4.057453E-9	4.260384E-9	4.490793E-9	4.701797E-9	4.722833E-9	4.757042E-9	5.205431E-9	5.323213E-9	4.204540E-9	4.454999E-9	4.351430E-9	4.596594E-9	4.870694E-9	5.485075E-9	5.250706E-9	5.464598E-9
0:16:42	0	2.011914E+1	1.518900E+1	1.529900E+1	5.701000E-4	-1.388390E-2	4.351062E+2	1.487800E-7	1.486753E-7	3.834631E-9	4.011752E-9	4.071663E-9	4.010144E-9	4.269483E-9	4.070790E-9	4.095917E-9	4.084364E-9	4.196274E-9	3.912892E-9	4.367797E-9	4.252265E-9	4.487408E-9	4.522959E-9	4.335721E-9	4.803754E-9	4.306362E-9	4.532661E-9	4.784140E-9	5.002081E-9	5.043190E-9	5.072191E-9	5.553079E-9	5.686151E-9	4.473338E-9	4.746916E-9	4.642766E-9	4.904240E-9	5.208275E-9	5.920387E-9	5.620323E-9	5.851375E-9
0:16:55	0	2.012020E+1	1.522000E+1	1.532900E+1	5.701000E-4	-1.388390E-2	4.361105E+2	1.579000E-7	1.578358E-7	4.044506E-9	4.230232E-9	4.299797E-9	4.237344E-9	4.512073E-9	4.297524E-9	4.325972E-9	4.322037E-9	4.427008E-9	4.128322E-9	4.618176E-9	4.499747E-9	4.751232E-9	4.789773E-9	4.594165E-9	5.090576E-9	4.567242E-9	4.803617E-9	5.080259E-9	5.312460E-9	5.346323E-9	5.399246E-9	5.913679E-9	6.068789E-9	4.756953E-9	5.049070E-9	4.938712E-9	5.228349E-9	5.556719E-9	6.374332E-9	6.009632E-9	6.261895E-9
0:17:09	0	2.011891E+1	1.523400E+1	1.530600E+1	5.447000E-4	-1.388390E-2	4.371147E+2	1.689000E-7	1.680932E-7	4.264663E-9	4.474626E-9	4.540128E-9	4.478084E-9	4.763025E-9	4.561027E-9	4.588998E-9	4.578542E-9	4.678403E-9	4.371814E-9	4.896060E-9	4.762446E-9	5.045017E-9	5.092873E-9	4.883585E-9	5.410941E-9	4.847634E-9	5.108244E-9	5.406991E-9	5.664964E-9	5.722334E-9	5.772538E-9	6.315606E-9	6.492534E-9	5.075184E-9	5.388908E-9	5.268440E-9	5.595702E-9	5.958142E-9	6.899495E-9	6.447930E-9	6.738326E-9
0:17:22	0	2.012097E+1	1.522400E+1	1.533000E+1	5.574000E-4	-1.390920E-2	4.381189E+2	1.808900E-7	1.804873E-7	4.535267E-9	4.749979E-9	4.839626E-9	4.771227E-9	5.085759E-9	4.854828E-9	4.895863E-9	4.892308E-9	4.986278E-9	4.659666E-9	5.222754E-9	5.088611E-9	5.403096E-9	5.447594E-9	5.225327E-9	5.804086E-9	5.199170E-9	5.479840E-9	5.801879E-9	6.082540E-9	6.148573E-9	6.222365E-9	6.807317E-9	7.002634E-9	5.459118E-9	5.799902E-9	5.673369E-9	6.036563E-9	6.451573E-9	7.566278E-9	6.994482E-9	7.299405E-9
0:17:36	0	2.012043E+1	1.518700E+1	1.529600E+1	5.827000E-4	-1.389660E-2	4.391232E+2	1.936900E-7	1.936086E-7	4.816845E-9	5.047526E-9	5.139313E-9	5.073166E-9	5.411346E-9	5.173899E-9	5.225529E-9	5.222880E-9	5.307591E-9	4.967740E-9	5.572591E-9	5.420333E-9	5.757879E-9	5.831975E-9	5.589684E-9	6.194573E-9	5.557167E-9	5.862387E-9	6.224168E-9	6.539613E-9	6.605985E-9	6.695437E-9	7.333464E-9	7.548677E-9	5.863292E-9	6.227791E-9	6.117004E-9	6.523076E-9	6.966597E-9	8.299720E-9	7.570827E-9	7.920503E-9
0:17:49	0	2.011952E+1	1.519000E+1	1.530400E+1	5.701000E-4	-1.388390E-2	4.401274E+2	2.086600E-7	2.084998E-7	5.136387E-9	5.366135E-9	5.473388E-9	5.407067E-9	5.778872E-9	5.528297E-9	5.587412E-9	5.577930E-9	5.656605E-9	5.294078E-9	5.955747E-9	5.803521E-9	6.187661E-9	6.255671E-9	5.997430E-9	6.655565E-9	5.968760E-9	6.296168E-9	6.704285E-9	7.053606E-9	7.138043E-9	7.248067E-9	7.940995E-9	8.174911E-9	6.332349E-9	6.722758E-9	6.606608E-9	7.066190E-9	7.567816E-9	9.148424E-9	8.243448E-9	8.625558E-9
0:18:14	1	2.011944E+1	1.518700E+1	1.528500E+1	5.701000E-4	-1.389660E-2	0.000000E+0	-3.238500E-9	2.661229E-9	1.003341E-10	8.058207E-11	8.546210E-11	8.334799E-11	8.375639E-11	8.492213E-11	8.470604E-11	8.738276E-11	8.196052E-11	8.114221E-11	8.080454E-11	7.925216E-11	8.779337E-11	7.717926E-11	8.146010E-11	7.721166E-11	8.096305E-11	1.007662E-10	7.470685E-11	7.134049E-11	7.445781E-11	7.855111E-11	7.752871E-11	8.006562E-11	8.505903E-11	8.020135E-11	8.555702E-11	8.585522E-11	8.543781E-11	8.509815E-11	8.818608E-11	9.015738E-11
0:18:27	1	2.012005E+1	1.519000E+1	1.531200E+1	5.701000E-4	-1.384590E-2	0.000000E+0	1.919100E-9	2.748359E-9	9.932461E-11	8.657135E-11	8.805365E-11	8.518329E-11	8.730400E-11	8.630444E-11	8.874964E-11	9.080744E-11	8.722208E-11	8.360635E-11	8.308030E-11	8.184113E-11	9.210024E-11	8.241647E-11	8.342408E-11	8.252789E-11	8.330628E-11	8.408756E-11	8.251792E-11	8.068187E-11	8.486937E-11	8.573190E-11	8.410015E-11	8.623338E-11	8.682487E-11	8.321642E-11	8.581021E-11	8.541143E-11	8.537401E-11	8.560531E-11	8.743356E-11	8.863815E-11
0:18:40	1	2.012028E+1	1.520100E+1	1.530800E+1	5.701000E-4	-1.387120E-2	1.000000E+1	3.364400E-9	3.134223E-9	1.128831E-10	9.930840E-11	1.018975E-10	9.815730E-11	1.009253E-10	1.009511E-10	1.011297E-10	1.017141E-10	9.837764E-11	9.681397E-11	9.623182E-11	9.257683E-11	1.016650E-10	9.440714E-11	9.526995E-11	9.531141E-11	9.407635E-11	9.453529E-11	9.505243E-11	9.378396E-11	9.572221E-11	9.688146E-11	9.591539E-11	9.573891E-11	9.848998E-11	9.734791E-11	9.875361E-11	9.674505E-11	9.642532E-11	9.479313E-11	1.012947E-10	1.010469E-10
0:18:54	1	2.011960E+1	1.520500E+1	1.531500E+1	5.701000E-4	-1.385860E-2	2.000000E+1	3.755600E-9	3.228590E-9	1.147756E-10	1.010105E-10	1.058801E-10	1.014483E-10	1.021926E-10	1.030886E-10	1.032138E-10	1.058996E-10	1.020541E-10	1.013642E-10	9.863434E-11	9.983830E-11	1.050858E-10	9.768874E-11	9.868991E-11	9.967849E-11	9.661060E-11	9.824838E-11	9.650128E-11	9.516255E-11	9.824641E-11	9.977924E-11	9.762209E-11	9.813069E-11	1.021471E-10	1.017441E-10	1.024158E-10	9.908793E-11	9.768736E-11	9.821518E-11	1.022354E-10	1.042133E-10
0:19:07	1	2.012119E+1	1.519600E+1	1.530800E+1	5.827000E-4	-1.389660E-2	3.000000E+1	4.025700E-9	3.315276E-9	1.196310E-10	1.048567E-10	1.094197E-10	1.043596E-10	1.061212E-10	1.047230E-10	1.054256E-10	1.091972E-10	1.053504E-10	1.019328E-10	1.016058E-10	1.064059E-10	1.071758E-10	1.005918E-10	1.006539E-10	1.036030E-10	9.920786E-11	9.944468E-11	9.795013E-11	9.917561E-11	1.014012E-10	1.026770E-10	1.004649E-10	1.005851E-10	1.034083E-10	1.043814E-10	1.034894E-10	9.991054E-11	9.983462E-11	1.007490E-10	1.058108E-10	1.057325E-10
0:19:21	1	2.011884E+1	1.519700E+1	1.528900E+1	5.701000E-4	-1.388390E-2	4.000000E+1	4.251300E-9	3.410924E-9	1.205767E-10	1.073790E-10	1.111261E-10	1.085357E-10	1.075145E-10	1.088709E-10	1.092787E-10	1.123045E-10	1.090899E-10	1.045875E-10	1.050833E-10	1.062165E-10	1.075568E-10	1.043775E-10	1.040109E-10	1.071468E-10	1.031353E-10	1.023400E-10	1.022340E-10	1.011817E-10	1.053140E-10	1.048817E-10	1.045087E-10	1.029143E-10	1.058669E-10	1.104106E-10	1.070888E-10	1.032030E-10	1.033077E-10	1.038539E-10	1.083199E-10	1.087080E-10
0:19:34	1	2.011906E+1	1.519900E+1	1.528900E+1	5.701000E-4	-1.388390E-2	5.000000E+1	4.519400E-9	3.511931E-9	1.247392E-10	1.114144E-10	1.144132E-10	1.113211E-10	1.111261E-10	1.112594E-10	1.137003E-10	1.176312E-10	1.127033E-10	1.078098E-10	1.086876E-10	1.098792E-10	1.130036E-10	1.074070E-10	1.071778E-10	1.118935E-10	1.059235E-10	1.040391E-10	1.041861E-10	1.043782E-10	1.077116E-10	1.091657E-10	1.072259E-10	1.066912E-10	1.084520E-10	1.124838E-10	1.086667E-10	1.052290E-10	1.056444E-10	1.068318E-10	1.091348E-10	1.120003E-10
0:19:48	1	2.012051E+1	1.518700E+1	1.528500E+1	5.701000E-4	-1.385860E-2	6.000000E+1	4.652800E-9	3.586618E-9	1.268836E-10	1.133066E-10	1.169418E-10	1.128397E-10	1.139136E-10	1.123281E-10	1.135736E-10	1.209288E-10	1.156193E-10	1.111599E-10	1.112798E-10	1.112050E-10	1.147146E-10	1.084799E-10	1.074948E-10	1.150577E-10	1.078237E-10	1.078158E-10	1.053207E-10	1.073878E-10	1.108664E-10	1.118735E-10	1.091221E-10	1.097746E-10	1.105960E-10	1.144300E-10	1.135919E-10	1.095979E-10	1.082961E-10	1.085434E-10	1.125845E-10	1.132667E-10
0:20:01	1	2.011846E+1	1.519100E+1	1.530600E+1	5.701000E-4	-1.384590E-2	7.000000E+1	4.792500E-9	3.660543E-9	1.285860E-10	1.160181E-10	1.191542E-10	1.153075E-10	1.156239E-10	1.155969E-10	1.163528E-10	1.220059E-10	1.175206E-10	1.127391E-10	1.128609E-10	1.156891E-10	1.178815E-10	1.110044E-10	1.097758E-10	1.175894E-10	1.099139E-10	1.086971E-10	1.089741E-10	1.090801E-10	1.126963E-10	1.133860E-10	1.116488E-10	1.126076E-10	1.129920E-10	1.173826E-10	1.161816E-10	1.097879E-10	1.095591E-10	1.110141E-10	1.153440E-10	1.175715E-10
0:20:15	1	2.011998E+1	1.520800E+1	1.530000E+1	5.827000E-4	-1.385860E-2	8.000000E+1	4.890500E-9	3.736662E-9	1.304785E-10	1.168373E-10	1.207349E-10	1.173326E-10	1.175882E-10	1.159114E-10	1.186902E-10	1.255577E-10	1.204366E-10	1.153938E-10	1.162116E-10	1.175833E-10	1.214914E-10	1.132131E-10	1.137657E-10	1.209434E-10	1.137783E-10	1.113401E-10	1.118708E-10	1.118383E-10	1.151567E-10	1.158423E-10	1.155030E-10	1.151256E-10	1.150724E-10	1.189521E-10	1.176329E-10	1.110542E-10	1.122118E-10	1.129787E-10	1.163480E-10	1.197874E-10
0:20:28	1	2.012036E+1	1.520700E+1	1.529600E+1	5.827000E-4	-1.384590E-2	9.000000E+1	5.102400E-9	3.818220E-9	1.331894E-10	1.204316E-10	1.237056E-10	1.201180E-10	1.203757E-10	1.189281E-10	1.201431E-10	1.280944E-10	1.236698E-10	1.178580E-10	1.192460E-10	1.197934E-10	1.215554E-10	1.155472E-10	1.151597E-10	1.237918E-10	1.145384E-10	1.148018E-10	1.142017E-10	1.150359E-10	1.164188E-10	1.177953E-10	1.176516E-10	1.185875E-10	1.163335E-10	1.214645E-10	1.214845E-10	1.157390E-10	1.149900E-10	1.150063E-10	1.194839E-10	1.230797E-10
0:20:42	1	2.011929E+1	1.520600E+1	1.528700E+1	5.574000E-4	-1.383320E-2	1.000000E+2	5.160500E-9	3.929321E-9	1.362169E-10	1.254753E-10	1.265496E-10	1.227126E-10	1.253175E-10	1.218197E-10	1.255119E-10	1.320257E-10	1.266488E-10	1.219662E-10	1.208270E-10	1.230772E-10	1.297901E-10	1.196497E-10	1.190237E-10	1.282219E-10	1.178967E-10	1.180747E-10	1.175400E-10	1.162898E-10	1.205209E-10	1.215115E-10	1.207478E-10	1.203493E-10	1.199906E-10	1.246045E-10	1.238210E-10	1.157390E-10	1.188420E-10	1.195047E-10	1.227454E-10	1.263091E-10
0:20:56	1	2.012043E+1	1.520000E+1	1.527800E+1	5.827000E-4	-1.385860E-2	1.200000E+2	5.711800E-9	4.231748E-9	1.449191E-10	1.342397E-10	1.364747E-10	1.324586E-10	1.334269E-10	1.323175E-10	1.340399E-10	1.409032E-10	1.374251E-10	1.322029E-10	1.330932E-10	1.332447E-10	1.365039E-10	1.307567E-10	1.270046E-10	1.380310E-10	1.280957E-10	1.265710E-10	1.273040E-10	1.275105E-10	1.297331E-10	1.296380E-10	1.311736E-10	1.301689E-10	1.300790E-10	1.322666E-10	1.324722E-10	1.267558E-10	1.266724E-10	1.280594E-10	1.329064E-10	1.352995E-10
0:21:09	1	2.012142E+1	1.519200E+1	1.527500E+1	5.701000E-4	-1.389660E-2	1.400000E+2	6.177800E-9	4.680558E-9	1.599918E-10	1.479851E-10	1.505072E-10	1.459382E-10	1.479354E-10	1.450778E-10	1.481261E-10	1.553617E-10	1.514966E-10	1.462954E-10	1.456758E-10	1.473898E-10	1.498695E-10	1.430622E-10	1.416374E-10	1.551826E-10	1.434273E-10	1.396001E-10	1.414137E-10	1.409897E-10	1.439310E-10	1.444411E-10	1.457698E-10	1.448356E-10	1.429426E-10	1.482195E-10	1.466786E-10	1.396087E-10	1.414480E-10	1.409223E-10	1.462655E-10	1.485318E-10
0:21:23	1	2.012142E+1	1.520100E+1	1.529700E+1	5.701000E-4	-1.385860E-2	1.600000E+2	6.907100E-9	5.376324E-9	1.808656E-10	1.698022E-10	1.721885E-10	1.669497E-10	1.681459E-10	1.684610E-10	1.633492E-10	1.766686E-10	1.762814E-10	1.668336E-10	1.674891E-10	1.686708E-10	1.708359E-10	1.657804E-10	1.636812E-10	1.774596E-10	1.642063E-10	1.619432E-10	1.631455E-10	1.639339E-10	1.651316E-10	1.666140E-10	1.680108E-10	1.681244E-10	1.654526E-10	1.708915E-10	1.678316E-10	1.609466E-10	1.629814E-10	1.626560E-10	1.689084E-10	1.720839E-10
0:21:37	1	2.011982E+1	1.519900E+1	1.531100E+1	5.574000E-4	-1.385860E-2	1.800000E+2	7.855100E-9	6.358010E-9	2.110101E-10	1.998153E-10	2.020876E-10	1.961248E-10	1.975429E-10	1.969357E-10	1.982168E-10	2.097701E-10	2.051860E-10	1.984944E-10	1.961937E-10	1.975303E-10	2.002900E-10	1.961346E-10	1.939599E-10	2.093570E-10	1.956915E-10	1.930986E-10	1.945150E-10	1.932723E-10	1.956093E-10	1.965981E-10	2.000461E-10	1.997860E-10	1.973572E-10	2.020426E-10	1.983286E-10	1.895640E-10	1.937339E-10	1.936415E-10	2.025895E-10	2.034870E-10
0:21:51	1	2.011830E+1	1.521000E+1	1.527700E+1	5.701000E-4	-1.387120E-2	2.000000E+2	9.051900E-9	7.631076E-9	2.496048E-10	2.384037E-10	2.394460E-10	2.330207E-10	2.372668E-10	2.367259E-10	2.359274E-10	2.497199E-10	2.467692E-10	2.362846E-10	2.347619E-10	2.371244E-10	2.386758E-10	2.389209E-10	2.341834E-10	2.540379E-10	2.361095E-10	2.320578E-10	2.350183E-10	2.341462E-10	2.356149E-10	2.362202E-10	2.401690E-10	2.406361E-10	2.346858E-10	2.406675E-10	2.362138E-10	2.311622E-10	2.344630E-10	2.341309E-10	2.409747E-10	2.479325E-10
0:22:04	1	2.011853E+1	1.522100E+1	1.530200E+1	5.701000E-4	-1.384590E-2	2.200000E+2	1.036700E-8	9.310482E-9	2.986677E-10	2.885307E-10	2.943145E-10	2.828267E-10	2.873814E-10	2.873265E-10	2.865875E-10	3.045718E-10	3.005846E-10	2.887998E-10	2.850283E-10	2.899805E-10	2.908073E-10	2.926239E-10	2.869488E-10	3.086558E-10	2.876146E-10	2.826619E-10	2.857887E-10	2.858657E-10	2.883032E-10	2.898270E-10	2.958358E-10	2.959015E-10	2.872718E-10	2.943657E-10	2.884320E-10	2.826367E-10	2.832758E-10	2.872303E-10	2.971105E-10	3.047248E-10
0:22:18	1	2.012051E+1	1.520800E+1	1.528000E+1	5.701000E-4	-1.387120E-2	2.400000E+2	1.279900E-8	1.155169E-8	3.660201E-10	3.555565E-10	3.627095E-10	3.501634E-10	3.560592E-10	3.543967E-10	3.527858E-10	3.760385E-10	3.712625E-10	3.579345E-10	3.528071E-10	3.597600E-10	3.583313E-10	3.610313E-10	3.558671E-10	3.812466E-10	3.593907E-10	3.513914E-10	3.552043E-10	3.556386E-10	3.594798E-10	3.613852E-10	3.705845E-10	3.696095E-10	3.573879E-10	3.630115E-10	3.559938E-10	3.518399E-10	3.584837E-10	3.580080E-10	3.727514E-10	3.795599E-10
0:22:32	1	2.012150E+1	1.520200E+1	1.528300E+1	5.701000E-4	-1.387120E-2	2.600000E+2	1.567500E-8	1.456888E-8	4.552537E-10	4.478653E-10	4.554413E-10	4.398406E-10	4.481150E-10	4.452907E-10	4.465882E-10	4.711576E-10	4.638082E-10	4.495668E-10	4.455614E-10	4.498735E-10	4.506215E-10	4.550599E-10	4.478431E-10	4.767489E-10	4.517569E-10	4.430949E-10	4.512014E-10	4.506141E-10	4.540027E-10	4.570078E-10	4.690275E-10	4.676766E-10	4.494456E-10	4.576586E-10	4.531695E-10	4.473825E-10	4.549080E-10	4.553359E-10	4.726034E-10	4.853564E-10
0:22:46	1	2.011990E+1	1.519400E+1	1.528500E+1	5.701000E-4	-1.387120E-2	2.800000E+2	1.979900E-8	1.862144E-8	5.738762E-10	5.702519E-10	5.776930E-10	5.598317E-10	5.702020E-10	5.670479E-10	5.696371E-10	5.974761E-10	5.870977E-10	5.708377E-10	5.653773E-10	5.730773E-10	5.759137E-10	5.816514E-10	5.723777E-10	6.040206E-10	5.752922E-10	5.673379E-10	5.777497E-10	5.783760E-10	5.820324E-10	5.864568E-10	6.026649E-10	6.020001E-10	5.802184E-10	5.865969E-10	5.814103E-10	5.764182E-10	5.867582E-10	5.887809E-10	6.080812E-10	6.248978E-10
0:22:59	1	2.011716E+1	1.519900E+1	1.530300E+1	5.701000E-4	-1.385860E-2	3.000000E+2	2.551500E-8	2.426096E-8	7.432641E-10	7.380991E-10	7.473528E-10	7.283001E-10	7.434167E-10	7.369547E-10	7.426500E-10	7.699592E-10	7.593854E-10	7.380514E-10	7.362162E-10	7.442733E-10	7.476366E-10	7.534898E-10	7.444838E-10	7.782531E-10	7.473533E-10	7.414279E-10	7.557616E-10	7.566649E-10	7.612991E-10	7.684407E-10	7.881786E-10	7.885671E-10	7.581563E-10	7.665326E-10	7.585241E-10	7.554722E-10	7.674839E-10	7.758964E-10	7.986284E-10	8.207877E-10
0:23:13	1	2.011906E+1	1.523200E+1	1.529500E+1	5.701000E-4	-1.387120E-2	3.200000E+2	3.349900E-8	3.232841E-8	9.798778E-10	9.809790E-10	9.915398E-10	9.653071E-10	9.873996E-10	9.824180E-10	9.872948E-10	1.020820E-9	1.003112E-9	9.777489E-10	9.800841E-10	9.869555E-10	9.957511E-10	1.005410E-9	9.911461E-10	1.030962E-9	9.953729E-10	9.879625E-10	1.006086E-9	1.010935E-9	1.018493E-9	1.028409E-9	1.054190E-9	1.057025E-9	1.013207E-9	1.021081E-9	1.013176E-9	1.013353E-9	1.029227E-9	1.040252E-9	1.073786E-9	1.099047E-9
0:23:27	1	2.012036E+1	1.519900E+1	1.528600E+1	5.701000E-4	-1.384590E-2	3.400000E+2	4.543900E-8	4.430749E-8	1.330573E-9	1.333130E-9	1.352922E-9	1.320154E-9	1.350681E-9	1.346180E-9	1.351072E-9	1.387918E-9	1.363027E-9	1.329363E-9	1.341869E-9	1.346904E-9	1.361873E-9	1.375654E-9	1.358542E-9	1.406260E-9	1.355588E-9	1.355341E-9	1.379620E-9	1.389519E-9	1.400751E-9	1.414677E-9	1.451944E-9	1.455590E-9	1.394240E-9	1.401426E-9	1.389501E-9	1.397610E-9	1.419663E-9	1.437927E-9	1.485989E-9	1.521977E-9
0:23:41	1	2.012066E+1	1.521900E+1	1.530800E+1	5.701000E-4	-1.385860E-2	3.600000E+2	6.387300E-8	6.258839E-8	1.863332E-9	1.871289E-9	1.896986E-9	1.857455E-9	1.902573E-9	1.891856E-9	1.908770E-9	1.950771E-9	1.909684E-9	1.866455E-9	1.887836E-9	1.892638E-9	1.921318E-9	1.938563E-9	1.914387E-9	1.977751E-9	1.911558E-9	1.916196E-9	1.950945E-9	1.965135E-9	1.985624E-9	2.010141E-9	2.059348E-9	2.071311E-9	1.971621E-9	1.985071E-9	1.968828E-9	1.983399E-9	2.019240E-9	2.050723E-9	2.116966E-9	2.170619E-9
0:23:54	1	2.011929E+1	1.519600E+1	1.530000E+1	5.701000E-4	-1.388390E-2	3.620000E+2	6.566600E-8	6.499665E-8	1.932260E-9	1.943484E-9	1.968162E-9	1.925867E-9	1.974608E-9	1.964395E-9	1.983559E-9	2.023886E-9	1.982453E-9	1.937170E-9	1.959725E-9	1.965196E-9	1.992516E-9	2.014922E-9	1.987739E-9	2.052684E-9	1.983461E-9	1.992541E-9	2.027226E-9	2.043184E-9	2.062606E-9	2.087119E-9	2.138142E-9	2.151442E-9	2.049492E-9	2.057548E-9	2.041567E-9	2.062479E-9	2.098933E-9	2.133353E-9	2.202267E-9	2.256661E-9
0:24:08	1	2.012028E+1	1.521000E+1	1.529300E+1	5.827000E-4	-1.383320E-2	3.640000E+2	6.806000E-8	6.742138E-8	2.002072E-9	2.014671E-9	2.039592E-9	1.997824E-9	2.046834E-9	2.039134E-9	2.056580E-9	2.098523E-9	2.053448E-9	2.004851E-9	2.031867E-9	2.037564E-9	2.065170E-9	2.088630E-9	2.061852E-9	2.127555E-9	2.058723E-9	2.064292E-9	2.102943E-9	2.120044E-9	2.140031E-9	2.169197E-9	2.221358E-9	2.234465E-9	2.125474E-9	2.136244E-9	2.119991E-9	2.139852E-9	2.180329E-9	2.214015E-9	2.286878E-9	2.341373E-9
0:24:21	1	2.012180E+1	1.519900E+1	1.528500E+1	5.827000E-4	-1.384590E-2	3.660000E+2	7.070000E-8	7.007761E-8	2.082100E-9	2.092544E-9	2.118102E-9	2.074781E-9	2.127868E-9	2.115824E-9	2.136677E-9	2.182610E-9	2.133508E-9	2.084161E-9	2.114001E-9	2.116692E-9	2.147202E-9	2.171868E-9	2.141161E-9	2.212804E-9	2.138230E-9	2.146809E-9	2.185775E-9	2.201854E-9	2.224837E-9	2.252537E-9	2.306469E-9	2.325106E-9	2.209966E-9	2.220403E-9	2.202077E-9	2.225770E-9	2.266398E-9	2.303992E-9	2.378827E-9	2.436659E-9
0:24:35	1	2.011815E+1	1.519000E+1	1.529700E+1	5.701000E-4	-1.385860E-2	3.680000E+2	7.343200E-8	7.278689E-8	2.159796E-9	2.170224E-9	2.197244E-9	2.155409E-9	2.207886E-9	2.197414E-9	2.218225E-9	2.263842E-9	2.211982E-9	2.162588E-9	2.194489E-9	2.194113E-9	2.229610E-9	2.253086E-9	2.225093E-9	2.297864E-9	2.220650E-9	2.228881E-9	2.269679E-9	2.290435E-9	2.313239E-9	2.344505E-9	2.399795E-9	2.417382E-9	2.297358E-9	2.306633E-9	2.289843E-9	2.314917E-9	2.355687E-9	2.393970E-9	2.472282E-9	2.532767E-9
0:24:48	1	2.012135E+1	1.521100E+1	1.529300E+1	5.827000E-4	-1.379520E-2	3.700000E+2	7.647900E-8	7.574784E-8	2.244426E-9	2.257175E-9	2.284793E-9	2.240783E-9	2.297091E-9	2.286234E-9	2.308491E-9	2.356552E-9	2.302119E-9	2.248912E-9	2.283449E-9	2.282900E-9	2.322408E-9	2.346926E-9	2.315992E-9	2.389821E-9	2.309279E-9	2.321717E-9	2.364794E-9	2.382463E-9	2.409720E-9	2.437733E-9	2.496847E-9	2.516960E-9	2.390047E-9	2.398956E-9	2.381399E-9	2.410586E-9	2.452491E-9	2.492564E-9	2.575646E-9	2.638564E-9
0:25:02	1	2.012005E+1	1.519200E+1	1.529300E+1	5.574000E-4	-1.383320E-2	3.720000E+2	7.954400E-8	7.877579E-8	2.332588E-9	2.344818E-9	2.375881E-9	2.329890E-9	2.387183E-9	2.376310E-9	2.400777E-9	2.449008E-9	2.390863E-9	2.336374E-9	2.372347E-9	2.374088E-9	2.413179E-9	2.438051E-9	2.406384E-9	2.485576E-9	2.401328E-9	2.413420E-9	2.458462E-9	2.480572E-9	2.506199E-9	2.537260E-9	2.599967E-9	2.616726E-9	2.486015E-9	2.497937E-9	2.478007E-9	2.506760E-9	2.554094E-9	2.598510E-9	2.680454E-9	2.746765E-9
0:25:15	1	2.011975E+1	1.520400E+1	1.529100E+1	5.701000E-4	-1.383320E-2	3.740000E+2	8.288500E-8	8.208263E-8	2.430148E-9	2.441794E-9	2.473479E-9	2.423933E-9	2.487665E-9	2.474495E-9	2.501339E-9	2.550406E-9	2.492473E-9	2.433819E-9	2.469843E-9	2.471400E-9	2.513831E-9	2.542303E-9	2.505960E-9	2.586393E-9	2.502373E-9	2.514565E-9	2.559814E-9	2.585327E-9	2.612648E-9	2.643339E-9	2.709657E-9	2.730089E-9	2.592260E-9	2.602695E-9	2.583579E-9	2.614079E-9	2.661569E-9	2.708700E-9	2.797240E-9	2.865413E-9
0:25:29	1	2.012165E+1	1.520100E+1	1.529700E+1	5.574000E-4	-1.382050E-2	3.760000E+2	8.620600E-8	8.545983E-8	2.522598E-9	2.538959E-9	2.573102E-9	2.520318E-9	2.587133E-9	2.574629E-9	2.603605E-9	2.654149E-9	2.593260E-9	2.531455E-9	2.570817E-9	2.571427E-9	2.616193E-9	2.647312E-9	2.612758E-9	2.694110E-9	2.604938E-9	2.619044E-9	2.666646E-9	2.691524E-9	2.721243E-9	2.756851E-9	2.823518E-9	2.842886E-9	2.697685E-9	2.708647E-9	2.690227E-9	2.723424E-9	2.774287E-9	2.823833E-9	2.916849E-9	2.986404E-9
0:25:42	1	2.011906E+1	1.520400E+1	1.531600E+1	5.701000E-4	-1.383320E-2	3.780000E+2	8.995100E-8	8.919102E-8	2.632329E-9	2.647663E-9	2.683343E-9	2.633158E-9	2.701364E-9	2.684820E-9	2.715158E-9	2.765121E-9	2.700702E-9	2.639455E-9	2.684056E-9	2.681307E-9	2.730147E-9	2.759767E-9	2.724751E-9	2.810180E-9	2.717576E-9	2.732398E-9	2.782801E-9	2.810007E-9	2.840754E-9	2.875088E-9	2.950774E-9	2.972048E-9	2.816919E-9	2.827725E-9	2.808681E-9	2.845811E-9	2.897801E-9	2.949104E-9	3.048188E-9	3.122020E-9
0:25:56	1	2.012058E+1	1.518900E+1	1.528500E+1	5.701000E-4	-1.389660E-2	3.800000E+2	9.418000E-8	9.319913E-8	2.748554E-9	2.763617E-9	2.797377E-9	2.746631E-9	2.819775E-9	2.805195E-9	2.835301E-9	2.886367E-9	2.823294E-9	2.755671E-9	2.803239E-9	2.801605E-9	2.852651E-9	2.884718E-9	2.845548E-9	2.937452E-9	2.839274E-9	2.855697E-9	2.908089E-9	2.937644E-9	2.968910E-9	3.008064E-9	3.083400E-9	3.106182E-9	2.944036E-9	2.955847E-9	2.935848E-9	2.977949E-9	3.028325E-9	3.088189E-9	3.188557E-9	3.266120E-9
0:26:09	1	2.012127E+1	1.519300E+1	1.528200E+1	5.954000E-4	-1.383320E-2	3.820000E+2	9.838000E-8	9.724717E-8	2.862573E-9	2.881842E-9	2.919186E-9	2.862381E-9	2.938631E-9	2.923808E-9	2.959992E-9	3.012241E-9	2.939737E-9	2.873339E-9	2.922803E-9	2.918558E-9	2.978388E-9	3.010678E-9	2.969766E-9	3.063712E-9	2.964393E-9	2.981198E-9	3.035960E-9	3.067912E-9	3.099589E-9	3.139024E-9	3.218049E-9	3.249066E-9	3.073294E-9	3.083655E-9	3.063963E-9	3.105275E-9	3.163080E-9	3.222204E-9	3.329994E-9	3.412879E-9
0:26:23	1	2.011868E+1	1.519600E+1	1.530000E+1	5.574000E-4	-1.385860E-2	3.840000E+2	1.017100E-7	1.017266E-7	2.990717E-9	3.011415E-9	3.048960E-9	2.994903E-9	3.073325E-9	3.058012E-9	3.093716E-9	3.148199E-9	3.070950E-9	3.003267E-9	3.057413E-9	3.051928E-9	3.110775E-9	3.145852E-9	3.105259E-9	3.202186E-9	3.099267E-9	3.115826E-9	3.176618E-9	3.208840E-9	3.243267E-9	3.288253E-9	3.367925E-9	3.401769E-9	3.215732E-9	3.230053E-9	3.209379E-9	3.252799E-9	3.312801E-9	3.376624E-9	3.489305E-9	3.571225E-9
0:26:36	1	2.012066E+1	1.520000E+1	1.529100E+1	5.701000E-4	-1.383320E-2	3.860000E+2	1.068500E-7	1.063224E-7	3.125232E-9	3.140927E-9	3.182969E-9	3.127678E-9	3.209033E-9	3.194541E-9	3.232872E-9	3.288277E-9	3.206853E-9	3.135660E-9	3.190948E-9	3.186498E-9	3.253359E-9	3.287904E-9	3.247657E-9	3.345913E-9	3.238640E-9	3.256559E-9	3.321244E-9	3.353840E-9	3.393381E-9	3.437795E-9	3.524752E-9	3.558186E-9	3.358864E-9	3.375257E-9	3.352459E-9	3.404311E-9	3.465679E-9	3.532119E-9	3.653446E-9	3.739574E-9
0:26:50	1	2.011929E+1	1.521500E+1	1.528900E+1	5.701000E-4	-1.383320E-2	3.880000E+2	1.123300E-7	1.114039E-7	3.271161E-9	3.289164E-9	3.332464E-9	3.272794E-9	3.361404E-9	3.345968E-9	3.386430E-9	3.443893E-9	3.357463E-9	3.280439E-9	3.341302E-9	3.340329E-9	3.407346E-9	3.445291E-9	3.397720E-9	3.504260E-9	3.389162E-9	3.413593E-9	3.482626E-9	3.515706E-9	3.556179E-9	3.604977E-9	3.692952E-9	3.733172E-9	3.521794E-9	3.538487E-9	3.514039E-9	3.566967E-9	3.637058E-9	3.705928E-9	3.831199E-9	3.922674E-9
0:27:03	1	2.011906E+1	1.522500E+1	1.531900E+1	5.827000E-4	-1.379520E-2	3.900000E+2	1.164500E-7	1.166604E-7	3.416458E-9	3.439230E-9	3.484804E-9	3.423225E-9	3.517449E-9	3.500034E-9	3.544725E-9	3.600840E-9	3.509911E-9	3.436782E-9	3.501141E-9	3.494476E-9	3.566654E-9	3.610377E-9	3.559310E-9	3.667417E-9	3.549124E-9	3.576732E-9	3.646024E-9	3.683087E-9	3.726485E-9	3.779087E-9	3.873917E-9	3.910612E-9	3.689202E-9	3.703789E-9	3.683323E-9	3.739120E-9	3.811343E-9	3.885376E-9	4.014783E-9	4.115589E-9
0:27:17	1	2.012066E+1	1.521700E+1	1.531100E+1	5.827000E-4	-1.379520E-2	3.920000E+2	1.228300E-7	1.224803E-7	3.583954E-9	3.607518E-9	3.654149E-9	3.592833E-9	3.688067E-9	3.671513E-9	3.718876E-9	3.780361E-9	3.682325E-9	3.601847E-9	3.665468E-9	3.664158E-9	3.744394E-9	3.786948E-9	3.735724E-9	3.852091E-9	3.727901E-9	3.751956E-9	3.827814E-9	3.868461E-9	3.912819E-9	3.969512E-9	4.065875E-9	4.115559E-9	3.876849E-9	3.889942E-9	3.867002E-9	3.929507E-9	4.005077E-9	4.089156E-9	4.225403E-9	4.327245E-9
0:27:30	1	2.011937E+1	1.519700E+1	1.530700E+1	5.701000E-4	-1.384590E-2	3.940000E+2	1.295400E-7	1.285273E-7	3.755865E-9	3.778266E-9	3.828803E-9	3.765478E-9	3.869264E-9	3.849465E-9	3.899849E-9	3.965020E-9	3.860065E-9	3.775948E-9	3.852114E-9	3.840217E-9	3.926441E-9	3.974248E-9	3.918852E-9	4.041828E-9	3.910035E-9	3.941342E-9	4.015778E-9	4.060730E-9	4.111584E-9	4.166614E-9	4.269903E-9	4.321011E-9	4.065884E-9	4.083946E-9	4.060406E-9	4.128632E-9	4.208727E-9	4.295282E-9	4.439658E-9	4.546054E-9
0:27:44	1	2.012089E+1	1.517900E+1	1.530000E+1	5.574000E-4	-1.382050E-2	3.960000E+2	1.360800E-7	1.352466E-7	3.945749E-9	3.969948E-9	4.023116E-9	3.956160E-9	4.065286E-9	4.047532E-9	4.099392E-9	4.169780E-9	4.053651E-9	3.966797E-9	4.047297E-9	4.037999E-9	4.131863E-9	4.179725E-9	4.124214E-9	4.249985E-9	4.115673E-9	4.148791E-9	4.229696E-9	4.275006E-9	4.328649E-9	4.390049E-9	4.498888E-9	4.550192E-9	4.283483E-9	4.301254E-9	4.275659E-9	4.348589E-9	4.432014E-9	4.529033E-9	4.678688E-9	4.792468E-9
0:27:57	1	2.012180E+1	1.520300E+1	1.530700E+1	5.701000E-4	-1.385860E-2	3.980000E+2	1.422200E-7	1.422157E-7	4.142696E-9	4.169321E-9	4.225712E-9	4.157917E-9	4.272842E-9	4.249122E-9	4.310370E-9	4.379742E-9	4.259600E-9	4.165987E-9	4.254747E-9	4.241467E-9	4.345141E-9	4.391888E-9	4.334518E-9	4.465227E-9	4.323340E-9	4.361277E-9	4.445565E-9	4.496677E-9	4.551895E-9	4.619403E-9	4.734318E-9	4.790639E-9	4.507071E-9	4.525529E-9	4.500381E-9	4.575573E-9	4.668435E-9	4.772161E-9	4.930388E-9	5.046795E-9
0:28:11	1	2.011929E+1	1.519100E+1	1.528600E+1	5.954000E-4	-1.383320E-2	4.000000E+2	1.501000E-7	1.500130E-7	4.362410E-9	4.390892E-9	4.449735E-9	4.377206E-9	4.500542E-9	4.480379E-9	4.545667E-9	4.615004E-9	4.486085E-9	4.390582E-9	4.482617E-9	4.468867E-9	4.577546E-9	4.633648E-9	4.570919E-9	4.715088E-9	4.561666E-9	4.597363E-9	4.689276E-9	4.745555E-9	4.805935E-9	4.879687E-9	4.996286E-9	5.059097E-9	4.758907E-9	4.774110E-9	4.746634E-9	4.833264E-9	4.932451E-9	5.039306E-9	5.211694E-9	5.334553E-9
0:28:24	1	2.012142E+1	1.519500E+1	1.530300E+1	5.701000E-4	-1.387120E-2	4.020000E+2	1.583400E-7	1.581807E-7	4.592781E-9	4.617252E-9	4.684882E-9	4.609087E-9	4.741548E-9	4.720940E-9	4.786900E-9	4.862314E-9	4.725184E-9	4.618210E-9	4.720984E-9	4.703086E-9	4.821986E-9	4.886263E-9	4.819291E-9	4.972607E-9	4.804429E-9	4.848995E-9	4.951317E-9	5.007599E-9	5.071396E-9	5.149671E-9	5.277274E-9	5.342474E-9	5.018247E-9	5.035253E-9	5.008800E-9	5.105898E-9	5.206128E-9	5.324572E-9	5.506672E-9	5.638708E-9
0:28:38	1	2.011998E+1	1.520700E+1	1.529800E+1	5.701000E-4	-1.384590E-2	4.040000E+2	1.680100E-7	1.673657E-7	4.848250E-9	4.876653E-9	4.946769E-9	4.868499E-9	5.009226E-9	4.987271E-9	5.065023E-9	5.138922E-9	4.988053E-9	4.882743E-9	4.990964E-9	4.974753E-9	5.101835E-9	5.168285E-9	5.098005E-9	5.253860E-9	5.087798E-9	5.129895E-9	5.235279E-9	5.299482E-9	5.371121E-9	5.454049E-9	5.593266E-9	5.660154E-9	5.312077E-9	5.329808E-9	5.303926E-9	5.408860E-9	5.518263E-9	5.645260E-9	5.834515E-9	5.982877E-9
0:28:51	1	2.011944E+1	1.518000E+1	1.529500E+1	5.701000E-4	-1.384590E-2	4.060000E+2	1.786200E-7	1.773101E-7	5.124153E-9	5.159131E-9	5.229895E-9	5.147275E-9	5.295658E-9	5.275920E-9	5.353190E-9	5.440831E-9	5.275961E-9	5.162442E-9	5.287120E-9	5.260503E-9	5.402335E-9	5.474225E-9	5.395661E-9	5.565743E-9	5.387070E-9	5.435467E-9	5.553697E-9	5.617382E-9	5.698482E-9	5.784128E-9	5.926254E-9	6.006978E-9	5.635857E-9	5.650740E-9	5.621214E-9	5.738096E-9	5.857802E-9	5.994397E-9	6.201935E-9	6.350536E-9
0:29:05	1	2.012089E+1	1.518800E+1	1.528000E+1	5.701000E-4	-1.390920E-2	4.080000E+2	1.882700E-7	1.878251E-7	5.412668E-9	5.456300E-9	5.531858E-9	5.442697E-9	5.601729E-9	5.583487E-9	5.667823E-9	5.753901E-9	5.580984E-9	5.464831E-9	5.590295E-9	5.568543E-9	5.718353E-9	5.796888E-9	5.714661E-9	5.897499E-9	5.703256E-9	5.756082E-9	5.883326E-9	5.956471E-9	6.039663E-9	6.133545E-9	6.287110E-9	6.376149E-9	5.963609E-9	5.987375E-9	5.960223E-9	6.087594E-9	6.217170E-9	6.362229E-9	6.585791E-9	6.742949E-9
0:29:18	1	2.011830E+1	1.520200E+1	1.529200E+1	5.701000E-4	-1.384590E-2	4.100000E+2	2.000100E-7	1.997388E-7	5.742616E-9	5.783798E-9	5.864415E-9	5.775899E-9	5.947588E-9	5.925249E-9	6.022251E-9	6.114467E-9	5.920869E-9	5.796919E-9	5.937664E-9	5.916495E-9	6.081816E-9	6.166312E-9	6.077433E-9	6.260456E-9	6.065624E-9	6.124719E-9	6.257556E-9	6.335871E-9	6.430757E-9	6.533107E-9	6.695668E-9	6.792086E-9	6.350129E-9	6.373061E-9	6.347474E-9	6.478755E-9	6.625604E-9	6.783475E-9	7.015180E-9	7.195509E-9
0:29:32	1	2.012028E+1	1.522500E+1	1.531700E+1	5.701000E-4	-1.385860E-2	4.110042E+2	2.060300E-7	2.058521E-7	5.910112E-9	5.956311E-9	6.036795E-9	5.951456E-9	6.124667E-9	6.101316E-9	6.199623E-9	6.299254E-9	6.094742E-9	5.968744E-9	6.113878E-9	6.090470E-9	6.254614E-9	6.352351E-9	6.259928E-9	6.453360E-9	6.250736E-9	6.310392E-9	6.448669E-9	6.535601E-9	6.630531E-9	6.737516E-9	6.905823E-9	7.006537E-9	6.542821E-9	6.572906E-9	6.541572E-9	6.689467E-9	6.833736E-9	7.000054E-9	7.249004E-9	7.429070E-9
0:29:45	1	2.012058E+1	1.520400E+1	1.532300E+1	5.827000E-4	-1.384590E-2	4.120085E+2	2.124100E-7	2.123332E-7	6.091167E-9	6.129076E-9	6.220361E-9	6.127518E-9	6.312139E-9	6.287946E-9	6.395758E-9	6.487780E-9	6.280594E-9	6.153147E-9	6.301222E-9	6.280235E-9	6.454717E-9	6.550568E-9	6.455030E-9	6.653730E-9	6.445227E-9	6.506890E-9	6.652066E-9	6.740471E-9	6.839896E-9	6.958114E-9	7.128553E-9	7.235529E-9	6.757140E-9	6.783175E-9	6.754298E-9	6.907649E-9	7.058285E-9	7.231334E-9	7.483707E-9	7.669912E-9
0:29:59	1	2.011929E+1	1.521700E+1	1.530000E+1	5.954000E-4	-1.383320E-2	4.130127E+2	2.196300E-7	2.190740E-7	6.275818E-9	6.316346E-9	6.411832E-9	6.316873E-9	6.503156E-9	6.481487E-9	6.593217E-9	6.692160E-9	6.474880E-9	6.340521E-9	6.499882E-9	6.470440E-9	6.653740E-9	6.756231E-9	6.656148E-9	6.866441E-9	6.647760E-9	6.716542E-9	6.863399E-9	6.959195E-9	7.063585E-9	7.177768E-9	7.362782E-9	7.473962E-9	6.971333E-9	6.993572E-9	6.976115E-9	7.125642E-9	7.289339E-9	7.477124E-9	7.733400E-9	7.933293E-9
0:30:12	1	2.012135E+1	1.521600E+1	1.530700E+1	5.701000E-4	-1.385860E-2	4.140170E+2	2.266000E-7	2.267411E-7	6.481152E-9	6.529780E-9	6.622770E-9	6.526984E-9	6.718819E-9	6.703818E-9	6.820490E-9	6.921841E-9	6.694455E-9	6.550580E-9	6.725349E-9	6.688492E-9	6.887539E-9	6.986822E-9	6.890141E-9	7.109024E-9	6.879055E-9	6.949859E-9	7.108874E-9	7.202118E-9	7.313081E-9	7.439122E-9	7.625762E-9	7.744560E-9	7.219764E-9	7.245796E-9	7.222495E-9	7.389475E-9	7.552029E-9	7.749400E-9	8.018655E-9	8.222949E-9
0:30:26	1	2.012066E+1	1.520700E+1	1.530000E+1	5.701000E-4	-1.385860E-2	4.150212E+2	2.342600E-7	2.342312E-7	6.686549E-9	6.736216E-9	6.834971E-9	6.735639E-9	6.939361E-9	6.916029E-9	7.036205E-9	7.145625E-9	6.901036E-9	6.762662E-9	6.934695E-9	6.904778E-9	7.111901E-9	7.218233E-9	7.119257E-9	7.337367E-9	7.105978E-9	7.177826E-9	7.344017E-9	7.444477E-9	7.563398E-9	7.695499E-9	7.884254E-9	8.010815E-9	7.455395E-9	7.487908E-9	7.467991E-9	7.634440E-9	7.817750E-9	8.018572E-9	8.292621E-9	8.509696E-9
0:30:39	1	2.011960E+1	1.521700E+1	1.529600E+1	5.701000E-4	-1.383320E-2	4.160255E+2	2.430200E-7	2.421610E-7	6.899704E-9	6.951857E-9	7.055328E-9	6.956066E-9	7.161106E-9	7.147726E-9	7.268784E-9	7.385009E-9	7.126697E-9	6.984475E-9	7.169773E-9	7.132872E-9	7.345636E-9	7.460245E-9	7.349766E-9	7.588241E-9	7.340949E-9	7.419451E-9	7.592705E-9	7.703887E-9	7.824631E-9	7.959689E-9	8.158606E-9	8.291925E-9	7.711077E-9	7.747041E-9	7.721948E-9	7.908529E-9	8.086376E-9	8.303839E-9	8.593122E-9	8.813977E-9
0:30:53	1	2.012157E+1	1.520500E+1	1.532500E+1	5.701000E-4	-1.383320E-2	4.170297E+2	2.509800E-7	2.505219E-7	7.126921E-9	7.173174E-9	7.287757E-9	7.177441E-9	7.402428E-9	7.384640E-9	7.518987E-9	7.627247E-9	7.359139E-9	7.219243E-9	7.407570E-9	7.374859E-9	7.598944E-9	7.717026E-9	7.608273E-9	7.842912E-9	7.593656E-9	7.681343E-9	7.855942E-9	7.969628E-9	8.103153E-9	8.244601E-9	8.446231E-9	8.587263E-9	7.986874E-9	8.018044E-9	7.992258E-9	8.187811E-9	8.380578E-9	8.605518E-9	8.905222E-9	9.137189E-9
0:31:06	1	2.011937E+1	1.521200E+1	1.531100E+1	5.701000E-4	-1.384590E-2	4.180340E+2	2.600000E-7	2.600331E-7	7.380562E-9	7.434213E-9	7.549644E-9	7.443687E-9	7.671310E-9	7.652858E-9	7.798816E-9	7.913556E-9	7.631326E-9	7.479226E-9	7.681091E-9	7.640147E-9	7.879491E-9	8.001761E-9	7.891612E-9	8.143340E-9	7.884881E-9	7.967089E-9	8.160501E-9	8.276808E-9	8.414680E-9	8.559376E-9	8.775871E-9	8.930687E-9	8.294764E-9	8.332699E-9	8.304369E-9	8.511036E-9	8.715951E-9	8.952945E-9	9.262858E-9	9.495983E-9
0:31:20	1	2.011982E+1	1.521600E+1	1.529800E+1	5.574000E-4	-1.388390E-2	4.190382E+2	2.694700E-7	2.693574E-7	7.631806E-9	7.680940E-9	7.809508E-9	7.699807E-9	7.936263E-9	7.918121E-9	8.066326E-9	8.191938E-9	7.893625E-9	7.742559E-9	7.946139E-9	7.914530E-9	8.155539E-9	8.289463E-9	8.172860E-9	8.434910E-9	8.158748E-9	8.252771E-9	8.453852E-9	8.576029E-9	8.723995E-9	8.879943E-9	9.094326E-9	9.258879E-9	8.588470E-9	8.634413E-9	8.608905E-9	8.827230E-9	9.041282E-9	9.292008E-9	9.615727E-9	9.866490E-9
0:31:33	1	2.012127E+1	1.519900E+1	1.530000E+1	5.701000E-4	-1.384590E-2	4.200425E+2	2.791300E-7	2.791991E-7	7.894087E-9	7.953518E-9	8.081761E-9	7.970736E-9	8.211861E-9	8.196333E-9	8.347924E-9	8.484021E-9	8.168665E-9	8.008292E-9	8.231041E-9	8.187649E-9	8.452747E-9	8.586002E-9	8.469631E-9	8.738060E-9	8.454411E-9	8.554633E-9	8.764458E-9	8.897127E-9	9.050474E-9	9.214368E-9	9.449430E-9	9.613005E-9	8.907206E-9	8.950510E-9	8.932381E-9	9.156784E-9	9.379621E-9	9.651031E-9	9.989859E-9	1.025149E-8
0:31:47	1	2.011808E+1	1.522200E+1	1.530000E+1	5.701000E-4	-1.383320E-2	4.210467E+2	2.917900E-7	2.912620E-7	8.216908E-9	8.274899E-9	8.406736E-9	8.293939E-9	8.553859E-9	8.536151E-9	8.705134E-9	8.838943E-9	8.504433E-9	8.338611E-9	8.574177E-9	8.534972E-9	8.812662E-9	8.956499E-9	8.832276E-9	9.115004E-9	8.824128E-9	8.923459E-9	9.137867E-9	9.290191E-9	9.456016E-9	9.619407E-9	9.867909E-9	1.004197E-8	9.298705E-9	9.344672E-9	9.330617E-9	9.574091E-9	9.806304E-9	1.008774E-8	1.044534E-8	1.071843E-8
0:32:00	1	2.012104E+1	1.521100E+1	1.533400E+1	5.701000E-4	-1.385860E-2	4.220510E+2	3.028500E-7	3.025390E-7	8.509840E-9	8.576233E-9	8.713313E-9	8.600692E-9	8.869750E-9	8.854906E-9	9.031706E-9	9.165266E-9	8.817569E-9	8.649469E-9	8.891956E-9	8.854884E-9	9.140652E-9	9.296011E-9	9.169583E-9	9.462582E-9	9.159002E-9	9.274661E-9	9.499243E-9	9.655672E-9	9.832090E-9	1.000971E-8	1.026345E-8	1.045350E-8	9.664290E-9	9.712834E-9	9.698103E-9	9.955689E-9	1.020432E-8	1.051228E-8	1.087680E-8	1.116295E-8
0:32:14	1	2.012028E+1	1.521700E+1	1.531600E+1	5.701000E-4	-1.382050E-2	4.230552E+2	3.152500E-7	3.153704E-7	8.848175E-9	8.916467E-9	9.057186E-9	8.944780E-9	9.228216E-9	9.211378E-9	9.404136E-9	9.546758E-9	9.169752E-9	9.006519E-9	9.260192E-9	9.214328E-9	9.522989E-9	9.686387E-9	9.549775E-9	9.862752E-9	9.545761E-9	9.661362E-9	9.910572E-9	1.006648E-8	1.025404E-8	1.044360E-8	1.071289E-8	1.091187E-8	1.008933E-8	1.012948E-8	1.011970E-8	1.039915E-8	1.066081E-8	1.099157E-8	1.136684E-8	1.167711E-8
0:32:27	1	2.012005E+1	1.520400E+1	1.531300E+1	5.574000E-4	-1.384590E-2	4.240595E+2	3.282100E-7	3.281126E-7	9.185437E-9	9.252917E-9	9.409149E-9	9.293298E-9	9.589027E-9	9.568918E-9	9.767407E-9	9.916899E-9	9.524533E-9	9.342146E-9	9.618247E-9	9.576803E-9	9.897790E-9	1.007960E-8	9.935224E-9	1.025640E-8	9.926122E-9	1.004957E-8	1.031277E-8	1.047704E-8	1.067971E-8	1.088045E-8	1.116208E-8	1.136809E-8	1.049313E-8	1.055568E-8	1.053619E-8	1.083437E-8	1.111717E-8	1.147067E-8	1.185964E-8	1.217614E-8
0:32:41	1	2.012173E+1	1.522000E+1	1.529400E+1	5.701000E-4	-1.387120E-2	4.250637E+2	3.416700E-7	3.417509E-7	9.543700E-9	9.610996E-9	9.780391E-9	9.646246E-9	9.966691E-9	9.947139E-9	1.016043E-8	1.031811E-8	9.897063E-9	9.716132E-9	1.000273E-8	9.954624E-9	1.030084E-8	1.047888E-8	1.033866E-8	1.067873E-8	1.033961E-8	1.047631E-8	1.074192E-8	1.091831E-8	1.114009E-8	1.134949E-8	1.163300E-8	1.187189E-8	1.093583E-8	1.099920E-8	1.099763E-8	1.130347E-8	1.160851E-8	1.197802E-8	1.239070E-8	1.272551E-8
0:32:54	1	2.011929E+1	1.520900E+1	1.529300E+1	5.827000E-4	-1.383320E-2	4.260680E+2	3.560400E-7	3.562997E-7	9.913630E-9	9.988747E-9	1.015821E-8	1.003951E-8	1.036799E-8	1.034811E-8	1.057714E-8	1.074279E-8	1.029305E-8	1.010396E-8	1.041358E-8	1.036547E-8	1.072689E-8	1.091980E-8	1.077789E-8	1.113522E-8	1.077136E-8	1.091267E-8	1.120232E-8	1.139644E-8	1.162634E-8	1.185009E-8	1.215751E-8	1.240264E-8	1.140173E-8	1.147928E-8	1.147404E-8	1.181214E-8	1.212297E-8	1.254273E-8	1.296046E-8	1.331502E-8
0:33:08	1	2.011998E+1	1.519100E+1	1.528200E+1	5.701000E-4	-1.383320E-2	4.270722E+2	3.732300E-7	3.732368E-7	1.034650E-8	1.043226E-8	1.061131E-8	1.048112E-8	1.082802E-8	1.082000E-8	1.105437E-8	1.123532E-8	1.075863E-8	1.055770E-8	1.088633E-8	1.085052E-8	1.121944E-8	1.142345E-8	1.128192E-8	1.166058E-8	1.128019E-8	1.143538E-8	1.174039E-8	1.194855E-8	1.219102E-8	1.243711E-8	1.276700E-8	1.302598E-8	1.195951E-8	1.202525E-8	1.203474E-8	1.240066E-8	1.274711E-8	1.317815E-8	1.361797E-8	1.400032E-8
0:33:21	1	2.012150E+1	1.519300E+1	1.528200E+1	5.574000E-4	-1.385860E-2	4.280765E+2	3.900700E-7	3.900022E-7	1.077596E-8	1.085850E-8	1.105032E-8	1.092463E-8	1.128855E-8	1.128678E-8	1.153456E-8	1.172233E-8	1.120710E-8	1.101586E-8	1.135908E-8	1.130835E-8	1.171992E-8	1.193222E-8	1.177550E-8	1.217435E-8	1.177813E-8	1.194513E-8	1.227348E-8	1.248982E-8	1.275488E-8	1.301992E-8	1.336524E-8	1.363881E-8	1.250719E-8	1.258258E-8	1.259740E-8	1.297796E-8	1.335761E-8	1.383055E-8	1.427937E-8	1.467017E-8
0:33:35	1	2.011830E+1	1.520400E+1	1.529800E+1	5.827000E-4	-1.382050E-2	4.290807E+2	4.083600E-7	4.082748E-7	1.124547E-8	1.132598E-8	1.152788E-8	1.139662E-8	1.178608E-8	1.177513E-8	1.204400E-8	1.225519E-8	1.170121E-8	1.150195E-8	1.186028E-8	1.181064E-8	1.225795E-8	1.248856E-8	1.232989E-8	1.274768E-8	1.233055E-8	1.250869E-8	1.284613E-8	1.309289E-8	1.336751E-8	1.364807E-8	1.401296E-8	1.431464E-8	1.310828E-8	1.318689E-8	1.321114E-8	1.361915E-8	1.400354E-8	1.452718E-8	1.500166E-8	1.544094E-8
0:33:48	1	2.012066E+1	1.518900E+1	1.531700E+1	5.574000E-4	-1.382050E-2	4.300850E+2	4.281200E-7	4.279850E-7	1.173049E-8	1.182725E-8	1.204888E-8	1.191627E-8	1.231561E-8	1.231547E-8	1.260562E-8	1.281487E-8	1.222321E-8	1.202843E-8	1.241441E-8	1.235290E-8	1.282525E-8	1.306731E-8	1.290411E-8	1.334923E-8	1.290712E-8	1.310309E-8	1.348567E-8	1.373572E-8	1.404186E-8	1.434326E-8	1.472089E-8	1.504738E-8	1.373768E-8	1.384320E-8	1.386630E-8	1.432176E-8	1.474545E-8	1.530726E-8	1.578160E-8	1.625749E-8
0:34:02	1	2.011967E+1	1.522400E+1	1.530200E+1	5.574000E-4	-1.375720E-2	4.310892E+2	4.513500E-7	4.507040E-7	1.230335E-8	1.241963E-8	1.263466E-8	1.249724E-8	1.293327E-8	1.292388E-8	1.324739E-8	1.347310E-8	1.283383E-8	1.262335E-8	1.303758E-8	1.298546E-8	1.348959E-8	1.375353E-8	1.357739E-8	1.405654E-8	1.358130E-8	1.380097E-8	1.419766E-8	1.448342E-8	1.481256E-8	1.513078E-8	1.553947E-8	1.589235E-8	1.448770E-8	1.458882E-8	1.462590E-8	1.509471E-8	1.556882E-8	1.619956E-8	1.671151E-8	1.719870E-8
0:34:15	1	2.011929E+1	1.521400E+1	1.530300E+1	5.574000E-4	-1.379520E-2	4.320935E+2	4.733400E-7	4.738326E-7	1.287629E-8	1.299020E-8	1.322443E-8	1.308574E-8	1.354066E-8	1.354587E-8	1.388816E-8	1.413704E-8	1.343981E-8	1.322812E-8	1.368256E-8	1.360976E-8	1.414950E-8	1.444657E-8	1.426987E-8	1.476195E-8	1.426138E-8	1.449117E-8	1.493622E-8	1.523262E-8	1.558049E-8	1.595510E-8	1.637977E-8	1.677187E-8	1.524170E-8	1.536421E-8	1.541176E-8	1.593141E-8	1.643804E-8	1.712296E-8	1.765465E-8	1.818277E-8
0:34:29	1	2.012180E+1	1.520100E+1	1.531100E+1	5.574000E-4	-1.388390E-2	4.330977E+2	4.987800E-7	4.989279E-7	1.347211E-8	1.360750E-8	1.386957E-8	1.372158E-8	1.420507E-8	1.421663E-8	1.458469E-8	1.483914E-8	1.409398E-8	1.387479E-8	1.434733E-8	1.430863E-8	1.485698E-8	1.518447E-8	1.500771E-8	1.554210E-8	1.502007E-8	1.527111E-8	1.573690E-8	1.605418E-8	1.645316E-8	1.683573E-8	1.730949E-8	1.771245E-8	1.605989E-8	1.619776E-8	1.626026E-8	1.682536E-8	1.736983E-8	1.815137E-8	1.867995E-8	1.925808E-8
0:34:42	1	2.011982E+1	1.519500E+1	1.528800E+1	5.574000E-4	-1.393460E-2	4.341020E+2	5.269700E-7	5.266476E-7	1.416259E-8	1.428090E-8	1.455630E-8	1.441134E-8	1.493664E-8	1.495101E-8	1.534510E-8	1.561361E-8	1.479961E-8	1.459660E-8	1.511244E-8	1.505997E-8	1.566378E-8	1.599703E-8	1.581528E-8	1.637554E-8	1.582957E-8	1.611721E-8	1.661782E-8	1.697603E-8	1.739537E-8	1.781873E-8	1.831294E-8	1.876388E-8	1.698577E-8	1.713122E-8	1.720342E-8	1.782738E-8	1.841699E-8	1.927558E-8	1.984532E-8	2.045266E-8
0:34:56	1	2.012097E+1	1.521800E+1	1.531700E+1	5.827000E-4	-1.389660E-2	4.351062E+2	5.597800E-7	5.596661E-7	1.493752E-8	1.508439E-8	1.537344E-8	1.522653E-8	1.578105E-8	1.580903E-8	1.624964E-8	1.655998E-8	1.565794E-8	1.542793E-8	1.599250E-8	1.593888E-8	1.659835E-8	1.697026E-8	1.678920E-8	1.739651E-8	1.680392E-8	1.711097E-8	1.766832E-8	1.807091E-8	1.851867E-8	1.899195E-8	1.954658E-8	2.002724E-8	1.805982E-8	1.824494E-8	1.834667E-8	1.903625E-8	1.965599E-8	2.064748E-8	2.123001E-8	2.191323E-8
0:35:09	1	2.012135E+1	1.522300E+1	1.530200E+1	5.574000E-4	-1.388390E-2	4.361105E+2	5.936000E-7	5.938383E-7	1.573792E-8	1.588491E-8	1.620961E-8	1.606742E-8	1.665808E-8	1.669207E-8	1.716594E-8	1.748860E-8	1.652319E-8	1.630192E-8	1.688091E-8	1.686155E-8	1.757142E-8	1.797952E-8	1.778447E-8	1.843564E-8	1.781373E-8	1.816445E-8	1.874747E-8	1.918234E-8	1.969372E-8	2.023063E-8	2.081175E-8	2.135707E-8	1.919044E-8	1.939584E-8	1.951334E-8	2.028235E-8	2.098416E-8	2.208998E-8	2.270396E-8	2.343394E-8
0:35:23	1	2.011876E+1	1.520700E+1	1.531600E+1	5.574000E-4	-1.388390E-2	4.371147E+2	6.314400E-7	6.318630E-7	1.660378E-8	1.677642E-8	1.714085E-8	1.699033E-8	1.763167E-8	1.768153E-8	1.818324E-8	1.854874E-8	1.748555E-8	1.725534E-8	1.789134E-8	1.785565E-8	1.863191E-8	1.910994E-8	1.889876E-8	1.960165E-8	1.893207E-8	1.930013E-8	1.995639E-8	2.044547E-8	2.100923E-8	2.160222E-8	2.223337E-8	2.285364E-8	2.042673E-8	2.067166E-8	2.081179E-8	2.165926E-8	2.245946E-8	2.372991E-8	2.434105E-8	2.514396E-8
0:35:36	1	2.012157E+1	1.522100E+1	1.531300E+1	5.827000E-4	-1.385860E-2	4.381189E+2	6.768000E-7	6.778933E-7	1.765662E-8	1.784114E-8	1.823410E-8	1.807461E-8	1.878031E-8	1.884033E-8	1.939642E-8	1.980698E-8	1.861347E-8	1.838577E-8	1.909961E-8	1.906520E-8	1.992265E-8	2.043726E-8	2.020618E-8	2.099096E-8	2.027880E-8	2.070237E-8	2.143397E-8	2.197423E-8	2.259682E-8	2.328072E-8	2.398292E-8	2.466304E-8	2.196070E-8	2.224166E-8	2.242097E-8	2.334508E-8	2.425371E-8	2.576530E-8	2.636042E-8	2.728097E-8
0:35:50	1	2.012043E+1	1.521200E+1	1.531300E+1	5.701000E-4	-1.383320E-2	4.391232E+2	7.261300E-7	7.261503E-7	1.873803E-8	1.892836E-8	1.935674E-8	1.919453E-8	1.997894E-8	2.005929E-8	2.067283E-8	2.111215E-8	1.978450E-8	1.956517E-8	2.035493E-8	2.032187E-8	2.125995E-8	2.182308E-8	2.160115E-8	2.244209E-8	2.166112E-8	2.213973E-8	2.296811E-8	2.358229E-8	2.429812E-8	2.504488E-8	2.580691E-8	2.656900E-8	2.354379E-8	2.386875E-8	2.408009E-8	2.515988E-8	2.618266E-8	2.796139E-8	2.853886E-8	2.955118E-8
0:36:03	1	2.011922E+1	1.520200E+1	1.529800E+1	5.701000E-4	-1.384590E-2	4.401274E+2	7.811600E-7	7.810751E-7	1.992817E-8	2.014340E-8	2.063324E-8	2.046482E-8	2.127812E-8	2.139441E-8	2.210445E-8	2.260077E-8	2.112160E-8	2.089138E-8	2.174112E-8	2.173988E-8	2.274661E-8	2.338572E-8	2.320560E-8	2.410094E-8	2.325035E-8	2.377930E-8	2.470085E-8	2.541634E-8	2.622323E-8	2.704337E-8	2.792603E-8	2.878188E-8	2.537600E-8	2.575484E-8	2.602259E-8	2.723901E-8	2.838515E-8	3.049762E-8	3.102745E-8	3.217088E-8
