APD#	0001	Started	06/13/07 12:02	Sense_ohms	1.004464E+6	1.004628E+6	1.002105E+6	1.000924E+6	9.998282E+5	1.007735E+6	1.002821E+6	9.989270E+5	9.993226E+5	1.002376E+6	1.001862E+6	1.003102E+6	1.000030E+6	1.003780E+6	1.000011E+6	1.000898E+6	9.999006E+5	1.006439E+6	1.005624E+6	1.010450E+6	1.003884E+6	1.005600E+6	1.002519E+6	1.006362E+6	1.004620E+6	1.008599E+6	1.003214E+6	1.000475E+6	1.003139E+6	9.996927E+5	1.009944E+6	1.000506E+6					
ElapTime	Shutter_Open	DegC	H2O_In	H2O_Out	TE_A	TE_V	BiasV	KE237_Amps	Pixel_Sum	A1	A2	A3	A4	A5	A6	A7	A8	B1	B2	B3	B4	B5	B6	B7	B8	C1	C2	C3	C4	C5	C6	C7	C8	D1	D2	D3	D4	D5	D6	D7	D8
0:00:00	0	2.444256E+1	1.520800E+1	1.529000E+1	5.447000E-4	-1.948300E-2	0.000000E+0	2.652000E-11	-8.735844E-11	0.000000E+0	-3.089701E-12	-2.781146E-12	-2.974252E-12	-2.851490E-12	-2.891633E-12	-2.842980E-12	-2.156314E-12	-1.394945E-12	-3.538592E-12	-1.896469E-12	-2.526164E-12	-6.969791E-13	-4.606587E-12	-2.723970E-12	-2.531727E-12	-2.470246E-12	-4.846792E-12	-3.590805E-12	-3.886387E-12	-2.524196E-12	-1.700477E-12	-3.727610E-12	-3.146979E-12	-3.405268E-12	-2.826693E-12	-3.156854E-12	-1.646218E-12	-1.768449E-12	-2.977915E-12	-2.571430E-12	-3.609174E-12
0:00:15	0	2.444728E+1	1.519900E+1	1.526100E+1	5.701000E-4	-1.945770E-2	0.000000E+0	-1.823000E-11	-3.215039E-10	-8.830580E-13	-1.046656E-11	-9.607776E-12	-1.075906E-11	-9.693665E-12	-8.611391E-12	-9.411450E-12	-7.926505E-12	-9.191226E-12	-9.984277E-12	-9.484340E-12	-1.086131E-11	-4.116876E-12	-1.413557E-11	-9.881891E-12	-1.132883E-11	-1.343033E-11	-1.441319E-11	-1.070877E-11	-9.466079E-12	-1.438712E-11	-1.108691E-11	-1.099431E-11	-1.063733E-11	-1.071948E-11	-9.169154E-12	-1.016633E-11	-1.126965E-11	-1.060870E-11	-1.026515E-11	-8.404426E-12	-9.433227E-12
0:00:29	0	2.441414E+1	1.520500E+1	1.526500E+1	5.447000E-4	-1.943240E-2	1.000000E+1	3.764900E-10	-1.021266E-12	3.027485E-12	-2.080372E-12	-1.959874E-12	-2.848368E-12	-1.267218E-12	6.281413E-13	-5.055738E-13	8.877526E-12	-1.901288E-12	6.445685E-12	1.157046E-11	-2.399557E-12	1.368159E-11	-3.975971E-12	-3.356963E-12	-1.962238E-12	-3.864384E-12	-3.524307E-12	-1.953016E-12	-2.946212E-12	-9.463245E-13	6.931185E-13	-7.580904E-13	-8.177972E-13	-2.900599E-12	-4.207817E-12	-1.200143E-12	-1.836128E-12	-2.083460E-12	-1.204370E-12	7.087522E-12	-2.532718E-12
0:00:42	0	2.441429E+1	1.519200E+1	1.525100E+1	5.701000E-4	-1.939440E-2	2.000000E+1	4.932200E-10	8.987053E-11	5.108197E-12	-1.264150E-13	1.267332E-13	-1.268828E-13	1.837316E-12	4.399966E-12	1.958475E-12	1.312608E-11	1.267859E-12	9.731877E-12	1.403686E-11	-2.020732E-12	1.488555E-11	-1.767320E-12	1.269986E-13	2.531727E-12	-2.344233E-12	-1.321491E-12	8.820394E-13	1.629967E-12	1.892649E-12	4.471957E-12	2.906678E-12	1.321592E-12	-8.192152E-13	6.246288E-14	3.031258E-12	-5.697294E-13	7.576218E-13	1.140350E-12	1.141548E-11	3.168397E-13
0:00:56	0	2.441482E+1	1.518400E+1	1.525500E+1	5.447000E-4	-1.940700E-2	3.000000E+1	5.655200E-10	1.705353E-10	2.901050E-12	9.456237E-13	2.907879E-12	1.772362E-12	3.801653E-12	4.525991E-12	4.294884E-12	1.743871E-11	3.676490E-12	1.074347E-11	1.618586E-11	1.389689E-12	1.988940E-11	1.451513E-12	2.913968E-12	6.202430E-12	1.014101E-12	1.007513E-12	3.653453E-12	4.325795E-12	5.994717E-12	6.425020E-12	5.497153E-12	5.413559E-12	2.585057E-12	2.574859E-12	4.356997E-12	2.026038E-12	2.588874E-12	3.928207E-12	1.386116E-11	4.241854E-12
0:01:09	0	2.441300E+1	1.519900E+1	1.525700E+1	5.447000E-4	-1.939440E-2	4.000000E+1	6.426700E-10	2.609747E-10	2.005448E-11	3.657075E-12	3.349948E-12	4.683672E-12	5.701980E-12	8.486358E-12	6.316182E-12	1.883321E-11	6.719552E-12	1.377627E-11	1.839874E-11	6.188802E-12	2.331030E-11	3.597402E-12	5.637938E-12	8.480385E-12	2.090208E-12	3.965466E-12	5.606469E-12	6.707902E-12	8.708177E-12	1.020485E-11	9.478125E-12	8.245542E-12	3.405268E-12	5.213172E-12	3.346245E-12	4.115045E-12	5.114944E-12	5.512694E-12	1.637021E-11	5.698117E-12
0:01:23	0	2.441512E+1	1.519200E+1	1.525000E+1	5.574000E-4	-1.933100E-2	5.000000E+1	7.687600E-10	3.551513E-10	1.046827E-11	5.612028E-12	6.384561E-12	6.455036E-12	9.249589E-12	1.074886E-11	9.538093E-12	2.428706E-11	1.033200E-11	1.914751E-11	2.434267E-11	7.766907E-12	2.578023E-11	6.752476E-12	8.741904E-12	1.347990E-11	6.398636E-12	5.035576E-12	8.440530E-12	1.028156E-11	1.060083E-11	1.404733E-11	1.194192E-11	1.151872E-11	6.935956E-12	8.541551E-12	9.218372E-12	7.661361E-12	7.451609E-12	8.237531E-12	2.057243E-11	9.180355E-12
0:01:36	0	2.441315E+1	1.518000E+1	1.523700E+1	5.574000E-4	-1.933100E-2	6.000000E+1	8.291000E-10	4.312883E-10	2.276538E-11	8.764438E-12	8.217702E-12	9.872877E-12	1.127694E-11	1.232070E-11	1.105382E-11	2.599890E-11	1.121960E-11	1.996955E-11	2.617626E-11	1.124013E-11	2.977111E-11	8.645321E-12	1.019889E-11	1.455593E-11	8.108806E-12	7.427176E-12	1.121194E-11	1.209956E-11	1.432337E-11	1.581146E-11	1.529048E-11	1.384790E-11	7.944297E-12	9.106692E-12	8.966183E-12	8.800820E-12	1.168233E-11	9.885038E-12	2.264185E-11	1.209288E-11
0:01:50	0	2.441391E+1	1.517600E+1	1.525600E+1	5.701000E-4	-1.933100E-2	7.000000E+1	9.305000E-10	4.715707E-10	2.270266E-11	9.520937E-12	8.976105E-12	9.745995E-12	1.108690E-11	1.376652E-11	1.080153E-11	2.802807E-11	1.286772E-11	2.129640E-11	2.718738E-11	1.105072E-11	3.148106E-11	9.528980E-12	1.228886E-11	1.816369E-11	9.882982E-12	8.244911E-12	1.303867E-11	1.435598E-11	1.381933E-11	1.694511E-11	1.598573E-11	1.674348E-11	9.080050E-12	9.797749E-12	1.281780E-11	1.126965E-11	1.117692E-11	1.165858E-11	2.483801E-11	1.342221E-11
0:02:03	0	2.441452E+1	1.518000E+1	1.524800E+1	5.320000E-4	-1.926770E-2	8.000000E+1	9.300600E-10	5.676479E-10	2.345928E-11	9.710062E-12	9.355307E-12	1.044235E-11	1.172101E-11	1.408009E-11	1.206496E-11	2.840848E-11	1.223429E-11	2.230800E-11	2.782020E-11	1.225100E-11	3.217803E-11	1.060192E-11	1.323885E-11	1.993610E-11	1.007300E-11	1.070010E-11	1.303867E-11	1.598595E-11	1.627977E-11	1.984288E-11	1.781812E-11	1.888287E-11	1.027752E-11	1.136725E-11	1.496490E-11	1.139659E-11	7.804900E-11	1.140550E-11	2.458651E-11	1.316934E-11
0:02:17	0	2.441330E+1	1.518800E+1	1.526200E+1	5.574000E-4	-1.922970E-2	9.000000E+1	1.045800E-9	5.652607E-10	2.484708E-11	1.078210E-11	1.188398E-11	1.177112E-11	1.374836E-11	1.628007E-11	1.421291E-11	2.980398E-11	1.413558E-11	2.439304E-11	2.946414E-11	1.414512E-11	3.661190E-11	1.344119E-11	1.494884E-11	2.126490E-11	1.191018E-11	1.176922E-11	1.492904E-11	1.811767E-11	1.691032E-11	2.166965E-11	1.984002E-11	2.020545E-11	1.267345E-11	1.174401E-11	1.408074E-11	1.209326E-11	1.389239E-11	1.565081E-11	2.835009E-11	1.969004E-11
0:02:30	0	2.441467E+1	1.519500E+1	1.527000E+1	5.447000E-4	-1.920440E-2	1.000000E+2	1.122000E-9	6.015145E-10	3.033359E-11	1.273705E-11	1.327406E-11	1.341660E-11	1.514160E-11	1.527485E-11	1.326458E-11	3.145275E-11	1.730472E-11	2.584659E-11	3.300455E-11	1.420892E-11	3.648591E-11	1.426209E-11	1.741981E-11	2.335303E-11	1.045304E-11	1.114027E-11	1.518062E-11	1.811767E-11	1.899323E-11	2.236177E-11	2.135720E-11	2.247104E-11	1.254803E-11	1.337697E-11	1.717480E-11	1.411929E-11	1.528103E-11	1.577785E-11	2.972937E-11	1.665157E-11
0:02:44	0	2.441353E+1	1.520600E+1	1.526400E+1	5.574000E-4	-1.916630E-2	1.200000E+2	1.282100E-9	7.143215E-10	3.935134E-11	1.570034E-11	1.479186E-11	1.544173E-11	1.786607E-11	1.986336E-11	1.774993E-11	3.430681E-11	1.939714E-11	2.938518E-11	3.553384E-11	1.806097E-11	4.066578E-11	1.817430E-11	1.995378E-11	2.658113E-11	1.609160E-11	1.491695E-11	1.858249E-11	2.256816E-11	2.315805E-11	2.589002E-11	2.457909E-11	2.605921E-11	1.885290E-11	1.570099E-11	1.685882E-11	1.715785E-11	1.837532E-11	1.862872E-11	3.261468E-11	2.146314E-11
0:02:58	0	2.441284E+1	1.518600E+1	1.525600E+1	5.574000E-4	-1.916630E-2	1.400000E+2	1.440900E-9	8.053330E-10	2.377487E-11	1.796984E-11	1.662500E-11	1.740392E-11	1.938733E-11	2.363518E-11	1.958176E-11	3.798476E-11	2.250224E-11	3.241897E-11	3.964318E-11	2.184922E-11	4.313671E-11	2.246608E-11	2.445073E-11	3.063149E-11	1.989198E-11	1.869264E-11	2.349586E-11	2.488792E-11	2.700710E-11	2.992144E-11	3.228767E-11	3.096898E-11	1.948398E-11	1.840176E-11	2.216277E-11	1.981759E-11	2.077479E-11	2.160764E-11	3.568812E-11	2.678145E-11
0:03:11	0	2.441361E+1	1.518100E+1	1.525300E+1	5.447000E-4	-1.911570E-2	1.600000E+2	1.633100E-9	9.665712E-10	3.481061E-11	2.150149E-11	1.991209E-11	2.335242E-11	2.401213E-11	2.614874E-11	2.438222E-11	4.083782E-11	2.687621E-11	3.804361E-11	4.362677E-11	2.589069E-11	4.928052E-11	2.820837E-11	3.021467E-11	3.626443E-11	2.350334E-11	2.309926E-11	2.714931E-11	3.034193E-11	3.407366E-11	3.710223E-11	3.525719E-11	3.789293E-11	2.641894E-11	2.248366E-11	2.437267E-11	2.450236E-11	2.690056E-11	2.775353E-11	4.127061E-11	3.108627E-11
0:03:25	0	2.441535E+1	1.518700E+1	1.525700E+1	5.447000E-4	-1.910300E-2	1.800000E+2	1.819600E-9	1.179526E-9	5.965769E-11	2.667156E-11	2.509517E-11	2.778233E-11	2.622951E-11	3.117784E-11	2.930932E-11	4.813064E-11	3.315146E-11	4.309860E-11	5.127752E-11	3.214329E-11	5.580533E-11	3.458228E-11	3.610660E-11	4.430122E-11	2.996498E-11	2.951893E-11	3.080277E-11	3.636004E-11	4.025764E-11	4.610979E-11	4.334581E-11	4.613847E-11	3.020246E-11	2.750845E-11	3.131834E-11	2.963093E-11	3.176230E-11	3.282309E-11	4.798187E-11	4.128011E-11
0:03:39	0	2.441482E+1	1.520100E+1	1.525100E+1	5.701000E-4	-1.906500E-2	2.000000E+2	2.059800E-9	1.350089E-9	5.896379E-11	3.266184E-11	2.907779E-11	3.050381E-11	3.332473E-11	3.620694E-11	3.309963E-11	5.269654E-11	3.854011E-11	4.777549E-11	5.462828E-11	3.757345E-11	6.226613E-11	4.196537E-11	4.326452E-11	5.094725E-11	3.116910E-11	3.537224E-11	3.955852E-11	4.300559E-11	4.827151E-11	5.341687E-11	5.111724E-11	5.432141E-11	3.423782E-11	3.297247E-11	3.548595E-11	3.431670E-11	3.630903E-11	3.890596E-11	5.381486E-11	4.431857E-11
0:03:53	0	2.440676E+1	1.520500E+1	1.524800E+1	5.447000E-4	-1.907770E-2	2.200000E+2	2.246500E-9	1.541151E-9	7.397378E-11	3.663346E-11	3.331288E-11	3.600973E-11	3.585916E-11	4.022982E-11	3.707840E-11	5.757878E-11	4.418093E-11	5.226183E-11	6.101439E-11	4.351003E-11	6.974091E-11	4.808723E-11	4.693848E-11	5.860437E-11	3.940392E-11	4.053301E-11	4.440825E-11	4.914840E-11	5.571759E-11	5.889718E-11	6.002679E-11	6.527373E-11	3.921881E-11	3.592409E-11	3.990574E-11	4.185112E-11	4.268701E-11	4.321428E-11	5.864385E-11	5.128305E-11
0:04:06	0	2.431305E+1	1.520100E+1	1.527200E+1	5.574000E-4	-1.903970E-2	2.400000E+2	2.402000E-9	1.707907E-9	7.239682E-11	4.104703E-11	3.773756E-11	3.936363E-11	4.143512E-11	4.488085E-11	4.206932E-11	6.277836E-11	4.861893E-11	5.864466E-11	6.664091E-11	4.982444E-11	7.461776E-11	5.364024E-11	5.561639E-11	6.664216E-11	4.529650E-11	4.487604E-11	4.988843E-11	5.397595E-11	6.000793E-11	6.821997E-11	6.583915E-11	7.251168E-11	4.319146E-11	4.383804E-11	4.344138E-11	4.495365E-11	4.571849E-11	4.898105E-11	6.378770E-11	5.742494E-11
0:04:20	0	2.431396E+1	1.518900E+1	1.524900E+1	5.574000E-4	-1.905230E-2	2.600000E+2	2.633300E-9	1.843670E-9	6.337908E-11	4.514606E-11	4.121424E-11	4.208511E-11	4.396855E-11	4.965790E-11	4.491131E-11	6.772467E-11	5.337215E-11	6.256235E-11	7.290126E-11	5.424473E-11	7.981261E-11	5.931977E-11	6.081033E-11	7.132595E-11	5.055403E-11	4.770781E-11	5.423498E-11	5.949231E-11	6.562412E-11	7.370028E-11	7.095726E-11	8.327520E-11	4.697498E-11	4.402642E-11	4.735680E-11	4.748644E-11	5.203267E-11	5.392257E-11	6.905630E-11	6.483219E-11
0:04:34	0	2.431594E+1	1.518600E+1	1.524200E+1	5.574000E-4	-1.900170E-2	2.800000E+2	2.834200E-9	2.022608E-9	8.961297E-11	4.798293E-11	4.538646E-11	4.619931E-11	4.846733E-11	5.154430E-11	4.933283E-11	7.317852E-11	5.723877E-11	6.869279E-11	7.656843E-11	5.828620E-11	8.570343E-11	6.468350E-11	6.714526E-11	7.689495E-11	5.384835E-11	5.091814E-11	5.820366E-11	6.394379E-11	7.218663E-11	8.251989E-11	7.961445E-11	8.730357E-11	5.233422E-11	4.722888E-11	5.278634E-11	5.356456E-11	5.582178E-11	5.861201E-11	7.582995E-11	7.097409E-11
0:04:48	0	2.431449E+1	1.519600E+1	1.525500E+1	5.447000E-4	-1.901430E-2	3.000000E+2	2.952100E-9	2.161319E-9	9.667644E-11	5.170372E-11	4.747207E-11	4.866703E-11	5.480242E-11	5.525262E-11	5.173306E-11	7.666626E-11	6.104235E-11	7.280003E-11	8.118384E-11	6.258087E-11	9.235423E-11	6.771304E-11	7.119922E-11	8.436324E-11	5.815678E-11	5.626769E-11	6.280180E-11	6.795586E-11	7.773906E-11	8.529137E-11	8.315254E-11	9.284333E-11	5.605503E-11	5.219121E-11	5.600699E-11	5.628726E-11	6.055791E-11	6.108277E-11	8.128669E-11	7.743182E-11
0:05:01	0	2.431290E+1	1.517800E+1	1.523000E+1	5.701000E-4	-1.900170E-2	3.200000E+2	3.199200E-9	2.355738E-9	1.172974E-10	5.939611E-11	5.360317E-11	5.417294E-11	5.543652E-11	6.028172E-11	5.716574E-11	8.332441E-11	6.712747E-11	7.722352E-11	8.744318E-11	6.769601E-11	9.659810E-11	7.528542E-11	7.747015E-11	8.980535E-11	6.379434E-11	5.910045E-11	6.891144E-11	7.516453E-11	8.329150E-11	9.247216E-11	9.307255E-11	1.030405E-10	6.128785E-11	5.570797E-11	6.042679E-11	6.059222E-11	6.422041E-11	6.729268E-11	8.680580E-11	8.122990E-11
0:05:15	0	2.431373E+1	1.519300E+1	1.523700E+1	5.574000E-4	-1.897630E-2	3.400000E+2	3.427700E-9	2.571064E-9	1.270100E-10	6.557552E-11	5.815458E-11	6.050210E-11	6.164559E-11	6.310985E-11	6.184055E-11	9.004662E-11	7.448045E-11	8.594480E-11	9.496717E-11	7.508409E-11	1.047059E-10	8.222718E-11	8.405808E-11	9.600779E-11	6.949591E-11	6.652763E-11	7.514737E-11	8.086991E-11	9.004327E-11	1.009765E-10	1.010973E-10	1.113486E-10	6.753001E-11	6.236473E-11	6.541476E-11	6.559384E-11	7.148162E-11	7.286939E-11	9.326656E-11	9.167661E-11
0:05:29	0	2.431609E+1	1.517100E+1	1.523100E+1	5.574000E-4	-1.892570E-2	3.600000E+2	3.873000E-9	2.902893E-9	1.785957E-10	7.396171E-11	6.453915E-11	6.638766E-11	6.931091E-11	7.253891E-11	6.904123E-11	9.765578E-11	8.265799E-11	9.485562E-11	1.049566E-10	8.240937E-11	1.161705E-10	9.055769E-11	9.412896E-11	1.080959E-10	7.811176E-11	7.640900E-11	8.188746E-11	8.983423E-11	9.988704E-11	1.119998E-10	1.124068E-10	1.254479E-10	8.241126E-11	6.996438E-11	7.406595E-11	7.369799E-11	7.817561E-11	7.939540E-11	1.034275E-10	9.990745E-11
0:05:42	0	2.431267E+1	1.515900E+1	1.521900E+1	5.574000E-4	-1.891300E-2	3.620000E+2	3.888100E-9	2.903765E-9	1.657939E-10	7.541100E-11	6.479161E-11	6.860261E-11	7.007104E-11	7.323056E-11	7.327330E-11	9.911435E-11	8.411598E-11	9.472892E-11	1.052730E-10	8.398847E-11	1.160445E-10	9.314491E-11	9.444596E-11	1.092988E-10	7.849180E-11	7.515011E-11	8.308473E-11	9.046168E-11	1.008334E-10	1.089767E-10	1.137345E-10	1.250077E-10	7.333121E-11	7.002783E-11	7.254982E-11	7.496439E-11	7.880663E-11	8.116994E-11	1.058108E-10	1.000344E-10
0:05:56	0	2.431540E+1	1.515500E+1	1.521700E+1	5.701000E-4	-1.888770E-2	3.640000E+2	3.709500E-9	2.932110E-9	1.620098E-10	7.597937E-11	6.649902E-11	6.885538E-11	7.121223E-11	7.448784E-11	6.979910E-11	9.829047E-11	8.354559E-11	9.681397E-11	1.075497E-10	8.455671E-11	1.177545E-10	9.409133E-11	9.653694E-11	1.110703E-10	7.823878E-11	7.596784E-11	8.415571E-11	9.284378E-11	1.029153E-10	1.131335E-10	1.144298E-10	1.261405E-10	7.528618E-11	6.952515E-11	7.482352E-11	7.477448E-11	7.956524E-11	8.351466E-11	1.059356E-10	1.018075E-10
0:06:09	0	2.431366E+1	1.516200E+1	1.519400E+1	5.574000E-4	-1.888770E-2	3.660000E+2	3.756200E-9	2.994351E-9	1.688841E-10	7.604208E-11	6.826830E-11	6.879244E-11	7.114822E-11	7.555657E-11	7.194704E-11	1.016511E-10	8.652461E-11	9.820467E-11	1.075497E-10	8.487173E-11	1.182615E-10	9.383929E-11	9.678994E-11	1.124630E-10	8.026598E-11	7.533889E-11	8.604508E-11	9.416003E-11	1.037361E-10	1.171649E-10	1.189783E-10	1.273995E-10	8.581553E-11	7.235085E-11	7.507571E-11	7.718034E-11	8.139650E-11	8.338763E-11	1.075664E-10	1.076955E-10
0:06:23	0	2.431274E+1	1.515500E+1	1.523000E+1	5.701000E-4	-1.884970E-2	3.680000E+2	4.016100E-9	3.013691E-9	1.707129E-10	7.995099E-11	6.662475E-11	7.126016E-11	7.273250E-11	7.675034E-11	7.365223E-11	1.029825E-10	8.785551E-11	9.908956E-11	1.086237E-10	8.802993E-11	1.194644E-10	9.642651E-11	9.951391E-11	1.139816E-10	7.988594E-11	7.848563E-11	8.661189E-11	9.434806E-11	1.047452E-10	1.151492E-10	1.160716E-10	1.291623E-10	7.768211E-11	7.015276E-11	7.570668E-11	7.825683E-11	8.145930E-11	8.459099E-11	1.087585E-10	1.049729E-10
0:06:36	0	2.431578E+1	1.518700E+1	1.526200E+1	5.574000E-4	-1.882430E-2	3.700000E+2	3.870000E-9	3.063496E-9	1.825680E-10	8.083390E-11	6.769949E-11	7.233616E-11	7.368266E-11	7.750450E-11	7.403116E-11	1.039976E-10	8.696791E-11	9.997446E-11	1.110273E-10	8.821934E-11	1.204154E-10	9.888721E-11	9.906991E-11	1.148678E-10	8.254621E-11	7.880060E-11	8.717871E-11	9.478648E-11	1.058180E-10	1.182359E-10	1.191678E-10	1.307353E-10	7.780852E-11	7.140895E-11	7.779098E-11	7.806692E-11	8.366936E-11	8.389478E-11	1.103269E-10	1.111777E-10
0:06:50	0	2.431290E+1	1.518700E+1	1.524800E+1	5.574000E-4	-1.879900E-2	3.720000E+2	4.099900E-9	3.101055E-9	1.870460E-10	8.190594E-11	6.934303E-11	7.360199E-11	7.399971E-11	7.869926E-11	7.586299E-11	1.069778E-10	8.982084E-11	1.009851E-10	1.129237E-10	8.967184E-11	1.216184E-10	9.996015E-11	1.017309E-10	1.165134E-10	8.375032E-11	7.464635E-11	8.824968E-11	9.767034E-11	1.065123E-10	1.168506E-10	1.180945E-10	1.322466E-10	8.430252E-11	7.473733E-11	7.734840E-11	7.781404E-11	8.360656E-11	8.535223E-11	1.115804E-10	1.076315E-10
0:07:03	0	2.431510E+1	1.518600E+1	1.524400E+1	5.447000E-4	-1.881170E-2	3.740000E+2	3.992400E-9	3.150037E-9	1.946132E-10	8.524747E-11	7.048164E-11	7.499470E-11	7.526693E-11	7.976799E-11	7.662085E-11	1.085625E-10	8.861603E-11	1.015537E-10	1.144409E-10	8.979745E-11	1.233283E-10	1.011596E-10	1.022379E-10	1.170829E-10	8.394034E-11	8.131839E-11	8.900543E-11	9.760800E-11	1.079009E-10	1.193695E-10	1.227069E-10	1.334420E-10	8.032988E-11	7.486325E-11	7.949550E-11	8.040981E-11	8.524841E-11	8.871026E-11	1.136509E-10	1.082652E-10
0:07:17	0	2.431328E+1	1.519200E+1	1.523900E+1	5.194000E-4	-1.878630E-2	3.760000E+2	4.154700E-9	3.170036E-9	1.718479E-10	8.512206E-11	7.161924E-11	7.505765E-11	7.539295E-11	8.020759E-11	7.801093E-11	1.096406E-10	9.235556E-11	1.045875E-10	1.154530E-10	9.270244E-11	1.249123E-10	1.034948E-10	1.035679E-10	1.192349E-10	8.508046E-11	8.213613E-11	8.982483E-11	9.873621E-11	1.113077E-10	1.201263E-10	1.267507E-10	1.361488E-10	8.209572E-11	7.580515E-11	7.873794E-11	8.205602E-11	8.594223E-11	8.871026E-11	1.137132E-10	1.096575E-10
0:07:30	0	2.431495E+1	1.519600E+1	1.523600E+1	5.447000E-4	-1.879900E-2	3.780000E+2	4.033300E-9	3.237391E-9	2.005418E-10	8.657135E-11	7.256725E-11	7.613365E-11	7.678719E-11	8.184195E-11	7.813757E-11	1.123676E-10	9.571584E-11	1.042084E-10	1.172866E-10	9.371330E-11	1.270022E-10	1.031152E-10	1.050248E-10	1.203739E-10	8.647460E-11	8.396137E-11	9.196578E-11	9.973972E-11	1.114969E-10	1.220157E-10	1.254241E-10	1.347636E-10	8.335689E-11	7.637029E-11	8.176919E-11	8.357530E-11	8.815229E-11	9.016771E-11	1.159084E-10	1.108609E-10
0:07:44	0	2.431464E+1	1.517800E+1	1.520800E+1	5.574000E-4	-1.879900E-2	3.800000E+2	4.220900E-9	3.287143E-9	2.050815E-10	8.846359E-11	7.402119E-11	7.733554E-11	7.906758E-11	8.215652E-11	7.977994E-11	1.156020E-10	9.539862E-11	1.061039E-10	1.184874E-10	9.440815E-11	1.288391E-10	1.048198E-10	1.062278E-10	1.217657E-10	8.736168E-11	8.421275E-11	9.322570E-11	1.021218E-10	1.126963E-10	1.227715E-10	1.276983E-10	1.387294E-10	8.190659E-11	7.787832E-11	8.353651E-11	8.408206E-11	8.853110E-11	9.175120E-11	1.179788E-10	1.151028E-10
0:07:57	0	2.431244E+1	1.517400E+1	1.523200E+1	5.574000E-4	-1.874830E-2	3.820000E+2	4.248100E-9	3.358393E-9	2.209109E-10	8.991388E-11	7.528552E-11	7.974132E-11	7.868752E-11	8.391591E-11	8.104238E-11	1.237188E-10	9.970854E-11	1.086319E-10	1.204477E-10	9.668110E-11	1.302331E-10	1.063968E-10	1.072418E-10	1.235381E-10	8.856480E-11	8.578662E-11	9.391880E-11	1.024979E-10	1.153460E-10	1.261098E-10	1.290888E-10	1.384780E-10	8.360873E-11	7.938537E-11	8.360031E-11	8.541143E-11	9.042615E-11	9.295557E-11	1.194839E-10	1.176355E-10
0:08:11	0	2.431533E+1	1.518900E+1	1.520900E+1	5.574000E-4	-1.873560E-2	3.840000E+2	4.286800E-9	3.438000E-9	2.407125E-10	9.275075E-11	7.585433E-11	8.144974E-11	8.084189E-11	8.485961E-11	8.325414E-11	1.360210E-10	9.882194E-11	1.078737E-10	1.222184E-10	9.668110E-11	1.320070E-10	1.080376E-10	1.100288E-10	1.268291E-10	8.945189E-11	8.685673E-11	9.574553E-11	1.051304E-10	1.169866E-10	1.283781E-10	1.328164E-10	1.430102E-10	8.663574E-11	8.114424E-11	8.404189E-11	8.686774E-11	9.023675E-11	9.428597E-11	1.220553E-10	1.161152E-10
0:08:24	0	2.431274E+1	1.518000E+1	1.521100E+1	5.574000E-4	-1.876100E-2	3.860000E+2	4.343400E-9	3.511974E-9	2.258926E-10	9.558862E-11	7.692906E-11	8.252575E-11	8.369338E-11	8.762522E-11	8.306368E-11	1.728004E-10	1.011035E-10	1.121705E-10	1.224710E-10	9.952228E-11	1.323870E-10	1.099315E-10	1.111058E-10	1.272088E-10	9.084603E-11	8.912214E-11	9.719438E-11	1.063843E-10	1.172396E-10	1.297633E-10	1.341431E-10	1.428840E-10	9.004002E-11	8.227452E-11	8.656777E-11	8.813414E-11	9.238401E-11	9.460307E-11	1.249406E-10	1.214336E-10
0:08:38	0	2.431373E+1	1.519100E+1	1.520700E+1	5.574000E-4	-1.868500E-2	3.880000E+2	4.661100E-9	3.663398E-9	2.213519E-10	9.804724E-11	7.869834E-11	8.379158E-11	8.464354E-11	8.888249E-11	8.502215E-11	2.764166E-10	1.027516E-10	1.133078E-10	1.240520E-10	1.012280E-10	1.363139E-10	1.115085E-10	1.138297E-10	1.283477E-10	9.331628E-11	8.937452E-11	1.000921E-10	1.088921E-10	1.197638E-10	1.316537E-10	1.360383E-10	1.465347E-10	8.966176E-11	8.302804E-11	8.707315E-11	9.123666E-11	9.566670E-11	9.707383E-11	1.256307E-10	1.201682E-10
0:08:51	0	2.431426E+1	1.517000E+1	1.521600E+1	5.447000E-4	-1.871030E-2	3.900000E+2	4.653800E-9	3.985547E-9	2.327669E-10	9.993948E-11	8.059535E-11	8.467676E-11	8.629082E-11	9.045334E-11	8.748620E-11	5.340000E-10	1.050331E-10	1.157091E-10	1.277192E-10	1.009748E-10	1.362509E-10	1.137171E-10	1.150327E-10	1.325879E-10	9.432938E-11	9.201750E-11	1.010368E-10	1.098323E-10	1.224135E-10	1.339210E-10	1.390717E-10	1.515697E-10	8.928351E-11	8.378156E-11	8.940864E-11	9.060296E-11	9.667753E-11	9.903843E-11	1.272615E-10	1.220672E-10
0:09:05	0	2.431381E+1	1.519300E+1	1.524400E+1	5.447000E-4	-1.868500E-2	3.920000E+2	5.212600E-9	4.763713E-9	2.406497E-10	1.029655E-10	8.230175E-11	8.663895E-11	8.800112E-11	9.259081E-11	8.818024E-11	1.220825E-9	1.064911E-10	1.189953E-10	1.308803E-10	1.045746E-10	1.401778E-10	1.157365E-10	1.169337E-10	1.346771E-10	9.775072E-11	9.088479E-11	1.034303E-10	1.130922E-10	1.248740E-10	1.365036E-10	1.422307E-10	1.526399E-10	1.017051E-10	8.817776E-11	9.237710E-11	9.440216E-11	9.857158E-11	1.014462E-10	1.292686E-10	1.257394E-10
0:09:18	0	2.431594E+1	1.518100E+1	1.524300E+1	5.447000E-4	-1.867230E-2	3.940000E+2	6.769100E-9	6.475943E-9	2.500458E-10	1.041002E-10	8.287056E-11	8.961320E-11	8.926834E-11	9.384809E-11	9.001208E-11	2.880406E-9	1.076329E-10	1.200697E-10	1.312596E-10	1.052066E-10	1.430287E-10	1.180717E-10	1.192137E-10	1.373986E-10	9.939788E-11	9.547921E-11	1.043750E-10	1.137196E-10	1.257576E-10	1.383940E-10	1.440003E-10	1.578647E-10	9.628317E-11	8.798938E-11	9.193452E-11	9.484595E-11	1.005294E-10	1.038539E-10	1.324668E-10	1.270057E-10
0:09:32	0	2.434968E+1	1.518800E+1	1.524800E+1	5.574000E-4	-1.867230E-2	3.960000E+2	9.713400E-9	1.056974E-8	2.689653E-10	1.059925E-10	8.546210E-11	9.081609E-11	9.148572E-11	9.673972E-11	9.108605E-11	6.868955E-9	1.104218E-10	1.238617E-10	1.339785E-10	1.141100E-10	1.448017E-10	1.205334E-10	1.222547E-10	1.386645E-10	1.004120E-10	9.485026E-11	1.087852E-10	1.186085E-10	1.284083E-10	1.404724E-10	1.489917E-10	1.588087E-10	1.054259E-10	9.056424E-11	9.553395E-11	9.813838E-11	1.011605E-10	1.042340E-10	1.368571E-10	1.303610E-10
0:09:45	0	2.431540E+1	1.518600E+1	1.524600E+1	5.574000E-4	-1.865960E-2	3.980000E+2	1.656200E-8	1.979676E-8	2.820828E-10	1.125501E-10	8.855958E-11	9.341069E-11	9.503333E-11	9.699078E-11	9.348628E-11	1.601514E-8	1.120699E-10	1.256315E-10	1.351164E-10	1.129736E-10	1.482856E-10	1.240043E-10	1.283986E-10	1.415749E-10	1.051625E-10	1.001372E-10	1.090368E-10	1.190479E-10	1.320043E-10	1.455121E-10	1.503183E-10	1.608228E-10	9.962473E-11	9.232311E-11	9.698629E-11	9.889802E-11	1.039397E-10	1.070219E-10	1.388651E-10	1.317543E-10
0:09:59	0	2.431426E+1	1.520700E+1	1.527100E+1	5.701000E-4	-1.860900E-2	4.000000E+2	3.215600E-8	3.948522E-8	2.777939E-10	1.149460E-10	9.222586E-11	9.575252E-11	9.516035E-11	1.009511E-10	9.449742E-11	3.563062E-8	1.161897E-10	1.257572E-10	1.423240E-10	1.096269E-10	1.494895E-10	1.254558E-10	1.324525E-10	1.449299E-10	1.046564E-10	1.016475E-10	1.095409E-10	1.228720E-10	1.362956E-10	1.474642E-10	1.536041E-10	1.642848E-10	1.042275E-10	9.602825E-11	9.888020E-11	1.029501E-10	1.076650E-10	1.100008E-10	1.414366E-10	1.354894E-10
0:10:12	0	2.431381E+1	1.520700E+1	1.526200E+1	5.574000E-4	-1.867230E-2	4.020000E+2	6.515300E-8	8.108193E-8	2.760915E-10	1.204944E-10	9.292140E-11	9.765077E-11	9.858194E-11	1.027740E-10	9.771834E-11	7.715280E-8	1.187885E-10	1.298016E-10	1.454222E-10	1.242137E-10	1.552533E-10	1.282323E-10	1.321355E-10	1.480311E-10	1.076967E-10	1.046054E-10	1.120598E-10	1.243139E-10	1.340872E-10	1.480947E-10	1.577117E-10	1.681870E-10	1.027145E-10	9.339093E-11	1.008379E-10	1.034559E-10	1.087387E-10	1.107610E-10	1.448229E-10	1.395414E-10
0:10:26	0	2.429959E+1	1.519300E+1	1.525800E+1	5.701000E-4	-1.864700E-2	4.040000E+2	1.303200E-7	1.645717E-7	3.414876E-10	1.225120E-10	9.355307E-11	1.020177E-10	1.006723E-10	1.051001E-10	1.028987E-10	1.604883E-7	1.224019E-10	1.340355E-10	1.476990E-10	1.171416E-10	1.579773E-10	1.298731E-10	1.346065E-10	1.501821E-10	1.069996E-10	1.063681E-10	1.176662E-10	1.267584E-10	1.395769E-10	1.557160E-10	1.623241E-10	1.716490E-10	1.041648E-10	9.822635E-11	1.079730E-10	1.071281E-10	1.129694E-10	1.144992E-10	1.479597E-10	1.412505E-10
0:10:40	0	2.421279E+1	1.520700E+1	1.528600E+1	5.701000E-4	-1.863430E-2	4.060000E+2	2.480600E-7	3.006092E-7	3.235775E-10	1.273038E-10	9.747282E-11	1.039799E-10	1.048540E-10	1.086823E-10	1.052990E-10	2.964181E-7	1.275994E-10	1.350471E-10	1.501644E-10	1.334341E-10	1.594972E-10	1.341011E-10	1.369505E-10	1.539168E-10	1.356985E-10	1.072494E-10	1.191151E-10	1.291405E-10	1.443723E-10	1.575428E-10	1.669365E-10	1.746707E-10	1.078219E-10	1.018066E-10	1.048151E-10	1.108643E-10	1.142952E-10	1.181743E-10	1.524124E-10	1.442270E-10
0:10:53	0	2.422389E+1	1.520100E+1	1.527700E+1	5.574000E-4	-1.862160E-2	4.080000E+2	4.235400E-7	5.004802E-7	3.366950E-10	1.307718E-10	9.772529E-11	1.085357E-10	1.062473E-10	1.099396E-10	1.059302E-10	4.961796E-7	1.334944E-10	1.425673E-10	1.539583E-10	1.493477E-10	1.625381E-10	1.375720E-10	1.439814E-10	1.589792E-10	1.097239E-10	1.122214E-10	1.216976E-10	1.335296E-10	1.483478E-10	1.600626E-10	1.724336E-10	1.786365E-10	1.099023E-10	1.033771E-10	1.145399E-10	1.145366E-10	1.182109E-10	1.201389E-10	1.566770E-10	1.482150E-10
0:11:07	0	2.424183E+1	1.520200E+1	1.528100E+1	5.701000E-4	-1.864700E-2	4.100000E+2	6.544300E-7	7.421717E-7	3.791365E-10	1.358792E-10	1.036678E-10	1.077764E-10	1.078315E-10	1.150312E-10	1.089626E-10	7.377016E-7	1.371079E-10	1.442732E-10	1.582573E-10	1.264238E-10	1.700759E-10	1.407271E-10	1.559533E-10	1.591691E-10	1.280957E-10	1.117177E-10	1.224533E-10	1.407383E-10	1.527647E-10	1.686297E-10	1.783098E-10	1.848679E-10	1.241524E-10	1.104106E-10	1.146655E-10	1.167525E-10	1.216840E-10	1.240671E-10	1.625734E-10	1.579651E-10
0:11:20	0	2.421348E+1	1.520300E+1	1.528600E+1	5.701000E-4	-1.864700E-2	4.110629E+2	8.891600E-7	9.602373E-7	3.787582E-10	1.366994E-10	1.034143E-10	1.135361E-10	1.120132E-10	1.160375E-10	1.138897E-10	9.556982E-7	1.371709E-10	1.485071E-10	1.611659E-10	1.461267E-10	1.709629E-10	1.455867E-10	1.555103E-10	1.622073E-10	1.386758E-10	1.133541E-10	1.316506E-10	1.379801E-10	1.530804E-10	1.657319E-10	1.810898E-10	1.862521E-10	1.240897E-10	1.090919E-10	1.153602E-10	1.130803E-10	1.226939E-10	1.262218E-10	1.622595E-10	1.568896E-10
0:11:34	0	2.419167E+1	1.520300E+1	1.526500E+1	5.574000E-4	-1.863430E-2	4.121258E+2	1.080900E-6	1.143002E-6	3.857580E-10	1.427523E-10	1.051207E-10	1.125860E-10	1.147377E-10	1.172937E-10	1.133841E-10	1.138432E-6	1.423054E-10	1.486967E-10	1.628727E-10	1.255406E-10	1.698229E-10	1.477316E-10	1.424614E-10	1.662577E-10	1.399429E-10	1.202149E-10	1.281224E-10	1.402365E-10	1.545946E-10	1.700786E-10	1.815956E-10	1.938060E-10	1.168382E-10	1.103481E-10	1.145399E-10	1.278323E-10	1.251561E-10	1.286925E-10	1.647062E-10	1.567627E-10
0:11:47	0	2.421393E+1	1.519900E+1	1.526400E+1	5.574000E-4	-1.864700E-2	4.131887E+2	1.259900E-6	1.307786E-6	4.196238E-10	1.434461E-10	1.075865E-10	1.144213E-10	1.146107E-10	1.196833E-10	1.170478E-10	1.303008E-6	1.449682E-10	1.496454E-10	1.657813E-10	1.644399E-10	1.740668E-10	1.464693E-10	1.535463E-10	1.725231E-10	1.901799E-10	1.201513E-10	1.317132E-10	1.431204E-10	1.583171E-10	1.715274E-10	1.848813E-10	1.961978E-10	1.247825E-10	1.127971E-10	1.217377E-10	1.256163E-10	1.261042E-10	1.296438E-10	1.670261E-10	1.661959E-10
0:12:01	0	2.428105E+1	1.519900E+1	1.525800E+1	5.574000E-4	-1.862160E-2	4.142516E+2	1.405900E-6	1.464547E-6	3.443259E-10	1.474815E-10	1.128964E-10	1.237886E-10	1.151178E-10	1.211291E-10	1.199536E-10	1.459851E-6	1.499126E-10	1.509094E-10	1.702071E-10	1.254140E-10	1.800206E-10	1.464693E-10	1.415104E-10	1.733463E-10	1.653464E-10	1.244944E-10	1.342331E-10	1.480736E-10	1.612198E-10	1.736058E-10	1.891146E-10	1.961352E-10	1.248462E-10	1.148068E-10	1.218005E-10	1.218171E-10	1.291346E-10	1.311643E-10	1.717303E-10	1.652464E-10
0:12:14	0	2.421424E+1	1.519300E+1	1.524700E+1	5.447000E-4	-1.865960E-2	4.153145E+2	1.562300E-6	1.605961E-6	3.975513E-10	1.526515E-10	1.118845E-10	1.194846E-10	1.201226E-10	1.252770E-10	1.187530E-10	1.601122E-6	1.490880E-10	1.560911E-10	1.717881E-10	1.398751E-10	1.831245E-10	1.571350E-10	1.536093E-10	1.753715E-10	1.415261E-10	1.258159E-10	1.419805E-10	1.504557E-10	1.656367E-10	1.811018E-10	1.908842E-10	2.033105E-10	1.350610E-10	1.168165E-10	1.192119E-10	1.246668E-10	1.309031E-10	1.343953E-10	1.745532E-10	1.706916E-10
0:12:28	0	2.421226E+1	1.519300E+1	1.524200E+1	5.701000E-4	-1.862160E-2	4.163774E+2	1.693700E-6	1.740646E-6	4.557585E-10	1.525251E-10	1.130231E-10	1.246109E-10	1.233532E-10	1.277290E-10	1.209638E-10	1.735704E-6	1.537792E-10	1.624740E-10	1.759614E-10	1.450530E-10	1.841375E-10	1.587758E-10	1.592472E-10	1.802441E-10	1.280957E-10	1.275159E-10	1.358082E-10	1.503924E-10	1.691709E-10	1.813544E-10	1.966975E-10	2.036255E-10	1.276831E-10	1.178218E-10	1.224325E-10	1.282121E-10	1.335548E-10	1.381975E-10	1.756196E-10	1.687286E-10
0:12:41	0	2.421583E+1	1.519000E+1	1.521600E+1	5.701000E-4	-1.863430E-2	4.174403E+2	1.831800E-6	1.874977E-6	4.210743E-10	1.577589E-10	1.145399E-10	1.196744E-10	1.224030E-10	1.281061E-10	1.248169E-10	1.869968E-6	1.555534E-10	1.610204E-10	1.765303E-10	1.744170E-10	1.876854E-10	1.598488E-10	1.639982E-10	1.777764E-10	1.594548E-10	1.292776E-10	1.410985E-10	1.499540E-10	1.614718E-10	1.874016E-10	1.970766E-10	2.087867E-10	1.279359E-10	1.192040E-10	1.245786E-10	1.329608E-10	1.366491E-10	1.380704E-10	1.791317E-10	1.710714E-10
0:12:55	0	2.421279E+1	1.519200E+1	1.527900E+1	5.320000E-4	-1.857100E-2	4.185031E+2	1.941200E-6	2.001593E-6	4.869124E-10	1.672798E-10	1.199126E-10	1.317623E-10	1.251905E-10	1.306832E-10	1.310712E-10	1.996446E-6	1.592939E-10	1.639275E-10	1.792492E-10	1.277507E-10	1.900923E-10	1.637610E-10	1.765401E-10	1.831555E-10	1.555275E-10	1.273897E-10	1.424847E-10	1.562225E-10	1.710636E-10	1.899841E-10	2.030156E-10	2.096681E-10	1.310257E-10	1.220297E-10	1.297570E-10	1.308718E-10	1.375961E-10	1.426328E-10	1.840864E-10	1.772123E-10
0:13:08	0	2.421401E+1	1.521100E+1	1.526600E+1	5.574000E-4	-1.858360E-2	4.195660E+2	2.083900E-6	2.125670E-6	5.236146E-10	1.695493E-10	1.216829E-10	1.316354E-10	1.243674E-10	1.353977E-10	1.360612E-10	2.120350E-6	1.660125E-10	1.682243E-10	1.827268E-10	2.018239E-10	1.935132E-10	1.698191E-10	1.766671E-10	1.823962E-10	1.297429E-10	1.379637E-10	1.443114E-10	1.563482E-10	1.751647E-10	1.940782E-10	2.092708E-10	2.113673E-10	1.307728E-10	1.251697E-10	1.315881E-10	1.367600E-10	1.415746E-10	1.461819E-10	1.869718E-10	1.798080E-10
0:13:22	0	2.421500E+1	1.519800E+1	1.526600E+1	5.954000E-4	-1.855830E-2	4.206289E+2	2.214200E-6	2.274126E-6	5.057045E-10	1.689820E-10	1.252853E-10	1.332179E-10	1.338070E-10	1.346435E-10	1.358079E-10	2.268773E-6	1.688013E-10	1.709418E-10	1.868990E-10	1.453063E-10	1.976301E-10	1.729114E-10	1.729931E-10	1.942306E-10	1.664865E-10	1.380262E-10	1.464533E-10	1.580405E-10	1.755432E-10	1.966617E-10	2.131890E-10	2.099821E-10	1.339253E-10	1.286874E-10	1.331660E-10	1.389760E-10	1.439113E-10	1.484626E-10	1.901709E-10	1.843667E-10
0:13:35	0	2.421295E+1	1.522000E+1	1.528900E+1	5.574000E-4	-1.854560E-2	4.216918E+2	2.341400E-6	2.389130E-6	5.200206E-10	1.729546E-10	1.245907E-10	1.382812E-10	1.329208E-10	1.375977E-10	1.377664E-10	2.383629E-6	1.703864E-10	1.698674E-10	1.913258E-10	1.826265E-10	2.027609E-10	1.775807E-10	1.562703E-10	1.965095E-10	1.723781E-10	1.365160E-10	1.504847E-10	1.634945E-10	1.812859E-10	2.025825E-10	2.198861E-10	2.217532E-10	1.411141E-10	1.306971E-10	1.392913E-10	1.468273E-10	1.472578E-10	1.519477E-10	1.953762E-10	1.892422E-10
0:13:49	0	2.432696E+1	1.520500E+1	1.527300E+1	5.320000E-4	-1.858360E-2	4.227547E+2	2.459900E-6	2.502709E-6	5.125161E-10	1.805206E-10	1.359688E-10	1.439770E-10	1.402701E-10	1.441976E-10	1.385242E-10	2.497127E-6	1.783728E-10	1.794097E-10	1.932851E-10	1.499160E-10	2.032679E-10	1.816195E-10	1.858520E-10	2.042935E-10	1.254985E-10	1.386562E-10	1.565943E-10	1.721461E-10	1.846927E-10	2.030867E-10	2.246252E-10	2.278584E-10	1.512652E-10	1.355960E-10	1.382178E-10	1.458777E-10	1.518673E-10	1.569532E-10	1.993279E-10	1.979788E-10
0:14:02	0	2.421226E+1	1.520200E+1	1.527800E+1	5.447000E-4	-1.858360E-2	4.238176E+2	2.579400E-6	2.637942E-6	5.420294E-10	1.843040E-10	1.261075E-10	1.454956E-10	1.411563E-10	1.465236E-10	1.437046E-10	2.632172E-6	1.805913E-10	1.814319E-10	1.992290E-10	2.115488E-10	2.059278E-10	1.890036E-10	1.930729E-10	2.065086E-10	1.495719E-10	1.419291E-10	1.500432E-10	1.731486E-10	1.875954E-10	2.107717E-10	2.314490E-10	2.297473E-10	1.551114E-10	1.372914E-10	1.409958E-10	1.529683E-10	1.545828E-10	1.589178E-10	2.031538E-10	1.967125E-10
0:14:16	0	2.421545E+1	1.521500E+1	1.527000E+1	5.447000E-4	-1.862160E-2	4.248805E+2	2.713700E-6	2.768957E-6	5.888225E-10	1.864481E-10	1.341985E-10	1.515080E-10	1.473653E-10	1.480945E-10	1.496419E-10	2.762987E-6	1.831911E-10	1.825064E-10	2.039073E-10	2.328936E-10	2.141626E-10	1.813674E-10	1.970638E-10	2.079013E-10	1.679437E-10	1.477824E-10	1.601225E-10	1.774120E-10	1.961770E-10	2.117164E-10	2.346719E-10	2.382443E-10	1.462215E-10	1.382958E-10	1.478149E-10	1.614523E-10	1.575504E-10	1.631001E-10	2.093631E-10	2.027914E-10
0:14:29	0	2.421272E+1	1.520400E+1	1.528900E+1	5.574000E-4	-1.860900E-2	4.259434E+2	2.831900E-6	2.864839E-6	6.119035E-10	2.007609E-10	1.364109E-10	1.549248E-10	1.424875E-10	1.526840E-10	1.506520E-10	2.858744E-6	1.876911E-10	1.862984E-10	2.056141E-10	1.996766E-10	2.164425E-10	1.884985E-10	1.881319E-10	2.234703E-10	1.798539E-10	1.474049E-10	1.639012E-10	1.809857E-10	2.019825E-10	2.189608E-10	2.433909E-10	2.444756E-10	1.613535E-10	1.442625E-10	1.537508E-10	1.568945E-10	1.627920E-10	1.670283E-10	2.137534E-10	2.079828E-10
0:14:43	0	2.421424E+1	1.519400E+1	1.525400E+1	5.701000E-4	-1.863430E-2	4.270063E+2	2.946700E-6	3.004483E-6	6.696696E-10	2.092735E-10	1.397608E-10	1.562536E-10	1.476824E-10	1.565183E-10	1.526743E-10	2.998271E-6	1.942206E-10	1.907847E-10	2.123167E-10	1.480208E-10	2.222703E-10	1.992269E-10	2.032078E-10	2.241657E-10	1.644593E-10	1.571600E-10	1.611925E-10	1.846217E-10	2.050745E-10	2.245664E-10	2.512262E-10	2.491340E-10	1.553005E-10	1.457071E-10	1.541924E-10	1.620220E-10	1.677175E-10	1.730482E-10	2.168902E-10	2.137438E-10
0:14:56	0	2.418148E+1	1.519000E+1	1.526000E+1	5.574000E-4	-1.865960E-2	4.280692E+2	3.098000E-6	3.175639E-6	6.795704E-10	2.117948E-10	1.479785E-10	1.619494E-10	1.520541E-10	1.607298E-10	1.620229E-10	3.169261E-6	2.001786E-10	2.026655E-10	2.179442E-10	2.114232E-10	2.305051E-10	2.055371E-10	1.926299E-10	2.304950E-10	1.013621E-10	1.574750E-10	1.737906E-10	1.860636E-10	2.073457E-10	2.306772E-10	2.573557E-10	2.675141E-10	1.562471E-10	1.519246E-10	1.571599E-10	1.692406E-10	1.719483E-10	1.753929E-10	2.254828E-10	2.217218E-10
0:15:10	0	2.421279E+1	1.519200E+1	1.524700E+1	5.447000E-4	-1.864700E-2	4.291321E+2	3.234200E-6	3.306668E-6	6.673360E-10	2.191727E-10	1.499384E-10	1.654941E-10	1.613037E-10	1.676443E-10	1.701081E-10	3.300026E-6	2.062637E-10	2.041819E-10	2.195881E-10	2.553110E-10	2.353819E-10	2.028871E-10	2.410883E-10	2.352418E-10	1.625592E-10	1.601816E-10	1.787676E-10	1.964699E-10	2.145387E-10	2.314330E-10	2.668967E-10	2.680805E-10	1.644433E-10	1.553789E-10	1.582334E-10	1.684170E-10	1.759268E-10	1.824261E-10	2.299355E-10	2.282425E-10
0:15:23	0	2.421629E+1	1.518400E+1	1.523400E+1	5.827000E-4	-1.863430E-2	4.301950E+2	3.377100E-6	3.428265E-6	7.235252E-10	2.256039E-10	1.566393E-10	1.670756E-10	1.615568E-10	1.687755E-10	1.718761E-10	3.421520E-6	2.111450E-10	2.088588E-10	2.276172E-10	1.528209E-10	2.445667E-10	2.084401E-10	2.184106E-10	2.375197E-10	1.783967E-10	1.710069E-10	1.784524E-10	1.997298E-10	2.228056E-10	2.468029E-10	2.776376E-10	2.777102E-10	1.728932E-10	1.608429E-10	1.635374E-10	1.665809E-10	1.837572E-10	1.874946E-10	2.380894E-10	2.353339E-10
0:15:37	0	2.421279E+1	1.519300E+1	1.524700E+1	5.447000E-4	-1.863430E-2	4.312579E+2	3.513300E-6	3.571041E-6	7.622463E-10	2.391602E-10	1.624540E-10	1.771383E-10	1.703633E-10	1.777640E-10	1.730768E-10	3.563964E-6	2.224907E-10	2.098694E-10	2.359008E-10	2.231049E-10	2.512815E-10	2.232700E-10	2.077057E-10	2.450509E-10	2.038643E-10	1.706919E-10	1.900422E-10	2.088198E-10	2.269695E-10	2.544879E-10	2.871158E-10	2.898589E-10	1.735860E-10	1.665588E-10	1.761030E-10	1.775976E-10	1.891871E-10	1.943387E-10	2.433580E-10	2.438176E-10
0:15:50	0	2.421454E+1	1.518400E+1	1.525900E+1	5.447000E-4	-1.862160E-2	4.323208E+2	3.669900E-6	3.711852E-6	6.571833E-10	2.477982E-10	1.612536E-10	1.859991E-10	1.706803E-10	1.816618E-10	1.790140E-10	3.704747E-6	2.255338E-10	2.206128E-10	2.420962E-10	1.932356E-10	2.555253E-10	2.277511E-10	2.263285E-10	2.602403E-10	1.655365E-10	1.788742E-10	1.978533E-10	2.110763E-10	2.429344E-10	2.563783E-10	2.982367E-10	2.986709E-10	1.786307E-10	1.709550E-10	1.791971E-10	1.896909E-10	1.963855E-10	2.007377E-10	2.544597E-10	2.510350E-10
0:16:04	0	2.421492E+1	1.519100E+1	1.526200E+1	5.574000E-4	-1.860900E-2	4.333836E+2	3.785600E-6	3.848722E-6	8.518593E-10	2.570046E-10	1.744009E-10	1.943524E-10	1.805640E-10	1.881358E-10	1.915845E-10	3.841116E-6	2.376410E-10	2.323040E-10	2.527184E-10	2.047917E-10	2.649641E-10	2.416974E-10	2.325364E-10	2.680883E-10	1.886598E-10	1.791256E-10	2.050975E-10	2.248058E-10	2.454576E-10	2.770396E-10	3.106844E-10	3.059724E-10	1.961597E-10	1.768582E-10	1.903731E-10	1.908943E-10	2.027635E-10	2.097355E-10	2.621116E-10	2.671168E-10
0:16:17	0	2.421348E+1	1.518700E+1	1.524900E+1	5.574000E-4	-1.862160E-2	4.344465E+2	3.928600E-6	3.999057E-6	8.598685E-10	2.747853E-10	1.768038E-10	1.989721E-10	1.843657E-10	1.942336E-10	1.953748E-10	3.991163E-6	2.418879E-10	2.319878E-10	2.580934E-10	1.902050E-10	2.756047E-10	2.505948E-10	2.695930E-10	2.796699E-10	2.325621E-10	1.951127E-10	2.112708E-10	2.295076E-10	2.541031E-10	2.780469E-10	3.302720E-10	3.237861E-10	1.936374E-10	1.850855E-10	1.905625E-10	2.051396E-10	2.099629E-10	2.195575E-10	2.744677E-10	2.789558E-10
0:16:31	0	2.421500E+1	1.519300E+1	1.525600E+1	5.574000E-4	-1.862160E-2	4.355094E+2	4.089400E-6	4.140436E-6	9.255802E-10	2.868286E-10	1.828082E-10	2.073264E-10	1.948825E-10	2.016502E-10	1.984063E-10	4.132243E-6	2.532976E-10	2.357159E-10	2.708647E-10	2.551854E-10	2.849165E-10	2.544442E-10	2.466623E-10	2.853028E-10	1.867596E-10	2.082044E-10	2.210966E-10	2.398506E-10	2.587092E-10	2.870545E-10	3.446149E-10	3.382004E-10	2.006361E-10	1.886032E-10	2.002235E-10	2.107119E-10	2.206972E-10	2.267807E-10	2.846287E-10	2.920622E-10
0:16:44	0	2.421333E+1	1.519900E+1	1.524200E+1	5.827000E-4	-1.860900E-2	4.365723E+2	4.243600E-6	4.306194E-6	1.017905E-9	3.011413E-10	1.880551E-10	2.247933E-10	2.007745E-10	2.103877E-10	2.106607E-10	4.297584E-6	2.609678E-10	2.530318E-10	2.794636E-10	2.066231E-10	2.974581E-10	2.670027E-10	2.828949E-10	3.083391E-10	1.822611E-10	2.102184E-10	2.268920E-10	2.503825E-10	2.802256E-10	3.038107E-10	3.635073E-10	3.573982E-10	2.101571E-10	2.017918E-10	2.083055E-10	2.240076E-10	2.322530E-10	2.409741E-10	2.974234E-10	3.107398E-10
0:16:58	0	2.421462E+1	1.518300E+1	1.523600E+1	5.574000E-4	-1.864700E-2	4.376352E+2	4.379800E-6	4.453806E-6	1.095158E-9	3.170935E-10	1.969684E-10	2.272610E-10	2.094540E-10	2.206969E-10	2.204521E-10	4.444688E-6	2.720603E-10	2.766666E-10	2.897066E-10	2.728666E-10	3.116477E-10	2.812648E-10	2.819449E-10	3.210597E-10	2.206519E-10	2.083932E-10	2.376007E-10	2.626701E-10	2.966319E-10	3.157160E-10	3.836636E-10	3.765961E-10	2.165257E-10	2.098307E-10	2.245961E-10	2.355311E-10	2.441247E-10	2.526967E-10	3.133550E-10	3.253014E-10
0:17:11	0	2.421287E+1	1.518800E+1	1.525400E+1	5.574000E-4	-1.863430E-2	4.386981E+2	4.574000E-6	4.621388E-6	1.145104E-9	3.401080E-10	2.139716E-10	2.436529E-10	2.188936E-10	2.320114E-10	2.300530E-10	4.611734E-6	2.877169E-10	2.736967E-10	3.025417E-10	2.457756E-10	3.267862E-10	2.918040E-10	2.616751E-10	3.452360E-10	3.299328E-10	2.289110E-10	2.435214E-10	2.782800E-10	3.235752E-10	3.372593E-10	4.145617E-10	3.984381E-10	2.303976E-10	2.225800E-10	2.278796E-10	2.473075E-10	2.586491E-10	2.706292E-10	3.314184E-10	3.513232E-10
0:17:25	0	2.421143E+1	1.519300E+1	1.526200E+1	5.701000E-4	-1.860900E-2	4.397610E+2	4.709600E-6	4.818042E-6	1.237997E-9	3.628706E-10	2.261090E-10	2.621318E-10	2.342893E-10	2.443311E-10	2.454655E-10	4.807732E-6	3.021697E-10	2.854508E-10	3.186646E-10	3.132184E-10	3.453456E-10	3.131334E-10	2.996807E-10	3.569445E-10	2.585357E-10	2.391074E-10	2.637417E-10	2.950804E-10	3.325992E-10	3.587401E-10	4.505142E-10	4.339383E-10	2.589606E-10	2.404167E-10	2.528832E-10	2.718099E-10	2.797399E-10	2.909054E-10	3.559425E-10	3.795599E-10
0:17:38	0	2.421500E+1	1.519600E+1	1.523600E+1	5.574000E-4	-1.862160E-2	4.408239E+2	4.933900E-6	5.000637E-6	1.399754E-9	3.756704E-10	2.338837E-10	2.785866E-10	2.494319E-10	2.621830E-10	2.589834E-10	4.989640E-6	3.206792E-10	3.009330E-10	3.361790E-10	2.127491E-10	3.663120E-10	3.374923E-10	3.570711E-10	3.899808E-10	3.151083E-10	2.565421E-10	2.840873E-10	3.173982E-10	3.599211E-10	3.879684E-10	4.819171E-10	4.604387E-10	2.597808E-10	2.528517E-10	2.610919E-10	2.759889E-10	2.974842E-10	3.111186E-10	3.796508E-10	4.149520E-10
0:17:52	0	2.421188E+1	1.519200E+1	1.523700E+1	5.701000E-4	-1.863430E-2	4.418868E+2	5.082500E-6	5.165347E-6	1.480853E-9	4.223922E-10	2.585996E-10	2.929523E-10	2.685651E-10	2.783381E-10	2.777435E-10	5.153446E-6	3.362718E-10	3.304449E-10	3.578657E-10	2.921268E-10	3.934862E-10	3.715695E-10	3.964076E-10	4.270045E-10	2.214760E-10	2.802067E-10	3.075832E-10	3.409065E-10	3.864231E-10	4.222365E-10	5.379000E-10	5.224382E-10	2.826064E-10	2.716937E-10	2.914632E-10	3.013149E-10	3.288049E-10	3.443218E-10	4.116387E-10	4.645899E-10
0:18:17	1	2.421538E+1	1.522200E+1	1.523700E+1	5.701000E-4	-1.846960E-2	0.000000E+0	2.063100E-9	2.492843E-9	-2.774614E-12	7.730324E-11	7.863547E-11	8.119597E-11	7.843448E-11	7.819615E-11	8.344361E-11	1.040607E-10	8.436915E-11	8.512375E-11	8.055101E-11	8.076746E-11	8.582943E-11	7.951444E-11	8.310709E-11	8.233806E-11	7.462742E-11	6.734536E-11	7.439162E-11	7.340987E-11	8.057803E-11	7.842482E-11	7.759155E-11	7.779904E-11	8.278951E-11	7.856839E-11	8.240017E-11	7.984008E-11	8.006966E-11	7.952244E-11	7.877764E-11	8.661217E-11
0:18:30	1	2.421264E+1	1.519100E+1	1.524600E+1	5.574000E-4	-1.844430E-2	0.000000E+0	2.520500E-9	2.506297E-9	-6.301868E-13	8.032924E-11	8.027901E-11	8.005703E-11	7.894156E-11	7.863575E-11	8.116902E-11	9.137805E-11	8.747526E-11	8.449125E-11	8.326995E-11	7.874673E-11	8.696939E-11	7.913487E-11	8.393108E-11	8.303344E-11	7.652861E-11	7.206597E-11	7.647093E-11	7.340987E-11	7.698200E-11	7.741746E-11	8.049822E-11	7.779904E-11	8.461806E-11	8.233698E-11	8.366311E-11	7.933332E-11	8.221692E-11	8.104290E-11	7.777461E-11	8.692801E-11
0:18:44	1	2.421523E+1	1.518700E+1	1.525600E+1	5.574000E-4	-1.848230E-2	1.000000E+1	3.248100E-9	3.100294E-9	1.602437E-10	8.827447E-11	8.874918E-11	8.929749E-11	9.224585E-11	9.655118E-11	9.595032E-11	1.136359E-10	9.723687E-11	1.049028E-10	1.079919E-10	9.516580E-11	1.097737E-10	9.137759E-11	9.666294E-11	9.645139E-11	8.774172E-11	8.578662E-11	8.730500E-11	8.701371E-11	9.250471E-11	9.253580E-11	9.199826E-11	9.189834E-11	9.394995E-11	9.263741E-11	9.357625E-11	9.212324E-11	9.326723E-11	9.422295E-11	1.031136E-10	9.610837E-11
0:18:57	1	2.421310E+1	1.520300E+1	1.523500E+1	5.574000E-4	-1.841900E-2	2.000000E+1	3.412000E-9	3.130883E-9	9.749578E-11	9.060767E-11	9.007639E-11	9.208192E-11	9.547740E-11	9.774494E-11	9.860284E-11	1.138261E-10	1.011035E-10	1.076841E-10	1.117220E-10	9.617566E-11	1.123706E-10	9.478571E-11	9.951391E-11	1.009444E-10	8.983193E-11	8.924833E-11	9.026535E-11	8.770251E-11	9.622725E-11	9.644093E-11	9.635827E-11	9.397612E-11	9.924648E-11	9.728445E-11	9.749067E-11	9.680802E-11	9.522509E-11	9.808814E-11	1.059989E-10	1.004772E-10
0:19:11	1	2.421211E+1	1.518300E+1	1.524500E+1	5.574000E-4	-1.846960E-2	3.000000E+1	3.565600E-9	3.226354E-9	1.022257E-10	9.331812E-11	9.424861E-11	9.543582E-11	9.832789E-11	1.012022E-10	1.011925E-10	1.162357E-10	1.037022E-10	1.114751E-10	1.154530E-10	1.016068E-10	1.178815E-10	9.895097E-11	1.023639E-10	1.039826E-10	9.173212E-11	9.006606E-11	9.297411E-11	9.171557E-11	9.862494E-11	9.776352E-11	9.964400E-11	9.750070E-11	1.009486E-10	9.847819E-11	9.970156E-11	9.788450E-11	9.901419E-11	1.003058E-10	1.091971E-10	1.031998E-10
0:19:24	1	2.421409E+1	1.519600E+1	1.525600E+1	5.320000E-4	-1.843160E-2	4.000000E+1	3.617000E-9	3.306784E-9	1.059461E-10	9.590416E-11	9.481741E-11	9.758783E-11	1.003552E-10	1.020824E-10	1.037194E-10	1.185192E-10	1.052873E-10	1.144461E-10	1.169073E-10	1.011642E-10	1.193384E-10	1.018540E-10	1.042649E-10	1.087923E-10	9.509045E-11	9.346518E-11	9.536765E-11	9.340789E-11	1.024112E-10	1.021728E-10	1.031192E-10	1.003963E-10	1.040383E-10	1.023717E-10	1.041214E-10	1.009241E-10	1.011605E-10	1.022064E-10	1.111418E-10	1.044032E-10
0:19:38	1	2.421295E+1	1.520600E+1	1.523600E+1	5.447000E-4	-1.841900E-2	5.000000E+1	3.753400E-9	3.422444E-9	1.180550E-10	9.804724E-11	9.753569E-11	9.999261E-11	1.020665E-10	1.052886E-10	1.068147E-10	1.218798E-10	1.108651E-10	1.198173E-10	1.227235E-10	1.050800E-10	1.246593E-10	1.052611E-10	1.078118E-10	1.106277E-10	9.825777E-11	9.648672E-11	9.908375E-11	9.741996E-11	1.046197E-10	1.053232E-10	1.064678E-10	1.053686E-10	1.065607E-10	1.026225E-10	1.081624E-10	1.028861E-10	1.041291E-10	1.044241E-10	1.162847E-10	1.078214E-10
0:19:51	1	2.421485E+1	1.519600E+1	1.527100E+1	5.701000E-4	-1.841900E-2	6.000000E+1	3.818100E-9	3.462004E-9	9.327064E-11	1.007587E-10	1.000015E-10	1.010047E-10	1.030797E-10	1.081167E-10	1.092787E-10	1.239090E-10	1.118798E-10	1.215861E-10	1.252528E-10	1.061537E-10	1.285861E-10	1.077856E-10	1.106618E-10	1.127797E-10	1.004750E-10	9.862595E-11	1.014146E-10	9.823445E-11	1.063230E-10	1.073389E-10	1.079211E-10	1.071940E-10	1.082001E-10	1.057635E-10	1.079092E-10	1.038996E-10	1.064648E-10	1.077831E-10	1.187937E-10	1.115576E-10
0:20:05	1	2.421272E+1	1.519900E+1	1.526100E+1	5.574000E-4	-1.841900E-2	7.000000E+1	3.941100E-9	3.549219E-9	1.265053E-10	1.009478E-10	1.006332E-10	1.037262E-10	1.054871E-10	1.091229E-10	1.092787E-10	1.266359E-10	1.145416E-10	1.220291E-10	1.265174E-10	1.069742E-10	1.282692E-10	1.084799E-10	1.114858E-10	1.165134E-10	1.011081E-10	9.912970E-11	1.019815E-10	1.027483E-10	1.085942E-10	1.115593E-10	1.107011E-10	1.083904E-10	1.117935E-10	1.057635E-10	1.128344E-10	1.067483E-10	1.079810E-10	1.082263E-10	1.206750E-10	1.138364E-10
0:20:18	1	2.421439E+1	1.520000E+1	1.526500E+1	5.574000E-4	-1.844430E-2	8.000000E+1	3.981100E-9	3.600302E-9	1.228476E-10	1.039748E-10	1.022767E-10	1.034094E-10	1.064373E-10	1.112594E-10	1.118046E-10	1.289814E-10	1.153021E-10	1.241141E-10	1.289828E-10	1.078584E-10	1.335270E-10	1.111937E-10	1.136397E-10	1.191080E-10	1.037063E-10	1.022138E-10	1.036829E-10	1.033124E-10	1.105506E-10	1.126929E-10	1.125335E-10	1.124814E-10	1.123619E-10	1.077733E-10	1.120140E-10	1.056728E-10	1.099379E-10	1.101268E-10	1.220553E-10	1.144691E-10
0:20:32	1	2.421538E+1	1.519900E+1	1.526000E+1	5.574000E-4	-1.841900E-2	9.000000E+1	4.078400E-9	3.637261E-9	9.781137E-11	1.058661E-10	1.044262E-10	1.077764E-10	1.075785E-10	1.115740E-10	1.136364E-10	1.276500E-10	1.187885E-10	1.270840E-10	1.303742E-10	1.106368E-10	1.324500E-10	1.111937E-10	1.159197E-10	1.196775E-10	1.059865E-10	1.045428E-10	1.068948E-10	1.048177E-10	1.117500E-10	1.154018E-10	1.144926E-10	1.157546E-10	1.138112E-10	1.119186E-10	1.146027E-10	1.097249E-10	1.119586E-10	1.123445E-10	1.235603E-10	1.172557E-10
0:20:45	1	2.421310E+1	1.518800E+1	1.522700E+1	5.574000E-4	-1.843160E-2	1.000000E+2	4.215500E-9	3.755035E-9	1.383614E-10	1.073790E-10	1.055638E-10	1.085357E-10	1.104290E-10	1.150312E-10	1.150893E-10	1.321528E-10	1.182181E-10	1.291072E-10	1.339147E-10	1.132258E-10	1.358069E-10	1.153579E-10	1.194667E-10	1.236649E-10	1.074437E-10	1.057382E-10	1.096036E-10	1.075758E-10	1.168611E-10	1.179216E-10	1.172097E-10	1.168248E-10	1.171537E-10	1.131738E-10	1.144761E-10	1.139669E-10	1.134748E-10	1.152594E-10	1.273863E-10	1.196615E-10
0:20:59	1	2.421363E+1	1.518200E+1	1.525300E+1	5.447000E-4	-1.843160E-2	1.200000E+2	4.463900E-9	3.931315E-9	1.116217E-10	1.133693E-10	1.123904E-10	1.141685E-10	1.157509E-10	1.213176E-10	1.217226E-10	1.377959E-10	1.256341E-10	1.355529E-10	1.428301E-10	1.208671E-10	1.425847E-10	1.231206E-10	1.264986E-10	1.315129E-10	1.135253E-10	1.071232E-10	1.154616E-10	1.156623E-10	1.230441E-10	1.248498E-10	1.251707E-10	1.241263E-10	1.228285E-10	1.168799E-10	1.223687E-10	1.187786E-10	1.209892E-10	1.212162E-10	1.348501E-10	1.277024E-10
0:21:13	1	2.421393E+1	1.519000E+1	1.527300E+1	5.447000E-4	-1.844430E-2	1.400000E+2	4.897800E-9	4.242247E-9	9.636085E-11	1.238359E-10	1.209873E-10	1.229654E-10	1.254446E-10	1.304946E-10	1.320186E-10	1.480058E-10	1.392633E-10	1.451581E-10	1.504169E-10	1.304653E-10	1.532264E-10	1.342276E-10	1.377735E-10	1.409424E-10	1.251184E-10	1.173822E-10	1.247842E-10	1.253798E-10	1.342137E-10	1.382677E-10	1.362917E-10	1.352048E-10	1.355647E-10	1.301320E-10	1.307667E-10	1.289717E-10	1.322289E-10	1.316074E-10	1.446981E-10	1.400481E-10
0:21:26	1	2.421272E+1	1.519200E+1	1.525900E+1	5.574000E-4	-1.840630E-2	1.600000E+2	5.457700E-9	4.856076E-9	1.722889E-10	1.404191E-10	1.368539E-10	1.395461E-10	1.426135E-10	1.474663E-10	1.507158E-10	1.637958E-10	1.541594E-10	1.648753E-10	1.686899E-10	1.491583E-10	1.722298E-10	1.527177E-10	1.544963E-10	1.598654E-10	1.410200E-10	1.385300E-10	1.425473E-10	1.403622E-10	1.518811E-10	1.532597E-10	1.546784E-10	1.556617E-10	1.508242E-10	1.455811E-10	1.484469E-10	1.449272E-10	1.489634E-10	1.491598E-10	1.633259E-10	1.570156E-10
0:21:40	1	2.421264E+1	1.519200E+1	1.522900E+1	5.701000E-4	-1.841900E-2	1.800000E+2	6.204400E-9	5.602106E-9	1.513524E-10	1.629290E-10	1.598625E-10	1.636588E-10	1.685900E-10	1.699693E-10	1.724445E-10	1.883361E-10	1.797678E-10	1.890787E-10	1.934748E-10	1.737231E-10	1.978831E-10	1.774552E-10	1.813540E-10	1.870161E-10	1.662335E-10	1.618181E-10	1.645943E-10	1.643723E-10	1.780046E-10	1.793387E-10	1.807746E-10	1.823499E-10	1.767395E-10	1.706407E-10	1.721248E-10	1.682271E-10	1.735273E-10	1.736184E-10	1.881005E-10	1.847465E-10
0:21:54	1	2.421386E+1	1.518900E+1	1.526500E+1	5.447000E-4	-1.841900E-2	2.000000E+2	7.323700E-9	6.658686E-9	1.903254E-10	1.929421E-10	1.914051E-10	1.923902E-10	1.951355E-10	2.000159E-10	2.033334E-10	2.197258E-10	2.120326E-10	2.230141E-10	2.273646E-10	2.056760E-10	2.312651E-10	2.110911E-10	2.179036E-10	2.220776E-10	1.973386E-10	1.871827E-10	1.984201E-10	1.962185E-10	2.102484E-10	2.153073E-10	2.169794E-10	2.194240E-10	2.128685E-10	2.030480E-10	2.050221E-10	2.011515E-10	2.067420E-10	2.083420E-10	2.230995E-10	2.215949E-10
0:22:08	1	2.421523E+1	1.519000E+1	1.523600E+1	5.574000E-4	-1.843160E-2	2.200000E+2	8.588500E-9	8.023453E-9	2.581178E-10	2.319087E-10	2.286367E-10	2.312483E-10	2.351134E-10	2.417540E-10	2.454027E-10	2.628460E-10	2.548827E-10	2.652917E-10	2.696639E-10	2.493116E-10	2.742748E-10	2.560222E-10	2.602181E-10	2.672650E-10	2.376306E-10	2.298550E-10	2.365298E-10	2.359018E-10	2.536608E-10	2.585193E-10	2.599462E-10	2.619743E-10	2.561864E-10	2.433683E-10	2.458120E-10	2.426218E-10	2.494290E-10	2.497187E-10	2.648711E-10	2.654707E-10
0:22:21	1	2.421333E+1	1.517300E+1	1.521700E+1	5.574000E-4	-1.843160E-2	2.400000E+2	1.024900E-8	9.787808E-9	3.271725E-10	2.838016E-10	2.781315E-10	2.822572E-10	2.870653E-10	2.940525E-10	2.988410E-10	3.154154E-10	3.103462E-10	3.214712E-10	3.246715E-10	3.064624E-10	3.324240E-10	3.117456E-10	3.176705E-10	3.244776E-10	2.914150E-10	2.824096E-10	2.901343E-10	2.870563E-10	3.079898E-10	3.136376E-10	3.185825E-10	3.196951E-10	3.111067E-10	2.983852E-10	2.980301E-10	2.959964E-10	3.047454E-10	3.061131E-10	3.201910E-10	3.263139E-10
0:22:35	1	2.421211E+1	1.518200E+1	1.524000E+1	5.574000E-4	-1.841900E-2	2.600000E+2	1.253000E-8	1.205539E-8	3.761100E-10	3.515212E-10	3.438721E-10	3.494671E-10	3.551090E-10	3.626946E-10	3.690200E-10	3.859311E-10	3.825451E-10	3.968631E-10	3.980149E-10	3.752938E-10	4.031779E-10	3.848224E-10	3.924167E-10	3.996002E-10	3.597708E-10	3.480559E-10	3.577868E-10	3.526300E-10	3.799234E-10	3.844411E-10	3.897921E-10	3.950388E-10	3.850053E-10	3.705487E-10	3.743688E-10	3.697584E-10	3.793851E-10	3.803129E-10	3.954566E-10	4.066582E-10
0:22:49	1	2.421310E+1	1.517200E+1	1.523200E+1	5.574000E-4	-1.843160E-2	2.800000E+2	1.573500E-8	1.519467E-8	4.782093E-10	4.437672E-10	4.376787E-10	4.427519E-10	4.480520E-10	4.584906E-10	4.656644E-10	4.850455E-10	4.802893E-10	4.960783E-10	4.974707E-10	4.726070E-10	5.037669E-10	4.842774E-10	4.938306E-10	5.023799E-10	4.554313E-10	4.402622E-10	4.496273E-10	4.440319E-10	4.767184E-10	4.834010E-10	4.888675E-10	4.944910E-10	4.911867E-10	4.701571E-10	4.732490E-10	4.675799E-10	4.796623E-10	4.820121E-10	4.959364E-10	5.116941E-10
0:23:03	1	2.421477E+1	1.517600E+1	1.523500E+1	5.574000E-4	-1.844430E-2	3.000000E+2	2.034500E-8	1.959165E-8	6.210476E-10	5.743499E-10	5.645446E-10	5.718556E-10	5.807188E-10	5.923174E-10	6.050103E-10	6.174515E-10	6.199329E-10	6.364338E-10	6.380250E-10	6.116606E-10	6.428047E-10	6.254468E-10	6.380020E-10	6.445252E-10	5.874554E-10	5.689734E-10	5.812769E-10	5.716681E-10	6.106164E-10	6.181414E-10	6.297088E-10	6.335980E-10	6.318598E-10	6.096457E-10	6.129819E-10	6.051625E-10	6.219946E-10	6.217941E-10	6.390028E-10	6.636452E-10
0:23:16	1	2.421469E+1	1.518400E+1	1.524200E+1	5.701000E-4	-1.839360E-2	3.200000E+2	2.661000E-8	2.592563E-8	8.011566E-10	7.605462E-10	7.499444E-10	7.607021E-10	7.690121E-10	7.846646E-10	8.035432E-10	8.142217E-10	8.223931E-10	8.415006E-10	8.385816E-10	8.105168E-10	8.425247E-10	8.273865E-10	8.453907E-10	8.488827E-10	7.782694E-10	7.523168E-10	7.686740E-10	7.554743E-10	8.103904E-10	8.161883E-10	8.312082E-10	8.344542E-10	8.418905E-10	8.094277E-10	8.146567E-10	8.040341E-10	8.280418E-10	8.267781E-10	8.473628E-10	8.854929E-10
0:23:30	1	2.421325E+1	1.517700E+1	1.526900E+1	5.574000E-4	-1.841900E-2	3.400000E+2	3.606300E-8	3.540221E-8	1.082167E-9	1.039870E-9	1.026559E-9	1.038529E-9	1.055190E-9	1.074003E-9	1.100237E-9	1.107189E-9	1.121964E-9	1.143824E-9	1.138594E-9	1.106181E-9	1.142454E-9	1.129098E-9	1.154890E-9	1.159437E-9	1.063729E-9	1.029251E-9	1.048983E-9	1.032249E-9	1.106644E-9	1.110614E-9	1.132856E-9	1.135265E-9	1.150539E-9	1.111519E-9	1.116980E-9	1.103007E-9	1.137397E-9	1.137517E-9	1.156452E-9	1.209021E-9
0:23:44	1	2.421173E+1	1.519200E+1	1.528800E+1	5.320000E-4	-1.835560E-2	3.600000E+2	5.075700E-8	5.008251E-8	1.521971E-9	1.473298E-9	1.454124E-9	1.472420E-9	1.493485E-9	1.520990E-9	1.562869E-9	1.558498E-9	1.585455E-9	1.612729E-9	1.603439E-9	1.566410E-9	1.606821E-9	1.596968E-9	1.632696E-9	1.634666E-9	1.502752E-9	1.454912E-9	1.483050E-9	1.458603E-9	1.564306E-9	1.566613E-9	1.603084E-9	1.601935E-9	1.634285E-9	1.579541E-9	1.586251E-9	1.568940E-9	1.615859E-9	1.613129E-9	1.637399E-9	1.715017E-9
0:23:57	1	2.421500E+1	1.520500E+1	1.527200E+1	5.574000E-4	-1.840630E-2	3.620000E+2	5.259100E-8	5.202394E-8	1.583520E-9	1.531306E-9	1.508233E-9	1.529569E-9	1.551772E-9	1.580455E-9	1.622183E-9	1.621023E-9	1.646308E-9	1.670868E-9	1.664960E-9	1.625834E-9	1.668643E-9	1.658813E-9	1.694519E-9	1.697954E-9	1.561416E-9	1.511053E-9	1.540246E-9	1.513707E-9	1.625450E-9	1.625637E-9	1.660773E-9	1.661983E-9	1.699861E-9	1.642220E-9	1.649330E-9	1.629469E-9	1.682289E-9	1.677761E-9	1.702566E-9	1.784218E-9
0:24:11	1	2.421219E+1	1.520700E+1	1.527900E+1	5.447000E-4	-1.839360E-2	3.640000E+2	5.461100E-8	5.398233E-8	1.641917E-9	1.588180E-9	1.566198E-9	1.587602E-9	1.610630E-9	1.641239E-9	1.684023E-9	1.680062E-9	1.705638E-9	1.734442E-9	1.728566E-9	1.688099E-9	1.730339E-9	1.720972E-9	1.760334E-9	1.762508E-9	1.620712E-9	1.568329E-9	1.596496E-9	1.573637E-9	1.683313E-9	1.686928E-9	1.725664E-9	1.723355E-9	1.759825E-9	1.703957E-9	1.711904E-9	1.690568E-9	1.744362E-9	1.742582E-9	1.767796E-9	1.852153E-9
0:24:24	1	2.421485E+1	1.520600E+1	1.526200E+1	5.447000E-4	-1.836830E-2	3.660000E+2	5.673800E-8	5.609732E-8	1.668908E-9	1.653251E-9	1.629537E-9	1.650129E-9	1.674873E-9	1.706047E-9	1.750159E-9	1.747342E-9	1.776316E-9	1.804272E-9	1.797926E-9	1.756047E-9	1.797103E-9	1.790326E-9	1.828239E-9	1.830226E-9	1.684507E-9	1.630009E-9	1.660999E-9	1.634009E-9	1.752281E-9	1.752818E-9	1.794284E-9	1.793664E-9	1.830760E-9	1.773985E-9	1.781360E-9	1.759074E-9	1.813950E-9	1.812030E-9	1.837416E-9	1.925470E-9
0:24:38	1	2.421249E+1	1.520700E+1	1.528800E+1	5.574000E-4	-1.838090E-2	3.680000E+2	5.891800E-8	5.832983E-8	1.754674E-9	1.716619E-9	1.692938E-9	1.716960E-9	1.742346E-9	1.770539E-9	1.821474E-9	1.813038E-9	1.842936E-9	1.873850E-9	1.866212E-9	1.823552E-9	1.865767E-9	1.861384E-9	1.901528E-9	1.901932E-9	1.750519E-9	1.695026E-9	1.725753E-9	1.699895E-9	1.821312E-9	1.821858E-9	1.864041E-9	1.865169E-9	1.903524E-9	1.846147E-9	1.853089E-9	1.829797E-9	1.887074E-9	1.884392E-9	1.910862E-9	2.005623E-9
0:24:51	1	2.421386E+1	1.521300E+1	1.527300E+1	5.574000E-4	-1.836830E-2	3.700000E+2	6.155700E-8	6.074216E-8	1.820512E-9	1.787680E-9	1.764683E-9	1.787144E-9	1.814509E-9	1.844210E-9	1.893989E-9	1.887802E-9	1.921348E-9	1.951263E-9	1.942148E-9	1.896995E-9	1.941525E-9	1.936164E-9	1.977541E-9	1.980852E-9	1.821599E-9	1.763567E-9	1.796996E-9	1.769669E-9	1.898105E-9	1.898329E-9	1.942834E-9	1.940827E-9	1.991041E-9	1.921199E-9	1.928417E-9	1.904762E-9	1.966955E-9	1.964801E-9	1.992839E-9	2.091856E-9
0:25:05	1	2.421447E+1	1.520200E+1	1.527100E+1	5.574000E-4	-1.838090E-2	3.720000E+2	6.402700E-8	6.321011E-8	1.898144E-9	1.859182E-9	1.835671E-9	1.859544E-9	1.885720E-9	1.919515E-9	1.973832E-9	1.964785E-9	1.997983E-9	2.026528E-9	2.020738E-9	1.976057E-9	2.020323E-9	2.013975E-9	2.059635E-9	2.059012E-9	1.897177E-9	1.831290E-9	1.871640E-9	1.842075E-9	1.973761E-9	1.972913E-9	2.022195E-9	2.019319E-9	2.074336E-9	2.000835E-9	2.007282E-9	1.981500E-9	2.049613E-9	2.045718E-9	2.074252E-9	2.175557E-9
0:25:18	1	2.421264E+1	1.517900E+1	1.525400E+1	5.574000E-4	-1.849500E-2	3.740000E+2	6.665400E-8	6.586902E-8	1.967197E-9	1.939134E-9	1.909186E-9	1.939284E-9	1.965485E-9	2.001168E-9	2.055696E-9	2.047539E-9	2.083176E-9	2.113991E-9	2.103695E-9	2.057772E-9	2.104762E-9	2.100874E-9	2.147495E-9	2.147238E-9	1.975922E-9	1.914370E-9	1.950000E-9	1.917617E-9	2.056043E-9	2.055747E-9	2.106487E-9	2.102849E-9	2.153785E-9	2.085938E-9	2.093977E-9	2.070267E-9	2.138716E-9	2.134176E-9	2.161248E-9	2.268183E-9
0:25:32	1	2.421515E+1	1.517900E+1	1.524400E+1	5.447000E-4	-1.845700E-2	3.760000E+2	6.925600E-8	6.866606E-8	2.075477E-9	2.020471E-9	1.992182E-9	2.020037E-9	2.051648E-9	2.084960E-9	2.144131E-9	2.132261E-9	2.170273E-9	2.200126E-9	2.190569E-9	2.146877E-9	2.191478E-9	2.188844E-9	2.236367E-9	2.236221E-9	2.060180E-9	1.993234E-9	2.030124E-9	1.997922E-9	2.145773E-9	2.142174E-9	2.195895E-9	2.190845E-9	2.241556E-9	2.173110E-9	2.185218E-9	2.155870E-9	2.226173E-9	2.224153E-9	2.254200E-9	2.367711E-9
0:25:45	1	2.421264E+1	1.516700E+1	1.522600E+1	5.701000E-4	-1.850760E-2	3.780000E+2	7.238600E-8	7.166079E-8	2.143146E-9	2.109190E-9	2.078973E-9	2.108767E-9	2.138384E-9	2.177551E-9	2.237807E-9	2.227127E-9	2.261742E-9	2.298583E-9	2.285536E-9	2.239833E-9	2.284909E-9	2.283314E-9	2.335057E-9	2.334508E-9	2.149697E-9	2.080719E-9	2.119068E-9	2.088887E-9	2.238467E-9	2.238301E-9	2.293959E-9	2.289856E-9	2.340612E-9	2.268825E-9	2.279804E-9	2.252298E-9	2.324935E-9	2.325029E-9	2.355056E-9	2.470848E-9
0:25:59	1	2.421507E+1	1.518200E+1	1.523100E+1	5.701000E-4	-1.845700E-2	3.800000E+2	7.540600E-8	7.491887E-8	2.274508E-9	2.203202E-9	2.171517E-9	2.202621E-9	2.235763E-9	2.274353E-9	2.340137E-9	2.325987E-9	2.367092E-9	2.401148E-9	2.386509E-9	2.341628E-9	2.388284E-9	2.385925E-9	2.437865E-9	2.438236E-9	2.243963E-9	2.175698E-9	2.215696E-9	2.181668E-9	2.336144E-9	2.336253E-9	2.397393E-9	2.388679E-9	2.447299E-9	2.373709E-9	2.385377E-9	2.355565E-9	2.432600E-9	2.429200E-9	2.461744E-9	2.583102E-9
0:26:12	1	2.421363E+1	1.517400E+1	1.523300E+1	5.701000E-4	-1.848230E-2	3.820000E+2	7.889800E-8	7.820420E-8	2.331075E-9	2.300555E-9	2.268105E-9	2.299956E-9	2.335991E-9	2.377504E-9	2.443984E-9	2.431316E-9	2.467816E-9	2.504155E-9	2.491150E-9	2.441909E-9	2.492104E-9	2.491629E-9	2.547071E-9	2.547029E-9	2.344438E-9	2.270737E-9	2.313772E-9	2.276204E-9	2.442153E-9	2.439748E-9	2.503229E-9	2.499084E-9	2.556382E-9	2.479347E-9	2.488046E-9	2.462250E-9	2.542665E-9	2.541228E-9	2.572448E-9	2.701116E-9
0:26:26	1	2.421302E+1	1.517100E+1	1.523600E+1	5.574000E-4	-1.849500E-2	3.840000E+2	8.259900E-8	8.192304E-8	2.442634E-9	2.407430E-9	2.375881E-9	2.405138E-9	2.444773E-9	2.488764E-9	2.559768E-9	2.545585E-9	2.585209E-9	2.622266E-9	2.609259E-9	2.557661E-9	2.607832E-9	2.609259E-9	2.666855E-9	2.667529E-9	2.454732E-9	2.379181E-9	2.422116E-9	2.386977E-9	2.559139E-9	2.555906E-9	2.620375E-9	2.620252E-9	2.687534E-9	2.597482E-9	2.611678E-9	2.577104E-9	2.664285E-9	2.663077E-9	2.695632E-9	2.831731E-9
0:26:39	1	2.421500E+1	1.516800E+1	1.525000E+1	5.574000E-4	-1.848230E-2	3.860000E+2	8.625100E-8	8.569708E-8	2.545680E-9	2.519412E-9	2.483593E-9	2.520255E-9	2.556786E-9	2.603041E-9	2.677447E-9	2.667212E-9	2.700956E-9	2.743853E-9	2.727937E-9	2.676823E-9	2.727739E-9	2.730234E-9	2.790882E-9	2.789548E-9	2.567877E-9	2.486430E-9	2.535877E-9	2.496997E-9	2.675369E-9	2.673072E-9	2.742135E-9	2.738083E-9	2.801471E-9	2.718884E-9	2.732784E-9	2.702720E-9	2.788810E-9	2.787589E-9	2.822830E-9	2.964751E-9
0:26:53	1	2.421204E+1	1.517500E+1	1.522400E+1	5.827000E-4	-1.845700E-2	3.880000E+2	9.056000E-8	8.993098E-8	2.668716E-9	2.641610E-9	2.606161E-9	2.643664E-9	2.683498E-9	2.729764E-9	2.810981E-9	2.809003E-9	2.835212E-9	2.874792E-9	2.857868E-9	2.807669E-9	2.859176E-9	2.862314E-9	2.930113E-9	2.926123E-9	2.695467E-9	2.611743E-9	2.660095E-9	2.618427E-9	2.808258E-9	2.806867E-9	2.878616E-9	2.873414E-9	2.941954E-9	2.853537E-9	2.868034E-9	2.834288E-9	2.929816E-9	2.927498E-9	2.962322E-9	3.113979E-9
0:27:06	1	2.421515E+1	1.517500E+1	1.522700E+1	5.574000E-4	-1.844430E-2	3.900000E+2	9.498000E-8	9.440763E-8	2.760662E-9	2.768851E-9	2.735113E-9	2.776755E-9	2.817368E-9	2.868933E-9	2.950075E-9	2.959862E-9	2.974981E-9	3.018624E-9	3.001077E-9	2.948616E-9	3.003915E-9	3.005630E-9	3.077388E-9	3.073141E-9	2.827110E-9	2.741084E-9	2.791430E-9	2.747882E-9	2.948654E-9	2.946143E-9	3.024069E-9	3.017179E-9	3.089248E-9	2.998617E-9	3.011177E-9	2.982002E-9	3.079474E-9	3.077544E-9	3.115048E-9	3.269982E-9
0:27:20	1	2.421295E+1	1.517400E+1	1.523200E+1	5.574000E-4	-1.840630E-2	3.920000E+2	9.991000E-8	9.938960E-8	2.948970E-9	2.916205E-9	2.876897E-9	2.917125E-9	2.964923E-9	3.015394E-9	3.103001E-9	3.148262E-9	3.125844E-9	3.171428E-9	3.152822E-9	3.101879E-9	3.157331E-9	3.160934E-9	3.232897E-9	3.229210E-9	2.971424E-9	2.883390E-9	2.936308E-9	2.894200E-9	3.102555E-9	3.099276E-9	3.184055E-9	3.174540E-9	3.249656E-9	3.155629E-9	3.170295E-9	3.133830E-9	3.242013E-9	3.243622E-9	3.279566E-9	3.446118E-9
0:27:33	1	2.421454E+1	1.518400E+1	1.522300E+1	5.574000E-4	-1.840630E-2	3.940000E+2	1.054300E-7	1.045110E-7	3.070934E-9	3.062047E-9	3.022663E-9	3.067935E-9	3.114633E-9	3.171157E-9	3.262750E-9	3.362026E-9	3.285201E-9	3.331374E-9	3.313357E-9	3.257415E-9	3.317905E-9	3.322107E-9	3.398670E-9	3.397936E-9	3.123848E-9	3.031046E-9	3.087927E-9	3.043526E-9	3.262955E-9	3.257890E-9	3.346000E-9	3.336621E-9	3.418765E-9	3.317980E-9	3.334021E-9	3.296042E-9	3.409857E-9	3.410840E-9	3.447156E-9	3.628460E-9
0:27:47	1	2.421363E+1	1.516900E+1	1.523500E+1	5.447000E-4	-1.840630E-2	3.960000E+2	1.107200E-7	1.103400E-7	3.250601E-9	3.230525E-9	3.187394E-9	3.234822E-9	3.282716E-9	3.340876E-9	3.441511E-9	3.630326E-9	3.464589E-9	3.510152E-9	3.494755E-9	3.434232E-9	3.497800E-9	3.505621E-9	3.584712E-9	3.581661E-9	3.293501E-9	3.195445E-9	3.255356E-9	3.208588E-9	3.441527E-9	3.440315E-9	3.530313E-9	3.524447E-9	3.600990E-9	3.499862E-9	3.520038E-9	3.478833E-9	3.602707E-9	3.602581E-9	3.638832E-9	3.834353E-9
0:28:00	1	2.421249E+1	1.518600E+1	1.524100E+1	5.447000E-4	-1.843160E-2	3.980000E+2	1.169100E-7	1.164333E-7	3.407503E-9	3.401336E-9	3.358824E-9	3.409049E-9	3.460112E-9	3.519457E-9	3.626905E-9	3.966415E-9	3.647526E-9	3.696892E-9	3.677924E-9	3.616417E-9	3.685105E-9	3.693803E-9	3.780634E-9	3.773107E-9	3.470125E-9	3.365570E-9	3.431288E-9	3.383493E-9	3.632720E-9	3.625827E-9	3.726125E-9	3.716365E-9	3.798663E-9	3.691793E-9	3.710474E-9	3.670107E-9	3.802692E-9	3.801101E-9	3.842739E-9	4.043222E-9
0:28:14	1	2.421439E+1	1.518200E+1	1.522900E+1	5.574000E-4	-1.840630E-2	4.000000E+2	1.239000E-7	1.234426E-7	3.609684E-9	3.593962E-9	3.548522E-9	3.603401E-9	3.658416E-9	3.726451E-9	3.835608E-9	4.458121E-9	3.854740E-9	3.904992E-9	3.886446E-9	3.827019E-9	3.893503E-9	3.907292E-9	3.998348E-9	3.993856E-9	3.671328E-9	3.559361E-9	3.628512E-9	3.580464E-9	3.840380E-9	3.834457E-9	3.942725E-9	3.934027E-9	4.023764E-9	3.903445E-9	3.931344E-9	3.888669E-9	4.024969E-9	4.024397E-9	4.072173E-9	4.282229E-9
0:28:27	1	2.421264E+1	1.518100E+1	1.526000E+1	5.701000E-4	-1.844430E-2	4.020000E+2	1.314000E-7	1.309223E-7	3.803352E-9	3.794976E-9	3.747703E-9	3.804146E-9	3.865906E-9	3.934953E-9	4.054733E-9	5.144439E-9	4.071527E-9	4.125415E-9	4.104960E-9	4.041220E-9	4.116028E-9	4.126776E-9	4.225440E-9	4.220175E-9	3.880704E-9	3.763600E-9	3.836003E-9	3.787152E-9	4.059147E-9	4.056504E-9	4.169878E-9	4.159934E-9	4.251641E-9	4.135446E-9	4.158466E-9	4.110967E-9	4.259181E-9	4.263599E-9	4.309575E-9	4.538773E-9
0:28:41	1	2.421462E+1	1.517900E+1	1.522400E+1	5.574000E-4	-1.845700E-2	4.040000E+2	1.398800E-7	1.396831E-7	3.994812E-9	4.029722E-9	3.975455E-9	4.039255E-9	4.100385E-9	4.176898E-9	4.303801E-9	6.181558E-9	4.316712E-9	4.373014E-9	4.351927E-9	4.289271E-9	4.365474E-9	4.382169E-9	4.487748E-9	4.481112E-9	4.116496E-9	3.997673E-9	4.074989E-9	4.020233E-9	4.312747E-9	4.306017E-9	4.428941E-9	4.420149E-9	4.520628E-9	4.387923E-9	4.416149E-9	4.366888E-9	4.525218E-9	4.528969E-9	4.579714E-9	4.831026E-9
0:28:54	1	2.421333E+1	1.516600E+1	1.522700E+1	5.574000E-4	-1.848230E-2	4.060000E+2	1.492300E-7	1.497129E-7	4.258545E-9	4.277270E-9	4.223563E-9	4.296199E-9	4.356661E-9	4.438075E-9	4.578892E-9	7.740375E-9	4.584717E-9	4.649049E-9	4.626712E-9	4.562074E-9	4.639559E-9	4.659711E-9	4.772670E-9	4.762427E-9	4.373894E-9	4.248049E-9	4.327332E-9	4.273188E-9	4.586411E-9	4.579530E-9	4.713151E-9	4.702265E-9	4.796550E-9	4.666840E-9	4.692396E-9	4.652120E-9	4.823902E-9	4.828683E-9	4.878580E-9	5.143474E-9
0:29:08	1	2.421287E+1	1.515700E+1	1.520800E+1	5.447000E-4	-1.850760E-2	4.080000E+2	1.607000E-7	1.611192E-7	4.487591E-9	4.543480E-9	4.488736E-9	4.560547E-9	4.633589E-9	4.720499E-9	4.866174E-9	1.016262E-8	4.869391E-9	4.935889E-9	4.915913E-9	4.848645E-9	4.924412E-9	4.950316E-9	5.075074E-9	5.069501E-9	4.652765E-9	4.514157E-9	4.603294E-9	4.545199E-9	4.882097E-9	4.876537E-9	5.018654E-9	5.006538E-9	5.105953E-9	4.967801E-9	4.997118E-9	4.946661E-9	5.134268E-9	5.135872E-9	5.198585E-9	5.481312E-9
0:29:21	1	2.421393E+1	1.516700E+1	1.524200E+1	5.701000E-4	-1.846960E-2	4.100000E+2	1.741100E-7	1.754649E-7	4.737007E-9	4.848847E-9	4.788487E-9	4.869637E-9	4.943018E-9	5.035736E-9	5.191987E-9	1.422340E-8	5.198246E-9	5.266020E-9	5.243114E-9	5.177651E-9	5.263424E-9	5.289134E-9	5.421758E-9	5.414802E-9	4.965024E-9	4.822813E-9	4.916798E-9	4.859525E-9	5.217346E-9	5.215058E-9	5.366239E-9	5.357455E-9	5.454515E-9	5.306759E-9	5.342884E-9	5.299832E-9	5.495972E-9	5.502120E-9	5.559169E-9	5.871129E-9
0:29:35	1	2.421234E+1	1.518100E+1	1.525300E+1	5.574000E-4	-1.844430E-2	4.110629E+2	1.852300E-7	1.864559E-7	4.966368E-9	5.020098E-9	4.953660E-9	5.037853E-9	5.118324E-9	5.214318E-9	5.377825E-9	1.943494E-8	5.373705E-9	5.445872E-9	5.421604E-9	5.361289E-9	5.445092E-9	5.476056E-9	5.607293E-9	5.603970E-9	5.141203E-9	4.992372E-9	5.092353E-9	5.030668E-9	5.405383E-9	5.401955E-9	5.557060E-9	5.551890E-9	5.647837E-9	5.494670E-9	5.537488E-9	5.485724E-9	5.694442E-9	5.700577E-9	5.768909E-9	6.095067E-9
0:29:48	1	2.421431E+1	1.516400E+1	1.523300E+1	5.447000E-4	-1.848230E-2	4.121258E+2	1.975800E-7	1.998605E-7	5.172837E-9	5.198538E-9	5.133624E-9	5.220244E-9	5.306048E-9	5.408425E-9	5.575853E-9	2.661285E-8	5.569700E-9	5.650243E-9	5.621845E-9	5.560903E-9	5.648803E-9	5.677427E-9	5.821080E-9	5.810225E-9	5.330561E-9	5.178106E-9	5.283782E-9	5.213911E-9	5.599984E-9	5.604412E-9	5.767721E-9	5.754319E-9	5.861084E-9	5.702492E-9	5.737143E-9	5.691813E-9	5.916213E-9	5.918550E-9	5.989374E-9	6.322362E-9
0:30:02	1	2.421143E+1	1.514500E+1	1.518400E+1	5.447000E-4	-1.852030E-2	4.131887E+2	2.125800E-7	2.158000E-7	5.435119E-9	5.384861E-9	5.323260E-9	5.412509E-9	5.496432E-9	5.598196E-9	5.780576E-9	3.605277E-8	5.773619E-9	5.849307E-9	5.827270E-9	5.758875E-9	5.851753E-9	5.887192E-9	6.033029E-9	6.023506E-9	5.522325E-9	5.363968E-9	5.478297E-9	5.414393E-9	5.820770E-9	5.816632E-9	5.986596E-9	5.972799E-9	6.086186E-9	5.913768E-9	5.954603E-9	5.906071E-9	6.139815E-9	6.143620E-9	6.222006E-9	6.569915E-9
0:30:15	1	2.421409E+1	1.514700E+1	1.519000E+1	5.701000E-4	-1.844430E-2	4.142516E+2	2.326200E-7	2.372839E-7	5.507831E-9	5.601259E-9	5.531100E-9	5.629265E-9	5.720585E-9	5.825618E-9	6.012208E-9	5.033249E-8	5.999596E-9	6.084960E-9	6.057795E-9	5.986590E-9	6.089606E-9	6.125735E-9	6.280515E-9	6.276468E-9	5.746461E-9	5.582998E-9	5.698008E-9	5.629231E-9	6.052851E-9	6.056002E-9	6.237886E-9	6.226528E-9	6.327493E-9	6.164044E-9	6.207107E-9	6.154138E-9	6.398087E-9	6.405506E-9	6.481172E-9	6.854759E-9
0:30:29	1	2.421386E+1	1.515300E+1	1.521500E+1	5.447000E-4	-1.843160E-2	4.153145E+2	2.561600E-7	2.633821E-7	5.711210E-9	5.800948E-9	5.731039E-9	5.829756E-9	5.923070E-9	6.044492E-9	6.236070E-9	6.960943E-8	6.211629E-9	6.302794E-9	6.269353E-9	6.192329E-9	6.310802E-9	6.352099E-9	6.515333E-9	6.501586E-9	5.954570E-9	5.783083E-9	5.904176E-9	5.837549E-9	6.282157E-9	6.277548E-9	6.467883E-9	6.459802E-9	6.552973E-9	6.381477E-9	6.429558E-9	6.381630E-9	6.637160E-9	6.650473E-9	6.730426E-9	7.109657E-9
0:30:42	1	2.421257E+1	1.517900E+1	1.522900E+1	5.447000E-4	-1.843160E-2	4.163774E+2	2.889900E-7	2.989893E-7	5.914211E-9	6.044081E-9	5.972571E-9	6.072966E-9	6.175542E-9	6.295300E-9	6.497141E-9	9.695251E-8	6.467590E-9	6.561513E-9	6.537186E-9	6.458252E-9	6.568291E-9	6.613927E-9	6.794301E-9	6.784230E-9	6.198598E-9	6.027037E-9	6.154060E-9	6.089812E-9	6.554054E-9	6.550303E-9	6.751524E-9	6.745632E-9	6.847370E-9	6.660581E-9	6.708457E-9	6.658062E-9	6.923846E-9	6.945307E-9	7.028414E-9	7.436667E-9
0:30:56	1	2.421409E+1	1.517200E+1	1.520100E+1	5.701000E-4	-1.840630E-2	4.174403E+2	3.305500E-7	3.451833E-7	6.060202E-9	6.260541E-9	6.191220E-9	6.304722E-9	6.404258E-9	6.529197E-9	6.739763E-9	1.355327E-7	6.706499E-9	6.805761E-9	6.781306E-9	6.703523E-9	6.821156E-9	6.872726E-9	7.043434E-9	7.039281E-9	6.438828E-9	6.264636E-9	6.387002E-9	6.325403E-9	6.810303E-9	6.799941E-9	7.011218E-9	7.005656E-9	7.099143E-9	6.909100E-9	6.962982E-9	6.922275E-9	7.198344E-9	7.217901E-9	7.304638E-9	7.729552E-9
0:31:10	1	2.421295E+1	1.516200E+1	1.522100E+1	5.447000E-4	-1.836830E-2	4.185031E+2	3.876400E-7	4.072731E-7	6.334593E-9	6.542517E-9	6.467964E-9	6.575145E-9	6.681820E-9	6.817718E-9	7.044858E-9	1.881885E-7	7.004865E-9	7.099236E-9	7.069684E-9	7.012447E-9	7.123745E-9	7.176646E-9	7.365475E-9	7.350721E-9	6.733094E-9	6.539178E-9	6.676002E-9	6.609136E-9	7.108197E-9	7.115846E-9	7.330432E-9	7.329190E-9	7.412204E-9	7.223814E-9	7.287089E-9	7.233404E-9	7.524307E-9	7.554809E-9	7.645088E-9	8.095311E-9
0:31:23	1	2.421302E+1	1.516300E+1	1.522400E+1	5.447000E-4	-1.841900E-2	4.195660E+2	4.643000E-7	4.919916E-7	6.617180E-9	6.829471E-9	6.750268E-9	6.874173E-9	6.989222E-9	7.125788E-9	7.365556E-9	2.627786E-7	7.320600E-9	7.417169E-9	7.387717E-9	7.308805E-9	7.441537E-9	7.507449E-9	7.698982E-9	7.697855E-9	7.039080E-9	6.838581E-9	6.981506E-9	6.916943E-9	7.441237E-9	7.447247E-9	7.684208E-9	7.677272E-9	7.758683E-9	7.557748E-9	7.629508E-9	7.581572E-9	7.889737E-9	7.916809E-9	8.021917E-9	8.499185E-9
0:31:37	1	2.421439E+1	1.517100E+1	1.524600E+1	5.701000E-4	-1.844430E-2	4.206289E+2	5.626900E-7	5.970025E-7	6.769352E-9	7.100726E-9	7.024924E-9	7.142317E-9	7.267100E-9	7.419275E-9	7.670271E-9	3.583846E-7	7.613134E-9	7.718039E-9	7.695633E-9	7.616151E-9	7.747927E-9	7.813388E-9	8.022418E-9	8.017650E-9	7.324730E-9	7.116711E-9	7.266917E-9	7.203623E-9	7.755600E-9	7.769137E-9	8.008793E-9	8.014655E-9	8.077797E-9	7.874158E-9	7.944460E-9	7.901122E-9	8.230034E-9	8.263602E-9	8.368078E-9	8.860196E-9
0:31:50	1	2.421242E+1	1.516900E+1	1.523700E+1	5.701000E-4	-1.839360E-2	4.216918E+2	6.903400E-7	7.360954E-7	7.102578E-9	7.434024E-9	7.356406E-9	7.485963E-9	7.616951E-9	7.771661E-9	8.033669E-9	4.858340E-7	7.967980E-9	8.078628E-9	8.058178E-9	7.990372E-9	8.112593E-9	8.196129E-9	8.413697E-9	8.404849E-9	7.689759E-9	7.457466E-9	7.620546E-9	7.555939E-9	8.139183E-9	8.145200E-9	8.410088E-9	8.409068E-9	8.483613E-9	8.259214E-9	8.335434E-9	8.293294E-9	8.640364E-9	8.686562E-9	8.793327E-9	9.318644E-9
0:32:04	1	2.421500E+1	1.518100E+1	1.522800E+1	5.574000E-4	-1.841900E-2	4.227547E+2	8.504500E-7	9.052853E-7	7.456237E-9	7.773501E-9	7.689216E-9	7.830177E-9	7.966484E-9	8.130835E-9	8.407240E-9	6.431744E-7	8.328339E-9	8.446930E-9	8.420093E-9	8.362508E-9	8.494110E-9	8.574769E-9	8.805354E-9	8.801728E-9	8.031349E-9	7.804138E-9	7.976758E-9	7.921922E-9	8.544855E-9	8.539093E-9	8.819911E-9	8.828277E-9	8.871580E-9	8.658467E-9	8.742260E-9	8.690280E-9	9.061805E-9	9.107618E-9	9.226606E-9	9.798491E-9
0:32:17	1	2.421279E+1	1.517600E+1	1.522700E+1	5.827000E-4	-1.844430E-2	4.238176E+2	1.049000E-6	1.114829E-6	7.782717E-9	8.150685E-9	8.067981E-9	8.218312E-9	8.361000E-9	8.538287E-9	8.822877E-9	8.394105E-7	8.738207E-9	8.858453E-9	8.831764E-9	8.775001E-9	8.916481E-9	9.012853E-9	9.255541E-9	9.253984E-9	8.415323E-9	8.203805E-9	8.389476E-9	8.325145E-9	8.969454E-9	8.988667E-9	9.284072E-9	9.287456E-9	9.331494E-9	9.099168E-9	9.188800E-9	9.142664E-9	9.553527E-9	9.597741E-9	9.733142E-9	1.032405E-8
0:32:31	1	2.421416E+1	1.516300E+1	1.522600E+1	5.574000E-4	-1.845700E-2	4.248805E+2	1.278700E-6	1.352975E-6	8.161411E-9	8.545715E-9	8.464385E-9	8.623475E-9	8.776364E-9	8.968304E-9	9.265043E-9	1.063439E-6	9.167723E-9	9.300501E-9	9.283332E-9	9.232957E-9	9.368940E-9	9.459583E-9	9.728532E-9	9.712127E-9	8.875443E-9	8.605928E-9	8.816552E-9	8.754883E-9	9.447371E-9	9.452541E-9	9.771234E-9	9.776156E-9	9.790082E-9	9.561978E-9	9.664070E-9	9.632720E-9	1.004670E-8	1.011777E-8	1.026433E-8	1.089938E-8
0:32:44	1	2.421447E+1	1.515900E+1	1.520700E+1	5.447000E-4	-1.845700E-2	4.259434E+2	1.538200E-6	1.627617E-6	8.461345E-9	8.949948E-9	8.862492E-9	9.037811E-9	9.199770E-9	9.391342E-9	9.716369E-9	1.324040E-6	9.601169E-9	9.733258E-9	9.711317E-9	9.623218E-9	9.823678E-9	9.928841E-9	1.020716E-8	1.018495E-8	9.281207E-9	9.028316E-9	9.238966E-9	9.179105E-9	9.912416E-9	9.932037E-9	1.026794E-8	1.028242E-8	1.027282E-8	1.002849E-8	1.015064E-8	1.011929E-8	1.056154E-8	1.063781E-8	1.078379E-8	1.146793E-8
0:32:58	1	2.421219E+1	1.514900E+1	1.521200E+1	5.320000E-4	-1.849500E-2	4.270063E+2	1.834600E-6	1.929261E-6	8.937094E-9	9.451031E-9	9.359211E-9	9.549734E-9	9.716372E-9	9.916840E-9	1.027369E-8	1.608059E-6	1.012393E-8	1.027408E-8	1.025665E-8	1.016965E-8	1.038496E-8	1.048367E-8	1.079392E-8	1.078429E-8	9.794225E-9	9.545491E-9	9.770292E-9	9.712594E-9	1.049729E-8	1.052089E-8	1.088722E-8	1.090796E-8	1.086319E-8	1.062037E-8	1.074355E-8	1.071927E-8	1.121675E-8	1.128710E-8	1.145214E-8	1.218862E-8
0:33:11	1	2.421492E+1	1.512100E+1	1.517600E+1	5.447000E-4	-1.846960E-2	4.280692E+2	2.155700E-6	2.260995E-6	9.454340E-9	9.985090E-9	9.893856E-9	1.009893E-8	1.028366E-8	1.050080E-8	1.088426E-8	1.920389E-6	1.070773E-8	1.086040E-8	1.084739E-8	1.082223E-8	1.098539E-8	1.111057E-8	1.144763E-8	1.143951E-8	1.038212E-8	1.011610E-8	1.035333E-8	1.030664E-8	1.113573E-8	1.116624E-8	1.155971E-8	1.158946E-8	1.152532E-8	1.126462E-8	1.140786E-8	1.138445E-8	1.191452E-8	1.200996E-8	1.219470E-8	1.297357E-8
0:33:25	1	2.421401E+1	1.514700E+1	1.518800E+1	5.574000E-4	-1.845700E-2	4.291321E+2	2.490600E-6	2.587500E-6	9.890675E-9	1.050370E-8	1.040891E-8	1.063529E-8	1.082320E-8	1.106540E-8	1.147045E-8	2.228155E-6	1.126580E-8	1.144919E-8	1.142288E-8	1.135224E-8	1.158709E-8	1.172081E-8	1.206410E-8	1.208132E-8	1.091187E-8	1.065908E-8	1.093071E-8	1.087737E-8	1.177645E-8	1.179509E-8	1.222707E-8	1.227763E-8	1.215674E-8	1.189223E-8	1.204067E-8	1.204286E-8	1.261532E-8	1.271952E-8	1.292051E-8	1.376157E-8
0:33:38	1	2.421401E+1	1.518100E+1	1.521400E+1	5.574000E-4	-1.840630E-2	4.301950E+2	2.816600E-6	2.935224E-6	1.034328E-8	1.116507E-8	1.106991E-8	1.130030E-8	1.151555E-8	1.178299E-8	1.220514E-8	2.552298E-6	1.196661E-8	1.215318E-8	1.215321E-8	1.207075E-8	1.233979E-8	1.250017E-8	1.288175E-8	1.287223E-8	1.162837E-8	1.135047E-8	1.164238E-8	1.161404E-8	1.255851E-8	1.260719E-8	1.308805E-8	1.311775E-8	1.295935E-8	1.267120E-8	1.284049E-8	1.285842E-8	1.346692E-8	1.361112E-8	1.383718E-8	1.475475E-8
0:33:52	1	2.421371E+1	1.517700E+1	1.521000E+1	5.701000E-4	-1.852030E-2	4.312579E+2	3.203600E-6	3.317578E-6	1.094497E-8	1.188331E-8	1.179382E-8	1.204626E-8	1.227842E-8	1.256716E-8	1.303275E-8	2.908132E-6	1.275256E-8	1.296232E-8	1.294735E-8	1.293760E-8	1.317497E-8	1.334391E-8	1.371004E-8	1.377244E-8	1.237002E-8	1.212765E-8	1.245117E-8	1.243659E-8	1.345655E-8	1.351484E-8	1.402364E-8	1.407602E-8	1.385521E-8	1.357515E-8	1.377159E-8	1.377801E-8	1.446224E-8	1.462495E-8	1.488017E-8	1.589439E-8
0:34:05	1	2.421272E+1	1.518100E+1	1.522500E+1	5.701000E-4	-1.845700E-2	4.323208E+2	3.535400E-6	3.654996E-6	1.158929E-8	1.260356E-8	1.250261E-8	1.277785E-8	1.302678E-8	1.332680E-8	1.382910E-8	3.219587E-6	1.351239E-8	1.372964E-8	1.373864E-8	1.369728E-8	1.398804E-8	1.417281E-8	1.459267E-8	1.463189E-8	1.312916E-8	1.288450E-8	1.322514E-8	1.321903E-8	1.433155E-8	1.440700E-8	1.495999E-8	1.502894E-8	1.472971E-8	1.443319E-8	1.465279E-8	1.468272E-8	1.544202E-8	1.561204E-8	1.592498E-8	1.702661E-8
0:34:19	1	2.421538E+1	1.518400E+1	1.522600E+1	5.574000E-4	-1.850760E-2	4.333836E+2	3.905000E-6	4.014596E-6	1.232007E-8	1.342886E-8	1.332778E-8	1.364494E-8	1.390483E-8	1.425120E-8	1.479523E-8	3.547998E-6	1.440565E-8	1.465784E-8	1.466934E-8	1.465778E-8	1.495219E-8	1.516989E-8	1.563405E-8	1.567633E-8	1.404598E-8	1.377957E-8	1.414903E-8	1.417141E-8	1.539712E-8	1.548184E-8	1.609228E-8	1.619713E-8	1.577274E-8	1.547016E-8	1.573082E-8	1.578307E-8	1.662262E-8	1.683358E-8	1.716730E-8	1.840753E-8
0:34:32	1	2.421249E+1	1.519600E+1	1.523600E+1	5.701000E-4	-1.850760E-2	4.344465E+2	4.252900E-6	4.373962E-6	1.314683E-8	1.444951E-8	1.435529E-8	1.469663E-8	1.499410E-8	1.535368E-8	1.594885E-8	3.869142E-6	1.550398E-8	1.577411E-8	1.579201E-8	1.583387E-8	1.613372E-8	1.638564E-8	1.690607E-8	1.697760E-8	1.521804E-8	1.488026E-8	1.531007E-8	1.534847E-8	1.666373E-8	1.680921E-8	1.749652E-8	1.761331E-8	1.706534E-8	1.676068E-8	1.702611E-8	1.715326E-8	1.808636E-8	1.834983E-8	1.870234E-8	2.008431E-8
0:34:46	1	2.421340E+1	1.519000E+1	1.523700E+1	5.447000E-4	-1.848230E-2	4.355094E+2	4.607200E-6	4.686792E-6	1.407033E-8	1.544480E-8	1.536048E-8	1.575137E-8	1.606938E-8	1.647175E-8	1.714724E-8	4.143777E-6	1.657694E-8	1.686890E-8	1.693067E-8	1.693790E-8	1.732894E-8	1.760814E-8	1.816270E-8	1.825932E-8	1.626771E-8	1.596339E-8	1.643169E-8	1.654002E-8	1.798062E-8	1.812260E-8	1.891055E-8	1.905059E-8	1.833013E-8	1.803285E-8	1.836801E-8	1.849313E-8	1.953987E-8	1.985625E-8	2.030995E-8	2.182896E-8
0:34:59	1	2.421424E+1	1.517900E+1	1.523500E+1	5.574000E-4	-1.854560E-2	4.365723E+2	4.957900E-6	5.046529E-6	1.506036E-8	1.676986E-8	1.667150E-8	1.712538E-8	1.748779E-8	1.792580E-8	1.866672E-8	4.452861E-6	1.800406E-8	1.833590E-8	1.840879E-8	1.843668E-8	1.887559E-8	1.921924E-8	1.985861E-8	1.997790E-8	1.775361E-8	1.742806E-8	1.798289E-8	1.809918E-8	1.972520E-8	1.990081E-8	2.078490E-8	2.095800E-8	2.003328E-8	1.972356E-8	2.011831E-8	2.030615E-8	2.151573E-8	2.192066E-8	2.242115E-8	2.417198E-8
0:35:13	1	2.421257E+1	1.515500E+1	1.521000E+1	5.320000E-4	-1.858360E-2	4.376352E+2	5.278300E-6	5.362309E-6	1.602404E-8	1.807550E-8	1.800748E-8	1.850559E-8	1.890658E-8	1.943102E-8	2.022145E-8	4.716869E-6	1.943390E-8	1.982035E-8	1.988382E-8	1.996527E-8	2.046063E-8	2.082921E-8	2.154661E-8	2.170611E-8	1.923730E-8	1.890481E-8	1.952919E-8	1.970373E-8	2.151308E-8	2.174893E-8	2.272894E-8	2.300219E-8	2.176504E-8	2.144064E-8	2.193092E-8	2.217015E-8	2.356244E-8	2.405941E-8	2.465591E-8	2.666987E-8
0:35:26	1	2.421424E+1	1.516800E+1	1.524400E+1	5.701000E-4	-1.854560E-2	4.386981E+2	5.613000E-6	5.701036E-6	1.704529E-8	1.983311E-8	1.980087E-8	2.034818E-8	2.083976E-8	2.139479E-8	2.231100E-8	4.985487E-6	2.132254E-8	2.173964E-8	2.189015E-8	2.206093E-8	2.261163E-8	2.304419E-8	2.385975E-8	2.404296E-8	2.128025E-8	2.087986E-8	2.161160E-8	2.184616E-8	2.396817E-8	2.424878E-8	2.542944E-8	2.580045E-8	2.409544E-8	2.380525E-8	2.436625E-8	2.475820E-8	2.638327E-8	2.701720E-8	2.777698E-8	3.013644E-8
0:35:40	1	2.421135E+1	1.517000E+1	1.522700E+1	5.574000E-4	-1.857100E-2	4.397610E+2	5.979900E-6	6.069987E-6	1.882437E-8	2.191746E-8	2.190077E-8	2.255397E-8	2.308801E-8	2.378116E-8	2.483199E-8	5.268562E-6	2.358264E-8	2.410818E-8	2.426363E-8	2.457654E-8	2.519134E-8	2.571700E-8	2.668193E-8	2.693283E-8	2.359416E-8	2.326106E-8	2.410490E-8	2.451825E-8	2.695361E-8	2.732230E-8	2.874852E-8	2.925510E-8	2.696457E-8	2.667971E-8	2.741045E-8	2.789267E-8	2.984277E-8	3.070723E-8	3.168063E-8	3.453701E-8
0:35:53	1	2.421310E+1	1.516500E+1	1.524800E+1	5.447000E-4	-1.860900E-2	4.408239E+2	6.291600E-6	6.360043E-6	2.009308E-8	2.411839E-8	2.410667E-8	2.489335E-8	2.554571E-8	2.629563E-8	2.750982E-8	5.466576E-6	2.594435E-8	2.653897E-8	2.680714E-8	2.715403E-8	2.793720E-8	2.854032E-8	2.964416E-8	3.002509E-8	2.615355E-8	2.580540E-8	2.683996E-8	2.735547E-8	3.018345E-8	3.069396E-8	3.238398E-8	3.303963E-8	2.998787E-8	2.975878E-8	3.064724E-8	3.136341E-8	3.371581E-8	3.480387E-8	3.605620E-8	3.952481E-8
0:36:07	1	2.421249E+1	1.517900E+1	1.524400E+1	5.701000E-4	-1.862160E-2	4.418868E+2	6.655200E-6	6.752548E-6	2.216806E-8	2.710005E-8	2.719818E-8	2.817514E-8	2.890021E-8	2.980014E-8	3.125333E-8	5.726678E-6	2.923221E-8	2.993999E-8	3.031157E-8	3.076534E-8	3.177250E-8	3.260784E-8	3.403810E-8	3.443127E-8	2.966929E-8	2.942116E-8	3.067414E-8	3.148428E-8	3.488988E-8	3.562090E-8	3.770214E-8	3.868903E-8	3.430882E-8	3.415908E-8	3.529380E-8	3.634762E-8	3.934971E-8	4.089325E-8	4.258523E-8	4.708735E-8
