APD#	0001	Started	06/04/07 15:13	Sense_ohms	1.004464E+6	1.004628E+6	1.002105E+6	1.000924E+6	9.998282E+5	1.007735E+6	1.002821E+6	9.989270E+5	9.993226E+5	1.002376E+6	1.001862E+6	1.003102E+6	1.000030E+6	1.003780E+6	1.000011E+6	1.000898E+6	9.999006E+5	1.006439E+6	1.005624E+6	1.010450E+6	1.003884E+6	1.005600E+6	1.002519E+6	1.006362E+6	1.004620E+6	1.008599E+6	1.003214E+6	1.000475E+6	1.003139E+6	9.996927E+5	1.009944E+6	1.000506E+6					
ElapTime	Shutter_Open	DegC	H2O_In	H2O_Out	TE_A	TE_V	BiasV	KE237_Amps	Pixel_Sum	A1	A2	A3	A4	A5	A6	A7	A8	B1	B2	B3	B4	B5	B6	B7	B8	C1	C2	C3	C4	C5	C6	C7	C8	D1	D2	D3	D4	D5	D6	D7	D8
0:00:00	0	-1.109635E+1	1.504600E+1	1.557400E+1	1.786172E+0	1.813534E+0	0.000000E+0	-3.980000E-11	-1.223615E-10	-5.674668E-13	-5.044653E-12	-4.551419E-12	-7.973632E-12	-1.584272E-12	-9.114499E-12	-7.516795E-12	5.706123E-13	-5.197521E-12	-1.832646E-12	-1.706822E-12	-5.683370E-12	3.567473E-10	8.898364E-12	5.175243E-11	4.050363E-12	-4.751472E-12	-8.308502E-12	-5.480179E-12	1.567618E-12	-2.645774E-10	-9.908612E-11	-4.985342E-11	-1.605088E-11	-2.458641E-12	-4.522114E-12	-1.187085E-11	-5.508384E-12	-3.473098E-12	-4.498382E-12	-8.467796E-12	-6.267828E-12
0:00:13	0	-1.109232E+1	1.505100E+1	1.555300E+1	1.783892E+0	1.811394E+0	0.000000E+0	-3.976000E-11	-3.283290E-10	1.134934E-12	-1.103393E-11	-9.292439E-12	-1.196095E-11	-8.743502E-12	-1.194362E-11	-1.061206E-11	-5.389783E-12	-1.178999E-11	-9.036529E-12	-1.068510E-11	-9.219401E-12	3.097467E-10	6.306163E-13	1.849680E-11	-5.063453E-12	-1.197319E-11	-1.277673E-11	-1.152717E-11	-5.391657E-12	-2.491174E-10	-9.070903E-11	-5.276010E-11	-2.026805E-11	-1.147598E-11	-9.797749E-12	-1.079730E-11	-1.088983E-11	-1.010329E-11	-1.273591E-11	-1.254426E-11	-1.069959E-11
0:00:26	0	-1.109126E+1	1.503900E+1	1.555000E+1	1.783942E+0	1.811242E+0	1.000000E+1	2.909800E-10	-2.389004E-10	1.387805E-12	-5.107363E-12	-7.964235E-12	-3.923375E-12	-6.842175E-12	-7.919741E-12	-5.747785E-12	9.510204E-13	-6.085122E-12	-7.836381E-12	-8.598989E-12	-1.900804E-11	2.768717E-10	8.836598E-13	3.946357E-11	-1.392749E-12	-1.159315E-11	-9.252424E-12	-9.322570E-12	-4.012074E-12	-2.236892E-10	-8.050418E-11	-4.587245E-11	-1.699488E-11	-9.647429E-12	-9.483452E-12	-9.282167E-12	-1.101677E-11	-8.777448E-12	-7.223220E-12	-1.085110E-11	-1.050968E-11
0:00:40	0	-1.109240E+1	1.503300E+1	1.555400E+1	1.780839E+0	1.808531E+0	2.000000E+1	3.298400E-10	-2.359463E-10	3.784108E-12	-4.666404E-12	-6.257827E-12	-4.936439E-12	-6.716154E-12	-6.096841E-12	-5.622140E-12	-1.382383E-11	-5.704864E-12	-6.761934E-12	-4.868934E-12	-1.231380E-11	2.662940E-10	1.892845E-13	2.875868E-11	1.645522E-12	-8.678863E-12	-9.252424E-12	-8.125303E-12	-5.265971E-12	-2.217955E-10	-7.521281E-11	-4.536772E-11	-1.466570E-11	-9.269176E-12	-8.980774E-12	-8.839590E-12	-9.497489E-12	-6.440782E-12	-8.237531E-12	-9.658951E-12	-9.560163E-12
0:00:53	0	-1.109171E+1	1.502500E+1	1.553100E+1	1.777988E+0	1.806136E+0	3.000000E+1	3.376700E-10	-2.160193E-10	3.027485E-12	-4.035325E-12	-5.309823E-12	-2.467720E-12	-6.906186E-12	-5.657241E-12	-5.368854E-12	-6.467940E-12	-5.704864E-12	-8.151632E-12	-5.058581E-12	-3.725444E-12	2.538154E-10	-6.276276E-14	1.691281E-11	-8.862042E-13	-1.032603E-11	-9.441208E-12	-8.062656E-12	-4.764214E-12	-2.043802E-10	-7.036197E-11	-4.385054E-11	-1.309270E-11	-9.521013E-12	-7.724576E-12	-8.398009E-12	-8.863790E-12	-8.904050E-12	-6.272928E-12	-7.777659E-12	-8.230835E-12
0:01:07	0	-1.109285E+1	1.501100E+1	1.552300E+1	1.778090E+0	1.805858E+0	4.000000E+1	3.529900E-10	-2.153003E-10	3.027485E-12	-5.674737E-12	-7.964235E-12	-3.164076E-12	-6.842175E-12	-4.273941E-12	-6.442825E-12	3.805083E-12	-6.212208E-12	-7.836381E-12	-7.017933E-12	-1.187217E-11	2.332920E-10	-1.640798E-12	2.489473E-11	6.324321E-13	-1.058005E-11	-8.308502E-12	-8.188945E-12	-4.137760E-12	-1.951680E-10	-6.456643E-11	-4.151343E-11	-1.189632E-11	-9.521013E-12	-6.971056E-12	-8.903385E-12	-8.800820E-12	-8.777448E-12	-6.590025E-12	-8.844055E-12	-9.243323E-12
0:01:20	0	-1.099792E+1	1.500500E+1	1.551900E+1	1.775227E+0	1.803451E+0	5.000000E+1	3.608600E-10	-1.834302E-10	3.846828E-12	-3.972615E-12	-6.384561E-12	-2.277895E-12	-5.829001E-12	-3.708316E-12	-6.380002E-12	-1.902041E-13	-5.007392E-12	-7.520132E-12	-6.702520E-12	-1.635527E-11	2.317720E-10	-1.703561E-12	3.515561E-11	6.324321E-13	-1.083308E-11	-6.860823E-12	-9.448860E-12	-4.200109E-12	-1.889202E-10	-5.984288E-11	-4.088102E-11	-1.101492E-11	-8.448966E-12	-6.343453E-12	-2.841866E-12	-9.433519E-12	-8.461440E-12	-6.145889E-12	-6.961772E-12	-8.166868E-12
0:01:34	0	-1.106519E+1	1.500900E+1	1.550800E+1	1.775354E+0	1.803882E+0	6.000000E+1	3.877400E-10	-1.920358E-10	2.648179E-12	-5.863862E-12	-8.090969E-12	-3.353901E-12	-5.701980E-12	-4.085399E-12	-4.421527E-12	-1.071650E-11	-5.071435E-12	-6.572384E-12	-4.679287E-12	-1.256702E-11	2.169495E-10	-2.840264E-12	2.514772E-11	1.835352E-12	-6.968693E-12	-1.070110E-12	-9.133632E-12	-5.015587E-12	-1.785724E-10	-5.662987E-11	-3.942768E-11	-9.630729E-12	-8.890924E-12	-7.850494E-12	-9.028981E-12	-8.990729E-12	-7.072798E-12	-5.892811E-12	-3.512076E-12	-6.964476E-12
0:01:47	0	-1.099161E+1	1.502100E+1	1.552000E+1	1.775683E+0	1.803818E+0	7.000000E+1	3.917300E-10	-1.904572E-10	3.909548E-12	-4.350864E-12	-5.626157E-12	-2.594603E-12	-6.652143E-12	-4.399966E-12	-3.284734E-12	-9.828546E-12	-5.324607E-12	-6.761934E-12	-5.248228E-12	-2.526164E-12	2.118826E-10	-3.218833E-12	1.228886E-11	-5.065451E-13	-5.891586E-12	-3.021544E-12	-7.117969E-12	-3.385620E-12	-1.781311E-10	-5.429893E-11	-3.652100E-11	-9.504532E-12	-8.890924E-12	-8.101337E-12	-6.756285E-12	-7.534421E-12	-7.956026E-12	-6.717064E-12	-5.206229E-12	-9.180355E-12
0:02:01	0	-1.109300E+1	1.501100E+1	1.552600E+1	1.775721E+0	1.803945E+0	8.000000E+1	4.103100E-10	-1.721189E-10	3.657672E-12	-4.729114E-12	-1.643540E-12	-2.467720E-12	-5.955023E-12	-3.394742E-12	-1.958475E-12	-1.458565E-12	-5.831951E-12	-8.342179E-12	-5.563641E-12	-2.526164E-12	2.000370E-10	-3.218833E-12	9.627894E-12	-5.694886E-13	-9.248919E-12	-4.971985E-12	-6.866383E-12	-5.015587E-12	-1.612826E-10	-5.329157E-11	-3.412005E-11	-2.832977E-12	-9.016344E-12	-7.850494E-12	-7.703242E-12	-8.483970E-12	-8.398637E-12	-6.019850E-12	-4.892350E-12	-7.787060E-12
0:02:14	0	-1.105903E+1	1.501900E+1	1.552400E+1	1.773339E+0	1.801728E+0	9.000000E+1	3.607600E-10	-1.385813E-10	4.035983E-12	-4.918238E-12	-4.108352E-12	-3.290959E-12	-5.829001E-12	-2.703092E-12	-1.705190E-12	7.863437E-12	-5.071435E-12	-7.646831E-12	-6.765403E-12	-1.187217E-11	1.967431E-10	-1.135707E-12	1.976378E-11	-6.294348E-14	-8.932888E-12	2.202816E-12	-7.557497E-13	-3.949725E-12	-1.514398E-10	-5.039379E-11	-3.386769E-11	-7.741747E-12	-8.701798E-12	-7.347816E-12	-6.693487E-12	-8.673880E-12	-7.766621E-12	-5.069558E-12	-4.452722E-12	-8.293803E-12
0:02:28	0	-1.099298E+1	1.501300E+1	1.552500E+1	1.773567E+0	1.801817E+0	1.000000E+2	3.859500E-10	-9.800093E-11	3.279361E-12	-5.801152E-12	-3.666282E-12	-2.341836E-12	-5.764990E-12	3.394742E-12	-3.789310E-13	4.883240E-12	-5.514736E-12	-7.899231E-12	-6.638639E-12	-1.199878E-11	1.928162E-10	2.965789E-12	2.514772E-11	1.708466E-12	-7.981793E-12	-1.510275E-12	-4.976015E-12	-3.886387E-12	-1.472750E-10	-4.913385E-11	-3.197146E-11	-1.887989E-13	-8.512671E-12	-7.724576E-12	-7.072270E-12	-7.154602E-12	-8.145431E-12	-5.322636E-12	1.448892E-11	-5.825053E-12
0:02:42	0	-1.096349E+1	1.502100E+1	1.553800E+1	1.773111E+0	1.801589E+0	1.200000E+2	1.205800E-9	-4.531720E-11	6.432286E-12	2.585036E-12	-2.401944E-12	9.113579E-12	-3.991686E-12	7.103058E-12	1.958475E-12	1.395497E-12	-1.965331E-12	-4.107241E-12	-3.035348E-12	-1.004085E-11	1.804636E-10	3.849449E-12	2.806169E-11	3.417931E-12	-6.588655E-12	-1.258894E-12	-5.606469E-12	-3.071899E-12	-1.395769E-10	-4.491348E-11	-2.837053E-11	-4.783567E-12	-7.755171E-12	-3.705140E-12	-1.445953E-11	-3.925136E-12	-4.609531E-12	-2.724837E-12	9.220313E-12	-2.025975E-12
0:02:55	0	-1.099290E+1	1.503100E+1	1.552800E+1	1.772972E+0	1.801373E+0	1.400000E+2	1.283900E-9	4.798739E-12	4.667166E-12	3.152411E-12	3.160347E-12	1.120165E-11	-3.167544E-12	1.546339E-11	4.105419E-12	-5.326716E-12	-2.598760E-12	-4.866437E-12	-1.833586E-12	-5.556763E-12	1.819845E-10	2.713742E-12	1.944679E-11	4.050363E-12	-4.624460E-12	1.007016E-11	-4.661782E-12	-4.012074E-12	-1.340872E-10	-4.554296E-11	-2.641147E-11	-5.098563E-12	-8.827218E-12	2.324016E-12	2.715273E-12	-2.975587E-12	-3.283692E-12	-2.344721E-12	4.076464E-12	8.865514E-13
0:03:09	0	-1.099169E+1	1.503500E+1	1.554600E+1	1.773225E+0	1.801779E+0	1.600000E+2	1.403300E-9	5.232874E-11	4.225139E-12	1.286247E-11	2.149475E-12	3.088346E-11	-5.892012E-12	1.621756E-11	8.148014E-12	-6.532009E-12	3.359276E-12	-4.550189E-12	-1.896469E-12	-1.263082E-12	1.707729E-10	5.048915E-12	1.513883E-11	7.151578E-12	-3.801378E-12	8.244911E-12	-3.590805E-12	-3.259934E-12	-1.284710E-10	-4.188942E-11	-1.687050E-11	-2.958180E-12	-6.304871E-12	-4.710494E-12	-2.904664E-12	-4.427897E-13	-2.020657E-12	1.900584E-13	2.509050E-12	2.785590E-12
0:03:23	0	-1.110273E+1	1.505200E+1	1.553900E+1	1.773276E+0	1.801918E+0	1.800000E+2	1.511500E-9	1.405365E-10	5.234633E-12	1.399822E-11	1.207359E-11	2.677026E-11	-4.814827E-12	1.590299E-11	1.067489E-11	-1.395497E-12	-1.270861E-13	-1.263997E-12	-3.792938E-13	9.851441E-12	1.721028E-10	7.572376E-12	6.777925E-12	9.239703E-12	-3.737371E-12	2.995909E-11	-1.322562E-12	-4.384185E-13	-1.236129E-10	-3.955947E-11	-1.270001E-11	-5.098563E-12	-5.926619E-12	-1.883801E-12	-3.156854E-12	3.735226E-12	-1.266026E-13	2.090642E-12	3.951704E-12	1.614483E-11
0:03:37	0	-1.105865E+1	1.502500E+1	1.554700E+1	1.773757E+0	1.802463E+0	2.000000E+2	1.856500E-9	4.762337E-10	7.378064E-12	1.298889E-11	1.169438E-11	3.259288E-11	-2.027348E-12	1.785192E-11	1.339122E-11	1.027302E-11	3.486362E-12	1.011596E-12	-8.853515E-13	1.174557E-11	1.695059E-10	9.655502E-12	7.537917E-12	8.676808E-11	-3.357334E-12	3.480588E-11	1.281861E-10	3.009550E-12	-1.161041E-10	-3.212609E-11	-1.067810E-11	-1.887989E-12	-2.585057E-12	-1.256198E-12	1.938470E-11	5.888203E-12	1.768449E-12	5.702752E-12	2.395974E-11	2.855455E-11
0:03:50	0	-1.099169E+1	1.503200E+1	1.552100E+1	1.770907E+0	1.799587E+0	2.200000E+2	6.051700E-8	6.582879E-8	1.823161E-10	1.201918E-9	6.594259E-10	2.669801E-9	9.503633E-12	3.349299E-9	9.175586E-10	1.940482E-11	2.050599E-10	9.163228E-12	6.702520E-12	5.364699E-9	1.819205E-10	2.460075E-9	1.900279E-11	1.476005E-8	5.669964E-11	2.481584E-9	7.105534E-9	5.864001E-10	3.211465E-9	2.591182E-9	1.688321E-9	1.140993E-9	1.069829E-9	1.107123E-9	7.612394E-10	2.412254E-11	3.024705E-11	1.848338E-10	7.734717E-9	4.038599E-9
0:04:13	0	-1.099245E+1	1.501300E+1	1.551600E+1	1.770971E+0	1.799270E+0	2.400000E+2	2.060100E-5	3.052926E-5	3.041387E-7	8.186179E-7	9.041321E-7	8.767070E-7	6.109300E-7	2.310677E-6	1.140001E-6	8.734775E-7	8.713236E-8	2.333770E-7	3.644370E-7	2.235626E-6	1.152484E-6	1.259031E-6	3.028671E-7	1.194577E-6	3.600371E-7	6.951655E-7	1.751178E-6	3.700268E-7	2.146424E-6	1.456721E-6	1.239702E-6	5.531418E-7	3.763752E-7	6.156357E-7	1.272293E-6	2.387108E-7	7.342707E-7	1.091571E-7	2.221672E-6	1.720537E-6
0:04:31	0	-1.098956E+1	1.503100E+1	1.553600E+1	1.780281E+0	1.806479E+0	2.600000E+2	9.998800E-5	1.019889E-4	1.150881E-6	2.903898E-6	3.922189E-6	2.753874E-6	2.944401E-6	4.308305E-6	4.664081E-6	3.215751E-6	4.242849E-7	1.129884E-6	2.669651E-6	4.807530E-6	4.225263E-6	4.046306E-6	2.247952E-6	4.024202E-6	1.246166E-6	2.343269E-6	4.684916E-6	2.110317E-6	4.355029E-6	3.925708E-6	3.643449E-6	3.011624E-6	2.501758E-6	2.459447E-6	4.277432E-6	2.897890E-6	3.054733E-6	1.059358E-6	6.147418E-6	4.831969E-6
0:04:45	0	-1.089394E+1	1.501700E+1	1.552200E+1	1.783765E+0	1.809962E+0	2.800000E+2	9.998800E-5	1.007093E-4	7.275842E-7	2.721502E-6	4.156860E-6	2.613644E-6	2.675284E-6	3.769951E-6	4.997424E-6	3.380952E-6	3.276296E-7	9.802960E-7	2.594879E-6	4.265591E-6	3.975886E-6	3.924005E-6	2.165549E-6	3.765903E-6	1.076775E-6	2.171793E-6	4.562567E-6	2.110004E-6	3.848138E-6	3.775215E-6	4.674571E-6	3.511086E-6	2.288083E-6	2.493465E-6	4.193083E-6	3.536658E-6	2.994939E-6	1.137546E-6	6.415909E-6	4.876531E-6
0:04:59	0	-1.100225E+1	1.502000E+1	1.553400E+1	1.775518E+0	1.803337E+0	3.000000E+2	9.998800E-5	1.003205E-4	6.929526E-7	2.684910E-6	3.169551E-6	2.546674E-6	4.300229E-6	3.656935E-6	5.210321E-6	3.566253E-6	3.176336E-7	9.813319E-7	2.470656E-6	3.859302E-6	3.834378E-6	3.868445E-6	2.166328E-6	3.698356E-6	1.037310E-6	2.123599E-6	4.479610E-6	2.156823E-6	3.572979E-6	3.764640E-6	4.648572E-6	3.819743E-6	2.137267E-6	2.283139E-6	4.058072E-6	3.753124E-6	2.940133E-6	1.250759E-6	6.263674E-6	5.006772E-6
0:05:13	0	-1.089166E+1	1.500700E+1	1.553200E+1	1.786324E+0	1.811837E+0	3.200000E+2	9.998800E-5	9.988456E-5	7.159636E-7	2.747579E-6	4.115833E-6	2.597463E-6	3.714679E-6	3.660153E-6	5.233293E-6	3.418996E-6	3.244858E-7	1.034372E-6	2.554601E-6	2.798377E-6	3.849294E-6	3.855850E-6	2.267695E-6	3.779351E-6	1.068426E-6	2.195130E-6	4.549542E-6	2.272218E-6	3.496483E-6	3.795383E-6	4.442145E-6	4.049192E-6	2.150721E-6	2.296540E-6	4.065787E-6	3.801872E-6	2.881171E-6	1.428796E-6	5.676871E-6	5.046301E-6
0:05:27	0	-1.094023E+1	1.501800E+1	1.552800E+1	1.786869E+0	1.812635E+0	3.400000E+2	9.998800E-5	1.007249E-4	7.377227E-7	2.860887E-6	4.223245E-6	2.769877E-6	3.559871E-6	3.679097E-6	5.310721E-6	3.476139E-6	3.079767E-7	9.902843E-7	2.445405E-6	4.148384E-6	3.590156E-6	3.629502E-6	2.147871E-6	3.579044E-6	9.635566E-7	2.027707E-6	4.362824E-6	2.142813E-6	3.217072E-6	3.544597E-6	4.019623E-6	4.036000E-6	1.960601E-6	2.132138E-6	3.859067E-6	3.552498E-6	2.760099E-6	4.599775E-6	5.371120E-6	4.719213E-6
0:05:41	0	-1.089311E+1	1.502100E+1	1.553400E+1	1.788972E+0	1.814307E+0	3.600000E+2	9.998800E-5	9.922467E-5	7.338029E-7	2.763738E-6	4.170519E-6	2.736471E-6	3.428990E-6	3.610701E-6	5.503988E-6	3.395117E-6	2.798411E-7	1.032788E-6	2.513811E-6	3.987919E-6	3.618050E-6	3.650584E-6	2.463157E-6	3.685149E-6	1.021386E-6	1.893368E-6	4.404658E-6	2.315457E-6	3.276298E-6	3.751834E-6	4.072346E-6	4.244680E-6	1.991765E-6	2.170169E-6	3.889663E-6	3.673596E-6	2.831372E-6	1.749435E-6	5.589521E-6	4.774499E-6
0:05:54	0	-1.098515E+1	1.501400E+1	1.553000E+1	1.780611E+0	1.807961E+0	3.620000E+2	9.998800E-5	1.007772E-4	7.723606E-7	2.771871E-6	4.177920E-6	2.845548E-6	3.413716E-6	3.656960E-6	5.931852E-6	3.209461E-6	2.670133E-7	1.053245E-6	2.531822E-6	3.763160E-6	3.580225E-6	3.663419E-6	2.829170E-6	3.649629E-6	1.019805E-6	1.854217E-6	4.363145E-6	2.271334E-6	3.139378E-6	3.664158E-6	3.878675E-6	4.136475E-6	3.480896E-6	2.041752E-6	3.782559E-6	3.484112E-6	2.800661E-6	2.799836E-6	5.380779E-6	4.562002E-6
0:06:08	0	-1.089311E+1	1.501200E+1	1.553300E+1	1.788997E+0	1.814523E+0	3.640000E+2	9.998800E-5	9.988177E-5	7.992025E-7	2.769399E-6	4.085014E-6	2.783438E-6	3.378031E-6	3.658859E-6	6.228089E-6	3.138401E-6	2.562356E-7	1.042418E-6	2.542153E-6	3.647577E-6	3.544464E-6	3.715192E-6	3.098573E-6	3.665607E-6	1.039629E-6	1.876552E-6	4.276497E-6	1.865881E-6	3.162710E-6	3.721525E-6	3.864402E-6	4.197652E-6	2.386274E-6	2.083658E-6	3.854382E-6	3.668582E-6	2.857803E-6	2.741717E-6	5.360540E-6	4.571315E-6
0:06:21	0	-1.098834E+1	1.505100E+1	1.554600E+1	1.780877E+0	1.807581E+0	3.660000E+2	9.998800E-5	1.000218E-4	8.514293E-7	2.812221E-6	4.059953E-6	3.163856E-6	3.408655E-6	3.712302E-6	5.893059E-6	3.237741E-6	2.550102E-7	1.066818E-6	2.581913E-6	3.559000E-6	3.559836E-6	3.728734E-6	2.907855E-6	3.705045E-6	1.061122E-6	1.904457E-6	4.269153E-6	1.865035E-6	3.196667E-6	3.754959E-6	3.825629E-6	4.254618E-6	2.214690E-6	2.087187E-6	3.852829E-6	3.697045E-6	2.917275E-6	2.690555E-6	5.327201E-6	4.599929E-6
0:06:35	0	-1.099161E+1	1.505100E+1	1.555000E+1	1.780129E+0	1.807137E+0	3.680000E+2	9.998800E-5	9.989139E-5	8.658092E-7	2.779884E-6	4.007650E-6	3.771241E-6	3.375149E-6	3.704345E-6	6.191203E-6	3.212612E-6	2.441305E-7	1.068262E-6	2.128464E-6	3.448758E-6	3.499115E-6	3.629350E-6	3.106053E-6	3.678644E-6	1.056768E-6	1.882921E-6	4.454599E-6	1.842149E-6	3.199399E-6	3.749063E-6	3.789945E-6	4.257437E-6	2.114960E-6	2.082295E-6	3.825807E-6	3.565160E-6	2.831107E-6	2.626569E-6	5.298339E-6	4.604202E-6
0:06:48	0	-1.089296E+1	1.504200E+1	1.556300E+1	1.790593E+0	1.816309E+0	3.700000E+2	9.998800E-5	1.000363E-4	8.994242E-7	2.750119E-6	3.991343E-6	3.963785E-6	3.022537E-6	3.752773E-6	6.271354E-6	3.270224E-6	2.432182E-7	1.072882E-6	2.097037E-6	3.440827E-6	3.510275E-6	3.622428E-6	3.171159E-6	3.699539E-6	1.078203E-6	1.901096E-6	4.207774E-6	1.864308E-6	3.337083E-6	3.771190E-6	3.806340E-6	4.278792E-6	2.055916E-6	2.081692E-6	3.807649E-6	3.561159E-6	2.886987E-6	2.697784E-6	5.304780E-6	4.616573E-6
0:07:02	0	-1.099184E+1	1.502200E+1	1.555000E+1	1.783930E+0	1.810482E+0	3.720000E+2	9.998800E-5	1.006841E-4	9.225563E-7	2.752339E-6	3.996096E-6	4.027572E-6	2.933619E-6	3.768505E-6	6.240355E-6	3.310944E-6	2.386570E-7	1.068615E-6	2.051069E-6	3.469854E-6	3.470278E-6	3.634922E-6	3.163793E-6	3.678023E-6	1.055374E-6	1.896150E-6	4.066808E-6	2.839539E-6	3.300911E-6	3.800945E-6	3.768843E-6	4.250501E-6	2.118491E-6	1.985861E-6	3.787597E-6	3.516874E-6	2.867230E-6	2.815656E-6	5.228550E-6	4.657621E-6
0:07:15	0	-1.095072E+1	1.502700E+1	1.553600E+1	1.784449E+0	1.810431E+0	3.740000E+2	9.998800E-5	1.002999E-4	8.137659E-7	2.756884E-6	3.950499E-6	4.032084E-6	2.901988E-6	3.835940E-6	6.210973E-6	3.302289E-6	2.404460E-7	1.100699E-6	2.056259E-6	3.570845E-6	3.019324E-6	3.669848E-6	3.168087E-6	3.706121E-6	1.055788E-6	1.990916E-6	3.928789E-6	2.071485E-6	3.326224E-6	4.004511E-6	3.800218E-6	4.293860E-6	2.123428E-6	2.051517E-6	3.789213E-6	3.535120E-6	2.960767E-6	3.121494E-6	5.257951E-6	4.652569E-6
0:07:29	0	-1.099541E+1	1.502400E+1	1.554200E+1	1.783461E+0	1.809949E+0	3.760000E+2	9.998800E-5	1.000767E-4	8.357584E-7	2.777986E-6	3.975484E-6	4.033299E-6	2.878517E-6	3.826349E-6	6.169527E-6	3.372861E-6	2.376224E-7	1.118889E-6	2.041756E-6	3.589548E-6	2.928986E-6	3.655247E-6	3.194043E-6	3.736414E-6	1.057000E-6	1.631450E-6	3.932001E-6	2.045822E-6	3.351986E-6	4.085511E-6	3.781719E-6	4.272228E-6	2.034171E-6	2.072969E-6	3.756818E-6	3.498648E-6	2.968565E-6	3.272541E-6	5.289779E-6	4.653164E-6
0:07:42	0	-1.099176E+1	1.502100E+1	1.554300E+1	1.783486E+0	1.810393E+0	3.780000E+2	9.998800E-5	9.952602E-5	8.054710E-7	2.679834E-6	3.820023E-6	3.837604E-6	2.686459E-6	3.703019E-6	5.674876E-6	3.314888E-6	2.100643E-7	9.760142E-7	1.882185E-6	3.458299E-6	2.704525E-6	3.493066E-6	5.538297E-6	3.572418E-6	9.651253E-7	1.506124E-6	3.845548E-6	3.636810E-6	3.178054E-6	4.056537E-6	3.646368E-6	4.081259E-6	1.883235E-6	2.009360E-6	3.607002E-6	3.358165E-6	2.904748E-6	2.657343E-6	5.205991E-6	4.627310E-6
0:07:56	0	-1.101844E+1	1.502700E+1	1.552800E+1	1.789922E+0	1.815701E+0	3.800000E+2	9.998800E-5	1.004496E-4	9.027706E-7	2.772419E-6	3.917474E-6	3.893449E-6	2.763030E-6	3.774124E-6	5.825723E-6	3.610955E-6	2.255053E-7	1.044700E-6	1.954100E-6	3.590375E-6	2.736156E-6	3.583344E-6	4.508428E-6	3.657893E-6	1.002290E-6	1.535413E-6	3.895993E-6	2.854289E-6	3.300249E-6	4.177893E-6	3.668437E-6	4.119129E-6	1.885435E-6	1.739494E-6	3.650219E-6	3.434889E-6	2.960729E-6	3.205691E-6	5.113254E-6	5.145763E-6
0:08:09	0	-1.099214E+1	1.502400E+1	1.553600E+1	1.784120E+0	1.810456E+0	3.820000E+2	9.998800E-5	1.000247E-4	9.388390E-7	2.782065E-6	3.916829E-6	3.864637E-6	2.763524E-6	3.775507E-6	5.764027E-6	3.588775E-6	2.244643E-7	9.497958E-7	1.936543E-6	3.644742E-6	2.103387E-6	3.617891E-6	4.173539E-6	3.677903E-6	1.009935E-6	1.492883E-6	3.910505E-6	2.638323E-6	3.317126E-6	4.156068E-6	3.629720E-6	3.945690E-6	1.888134E-6	1.752845E-6	3.675373E-6	3.467892E-6	3.016312E-6	3.357936E-6	5.181224E-6	5.862271E-6
0:08:23	0	-1.086764E+1	1.502000E+1	1.551000E+1	1.783664E+0	1.810127E+0	3.840000E+2	9.998800E-5	1.002994E-4	9.897294E-7	2.795822E-6	3.915938E-6	3.865719E-6	2.785019E-6	3.845098E-6	5.807855E-6	3.679308E-6	2.321800E-7	9.873651E-7	1.978971E-6	3.350072E-6	2.180746E-6	3.645744E-6	4.084751E-6	3.717182E-6	1.018883E-6	1.532103E-6	3.963034E-6	2.593229E-6	3.332786E-6	4.121363E-6	3.725628E-6	3.988570E-6	1.873513E-6	1.775553E-6	3.681794E-6	3.529745E-6	3.050389E-6	3.317665E-6	5.442127E-6	5.491520E-6
0:08:36	0	-1.099237E+1	1.501800E+1	1.553100E+1	1.783955E+0	1.810520E+0	3.860000E+2	9.998800E-5	1.000402E-4	1.035230E-6	2.806799E-6	3.916728E-6	3.807501E-6	2.740991E-6	3.664779E-6	5.832121E-6	3.705171E-6	2.359456E-7	1.007709E-6	1.983782E-6	3.444963E-6	2.187986E-6	3.669729E-6	3.985798E-6	3.748944E-6	1.028755E-6	1.566346E-6	3.963040E-6	2.446579E-6	3.359885E-6	4.104697E-6	3.675924E-6	4.074405E-6	1.876577E-6	1.792389E-6	3.688208E-6	3.531492E-6	3.083898E-6	3.283527E-6	5.469703E-6	5.320636E-6
0:08:50	0	-1.099192E+1	1.501000E+1	1.553700E+1	1.783753E+0	1.810355E+0	3.880000E+2	9.998800E-5	9.956335E-5	1.065449E-6	2.820770E-6	3.918959E-6	3.715694E-6	2.741301E-6	3.713616E-6	5.742571E-6	3.753386E-6	2.374132E-7	1.029364E-6	1.995978E-6	3.481656E-6	2.225222E-6	3.567727E-6	3.886806E-6	3.742185E-6	1.022018E-6	1.583162E-6	3.480356E-6	2.534393E-6	3.360623E-6	4.092761E-6	3.771679E-6	4.063032E-6	1.854920E-6	1.777205E-6	3.695576E-6	3.451318E-6	3.114559E-6	3.271559E-6	5.586166E-6	5.265926E-6
0:09:03	0	-1.090132E+1	1.503000E+1	1.554300E+1	1.793735E+0	1.818627E+0	3.900000E+2	9.998800E-5	9.926277E-5	1.093955E-6	2.844873E-6	4.165469E-6	3.784246E-6	2.782346E-6	3.742258E-6	5.832468E-6	3.801442E-6	2.423649E-7	1.057974E-6	2.038140E-6	3.618468E-6	2.257074E-6	3.727516E-6	3.978583E-6	3.846519E-6	1.070180E-6	1.661086E-6	3.585157E-6	2.599416E-6	3.456955E-6	4.128587E-6	3.927469E-6	4.199647E-6	1.878323E-6	1.355987E-6	3.781069E-6	2.740624E-6	3.223256E-6	3.401868E-6	4.997682E-6	4.441770E-6
0:09:17	0	-1.099214E+1	1.502900E+1	1.553000E+1	1.786400E+0	1.812318E+0	3.920000E+2	9.998800E-5	9.976714E-5	1.130593E-6	2.899850E-6	3.519952E-6	3.842502E-6	2.837663E-6	3.793998E-6	7.121355E-6	3.754344E-6	2.425475E-7	1.051357E-6	2.044873E-6	3.759864E-6	2.277785E-6	3.730627E-6	3.931808E-6	3.839785E-6	1.055552E-6	1.668002E-6	3.845151E-6	2.578673E-6	3.436828E-6	4.164061E-6	3.885896E-6	4.090537E-6	1.826643E-6	1.312291E-6	3.479430E-6	2.845040E-6	3.202539E-6	3.470783E-6	4.953674E-6	4.173139E-6
0:09:30	0	-1.099260E+1	1.499700E+1	1.553900E+1	1.786413E+0	1.812230E+0	3.940000E+2	9.998800E-5	9.983817E-5	1.165062E-6	2.905871E-6	4.005880E-6	3.467539E-6	2.923058E-6	3.908077E-6	7.214087E-6	3.735112E-6	2.193852E-7	9.867305E-7	2.081649E-6	3.132726E-6	2.335549E-6	3.781896E-6	3.946737E-6	3.895177E-6	1.074452E-6	1.723862E-6	3.506224E-6	2.640361E-6	3.467763E-6	4.212044E-6	3.956417E-6	4.206772E-6	1.839536E-6	1.333015E-6	3.387731E-6	2.888546E-6	3.247736E-6	3.489151E-6	4.950645E-6	4.209382E-6
0:09:44	0	-1.098903E+1	1.502700E+1	1.552000E+1	1.786286E+0	1.812496E+0	3.960000E+2	9.998800E-5	1.012258E-4	1.115908E-6	2.791352E-6	4.136647E-6	6.203880E-6	2.815934E-6	3.776481E-6	6.763719E-6	3.609408E-6	1.968453E-7	9.387950E-7	1.970695E-6	3.052503E-6	2.233000E-6	3.628839E-6	5.237427E-6	3.504687E-6	9.119156E-7	1.547899E-6	3.476168E-6	2.416002E-6	3.238196E-6	3.974063E-6	4.638994E-6	4.028775E-6	1.660191E-6	1.188910E-6	3.116592E-6	2.685602E-6	4.686052E-6	3.252317E-6	4.449668E-6	3.978311E-6
0:09:57	0	-1.099283E+1	1.502900E+1	1.552700E+1	1.786058E+0	1.812382E+0	3.980000E+2	9.998800E-5	1.002895E-4	1.096976E-6	2.725014E-6	4.125712E-6	5.963376E-6	2.787243E-6	3.767462E-6	6.544734E-6	3.590671E-6	1.975268E-7	9.514921E-7	2.638755E-6	3.134299E-6	2.242070E-6	3.628171E-6	3.881435E-6	3.748412E-6	9.959462E-7	1.657253E-6	3.654490E-6	2.464889E-6	3.265004E-6	3.965220E-6	5.658604E-6	4.069610E-6	1.708561E-6	1.271246E-6	3.203594E-6	2.652587E-6	3.557145E-6	3.225244E-6	3.832981E-6	4.083737E-6
0:10:11	0	-1.099192E+1	1.504600E+1	1.554900E+1	1.786235E+0	1.812572E+0	4.000000E+2	9.998800E-5	1.001568E-4	1.129363E-6	2.699448E-6	4.190802E-6	5.222898E-6	3.068567E-6	3.831352E-6	7.007703E-6	3.373971E-6	1.918651E-7	9.685400E-7	2.312198E-6	3.363647E-6	2.232905E-6	3.590664E-6	4.291684E-6	3.722416E-6	9.784532E-7	1.653471E-6	3.308237E-6	2.431115E-6	3.246057E-6	4.150198E-6	5.538442E-6	4.024193E-6	1.671912E-6	1.269563E-6	3.113827E-6	2.606669E-6	3.409540E-6	3.609931E-6	3.908597E-6	4.038599E-6
0:10:24	0	-1.099283E+1	1.503900E+1	1.557100E+1	1.786425E+0	1.812559E+0	4.020000E+2	9.998800E-5	1.000862E-4	1.154965E-6	2.705860E-6	4.166429E-6	4.886372E-6	3.185942E-6	3.898938E-6	6.044146E-6	3.323955E-6	1.907830E-7	1.023451E-6	2.331442E-6	3.603610E-6	2.293658E-6	3.660365E-6	3.782665E-6	3.706114E-6	1.004644E-6	1.544665E-6	3.693654E-6	2.477752E-6	3.285737E-6	4.432855E-6	5.380044E-6	4.123529E-6	1.671458E-6	1.325925E-6	3.126120E-6	2.596691E-6	3.408763E-6	3.931698E-6	4.069155E-6	4.054780E-6
0:10:38	0	-1.099184E+1	1.505000E+1	1.554900E+1	1.786514E+0	1.812597E+0	4.040000E+2	9.998800E-5	9.900793E-5	1.119708E-6	2.636098E-6	4.093528E-6	4.663605E-6	2.982779E-6	3.782490E-6	5.729112E-6	3.203469E-6	1.780813E-7	1.002196E-6	2.228120E-6	3.543049E-6	2.143441E-6	3.572175E-6	3.621247E-6	6.747465E-6	9.480580E-7	1.500334E-6	3.589811E-6	2.356810E-6	3.121478E-6	4.406464E-6	4.947590E-6	3.937703E-6	1.513403E-6	1.232147E-6	2.896229E-6	2.425447E-6	3.178634E-6	3.921491E-6	3.972191E-6	3.813580E-6
0:10:51	0	-1.099169E+1	1.505000E+1	1.555500E+1	1.786121E+0	1.812445E+0	4.060000E+2	9.998800E-5	1.003853E-4	1.054116E-6	2.515004E-6	4.128089E-6	4.468467E-6	2.818569E-6	3.698104E-6	5.469331E-6	3.000928E-6	1.709811E-7	9.399357E-7	2.145142E-6	5.395001E-6	2.133497E-6	3.481209E-6	3.553551E-6	6.885654E-6	9.161321E-7	1.489730E-6	3.530838E-6	2.361160E-6	3.118708E-6	4.568496E-6	4.819063E-6	3.950353E-6	1.536756E-6	1.324223E-6	2.959788E-6	2.508255E-6	3.247950E-6	4.122686E-6	4.145831E-6	3.927710E-6
0:11:05	0	-1.098447E+1	1.505400E+1	1.554900E+1	1.786261E+0	1.812876E+0	4.080000E+2	9.998800E-5	9.966426E-5	1.049122E-6	2.488101E-6	3.951731E-6	4.400738E-6	2.735004E-6	3.766211E-6	6.129135E-6	2.899883E-6	2.891055E-7	7.875287E-7	2.065173E-6	4.218859E-6	2.131825E-6	3.359407E-6	6.811043E-6	5.612416E-6	8.728582E-7	1.451567E-6	3.423386E-6	2.288954E-6	3.030894E-6	4.536827E-6	4.568245E-6	3.647984E-6	1.450463E-6	1.293558E-6	2.826697E-6	2.486856E-6	3.124554E-6	4.081148E-6	4.130716E-6	3.754274E-6
0:11:18	0	-1.099131E+1	1.504100E+1	1.556800E+1	1.786451E+0	1.813104E+0	4.100000E+2	9.998800E-5	1.005864E-4	1.017476E-6	2.430545E-6	3.785923E-6	4.260862E-6	2.641829E-6	4.125704E-6	7.076858E-6	2.832601E-6	4.898061E-7	1.085671E-6	2.044253E-6	3.867902E-6	2.082612E-6	3.288848E-6	6.825067E-6	5.059152E-6	8.584418E-7	1.454934E-6	3.370655E-6	2.201065E-6	3.009966E-6	4.434625E-6	4.468516E-6	3.321319E-6	1.420982E-6	1.316430E-6	2.786650E-6	2.545791E-6	3.081820E-6	4.133761E-6	4.175583E-6	5.090705E-6
0:11:32	0	-1.099192E+1	1.503700E+1	1.556100E+1	1.785805E+0	1.812546E+0	4.042336E+2	9.998800E-5	1.003165E-4	1.053955E-6	2.466035E-6	3.802331E-6	4.280587E-6	2.659326E-6	3.937561E-6	7.921256E-6	2.899743E-6	4.195576E-7	1.115357E-6	2.057871E-6	3.734253E-6	2.080978E-6	3.313532E-6	7.108974E-6	3.052612E-6	8.678194E-7	1.480837E-6	3.356270E-6	2.294727E-6	2.729690E-6	4.489864E-6	4.443863E-6	3.270050E-6	1.415799E-6	1.351955E-6	2.780904E-6	2.748595E-6	3.137555E-6	4.177814E-6	4.269437E-6	5.597420E-6
0:11:45	0	-1.099199E+1	1.504600E+1	1.553600E+1	1.786666E+0	1.813129E+0	3.984672E+2	9.998800E-5	1.003055E-4	1.063017E-6	2.476179E-6	3.786049E-6	4.281973E-6	2.673663E-6	3.853809E-6	7.190686E-6	2.948205E-6	3.535052E-7	1.115568E-6	2.090367E-6	3.683019E-6	2.116934E-6	3.355040E-6	6.832135E-6	2.917416E-6	8.895555E-7	1.524406E-6	3.397884E-6	2.358458E-6	2.773061E-6	4.576873E-6	4.463228E-6	3.338470E-6	1.324796E-6	1.403852E-6	2.818445E-6	3.270850E-6	3.080652E-6	4.234045E-6	4.384833E-6	5.728497E-6
0:11:59	0	-1.099108E+1	1.502700E+1	1.552900E+1	1.786615E+0	1.812673E+0	3.927009E+2	9.998800E-5	1.015601E-4	1.101333E-6	2.535399E-6	3.822070E-6	4.355017E-6	2.691521E-6	3.864155E-6	6.694551E-6	3.097668E-6	3.335931E-7	1.132897E-6	2.129242E-6	3.662763E-6	2.159244E-6	3.400983E-6	5.987309E-6	2.832263E-6	9.070333E-7	1.558422E-6	3.415582E-6	2.388415E-6	2.782026E-6	4.524154E-6	4.386666E-6	3.348843E-6	1.328459E-6	1.390426E-6	5.056570E-6	2.916845E-6	3.342807E-6	4.218877E-6	4.448075E-6	5.746939E-6
0:12:12	0	-1.099275E+1	1.502800E+1	1.553600E+1	1.786109E+0	1.812103E+0	3.869345E+2	9.998800E-5	9.966692E-5	1.037734E-6	2.421006E-6	3.723109E-6	4.177946E-6	2.563282E-6	3.782943E-6	6.295362E-6	3.402453E-6	2.959534E-7	1.090825E-6	2.013149E-6	3.437152E-6	2.005810E-6	3.312561E-6	5.308321E-6	2.608029E-6	8.351332E-7	1.480076E-6	2.985434E-6	2.271252E-6	2.664507E-6	4.333268E-6	4.186456E-6	3.240399E-6	1.228812E-6	1.306005E-6	6.526904E-6	3.821391E-6	3.316250E-6	4.054689E-6	4.355331E-6	5.585379E-6
0:12:26	0	-1.099207E+1	1.502300E+1	1.553900E+1	1.786197E+0	1.812508E+0	3.811681E+2	9.998800E-5	9.959098E-5	9.236032E-7	2.748764E-6	3.507134E-6	3.990294E-6	2.393371E-6	3.839108E-6	5.696230E-6	6.890027E-6	2.493155E-7	1.680836E-6	1.863339E-6	3.181871E-6	1.823500E-6	3.095766E-6	4.445754E-6	2.639822E-6	7.391615E-7	1.362006E-6	3.038587E-6	2.123888E-6	2.491933E-6	5.061226E-6	3.410208E-6	3.110613E-6	1.126744E-6	1.215204E-6	5.198544E-6	5.610604E-6	3.112936E-6	3.550868E-6	3.971689E-6	5.498028E-6
0:12:39	0	-1.099169E+1	1.502600E+1	1.551700E+1	1.785982E+0	1.812635E+0	3.754017E+2	9.998800E-5	9.924958E-5	8.915972E-7	3.216581E-6	3.422703E-6	3.900581E-6	2.307747E-6	4.195679E-6	5.766099E-6	7.545245E-6	2.403661E-7	1.504488E-6	1.908745E-6	3.164172E-6	1.852337E-6	3.092031E-6	4.463172E-6	2.554524E-6	7.604484E-7	1.402340E-6	3.097402E-6	2.228765E-6	2.502671E-6	5.854073E-6	2.554330E-6	3.205575E-6	1.140539E-6	1.253913E-6	4.406634E-6	5.924370E-6	3.150947E-6	3.452416E-6	2.759714E-6	5.529372E-6
0:12:53	0	-1.099146E+1	1.502900E+1	1.553400E+1	1.786463E+0	1.812774E+0	3.696353E+2	9.998800E-5	1.006868E-4	8.863567E-7	3.212684E-6	4.327504E-6	3.662285E-6	2.272442E-6	3.744106E-6	6.865579E-6	8.014939E-6	2.251997E-7	1.353517E-6	1.799005E-6	3.126747E-6	1.745380E-6	2.936621E-6	4.590989E-6	2.275728E-6	6.755232E-7	1.274112E-6	2.876237E-6	2.208738E-6	4.177438E-6	7.411228E-6	2.254661E-6	4.307839E-6	9.975593E-7	1.115215E-6	3.645749E-6	5.126581E-6	2.768983E-6	2.981688E-6	2.658886E-6	5.167287E-6
0:13:07	0	-1.099207E+1	1.502800E+1	1.553600E+1	1.786159E+0	1.812863E+0	3.638689E+2	9.998800E-5	1.005545E-4	7.320937E-7	2.850825E-6	4.497319E-6	3.199780E-6	1.967241E-6	3.256588E-6	8.026431E-6	8.014369E-6	1.755075E-7	1.143535E-6	1.525598E-6	2.780425E-6	1.855004E-6	2.650264E-6	4.699120E-6	1.980364E-6	5.642964E-7	1.147093E-6	2.631756E-6	3.741468E-6	3.841626E-6	9.679397E-6	2.423913E-6	4.350863E-6	8.767197E-7	1.015396E-6	3.224410E-6	4.649776E-6	2.521635E-6	2.559124E-6	3.077725E-6	4.894807E-6
0:13:20	0	-1.099298E+1	1.503300E+1	1.553200E+1	1.785919E+0	1.812445E+0	3.581026E+2	9.998800E-5	1.010010E-4	6.808179E-7	2.632662E-6	3.919193E-6	3.179385E-6	1.912323E-6	3.144829E-6	7.636634E-6	8.398146E-6	1.637149E-7	1.039412E-6	1.478815E-6	2.662802E-6	2.136860E-6	2.576468E-6	4.485075E-6	1.921689E-6	5.482941E-7	1.130938E-6	2.552628E-6	5.131824E-6	2.665258E-6	1.014623E-5	2.684265E-6	4.765686E-6	8.457302E-7	1.008978E-6	3.534181E-6	4.508572E-6	2.723787E-6	2.770032E-6	3.231296E-6	4.784482E-6
0:13:34	0	-1.099184E+1	1.503600E+1	1.553200E+1	1.786197E+0	1.812128E+0	3.523362E+2	9.998800E-5	1.009170E-4	6.553661E-7	2.454737E-6	3.505105E-6	3.098556E-6	1.812490E-6	2.948829E-6	6.991508E-6	7.768102E-6	1.531845E-7	1.020879E-6	1.405737E-6	2.543929E-6	2.359370E-6	2.470875E-6	5.233671E-6	1.852958E-6	5.208932E-7	1.091133E-6	2.416203E-6	5.740624E-6	2.325276E-6	9.465621E-6	2.777576E-6	4.793983E-6	8.097809E-7	9.904913E-7	3.623683E-6	5.030928E-6	3.592131E-6	3.649866E-6	3.071873E-6	4.741668E-6
0:13:48	0	-1.099169E+1	1.502500E+1	1.553100E+1	1.785843E+0	1.812154E+0	3.465698E+2	9.998800E-5	1.003456E-4	6.360516E-7	2.309362E-6	3.212828E-6	3.093348E-6	1.802278E-6	2.926510E-6	6.659276E-6	7.251797E-6	1.541316E-7	1.029712E-6	1.419488E-6	2.530012E-6	2.568737E-6	2.452557E-6	4.443956E-6	1.884834E-6	5.284904E-7	1.106621E-6	2.422394E-6	4.973684E-6	2.234838E-6	8.959318E-6	2.858863E-6	4.559964E-6	1.349416E-6	1.002697E-6	3.222731E-6	5.902743E-6	4.584358E-6	4.511954E-6	3.099330E-6	4.653316E-6
0:14:01	0	-1.099275E+1	1.503000E+1	1.553300E+1	1.785957E+0	1.812432E+0	3.408034E+2	9.998700E-5	1.005498E-4	7.116944E-7	2.315245E-6	3.251011E-6	3.163944E-6	1.878425E-6	3.039255E-6	6.106410E-6	6.967714E-6	1.664833E-7	1.059847E-6	1.481799E-6	2.561559E-6	2.651455E-6	2.512989E-6	4.196715E-6	1.800403E-6	5.629329E-7	1.151530E-6	2.473311E-6	4.387439E-6	2.248964E-6	8.523402E-6	2.984256E-6	4.346414E-6	1.078494E-6	1.044200E-6	3.083661E-6	6.545526E-6	5.260994E-6	5.162317E-6	3.241544E-6	4.589908E-6
0:14:15	0	-1.099138E+1	1.503100E+1	1.553700E+1	1.785855E+0	1.812686E+0	3.350370E+2	9.998700E-5	1.004938E-4	7.348782E-7	2.255735E-6	3.223680E-6	3.698013E-6	1.901668E-6	3.079977E-6	5.917919E-6	6.769706E-6	1.692213E-7	1.063563E-6	1.484707E-6	2.378134E-6	2.556399E-6	2.334263E-6	3.974593E-6	1.926505E-6	7.755719E-7	1.157628E-6	2.484837E-6	3.898535E-6	2.274435E-6	8.103498E-6	3.064090E-6	4.267023E-6	1.018251E-6	1.062073E-6	2.975079E-6	6.687597E-6	5.662015E-6	5.634205E-6	3.419618E-6	4.540339E-6
0:14:28	0	-1.099192E+1	1.503100E+1	1.554800E+1	1.786425E+0	1.813053E+0	3.292707E+2	9.998700E-5	1.002498E-4	7.564645E-7	2.234103E-6	3.278859E-6	3.151073E-6	1.881852E-6	3.065898E-6	5.838709E-6	6.762941E-6	1.762733E-7	1.082153E-6	1.524960E-6	2.449315E-6	2.544359E-6	2.408867E-6	3.904307E-6	2.009841E-6	9.062534E-7	1.200920E-6	2.490480E-6	3.622782E-6	2.298790E-6	7.664867E-6	3.131212E-6	4.240041E-6	1.005320E-6	1.076896E-6	2.905901E-6	6.704127E-6	5.985151E-6	5.917278E-6	3.479128E-6	4.550696E-6
0:14:42	0	-1.099268E+1	1.504300E+1	1.555100E+1	1.786096E+0	1.812635E+0	3.235043E+2	9.998700E-5	9.967827E-5	7.571160E-7	2.170091E-6	3.256301E-6	3.384040E-6	1.859065E-6	3.010707E-6	5.038265E-6	6.516255E-6	1.725375E-7	1.057825E-6	1.489733E-6	2.385358E-6	2.436799E-6	2.387539E-6	3.427799E-6	4.492510E-6	9.134584E-7	1.173765E-6	2.443695E-6	3.373732E-6	2.292531E-6	7.130623E-6	3.122664E-6	4.130635E-6	9.716976E-7	1.041789E-6	2.738824E-6	6.373623E-6	5.875955E-6	5.922949E-6	3.354801E-6	4.975587E-6
0:14:55	0	-1.099169E+1	1.504400E+1	1.555700E+1	1.785931E+0	1.812242E+0	3.177379E+2	9.998800E-5	9.951487E-5	7.530083E-7	2.126796E-6	3.208991E-6	3.673283E-6	1.901782E-6	3.021952E-6	5.029353E-6	6.504011E-6	1.746745E-7	1.051254E-6	1.512075E-6	2.358705E-6	2.440600E-6	2.475292E-6	3.377148E-6	5.229102E-6	9.320342E-7	1.187962E-6	2.448356E-6	3.568196E-6	2.327163E-6	6.835986E-6	3.182862E-6	4.322132E-6	9.988348E-7	1.071983E-6	2.717932E-6	5.962209E-6	5.715021E-6	5.944763E-6	3.610818E-6	3.850590E-6
0:15:09	0	-1.099237E+1	1.504400E+1	1.554000E+1	1.785361E+0	1.812318E+0	3.119715E+2	9.998700E-5	1.001097E-4	7.614382E-7	2.106086E-6	3.180561E-6	3.663380E-6	2.068120E-6	3.025836E-6	5.084732E-6	6.292612E-6	1.745097E-7	1.044492E-6	1.489638E-6	2.301068E-6	4.151754E-6	2.496639E-6	3.388568E-6	5.006083E-6	9.190396E-7	1.187339E-6	2.416190E-6	3.756280E-6	2.324500E-6	6.535509E-6	3.200906E-6	4.920980E-6	9.834816E-7	1.060206E-6	2.640351E-6	5.567383E-6	5.427919E-6	5.816392E-6	3.555785E-6	3.561884E-6
0:15:23	0	-1.099184E+1	1.504000E+1	1.554400E+1	1.786362E+0	1.812648E+0	3.062051E+2	9.998700E-5	1.001300E-4	7.256839E-7	2.030914E-6	2.903738E-6	3.290866E-6	2.581298E-6	3.032813E-6	5.036843E-6	5.988810E-6	1.634087E-7	9.978526E-7	1.424508E-6	2.233903E-6	3.588066E-6	2.469039E-6	2.964701E-6	4.749157E-6	8.410559E-7	1.060006E-6	2.283815E-6	3.817415E-6	2.217247E-6	6.109760E-6	3.064621E-6	5.224571E-6	8.996667E-7	5.483189E-6	2.435720E-6	5.176874E-6	5.026022E-6	5.502413E-6	3.453014E-6	3.352984E-6
0:15:36	0	-1.099184E+1	1.503200E+1	1.554300E+1	1.786033E+0	1.812711E+0	3.004387E+2	9.998800E-5	9.978099E-5	6.783437E-7	1.922889E-6	4.532139E-6	2.962699E-6	2.694619E-6	2.975679E-6	4.960198E-6	5.694334E-6	1.543072E-7	9.693926E-7	1.397240E-6	2.202129E-6	3.493846E-6	2.420307E-6	2.895985E-6	4.490181E-6	8.104357E-7	1.009287E-6	2.255403E-6	3.878194E-6	2.222768E-6	5.915428E-6	3.063130E-6	5.600126E-6	9.193048E-7	4.545630E-6	2.423465E-6	5.288063E-6	4.807390E-6	5.532362E-6	3.635158E-6	3.430560E-6
0:15:50	0	-1.099131E+1	1.504000E+1	1.554700E+1	1.786425E+0	1.812597E+0	2.946724E+2	9.998800E-5	9.974276E-5	4.684512E-7	1.840468E-6	5.038957E-6	2.804270E-6	2.485691E-6	3.599035E-6	4.809218E-6	5.373703E-6	1.425659E-7	9.108815E-7	1.322620E-6	1.959672E-6	3.224574E-6	2.313270E-6	2.743613E-6	4.324489E-6	7.331875E-7	4.992619E-6	1.838305E-6	4.323338E-6	2.138714E-6	5.568764E-6	2.887300E-6	5.568242E-6	8.384682E-7	3.228616E-6	2.220837E-6	5.322510E-6	4.398477E-6	5.365159E-6	3.660802E-6	3.295944E-6
0:16:03	0	-1.099298E+1	1.504300E+1	1.555700E+1	1.786210E+0	1.812546E+0	2.889060E+2	9.998700E-5	1.009599E-4	4.444910E-7	1.767131E-6	5.000723E-6	2.805542E-6	2.303154E-6	4.966664E-6	4.615131E-6	5.182189E-6	1.348978E-7	8.755976E-7	1.268566E-6	1.993056E-6	2.986275E-6	2.467108E-6	2.555314E-6	4.260669E-6	6.625210E-7	3.465889E-6	1.843614E-6	4.593876E-6	6.684693E-6	5.042330E-6	2.779433E-6	5.491003E-6	8.004253E-7	2.575192E-6	2.132736E-6	5.306366E-6	3.897385E-6	5.146433E-6	3.627281E-6	3.284258E-6
0:16:17	0	-1.099108E+1	1.504100E+1	1.553700E+1	1.786121E+0	1.812762E+0	2.831396E+2	9.998700E-5	1.001206E-4	4.544932E-7	1.757787E-6	4.909094E-6	2.842409E-6	2.120757E-6	5.582119E-6	4.553808E-6	4.897485E-6	1.299131E-7	8.522574E-7	1.252830E-6	2.083451E-6	2.781449E-6	3.305992E-6	2.497543E-6	4.447985E-6	6.612868E-7	2.366530E-6	1.899356E-6	5.033924E-6	4.220941E-6	4.872645E-6	4.762789E-6	5.424125E-6	7.976198E-7	2.234463E-6	2.513782E-6	5.324099E-6	3.680478E-6	4.978596E-6	2.952269E-6	3.928280E-6
0:16:30	0	-1.099245E+1	1.506300E+1	1.557300E+1	1.786337E+0	1.812838E+0	2.773732E+2	9.998700E-5	1.000574E-4	4.600150E-7	1.714411E-6	4.732503E-6	2.841061E-6	1.958328E-6	6.015308E-6	4.668874E-6	4.790327E-6	1.387991E-7	8.950193E-7	1.334797E-6	2.343437E-6	2.707160E-6	4.088293E-6	2.658695E-6	4.499711E-6	6.938387E-7	1.966931E-6	1.992888E-6	5.429047E-6	3.641530E-6	4.900611E-6	3.498054E-6	5.426114E-6	8.318734E-7	2.026014E-6	2.790899E-6	5.801164E-6	3.530935E-6	4.891199E-6	3.133560E-6	3.655958E-6
0:16:44	0	-1.099176E+1	1.505100E+1	1.555300E+1	1.786071E+0	1.812648E+0	2.716068E+2	9.998700E-5	9.978051E-5	4.958285E-7	1.719013E-6	4.648173E-6	2.884225E-6	2.079618E-6	5.457425E-6	4.790636E-6	4.716787E-6	1.469833E-7	9.218526E-7	1.384584E-6	2.526533E-6	2.752998E-6	3.797305E-6	2.797330E-6	4.443175E-6	7.125095E-7	1.784166E-6	2.052824E-6	5.629228E-6	3.615327E-6	4.852099E-6	3.461498E-6	5.481871E-6	8.566572E-7	1.871529E-6	2.879169E-6	5.771852E-6	3.340540E-6	4.988378E-6	3.254331E-6	3.666062E-6
0:16:57	0	-1.099321E+1	1.506500E+1	1.557600E+1	1.786413E+0	1.812863E+0	2.658405E+2	9.998800E-5	1.009596E-4	5.363893E-7	1.744295E-6	4.550229E-6	2.958181E-6	2.100276E-6	5.033080E-6	4.983030E-6	4.594462E-6	1.543218E-7	9.193126E-7	1.385469E-6	2.573032E-6	2.660126E-6	3.932467E-6	2.981473E-6	4.174618E-6	6.667305E-7	1.508465E-6	1.996472E-6	5.616284E-6	3.337922E-6	4.661023E-6	3.358300E-6	5.307864E-6	8.052784E-7	5.561299E-6	2.795741E-6	5.407496E-6	3.066831E-6	4.830926E-6	3.196062E-6	3.562188E-6
0:17:11	0	-1.099290E+1	1.505400E+1	1.557800E+1	1.785995E+0	1.812901E+0	2.600741E+2	7.460000E-5	7.116130E-5	2.237108E-7	1.114895E-6	3.219856E-6	1.885177E-6	4.874338E-6	3.464109E-6	3.782986E-6	3.450433E-6	6.118538E-8	4.904332E-7	7.085106E-7	1.740975E-6	1.695945E-6	1.320591E-6	2.220761E-6	2.835934E-6	3.067786E-7	1.020741E-6	1.244308E-6	4.542387E-6	1.850053E-6	3.403356E-6	2.397965E-6	4.006375E-6	4.224090E-7	2.410018E-6	1.891127E-6	4.128312E-6	2.097007E-6	3.551363E-6	2.256436E-6	2.542819E-6
0:17:33	0	-1.109202E+1	1.506300E+1	1.556900E+1	1.784234E+0	1.811482E+0	2.543077E+2	2.136900E-5	1.898126E-5	1.028186E-8	2.479471E-7	6.908369E-7	3.119657E-7	2.783467E-6	8.446392E-7	9.664563E-7	8.412832E-7	3.346561E-9	5.681323E-8	3.769317E-8	3.048421E-7	1.929121E-7	8.808666E-7	4.585842E-7	6.404856E-7	1.479669E-8	2.668462E-7	2.495499E-7	1.939648E-6	7.299564E-7	5.908656E-7	7.554063E-7	9.682410E-7	3.828801E-8	3.226176E-7	2.741755E-7	1.293154E-6	3.918716E-7	7.855931E-7	4.683068E-7	6.195208E-7
0:17:51	0	-1.119174E+1	1.504700E+1	1.555200E+1	1.779863E+0	1.807910E+0	2.485413E+2	5.020200E-6	5.615234E-6	1.155323E-10	5.018471E-8	8.901618E-8	3.795449E-8	1.048218E-6	2.371626E-7	1.235848E-7	1.054035E-7	5.858298E-10	6.639685E-9	1.788316E-9	4.341884E-8	1.367576E-8	4.756087E-7	4.833035E-8	9.536685E-8	1.321061E-9	6.778545E-8	5.364945E-8	5.349929E-7	3.570339E-7	5.061803E-8	1.461595E-7	1.104087E-7	3.642416E-9	1.889805E-8	3.363493E-8	2.788729E-7	3.762542E-8	6.801712E-8	9.355421E-8	1.381965E-6
0:18:07	0	-1.109361E+1	1.505300E+1	1.555300E+1	1.777368E+0	1.806060E+0	2.427749E+2	1.357900E-6	1.660736E-6	7.252624E-12	9.934396E-9	2.752560E-9	3.987550E-9	4.003495E-7	4.945168E-8	1.305536E-8	7.751535E-9	3.665083E-10	9.850156E-10	1.601548E-10	6.503718E-9	6.702319E-10	1.328737E-7	2.000915E-9	8.035814E-9	9.278412E-10	1.939045E-8	1.095357E-8	1.425765E-7	9.987871E-8	3.668977E-9	2.948660E-8	1.506727E-8	8.014732E-10	1.918875E-9	3.063603E-7	7.126689E-8	3.487085E-9	4.859097E-9	5.315177E-8	2.580544E-7
0:18:22	0	-1.109186E+1	1.507100E+1	1.557200E+1	1.775658E+0	1.804629E+0	2.370086E+2	7.129300E-7	1.564071E-6	-5.802099E-12	1.681499E-9	6.574161E-12	2.779542E-10	2.077583E-8	1.922471E-8	2.482009E-9	7.598763E-10	1.592299E-10	1.802946E-10	3.148737E-11	8.693722E-10	3.433197E-11	6.364499E-8	-4.377784E-9	3.064408E-10	5.289186E-10	3.571949E-9	4.321317E-7	4.296073E-8	2.414447E-8	5.041259E-10	4.865997E-9	1.384336E-9	5.643925E-10	2.820566E-10	9.053814E-7	1.454982E-8	2.121092E-10	2.481983E-10	5.065928E-9	2.162364E-8
0:18:42	1	-1.109262E+1	1.506900E+1	1.559400E+1	1.773884E+0	1.802881E+0	0.000000E+0	-3.238500E-9	1.005811E-9	6.596453E-11	2.648244E-11	4.494339E-11	-2.101059E-11	3.687333E-11	1.263427E-11	-8.514880E-11	-1.008282E-11	8.024936E-11	5.542132E-11	3.357349E-11	2.879568E-11	-1.881244E-11	-4.417402E-11	1.026189E-11	-4.196032E-11	7.608456E-11	4.336577E-11	6.998242E-11	8.231184E-11	-6.013444E-11	7.703958E-11	-3.222882E-12	4.097631E-11	8.789692E-11	8.353072E-11	8.063185E-11	5.166446E-11	3.327854E-11	8.395780E-11	4.936115E-11	3.507525E-11
0:18:55	1	-1.109156E+1	1.506800E+1	1.558500E+1	1.770502E+0	1.800018E+0	0.000000E+0	2.313200E-9	2.526280E-9	1.132614E-10	9.489483E-11	9.443821E-11	7.891808E-11	1.188554E-10	8.379088E-11	5.211299E-11	9.068030E-11	9.755408E-11	9.352778E-11	5.778940E-11	7.243231E-11	9.938502E-11	5.660603E-11	5.916335E-11	1.594868E-11	8.767772E-11	7.080707E-11	7.672251E-11	9.365827E-11	1.350355E-11	1.099841E-10	5.313914E-11	7.049749E-11	9.262607E-11	9.251149E-11	8.353651E-11	8.471476E-11	7.154542E-11	9.536331E-11	7.921726E-11	7.141686E-11
0:19:08	1	-1.109156E+1	1.506200E+1	1.556500E+1	1.770806E+0	1.800157E+0	1.000000E+1	3.894000E-9	3.220060E-9	1.283341E-10	1.128020E-10	1.119483E-10	1.061309E-10	1.237333E-10	1.023970E-10	9.279223E-11	1.114796E-10	1.256341E-10	1.114123E-10	7.523990E-11	7.761025E-11	1.361239E-10	7.194106E-11	8.849203E-11	7.043975E-11	1.279057E-10	1.075008E-10	9.202943E-11	1.007422E-10	4.379092E-11	1.256066E-10	7.651825E-11	8.579318E-11	1.555533E-10	1.075849E-10	9.319746E-11	1.011140E-10	8.733187E-11	9.783406E-11	8.987924E-11	8.116693E-11
0:19:22	1	-1.109194E+1	1.505100E+1	1.555800E+1	1.768462E+0	1.797396E+0	2.000000E+1	4.278200E-9	3.510171E-9	1.324965E-10	1.172782E-10	1.146666E-10	1.066375E-10	1.184754E-10	1.065459E-10	9.898177E-11	1.087527E-10	1.435102E-10	1.207651E-10	9.363964E-11	8.632422E-11	1.550003E-10	7.358186E-11	9.602994E-11	8.626154E-11	1.547034E-10	1.305365E-10	9.417138E-11	1.008056E-10	4.682015E-11	1.317164E-10	8.365826E-11	9.643051E-11	2.025283E-10	1.175710E-10	1.009635E-10	1.060526E-10	9.509849E-11	1.039179E-10	9.571224E-11	9.053719E-11
0:19:35	1	-1.099336E+1	1.503300E+1	1.554700E+1	1.768120E+0	1.797155E+0	3.000000E+1	4.497500E-9	3.666188E-9	1.353966E-10	1.165217E-10	1.178898E-10	1.127129E-10	8.001875E-11	1.125167E-10	1.071936E-10	1.071039E-10	1.545397E-10	1.306236E-10	1.025540E-10	9.447095E-11	1.608282E-10	7.686346E-11	9.602994E-11	8.917292E-11	1.809310E-10	1.426843E-10	9.732067E-11	1.019961E-10	4.921784E-11	1.302049E-10	8.555349E-11	1.021591E-10	2.452151E-10	1.229091E-10	1.031734E-10	1.103576E-10	9.895039E-11	1.061986E-10	1.002907E-10	9.458914E-11
0:19:49	1	-1.107537E+1	1.503100E+1	1.555400E+1	1.765295E+0	1.795014E+0	4.000000E+1	4.698400E-9	3.856208E-9	1.319918E-10	1.184140E-10	1.218096E-10	1.154973E-10	1.102389E-10	1.141510E-10	1.079515E-10	1.106557E-10	1.662026E-10	1.361844E-10	1.070437E-10	9.996491E-11	1.667190E-10	8.090219E-11	9.431896E-11	9.189448E-11	2.058915E-10	1.571600E-10	9.795013E-11	1.010560E-10	5.060644E-11	1.282518E-10	8.896589E-11	1.126076E-10	2.834256E-10	1.259232E-10	1.172541E-10	1.125735E-10	9.825657E-11	1.065788E-10	1.002283E-10	9.553866E-11
0:20:02	1	-1.099906E+1	1.503800E+1	1.554400E+1	1.765270E+0	1.795331E+0	5.000000E+1	4.863500E-9	3.953458E-9	1.364688E-10	1.196114E-10	1.229472E-10	1.171428E-10	1.173352E-10	1.054771E-10	1.178685E-10	1.102753E-10	1.739999E-10	1.412404E-10	1.090669E-10	1.071008E-10	1.717858E-10	7.143597E-11	9.634694E-11	9.208431E-11	2.234392E-10	1.711957E-10	9.990314E-11	1.017458E-10	4.587383E-11	1.287560E-10	8.915542E-11	1.165098E-10	3.239066E-10	1.315756E-10	1.019115E-10	1.117509E-10	1.005294E-10	1.080362E-10	1.014205E-10	8.756169E-11
0:20:16	1	-1.099214E+1	1.504000E+1	1.553600E+1	1.765802E+0	1.795648E+0	6.000000E+1	4.940900E-9	4.053351E-9	1.370363E-10	1.199270E-10	1.216829E-10	1.172067E-10	1.201856E-10	1.182374E-10	1.104783E-10	1.088798E-10	1.842678E-10	1.442104E-10	1.096987E-10	1.046374E-10	1.736228E-10	7.604356E-11	9.374897E-11	9.588090E-11	2.415580E-10	1.825247E-10	1.014783E-10	1.031877E-10	4.707217E-11	1.269918E-10	8.928110E-11	1.169510E-10	3.613595E-10	1.332085E-10	1.068356E-10	1.113071E-10	9.989842E-11	1.068318E-10	1.001659E-10	8.895499E-11
0:20:29	1	-1.099252E+1	1.504600E+1	1.554300E+1	1.766296E+0	1.795799E+0	7.000000E+1	5.063200E-9	4.152932E-9	1.389288E-10	1.187922E-10	1.245907E-10	1.192948E-10	1.211998E-10	1.169166E-10	1.225433E-10	1.194702E-10	1.897195E-10	1.479385E-10	1.084980E-10	1.039436E-10	1.744468E-10	7.686346E-11	8.956901E-11	9.600779E-11	2.491598E-10	1.844762E-10	1.026746E-10	1.038141E-10	5.016416E-11	1.236535E-10	9.414684E-11	1.172650E-10	4.020923E-10	1.375423E-10	1.066462E-10	1.112442E-10	1.007816E-10	1.062617E-10	1.028631E-10	9.142374E-11
0:20:43	1	-1.099169E+1	1.504800E+1	1.555100E+1	1.766233E+0	1.795584E+0	8.000000E+1	5.205500E-9	4.304477E-9	1.389288E-10	1.221338E-10	1.216190E-10	1.225228E-10	1.205027E-10	1.164145E-10	1.263964E-10	1.258110E-10	1.926355E-10	1.504665E-10	1.103944E-10	1.004065E-10	1.759037E-10	8.065014E-11	9.450996E-11	9.834968E-11	2.794418E-10	2.109735E-10	1.041861E-10	1.058825E-10	5.874583E-11	1.237798E-10	9.503162E-11	1.189015E-10	4.391053E-10	1.389244E-10	1.079092E-10	1.140928E-10	1.016659E-10	1.098738E-10	1.051207E-10	9.319684E-11
0:20:56	1	-1.099199E+1	1.503900E+1	1.554200E+1	1.765764E+0	1.795331E+0	9.000000E+1	5.402200E-9	4.452022E-9	1.400638E-10	1.232685E-10	1.244640E-10	1.266989E-10	1.232272E-10	1.174833E-10	1.291756E-10	1.268892E-10	2.120326E-10	1.605146E-10	1.129237E-10	1.021751E-10	1.760297E-10	8.525673E-11	1.039479E-10	9.841263E-11	2.813420E-10	2.090221E-10	9.335199E-11	1.069484E-10	6.101701E-11	1.251024E-10	9.698968E-11	1.256367E-10	5.007077E-10	1.451419E-10	1.104979E-10	1.147265E-10	1.019191E-10	1.141821E-10	1.053088E-10	9.756463E-11
0:21:10	1	-1.099176E+1	1.505300E+1	1.554100E+1	1.765967E+0	1.795546E+0	1.000000E+2	5.532700E-9	4.650079E-9	1.422709E-10	1.252235E-10	1.254759E-10	1.330910E-10	1.259516E-10	1.193687E-10	1.325870E-10	1.285379E-10	2.126661E-10	1.631055E-10	1.152634E-10	1.009120E-10	1.770437E-10	1.002760E-10	1.112328E-10	1.017037E-10	3.004109E-10	2.177708E-10	1.111151E-10	1.095819E-10	6.776879E-11	1.255430E-10	1.000230E-10	1.293511E-10	5.617437E-10	1.514854E-10	1.130237E-10	1.173223E-10	1.050762E-10	1.178572E-10	1.063752E-10	1.009209E-10
0:21:24	1	-1.099207E+1	1.505000E+1	1.553400E+1	1.765840E+0	1.795597E+0	1.200000E+2	6.624300E-9	5.159974E-9	1.504056E-10	1.347444E-10	1.371064E-10	1.481531E-10	1.369755E-10	1.286717E-10	1.507158E-10	1.365275E-10	2.289571E-10	1.813691E-10	1.286035E-10	1.104474E-10	1.937032E-10	1.056397E-10	1.204177E-10	1.163235E-10	3.351913E-10	2.435130E-10	1.205639E-10	1.164778E-10	7.963171E-11	1.328500E-10	1.088688E-10	1.426952E-10	6.828701E-10	1.656159E-10	1.220537E-10	1.266299E-10	1.139164E-10	1.272991E-10	1.228712E-10	1.101643E-10
0:21:37	1	-1.099275E+1	1.505100E+1	1.555000E+1	1.765625E+0	1.795293E+0	1.400000E+2	7.257800E-9	5.809214E-9	1.666760E-10	1.535344E-10	1.509502E-10	1.641653E-10	1.502798E-10	1.438831E-10	1.662550E-10	1.441377E-10	2.561505E-10	2.017806E-10	1.554126E-10	1.356442E-10	2.113117E-10	1.193339E-10	1.311226E-10	1.316388E-10	3.851113E-10	2.773750E-10	1.377602E-10	1.292038E-10	9.168390E-11	1.451969E-10	1.247288E-10	1.572347E-10	7.729102E-10	1.895451E-10	1.375230E-10	1.470801E-10	1.276194E-10	1.425698E-10	1.367323E-10	1.246629E-10
0:21:51	1	-1.099283E+1	1.505100E+1	1.555000E+1	1.765751E+0	1.795369E+0	1.600000E+2	8.133300E-9	6.719835E-9	1.933519E-10	1.836740E-10	1.934278E-10	2.308687E-10	1.763823E-10	1.767588E-10	1.917112E-10	1.696931E-10	2.914574E-10	2.346415E-10	1.843707E-10	1.646293E-10	2.365859E-10	1.443245E-10	1.523423E-10	1.567013E-10	4.440281E-10	3.267819E-10	1.651611E-10	1.524618E-10	1.130748E-10	1.708343E-10	1.490555E-10	1.854343E-10	7.375376E-10	2.228319E-10	1.618329E-10	1.762683E-10	1.518673E-10	1.686758E-10	1.624476E-10	1.506208E-10
0:22:05	1	-1.099131E+1	1.504600E+1	1.555000E+1	1.765853E+0	1.795584E+0	1.800000E+2	9.612000E-9	8.178607E-9	2.354151E-10	2.281262E-10	2.369812E-10	2.468799E-10	2.225052E-10	2.208855E-10	2.331483E-10	2.124329E-10	3.545912E-10	2.816588E-10	2.263535E-10	2.071285E-10	2.752247E-10	1.842077E-10	1.851550E-10	1.944844E-10	5.106108E-10	3.904767E-10	2.097583E-10	1.897620E-10	1.533325E-10	2.108980E-10	1.881042E-10	2.298726E-10	8.268211E-10	2.620843E-10	2.115252E-10	2.451546E-10	1.968910E-10	2.123973E-10	2.042826E-10	1.914581E-10
0:22:19	1	-1.099161E+1	1.504500E+1	1.555800E+1	1.765916E+0	1.795470E+0	2.000000E+2	1.173400E-8	1.008367E-8	2.931185E-10	2.959075E-10	2.841998E-10	2.974462E-10	2.751543E-10	2.751319E-10	3.144440E-10	2.674119E-10	4.276137E-10	3.479503E-10	2.806654E-10	2.603634E-10	3.274202E-10	2.562743E-10	2.291795E-10	2.472660E-10	5.930940E-10	4.661932E-10	2.694735E-10	2.483765E-10	2.038124E-10	2.602208E-10	2.394109E-10	3.201979E-10	8.842627E-10	3.179182E-10	2.643125E-10	2.990360E-10	2.521445E-10	2.703121E-10	2.696387E-10	2.457167E-10
0:22:32	1	-1.099252E+1	1.503900E+1	1.553300E+1	1.765954E+0	1.795432E+0	2.200000E+2	1.773000E-8	1.609688E-8	3.723887E-10	6.384124E-10	3.654278E-10	3.678201E-10	3.534617E-10	5.708822E-10	3.559439E-10	3.370396E-10	5.309997E-10	4.518424E-10	1.766376E-9	3.250278E-10	3.956401E-10	3.889239E-10	3.032287E-10	5.012409E-10	7.118768E-10	5.694145E-10	3.301333E-10	5.887822E-10	2.812984E-10	3.287560E-10	3.136539E-10	1.034994E-9	1.053751E-9	4.006944E-10	4.313855E-10	6.092146E-10	3.164277E-10	4.445636E-10	3.396347E-10	3.176403E-10
0:22:47	1	-1.099131E+1	1.503400E+1	1.552400E+1	1.765485E+0	1.795128E+0	2.400000E+2	1.141000E-6	3.119470E-6	5.212183E-10	4.396180E-8	1.652232E-8	3.161979E-9	6.933722E-9	1.440671E-7	5.799330E-10	5.967783E-10	6.674731E-10	5.917270E-7	4.489810E-7	4.799323E-10	7.035499E-10	5.854370E-10	4.583580E-10	5.553085E-9	8.676572E-10	7.248755E-10	4.845296E-8	2.159475E-9	1.943283E-9	5.126929E-10	3.451078E-9	5.620990E-8	1.023732E-8	2.251755E-7	1.398148E-6	3.046807E-8	1.282950E-9	4.001903E-9	3.110281E-9	6.722367E-8
0:23:10	1	-1.089250E+1	1.503200E+1	1.553900E+1	1.775556E+0	1.802957E+0	2.600000E+2	8.862800E-5	1.011205E-4	1.755224E-7	2.438697E-6	3.004628E-6	2.390263E-6	5.348702E-6	9.261195E-6	2.024481E-6	2.236702E-6	2.827296E-8	3.132651E-6	5.652958E-6	1.616937E-6	2.037522E-6	1.956152E-6	7.454562E-7	3.118963E-6	2.011995E-7	1.456922E-6	5.291932E-6	2.385914E-6	4.323583E-6	1.499363E-6	2.365074E-6	6.007616E-6	1.964257E-6	3.933246E-6	6.787732E-6	4.095506E-6	3.744161E-6	2.036727E-6	1.647275E-6	8.210893E-6
0:23:24	1	-1.089242E+1	1.503300E+1	1.553600E+1	1.778774E+0	1.805617E+0	2.800000E+2	9.998700E-5	1.020174E-4	1.892703E-7	1.997342E-6	4.576447E-6	2.453227E-6	5.235343E-6	7.661947E-6	2.059724E-6	2.542730E-6	5.088725E-8	2.030131E-6	4.280315E-6	1.872862E-6	3.053127E-6	3.902336E-6	9.207050E-7	3.421984E-6	2.613468E-7	6.426383E-7	5.226837E-6	2.655781E-6	4.219036E-6	1.908610E-6	3.022056E-6	5.638676E-6	1.364176E-6	5.877341E-6	5.569640E-6	3.922666E-6	3.583487E-6	2.592128E-6	1.952981E-6	7.331647E-6
0:23:38	1	-1.089333E+1	1.505100E+1	1.553300E+1	1.778217E+0	1.805351E+0	3.000000E+2	9.998800E-5	9.936285E-5	2.133939E-7	1.828110E-6	4.487162E-6	2.939963E-6	5.200818E-6	7.003192E-6	2.126568E-6	2.635082E-6	6.057426E-8	1.667282E-6	1.754447E-6	1.980761E-6	3.575152E-6	4.129744E-6	1.068871E-6	3.504263E-6	2.953616E-7	5.886861E-7	5.111430E-6	3.025059E-6	4.104943E-6	2.057245E-6	3.668778E-6	5.525997E-6	1.239656E-6	4.531413E-6	4.865779E-6	3.093838E-6	4.402108E-6	3.165820E-6	2.379809E-6	7.131546E-6
0:23:52	1	-1.089349E+1	1.504500E+1	1.554700E+1	1.781396E+0	1.808252E+0	3.200000E+2	9.998800E-5	9.944205E-5	2.657941E-7	1.856425E-6	4.585612E-6	3.227035E-6	5.348702E-6	6.938503E-6	2.270808E-6	2.686435E-6	7.362388E-8	1.489854E-6	1.742802E-6	2.133625E-6	3.680576E-6	4.194946E-6	1.248359E-6	3.547402E-6	3.442268E-7	8.767120E-7	4.964329E-6	3.542227E-6	3.969032E-6	2.146817E-6	4.186481E-6	5.363452E-6	4.964168E-7	3.574042E-6	4.778765E-6	3.080581E-6	3.464687E-6	3.557819E-6	2.705515E-6	7.100449E-6
0:24:06	1	-1.098614E+1	1.505500E+1	1.557500E+1	1.773023E+0	1.801323E+0	3.400000E+2	9.998800E-5	1.013388E-4	2.932490E-7	1.794166E-6	4.751736E-6	3.279539E-6	5.170195E-6	6.715740E-6	2.333685E-6	2.683366E-6	7.505365E-8	1.281470E-6	2.817741E-6	2.153496E-6	3.431129E-6	3.891861E-6	1.367264E-6	3.319004E-6	3.212305E-7	9.563507E-7	4.517685E-6	3.537544E-6	3.587288E-6	1.999965E-6	4.512685E-6	4.954634E-6	5.205057E-7	3.235222E-6	4.090335E-6	2.625617E-6	7.937491E-6	3.564573E-6	2.882667E-6	6.736352E-6
0:24:20	1	-1.099138E+1	1.505500E+1	1.556100E+1	1.773162E+0	1.801437E+0	3.600000E+2	9.998700E-5	1.001936E-4	2.494527E-7	1.572177E-6	4.029980E-6	3.006781E-6	4.777887E-6	6.189768E-6	2.148434E-6	2.495580E-6	6.568637E-8	1.042723E-6	2.908425E-6	6.600342E-6	3.070640E-6	3.492978E-6	1.388666E-6	3.022293E-6	2.917078E-7	1.042063E-6	4.147554E-6	3.388713E-6	3.423137E-6	1.785560E-6	4.737833E-6	4.727532E-6	5.164352E-7	3.070111E-6	3.742795E-6	2.529571E-6	6.652587E-6	3.537500E-6	3.432819E-6	7.105900E-6
0:24:34	1	-1.089372E+1	1.504500E+1	1.555100E+1	1.783942E+0	1.810785E+0	3.620000E+2	9.998700E-5	1.004681E-4	2.436655E-7	1.495322E-6	3.716643E-6	2.942633E-6	4.544582E-6	5.931751E-6	2.106028E-6	2.481028E-6	6.364433E-8	9.378533E-7	2.666522E-6	6.434502E-6	2.904107E-6	3.003526E-6	1.489792E-6	2.862714E-6	2.830341E-7	1.047035E-6	4.096045E-6	2.846873E-6	3.465719E-6	1.854215E-6	4.845574E-6	4.576108E-6	5.075772E-7	2.897790E-6	3.540312E-6	2.482127E-6	5.230769E-6	3.041808E-6	8.977740E-6	6.951089E-6
0:24:47	1	-1.096676E+1	1.503700E+1	1.555100E+1	1.777241E+0	1.804756E+0	3.640000E+2	9.998800E-5	9.984258E-5	2.738898E-7	1.512464E-6	3.704545E-6	3.066973E-6	4.506122E-6	5.929011E-6	2.223008E-6	2.647377E-6	7.326199E-8	9.573894E-7	2.609072E-6	5.331650E-6	2.876556E-6	2.832713E-6	1.771819E-6	2.913030E-6	3.259627E-7	1.134702E-6	4.183758E-6	2.875977E-6	3.726032E-6	2.049573E-6	5.190870E-6	4.561487E-6	5.692902E-7	2.907455E-6	3.539080E-6	2.670446E-6	4.510180E-6	3.036328E-6	8.287055E-6	7.045505E-6
0:25:01	1	-1.089858E+1	1.504400E+1	1.553400E+1	1.786096E+0	1.812217E+0	3.660000E+2	9.998800E-5	9.995067E-5	3.218322E-7	1.614891E-6	3.531266E-6	2.827089E-6	4.542669E-6	6.186161E-6	2.357572E-6	2.862973E-6	8.452895E-8	9.926057E-7	2.310238E-6	4.595210E-6	2.872065E-6	2.818395E-6	2.135906E-6	2.971724E-6	3.698664E-7	1.130787E-6	4.132243E-6	3.055767E-6	3.748525E-6	2.221935E-6	5.458166E-6	4.686402E-6	8.257288E-7	2.912467E-6	3.541360E-6	3.044912E-6	3.990398E-6	3.111097E-6	7.620955E-6	7.074930E-6
0:25:14	1	-1.099214E+1	1.504000E+1	1.556500E+1	1.775189E+0	1.802843E+0	3.680000E+2	9.998800E-5	1.000437E-4	3.508702E-7	1.655632E-6	3.567995E-6	2.892066E-6	4.411674E-6	6.253457E-6	2.418200E-6	2.969079E-6	8.436129E-8	9.792235E-7	2.363508E-6	4.113472E-6	2.798626E-6	2.804791E-6	2.461643E-6	2.935736E-6	3.929925E-7	1.310482E-6	3.983970E-6	3.136617E-6	3.904746E-6	2.351825E-6	5.567562E-6	4.724857E-6	8.471818E-7	2.915173E-6	3.493673E-6	3.179260E-6	3.656175E-6	3.186082E-6	7.208488E-6	7.124304E-6
0:25:28	1	-1.098006E+1	1.504200E+1	1.556100E+1	1.779407E+0	1.806947E+0	3.700000E+2	9.998700E-5	9.954629E-5	3.805079E-7	1.673985E-6	3.548098E-6	3.009774E-6	4.336288E-6	6.050650E-6	2.531037E-6	3.123063E-6	8.641481E-8	9.767776E-7	2.391724E-6	3.712071E-6	2.743237E-6	2.800185E-6	2.757870E-6	2.929066E-6	4.084163E-7	1.379023E-6	3.715535E-6	3.222369E-6	3.971039E-6	2.455236E-6	5.646720E-6	4.735274E-6	8.365114E-7	2.910601E-6	3.414001E-6	3.248900E-6	3.404350E-6	3.227455E-6	6.875676E-6	7.044436E-6
0:25:41	1	-1.099123E+1	1.505300E+1	1.555600E+1	1.786273E+0	1.812369E+0	3.720000E+2	9.998700E-5	1.010150E-4	3.785477E-7	1.581766E-6	4.560949E-6	3.195205E-6	4.825007E-6	5.908238E-6	2.492010E-6	3.882140E-6	8.077543E-8	9.058008E-7	2.270459E-6	3.323261E-6	2.556583E-6	2.578607E-6	2.825673E-6	2.767861E-6	3.824865E-7	1.343151E-6	3.559434E-6	3.098048E-6	3.798950E-6	2.390026E-6	5.434378E-6	4.503118E-6	7.380861E-7	2.707302E-6	3.226007E-6	2.843831E-6	6.722535E-6	3.009343E-6	6.401378E-6	6.724051E-6
0:25:55	1	-1.099207E+1	1.504800E+1	1.555100E+1	1.778191E+0	1.805706E+0	3.740000E+2	9.998800E-5	9.981184E-5	3.351784E-7	1.442085E-6	4.324192E-6	3.508722E-6	5.111951E-6	6.056131E-6	2.358324E-6	4.247397E-6	7.153138E-8	8.168641E-7	1.761932E-6	3.013064E-6	2.394832E-6	2.495453E-6	2.877567E-6	2.545785E-6	3.564732E-7	1.304774E-6	3.534548E-6	3.076967E-6	3.720524E-6	2.379495E-6	5.400445E-6	4.393064E-6	7.099790E-7	2.674596E-6	3.349982E-6	2.663432E-6	7.243775E-6	2.905955E-6	6.167406E-6	6.569417E-6
0:26:08	1	-1.099822E+1	1.505500E+1	1.556300E+1	1.780801E+0	1.807796E+0	3.760000E+2	9.998800E-5	1.001062E-4	3.485145E-7	1.447311E-6	3.733961E-6	3.871130E-6	5.213855E-6	6.297291E-6	2.327804E-6	4.563633E-6	7.073535E-8	7.948840E-7	2.201460E-6	2.858805E-6	2.329823E-6	2.403232E-6	3.006163E-6	2.466542E-6	3.642883E-7	1.324233E-6	3.559119E-6	3.039206E-6	3.664944E-6	2.431452E-6	5.459859E-6	4.389300E-6	7.179649E-7	2.673246E-6	3.546770E-6	2.727823E-6	6.593690E-6	3.010002E-6	6.049959E-6	6.619177E-6
0:26:22	1	-1.099154E+1	1.505700E+1	1.555100E+1	1.777735E+0	1.805376E+0	3.780000E+2	9.998700E-5	1.000540E-4	3.762268E-7	1.550160E-6	3.472731E-6	4.110565E-6	4.832894E-6	6.328786E-6	2.393176E-6	4.811397E-6	7.277828E-8	8.098949E-7	2.200771E-6	2.843588E-6	2.328981E-6	2.473317E-6	3.070495E-6	2.465036E-6	3.826551E-7	1.360439E-6	3.530687E-6	3.000261E-6	3.661165E-6	2.481678E-6	5.541380E-6	4.385775E-6	7.321156E-7	2.686164E-6	3.715660E-6	2.810391E-6	5.876725E-6	3.097323E-6	5.805789E-6	6.845044E-6
0:26:35	1	-1.099313E+1	1.505800E+1	1.554000E+1	1.778077E+0	1.805946E+0	3.800000E+2	9.998800E-5	1.000236E-4	3.907518E-7	1.723754E-6	3.252117E-6	4.190457E-6	4.634020E-6	6.161881E-6	2.472733E-6	5.114717E-6	7.348594E-8	8.053969E-7	2.275062E-6	2.796287E-6	2.300416E-6	2.537491E-6	3.105319E-6	2.415006E-6	4.041270E-7	1.371591E-6	3.465769E-6	3.050565E-6	3.664074E-6	2.510053E-6	5.625529E-6	4.358183E-6	7.454818E-7	2.691514E-6	3.649575E-6	3.007073E-6	5.496781E-6	3.149512E-6	5.569747E-6	7.015130E-6
0:26:49	1	-1.099138E+1	1.504200E+1	1.555600E+1	1.780509E+0	1.808125E+0	3.820000E+2	9.998700E-5	1.008840E-4	3.502054E-7	1.624745E-6	3.381196E-6	3.988933E-6	4.271804E-6	5.747052E-6	2.515613E-6	5.076660E-6	3.421712E-6	7.150931E-7	2.096430E-6	3.903061E-6	2.215189E-6	2.399793E-6	2.959115E-6	2.237423E-6	3.831404E-7	1.293666E-6	3.147884E-6	3.129991E-6	3.488508E-6	2.466045E-6	5.497243E-6	4.124114E-6	6.698419E-7	2.562368E-6	4.298615E-6	2.846186E-6	4.983964E-6	2.996761E-6	5.154947E-6	6.936655E-6
0:27:03	1	-1.101814E+1	1.503900E+1	1.554000E+1	1.787945E+0	1.814029E+0	3.840000E+2	9.998800E-5	1.004974E-4	3.496466E-7	1.553956E-6	3.319191E-6	3.793472E-6	4.236930E-6	5.582000E-6	2.664957E-6	5.188193E-6	1.462994E-6	1.600308E-6	1.663756E-6	4.149597E-6	2.167034E-6	2.424131E-6	3.089142E-6	2.224824E-6	4.022225E-7	1.121045E-6	2.979022E-6	3.463614E-6	3.502181E-6	2.502564E-6	5.509259E-6	4.137023E-6	6.757563E-7	2.614385E-6	4.631506E-6	2.837930E-6	5.439948E-6	3.079709E-6	5.079111E-6	7.051982E-6
0:27:17	1	-1.099313E+1	1.504300E+1	1.554900E+1	1.781092E+0	1.808201E+0	3.860000E+2	9.998800E-5	1.002162E-4	3.808712E-7	1.569358E-6	3.258159E-6	3.783018E-6	4.294882E-6	5.552710E-6	2.844530E-6	5.355043E-6	9.875210E-7	1.046521E-6	1.613501E-6	3.882975E-6	2.183204E-6	2.482814E-6	3.235890E-6	2.258313E-6	4.236050E-7	1.191059E-6	3.142506E-6	3.482946E-6	3.521469E-6	2.614497E-6	5.470985E-6	4.169153E-6	6.935815E-7	2.615973E-6	4.467175E-6	2.898871E-6	5.446546E-6	3.184549E-6	5.086311E-6	7.077615E-6
0:27:30	1	-1.099207E+1	1.506300E+1	1.556500E+1	1.781637E+0	1.808404E+0	3.880000E+2	9.998800E-5	9.956970E-5	3.927870E-7	1.554990E-6	3.207127E-6	3.809216E-6	4.117344E-6	5.446797E-6	2.886304E-6	5.426008E-6	7.675143E-7	9.168698E-7	1.618496E-6	3.965938E-6	2.189778E-6	2.546817E-6	3.401432E-6	2.223969E-6	4.319321E-7	1.242312E-6	3.120417E-6	3.433144E-6	3.507367E-6	2.682358E-6	5.421250E-6	4.186386E-6	6.835815E-7	2.231355E-6	4.192192E-6	2.844419E-6	5.787949E-6	3.129604E-6	5.159331E-6	7.044714E-6
0:27:44	1	-1.099214E+1	1.504200E+1	1.554400E+1	1.780522E+0	1.807555E+0	3.900000E+2	9.998800E-5	1.002856E-4	3.879395E-7	1.488992E-6	3.130395E-6	3.621399E-6	4.060430E-6	5.330450E-6	2.840652E-6	5.377983E-6	6.226678E-7	1.850163E-6	1.614323E-6	4.574620E-6	2.129044E-6	2.580185E-6	3.624237E-6	2.030003E-6	4.167567E-7	1.472656E-6	2.996116E-6	3.210515E-6	3.391451E-6	2.609137E-6	5.238995E-6	4.086565E-6	6.431947E-7	2.125362E-6	4.133419E-6	3.287645E-6	6.113049E-6	3.054645E-6	5.217675E-6	7.024918E-6
0:27:58	1	-1.099245E+1	1.504600E+1	1.555100E+1	1.780243E+0	1.807733E+0	3.920000E+2	9.998800E-5	1.006815E-4	3.340817E-7	1.335220E-6	2.797274E-6	8.041954E-6	3.677062E-6	4.812724E-6	2.538515E-6	4.965032E-6	4.238507E-7	3.429721E-6	1.390849E-6	4.656131E-6	1.888623E-6	2.357402E-6	3.475290E-6	1.840732E-6	3.374304E-7	1.481316E-6	2.845041E-6	2.682691E-6	3.080953E-6	2.475600E-6	4.914578E-6	3.853358E-6	5.658301E-7	2.159085E-6	3.909178E-6	4.002062E-6	5.513760E-6	2.972051E-6	5.019952E-6	6.904153E-6
0:28:11	1	-1.099131E+1	1.502900E+1	1.554200E+1	1.780357E+0	1.808113E+0	3.940000E+2	9.998800E-5	1.006546E-4	3.493054E-7	1.358043E-6	2.808790E-6	5.374967E-6	3.838889E-6	4.940787E-6	2.745045E-6	5.145660E-6	4.394805E-7	2.445162E-6	1.511734E-6	4.935344E-6	2.002674E-6	2.493566E-6	3.718079E-6	2.119661E-6	3.691080E-7	1.745121E-6	2.936911E-6	2.613657E-6	3.111156E-6	2.557394E-6	4.929179E-6	3.921351E-6	5.889227E-7	2.438641E-6	4.023025E-6	4.519568E-6	5.883765E-6	3.008615E-6	4.950758E-6	6.830217E-6
0:28:25	1	-1.099822E+1	1.504500E+1	1.554200E+1	1.781307E+0	1.808417E+0	3.960000E+2	9.998800E-5	1.006494E-4	3.568543E-7	1.351385E-6	2.817626E-6	4.616158E-6	3.835405E-6	4.883421E-6	2.763576E-6	5.456342E-6	4.125164E-7	1.939739E-6	1.552765E-6	4.829857E-6	2.036946E-6	2.614303E-6	3.776692E-6	2.588538E-6	3.757561E-7	1.597183E-6	2.901582E-6	2.516422E-6	3.093376E-6	2.594323E-6	4.857009E-6	3.936947E-6	5.690128E-7	2.454699E-6	4.027192E-6	5.956492E-6	5.332987E-6	3.037056E-6	4.811128E-6	6.756129E-6
0:28:38	1	-1.099230E+1	1.503100E+1	1.555300E+1	1.780902E+0	1.807859E+0	3.980000E+2	9.998800E-5	1.006360E-4	3.611354E-7	1.339929E-6	2.799012E-6	4.282871E-6	3.773024E-6	5.148403E-6	2.769798E-6	5.550216E-6	3.863029E-7	1.646897E-6	1.536650E-6	4.638615E-6	2.053141E-6	2.619717E-6	3.747544E-6	2.971630E-6	3.802000E-7	1.417035E-6	2.923810E-6	2.414485E-6	3.081805E-6	2.643118E-6	4.819885E-6	3.963331E-6	5.689024E-7	2.487110E-6	3.947521E-6	6.440604E-6	5.213525E-6	3.069864E-6	5.144141E-6	6.495766E-6
0:28:52	1	-1.099328E+1	1.504800E+1	1.554800E+1	1.779965E+0	1.807733E+0	4.000000E+2	9.998800E-5	1.002171E-4	3.787805E-7	1.333019E-6	2.747638E-6	4.063275E-6	3.698417E-6	5.201689E-6	2.755517E-6	5.556823E-6	3.562159E-7	1.445969E-6	1.725865E-6	4.277847E-6	2.044648E-6	2.582179E-6	3.630159E-6	3.083000E-6	3.693570E-7	1.354838E-6	2.844462E-6	2.339503E-6	2.751135E-6	2.636309E-6	4.652869E-6	3.931723E-6	5.812041E-7	2.413704E-6	3.805837E-6	6.309845E-6	5.434701E-6	2.941905E-6	6.654429E-6	6.314265E-6
0:29:05	1	-1.101183E+1	1.505000E+1	1.555800E+1	1.790555E+0	1.816765E+0	4.020000E+2	9.998800E-5	1.005623E-4	3.869751E-7	1.346385E-6	2.782402E-6	3.962134E-6	3.694540E-6	5.239690E-6	2.778735E-6	5.608196E-6	3.501402E-7	1.392663E-6	1.753650E-6	4.058184E-6	2.108675E-6	2.588173E-6	3.599649E-6	3.203135E-6	3.870375E-7	1.517647E-6	2.879500E-6	2.405139E-6	2.434385E-6	2.767409E-6	4.657582E-6	4.029958E-6	5.929018E-7	2.287195E-6	3.727763E-6	6.085922E-6	5.195157E-6	4.389457E-6	6.166779E-6	6.185112E-6
0:29:19	1	-1.099298E+1	1.506000E+1	1.556300E+1	1.784094E+0	1.811165E+0	4.040000E+2	9.998700E-5	1.009131E-4	4.179840E-7	1.399496E-6	2.877242E-6	3.976119E-6	3.495818E-6	5.306591E-6	2.825758E-6	5.727591E-6	3.522240E-7	1.303301E-6	1.814710E-6	3.940908E-6	1.799628E-6	3.137665E-6	3.529039E-6	3.250097E-6	3.955433E-7	1.375562E-6	2.846924E-6	2.395636E-6	2.734523E-6	2.521403E-6	4.555047E-6	3.986940E-6	5.763725E-7	2.327167E-6	3.606270E-6	5.715823E-6	4.987891E-6	5.747401E-6	5.733208E-6	6.253205E-6
0:29:32	1	-1.099169E+1	1.504300E+1	1.557400E+1	1.783955E+0	1.810507E+0	4.060000E+2	9.998800E-5	9.991774E-5	3.978913E-7	1.346669E-6	2.778616E-6	3.739607E-6	3.558559E-6	5.066053E-6	2.746814E-6	5.635854E-6	3.217447E-7	1.187059E-6	1.744976E-6	3.753935E-6	1.793617E-6	4.014882E-6	3.360965E-6	3.213855E-6	3.820950E-7	1.647782E-6	2.778145E-6	2.354935E-6	3.390391E-6	2.090665E-6	4.343502E-6	3.941215E-6	5.730669E-7	2.340418E-6	3.530488E-6	5.316128E-6	5.058874E-6	6.042506E-6	5.274909E-6	6.191525E-6
0:29:46	1	-1.099252E+1	1.505600E+1	1.557400E+1	1.783512E+0	1.810444E+0	4.080000E+2	9.998800E-5	9.977562E-5	4.111145E-7	1.367922E-6	2.762030E-6	3.656760E-6	3.742369E-6	5.108026E-6	2.762389E-6	5.646183E-6	3.213643E-7	1.159989E-6	1.287311E-6	3.753480E-6	1.990570E-6	4.257844E-6	3.309122E-6	3.275985E-6	3.985724E-7	1.756500E-6	2.788625E-6	2.414372E-6	4.153790E-6	2.148335E-6	4.368293E-6	4.017049E-6	5.941775E-7	2.333265E-6	3.504166E-6	5.097782E-6	5.086290E-6	5.161461E-6	5.100974E-6	6.039500E-6
0:29:59	1	-1.099199E+1	1.506000E+1	1.558400E+1	1.783638E+0	1.810836E+0	4.100000E+2	9.998800E-5	1.018491E-4	4.209508E-7	1.593985E-6	3.347160E-6	3.551544E-6	3.812935E-6	5.065500E-6	2.703378E-6	5.603732E-6	2.964542E-7	1.072586E-6	1.248828E-6	3.549983E-6	1.960998E-6	4.050382E-6	2.982252E-6	3.058092E-6	3.364927E-7	1.398677E-6	2.506403E-6	1.009270E-5	4.474749E-6	1.981460E-6	3.993864E-6	3.702312E-6	4.308079E-7	2.024306E-6	3.049833E-6	4.195002E-6	4.550028E-6	4.638906E-6	4.747328E-6	5.407474E-6
0:30:13	1	-1.099275E+1	1.505600E+1	1.557100E+1	1.783702E+0	1.810709E+0	4.042336E+2	9.998800E-5	9.683873E-5	3.800620E-7	1.648262E-6	3.523340E-6	3.247000E-6	3.965938E-6	5.007091E-6	2.630143E-6	5.511589E-6	2.790075E-7	1.019027E-6	1.287874E-6	3.608921E-6	2.133035E-6	4.083441E-6	3.063952E-6	3.254716E-6	3.722435E-7	1.540775E-6	3.266605E-6	4.762427E-6	4.626068E-6	2.124949E-6	3.928467E-6	3.638348E-6	5.325779E-7	1.836757E-6	2.859357E-6	3.851355E-6	4.423184E-6	4.252805E-6	5.088857E-6	5.090559E-6
0:30:26	1	-1.099115E+1	1.506200E+1	1.557000E+1	1.783879E+0	1.810608E+0	3.984672E+2	9.998800E-5	1.013525E-4	3.413290E-7	1.573274E-6	3.632623E-6	2.948158E-6	4.109210E-6	4.970523E-6	2.531555E-6	5.337796E-6	2.409189E-7	5.748748E-6	1.118947E-6	3.412949E-6	2.585129E-6	3.987061E-6	2.866704E-6	3.375218E-6	3.303464E-7	1.407287E-6	3.117003E-6	3.334548E-6	4.356436E-6	2.298904E-6	3.927304E-6	3.770311E-6	7.945772E-7	2.162144E-6	3.199276E-6	4.142874E-6	4.690415E-6	4.563597E-6	4.938014E-6	5.539323E-6
0:30:40	1	-1.099169E+1	1.506900E+1	1.558000E+1	1.783562E+0	1.810583E+0	3.927009E+2	9.998800E-5	9.875290E-5	4.004992E-7	1.610761E-6	4.482725E-6	2.979526E-6	4.426789E-6	5.230577E-6	2.761132E-6	5.494944E-6	2.662101E-7	1.058381E-6	1.342130E-6	3.542519E-6	3.284953E-6	3.862412E-6	2.914708E-6	4.050819E-6	3.592856E-7	9.486046E-7	3.078677E-6	3.006103E-6	4.130666E-6	2.478069E-6	3.930337E-6	3.810812E-6	7.745134E-7	2.013002E-6	3.131000E-6	3.985962E-6	4.473230E-6	4.589042E-6	4.808664E-6	5.525845E-6
0:30:54	1	-1.099290E+1	1.505400E+1	1.558300E+1	1.783917E+0	1.810988E+0	3.869345E+2	9.998800E-5	1.022915E-4	3.773721E-7	1.511386E-6	4.473358E-6	2.740458E-6	4.262415E-6	4.907456E-6	2.475190E-6	5.101288E-6	1.976264E-7	2.334424E-6	1.210693E-6	3.165011E-6	3.097792E-6	3.403457E-6	2.555523E-6	3.803468E-6	1.459093E-7	2.123416E-6	2.684946E-6	2.382585E-6	3.601119E-6	2.311464E-6	3.564892E-6	3.464958E-6	6.317045E-7	5.901299E-6	2.725105E-6	9.171026E-6	3.758084E-6	4.344282E-6	4.498850E-6	5.364963E-6
0:31:07	1	-1.099336E+1	1.504700E+1	1.557100E+1	1.784120E+0	1.811140E+0	3.811681E+2	9.998800E-5	9.946876E-5	3.214664E-7	1.403803E-6	3.865859E-6	3.407036E-6	4.169075E-6	5.019649E-6	2.529300E-6	5.099157E-6	2.066772E-7	2.069789E-6	1.308648E-6	3.176933E-6	3.193140E-6	3.336015E-6	2.597383E-6	3.909953E-6	1.218803E-7	2.440307E-6	2.721988E-6	1.997693E-6	3.556391E-6	2.534347E-6	3.655801E-6	3.625307E-6	6.532256E-7	3.543616E-6	2.849634E-6	7.865835E-6	3.713323E-6	4.559080E-6	4.618122E-6	5.398326E-6
0:31:21	1	-1.099047E+1	1.506500E+1	1.557000E+1	1.783626E+0	1.811102E+0	3.754017E+2	9.998800E-5	9.969614E-5	3.613688E-7	1.493203E-6	3.829706E-6	3.177492E-6	4.234142E-6	5.167868E-6	2.714020E-6	5.300849E-6	2.383667E-7	9.232032E-7	1.475110E-6	3.348771E-6	3.609202E-6	3.304629E-6	2.699592E-6	4.014286E-6	1.497639E-7	2.606496E-6	2.758185E-6	2.340549E-6	3.582443E-6	2.722021E-6	3.802600E-6	3.776844E-6	6.935865E-7	2.920323E-6	2.963121E-6	6.775204E-6	3.835558E-6	4.696118E-6	4.671950E-6	5.509563E-6
0:31:34	1	-1.099245E+1	1.505300E+1	1.556600E+1	1.783917E+0	1.811090E+0	3.696353E+2	9.998800E-5	1.000562E-4	3.968941E-7	1.563425E-6	3.810927E-6	3.106036E-6	4.247820E-6	5.231947E-6	2.785228E-6	5.362696E-6	2.421488E-7	1.073903E-6	1.549281E-6	3.386777E-6	3.572973E-6	3.235818E-6	2.708726E-6	3.987765E-6	1.575696E-7	2.993143E-6	2.686130E-6	2.553550E-6	3.535778E-6	2.814731E-6	3.836988E-6	3.788953E-6	7.033974E-7	2.666734E-6	2.963513E-6	6.282597E-6	3.801954E-6	4.858354E-6	4.618554E-6	5.531891E-6
0:31:48	1	-1.099199E+1	1.505000E+1	1.555400E+1	1.783980E+0	1.810823E+0	3.638689E+2	9.998800E-5	1.001447E-4	4.103904E-7	1.569478E-6	3.749820E-6	3.078705E-6	3.969498E-6	5.215511E-6	2.842540E-6	5.408571E-6	2.480476E-7	1.161568E-6	1.671368E-6	3.387477E-6	3.457154E-6	3.170326E-6	2.689008E-6	3.931298E-6	1.610049E-7	3.182038E-6	2.651382E-6	2.542850E-6	4.393945E-6	2.826893E-6	3.826570E-6	3.816363E-6	6.921664E-7	2.603489E-6	2.912676E-6	5.959234E-6	3.738056E-6	4.870120E-6	4.532866E-6	5.474307E-6
0:32:01	1	-1.088893E+1	1.505000E+1	1.556500E+1	1.787768E+0	1.814130E+0	3.581026E+2	9.998700E-5	9.992925E-5	3.946715E-7	1.504003E-6	3.788742E-6	2.969610E-6	3.923601E-6	5.047115E-6	2.837538E-6	5.310569E-6	2.291904E-7	1.147102E-6	1.661050E-6	3.291367E-6	3.279202E-6	3.193061E-6	2.595971E-6	3.820294E-6	1.569867E-7	4.625772E-6	2.576398E-6	2.499171E-6	4.493785E-6	2.844485E-6	3.775628E-6	3.793554E-6	6.722824E-7	2.508047E-6	2.878614E-6	5.726750E-6	3.729816E-6	4.762353E-6	4.465454E-6	5.427067E-6
0:32:15	1	-1.099184E+1	1.505500E+1	1.555900E+1	1.783461E+0	1.810811E+0	3.523362E+2	9.998700E-5	9.975911E-5	4.100486E-7	1.507729E-6	3.898929E-6	2.955802E-6	3.970815E-6	5.054123E-6	3.008363E-6	5.469391E-6	2.355520E-7	1.183960E-6	1.684158E-6	3.307166E-6	3.240142E-6	3.205498E-6	2.570673E-6	3.799899E-6	1.608192E-7	4.452546E-6	2.571781E-6	2.529316E-6	4.111328E-6	2.892367E-6	3.770346E-6	3.810145E-6	6.738021E-7	2.474814E-6	2.876416E-6	5.595612E-6	3.783650E-6	4.731669E-6	4.439282E-6	5.382968E-6
0:32:28	1	-1.099260E+1	1.507500E+1	1.558000E+1	1.784348E+0	1.811267E+0	3.465698E+2	9.998800E-5	9.981210E-5	4.120901E-7	1.792375E-6	4.212981E-6	2.902412E-6	3.966286E-6	5.036587E-6	3.030469E-6	5.493822E-6	2.476305E-7	1.192328E-6	1.678872E-6	3.451069E-6	3.178382E-6	3.183362E-6	2.762000E-6	3.737812E-6	1.647347E-7	4.373633E-6	2.517363E-6	2.523718E-6	3.921093E-6	2.944262E-6	3.748897E-6	3.812518E-6	6.798262E-7	2.411958E-6	2.771396E-6	5.477497E-6	3.814083E-6	4.637873E-6	4.391550E-6	5.343217E-6
0:32:42	1	-1.089280E+1	1.505300E+1	1.557000E+1	1.790074E+0	1.815536E+0	3.408034E+2	9.998700E-5	9.983762E-5	4.182124E-7	1.997323E-6	4.445061E-6	2.838246E-6	3.970372E-6	4.865659E-6	3.039223E-6	5.463812E-6	2.321876E-7	1.188529E-6	1.776992E-6	3.394663E-6	3.387262E-6	3.187697E-6	2.751796E-6	3.682143E-6	1.638547E-7	4.264034E-6	2.492622E-6	2.537941E-6	3.821480E-6	2.993700E-6	3.864440E-6	3.875431E-6	6.711939E-7	2.409440E-6	2.793784E-6	5.348720E-6	3.870923E-6	4.461248E-6	4.339057E-6	5.290577E-6
0:32:55	1	-1.099260E+1	1.504700E+1	1.554600E+1	1.783575E+0	1.810393E+0	3.350370E+2	9.998700E-5	9.970439E-5	4.179594E-7	1.964469E-6	4.626683E-6	2.780040E-6	3.926566E-6	4.802605E-6	3.007737E-6	5.404418E-6	2.239794E-7	1.170438E-6	1.802691E-6	3.332827E-6	3.540430E-6	3.159706E-6	2.740705E-6	3.615070E-6	1.632553E-7	5.465152E-6	2.393112E-6	2.491405E-6	3.742840E-6	2.979559E-6	3.851551E-6	3.735153E-6	6.211382E-7	2.230733E-6	2.699459E-6	5.212428E-6	3.847706E-6	4.299830E-6	4.240192E-6	5.214552E-6
0:33:09	1	-1.099169E+1	1.504600E+1	1.555000E+1	1.783486E+0	1.810798E+0	3.292707E+2	9.998700E-5	9.920145E-5	4.150424E-7	1.887022E-6	4.455243E-6	2.877720E-6	3.920801E-6	4.722254E-6	3.012241E-6	5.254232E-6	2.189585E-7	1.119691E-6	1.823541E-6	3.303529E-6	3.346783E-6	3.111055E-6	2.730210E-6	3.721891E-6	5.924538E-7	6.065131E-6	2.351498E-6	2.462933E-6	3.628123E-6	2.912605E-6	3.826564E-6	3.763035E-6	6.150245E-7	2.156718E-6	2.634447E-6	5.004876E-6	3.823056E-6	4.188591E-6	4.088885E-6	5.167300E-6
0:33:22	1	-1.099184E+1	1.505600E+1	1.557000E+1	1.784158E+0	1.811115E+0	3.235043E+2	9.998700E-5	9.985450E-5	3.998237E-7	1.749566E-6	4.629066E-6	3.091178E-6	3.912483E-6	4.585668E-6	3.299799E-6	5.164023E-6	2.124232E-7	1.089629E-6	1.878468E-6	3.253242E-6	3.219887E-6	3.162747E-6	2.713330E-6	3.576962E-6	1.001921E-6	5.847059E-6	2.355259E-6	2.481413E-6	3.668282E-6	2.997019E-6	3.907276E-6	3.860899E-6	6.354723E-7	2.604205E-6	2.610689E-6	4.940687E-6	3.839554E-6	4.077821E-6	3.993978E-6	5.094674E-6
0:33:36	1	-1.099184E+1	1.505300E+1	1.556800E+1	1.784323E+0	1.810760E+0	3.177379E+2	9.998700E-5	9.986805E-5	3.714183E-7	1.653955E-6	4.236437E-6	3.184934E-6	3.945786E-6	4.407185E-6	2.987077E-6	5.019549E-6	1.980625E-7	1.055199E-6	1.979198E-6	3.160213E-6	2.949222E-6	4.075642E-6	2.687134E-6	3.470439E-6	5.142717E-7	5.538256E-6	2.307863E-6	2.311082E-6	3.596058E-6	2.834666E-6	4.508237E-6	3.777398E-6	6.108537E-7	4.259926E-6	2.690967E-6	4.425985E-6	3.803874E-6	4.190194E-6	3.927851E-6	5.189122E-6
0:33:49	1	-1.099199E+1	1.506100E+1	1.557600E+1	1.783499E+0	1.810646E+0	3.119715E+2	9.998700E-5	9.989024E-5	4.099388E-7	1.684810E-6	4.305590E-6	3.190503E-6	4.171014E-6	4.497404E-6	3.010257E-6	5.064683E-6	2.102165E-7	1.098248E-6	2.230289E-6	3.151549E-6	2.956538E-6	3.677723E-6	2.826693E-6	3.800842E-6	3.939625E-7	4.875965E-6	2.378487E-6	2.498043E-6	3.689759E-6	2.882082E-6	4.557694E-6	3.798042E-6	6.346406E-7	3.229708E-6	2.890452E-6	4.447523E-6	3.964839E-6	4.196676E-6	3.973621E-6	5.192452E-6
0:34:03	1	-1.099214E+1	1.504200E+1	1.556000E+1	1.783753E+0	1.810925E+0	3.062051E+2	9.998700E-5	1.000874E-4	4.234932E-7	1.638067E-6	4.505435E-6	3.544887E-6	4.184298E-6	4.517297E-6	3.066597E-6	5.069166E-6	2.166440E-7	1.119405E-6	2.408528E-6	3.181069E-6	2.754150E-6	3.855705E-6	2.835953E-6	3.946081E-6	3.373588E-7	4.430519E-6	2.434940E-6	2.530012E-6	3.760412E-6	2.954554E-6	4.337822E-6	3.861925E-6	6.462177E-7	2.894996E-6	2.859092E-6	4.383410E-6	4.021211E-6	4.203208E-6	4.012811E-6	5.152112E-6
0:34:16	1	-1.086688E+1	1.506000E+1	1.555500E+1	1.786451E+0	1.813230E+0	3.004387E+2	9.998700E-5	9.913868E-5	4.330697E-7	1.602862E-6	4.461210E-6	3.719952E-6	4.115798E-6	4.509553E-6	3.113784E-6	5.084130E-6	2.200685E-7	1.032449E-6	2.576476E-6	3.175657E-6	2.780125E-6	3.832231E-6	2.835409E-6	4.036770E-6	3.026528E-7	4.012765E-6	2.475547E-6	2.545106E-6	3.809266E-6	3.032273E-6	4.131350E-6	3.913471E-6	6.887202E-7	2.728786E-6	2.851307E-6	4.455367E-6	3.947159E-6	4.007265E-6	3.730510E-6	4.977588E-6
0:34:30	1	-1.099154E+1	1.503600E+1	1.555000E+1	1.783524E+0	1.810836E+0	2.946724E+2	9.998700E-5	9.975075E-5	4.453285E-7	1.580688E-6	4.412042E-6	3.793023E-6	4.109020E-6	4.541363E-6	3.130793E-6	5.069946E-6	2.243889E-7	1.032410E-6	2.693264E-6	3.093161E-6	2.767635E-6	3.954634E-6	2.580390E-6	3.962445E-6	2.666625E-7	3.618434E-6	2.481839E-6	2.498626E-6	3.738733E-6	2.916825E-6	4.920922E-6	3.833508E-6	6.661561E-7	2.822387E-6	2.840694E-6	4.453372E-6	4.031187E-6	4.152458E-6	3.978494E-6	5.139919E-6
0:34:43	1	-1.099169E+1	1.503300E+1	1.553300E+1	1.784158E+0	1.810887E+0	2.889060E+2	9.998700E-5	9.954289E-5	4.700797E-7	1.606348E-6	4.085911E-6	3.395918E-6	4.303105E-6	4.576982E-6	3.183457E-6	5.099049E-6	2.314035E-7	1.056103E-6	2.775199E-6	3.116391E-6	2.792951E-6	3.978846E-6	2.892850E-6	4.127833E-6	2.668513E-7	3.370758E-6	2.564620E-6	2.484559E-6	3.860933E-6	3.030005E-6	4.643417E-6	3.891556E-6	6.723864E-7	2.522020E-6	2.827998E-6	4.474745E-6	3.989060E-6	4.127653E-6	4.054649E-6	5.069250E-6
0:34:57	1	-1.099138E+1	1.503600E+1	1.555200E+1	1.784056E+0	1.810583E+0	2.831396E+2	9.998700E-5	1.002228E-4	4.744517E-7	2.625418E-6	4.169343E-6	2.906696E-6	4.458882E-6	4.604681E-6	3.183609E-6	5.085170E-6	3.293146E-7	1.048088E-6	2.800861E-6	3.092428E-6	2.455237E-6	4.035642E-6	3.008386E-6	4.100597E-6	2.509485E-7	3.104623E-6	2.565955E-6	2.503603E-6	3.872959E-6	3.080419E-6	4.522825E-6	3.821744E-6	6.856946E-7	2.501503E-6	2.835195E-6	4.566936E-6	3.999490E-6	4.297238E-6	4.122770E-6	5.112109E-6
0:35:10	1	-1.099207E+1	1.503900E+1	1.553700E+1	1.783271E+0	1.810355E+0	2.773732E+2	9.998700E-5	1.000021E-4	4.723533E-7	2.044804E-6	3.701233E-6	3.080097E-6	4.593507E-6	4.547988E-6	3.181916E-6	4.750596E-6	2.733299E-7	1.014133E-6	3.439010E-6	3.291513E-6	3.005320E-6	3.947857E-6	3.105597E-6	3.935114E-6	2.374464E-7	2.877741E-6	2.507625E-6	2.570662E-6	3.887250E-6	3.124636E-6	4.417530E-6	3.900424E-6	6.807059E-7	2.402984E-6	2.793986E-6	4.563353E-6	3.980384E-6	4.520324E-6	4.060356E-6	5.092319E-6
0:35:24	1	-1.099207E+1	1.504400E+1	1.556000E+1	1.783436E+0	1.810785E+0	2.716068E+2	9.998700E-5	1.002196E-4	4.776260E-7	1.907985E-6	3.602600E-6	3.386863E-6	4.622807E-6	4.594644E-6	3.197258E-6	4.880688E-6	2.323639E-7	1.029233E-6	3.451598E-6	3.162612E-6	2.853761E-6	3.948292E-6	3.227840E-6	3.971052E-6	2.296047E-7	2.687574E-6	2.538349E-6	2.447112E-6	3.933138E-6	3.154050E-6	4.361811E-6	3.943021E-6	6.819936E-7	2.341554E-6	2.826160E-6	4.839355E-6	3.931740E-6	4.661524E-6	4.028967E-6	5.066407E-6
0:35:37	1	-1.099686E+1	1.505100E+1	1.556700E+1	1.784373E+0	1.811127E+0	2.658405E+2	9.998700E-5	1.001336E-4	4.756550E-7	1.818842E-6	3.500719E-6	3.534730E-6	4.605157E-6	4.607076E-6	3.188289E-6	4.876072E-6	2.280404E-7	1.028597E-6	3.300195E-6	3.097107E-6	2.748089E-6	3.912148E-6	3.308362E-6	3.967900E-6	2.225853E-7	2.537502E-6	2.537392E-6	2.279389E-6	3.930917E-6	3.245463E-6	4.320302E-6	3.947981E-6	6.807381E-7	2.262773E-6	3.040589E-6	5.257783E-6	3.842484E-6	4.723039E-6	4.058004E-6	5.049663E-6
0:35:52	1	-1.098796E+1	1.504900E+1	1.556200E+1	1.783284E+0	1.810785E+0	2.600741E+2	5.823300E-5	5.553056E-5	1.442190E-7	8.195752E-7	1.776422E-6	2.017054E-6	2.749062E-6	2.665299E-6	1.618275E-6	2.968077E-6	4.878613E-8	3.238766E-7	1.749819E-6	1.500962E-6	1.371634E-6	2.097579E-6	1.902663E-6	2.330701E-6	7.377099E-8	1.396072E-6	1.186204E-6	1.101281E-6	2.197183E-6	1.773384E-6	2.432601E-6	2.195851E-6	2.175908E-7	1.493215E-6	1.560900E-6	3.416688E-6	2.115185E-6	2.864550E-6	2.327755E-6	3.094324E-6
0:36:14	1	-1.109255E+1	1.504500E+1	1.555000E+1	1.780864E+0	1.809544E+0	2.543077E+2	1.297800E-5	8.980685E-6	9.309546E-9	1.277281E-7	1.778852E-7	3.160526E-7	4.550158E-7	3.870631E-7	1.840957E-7	5.269900E-7	2.895176E-9	3.053889E-8	2.234154E-7	1.370705E-7	1.575904E-7	2.751285E-7	2.889705E-7	3.881019E-7	1.254196E-8	4.217330E-7	1.537630E-7	1.296687E-7	3.256354E-7	2.347374E-7	3.464836E-7	2.982230E-7	1.521282E-8	3.281023E-7	3.374564E-7	9.749407E-7	3.347471E-7	5.071379E-7	3.455571E-7	5.268928E-7
0:36:33	1	-1.109247E+1	1.505800E+1	1.556500E+1	1.777963E+0	1.807289E+0	2.485413E+2	1.720800E-6	1.195444E-6	1.281257E-9	2.243399E-8	8.810216E-9	2.449965E-8	2.674199E-8	4.435540E-8	8.565977E-9	2.906084E-8	1.045771E-9	1.785114E-8	2.276287E-8	6.214557E-9	9.682804E-9	4.541523E-8	1.849924E-8	2.118949E-8	4.025904E-9	1.198692E-7	2.181109E-8	7.119493E-9	2.863264E-8	1.230388E-8	3.127052E-8	1.419851E-8	1.907937E-9	2.212503E-8	1.457709E-7	3.741498E-7	2.431440E-8	3.360476E-8	1.836835E-8	2.756138E-8
0:36:47	1	-1.120055E+1	1.504800E+1	1.554300E+1	1.777988E+0	1.807099E+0	2.427749E+2	3.091300E-7	1.610434E-7	9.584993E-10	4.963161E-9	7.472900E-10	2.315967E-9	5.458926E-9	2.356530E-8	2.319861E-9	9.081364E-10	9.558245E-10	2.700123E-9	1.573533E-9	4.893411E-10	7.165355E-10	3.176215E-8	9.325527E-10	1.170702E-9	2.144882E-9	2.820680E-8	2.448950E-9	5.878421E-10	4.414780E-9	7.105509E-10	5.057449E-9	8.354608E-10	1.203440E-9	1.648751E-9	9.045153E-9	1.792824E-8	1.561805E-9	1.758931E-9	8.457944E-10	1.106708E-9
0:37:01	1	-1.109186E+1	1.503800E+1	1.554300E+1	1.775772E+0	1.804781E+0	2.370086E+2	8.551600E-8	8.658886E-8	9.086797E-10	1.289498E-9	4.991832E-10	9.570167E-10	6.504738E-10	1.740024E-8	1.601527E-9	3.790828E-10	8.947191E-10	6.418051E-10	4.083207E-10	3.780732E-10	3.947532E-10	2.678381E-8	3.181775E-10	4.302956E-10	1.364647E-9	5.615538E-9	4.175646E-10	3.610926E-10	1.165768E-9	3.945197E-10	2.022764E-9	4.636483E-10	1.605281E-9	4.935202E-10	4.924252E-9	1.183918E-8	7.924904E-10	4.185846E-10	3.915682E-10	3.827893E-10
