APD#	0015	Started	04/27/07 12:26	Sense_ohms	1.004464E+6	1.004628E+6	1.002105E+6	1.000924E+6	9.998282E+5	1.007735E+6	1.002821E+6	9.989270E+5	9.993226E+5	1.002376E+6	1.001862E+6	1.003102E+6	1.000030E+6	1.003780E+6	1.000011E+6	1.000898E+6	9.999006E+5	1.006439E+6	1.005624E+6	1.010450E+6	1.003884E+6	1.005600E+6	1.002519E+6	1.006362E+6	1.004620E+6	1.008599E+6	1.003214E+6	1.000475E+6	1.003139E+6	9.996927E+5	1.009944E+6	1.000506E+6	
ElapTime	Shutter_Open	DegC	BiasV	KE237_Amps	Pixel_Sum	A1	A2	A3	A4	A5	A6	A7	A8	B1	B2	B3	B4	B5	B6	B7	B8	C1	C2	C3	C4	C5	C6	C7	C8	D1	D2	D3	D4	D5	D6	D7	D8
   0:00:00	0	3.573620E+1	0.000000E+0	-2.436400E-10	2.378051E-10	1.008996E-11	7.187735E-12	7.711767E-12	7.720866E-12	9.566644E-12	6.852000E-12	5.495497E-12	8.053642E-12	7.606152E-12	6.699083E-12	7.776520E-12	7.009257E-12	1.247863E-11	9.466218E-12	7.347919E-12	5.885715E-12	4.434441E-12	5.475742E-12	7.684781E-12	7.334356E-12	7.635344E-12	7.496022E-12	9.035240E-12	8.119345E-12	5.801198E-12	5.903238E-12	8.335211E-12	8.167121E-12	6.567385E-12	5.512694E-12	7.087522E-12	6.267828E-12
   0:00:13	0	3.573437E+1	0.000000E+0	5.080000E-12	-2.043190E-11	1.172964E-11	-5.673742E-13	4.420694E-13	-5.065320E-13	6.301083E-14	-3.145668E-13	-2.589694E-12	6.336799E-13	-6.334291E-13	-2.524003E-13	-6.957046E-13	-1.010864E-12	5.193844E-12	-2.524458E-12	2.529972E-13	-4.873623E-12	-5.321529E-12	-3.210329E-12	-3.716101E-12	-3.197585E-12	-8.198158E-13	-8.184169E-13	-2.523643E-13	1.261971E-13	-1.009337E-12	-1.005355E-12	-4.415808E-13	-7.596392E-13	-9.470273E-13	-1.394429E-12	-1.568404E-12	-4.427760E-13
   0:00:27	0	3.583888E+1	1.000000E+1	1.617800E-9	1.216383E-9	4.603649E-11	3.505775E-11	3.830637E-11	3.632643E-11	3.845661E-11	4.085796E-11	3.455253E-11	3.392540E-11	3.999809E-11	4.164505E-11	3.989671E-11	4.117328E-11	6.251912E-11	4.726633E-11	4.111055E-11	4.170655E-11	3.439942E-11	3.159556E-11	2.992073E-11	3.554555E-11	3.558778E-11	3.590593E-11	4.024961E-11	4.236150E-11	3.341861E-11	3.485627E-11	3.510717E-11	3.127714E-11	3.454157E-11	3.396344E-11	3.386920E-11	3.494832E-11
   0:00:41	0	3.583516E+1	2.000000E+1	2.432900E-9	1.743064E-9	6.091906E-11	5.044255E-11	5.682738E-11	5.024957E-11	5.486643E-11	5.952755E-11	5.021734E-11	4.990555E-11	5.869676E-11	5.719111E-11	5.677828E-11	5.430853E-11	7.829165E-11	6.209628E-11	5.593338E-11	5.765523E-11	5.460843E-11	4.726764E-11	4.491241E-11	5.522985E-11	5.205781E-11	5.152745E-11	5.920486E-11	6.030037E-11	5.126217E-11	4.999311E-11	5.303953E-11	4.571329E-11	5.544296E-11	4.802976E-11	5.086718E-11	4.970085E-11
   0:00:55	0	3.583561E+1	3.000000E+1	2.952400E-9	2.182936E-9	7.315344E-11	6.589006E-11	6.630942E-11	6.448841E-11	6.747359E-11	7.511598E-11	6.329345E-11	6.049591E-11	7.371994E-11	6.742879E-11	7.113055E-11	6.643293E-11	9.064328E-11	7.522266E-11	7.005823E-11	7.176855E-11	6.993995E-11	6.237338E-11	5.650223E-11	7.171755E-11	6.650669E-11	6.349642E-11	7.575916E-11	7.761024E-11	6.576516E-11	6.186304E-11	6.825662E-11	5.856618E-11	7.160822E-11	6.051260E-11	6.272130E-11	6.711204E-11
   0:01:09	0	3.583660E+1	4.000000E+1	3.553100E-9	2.602011E-9	8.646004E-11	7.957274E-11	7.888794E-11	7.594383E-11	8.014477E-11	9.164810E-11	7.485284E-11	7.216343E-11	8.918641E-11	7.785601E-11	8.440783E-11	7.748365E-11	1.075568E-10	8.935823E-11	8.120711E-11	8.442619E-11	8.318027E-11	7.489773E-11	6.714836E-11	8.513237E-11	7.780182E-11	7.577963E-11	8.833349E-11	9.252833E-11	8.184388E-11	7.335621E-11	8.157980E-11	7.097629E-11	8.853110E-11	7.521311E-11	7.325852E-11	8.129387E-11
   0:01:23	0	3.583652E+1	5.000000E+1	4.243500E-9	3.098347E-9	1.007124E-10	9.634511E-11	9.399614E-11	9.049938E-11	9.547740E-11	1.096251E-10	8.660170E-11	8.345154E-11	1.068714E-10	9.523472E-11	9.933005E-11	9.289185E-11	1.267492E-10	1.075335E-10	9.640994E-11	1.010073E-10	9.939788E-11	8.647916E-11	7.993544E-11	1.018081E-10	9.193592E-11	8.957438E-11	1.078583E-10	1.099008E-10	1.008222E-10	9.006255E-11	9.913239E-11	8.154926E-11	1.050762E-10	8.833014E-11	8.580278E-11	9.794444E-11
   0:01:37	0	3.583690E+1	6.000000E+1	4.583700E-9	3.402178E-9	1.085315E-10	1.037857E-10	1.006332E-10	9.834713E-11	1.039669E-10	1.152823E-10	9.576086E-11	9.137805E-11	1.143515E-10	1.006060E-10	1.076755E-10	1.020484E-10	1.396708E-10	1.161161E-10	1.061648E-10	1.086654E-10	1.111180E-10	9.919230E-11	8.950960E-11	1.112118E-10	1.027260E-10	1.002208E-10	1.186631E-10	1.209157E-10	1.107225E-10	9.816389E-11	1.107510E-10	9.123666E-11	1.184631E-10	9.967163E-11	9.659050E-11	1.100373E-10
   0:01:51	0	3.583637E+1	7.000000E+1	4.950400E-9	3.620914E-9	1.154685E-10	1.116672E-10	1.077133E-10	1.030298E-10	1.096688E-10	1.234541E-10	1.011297E-10	9.708517E-11	1.206908E-10	1.054724E-10	1.124806E-10	1.083639E-10	1.443587E-10	1.233727E-10	1.134498E-10	1.158799E-10	1.203040E-10	1.056130E-10	9.568288E-11	1.194240E-10	1.099828E-10	1.070237E-10	1.280774E-10	1.289735E-10	1.188559E-10	1.070822E-10	1.192119E-10	9.839126E-11	1.251561E-10	1.045511E-10	1.024235E-10	1.168759E-10
   0:02:05	0	3.583782E+1	8.000000E+1	5.105500E-9	3.846220E-9	1.227212E-10	1.187922E-10	1.157404E-10	1.093590E-10	1.148007E-10	1.306206E-10	1.078886E-10	1.039976E-10	1.272192E-10	1.119809E-10	1.198149E-10	1.148049E-10	1.520864E-10	1.277900E-10	1.192767E-10	1.232853E-10	1.279697E-10	1.139205E-10	1.037455E-10	1.275105E-10	1.179339E-10	1.137003E-10	1.335117E-10	1.379116E-10	1.262328E-10	1.139908E-10	1.259053E-10	1.031400E-10	1.328609E-10	1.120914E-10	1.110161E-10	1.246000E-10
   0:02:19	0	3.583630E+1	9.000000E+1	5.472300E-9	4.073897E-9	1.301630E-10	1.251608E-10	1.214294E-10	1.149278E-10	1.217699E-10	1.375977E-10	1.146476E-10	1.092602E-10	1.340018E-10	1.165940E-10	1.257588E-10	1.208043E-10	1.606382E-10	1.341639E-10	1.271316E-10	1.301831E-10	1.364586E-10	1.190812E-10	1.119345E-10	1.347202E-10	1.265784E-10	1.203779E-10	1.408412E-10	1.456534E-10	1.339253E-10	1.221556E-10	1.341768E-10	1.124466E-10	1.407542E-10	1.191886E-10	1.186056E-10	1.327668E-10
   0:02:33	0	3.583538E+1	1.000000E+2	5.697900E-9	4.299260E-9	1.360905E-10	1.332941E-10	1.269288E-10	1.199911E-10	1.286121E-10	1.468382E-10	1.190691E-10	1.153478E-10	1.410375E-10	1.205127E-10	1.339147E-10	1.272453E-10	1.679860E-10	1.425571E-10	1.345425E-10	1.375245E-10	1.448204E-10	1.261934E-10	1.198082E-10	1.436221E-10	1.331409E-10	1.263624E-10	1.481069E-10	1.537101E-10	1.428162E-10	1.282472E-10	1.422588E-10	1.182718E-10	1.468161E-10	1.251445E-10	1.273239E-10	1.411246E-10
   0:02:48	0	3.583303E+1	1.200000E+2	6.419600E-9	4.815206E-9	1.533704E-10	1.521469E-10	1.425429E-10	1.344837E-10	1.433736E-10	1.613579E-10	1.339132E-10	1.296791E-10	1.566941E-10	1.349204E-10	1.496583E-10	1.415798E-10	1.837575E-10	1.559983E-10	1.513293E-10	1.524611E-10	1.623061E-10	1.428730E-10	1.367529E-10	1.596704E-10	1.506190E-10	1.437480E-10	1.658622E-10	1.711462E-10	1.594623E-10	1.467749E-10	1.588654E-10	1.332147E-10	1.643710E-10	1.414295E-10	1.429416E-10	1.579021E-10
   0:03:02	0	3.583478E+1	1.400000E+2	7.218300E-9	5.442497E-9	1.748116E-10	1.692348E-10	1.611268E-10	1.510644E-10	1.602895E-10	1.810327E-10	1.518526E-10	1.469907E-10	1.754579E-10	1.500245E-10	1.669192E-10	1.609667E-10	2.028879E-10	1.734165E-10	1.685591E-10	1.720805E-10	1.889128E-10	1.615031E-10	1.581695E-10	1.828037E-10	1.712529E-10	1.635272E-10	1.873451E-10	1.938060E-10	1.795764E-10	1.666837E-10	1.798280E-10	1.521457E-10	1.843882E-10	1.610085E-10	1.647062E-10	1.801249E-10
   0:03:16	0	3.583630E+1	1.600000E+2	8.094700E-9	6.322292E-9	2.041357E-10	1.967883E-10	1.878655E-10	1.735946E-10	1.830985E-10	2.086908E-10	1.745925E-10	1.702637E-10	2.020168E-10	1.708151E-10	1.933490E-10	1.857847E-10	2.320890E-10	2.006147E-10	1.959868E-10	1.990413E-10	2.238833E-10	1.887556E-10	1.872081E-10	2.123925E-10	2.021090E-10	1.933224E-10	2.160318E-10	2.240824E-10	2.108509E-10	1.968305E-10	2.087471E-10	1.770279E-10	2.124880E-10	1.867344E-10	1.957524E-10	2.073491E-10
   0:03:30	0	3.583478E+1	1.800000E+2	9.015000E-9	7.389255E-9	2.395775E-10	2.315305E-10	2.183963E-10	2.000482E-10	2.130016E-10	2.446457E-10	2.052281E-10	2.003850E-10	2.345349E-10	1.995688E-10	2.255311E-10	2.164117E-10	2.645201E-10	2.302118E-10	2.282295E-10	2.325202E-10	2.650613E-10	2.234989E-10	2.244358E-10	2.473739E-10	2.363719E-10	2.283463E-10	2.501519E-10	2.609677E-10	2.446477E-10	2.314983E-10	2.448012E-10	2.068497E-10	2.482298E-10	2.199376E-10	2.298108E-10	2.429311E-10
   0:03:45	0	3.583371E+1	2.000000E+2	1.005200E-8	8.566906E-9	2.786143E-10	2.663991E-10	2.517730E-10	2.297297E-10	2.439199E-10	2.785266E-10	2.380116E-10	2.313933E-10	2.704752E-10	2.250992E-10	2.591045E-10	2.474175E-10	3.020829E-10	2.624589E-10	2.638921E-10	2.681512E-10	3.147923E-10	2.610730E-10	2.653169E-10	2.886862E-10	2.773866E-10	2.675278E-10	2.907177E-10	3.022590E-10	2.905507E-10	2.711286E-10	2.856539E-10	2.426218E-10	2.873799E-10	2.563718E-10	2.711437E-10	2.772467E-10
   0:03:59	0	3.583531E+1	2.200000E+2	1.122500E-8	9.923431E-9	3.233884E-10	3.141302E-10	2.935551E-10	2.627652E-10	2.795890E-10	3.218366E-10	2.728802E-10	2.649393E-10	3.106004E-10	2.544215E-10	2.984952E-10	2.841067E-10	3.446487E-10	2.985555E-10	3.033557E-10	3.075168E-10	3.657264E-10	3.059490E-10	3.106062E-10	3.352645E-10	3.219346E-10	3.130082E-10	3.359587E-10	3.492153E-10	3.411827E-10	3.184834E-10	3.347152E-10	2.845368E-10	3.344880E-10	2.985097E-10	3.167423E-10	3.223259E-10
   0:04:13	0	3.583744E+1	2.400000E+2	1.294100E-8	1.152014E-8	3.759209E-10	3.674096E-10	3.413435E-10	3.026354E-10	3.207071E-10	3.699226E-10	3.143173E-10	3.012743E-10	3.546542E-10	2.867776E-10	3.461056E-10	3.266069E-10	3.956401E-10	3.398902E-10	3.510531E-10	3.524505E-10	4.270504E-10	3.563008E-10	3.652827E-10	3.885506E-10	3.734874E-10	3.666766E-10	3.911826E-10	4.008925E-10	4.065696E-10	3.729976E-10	3.961528E-10	3.342382E-10	3.939723E-10	3.522422E-10	3.773932E-10	3.704436E-10
   0:04:27	0	3.583440E+1	2.600000E+2	1.472100E-8	1.342036E-8	4.403085E-10	4.323551E-10	3.929878E-10	3.459234E-10	3.694905E-10	4.282554E-10	3.639034E-10	3.430000E-10	4.042238E-10	3.211559E-10	3.990899E-10	3.747256E-10	4.510015E-10	3.836867E-10	4.074295E-10	4.033977E-10	5.033880E-10	4.224508E-10	4.371544E-10	4.556920E-10	4.358930E-10	4.305509E-10	4.558846E-10	4.609415E-10	4.844409E-10	4.408898E-10	4.731852E-10	3.959709E-10	4.676012E-10	4.149725E-10	4.512785E-10	4.291339E-10
   0:04:42	0	3.583310E+1	2.800000E+2	1.704800E-8	1.573428E-8	5.186328E-10	5.173507E-10	4.604977E-10	4.047160E-10	4.278415E-10	4.997266E-10	4.282699E-10	3.926523E-10	4.659636E-10	3.625476E-10	4.666162E-10	4.348441E-10	5.255562E-10	4.353075E-10	4.747008E-10	4.645338E-10	5.913198E-10	5.020692E-10	5.178456E-10	5.351200E-10	5.132535E-10	5.089757E-10	5.321495E-10	5.327616E-10	5.718321E-10	5.262418E-10	5.647409E-10	4.611849E-10	5.573953E-10	4.956353E-10	5.406567E-10	5.033373E-10
   0:04:56	0	3.583660E+1	3.000000E+2	1.998700E-8	1.866286E-8	6.158767E-10	6.297734E-10	5.481731E-10	4.741419E-10	5.045647E-10	5.936372E-10	5.115240E-10	4.542905E-10	5.431069E-10	4.150628E-10	5.539326E-10	5.073392E-10	6.177205E-10	5.001803E-10	5.602788E-10	5.381378E-10	7.052251E-10	6.027092E-10	6.275119E-10	6.383067E-10	6.118157E-10	6.128500E-10	6.347002E-10	6.200651E-10	6.834375E-10	6.298063E-10	6.675365E-10	5.455838E-10	6.731430E-10	5.965753E-10	6.524887E-10	5.933678E-10
   0:05:10	0	3.583660E+1	3.200000E+2	2.388000E-8	2.255433E-8	7.491926E-10	7.851364E-10	6.652407E-10	5.717927E-10	6.061241E-10	7.236287E-10	6.231391E-10	5.369802E-10	6.466190E-10	4.833126E-10	6.676149E-10	6.039565E-10	7.407328E-10	5.865728E-10	6.758826E-10	6.392090E-10	8.585343E-10	7.351345E-10	7.716343E-10	7.749706E-10	7.377625E-10	7.494173E-10	7.683376E-10	7.348131E-10	8.299735E-10	7.687931E-10	8.007653E-10	6.528389E-10	8.269681E-10	7.290700E-10	8.005731E-10	7.096099E-10
   0:05:24	0	3.583394E+1	3.400000E+2	2.942500E-8	2.802824E-8	9.404001E-10	1.009731E-9	8.294650E-10	7.062125E-10	7.513361E-10	9.049760E-10	7.824457E-10	6.509335E-10	7.904454E-10	5.781683E-10	8.316265E-10	7.379589E-10	9.154955E-10	7.086842E-10	8.377268E-10	7.785059E-10	1.071014E-9	9.177854E-10	9.737715E-10	9.644188E-10	9.161457E-10	9.405350E-10	9.561894E-10	8.926778E-10	1.041077E-9	9.612274E-10	9.848876E-10	8.066299E-10	1.045455E-9	9.175150E-10	1.009372E-9	8.754260E-10
   0:05:39	0	3.583409E+1	3.600000E+2	3.724600E-8	3.595427E-8	1.217059E-9	1.342526E-9	1.066446E-9	9.001852E-10	9.583186E-10	1.166216E-9	1.011804E-9	8.126360E-10	9.988646E-10	7.114456E-10	1.064871E-9	9.354253E-10	1.167917E-9	8.817849E-10	1.071403E-9	9.786222E-10	1.378711E-9	1.185971E-9	1.270394E-9	1.239941E-9	1.175107E-9	1.220093E-9	1.228582E-9	1.119341E-9	1.345941E-9	1.238950E-9	1.251346E-9	1.027092E-9	1.362010E-9	1.190996E-9	1.320280E-9	1.113989E-9
   0:05:52	0	3.583356E+1	3.620000E+2	3.792100E-8	3.697916E-8	1.252060E-9	1.385780E-9	1.097041E-9	9.265758E-10	9.852453E-10	1.199658E-9	1.042439E-9	8.329287E-10	1.026946E-9	7.289510E-10	1.096990E-9	9.608744E-10	1.200222E-9	9.038086E-10	1.100668E-9	1.005203E-9	1.417165E-9	1.219580E-9	1.304598E-9	1.276175E-9	1.207604E-9	1.255937E-9	1.265040E-9	1.148421E-9	1.386484E-9	1.275377E-9	1.286580E-9	1.054001E-9	1.404128E-9	1.226353E-9	1.359920E-9	1.146405E-9
   0:06:06	0	3.583234E+1	3.640000E+2	3.868700E-8	3.798880E-8	1.285798E-9	1.430421E-9	1.125359E-9	9.534091E-10	1.011981E-9	1.235424E-9	1.071811E-9	8.522695E-10	1.052174E-9	7.476566E-10	1.126581E-9	9.848081E-10	1.232210E-9	9.260216E-10	1.130757E-9	1.028937E-9	1.457140E-9	1.254135E-9	1.345290E-9	1.309651E-9	1.238712E-9	1.292975E-9	1.297834E-9	1.177627E-9	1.425073E-9	1.309480E-9	1.320866E-9	1.083063E-9	1.445552E-9	1.259936E-9	1.399810E-9	1.176036E-9
   0:06:20	0	3.583485E+1	3.660000E+2	3.997900E-8	3.911201E-8	1.326537E-9	1.478341E-9	1.161074E-9	9.810026E-10	1.039921E-9	1.269430E-9	1.102700E-9	8.745904E-10	1.081205E-9	7.655411E-10	1.158384E-9	1.013730E-9	1.267936E-9	9.497499E-10	1.164836E-9	1.057606E-9	1.501992E-9	1.292968E-9	1.384533E-9	1.351089E-9	1.278023E-9	1.330268E-9	1.337136E-9	1.208470E-9	1.469399E-9	1.350743E-9	1.358435E-9	1.112124E-9	1.488871E-9	1.300806E-9	1.444342E-9	1.210225E-9
   0:06:34	0	3.583523E+1	3.680000E+2	4.087100E-8	4.024092E-8	1.367276E-9	1.528027E-9	1.193945E-9	1.006253E-9	1.069762E-9	1.305637E-9	1.137316E-9	8.980536E-10	1.112328E-9	7.850048E-10	1.191515E-9	1.039811E-9	1.303915E-9	9.744247E-10	1.197331E-9	1.085896E-9	1.544945E-9	1.329473E-9	1.428879E-9	1.390521E-9	1.314810E-9	1.371526E-9	1.378080E-9	1.240194E-9	1.511709E-9	1.389368E-9	1.394489E-9	1.144351E-9	1.535537E-9	1.339966E-9	1.487370E-9	1.243211E-9
   0:06:47	0	3.583706E+1	3.700000E+2	4.221800E-8	4.143937E-8	1.408330E-9	1.576957E-9	1.229975E-9	1.036062E-9	1.100806E-9	1.347626E-9	1.170289E-9	9.217701E-10	1.143770E-9	8.058593E-10	1.228250E-9	1.069112E-9	1.341604E-9	9.997300E-10	1.231980E-9	1.117034E-9	1.593218E-9	1.371076E-9	1.473350E-9	1.431269E-9	1.353364E-9	1.413039E-9	1.418203E-9	1.276198E-9	1.558117E-9	1.431824E-9	1.433953E-9	1.178668E-9	1.583591E-9	1.378998E-9	1.534410E-9	1.280945E-9
   0:07:01	0	3.583630E+1	3.720000E+2	4.338800E-8	4.268200E-8	1.451528E-9	1.630552E-9	1.266132E-9	1.069097E-9	1.131533E-9	1.387730E-9	1.207241E-9	9.459300E-10	1.176477E-9	8.273452E-10	1.265301E-9	1.102202E-9	1.380180E-9	1.026676E-9	1.267897E-9	1.147918E-9	1.640288E-9	1.414504E-9	1.521097E-9	1.473459E-9	1.395578E-9	1.457575E-9	1.459400E-9	1.309747E-9	1.606731E-9	1.475536E-9	1.477141E-9	1.211022E-9	1.631141E-9	1.422276E-9	1.584462E-9	1.318300E-9
   0:07:15	0	3.590136E+1	3.740000E+2	4.464100E-8	4.402388E-8	1.497124E-9	1.688939E-9	1.306588E-9	1.102259E-9	1.166569E-9	1.429971E-9	1.245267E-9	9.730070E-10	1.211023E-9	8.488940E-10	1.304375E-9	1.133461E-9	1.424899E-9	1.056147E-9	1.306980E-9	1.180258E-9	1.692933E-9	1.459065E-9	1.569537E-9	1.521481E-9	1.438170E-9	1.505007E-9	1.506726E-9	1.350661E-9	1.657426E-9	1.522263E-9	1.520899E-9	1.250150E-9	1.688288E-9	1.469673E-9	1.637273E-9	1.358567E-9
   0:07:29	0	3.583455E+1	3.760000E+2	4.609000E-8	4.536796E-8	1.543853E-9	1.747578E-9	1.347106E-9	1.133838E-9	1.201288E-9	1.476801E-9	1.286073E-9	1.001036E-9	1.244556E-9	8.716450E-10	1.343956E-9	1.167624E-9	1.467340E-9	1.084860E-9	1.347773E-9	1.214308E-9	1.744500E-9	1.504193E-9	1.619488E-9	1.567307E-9	1.482088E-9	1.552692E-9	1.553863E-9	1.387231E-9	1.709193E-9	1.569240E-9	1.566551E-9	1.287506E-9	1.742784E-9	1.515231E-9	1.688767E-9	1.397694E-9
   0:07:42	0	3.591671E+1	3.780000E+2	4.762600E-8	4.684956E-8	1.597521E-9	1.811577E-9	1.392745E-9	1.168899E-9	1.243040E-9	1.524322E-9	1.327826E-9	1.030777E-9	1.283920E-9	8.982498E-10	1.385812E-9	1.203557E-9	1.515037E-9	1.116098E-9	1.389264E-9	1.251394E-9	1.801833E-9	1.552468E-9	1.675928E-9	1.618523E-9	1.530548E-9	1.603716E-9	1.603527E-9	1.428083E-9	1.768211E-9	1.619987E-9	1.616054E-9	1.328661E-9	1.802457E-9	1.567444E-9	1.747035E-9	1.445052E-9
   0:07:56	0	3.594369E+1	3.800000E+2	4.892500E-8	4.838797E-8	1.651124E-9	1.877404E-9	1.439522E-9	1.206681E-9	1.279849E-9	1.577564E-9	1.372927E-9	1.061215E-9	1.324298E-9	9.212521E-10	1.432411E-9	1.240814E-9	1.562797E-9	1.150870E-9	1.437025E-9	1.289937E-9	1.860180E-9	1.603071E-9	1.733438E-9	1.673691E-9	1.580334E-9	1.657700E-9	1.658309E-9	1.472018E-9	1.827670E-9	1.673999E-9	1.669030E-9	1.372348E-9	1.864657E-9	1.618705E-9	1.806118E-9	1.491017E-9
   0:08:10	0	3.593457E+1	3.820000E+2	5.051900E-8	4.996095E-8	1.709584E-9	1.946700E-9	1.484845E-9	1.246046E-9	1.320587E-9	1.626405E-9	1.418912E-9	1.091716E-9	1.365183E-9	9.491847E-10	1.480526E-9	1.277251E-9	1.613599E-9	1.181476E-9	1.482760E-9	1.328099E-9	1.924481E-9	1.657514E-9	1.792334E-9	1.726601E-9	1.632833E-9	1.715401E-9	1.710436E-9	1.517526E-9	1.887445E-9	1.729832E-9	1.720806E-9	1.415275E-9	1.929635E-9	1.673071E-9	1.867899E-9	1.536982E-9
   0:08:24	0	3.593586E+1	3.840000E+2	5.240000E-8	5.166484E-8	1.765774E-9	2.020724E-9	1.536109E-9	1.288890E-9	1.364809E-9	1.683480E-9	1.467362E-9	1.126023E-9	1.410505E-9	9.785699E-10	1.529906E-9	1.319940E-9	1.667567E-9	1.219151E-9	1.533435E-9	1.368857E-9	1.991887E-9	1.715922E-9	1.857844E-9	1.786909E-9	1.685711E-9	1.774362E-9	1.769831E-9	1.566119E-9	1.953525E-9	1.788303E-9	1.778076E-9	1.463458E-9	1.998402E-9	1.730987E-9	1.933254E-9	1.589152E-9
   0:08:37	0	3.593586E+1	3.860000E+2	5.425700E-8	5.341189E-8	1.825873E-9	2.097714E-9	1.587437E-9	1.329710E-9	1.413467E-9	1.743887E-9	1.517706E-9	1.158617E-9	1.457665E-9	1.007071E-9	1.581942E-9	1.362439E-9	1.723435E-9	1.256762E-9	1.583604E-9	1.413032E-9	2.058026E-9	1.773134E-9	1.921402E-9	1.847279E-9	1.744519E-9	1.835652E-9	1.829479E-9	1.617105E-9	2.024776E-9	1.849852E-9	1.836230E-9	1.512020E-9	2.067547E-9	1.793274E-9	2.001369E-9	1.639865E-9
   0:08:51	0	3.593868E+1	3.880000E+2	5.595900E-8	5.528236E-8	1.891143E-9	2.183088E-9	1.644139E-9	1.377174E-9	1.458386E-9	1.805237E-9	1.574366E-9	1.199075E-9	1.504192E-9	1.038605E-9	1.637014E-9	1.409043E-9	1.780698E-9	1.298160E-9	1.638713E-9	1.459296E-9	2.129805E-9	1.836955E-9	1.991258E-9	1.912413E-9	1.806609E-9	1.900976E-9	1.896329E-9	1.669160E-9	2.094893E-9	1.914478E-9	1.895268E-9	1.563495E-9	2.142883E-9	1.856004E-9	2.074376E-9	1.699126E-9
   0:09:05	0	3.583364E+1	3.900000E+2	5.797800E-8	5.721115E-8	1.956477E-9	2.264173E-9	1.701471E-9	1.423753E-9	1.511415E-9	1.868347E-9	1.627868E-9	1.236107E-9	1.556424E-9	1.071339E-9	1.695752E-9	1.455457E-9	1.845054E-9	1.337980E-9	1.694076E-9	1.508344E-9	2.204052E-9	1.902349E-9	2.065336E-9	1.977861E-9	1.867438E-9	1.970833E-9	1.962105E-9	1.722851E-9	2.170683E-9	1.982371E-9	1.961504E-9	1.616489E-9	2.221880E-9	1.922284E-9	2.152717E-9	1.756361E-9
   0:09:19	0	3.592560E+1	3.920000E+2	6.014600E-8	5.930965E-8	2.030009E-9	2.356420E-9	1.763546E-9	1.475586E-9	1.561909E-9	1.937995E-9	1.689392E-9	1.276248E-9	1.609733E-9	1.107803E-9	1.754299E-9	1.507050E-9	1.911944E-9	1.382785E-9	1.757421E-9	1.561316E-9	2.289956E-9	1.973156E-9	2.137588E-9	2.051146E-9	1.936090E-9	2.042708E-9	2.035085E-9	1.782711E-9	2.253347E-9	2.054471E-9	2.031465E-9	1.674486E-9	2.309149E-9	1.998701E-9	2.235447E-9	1.820687E-9
   0:09:32	0	3.583303E+1	3.940000E+2	6.218000E-8	6.148085E-8	2.107200E-9	2.454216E-9	1.828338E-9	1.526530E-9	1.619309E-9	2.009528E-9	1.753380E-9	1.319749E-9	1.665704E-9	1.142939E-9	1.820372E-9	1.558011E-9	1.980608E-9	1.429485E-9	1.820131E-9	1.613971E-9	2.369779E-9	2.046921E-9	2.223948E-9	2.128193E-9	2.006005E-9	2.120190E-9	2.110277E-9	1.845026E-9	2.336766E-9	2.129147E-9	2.102754E-9	1.735142E-9	2.398753E-9	2.072647E-9	2.320245E-9	1.885582E-9
   0:09:46	0	3.583447E+1	3.960000E+2	6.458000E-8	6.385318E-8	2.190759E-9	2.560207E-9	1.900020E-9	1.585767E-9	1.678230E-9	2.088606E-9	1.822421E-9	1.368513E-9	1.729092E-9	1.181677E-9	1.889100E-9	1.618066E-9	2.053135E-9	1.480032E-9	1.888226E-9	1.671563E-9	2.465185E-9	2.126794E-9	2.311694E-9	2.209878E-9	2.082419E-9	2.204788E-9	2.193051E-9	1.912314E-9	2.428572E-9	2.210857E-9	2.182439E-9	1.802065E-9	2.496251E-9	2.154199E-9	2.409686E-9	1.957569E-9
   0:10:00	0	3.583660E+1	3.980000E+2	6.688300E-8	6.622340E-8	2.273814E-9	2.666704E-9	1.971639E-9	1.641585E-9	1.739875E-9	2.166928E-9	1.891020E-9	1.414171E-9	1.790832E-9	1.221174E-9	1.958081E-9	1.674331E-9	2.129022E-9	1.529129E-9	1.959044E-9	1.731940E-9	2.557171E-9	2.205342E-9	2.401455E-9	2.290999E-9	2.162305E-9	2.288757E-9	2.273359E-9	1.978028E-9	2.523405E-9	2.293884E-9	2.259725E-9	1.865950E-9	2.593561E-9	2.239044E-9	2.502074E-9	2.029049E-9
   0:10:14	0	3.583690E+1	4.000000E+2	6.969200E-8	6.888283E-8	2.364436E-9	2.782911E-9	2.050401E-9	1.708163E-9	1.810327E-9	2.256690E-9	1.967768E-9	1.465218E-9	1.860939E-9	1.267559E-9	2.038505E-9	1.737039E-9	2.212635E-9	1.586240E-9	2.035882E-9	1.797443E-9	2.662905E-9	2.293772E-9	2.502240E-9	2.383968E-9	2.247048E-9	2.380914E-9	2.366053E-9	2.053813E-9	2.629334E-9	2.386772E-9	2.348502E-9	1.941548E-9	2.699584E-9	2.327880E-9	2.606881E-9	2.109459E-9
   0:10:27	0	3.583614E+1	4.020000E+2	7.230100E-8	7.160648E-8	2.461490E-9	2.906054E-9	2.130619E-9	1.774044E-9	1.875266E-9	2.341800E-9	2.047547E-9	1.520197E-9	1.930475E-9	1.313313E-9	2.117099E-9	1.805934E-9	2.301252E-9	1.644551E-9	2.116711E-9	1.864718E-9	2.768067E-9	2.387364E-9	2.603781E-9	2.479820E-9	2.336335E-9	2.478615E-9	2.462096E-9	2.131362E-9	2.732805E-9	2.479535E-9	2.439805E-9	2.015563E-9	2.812048E-9	2.423434E-9	2.712316E-9	2.192462E-9
   0:10:41	0	3.583546E+1	4.040000E+2	7.540100E-8	7.462925E-8	2.566112E-9	3.042374E-9	2.220316E-9	1.847519E-9	1.957565E-9	2.441809E-9	2.133266E-9	1.580440E-9	2.011675E-9	1.363679E-9	2.205617E-9	1.879250E-9	2.396012E-9	1.706836E-9	2.203492E-9	1.937057E-9	2.888054E-9	2.489892E-9	2.723023E-9	2.580124E-9	2.435085E-9	2.585702E-9	2.568500E-9	2.212876E-9	2.850275E-9	2.583791E-9	2.539128E-9	2.099710E-9	2.939983E-9	2.527732E-9	2.828350E-9	2.284012E-9
   0:10:55	0	3.583364E+1	4.060000E+2	7.843000E-8	7.785848E-8	2.678932E-9	3.186514E-9	2.317662E-9	1.926691E-9	2.036507E-9	2.549297E-9	2.228648E-9	1.642520E-9	2.096298E-9	1.417394E-9	2.302924E-9	1.957617E-9	2.501922E-9	1.776632E-9	2.298698E-9	2.017243E-9	3.012856E-9	2.594183E-9	2.838989E-9	2.693906E-9	2.538380E-9	2.702741E-9	2.676737E-9	2.303390E-9	2.979976E-9	2.696777E-9	2.647984E-9	2.188794E-9	3.071518E-9	2.639506E-9	2.956740E-9	2.380500E-9
   0:11:09	0	3.583318E+1	4.080000E+2	8.187900E-8	8.118618E-8	2.796231E-9	3.335949E-9	2.414502E-9	2.006938E-9	2.123496E-9	2.660117E-9	2.325293E-9	1.707963E-9	2.184156E-9	1.472878E-9	2.402949E-9	2.039459E-9	2.605551E-9	1.846554E-9	2.395425E-9	2.098759E-9	3.143169E-9	2.710306E-9	2.965158E-9	2.810320E-9	2.648993E-9	2.816505E-9	2.793883E-9	2.396043E-9	3.110118E-9	2.813656E-9	2.756147E-9	2.281106E-9	3.207220E-9	2.751408E-9	3.083624E-9	2.482308E-9
   0:11:22	0	3.583379E+1	4.100000E+2	8.573900E-8	8.484864E-8	2.920970E-9	3.500013E-9	2.522342E-9	2.096110E-9	2.215489E-9	2.780240E-9	2.430023E-9	1.779112E-9	2.274863E-9	1.532535E-9	2.503164E-9	2.126102E-9	2.722545E-9	1.921020E-9	2.507417E-9	2.191476E-9	3.283745E-9	2.834046E-9	3.107895E-9	2.937644E-9	2.769136E-9	2.947276E-9	2.921266E-9	2.499902E-9	3.254637E-9	2.938575E-9	2.881547E-9	2.385576E-9	3.360350E-9	2.881559E-9	3.227130E-9	2.594941E-9
   0:11:36	0	3.583500E+1	4.113516E+2	8.826000E-8	8.755487E-8	3.012790E-9	3.624102E-9	2.605023E-9	2.163067E-9	2.284927E-9	2.869877E-9	2.509424E-9	1.831428E-9	2.346427E-9	1.580942E-9	2.586434E-9	2.191145E-9	2.809136E-9	1.980970E-9	2.585648E-9	2.258055E-9	3.389352E-9	2.922979E-9	3.206979E-9	3.032117E-9	2.855898E-9	3.041513E-9	3.013390E-9	2.574427E-9	3.363215E-9	3.033034E-9	2.970577E-9	2.457819E-9	3.467573E-9	2.974957E-9	3.333317E-9	2.678324E-9
   0:11:50	0	3.583607E+1	4.127033E+2	9.078600E-8	9.011580E-8	3.107638E-9	3.742894E-9	2.682331E-9	2.222429E-9	2.349423E-9	2.952912E-9	2.580360E-9	1.882094E-9	2.413429E-9	1.622840E-9	2.658071E-9	2.253410E-9	2.888567E-9	2.036188E-9	2.661977E-9	2.319571E-9	3.486533E-9	3.008452E-9	3.304300E-9	3.119506E-9	2.937927E-9	3.133355E-9	3.103556E-9	2.648639E-9	3.465740E-9	3.121965E-9	3.054366E-9	2.530630E-9	3.574481E-9	3.063287E-9	3.433107E-9	2.755819E-9
   0:12:04	0	3.583630E+1	4.140549E+2	9.369000E-8	9.314560E-8	3.206584E-9	3.874107E-9	2.770259E-9	2.298626E-9	2.428807E-9	3.052669E-9	2.671636E-9	1.943922E-9	2.490318E-9	1.672638E-9	2.750255E-9	2.329314E-9	2.984721E-9	2.100559E-9	2.747302E-9	2.394820E-9	3.607470E-9	3.116330E-9	3.414092E-9	3.225828E-9	3.037373E-9	3.238615E-9	3.211604E-9	2.733740E-9	3.583587E-9	3.226787E-9	3.153499E-9	2.615726E-9	3.698942E-9	3.169296E-9	3.551399E-9	2.844774E-9
   0:12:17	0	3.583576E+1	4.154066E+2	9.650000E-8	9.612784E-8	3.310953E-9	4.009040E-9	2.859893E-9	2.367735E-9	2.502617E-9	3.151672E-9	2.756974E-9	2.001628E-9	2.568982E-9	1.721740E-9	2.835929E-9	2.399537E-9	3.080117E-9	2.161457E-9	2.836490E-9	2.471019E-9	3.727266E-9	3.214263E-9	3.526342E-9	3.326382E-9	3.136061E-9	3.345134E-9	3.315165E-9	2.817141E-9	3.700300E-9	3.330100E-9	3.252379E-9	2.699048E-9	3.826246E-9	3.273593E-9	3.665614E-9	2.937020E-9
   0:12:31	0	3.583424E+1	4.167582E+2	1.001500E-7	9.945141E-8	3.424972E-9	4.161313E-9	2.958061E-9	2.452159E-9	2.590998E-9	3.262303E-9	2.851598E-9	2.064660E-9	2.657345E-9	1.777478E-9	2.935321E-9	2.481251E-9	3.184759E-9	2.234028E-9	2.933533E-9	2.550130E-9	3.852132E-9	3.327240E-9	3.655787E-9	3.441982E-9	3.240932E-9	3.463056E-9	3.429279E-9	2.913824E-9	3.830694E-9	3.445473E-9	3.360352E-9	2.790980E-9	3.962327E-9	3.388282E-9	3.793816E-9	3.035345E-9
   0:12:45	0	3.583303E+1	4.181099E+2	1.030800E-7	1.025945E-7	3.529531E-9	4.302239E-9	3.053637E-9	2.528103E-9	2.667848E-9	3.363002E-9	2.941674E-9	2.128329E-9	2.742602E-9	1.832204E-9	3.025546E-9	2.557536E-9	3.284587E-9	2.299406E-9	3.025446E-9	2.628100E-9	3.974400E-9	3.430146E-9	3.774902E-9	3.550686E-9	3.346183E-9	3.572095E-9	3.540233E-9	3.000750E-9	3.956422E-9	3.554439E-9	3.466114E-9	2.881331E-9	4.091904E-9	3.496953E-9	3.913488E-9	3.134620E-9
   0:12:59	0	3.583341E+1	4.194615E+2	1.065900E-7	1.062318E-7	3.660198E-9	4.469897E-9	3.159770E-9	2.615122E-9	2.760475E-9	3.483440E-9	3.049373E-9	2.198084E-9	2.836542E-9	1.888384E-9	3.126457E-9	2.644491E-9	3.400125E-9	2.378542E-9	3.131547E-9	2.716514E-9	4.116813E-9	3.553257E-9	3.912348E-9	3.678323E-9	3.462792E-9	3.702363E-9	3.667489E-9	3.104105E-9	4.099491E-9	3.681117E-9	3.587346E-9	2.982508E-9	4.240806E-9	3.624125E-9	4.055615E-9	3.244340E-9
   0:13:12	0	3.583493E+1	4.208132E+2	1.109400E-7	1.099424E-7	3.790866E-9	4.636924E-9	3.270770E-9	2.706444E-9	2.856079E-9	3.605008E-9	3.155871E-9	2.272086E-9	2.933399E-9	1.951894E-9	3.240329E-9	2.734920E-9	3.518766E-9	2.453575E-9	3.237711E-9	2.806636E-9	4.264677E-9	3.679639E-9	4.050927E-9	3.807777E-9	3.582365E-9	3.835024E-9	3.791649E-9	3.211236E-9	4.244264E-9	3.800446E-9	3.707127E-9	3.084065E-9	4.394189E-9	3.757000E-9	4.202573E-9	3.358177E-9
   0:13:26	0	3.583538E+1	4.221648E+2	1.139800E-7	1.140302E-7	3.930740E-9	4.825265E-9	3.394096E-9	2.806056E-9	2.956434E-9	3.736257E-9	3.271845E-9	2.349260E-9	3.040461E-9	2.017617E-9	3.363053E-9	2.834506E-9	3.645833E-9	2.539841E-9	3.362690E-9	2.908403E-9	4.423498E-9	3.819113E-9	4.207713E-9	3.947512E-9	3.714433E-9	3.979465E-9	3.934827E-9	3.323592E-9	4.409843E-9	3.944457E-9	3.842314E-9	3.200248E-9	4.564243E-9	3.894500E-9	4.361257E-9	3.480814E-9
   0:13:40	0	3.583630E+1	4.235165E+2	1.187200E-7	1.179558E-7	4.064875E-9	5.000867E-9	3.507372E-9	2.898075E-9	3.077254E-9	3.866940E-9	3.387125E-9	2.426497E-9	3.144860E-9	2.084414E-9	3.474143E-9	2.928093E-9	3.773089E-9	2.623647E-9	3.472656E-9	3.003335E-9	4.575541E-9	3.944615E-9	4.349820E-9	4.078471E-9	3.843157E-9	4.119244E-9	4.071941E-9	3.434563E-9	4.567414E-9	4.085831E-9	3.969545E-9	3.310731E-9	4.723751E-9	4.033141E-9	4.511600E-9	3.603198E-9
   0:13:54	0	3.583584E+1	4.248681E+2	1.227000E-7	1.225338E-7	4.222346E-9	5.209951E-9	3.646311E-9	3.009902E-9	3.174504E-9	4.021698E-9	3.519206E-9	2.514513E-9	3.262192E-9	2.162019E-9	3.607172E-9	3.040436E-9	3.916686E-9	2.717107E-9	3.609225E-9	3.120924E-9	4.754888E-9	4.101901E-9	4.525501E-9	4.241091E-9	3.994407E-9	4.279687E-9	4.233824E-9	3.561081E-9	4.746675E-9	4.237443E-9	4.122285E-9	3.434259E-9	4.915527E-9	4.194340E-9	4.695874E-9	3.740840E-9
   0:14:07	0	3.583409E+1	4.262198E+2	1.275700E-7	1.271374E-7	4.383662E-9	5.422441E-9	3.781710E-9	3.119767E-9	3.291205E-9	4.171681E-9	3.651477E-9	2.605385E-9	3.380600E-9	2.233366E-9	3.740076E-9	3.147157E-9	4.065036E-9	2.814039E-9	3.740981E-9	3.227375E-9	4.940507E-9	4.254027E-9	4.702693E-9	4.399445E-9	4.141619E-9	4.446238E-9	4.396021E-9	3.693642E-9	4.928899E-9	4.399919E-9	4.272881E-9	3.563737E-9	5.106420E-9	4.356998E-9	4.872623E-9	3.885763E-9
   0:14:21	0	3.583318E+1	4.275714E+2	1.331400E-7	1.323256E-7	4.558033E-9	5.657818E-9	3.936453E-9	3.244505E-9	3.418677E-9	4.339639E-9	3.798782E-9	2.704752E-9	3.517771E-9	2.322913E-9	3.897512E-9	3.274023E-9	4.227322E-9	2.919994E-9	3.893197E-9	3.356166E-9	5.141457E-9	4.432210E-9	4.899853E-9	4.576543E-9	4.310098E-9	4.629986E-9	4.574901E-9	3.839799E-9	5.142335E-9	4.577029E-9	4.449110E-9	3.711388E-9	5.323582E-9	4.536446E-9	5.072515E-9	4.040816E-9
   0:14:35	0	3.583288E+1	4.289231E+2	1.375000E-7	1.372645E-7	4.728052E-9	5.889726E-9	4.081966E-9	3.365192E-9	3.546656E-9	4.500746E-9	3.941348E-9	2.801012E-9	3.646701E-9	2.402412E-9	4.053493E-9	3.389839E-9	4.382450E-9	3.026328E-9	4.037812E-9	3.480020E-9	5.337340E-9	4.597049E-9	5.088321E-9	4.745241E-9	4.473967E-9	4.801136E-9	4.749925E-9	3.973808E-9	5.338433E-9	4.744781E-9	4.605954E-9	3.846185E-9	5.526851E-9	4.712535E-9	5.260867E-9	4.188398E-9
   0:14:49	0	3.585104E+1	4.302747E+2	1.437500E-7	1.431136E-7	4.927017E-9	6.154802E-9	4.257698E-9	3.503093E-9	3.693007E-9	4.695167E-9	4.110446E-9	2.913444E-9	3.799150E-9	2.500237E-9	4.203279E-9	3.536155E-9	4.574759E-9	3.149512E-9	4.209160E-9	3.624001E-9	5.561413E-9	4.795119E-9	5.308852E-9	4.948357E-9	4.664149E-9	5.008758E-9	4.955658E-9	4.137778E-9	5.569840E-9	4.951031E-9	4.800873E-9	4.011374E-9	5.773754E-9	4.913591E-9	5.490426E-9	4.371691E-9
   0:15:02	0	3.583500E+1	4.316264E+2	1.500500E-7	1.490996E-7	5.135756E-9	6.431166E-9	4.430140E-9	3.646563E-9	3.845632E-9	4.892104E-9	4.280872E-9	3.030123E-9	3.950203E-9	2.598189E-9	4.385627E-9	3.675587E-9	4.759150E-9	3.274463E-9	4.389184E-9	3.770576E-9	5.797078E-9	4.998603E-9	5.538516E-9	5.156611E-9	4.862220E-9	5.221357E-9	5.159873E-9	4.305590E-9	5.811777E-9	5.150813E-9	4.999518E-9	4.180740E-9	6.018448E-9	5.121299E-9	5.726258E-9	4.555615E-9
   0:15:16	0	3.593913E+1	4.329780E+2	1.559900E-7	1.558054E-7	5.364236E-9	6.742522E-9	4.633808E-9	3.809525E-9	4.016439E-9	5.106640E-9	4.468855E-9	3.160882E-9	4.128449E-9	2.710675E-9	4.579924E-9	3.837249E-9	4.971919E-9	3.412981E-9	4.581434E-9	3.931770E-9	6.057578E-9	5.225941E-9	5.786825E-9	5.387687E-9	5.075687E-9	5.458522E-9	5.398906E-9	4.500844E-9	6.081771E-9	5.385013E-9	5.215337E-9	4.366951E-9	6.302357E-9	5.357395E-9	5.985046E-9	4.762267E-9
   0:15:30	0	3.593594E+1	4.343296E+2	1.627000E-7	1.623346E-7	5.584578E-9	7.038681E-9	4.828879E-9	3.960843E-9	4.179073E-9	5.318852E-9	4.657092E-9	3.286248E-9	4.300359E-9	2.818612E-9	4.777066E-9	3.995121E-9	5.177151E-9	3.550489E-9	4.774253E-9	4.091319E-9	6.318651E-9	5.444846E-9	6.040488E-9	5.613370E-9	5.287956E-9	5.691467E-9	5.620941E-9	4.682061E-9	6.345527E-9	5.611174E-9	5.429768E-9	4.551387E-9	6.571994E-9	5.585951E-9	6.241577E-9	4.958791E-9
   0:15:44	0	3.583584E+1	4.356813E+2	1.702200E-7	1.701084E-7	5.850391E-9	7.397390E-9	5.052206E-9	4.154057E-9	4.372627E-9	5.571543E-9	4.874323E-9	3.435459E-9	4.501932E-9	2.942916E-9	5.015749E-9	4.186023E-9	5.418867E-9	3.711410E-9	4.993107E-9	4.285046E-9	6.625904E-9	5.701388E-9	6.335978E-9	5.880993E-9	5.542437E-9	5.969262E-9	5.897315E-9	4.897456E-9	6.655372E-9	5.876461E-9	5.684734E-9	4.771658E-9	6.900292E-9	5.858543E-9	6.547154E-9	5.200456E-9
   0:15:57	0	3.593518E+1	4.370329E+2	1.786400E-7	1.780496E-7	6.122761E-9	7.765179E-9	5.295952E-9	4.341512E-9	4.570170E-9	5.832532E-9	5.105450E-9	3.588855E-9	4.707435E-9	3.072086E-9	5.221237E-9	4.371807E-9	5.671100E-9	3.884321E-9	5.223870E-9	4.477631E-9	6.936958E-9	5.979014E-9	6.637326E-9	6.150433E-9	5.798622E-9	6.248695E-9	6.178428E-9	5.125126E-9	6.981737E-9	6.151169E-9	5.950878E-9	4.989905E-9	7.230233E-9	6.139818E-9	6.852669E-9	5.446680E-9
   0:16:11	0	3.593305E+1	4.383846E+2	1.883400E-7	1.871237E-7	6.427359E-9	8.183914E-9	5.570165E-9	4.560610E-9	4.797680E-9	6.132557E-9	5.365002E-9	3.765396E-9	4.947992E-9	3.222931E-9	5.482998E-9	4.591565E-9	5.958233E-9	4.068970E-9	5.490550E-9	4.699898E-9	7.297362E-9	6.279174E-9	6.984656E-9	6.466893E-9	6.097778E-9	6.568067E-9	6.502952E-9	5.383577E-9	7.336035E-9	6.457721E-9	6.241962E-9	5.245065E-9	7.610187E-9	6.455311E-9	7.211685E-9	5.719495E-9
   0:16:25	0	3.593351E+1	4.397362E+2	1.963300E-7	1.960212E-7	6.726973E-9	8.598932E-9	5.828385E-9	4.769075E-9	5.038940E-9	6.417372E-9	5.622343E-9	3.939338E-9	5.179674E-9	3.368153E-9	5.733061E-9	4.804251E-9	6.239349E-9	4.248763E-9	5.752605E-9	4.914002E-9	7.639205E-9	6.574928E-9	7.323356E-9	6.770123E-9	6.388607E-9	6.881011E-9	6.810918E-9	5.627172E-9	7.708303E-9	6.767098E-9	6.541131E-9	5.491549E-9	7.986162E-9	6.772576E-9	7.551697E-9	6.006175E-9
   0:16:39	0	3.593571E+1	4.410879E+2	2.069200E-7	2.067303E-7	7.087254E-9	9.098690E-9	6.148616E-9	5.023296E-9	5.287674E-9	6.767934E-9	5.928512E-9	4.138010E-9	5.459025E-9	3.544593E-9	6.040598E-9	5.059689E-9	6.575449E-9	4.475062E-9	6.064067E-9	5.176647E-9	8.060934E-9	6.938152E-9	7.731914E-9	7.141247E-9	6.736538E-9	7.272633E-9	7.187189E-9	5.930123E-9	8.134355E-9	7.134820E-9	6.893525E-9	5.801032E-9	8.438421E-9	7.151495E-9	7.975002E-9	6.327806E-9
   0:16:52	0	3.582588E+1	4.424395E+2	2.185500E-7	2.177724E-7	7.462796E-9	9.606015E-9	6.470366E-9	5.289543E-9	5.566060E-9	7.126606E-9	6.231332E-9	4.351397E-9	5.757518E-9	3.729564E-9	6.370836E-9	5.323273E-9	6.921618E-9	4.703507E-9	6.395550E-9	5.448850E-9	8.495969E-9	7.316986E-9	8.149793E-9	7.516758E-9	7.093368E-9	7.658964E-9	7.578878E-9	6.244970E-9	8.574851E-9	7.517992E-9	7.244152E-9	6.116023E-9	8.895224E-9	7.537890E-9	8.408846E-9	6.666910E-9
   0:17:06	0	3.593548E+1	4.437912E+2	2.306000E-7	2.306879E-7	7.895159E-9	1.021013E-8	6.855958E-9	5.592243E-9	5.881761E-9	7.541409E-9	6.600038E-9	4.599658E-9	6.093284E-9	3.936463E-9	6.758164E-9	5.628156E-9	7.332460E-9	4.967039E-9	6.767064E-9	5.763581E-9	9.010571E-9	7.749884E-9	8.648618E-9	7.962796E-9	7.517840E-9	8.114523E-9	8.042787E-9	6.595951E-9	9.113328E-9	7.952727E-9	7.669351E-9	6.476918E-9	9.438727E-9	7.992846E-9	8.916700E-9	7.061792E-9
   0:17:20	0	3.593366E+1	4.451428E+2	2.434800E-7	2.434274E-7	8.320079E-9	1.080667E-8	7.230425E-9	5.893359E-9	6.220018E-9	7.955522E-9	6.955794E-9	4.841071E-9	6.416309E-9	4.148356E-9	7.113121E-9	5.934240E-9	7.734055E-9	5.227921E-9	7.130089E-9	6.073693E-9	9.519280E-9	8.175041E-9	9.131064E-9	8.393477E-9	7.934740E-9	8.567250E-9	8.489892E-9	6.959644E-9	9.638186E-9	8.388155E-9	8.084256E-9	6.836611E-9	9.991954E-9	8.441975E-9	9.415020E-9	7.460093E-9
   0:17:34	0	3.593336E+1	4.464945E+2	2.597600E-7	2.589156E-7	8.834363E-9	1.152743E-8	7.694905E-9	6.264850E-9	6.601928E-9	8.449971E-9	7.399223E-9	5.136766E-9	6.824527E-9	4.393047E-9	7.566460E-9	6.301895E-9	8.217298E-9	5.548311E-9	7.579706E-9	6.446145E-9	1.012783E-8	8.704177E-9	9.734450E-9	8.929349E-9	8.435188E-9	9.114273E-9	9.034741E-9	7.391128E-9	1.026311E-8	8.925702E-9	8.594319E-9	7.268606E-9	1.063965E-8	8.995399E-9	1.001902E-8	7.951780E-9
   0:17:47	0	3.593298E+1	4.478461E+2	2.766900E-7	2.762667E-7	9.407609E-9	1.232695E-8	8.216023E-9	6.677859E-9	7.012347E-9	9.011739E-9	7.890597E-9	5.465816E-9	7.277052E-9	4.681214E-9	8.042497E-9	6.718931E-9	8.762241E-9	5.910542E-9	8.083545E-9	6.873972E-9	1.081139E-8	9.289326E-9	1.039465E-8	9.522206E-9	9.011730E-9	9.727502E-9	9.648465E-9	7.881590E-9	1.099270E-8	9.521280E-9	9.164049E-9	7.768857E-9	1.137329E-8	9.614533E-9	1.070620E-8	8.479939E-9
   0:18:01	0	3.591853E+1	4.491978E+2	2.954600E-7	2.948523E-7	1.002027E-8	1.319733E-8	8.766221E-9	7.107763E-9	7.475857E-9	9.602296E-9	8.412482E-9	5.828030E-9	7.762286E-9	4.976903E-9	8.582649E-9	7.155921E-9	9.338598E-9	6.286847E-9	8.624633E-9	7.323064E-9	1.154836E-8	9.923128E-9	1.111187E-8	1.016221E-8	9.619255E-9	1.039308E-8	1.030237E-8	8.407809E-9	1.174285E-8	1.016710E-8	9.770464E-9	8.297409E-9	1.215688E-8	1.028315E-8	1.144179E-8	9.063430E-9
   0:18:15	0	3.593427E+1	4.505494E+2	3.170700E-7	3.168621E-7	1.075729E-8	1.422876E-8	9.420463E-9	7.627155E-9	8.005194E-9	1.031046E-8	9.027789E-9	6.240658E-9	8.348116E-9	5.330984E-9	9.220738E-9	7.678353E-9	1.003163E-8	6.736858E-9	9.257568E-9	7.856772E-9	1.242621E-8	1.066859E-8	1.196155E-8	1.090891E-8	1.032206E-8	1.116404E-8	1.108531E-8	9.026300E-9	1.266558E-8	1.091731E-8	1.048946E-8	8.926001E-9	1.309871E-8	1.106837E-8	1.230590E-8	9.748981E-9
   0:18:40	1	3.593662E+1	0.000000E+0	-3.840100E-9	3.556510E-9	1.321172E-10	1.146932E-10	1.151716E-10	1.158140E-10	1.137865E-10	1.134594E-10	1.142048E-10	1.147772E-10	1.121330E-10	1.109703E-10	1.087505E-10	1.086161E-10	1.168045E-10	1.048825E-10	1.061648E-10	1.046780E-10	1.026292E-10	1.029690E-10	1.006589E-10	1.103964E-10	1.019690E-10	1.094173E-10	1.142392E-10	1.131740E-10	1.112261E-10	1.109757E-10	1.113820E-10	1.123206E-10	1.116436E-10	1.113312E-10	1.126468E-10	1.125071E-10
   0:18:54	1	3.593404E+1	0.000000E+0	2.121200E-9	3.610243E-9	1.264416E-10	1.126128E-10	1.137176E-10	1.163835E-10	1.156239E-10	1.150937E-10	1.162271E-10	1.191529E-10	1.150489E-10	1.143194E-10	1.104573E-10	1.137312E-10	1.198444E-10	1.112565E-10	1.128158E-10	1.083487E-10	1.064296E-10	1.078158E-10	1.070211E-10	1.084537E-10	1.043039E-10	1.113703E-10	1.115859E-10	1.127338E-10	1.133075E-10	1.109757E-10	1.137813E-10	1.108004E-10	1.129066E-10	1.108241E-10	1.132112E-10	1.136465E-10
   0:19:08	1	3.593564E+1	1.000000E+1	4.878700E-9	4.997083E-9	1.654156E-10	1.548583E-10	1.573977E-10	1.572667E-10	1.570590E-10	1.601641E-10	1.560847E-10	1.581517E-10	1.605618E-10	1.602622E-10	1.608495E-10	1.564198E-10	1.796406E-10	1.659069E-10	1.592472E-10	1.572078E-10	1.500789E-10	1.491665E-10	1.465160E-10	1.518343E-10	1.513761E-10	1.522524E-10	1.572060E-10	1.588087E-10	1.518962E-10	1.490989E-10	1.529295E-10	1.497399E-10	1.525621E-10	1.503632E-10	1.533531E-10	1.534074E-10
   0:19:22	1	3.593571E+1	2.000000E+1	5.791700E-9	5.526978E-9	1.815595E-10	1.723235E-10	1.746544E-10	1.697971E-10	1.736578E-10	1.807181E-10	1.706765E-10	1.726733E-10	1.782467E-10	1.746700E-10	1.743803E-10	1.723334E-10	1.953501E-10	1.802945E-10	1.747031E-10	1.758141E-10	1.709210E-10	1.667274E-10	1.596183E-10	1.703904E-10	1.689817E-10	1.673697E-10	1.761612E-10	1.778813E-10	1.709383E-10	1.654275E-10	1.700415E-10	1.637952E-10	1.719483E-10	1.658880E-10	1.682182E-10	1.708176E-10
   0:19:36	1	3.593579E+1	3.000000E+1	6.510200E-9	5.982231E-9	1.931627E-10	1.862590E-10	1.847681E-10	1.828980E-10	1.871532E-10	1.971242E-10	1.862785E-10	1.832636E-10	1.941565E-10	1.856030E-10	1.888593E-10	1.844578E-10	2.121356E-10	1.944938E-10	1.880689E-10	1.928388E-10	1.873296E-10	1.789368E-10	1.721528E-10	1.863140E-10	1.819164E-10	1.797166E-10	1.939804E-10	1.950650E-10	1.864496E-10	1.814428E-10	1.862055E-10	1.760154E-10	1.905130E-10	1.803344E-10	1.773752E-10	1.869624E-10
   0:19:50	1	3.593533E+1	4.000000E+1	7.099700E-9	6.415386E-9	2.062174E-10	2.000044E-10	1.994961E-10	1.957451E-10	2.000144E-10	2.125876E-10	1.982168E-10	1.937899E-10	2.098131E-10	1.967256E-10	2.016316E-10	1.978453E-10	2.249943E-10	2.081880E-10	2.009278E-10	2.034713E-10	2.018371E-10	1.921547E-10	1.822948E-10	2.027384E-10	1.935901E-10	1.925040E-10	2.099033E-10	2.102971E-10	2.036004E-10	1.941297E-10	2.010438E-10	1.881716E-10	2.075635E-10	1.917409E-10	1.919899E-10	2.021577E-10
   0:20:04	1	3.593465E+1	5.000000E+1	7.891200E-9	6.915347E-9	2.195868E-10	2.168395E-10	2.142879E-10	2.115665E-10	2.163602E-10	2.300625E-10	2.113558E-10	2.044434E-10	2.264844E-10	2.129660E-10	2.188924E-10	2.125596E-10	2.459606E-10	2.266782E-10	2.165736E-10	2.210655E-10	2.178016E-10	2.052464E-10	1.963418E-10	2.179722E-10	2.086705E-10	2.065513E-10	2.272785E-10	2.279220E-10	2.204356E-10	2.079469E-10	2.171451E-10	1.987446E-10	2.254962E-10	2.070746E-10	2.061649E-10	2.188723E-10
   0:20:18	1	3.593602E+1	6.000000E+1	8.270200E-9	7.221721E-9	2.292357E-10	2.242800E-10	2.202933E-10	2.176419E-10	2.249126E-10	2.386113E-10	2.185565E-10	2.145262E-10	2.350422E-10	2.205500E-10	2.257836E-10	2.203903E-10	2.567923E-10	2.347556E-10	2.252515E-10	2.299255E-10	2.288878E-10	2.144978E-10	2.052238E-10	2.285665E-10	2.188928E-10	2.172593E-10	2.378309E-10	2.399445E-10	2.314696E-10	2.191892E-10	2.298363E-10	2.103951E-10	2.380627E-10	2.164525E-10	2.183953E-10	2.302685E-10
   0:20:32	1	3.593434E+1	7.000000E+1	8.551700E-9	7.452300E-9	2.364246E-10	2.315305E-10	2.276887E-10	2.251729E-10	2.311847E-10	2.464686E-10	2.248736E-10	2.201692E-10	2.432828E-10	2.263632E-10	2.324861E-10	2.278412E-10	2.635701E-10	2.412551E-10	2.331064E-10	2.360011E-10	2.382637E-10	2.229315E-10	2.125307E-10	2.366540E-10	2.259604E-10	2.235591E-10	2.444024E-10	2.484414E-10	2.391621E-10	2.274789E-10	2.366564E-10	2.178665E-10	2.456399E-10	2.241829E-10	2.235381E-10	2.376128E-10
   0:20:46	1	3.593518E+1	8.000000E+1	8.845100E-9	7.691260E-9	2.446857E-10	2.406732E-10	2.349584E-10	2.302992E-10	2.370137E-10	2.540747E-10	2.316326E-10	2.304423E-10	2.493039E-10	2.327460E-10	2.389990E-10	2.340300E-10	2.704749E-10	2.484499E-10	2.403914E-10	2.428999E-10	2.468165E-10	2.302325E-10	2.211602E-10	2.442397E-10	2.345420E-10	2.316846E-10	2.506576E-10	2.571282E-10	2.481157E-10	2.335715E-10	2.462535E-10	2.239446E-10	2.513241E-10	2.312161E-10	2.326951E-10	2.466032E-10
   0:21:00	1	3.593397E+1	9.000000E+1	9.165600E-9	7.944686E-9	2.529468E-10	2.481137E-10	2.470320E-10	2.363746E-10	2.447430E-10	2.615549E-10	2.386438E-10	2.333594E-10	2.576715E-10	2.381172E-10	2.460798E-10	2.404083E-10	2.801656E-10	2.562115E-10	2.461553E-10	2.521396E-10	2.577126E-10	2.367784E-10	2.299786E-10	2.522638E-10	2.429344E-10	2.402516E-10	2.603252E-10	2.652475E-10	2.571958E-10	2.428031E-10	2.531364E-10	2.305295E-10	2.620584E-10	2.394536E-10	2.397826E-10	2.545172E-10
   0:21:14	1	3.593358E+1	1.000000E+2	8.239300E-9	8.215722E-9	2.603886E-10	2.560580E-10	2.496235E-10	2.447289E-10	2.524724E-10	2.701037E-10	2.459083E-10	2.431249E-10	2.654678E-10	2.458908E-10	2.549952E-10	2.499437E-10	2.917572E-10	2.635946E-10	2.554672E-10	2.599875E-10	2.672156E-10	2.457158E-10	2.387970E-10	2.623564E-10	2.523359E-10	2.486297E-10	2.694233E-10	2.761372E-10	2.644463E-10	2.510938E-10	2.626708E-10	2.380000E-10	2.688780E-10	2.476281E-10	2.500069E-10	2.628750E-10
   0:21:28	1	3.593260E+1	1.200000E+2	1.016500E-8	8.866484E-9	2.821455E-10	2.760465E-10	2.704198E-10	2.614364E-10	2.710996E-10	2.924181E-10	2.622043E-10	2.605005E-10	2.843576E-10	2.618788E-10	2.751646E-10	2.683835E-10	3.084167E-10	2.841678E-10	2.747870E-10	2.798597E-10	2.904649E-10	2.670524E-10	2.590173E-10	2.851126E-10	2.762510E-10	2.676531E-10	2.910329E-10	2.990485E-10	2.867671E-10	2.723848E-10	2.847698E-10	2.596537E-10	2.899060E-10	2.672711E-10	2.710180E-10	2.857944E-10
   0:21:42	1	3.593579E+1	1.400000E+2	1.096300E-8	9.766776E-9	3.113442E-10	3.071316E-10	2.964001E-10	2.858009E-10	2.966950E-10	3.200762E-10	2.890506E-10	2.882113E-10	3.116141E-10	2.841868E-10	3.018460E-10	2.944636E-10	3.385048E-10	3.063181E-10	3.069026E-10	3.069474E-10	3.224571E-10	2.945573E-10	2.896938E-10	3.145143E-10	3.026894E-10	2.961257E-10	3.220577E-10	3.268705E-10	3.168442E-10	3.029073E-10	3.152677E-10	2.866259E-10	3.175014E-10	2.966081E-10	2.996186E-10	3.169436E-10
   0:21:56	1	3.593526E+1	1.600000E+2	1.232200E-8	1.107335E-8	3.546678E-10	3.474221E-10	3.359079E-10	3.226339E-10	3.333783E-10	3.616883E-10	3.278980E-10	3.244201E-10	3.523727E-10	3.183745E-10	3.408573E-10	3.334267E-10	3.786646E-10	3.479687E-10	3.449092E-10	3.490965E-10	3.701608E-10	3.364754E-10	3.317085E-10	3.572685E-10	3.467333E-10	3.398419E-10	3.649607E-10	3.704909E-10	3.590273E-10	3.444213E-10	3.561204E-10	3.239821E-10	3.595573E-10	3.365914E-10	3.426457E-10	3.596800E-10
   0:22:11	1	3.593374E+1	1.800000E+2	1.416300E-8	1.278067E-8	4.086508E-10	4.001979E-10	3.866032E-10	3.690860E-10	3.827318E-10	4.143014E-10	3.784314E-10	3.745169E-10	4.053016E-10	3.646336E-10	3.908702E-10	3.839460E-10	4.327590E-10	3.975702E-10	3.983716E-10	4.023857E-10	4.306608E-10	3.903515E-10	3.883370E-10	4.128745E-10	4.016301E-10	3.943934E-10	4.195531E-10	4.283995E-10	4.173518E-10	3.997525E-10	4.120646E-10	3.762793E-10	4.149365E-10	3.891836E-10	4.004747E-10	4.140655E-10
   0:22:25	1	3.593366E+1	2.000000E+2	1.622400E-8	1.480755E-8	4.761913E-10	4.651423E-10	4.467805E-10	4.260443E-10	4.403857E-10	4.784800E-10	4.405871E-10	4.324760E-10	4.675487E-10	4.182223E-10	4.524535E-10	4.422950E-10	4.965451E-10	4.555640E-10	4.579150E-10	4.642171E-10	5.047822E-10	4.531651E-10	4.561148E-10	4.788866E-10	4.670012E-10	4.580788E-10	4.860247E-10	4.953098E-10	4.887908E-10	4.666394E-10	4.788051E-10	4.373153E-10	4.819352E-10	4.510276E-10	4.659555E-10	4.768717E-10
   0:22:39	1	3.593511E+1	2.200000E+2	1.848600E-8	1.729233E-8	5.546421E-10	5.447788E-10	5.233304E-10	4.952794E-10	5.109638E-10	5.563615E-10	5.090599E-10	5.019766E-10	5.432970E-10	4.829335E-10	5.269348E-10	5.127694E-10	5.736968E-10	5.312290E-10	5.350051E-10	5.387712E-10	5.933470E-10	5.330358E-10	5.357350E-10	5.598199E-10	5.467594E-10	5.403461E-10	5.647534E-10	5.777036E-10	5.757421E-10	5.491023E-10	5.636684E-10	5.142427E-10	5.634573E-10	5.282053E-10	5.496255E-10	5.557598E-10
   0:22:53	1	3.593495E+1	2.400000E+2	2.184300E-8	2.040993E-8	6.583183E-10	6.461048E-10	6.192864E-10	5.819183E-10	6.007392E-10	6.522211E-10	5.995148E-10	5.842859E-10	6.347019E-10	5.624965E-10	6.207003E-10	6.025678E-10	6.712449E-10	6.149714E-10	6.286271E-10	6.312352E-10	7.005366E-10	6.324169E-10	6.377801E-10	6.602484E-10	6.472780E-10	6.408821E-10	6.666727E-10	6.781625E-10	6.893014E-10	6.503437E-10	6.741662E-10	6.110508E-10	6.713746E-10	6.285742E-10	6.590742E-10	6.531355E-10
   0:23:08	1	3.593366E+1	2.600000E+2	2.550000E-8	2.428298E-8	7.808503E-10	7.712019E-10	7.324981E-10	6.850120E-10	7.090778E-10	7.710241E-10	7.110671E-10	6.897421E-10	7.455040E-10	6.580465E-10	7.341929E-10	7.121938E-10	7.889993E-10	7.192223E-10	7.431538E-10	7.440139E-10	8.416197E-10	7.590515E-10	7.670998E-10	7.881983E-10	7.705113E-10	7.675587E-10	7.955081E-10	8.016598E-10	8.289015E-10	7.851227E-10	8.132044E-10	7.366041E-10	8.079608E-10	7.547959E-10	7.937985E-10	7.755816E-10
   0:23:22	1	3.593358E+1	2.800000E+2	3.057100E-8	2.923058E-8	9.421035E-10	9.373470E-10	8.806033E-10	8.226599E-10	8.494099E-10	9.262217E-10	8.577403E-10	8.226557E-10	8.902180E-10	7.833617E-10	8.814497E-10	8.513740E-10	9.442537E-10	8.526291E-10	8.939132E-10	8.870444E-10	1.009754E-9	9.186657E-10	9.312526E-10	9.495611E-10	9.290814E-10	9.284407E-10	9.557465E-10	9.554335E-10	1.002110E-9	9.509270E-10	9.871603E-10	8.850776E-10	9.816147E-10	9.205569E-10	9.690418E-10	9.331678E-10
   0:23:36	1	3.593450E+1	3.000000E+2	3.702200E-8	3.575879E-8	1.153555E-9	1.161815E-9	1.077635E-9	1.005937E-9	1.038717E-9	1.132650E-9	1.053809E-9	9.984363E-10	1.079811E-9	9.452660E-10	1.078402E-9	1.033307E-9	1.147711E-9	1.030022E-9	1.092180E-9	1.073238E-9	1.237628E-9	1.127878E-9	1.151531E-9	1.164086E-9	1.135481E-9	1.142551E-9	1.170073E-9	1.157170E-9	1.230995E-9	1.170493E-9	1.205506E-9	1.082746E-9	1.211720E-9	1.134665E-9	1.194587E-9	1.139188E-9
   0:23:50	1	3.593442E+1	3.200000E+2	4.585800E-8	4.468211E-8	1.446232E-9	1.475693E-9	1.350583E-9	1.257564E-9	1.297969E-9	1.418091E-9	1.326373E-9	1.242575E-9	1.340525E-9	1.167838E-9	1.349646E-9	1.286029E-9	1.425723E-9	1.269762E-9	1.362343E-9	1.331706E-9	1.545958E-9	1.415952E-9	1.449540E-9	1.453211E-9	1.418168E-9	1.435527E-9	1.459273E-9	1.430916E-9	1.540650E-9	1.467936E-9	1.496022E-9	1.348794E-9	1.520950E-9	1.428802E-9	1.503050E-9	1.418713E-9
   0:24:05	1	3.593244E+1	3.400000E+2	5.861100E-8	5.736308E-8	1.862828E-9	1.923496E-9	1.737882E-9	1.617536E-9	1.667016E-9	1.823529E-9	1.713017E-9	1.582912E-9	1.711153E-9	1.486971E-9	1.734889E-9	1.643768E-9	1.822503E-9	1.611609E-9	1.751720E-9	1.695866E-9	1.982194E-9	1.823423E-9	1.872774E-9	1.865333E-9	1.819418E-9	1.849322E-9	1.875667E-9	1.814183E-9	1.981647E-9	1.887599E-9	1.907454E-9	1.727923E-9	1.968091E-9	1.842064E-9	1.943415E-9	1.815875E-9
   0:24:19	1	3.593305E+1	3.600000E+2	7.717200E-8	7.584612E-8	2.471202E-9	2.587825E-9	2.304199E-9	2.140095E-9	2.199333E-9	2.418552E-9	2.274887E-9	2.078484E-9	2.250839E-9	1.948420E-9	2.293313E-9	2.163233E-9	2.402410E-9	2.108574E-9	2.309087E-9	2.223310E-9	2.619128E-9	2.416127E-9	2.493611E-9	2.465151E-9	2.401011E-9	2.455938E-9	2.480293E-9	2.371496E-9	2.624985E-9	2.502584E-9	2.506231E-9	2.280917E-9	2.618125E-9	2.450681E-9	2.590449E-9	2.395633E-9
   0:24:33	1	3.593214E+1	3.620000E+2	7.895600E-8	7.818913E-8	2.546373E-9	2.672631E-9	2.376450E-9	2.206228E-9	2.267441E-9	2.492410E-9	2.348664E-9	2.141519E-9	2.320439E-9	2.007064E-9	2.364191E-9	2.228656E-9	2.472024E-9	2.172626E-9	2.378132E-9	2.292547E-9	2.702436E-9	2.492094E-9	2.570774E-9	2.539376E-9	2.475659E-9	2.534741E-9	2.555610E-9	2.441300E-9	2.708151E-9	2.580337E-9	2.582127E-9	2.349170E-9	2.700215E-9	2.528175E-9	2.671610E-9	2.469961E-9
   0:24:46	1	3.593260E+1	3.640000E+2	8.126000E-8	8.057760E-8	2.625392E-9	2.758383E-9	2.449838E-9	2.272806E-9	2.337386E-9	2.567966E-9	2.418085E-9	2.205946E-9	2.391243E-9	2.067604E-9	2.433803E-9	2.297487E-9	2.548670E-9	2.236048E-9	2.453384E-9	2.361784E-9	2.782575E-9	2.568503E-9	2.650079E-9	2.616296E-9	2.549359E-9	2.613104E-9	2.632950E-9	2.516079E-9	2.790941E-9	2.658843E-9	2.659918E-9	2.423185E-9	2.783758E-9	2.607317E-9	2.755217E-9	2.543658E-9
   0:25:00	1	3.593320E+1	3.660000E+2	8.388900E-8	8.317746E-8	2.709771E-9	2.852017E-9	2.529359E-9	2.346028E-9	2.411701E-9	2.651254E-9	2.499634E-9	2.275066E-9	2.468703E-9	2.131180E-9	2.514987E-9	2.370046E-9	2.629875E-9	2.306475E-9	2.531171E-9	2.435768E-9	2.871836E-9	2.652087E-9	2.739400E-9	2.702432E-9	2.631199E-9	2.699402E-9	2.717872E-9	2.594633E-9	2.882495E-9	2.743189E-9	2.745223E-9	2.497327E-9	2.874879E-9	2.691465E-9	2.845723E-9	2.625268E-9
   0:25:14	1	3.593397E+1	3.680000E+2	8.656000E-8	8.578288E-8	2.796609E-9	2.945461E-9	2.607552E-9	2.420073E-9	2.485891E-9	2.734164E-9	2.580234E-9	2.345074E-9	2.543754E-9	2.198988E-9	2.597625E-9	2.443930E-9	2.710701E-9	2.376839E-9	2.609971E-9	2.508992E-9	2.961921E-9	2.734853E-9	2.825508E-9	2.785746E-9	2.714933E-9	2.782174E-9	2.804057E-9	2.672118E-9	2.973229E-9	2.830174E-9	2.827434E-9	2.576723E-9	2.967388E-9	2.779415E-9	2.935101E-9	2.706245E-9
   0:25:28	1	3.593480E+1	3.700000E+2	8.927200E-8	8.860381E-8	2.890006E-9	3.048301E-9	2.695037E-9	2.500636E-9	2.570281E-9	2.825686E-9	2.664056E-9	2.421106E-9	2.628376E-9	2.269008E-9	2.680137E-9	2.520719E-9	2.798747E-9	2.452565E-9	2.695992E-9	2.590127E-9	3.060623E-9	2.822654E-9	2.919238E-9	2.877273E-9	2.803525E-9	2.875339E-9	2.896307E-9	2.754134E-9	3.071214E-9	2.923816E-9	2.919243E-9	2.661819E-9	3.065897E-9	2.871103E-9	3.035706E-9	2.795137E-9
   0:25:41	1	3.593594E+1	3.720000E+2	9.249000E-8	9.152005E-8	2.986681E-9	3.156437E-9	2.783407E-9	2.582403E-9	2.651884E-9	2.918215E-9	2.754637E-9	2.499548E-9	2.711162E-9	2.341745E-9	2.768022E-9	2.605591E-9	2.891734E-9	2.527977E-9	2.783471E-9	2.671706E-9	3.158690E-9	2.916748E-9	3.018386E-9	2.972311E-9	2.894073E-9	2.972977E-9	2.992224E-9	2.846348E-9	3.174874E-9	3.020724E-9	3.012629E-9	2.748307E-9	3.168447E-9	2.965262E-9	3.137063E-9	2.886369E-9
   0:25:55	1	3.593495E+1	3.740000E+2	9.546000E-8	9.464353E-8	3.089223E-9	3.267600E-9	2.879047E-9	2.669421E-9	2.742672E-9	3.018537E-9	2.849324E-9	2.581858E-9	2.804405E-9	2.420422E-9	2.861219E-9	2.692484E-9	2.988142E-9	2.609385E-9	2.878994E-9	2.762904E-9	3.269048E-9	3.018396E-9	3.121501E-9	3.072364E-9	2.994591E-9	3.074332E-9	3.094900E-9	2.939002E-9	3.284272E-9	3.123473E-9	3.115045E-9	2.842519E-9	3.280028E-9	3.068039E-9	3.245884E-9	2.984505E-9
   0:26:09	1	3.593305E+1	3.760000E+2	9.785000E-8	9.781408E-8	3.193656E-9	3.383176E-9	2.975570E-9	2.759351E-9	2.832511E-9	3.119865E-9	2.945589E-9	2.666767E-9	2.895493E-9	2.498468E-9	2.958336E-9	2.777988E-9	3.089808E-9	2.696346E-9	2.976670E-9	2.854734E-9	3.378899E-9	3.121617E-9	3.227955E-9	3.173482E-9	3.094037E-9	3.178331E-9	3.195997E-9	3.034551E-9	3.394048E-9	3.229864E-9	3.217650E-9	2.938377E-9	3.392303E-9	3.173604E-9	3.356775E-9	3.082259E-9
   0:26:23	1	3.593275E+1	3.780000E+2	1.013500E-7	1.012788E-7	3.307737E-9	3.508652E-9	3.080439E-9	2.858205E-9	2.931346E-9	3.231124E-9	3.052531E-9	2.759731E-9	2.996090E-9	2.584160E-9	3.062155E-9	2.879784E-9	3.196984E-9	2.791951E-9	3.079541E-9	2.952515E-9	3.496289E-9	3.231761E-9	3.344992E-9	3.289396E-9	3.203388E-9	3.289953E-9	3.312449E-9	3.137529E-9	3.517192E-9	3.341845E-9	3.328844E-9	3.041517E-9	3.514996E-9	3.285569E-9	3.479270E-9	3.190841E-9
   0:26:36	1	3.593237E+1	3.800000E+2	1.053200E-7	1.049238E-7	3.428062E-9	3.642513E-9	3.192135E-9	2.960665E-9	3.039683E-9	3.348293E-9	3.165030E-9	2.854089E-9	3.102645E-9	2.677498E-9	3.170210E-9	2.980444E-9	3.309672E-9	2.887178E-9	3.192801E-9	3.054535E-9	3.622737E-9	3.346500E-9	3.466185E-9	3.406626E-9	3.317851E-9	3.411969E-9	3.430542E-9	3.247555E-9	3.643110E-9	3.463561E-9	3.448119E-9	3.150608E-9	3.644952E-9	3.407545E-9	3.605653E-9	3.304805E-9
   0:26:50	1	3.593397E+1	3.820000E+2	1.093600E-7	1.086157E-7	3.546116E-9	3.777258E-9	3.305725E-9	3.063822E-9	3.145931E-9	3.466091E-9	3.278668E-9	2.955994E-9	3.211037E-9	2.769068E-9	3.283323E-9	3.082366E-9	3.425209E-9	2.986508E-9	3.302260E-9	3.159846E-9	3.751024E-9	3.466022E-9	3.592356E-9	3.524168E-9	3.435279E-9	3.530646E-9	3.551796E-9	3.362240E-9	3.774576E-9	3.586470E-9	3.566446E-9	3.260143E-9	3.774655E-9	3.526037E-9	3.734482E-9	3.420160E-9
   0:27:04	1	3.593480E+1	3.840000E+2	1.136100E-7	1.126457E-7	3.681072E-9	3.925306E-9	3.427472E-9	3.179826E-9	3.261492E-9	3.596836E-9	3.400516E-9	3.064050E-9	3.330017E-9	2.871127E-9	3.404277E-9	3.197361E-9	3.554808E-9	3.093599E-9	3.426097E-9	3.275094E-9	3.887038E-9	3.594922E-9	3.726462E-9	3.655817E-9	3.560470E-9	3.664504E-9	3.682653E-9	3.478813E-9	3.914051E-9	3.715911E-9	3.696203E-9	3.380378E-9	3.917241E-9	3.660939E-9	3.874977E-9	3.546407E-9
   0:27:18	1	3.593495E+1	3.860000E+2	1.173000E-7	1.167740E-7	3.816785E-9	4.075183E-9	3.553201E-9	3.296336E-9	3.379968E-9	3.727017E-9	3.525712E-9	3.173500E-9	3.450136E-9	2.974830E-9	3.535852E-9	3.313113E-9	3.679721E-9	3.204477E-9	3.544551E-9	3.394582E-9	4.029579E-9	3.729235E-9	3.863215E-9	3.791290E-9	3.690645E-9	3.799811E-9	3.818882E-9	3.599918E-9	4.060398E-9	3.855777E-9	3.828044E-9	3.505868E-9	4.063867E-9	3.796096E-9	4.018358E-9	3.678097E-9
   0:27:31	1	3.593541E+1	3.880000E+2	1.219300E-7	1.212642E-7	3.966245E-9	4.238051E-9	3.691445E-9	3.420188E-9	3.509783E-9	3.872283E-9	3.659436E-9	3.292780E-9	3.583695E-9	3.085610E-9	3.666985E-9	3.438589E-9	3.818188E-9	3.325010E-9	3.684288E-9	3.521284E-9	4.185486E-9	3.872926E-9	4.016660E-9	3.933784E-9	3.831989E-9	3.946646E-9	3.965157E-9	3.739466E-9	4.219610E-9	4.001861E-9	3.973334E-9	3.639842E-9	4.221420E-9	3.946903E-9	4.176542E-9	3.818715E-9
   0:27:45	1	3.593374E+1	3.900000E+2	1.262000E-7	1.258624E-7	4.115515E-9	4.406339E-9	3.832470E-9	3.552013E-9	3.640739E-9	4.021133E-9	3.801056E-9	3.418338E-9	3.716935E-9	3.200687E-9	3.804189E-9	3.570318E-9	3.963560E-9	3.448951E-9	3.825039E-9	3.651341E-9	4.342092E-9	4.019827E-9	4.168405E-9	4.083048E-9	3.974278E-9	4.099023E-9	4.113201E-9	3.879895E-9	4.378127E-9	4.158182E-9	4.121843E-9	3.778564E-9	4.383580E-9	4.095936E-9	4.334914E-9	3.962878E-9
   0:27:59	1	3.593199E+1	3.920000E+2	1.313200E-7	1.308898E-7	4.282509E-9	4.591400E-9	3.986264E-9	3.691686E-9	3.786648E-9	4.180670E-9	3.957267E-9	3.550617E-9	3.859431E-9	3.328972E-9	3.955554E-9	3.710382E-9	4.121664E-9	3.581033E-9	3.978838E-9	3.795385E-9	4.516244E-9	4.181647E-9	4.337977E-9	4.245103E-9	4.135308E-9	4.265703E-9	4.278307E-9	4.027940E-9	4.555434E-9	4.321853E-9	4.284625E-9	3.927607E-9	4.560707E-9	4.259671E-9	4.511286E-9	4.122109E-9
   0:28:13	1	3.593252E+1	3.940000E+2	1.370100E-7	1.360492E-7	4.449627E-9	4.779109E-9	4.140754E-9	3.838637E-9	3.936927E-9	4.344479E-9	4.114552E-9	3.687526E-9	4.012259E-9	3.454983E-9	4.109954E-9	3.854299E-9	4.282368E-9	3.721697E-9	4.132005E-9	3.942909E-9	4.695528E-9	4.346737E-9	4.509438E-9	4.416057E-9	4.298928E-9	4.432254E-9	4.448592E-9	4.182723E-9	4.736271E-9	4.493310E-9	4.451257E-9	4.083995E-9	4.744022E-9	4.429297E-9	4.694306E-9	4.284382E-9
   0:28:26	1	3.593389E+1	3.960000E+2	1.422900E-7	1.416908E-7	4.637303E-9	4.988508E-9	4.312629E-9	3.996726E-9	4.101083E-9	4.523940E-9	4.288072E-9	3.837941E-9	4.179096E-9	3.599004E-9	4.281934E-9	4.011730E-9	4.459981E-9	3.871511E-9	4.304493E-9	4.102458E-9	4.890016E-9	4.526367E-9	4.699165E-9	4.594786E-9	4.471632E-9	4.614365E-9	4.633663E-9	4.353994E-9	4.937538E-9	4.678145E-9	4.632789E-9	4.250515E-9	4.945965E-9	4.614321E-9	4.888051E-9	4.463051E-9
   0:28:40	1	3.593526E+1	3.980000E+2	1.480700E-7	1.474495E-7	4.827628E-9	5.200304E-9	4.489748E-9	4.159815E-9	4.260994E-9	4.710945E-9	4.461528E-9	3.992351E-9	4.347582E-9	3.739738E-9	4.455809E-9	4.173896E-9	4.636835E-9	4.025932E-9	4.480083E-9	4.264540E-9	5.086595E-9	4.711158E-9	4.893555E-9	4.781037E-9	4.656262E-9	4.808002E-9	4.821704E-9	4.527092E-9	5.136282E-9	4.870327E-9	4.816343E-9	4.425200E-9	5.147402E-9	4.807392E-9	5.091017E-9	4.642416E-9
   0:28:54	1	3.593526E+1	4.000000E+2	1.544600E-7	1.538333E-7	5.036116E-9	5.434799E-9	4.685831E-9	4.339867E-9	4.446310E-9	4.915172E-9	4.653808E-9	4.162107E-9	4.531661E-9	3.902148E-9	4.652699E-9	4.350526E-9	4.838012E-9	4.192471E-9	4.672459E-9	4.448329E-9	5.308325E-9	4.921439E-9	5.104510E-9	4.988853E-9	4.857172E-9	5.013923E-9	5.032428E-9	4.719135E-9	5.362772E-9	5.078525E-9	5.026732E-9	4.615841E-9	5.375299E-9	5.013516E-9	5.313177E-9	4.839319E-9
   0:29:08	1	3.593518E+1	4.020000E+2	1.613400E-7	1.603556E-7	5.249839E-9	5.676166E-9	4.883178E-9	4.522638E-9	4.634919E-9	5.121097E-9	4.854614E-9	4.337383E-9	4.723091E-9	4.065444E-9	4.845857E-9	4.530753E-9	5.041280E-9	4.369548E-9	4.868952E-9	4.635029E-9	5.534995E-9	5.125678E-9	5.325167E-9	5.198490E-9	5.064581E-9	5.231876E-9	5.245554E-9	4.912248E-9	5.593612E-9	5.295328E-9	5.234344E-9	4.812624E-9	5.607868E-9	5.229018E-9	5.538094E-9	5.046353E-9
   0:29:21	1	3.593404E+1	4.040000E+2	1.679900E-7	1.675775E-7	5.488028E-9	5.944268E-9	5.102902E-9	4.728256E-9	4.838545E-9	5.352293E-9	5.076203E-9	4.530095E-9	4.935757E-9	4.246751E-9	5.060387E-9	4.735798E-9	5.270646E-9	4.560950E-9	5.087363E-9	4.839259E-9	5.781558E-9	5.357549E-9	5.568058E-9	5.432510E-9	5.291867E-9	5.464507E-9	5.483259E-9	5.129469E-9	5.846897E-9	5.532040E-9	5.468158E-9	5.026564E-9	5.866138E-9	5.465939E-9	5.789920E-9	5.275546E-9
   0:29:35	1	3.593305E+1	4.060000E+2	1.754700E-7	1.752752E-7	5.747093E-9	6.225232E-9	5.333437E-9	4.944189E-9	5.059530E-9	5.598824E-9	5.309731E-9	4.728704E-9	5.159960E-9	4.439621E-9	5.293759E-9	4.952588E-9	5.507548E-9	4.769011E-9	5.319330E-9	5.058488E-9	6.048646E-9	5.603894E-9	5.825186E-9	5.678567E-9	5.536694E-9	5.723404E-9	5.736317E-9	5.360917E-9	6.119478E-9	5.785520E-9	5.718768E-9	5.257031E-9	6.138489E-9	5.721867E-9	6.056862E-9	5.516514E-9
   0:29:49	1	3.593138E+1	4.080000E+2	1.835100E-7	1.832385E-7	6.005905E-9	6.520889E-9	5.582112E-9	5.166260E-9	5.293313E-9	5.849127E-9	5.549575E-9	4.945385E-9	5.393482E-9	4.634198E-9	5.532758E-9	5.173799E-9	5.755029E-9	4.979471E-9	5.561242E-9	5.283353E-9	6.324416E-9	5.859051E-9	6.097746E-9	5.938605E-9	5.783667E-9	5.984065E-9	5.995316E-9	5.600231E-9	6.401140E-9	6.048358E-9	5.971651E-9	5.496551E-9	6.420693E-9	5.987110E-9	6.337227E-9	5.766790E-9
   0:30:03	1	3.593434E+1	4.100000E+2	1.925700E-7	1.920886E-7	6.297890E-9	6.846937E-9	5.850825E-9	5.418711E-9	5.542681E-9	6.132557E-9	5.818539E-9	5.179633E-9	5.652801E-9	4.858223E-9	5.801220E-9	5.422670E-9	6.032471E-9	5.219338E-9	5.829188E-9	5.534416E-9	6.629768E-9	6.143789E-9	6.390655E-9	6.226666E-9	6.061811E-9	6.273327E-9	6.283950E-9	5.866045E-9	6.714768E-9	6.343165E-9	6.259579E-9	5.758738E-9	6.730807E-9	6.279093E-9	6.643368E-9	6.044923E-9
   0:30:16	1	3.593397E+1	4.113516E+2	1.993700E-7	1.985385E-7	6.509027E-9	7.090385E-9	6.045644E-9	5.596293E-9	5.727427E-9	6.338861E-9	6.014987E-9	5.351356E-9	5.844296E-9	5.019496E-9	5.992166E-9	5.604728E-9	6.237006E-9	5.387769E-9	6.023211E-9	5.719027E-9	6.852827E-9	6.350234E-9	6.607531E-9	6.434419E-9	6.266507E-9	6.487122E-9	6.493474E-9	6.058341E-9	6.942139E-9	6.550358E-9	6.462582E-9	5.955393E-9	6.964323E-9	6.492189E-9	6.868601E-9	6.250816E-9
   0:30:30	1	3.593381E+1	4.127033E+2	2.053600E-7	2.046324E-7	6.711144E-9	7.312772E-9	6.230160E-9	5.764761E-9	5.898804E-9	6.535483E-9	6.204234E-9	5.512551E-9	6.021655E-9	5.171605E-9	6.174071E-9	5.770431E-9	6.423679E-9	5.549889E-9	6.207479E-9	5.894841E-9	7.068919E-9	6.544213E-9	6.811117E-9	6.627505E-9	6.456502E-9	6.684476E-9	6.697753E-9	6.239432E-9	7.157657E-9	6.762074E-9	6.660658E-9	6.141729E-9	7.178958E-9	6.693054E-9	7.081539E-9	6.443226E-9
   0:30:44	1	3.593480E+1	4.140549E+2	2.124400E-7	2.117693E-7	6.940254E-9	7.574253E-9	6.446408E-9	5.968226E-9	6.108195E-9	6.763974E-9	6.420013E-9	5.702980E-9	6.225827E-9	5.350132E-9	6.389803E-9	5.973708E-9	6.644746E-9	5.739839E-9	6.423547E-9	6.096666E-9	7.313517E-9	6.775579E-9	7.051237E-9	6.862089E-9	6.681642E-9	6.915657E-9	6.930150E-9	6.454829E-9	7.413843E-9	6.991248E-9	6.893084E-9	6.353835E-9	7.436218E-9	6.927755E-9	7.330291E-9	6.669759E-9
   0:30:58	1	3.593488E+1	4.154066E+2	2.196600E-7	2.188799E-7	7.173146E-9	7.839518E-9	6.662972E-9	6.164858E-9	6.309288E-9	6.988945E-9	6.634528E-9	5.892965E-9	6.434375E-9	5.527582E-9	6.604270E-9	6.170291E-9	6.869234E-9	5.930294E-9	6.638158E-9	6.301658E-9	7.557292E-9	7.002602E-9	7.291924E-9	7.089715E-9	6.909306E-9	7.152130E-9	7.167918E-9	6.671169E-9	7.663031E-9	7.223626E-9	7.121026E-9	6.569801E-9	7.688237E-9	7.162837E-9	7.575970E-9	6.891227E-9
   0:31:11	1	3.593283E+1	4.167582E+2	2.272700E-7	2.267279E-7	7.435616E-9	8.130382E-9	6.902798E-9	6.391614E-9	6.532300E-9	7.238054E-9	6.866792E-9	6.101023E-9	6.665487E-9	5.724244E-9	6.838590E-9	6.390745E-9	7.110317E-9	6.135832E-9	6.873418E-9	6.518673E-9	7.830906E-9	7.255997E-9	7.552075E-9	7.346618E-9	7.154764E-9	7.411027E-9	7.425399E-9	6.905574E-9	7.941096E-9	7.483010E-9	7.379087E-9	6.803496E-9	7.968923E-9	7.420793E-9	7.853949E-9	7.139350E-9
   0:31:25	1	3.593267E+1	4.181099E+2	2.346200E-7	2.342729E-7	7.677905E-9	8.412862E-9	7.132383E-9	6.602611E-9	6.750751E-9	7.476037E-9	7.101266E-9	6.299888E-9	6.885126E-9	5.910922E-9	7.071771E-9	6.601600E-9	7.348487E-9	6.337332E-9	7.100634E-9	6.735118E-9	8.087668E-9	7.497874E-9	7.811155E-9	7.584024E-9	7.391704E-9	7.658334E-9	7.674793E-9	7.135825E-9	8.203021E-9	7.733538E-9	7.618332E-9	7.029404E-9	8.236412E-9	7.668611E-9	8.115246E-9	7.382219E-9
   0:31:39	1	3.593244E+1	4.194615E+2	2.436200E-7	2.430287E-7	7.971150E-9	8.737585E-9	7.395787E-9	6.846581E-9	7.002907E-9	7.758712E-9	7.367640E-9	6.536037E-9	7.144128E-9	6.129575E-9	7.328030E-9	6.843461E-9	7.617440E-9	6.569438E-9	7.360851E-9	6.984790E-9	8.390046E-9	7.782424E-9	8.102235E-9	7.871018E-9	7.667387E-9	7.948917E-9	7.958308E-9	7.393645E-9	8.515833E-9	8.021875E-9	7.902849E-9	7.293617E-9	8.551390E-9	7.960150E-9	8.420890E-9	7.653957E-9
   0:31:53	1	3.593465E+1	4.208132E+2	2.526200E-7	2.518612E-7	8.257016E-9	9.065650E-9	7.667850E-9	7.094030E-9	7.251071E-9	8.038559E-9	7.634392E-9	6.766416E-9	7.399137E-9	6.354297E-9	7.593458E-9	7.086962E-9	7.895643E-9	6.802615E-9	7.637602E-9	7.231866E-9	8.693498E-9	8.067036E-9	8.402263E-9	8.154626E-9	7.947234E-9	8.240129E-9	8.249657E-9	7.662795E-9	8.829713E-9	8.310903E-9	8.179979E-9	7.559475E-9	8.862009E-9	8.254415E-9	8.729729E-9	7.941144E-9
   0:32:06	1	3.593586E+1	4.221648E+2	2.623300E-7	2.616347E-7	8.578264E-9	9.429088E-9	7.962544E-9	7.365465E-9	7.528822E-9	8.347197E-9	7.931403E-9	7.028439E-9	7.690595E-9	6.596017E-9	7.886706E-9	7.363114E-9	8.197408E-9	7.062803E-9	7.925755E-9	7.507548E-9	9.036988E-9	8.373556E-9	8.729625E-9	8.469331E-9	8.252826E-9	8.557612E-9	8.566094E-9	7.959767E-9	9.184453E-9	8.633785E-9	8.502448E-9	7.856104E-9	9.217272E-9	8.576499E-9	9.074130E-9	8.243082E-9
   0:32:20	1	3.593594E+1	4.235165E+2	2.712800E-7	2.710166E-7	8.886959E-9	9.783951E-9	8.248956E-9	7.629369E-9	7.795423E-9	8.650239E-9	8.216032E-9	7.273720E-9	7.964683E-9	6.827626E-9	8.170406E-9	7.621014E-9	8.484735E-9	7.313587E-9	8.209853E-9	7.775257E-9	9.359128E-9	8.680952E-9	9.042624E-9	8.773816E-9	8.550850E-9	8.864761E-9	8.882907E-9	8.239555E-9	9.511826E-9	8.945296E-9	8.800604E-9	8.141021E-9	9.544245E-9	8.883435E-9	9.399967E-9	8.543822E-9
   0:32:34	1	3.593526E+1	4.248681E+2	2.818900E-7	2.819544E-7	9.242636E-9	1.018308E-8	8.580695E-9	7.935612E-9	8.104156E-9	8.992693E-9	8.551765E-9	7.558824E-9	8.286123E-9	7.101322E-9	8.494574E-9	7.931327E-9	8.833438E-9	7.606211E-9	8.538675E-9	8.086570E-9	9.737019E-9	9.030771E-9	9.415718E-9	9.125756E-9	8.894744E-9	9.232321E-9	9.241296E-9	8.568065E-9	9.900741E-9	9.306864E-9	9.153062E-9	8.466019E-9	9.938406E-9	9.243725E-9	9.785764E-9	8.886470E-9
   0:32:48	1	3.593290E+1	4.262198E+2	2.938400E-7	2.929974E-7	9.605628E-9	1.060144E-8	8.915022E-9	8.240020E-9	8.421635E-9	9.339358E-9	8.883200E-9	7.856421E-9	8.606361E-9	7.375018E-9	8.829678E-9	8.237348E-9	9.170233E-9	7.897447E-9	8.868065E-9	8.398773E-9	1.012308E-8	9.381973E-9	9.789252E-9	9.484655E-9	9.240341E-9	9.590431E-9	9.601454E-9	8.903244E-9	1.029924E-8	9.668808E-9	9.508551E-9	8.801207E-9	1.033452E-8	9.615926E-9	1.017125E-8	9.237793E-9
   0:33:01	1	3.593275E+1	4.275714E+2	3.060300E-7	3.054669E-7	1.001239E-8	1.105882E-8	9.294103E-9	8.590376E-9	8.778011E-9	9.735430E-9	9.255062E-9	8.183821E-9	8.967735E-9	7.692382E-9	9.202844E-9	8.584859E-9	9.561882E-9	8.229954E-9	9.248637E-9	8.751287E-9	1.055818E-8	9.785102E-9	1.020978E-8	9.888502E-9	9.632064E-9	9.998871E-9	1.001703E-8	9.278518E-9	1.073784E-8	1.007698E-8	9.913038E-9	9.173435E-9	1.078287E-8	1.003052E-8	1.060240E-8	9.634195E-9
   0:33:15	1	3.593237E+1	4.289231E+2	3.180200E-7	3.172914E-7	1.039789E-8	1.150316E-8	9.659151E-9	8.923009E-9	9.115380E-9	1.010573E-8	9.614607E-9	8.496133E-9	9.313262E-9	7.985669E-9	9.557549E-9	8.916265E-9	9.929461E-9	8.540124E-9	9.603617E-9	9.088549E-9	1.096610E-8	1.016513E-8	1.061027E-8	1.026502E-8	1.000429E-8	1.038709E-8	1.039778E-8	9.631510E-9	1.116219E-8	1.047347E-8	1.028949E-8	9.535848E-9	1.120336E-8	1.042249E-8	1.101604E-8	1.001179E-8
   0:33:29	1	3.593434E+1	4.302747E+2	3.315300E-7	3.314495E-7	1.085706E-8	1.203009E-8	1.008096E-8	9.317537E-9	9.510973E-9	1.055844E-8	1.004231E-8	8.872870E-9	9.734093E-9	8.334124E-9	9.989073E-9	9.308041E-9	1.036583E-8	8.918509E-9	1.002410E-8	9.483087E-9	1.145637E-8	1.062403E-8	1.108302E-8	1.072228E-8	1.045135E-8	1.085406E-8	1.087073E-8	1.005443E-8	1.166845E-8	1.094438E-8	1.074538E-8	9.965439E-9	1.171757E-8	1.089120E-8	1.151079E-8	1.046296E-8
   0:33:43	1	3.593503E+1	4.316264E+2	3.464400E-7	3.457731E-7	1.132310E-8	1.256378E-8	1.051277E-8	9.723772E-9	9.917591E-9	1.101197E-8	1.047267E-8	9.250112E-9	1.015467E-8	8.696612E-9	1.041111E-8	9.701775E-9	1.081158E-8	9.299230E-9	1.045971E-8	9.893193E-9	1.194671E-8	1.108015E-8	1.156660E-8	1.118556E-8	1.090309E-8	1.132473E-8	1.134001E-8	1.048579E-8	1.218788E-8	1.141058E-8	1.120960E-8	1.039497E-8	1.222937E-8	1.137207E-8	1.201720E-8	1.091521E-8
   0:33:56	1	3.593457E+1	4.329780E+2	3.624500E-7	3.618689E-7	1.185472E-8	1.316574E-8	1.100512E-8	1.016450E-8	1.037787E-8	1.151924E-8	1.096019E-8	9.673013E-9	1.061702E-8	9.091516E-9	1.089462E-8	1.015177E-8	1.131446E-8	9.725387E-9	1.094842E-8	1.034475E-8	1.251548E-8	1.159506E-8	1.211071E-8	1.170256E-8	1.141369E-8	1.185405E-8	1.186850E-8	1.096996E-8	1.275512E-8	1.195315E-8	1.172837E-8	1.088325E-8	1.279870E-8	1.190611E-8	1.257492E-8	1.143095E-8
   0:34:10	1	3.593442E+1	4.343296E+2	3.777100E-7	3.775090E-7	1.236402E-8	1.375088E-8	1.147965E-8	1.060004E-8	1.081484E-8	1.201877E-8	1.143179E-8	1.008697E-8	1.107716E-8	9.484903E-9	1.136180E-8	1.058340E-8	1.179707E-8	1.013621E-8	1.140982E-8	1.079480E-8	1.305726E-8	1.209933E-8	1.263467E-8	1.221730E-8	1.190732E-8	1.236385E-8	1.239224E-8	1.144242E-8	1.331957E-8	1.245565E-8	1.223414E-8	1.135406E-8	1.336494E-8	1.242024E-8	1.313044E-8	1.192346E-8
   0:34:24	1	3.593397E+1	4.356813E+2	3.964300E-7	3.961701E-7	1.296842E-8	1.444667E-8	1.204350E-8	1.111272E-8	1.134056E-8	1.260537E-8	1.198892E-8	1.057316E-8	1.162692E-8	9.950142E-9	1.192585E-8	1.110539E-8	1.237571E-8	1.061986E-8	1.197808E-8	1.131794E-8	1.370167E-8	1.270085E-8	1.326357E-8	1.281142E-8	1.249642E-8	1.298697E-8	1.300666E-8	1.200307E-8	1.399412E-8	1.308697E-8	1.283475E-8	1.191908E-8	1.404143E-8	1.304654E-8	1.377716E-8	1.252025E-8
   0:34:38	1	3.593237E+1	4.370329E+2	4.155900E-7	4.153256E-7	1.359155E-8	1.515602E-8	1.262442E-8	1.165135E-8	1.188694E-8	1.320813E-8	1.256683E-8	1.107704E-8	1.219196E-8	1.042644E-8	1.249951E-8	1.163060E-8	1.297208E-8	1.113531E-8	1.255343E-8	1.186069E-8	1.436787E-8	1.331438E-8	1.391892E-8	1.342390E-8	1.308672E-8	1.362200E-8	1.363599E-8	1.257492E-8	1.468941E-8	1.370616E-8	1.345101E-8	1.250095E-8	1.472411E-8	1.368468E-8	1.445938E-8	1.313293E-8
   0:34:51	1	3.593222E+1	4.383846E+2	4.377700E-7	4.372083E-7	1.430537E-8	1.598580E-8	1.328865E-8	1.225656E-8	1.250099E-8	1.389467E-8	1.322901E-8	1.164903E-8	1.284384E-8	1.096139E-8	1.314999E-8	1.224232E-8	1.363833E-8	1.170598E-8	1.320449E-8	1.247269E-8	1.513588E-8	1.401836E-8	1.466032E-8	1.413768E-8	1.378505E-8	1.433765E-8	1.436440E-8	1.323483E-8	1.547140E-8	1.443551E-8	1.416420E-8	1.315987E-8	1.551628E-8	1.441382E-8	1.521768E-8	1.382627E-8
   0:35:05	1	3.593275E+1	4.397362E+2	4.584600E-7	4.584164E-7	1.498053E-8	1.677667E-8	1.392943E-8	1.284266E-8	1.310388E-8	1.457034E-8	1.385202E-8	1.220712E-8	1.345306E-8	1.150240E-8	1.378372E-8	1.282923E-8	1.430362E-8	1.226611E-8	1.383039E-8	1.306988E-8	1.586746E-8	1.470818E-8	1.537640E-8	1.481248E-8	1.445523E-8	1.503913E-8	1.506437E-8	1.387605E-8	1.623568E-8	1.513999E-8	1.484797E-8	1.381815E-8	1.628251E-8	1.512255E-8	1.596538E-8	1.450385E-8
   0:35:19	1	3.593480E+1	4.410879E+2	4.843300E-7	4.842444E-7	1.582242E-8	1.773918E-8	1.470953E-8	1.355646E-8	1.382050E-8	1.537405E-8	1.463681E-8	1.288336E-8	1.421270E-8	1.213788E-8	1.453865E-8	1.354648E-8	1.510136E-8	1.294318E-8	1.461738E-8	1.380351E-8	1.677528E-8	1.554138E-8	1.624259E-8	1.565014E-8	1.526897E-8	1.588291E-8	1.591940E-8	1.465178E-8	1.718306E-8	1.599917E-8	1.567456E-8	1.459939E-8	1.720496E-8	1.598557E-8	1.688117E-8	1.534059E-8
   0:35:33	1	3.593533E+1	4.424395E+2	5.113500E-7	5.108913E-7	1.668545E-8	1.873863E-8	1.551731E-8	1.430116E-8	1.457437E-8	1.621171E-8	1.542866E-8	1.358547E-8	1.499440E-8	1.279821E-8	1.536004E-8	1.428368E-8	1.592887E-8	1.364215E-8	1.541197E-8	1.454867E-8	1.770261E-8	1.640088E-8	1.715192E-8	1.650717E-8	1.610826E-8	1.675964E-8	1.680066E-8	1.545753E-8	1.814412E-8	1.687599E-8	1.653563E-8	1.539919E-8	1.816447E-8	1.687888E-8	1.780976E-8	1.618385E-8
   0:35:46	1	3.593450E+1	4.437912E+2	5.424200E-7	5.418111E-7	1.769162E-8	1.988040E-8	1.645418E-8	1.513818E-8	1.544019E-8	1.718275E-8	1.634983E-8	1.439633E-8	1.589603E-8	1.356571E-8	1.626507E-8	1.513222E-8	1.687021E-8	1.445212E-8	1.634275E-8	1.541812E-8	1.879346E-8	1.739382E-8	1.819883E-8	1.750626E-8	1.708359E-8	1.777576E-8	1.783892E-8	1.639307E-8	1.925696E-8	1.790341E-8	1.754198E-8	1.634897E-8	1.928614E-8	1.791325E-8	1.890838E-8	1.719255E-8
   0:36:00	1	3.593397E+1	4.451428E+2	5.722300E-7	5.723923E-7	1.867529E-8	2.104594E-8	1.736810E-8	1.599401E-8	1.629955E-8	1.812965E-8	1.724850E-8	1.519197E-8	1.679367E-8	1.433441E-8	1.717264E-8	1.598321E-8	1.781954E-8	1.525168E-8	1.725149E-8	1.628454E-8	1.985694E-8	1.837448E-8	1.923345E-8	1.848297E-8	1.804612E-8	1.877753E-8	1.883359E-8	1.732528E-8	2.038518E-8	1.893473E-8	1.852946E-8	1.728059E-8	2.039589E-8	1.894171E-8	1.999120E-8	1.815903E-8
   0:36:14	1	3.593222E+1	4.464945E+2	6.100600E-7	6.095665E-7	1.987034E-8	2.243122E-8	1.849636E-8	1.701754E-8	1.734239E-8	1.929599E-8	1.836807E-8	1.615966E-8	1.787202E-8	1.524770E-8	1.826198E-8	1.700377E-8	1.896332E-8	1.622181E-8	1.835304E-8	1.732822E-8	2.115583E-8	1.958475E-8	2.049874E-8	1.967896E-8	1.922861E-8	2.001180E-8	2.007690E-8	1.844834E-8	2.173288E-8	2.016269E-8	1.972461E-8	1.841696E-8	2.173169E-8	2.020609E-8	2.130277E-8	1.937147E-8
   0:36:28	1	3.593244E+1	4.478461E+2	6.511300E-7	6.515390E-7	2.122084E-8	2.400881E-8	1.976174E-8	1.815309E-8	1.850117E-8	2.060339E-8	1.961675E-8	1.724351E-8	1.910333E-8	1.628549E-8	1.951577E-8	1.816583E-8	2.025698E-8	1.732378E-8	1.960270E-8	1.849823E-8	2.264547E-8	2.094160E-8	2.191887E-8	2.102655E-8	2.054273E-8	2.139889E-8	2.146478E-8	1.971214E-8	2.326515E-8	2.155369E-8	2.109309E-8	1.971093E-8	2.327948E-8	2.161252E-8	2.278324E-8	2.072846E-8
   0:36:41	1	3.593260E+1	4.491978E+2	6.959900E-7	6.959189E-7	2.266506E-8	2.567259E-8	2.109387E-8	1.937648E-8	1.973154E-8	2.198585E-8	2.091887E-8	1.839205E-8	2.040462E-8	1.739260E-8	2.083830E-8	1.937729E-8	2.160346E-8	1.847995E-8	2.093077E-8	1.973772E-8	2.419688E-8	2.236379E-8	2.344343E-8	2.246164E-8	2.194797E-8	2.284802E-8	2.293277E-8	2.105613E-8	2.489906E-8	2.303388E-8	2.252913E-8	2.106967E-8	2.488594E-8	2.312218E-8	2.436131E-8	2.216610E-8
   0:36:55	1	3.593434E+1	4.505494E+2	7.485900E-7	7.486847E-7	2.434967E-8	2.764155E-8	2.267556E-8	2.083631E-8	2.119107E-8	2.360364E-8	2.246595E-8	1.977426E-8	2.194412E-8	1.869346E-8	2.239066E-8	2.083893E-8	2.322372E-8	1.985492E-8	2.249259E-8	2.121069E-8	2.605567E-8	2.408487E-8	2.523565E-8	2.415095E-8	2.361437E-8	2.458793E-8	2.469667E-8	2.265372E-8	2.684383E-8	2.481396E-8	2.423327E-8	2.270801E-8	2.680478E-8	2.488891E-8	2.623410E-8	2.389087E-8
