APD#	0010	Started	08/10/07 17:01	Sense_ohms	1.004464E+6	1.004628E+6	1.002105E+6	1.000924E+6	9.998282E+5	1.007735E+6	1.002821E+6	9.989270E+5	9.993226E+5	1.002376E+6	1.001862E+6	1.003102E+6	1.000030E+6	1.003780E+6	1.000011E+6	1.000898E+6	9.999006E+5	1.006439E+6	1.005624E+6	1.010450E+6	1.003884E+6	1.005600E+6	1.002519E+6	1.006362E+6	1.004620E+6	1.008599E+6	1.003214E+6	1.000475E+6	1.003139E+6	9.996927E+5	1.009944E+6	1.000506E+6	
ElapTime	Shutter_Open	DegC	BiasV	KE237_Amps	Pixel_Sum	A1	A2	A3	A4	A5	A6	A7	A8	B1	B2	B3	B4	B5	B6	B7	B8	C1	C2	C3	C4	C5	C6	C7	C8	D1	D2	D3	D4	D5	D6	D7	D8
0:00:00	0	-1.500006E+1	0.000000E+0	1.142000E-11	-3.413059E-10	-1.264356E-11	-2.518345E-11	-1.267332E-11	-1.268828E-11	0.000000E+0	-1.260252E-11	-1.266427E-11	-2.532718E-11	-1.270861E-11	0.000000E+0	-2.525298E-11	-3.788249E-11	0.000000E+0	-1.265217E-11	1.269986E-11	0.000000E+0	-1.270126E-11	0.000000E+0	-1.262897E-11	-1.256866E-11	-1.265086E-11	0.000000E+0	-2.523643E-11	-2.514006E-11	-1.264160E-11	1.259172E-11	-1.265931E-11	-1.269397E-11	0.000000E+0	-1.270390E-11	0.000000E+0	-1.269358E-11
0:00:08	0	-1.500075E+1	5.000000E+1	2.588700E-10	-4.421137E-10	1.264356E-11	-2.518345E-11	-2.524686E-11	-1.268828E-11	-1.270218E-11	-2.510581E-11	-1.266427E-11	-1.271364E-11	-2.531715E-11	-1.266990E-11	-1.267640E-11	0.000000E+0	-1.269962E-11	-2.520473E-11	-3.799958E-11	0.000000E+0	-1.270126E-11	-2.513814E-11	0.000000E+0	-2.503835E-11	-2.520211E-11	0.000000E+0	-1.266809E-11	-1.261971E-11	-1.264160E-11	0.000000E+0	-1.265931E-11	-2.528799E-11	-1.266026E-11	0.000000E+0	-1.257495E-11	-1.269358E-11
0:00:17	0	-1.499976E+1	1.000000E+2	3.301300E-10	-4.548467E-10	0.000000E+0	-2.518345E-11	-2.524686E-11	-1.268828E-11	-1.270218E-11	-1.260252E-11	0.000000E+0	-2.532718E-11	-3.802576E-11	0.000000E+0	-1.267640E-11	-2.522176E-11	-1.269962E-11	-1.265217E-11	0.000000E+0	-2.527730E-11	0.000000E+0	-1.261875E-11	-1.262897E-11	-1.256866E-11	-2.520211E-11	-2.515911E-11	-1.266809E-11	0.000000E+0	-1.264160E-11	0.000000E+0	-1.265931E-11	-2.528799E-11	-1.266026E-11	-1.270390E-11	-2.505089E-11	-1.269358E-11
0:00:26	0	-1.510069E+1	1.500000E+2	3.697500E-10	-3.412093E-10	1.264356E-11	0.000000E+0	-1.267332E-11	-1.268828E-11	-1.270218E-11	-2.510581E-11	-1.266427E-11	0.000000E+0	-1.270861E-11	0.000000E+0	0.000000E+0	-2.522176E-11	-1.269962E-11	0.000000E+0	0.000000E+0	-1.268861E-11	-2.530252E-11	0.000000E+0	0.000000E+0	-1.256866E-11	0.000000E+0	-1.262928E-11	-2.523643E-11	0.000000E+0	-3.782525E-11	-1.259172E-11	-1.265931E-11	-1.269397E-11	-2.522083E-11	-1.270390E-11	-1.257495E-11	-1.269358E-11
0:00:35	0	-1.509879E+1	2.000000E+2	4.113700E-10	-3.538101E-10	0.000000E+0	0.000000E+0	0.000000E+0	-1.268828E-11	-2.530435E-11	0.000000E+0	-1.266427E-11	-1.271364E-11	-1.270861E-11	-2.524003E-11	0.000000E+0	1.266073E-11	-1.269962E-11	-3.785690E-11	-2.529972E-11	-1.268861E-11	-1.270126E-11	-1.261875E-11	0.000000E+0	-2.503835E-11	-2.520211E-11	0.000000E+0	-2.523643E-11	-1.261971E-11	0.000000E+0	-1.259172E-11	-1.265931E-11	0.000000E+0	-1.266026E-11	-1.270390E-11	-1.257495E-11	0.000000E+0
0:00:43	0	-1.509948E+1	2.500000E+2	4.564400E-10	-3.662664E-10	2.518756E-11	-1.264150E-11	-2.524686E-11	1.268828E-11	-1.270218E-11	-2.510581E-11	0.000000E+0	-3.804082E-11	-1.270861E-11	0.000000E+0	-1.267640E-11	-1.266073E-11	0.000000E+0	-1.265217E-11	-2.529972E-11	1.268861E-11	-1.270126E-11	-1.261875E-11	-2.515851E-11	-1.256866E-11	-1.265086E-11	0.000000E+0	-2.523643E-11	-2.514006E-11	0.000000E+0	0.000000E+0	-2.521895E-11	-1.269397E-11	-1.266026E-11	-1.270390E-11	-2.505089E-11	-1.269358E-11
0:00:52	0	-1.499938E+1	3.000000E+2	9.469000E-10	-3.663027E-10	0.000000E+0	0.000000E+0	-3.792018E-11	-1.268828E-11	0.000000E+0	-2.510581E-11	-1.266427E-11	-2.532718E-11	-2.531715E-11	0.000000E+0	-1.267640E-11	-1.266073E-11	0.000000E+0	-1.265217E-11	-2.529972E-11	1.268861E-11	-1.270126E-11	-1.261875E-11	-1.262897E-11	-1.256866E-11	-1.265086E-11	-1.262928E-11	-1.266809E-11	-1.261971E-11	-2.518365E-11	-1.259172E-11	0.000000E+0	0.000000E+0	-1.266026E-11	1.270390E-11	-1.257495E-11	-2.528720E-11
0:01:01	0	-1.500021E+1	3.500000E+2	9.199000E-10	-1.513847E-10	0.000000E+0	0.000000E+0	-2.524686E-11	-1.268828E-11	-1.270218E-11	0.000000E+0	-1.266427E-11	1.271364E-11	-1.270861E-11	-1.266990E-11	1.267640E-11	-2.522176E-11	1.269962E-11	1.265217E-11	1.269986E-11	0.000000E+0	0.000000E+0	-1.261875E-11	-2.515851E-11	1.256866E-11	-1.265086E-11	-1.262928E-11	0.000000E+0	-1.261971E-11	0.000000E+0	-1.259172E-11	-1.265931E-11	-1.269397E-11	0.000000E+0	1.270390E-11	-1.257495E-11	0.000000E+0
0:01:10	0	-1.499922E+1	4.000000E+2	1.773300E-9	7.071088E-10	3.783112E-11	2.518345E-11	2.524686E-11	3.796492E-11	2.530435E-11	0.000000E+0	3.789310E-11	3.804082E-11	2.531715E-11	1.266990E-11	1.267640E-11	0.000000E+0	2.529924E-11	1.265217E-11	6.329930E-11	2.527730E-11	-1.270126E-11	2.513814E-11	2.515851E-11	0.000000E+0	2.520211E-11	1.262928E-11	1.266809E-11	2.514006E-11	0.000000E+0	2.508430E-11	2.521895E-11	1.269397E-11	3.788109E-11	2.530778E-11	2.505089E-11	3.798078E-11
0:01:18	0	-1.499976E+1	4.100000E+2	4.719400E-9	3.864200E-9	2.774614E-10	6.300840E-11	8.851368E-11	7.592984E-11	1.013174E-10	8.801917E-11	8.845048E-11	8.879528E-11	2.788889E-10	1.010599E-10	1.137881E-10	1.136475E-10	1.139966E-10	1.135707E-10	1.392985E-10	1.391750E-10	6.330629E-11	8.813251E-11	1.133624E-10	8.778267E-11	1.135589E-10	1.133652E-10	1.263816E-10	1.132793E-10	1.008341E-10	1.256198E-10	1.388537E-10	1.266398E-10	1.263035E-10	1.267389E-10	1.505034E-10	1.646167E-10
0:01:26	0	-1.494359E+1	4.200000E+2	9.998900E-5	1.000695E-4	3.992424E-6	3.239871E-6	2.907410E-6	2.627192E-6	2.479957E-6	2.337773E-6	2.374430E-6	2.508458E-6	4.191980E-6	3.540510E-6	3.202954E-6	2.976390E-6	2.841695E-6	2.809221E-6	2.833756E-6	3.025900E-6	2.472430E-6	3.690436E-6	2.969871E-6	3.219473E-6	3.089660E-6	3.102918E-6	3.217990E-6	3.416029E-6	4.041271E-6	3.588096E-6	3.323294E-6	3.166143E-6	3.064955E-6	3.125182E-6	3.224460E-6	3.467411E-6
