APD#	0017	Started	07/10/07 16:24	Sense_ohms	1.004464E+6	1.004628E+6	1.002105E+6	1.000924E+6	9.998282E+5	1.007735E+6	1.002821E+6	9.989270E+5	9.993226E+5	1.002376E+6	1.001862E+6	1.003102E+6	1.000030E+6	1.003780E+6	1.000011E+6	1.000898E+6	9.999006E+5	1.006439E+6	1.005624E+6	1.010450E+6	1.003884E+6	1.005600E+6	1.002519E+6	1.006362E+6	1.004620E+6	1.008599E+6	1.003214E+6	1.000475E+6	1.003139E+6	9.996927E+5	1.009944E+6	1.000506E+6					
ElapTime	Shutter_Open	DegC	H2O_In	H2O_Out	TE_A	TE_V	BiasV	KE237_Amps	Pixel_Sum	A1	A2	A3	A4	A5	A6	A7	A8	B1	B2	B3	B4	B5	B6	B7	B8	C1	C2	C3	C4	C5	C6	C7	C8	D1	D2	D3	D4	D5	D6	D7	D8
0:00:00	0	1.001547E+1	2.546900E+1	2.559300E+1	6.291840E-1	8.411162E-1	0.000000E+0	-2.967500E-10	-1.405479E-10	-1.261369E-12	-5.612028E-12	-5.878625E-12	-5.379030E-12	-4.941849E-12	-5.217642E-12	-5.243209E-12	-4.248559E-12	-5.831951E-12	-5.181688E-12	-4.109348E-12	5.054321E-13	-2.913913E-12	-7.068282E-12	-2.089977E-12	-6.202430E-12	-5.448542E-12	-5.160770E-12	-5.102305E-12	-5.454006E-12	-4.984640E-12	-4.913484E-12	-3.601927E-12	-5.224760E-12	-3.216141E-12	-4.207817E-12	-3.662230E-12	-4.115045E-12	-3.662503E-12	-3.802168E-12	-2.885308E-12	-4.431758E-12
0:00:13	0	1.001577E+1	2.544900E+1	2.557300E+1	6.283857E-1	8.408882E-1	0.000000E+0	-2.571100E-10	-3.663848E-10	-9.457780E-13	-1.198055E-11	-1.251565E-11	-1.037941E-11	-1.311425E-11	-1.156554E-11	-1.231725E-11	-1.280974E-11	-1.267759E-11	-1.099587E-11	-1.182299E-11	-1.294584E-11	-6.587802E-12	-1.546056E-11	-9.817892E-12	-1.291041E-11	-1.229022E-11	-1.082530E-11	-1.385806E-11	-1.335247E-11	-9.780014E-12	-1.190533E-11	-1.137335E-11	-1.132992E-11	-1.153869E-11	-1.249853E-11	-9.471558E-12	-1.152353E-11	-1.206114E-11	-1.191266E-11	-1.229375E-11	-1.152317E-11
0:00:26	0	1.001555E+1	2.545200E+1	2.556900E+1	6.280817E-1	8.401788E-1	1.000000E+1	3.153400E-10	-2.474969E-10	5.045477E-12	-7.818815E-12	-6.574161E-12	-7.024509E-12	-8.236415E-12	-7.480141E-12	-7.769083E-12	-1.122404E-11	-7.480067E-12	-8.973679E-12	-6.069698E-12	-4.483093E-12	-3.736888E-12	-1.142183E-11	-1.121188E-11	-7.531237E-12	-7.855781E-12	-8.433695E-12	-1.108665E-11	-8.651591E-12	-8.392404E-12	-8.251790E-12	-8.277150E-12	-8.119345E-12	-9.647429E-12	-8.918311E-12	-6.504096E-12	-8.483970E-12	-9.219061E-12	-7.350259E-12	-8.844055E-12	-7.471220E-12
0:00:40	0	1.002011E+1	2.545700E+1	2.557200E+1	6.284110E-1	8.416229E-1	2.000000E+1	2.832000E-10	-1.853317E-10	5.991255E-12	-5.422903E-12	-5.246955E-12	-6.265211E-12	-7.096219E-12	-5.468700E-12	-5.053743E-12	-4.819171E-12	-6.719552E-12	-6.129436E-12	-5.437875E-12	-4.041463E-12	3.799886E-13	-8.582558E-12	-8.677905E-12	-7.531237E-12	-6.334630E-12	-3.399113E-12	-7.622133E-12	-5.704389E-12	-7.824609E-12	-6.236078E-12	-6.823811E-12	-6.042557E-12	-6.809540E-12	-6.782676E-12	-5.051764E-12	-6.964692E-12	-7.703818E-12	-6.653044E-12	-6.899392E-12	-8.357771E-12
0:00:53	0	1.001638E+1	2.545800E+1	2.557400E+1	6.214437E-1	8.329198E-1	3.000000E+1	3.267800E-10	-1.328596E-10	9.081460E-12	-3.278826E-12	-3.097480E-12	-4.429907E-12	-4.181718E-12	-3.519775E-12	-3.537022E-12	-9.510204E-13	-4.817263E-12	-4.866437E-12	-4.615406E-12	-6.883647E-12	-8.869734E-13	-7.761661E-12	-1.139987E-12	-5.189340E-12	-3.357334E-12	-6.230879E-12	-9.133632E-12	-5.140284E-12	-3.029234E-12	-4.661893E-12	-5.370472E-12	-5.098563E-12	-6.115745E-12	-6.029155E-12	-9.469565E-13	-5.571354E-12	-6.630188E-12	-5.575713E-12	-4.954730E-12	-4.938501E-12
0:01:07	0	1.012689E+1	2.545500E+1	2.557100E+1	6.247880E-1	8.367455E-1	4.000000E+1	1.071600E-9	-9.067404E-11	9.900803E-12	-2.395912E-12	-1.011870E-12	-2.531661E-12	-3.547609E-12	-1.760383E-12	-3.411377E-12	-3.044266E-12	-1.648116E-12	-3.349043E-12	-3.224995E-12	-5.620565E-12	6.329810E-13	-6.247385E-12	9.499896E-13	-2.911386E-12	-3.547353E-12	-4.783201E-12	-3.842390E-12	-5.203622E-12	-3.218499E-12	-3.905131E-12	-4.739062E-12	-4.405969E-12	-4.729151E-12	-3.705140E-12	-5.681739E-13	-3.609286E-12	-3.535901E-12	-2.851876E-12	-5.832997E-12	-2.975494E-12
0:01:20	0	9.954740E+0	2.546200E+1	2.557900E+1	6.233312E-1	8.355547E-1	5.000000E+1	1.111700E-9	-4.364860E-11	1.141405E-11	-5.046644E-13	1.267332E-13	-8.222403E-13	-1.774305E-12	-1.508333E-12	-1.579544E-12	-3.170402E-12	-6.334291E-13	-4.419499E-13	1.267640E-13	1.894124E-13	3.863884E-12	-4.290781E-12	-2.216976E-12	-2.152067E-12	6.330629E-13	-2.706572E-12	-1.953016E-12	-3.698352E-12	-3.470520E-12	-3.086714E-12	-3.412404E-12	-1.825387E-12	-2.647767E-12	-3.203454E-12	-3.787826E-13	-2.089008E-12	-4.609531E-12	-8.872727E-13	-2.697179E-12	-4.241854E-12
0:01:34	0	1.001471E+1	2.546400E+1	2.558000E+1	6.220898E-1	8.340346E-1	6.000000E+1	1.311700E-9	-3.060311E-12	1.311744E-11	1.702123E-12	1.770274E-12	6.963566E-13	2.407414E-12	0.000000E+0	-5.683966E-13	5.707124E-12	3.172149E-13	-8.848975E-13	1.267640E-13	2.020732E-12	4.813856E-12	-2.903027E-12	2.533972E-12	-2.974329E-12	-1.267126E-12	-2.014032E-12	-2.771414E-12	-3.134247E-12	-8.198158E-13	-2.456245E-12	-3.285723E-12	-1.636588E-12	-2.144094E-12	-2.135636E-12	1.262941E-12	-1.456308E-12	-3.031484E-12	-1.330409E-12	-2.633809E-12	-2.088943E-12
0:01:47	0	1.001646E+1	2.546400E+1	2.558100E+1	6.214311E-1	8.330085E-1	7.000000E+1	1.350900E-9	1.304992E-11	1.242354E-11	1.134748E-12	2.845011E-12	-2.527664E-13	1.584272E-12	9.427082E-13	1.200613E-12	-1.141225E-12	1.140773E-12	1.643096E-12	1.517175E-12	-6.378215E-12	4.306871E-12	-1.830082E-12	3.736959E-12	1.898295E-13	8.870882E-13	-7.551377E-13	2.515851E-13	-6.234846E-14	-5.677947E-13	-2.204654E-12	-1.580020E-12	-1.510391E-12	2.518365E-13	-1.570495E-12	2.336491E-12	-1.646218E-12	-1.010827E-12	-1.270390E-13	-1.818913E-12	-8.865514E-13
0:02:01	0	1.001547E+1	2.546500E+1	2.558100E+1	6.224065E-1	8.343386E-1	8.000000E+1	1.536500E-9	4.947099E-11	1.450425E-11	2.144077E-12	2.970747E-12	2.152012E-12	2.344403E-12	2.073958E-12	1.894655E-12	2.726926E-12	2.535718E-12	2.464145E-12	2.149997E-12	-5.682373E-13	5.447837E-12	-8.836598E-13	2.343974E-12	-7.593181E-13	2.787277E-12	-3.775688E-13	-3.778748E-13	-1.441932E-12	-5.677947E-13	-8.184169E-13	-8.209321E-13	-5.037949E-13	-2.518365E-13	-9.419006E-13	6.250910E-12	1.266398E-12	6.310192E-13	2.154662E-12	-1.881292E-12	8.225838E-13
0:02:14	0	1.001509E+1	2.547100E+1	2.558400E+1	6.220645E-1	8.339713E-1	9.000000E+1	1.537500E-9	8.776932E-11	1.677512E-11	3.026991E-12	5.183090E-12	3.290959E-12	1.710294E-12	1.257275E-12	2.273586E-12	2.282449E-12	4.564092E-12	2.969943E-12	2.402526E-12	6.378215E-12	8.551743E-12	3.785690E-13	3.293964E-12	-1.898295E-13	2.154214E-12	1.258894E-12	5.041646E-13	1.629967E-12	3.849050E-12	6.264916E-14	-2.523643E-13	1.447789E-12	4.409628E-13	-6.246288E-14	4.419795E-12	2.595767E-12	8.842244E-13	2.534779E-12	0.000000E+0	2.152911E-12
0:02:28	0	1.001676E+1	2.547200E+1	2.558700E+1	6.226978E-1	8.340093E-1	1.000000E+2	1.586200E-9	1.108521E-10	1.708971E-11	4.476284E-12	4.803888E-12	4.809556E-12	4.497773E-12	5.280158E-12	4.042596E-12	6.150600E-12	4.881307E-12	2.907093E-12	1.833586E-12	3.473226E-12	8.170755E-12	1.324992E-12	-3.799958E-13	1.645522E-12	2.217220E-12	2.454197E-12	1.575141E-12	2.695829E-12	2.145666E-12	2.456245E-12	2.021907E-12	1.321592E-12	1.450300E-12	1.382115E-12	6.945677E-12	3.165496E-12	1.704649E-12	1.457448E-12	-3.138788E-13	3.165398E-12
0:02:42	0	1.001646E+1	2.546800E+1	2.558300E+1	6.233059E-1	8.347440E-1	1.200000E+2	1.849400E-9	1.997379E-10	1.973889E-11	7.565985E-12	8.913238E-12	7.657924E-12	7.159230E-12	7.731199E-12	8.022369E-12	7.418961E-12	8.683882E-12	7.330583E-12	6.892167E-12	3.031596E-12	1.285861E-11	2.965789E-12	8.741904E-12	4.430022E-12	6.715668E-12	1.951435E-12	3.464516E-12	6.018111E-12	3.849050E-12	4.157717E-12	2.527633E-12	3.461975E-12	4.540025E-12	3.705140E-12	8.144823E-12	5.508384E-12	2.904882E-12	5.449675E-12	3.637825E-12	4.558693E-12
0:02:55	0	1.001479E+1	2.546500E+1	2.558000E+1	6.248894E-1	8.365555E-1	1.400000E+2	1.946800E-9	2.958748E-10	2.421590E-11	1.179043E-11	1.245279E-11	1.202489E-11	1.051681E-11	9.742641E-12	1.073871E-11	6.722213E-12	1.242442E-11	9.415628E-12	9.294693E-12	9.535421E-12	1.501255E-11	7.572376E-12	6.904924E-12	5.822771E-12	1.096009E-11	7.993530E-12	6.802741E-12	7.710426E-12	8.013874E-12	7.369730E-12	6.508605E-12	7.805342E-12	6.746830E-12	6.155073E-12	1.079730E-11	7.787301E-12	6.567385E-12	7.983453E-12	5.268609E-12	7.217348E-12
0:03:09	0	1.001501E+1	2.547000E+1	2.558200E+1	6.238126E-1	8.355674E-1	1.600000E+2	2.167400E-9	4.339998E-10	2.711695E-11	1.570034E-11	1.586660E-11	1.582138E-11	1.571270E-11	1.584047E-11	1.364351E-11	1.743871E-11	1.698751E-11	1.390297E-11	1.277222E-11	1.420892E-11	2.083937E-11	1.085397E-11	1.064188E-11	1.132883E-11	1.400039E-11	1.221038E-11	9.826734E-12	1.253798E-11	1.154715E-11	1.039379E-11	1.080478E-11	1.227391E-11	1.172782E-11	1.004859E-11	1.565967E-11	1.177641E-11	1.073530E-11	1.134249E-11	7.902418E-12	1.253566E-11
0:03:23	0	1.001669E+1	2.546800E+1	2.558200E+1	6.230399E-1	8.348327E-1	1.800000E+2	2.311300E-9	6.089723E-10	3.254074E-11	2.093312E-11	2.313530E-11	2.088470E-11	2.040050E-11	1.998938E-11	1.964458E-11	2.130686E-11	2.326376E-11	1.914751E-11	1.960050E-11	1.578703E-11	2.318330E-11	1.962581E-11	2.210676E-11	1.848040E-11	1.894188E-11	1.800109E-11	1.448752E-11	1.818002E-11	1.754187E-11	1.543258E-11	1.750291E-11	1.605088E-11	1.765543E-11	1.513585E-11	2.096263E-11	1.665209E-11	1.458721E-11	1.609495E-11	1.386116E-11	1.785397E-11
0:03:37	0	1.001577E+1	2.546500E+1	2.558300E+1	6.220898E-1	8.339206E-1	2.000000E+2	2.548300E-9	8.193105E-10	4.004524E-11	2.767990E-11	2.983619E-11	2.759250E-11	2.762275E-11	2.640079E-11	2.728802E-11	2.580869E-11	3.074283E-11	2.363484E-11	2.763055E-11	2.734318E-11	3.141806E-11	2.524258E-11	2.514772E-11	2.436612E-11	2.622761E-11	2.284689E-11	2.292905E-11	2.394775E-11	2.328357E-11	2.192124E-11	2.615911E-11	2.316363E-11	2.333021E-11	2.059986E-11	2.734013E-11	2.260326E-11	2.102799E-11	2.293805E-11	1.875352E-11	2.443863E-11
0:03:50	0	1.001471E+1	2.546200E+1	2.558000E+1	6.238126E-1	8.356434E-1	2.200000E+2	2.803700E-9	1.084244E-9	4.956773E-11	3.556142E-11	3.824350E-11	3.702279E-11	3.389482E-11	3.601840E-11	3.398413E-11	3.487742E-11	3.942671E-11	3.330387E-11	3.521743E-11	3.776286E-11	4.009580E-11	3.433023E-11	3.255864E-11	3.088427E-11	3.547653E-11	3.197313E-11	2.903869E-11	3.247365E-11	3.672436E-11	2.821997E-11	2.988672E-11	3.203917E-11	3.159005E-11	2.838789E-11	3.580193E-11	3.115120E-11	2.797419E-11	3.123860E-11	2.640542E-11	3.311225E-11
0:04:04	0	1.001539E+1	2.546500E+1	2.557800E+1	6.220265E-1	8.340093E-1	2.400000E+2	3.121000E-9	1.414934E-9	6.022515E-11	4.804664E-11	4.936808E-11	4.866703E-11	4.663001E-11	4.701831E-11	4.547970E-11	4.749596E-11	5.052022E-11	4.322530E-11	4.514394E-11	4.338342E-11	4.991450E-11	4.486840E-11	4.643149E-11	4.101017E-11	4.453543E-11	4.109936E-11	4.056586E-11	4.438419E-11	4.524228E-11	3.785800E-11	4.006009E-11	4.116610E-11	4.193028E-11	3.849895E-11	4.432554E-11	4.083760E-11	3.675164E-11	4.074352E-11	3.506135E-11	4.444551E-11
0:04:18	0	1.001516E+1	2.545800E+1	2.557600E+1	6.216971E-1	8.338319E-1	2.600000E+2	3.611400E-9	1.841892E-9	7.592806E-11	6.235940E-11	6.390747E-11	6.524871E-11	6.227870E-11	6.009318E-11	5.823971E-11	5.123798E-11	6.395833E-11	5.624337E-11	5.993939E-11	5.961308E-11	6.378609E-11	5.931977E-11	6.017734E-11	5.461795E-11	5.707967E-11	5.494620E-11	5.070782E-11	5.704785E-11	5.754749E-11	5.184268E-11	5.326582E-11	5.306242E-11	5.655870E-11	5.055825E-11	5.910105E-11	5.502087E-11	5.001201E-11	5.385955E-11	4.754224E-11	5.679126E-11
0:04:32	0	1.001638E+1	2.545900E+1	2.557100E+1	6.228119E-1	8.342373E-1	2.800000E+2	4.144400E-9	2.446547E-9	9.673916E-11	8.133857E-11	8.691604E-11	8.613241E-11	8.103192E-11	7.857324E-11	7.952666E-11	7.527077E-11	8.240382E-11	7.501177E-11	7.947602E-11	8.234656E-11	8.373949E-11	7.743131E-11	7.430318E-11	7.157872E-11	7.621158E-11	7.363884E-11	6.966719E-11	7.717156E-11	7.628770E-11	6.866150E-11	6.956776E-11	6.842071E-11	7.377217E-11	6.902248E-11	7.753779E-11	7.268547E-11	6.876714E-11	7.223520E-11	6.504222E-11	7.603852E-11
0:04:45	0	1.001516E+1	2.545700E+1	2.557000E+1	6.222291E-1	8.342880E-1	3.000000E+2	5.044100E-9	3.257302E-9	1.224693E-10	1.085775E-10	1.124533E-10	1.163205E-10	1.098589E-10	1.062938E-10	1.047306E-10	1.020945E-10	1.073787E-10	1.004164E-10	1.041980E-10	1.043224E-10	1.073028E-10	1.044412E-10	1.023009E-10	9.512158E-11	1.019321E-10	9.850075E-11	9.404509E-11	1.029363E-10	1.001391E-10	9.077168E-11	9.237730E-11	9.126934E-11	9.918278E-11	9.496044E-11	1.022902E-10	9.832829E-11	9.187859E-11	9.992571E-11	8.994261E-11	1.005411E-10
0:04:59	0	1.001539E+1	2.545400E+1	2.557000E+1	6.211650E-1	8.329958E-1	3.200000E+2	6.174200E-9	4.420819E-9	1.601182E-10	1.460939E-10	1.552482E-10	1.567602E-10	1.475554E-10	1.443862E-10	1.444625E-10	1.322159E-10	1.427497E-10	1.349843E-10	1.403008E-10	1.426535E-10	1.438517E-10	1.401592E-10	1.434744E-10	1.282219E-10	1.383588E-10	1.326141E-10	1.279971E-10	1.398605E-10	1.396396E-10	1.258582E-10	1.271298E-10	1.253227E-10	1.341781E-10	1.273053E-10	1.404277E-10	1.363162E-10	1.270512E-10	1.336991E-10	1.246267E-10	1.371986E-10
0:05:13	0	1.001471E+1	2.546000E+1	2.557100E+1	6.232679E-1	8.348200E-1	3.400000E+2	7.943400E-9	6.129258E-9	2.166857E-10	2.020220E-10	2.137820E-10	2.184012E-10	2.057794E-10	1.993877E-10	1.986596E-10	1.825659E-10	1.934590E-10	1.874985E-10	1.987859E-10	1.999298E-10	1.973131E-10	1.975224E-10	1.862320E-10	1.787255E-10	1.936012E-10	1.858602E-10	1.805307E-10	1.955921E-10	1.904981E-10	1.777009E-10	1.775517E-10	1.700760E-10	1.873952E-10	1.814428E-10	1.932140E-10	1.884245E-10	1.761790E-10	1.878747E-10	1.759959E-10	1.905716E-10
0:05:27	0	1.001676E+1	2.545900E+1	2.557200E+1	6.249020E-1	8.364161E-1	3.600000E+2	1.041400E-8	8.781714E-9	3.012532E-10	2.861348E-10	3.029742E-10	3.120017E-10	2.947306E-10	2.848755E-10	2.845662E-10	2.643046E-10	2.763072E-10	2.674396E-10	2.844583E-10	2.803185E-10	2.788356E-10	2.815169E-10	2.732030E-10	2.548611E-10	2.757044E-10	2.662973E-10	2.597104E-10	2.827305E-10	2.758088E-10	2.556215E-10	2.553967E-10	2.455458E-10	2.675360E-10	2.639681E-10	2.782029E-10	2.712402E-10	2.563752E-10	2.696149E-10	2.551498E-10	2.750308E-10
0:05:40	0	1.001676E+1	2.545900E+1	2.557500E+1	6.225332E-1	8.347060E-1	3.620000E+2	1.030300E-8	9.122443E-9	3.129838E-10	2.970433E-10	3.139731E-10	3.235830E-10	3.055645E-10	2.954983E-10	2.951773E-10	2.745776E-10	2.856255E-10	2.774248E-10	2.974841E-10	2.949052E-10	2.880204E-10	2.934448E-10	2.812479E-10	2.651139E-10	2.866005E-10	2.749834E-10	2.682136E-10	2.921342E-10	2.871039E-10	2.651333E-10	2.655690E-10	2.540438E-10	2.780026E-10	2.747078E-10	2.864115E-10	2.851695E-10	2.659741E-10	2.817816E-10	2.673802E-10	2.875665E-10
0:05:54	0	1.001653E+1	2.545800E+1	2.557200E+1	6.237113E-1	8.354027E-1	3.640000E+2	1.053300E-8	9.461560E-9	3.220016E-10	3.085819E-10	3.271843E-10	3.343421E-10	3.165254E-10	3.070649E-10	3.057894E-10	2.878308E-10	2.959575E-10	2.869043E-10	3.073467E-10	3.039990E-10	3.006260E-10	3.053079E-10	2.952468E-10	2.739110E-10	2.935062E-10	2.856825E-10	2.793629E-10	3.044218E-10	3.000396E-10	2.769759E-10	2.765005E-10	2.637371E-10	2.886594E-10	2.847574E-10	2.986611E-10	2.924511E-10	2.725405E-10	2.918557E-10	2.767886E-10	2.970007E-10
0:06:07	0	1.001684E+1	2.546100E+1	2.557400E+1	6.232806E-1	8.347693E-1	3.660000E+2	1.087600E-8	9.852104E-9	3.358119E-10	3.212552E-10	3.392579E-10	3.497838E-10	3.318570E-10	3.195731E-10	3.177915E-10	3.010210E-10	3.075573E-10	2.991003E-10	3.198025E-10	3.101878E-10	3.103167E-10	3.174879E-10	3.058886E-10	2.851759E-10	3.076966E-10	2.985228E-10	2.901343E-10	3.168341E-10	3.124066E-10	2.886923E-10	2.882529E-10	2.731154E-10	3.007655E-10	2.963130E-10	3.098372E-10	3.051770E-10	2.883907E-10	3.052258E-10	2.891447E-10	3.097263E-10
0:06:21	0	1.001494E+1	2.546300E+1	2.557700E+1	6.221405E-1	8.342753E-1	3.680000E+2	1.127100E-8	1.024837E-8	3.495606E-10	3.346224E-10	3.538591E-10	3.633273E-10	3.428809E-10	3.321449E-10	3.292243E-10	3.105332E-10	3.185868E-10	3.117393E-10	3.330169E-10	3.223750E-10	3.234923E-10	3.296041E-10	3.219155E-10	2.955546E-10	3.202398E-10	3.101658E-10	3.036781E-10	3.279301E-10	3.243333E-10	3.005350E-10	3.005110E-10	2.860193E-10	3.116104E-10	3.092508E-10	3.223390E-10	3.183468E-10	3.001987E-10	3.172655E-10	3.011246E-10	3.223889E-10
0:06:34	0	1.001729E+1	2.546500E+1	2.558000E+1	6.210510E-1	8.333632E-1	3.700000E+2	1.168100E-8	1.066873E-8	3.629926E-10	3.459091E-10	3.677659E-10	3.775032E-10	3.587206E-10	3.446541E-10	3.442578E-10	3.194738E-10	3.319619E-10	3.239992E-10	3.455366E-10	3.411936E-10	3.351479E-10	3.432356E-10	3.325563E-10	3.084660E-10	3.351273E-10	3.241389E-10	3.165278E-10	3.430383E-10	3.381516E-10	3.136376E-10	3.096101E-10	2.980419E-10	3.256087E-10	3.230679E-10	3.378093E-10	3.317694E-10	3.122598E-10	3.278467E-10	3.135431E-10	3.351784E-10
0:06:48	0	1.001516E+1	2.547100E+1	2.558600E+1	6.232172E-1	8.352254E-1	3.720000E+2	1.218100E-8	1.110702E-8	3.780643E-10	3.603483E-10	3.822414E-10	3.935783E-10	3.730381E-10	3.595519E-10	3.584079E-10	3.376733E-10	3.462876E-10	3.375230E-10	3.602053E-10	3.523709E-10	3.483226E-10	3.578125E-10	3.423752E-10	3.201745E-10	3.462774E-10	3.387408E-10	3.298817E-10	3.565797E-10	3.507716E-10	3.259845E-10	3.243948E-10	3.080502E-10	3.378412E-10	3.350003E-10	3.507537E-10	3.449392E-10	3.271630E-10	3.449550E-10	3.277182E-10	3.499929E-10
0:07:01	0	1.001623E+1	2.548000E+1	2.559000E+1	6.227232E-1	8.348707E-1	3.740000E+2	1.261100E-8	1.158837E-8	3.914346E-10	3.733372E-10	3.975392E-10	4.107914E-10	3.879276E-10	3.743861E-10	3.731882E-10	3.532100E-10	3.593454E-10	3.523109E-10	3.744947E-10	3.668959E-10	3.634621E-10	3.723904E-10	3.668260E-10	3.357425E-10	3.607849E-10	3.530279E-10	3.434872E-10	3.716245E-10	3.681870E-10	3.404097E-10	3.394968E-10	3.229047E-10	3.533525E-10	3.510156E-10	3.650866E-10	3.599440E-10	3.397286E-10	3.590223E-10	3.418932E-10	3.651252E-10
0:07:15	0	1.001570E+1	2.547500E+1	2.558800E+1	6.218238E-1	8.338826E-1	3.760000E+2	1.318000E-8	1.207136E-8	4.092182E-10	3.911179E-10	4.144795E-10	4.274990E-10	4.051596E-10	3.899745E-10	3.898642E-10	3.616440E-10	3.752562E-10	3.677931E-10	3.917556E-10	3.854613E-10	3.786006E-10	3.882305E-10	3.735409E-10	3.468186E-10	3.763694E-10	3.673785E-10	3.574089E-10	3.872977E-10	3.816278E-10	3.547713E-10	3.533340E-10	3.363750E-10	3.678545E-10	3.662149E-10	3.825764E-10	3.764062E-10	3.543158E-10	3.756874E-10	3.568832E-10	3.804465E-10
0:07:28	0	1.001501E+1	2.547900E+1	2.558900E+1	6.245347E-1	8.368215E-1	3.780000E+2	1.355400E-8	1.262229E-8	4.237225E-10	4.073229E-10	4.333797E-10	4.464854E-10	4.224556E-10	4.081410E-10	4.067934E-10	3.840921E-10	3.894548E-10	3.849823E-10	4.085732E-10	4.007429E-10	3.954501E-10	4.057732E-10	3.912767E-10	3.630830E-10	3.936011E-10	3.833019E-10	3.752983E-10	4.047880E-10	4.009995E-10	3.721569E-10	3.702683E-10	3.509781E-10	3.840586E-10	3.833605E-10	3.977945E-10	3.928684E-10	3.718707E-10	3.955836E-10	3.748218E-10	3.988072E-10
0:07:42	0	1.001691E+1	2.548000E+1	2.559300E+1	6.224825E-1	8.347567E-1	3.800000E+2	1.414600E-8	1.318691E-8	4.419481E-10	4.254819E-10	4.516483E-10	4.666738E-10	4.426661E-10	4.248617E-10	4.245434E-10	3.982964E-10	4.089150E-10	3.995167E-10	4.265937E-10	4.196881E-10	4.122996E-10	4.247056E-10	4.124975E-10	3.813735E-10	4.103888E-10	4.012394E-10	3.906042E-10	4.230303E-10	4.196132E-10	3.901104E-10	3.863807E-10	3.665252E-10	4.019032E-10	4.012596E-10	4.166100E-10	4.110398E-10	3.869623E-10	4.119316E-10	3.907524E-10	4.168521E-10
0:07:55	0	1.001463E+1	2.548400E+1	2.559400E+1	6.248134E-1	8.362895E-1	3.820000E+2	1.480600E-8	1.378804E-8	4.616233E-10	4.479290E-10	4.727608E-10	4.867353E-10	4.623064E-10	4.454167E-10	4.433034E-10	4.155449E-10	4.251420E-10	4.191701E-10	4.467631E-10	4.355380E-10	4.319990E-10	4.418707E-10	4.293463E-10	3.974491E-10	4.288236E-10	4.181078E-10	4.105093E-10	4.433421E-10	4.374709E-10	4.066140E-10	4.041360E-10	3.850304E-10	4.233412E-10	4.193480E-10	4.351743E-10	4.306035E-10	4.058431E-10	4.314476E-10	4.097574E-10	4.355926E-10
0:08:09	0	1.001630E+1	2.548500E+1	2.559500E+1	6.235973E-1	8.359601E-1	3.840000E+2	1.557600E-8	1.442412E-8	4.808584E-10	4.652050E-10	4.917249E-10	5.090127E-10	4.824539E-10	4.648395E-10	4.628852E-10	4.332369E-10	4.446022E-10	4.375604E-10	4.676283E-10	4.583352E-10	4.505585E-10	4.649047E-10	4.465761E-10	4.166249E-10	4.514399E-10	4.388781E-10	4.283360E-10	4.637162E-10	4.591138E-10	4.265195E-10	4.228389E-10	4.030329E-10	4.415013E-10	4.405755E-10	4.572105E-10	4.511177E-10	4.249770E-10	4.523580E-10	4.286366E-10	4.568648E-10
0:08:22	0	1.001593E+1	2.548400E+1	2.559800E+1	6.224192E-1	8.345033E-1	3.860000E+2	1.622900E-8	1.510732E-8	5.036865E-10	4.892916E-10	5.163770E-10	5.334411E-10	5.046287E-10	4.846403E-10	4.860678E-10	4.512462E-10	4.648859E-10	4.587939E-10	4.879874E-10	4.833427E-10	4.735518E-10	4.849090E-10	4.662759E-10	4.350423E-10	4.691156E-10	4.597735E-10	4.493747E-10	4.857826E-10	4.811363E-10	4.491965E-10	4.441951E-10	4.211606E-10	4.628765E-10	4.620548E-10	4.770368E-10	4.715050E-10	4.463838E-10	4.731414E-10	4.521568E-10	4.782650E-10
0:08:36	0	1.001532E+1	2.547700E+1	2.559100E+1	6.249020E-1	8.368469E-1	3.880000E+2	1.687900E-8	1.584484E-8	5.255699E-10	5.112967E-10	5.385015E-10	5.584390E-10	5.284498E-10	5.092807E-10	5.102606E-10	4.752159E-10	4.870719E-10	4.819858E-10	5.113179E-10	4.984349E-10	4.957221E-10	5.098358E-10	4.962385E-10	4.581416E-10	4.932520E-10	4.833129E-10	4.700992E-10	5.092286E-10	5.043561E-10	4.697951E-10	4.646675E-10	4.413034E-10	4.855119E-10	4.856697E-10	5.005263E-10	4.954377E-10	4.698113E-10	4.969667E-10	4.757402E-10	5.034003E-10
0:08:49	0	1.001714E+1	2.547700E+1	2.559000E+1	6.227739E-1	8.351367E-1	3.900000E+2	1.781200E-8	1.661830E-8	5.495339E-10	5.348159E-10	5.668198E-10	5.859056E-10	5.543622E-10	5.329784E-10	5.339477E-10	4.986791E-10	5.103987E-10	5.037880E-10	5.364192E-10	5.273571E-10	5.159285E-10	5.323647E-10	5.175853E-10	4.793435E-10	5.166924E-10	5.062860E-10	4.945387E-10	5.351200E-10	5.310474E-10	4.930390E-10	4.889304E-10	4.632707E-10	5.110490E-10	5.098498E-10	5.267301E-10	5.198781E-10	4.927333E-10	5.214252E-10	4.988841E-10	5.285985E-10
0:09:03	0	1.001494E+1	2.547600E+1	2.558700E+1	6.237999E-1	8.355041E-1	3.920000E+2	1.855200E-8	1.746791E-8	5.752640E-10	5.621812E-10	5.952650E-10	6.164724E-10	5.816689E-10	5.603219E-10	5.595306E-10	5.205566E-10	5.357539E-10	5.299508E-10	5.644919E-10	5.548897E-10	5.447497E-10	5.618990E-10	5.432390E-10	5.030762E-10	5.441861E-10	5.323432E-10	5.194208E-10	5.618259E-10	5.550253E-10	5.193069E-10	5.142047E-10	4.894561E-10	5.355766E-10	5.358502E-10	5.525551E-10	5.487493E-10	5.169812E-10	5.489247E-10	5.277986E-10	5.563935E-10
0:09:16	0	1.001767E+1	2.547500E+1	2.559100E+1	6.228372E-1	8.347693E-1	3.940000E+2	1.938000E-8	1.835300E-8	6.030112E-10	5.894202E-10	6.244695E-10	6.445714E-10	6.101158E-10	5.879800E-10	5.876393E-10	5.543558E-10	5.602845E-10	5.566823E-10	5.944611E-10	5.792651E-10	5.718598E-10	5.894130E-10	5.656638E-10	5.276951E-10	5.737710E-10	5.596584E-10	5.482705E-10	5.907883E-10	5.841143E-10	5.472753E-10	5.401115E-10	5.140665E-10	5.644552E-10	5.653059E-10	5.826105E-10	5.768610E-10	5.438190E-10	5.775025E-10	5.543297E-10	5.831739E-10
0:09:30	0	9.936727E+0	2.547500E+1	2.559000E+1	6.218111E-1	8.343640E-1	3.960000E+2	2.036600E-8	1.934398E-8	6.346698E-10	6.193696E-10	6.593620E-10	6.821007E-10	6.423634E-10	6.175235E-10	6.190337E-10	5.807992E-10	5.899506E-10	5.854989E-10	6.237985E-10	6.093239E-10	6.003010E-10	6.207765E-10	6.055063E-10	5.557949E-10	6.027859E-10	5.889259E-10	5.768677E-10	6.231362E-10	6.186930E-10	5.768815E-10	5.696191E-10	5.413847E-10	5.932711E-10	5.938822E-10	6.135501E-10	6.087718E-10	5.748236E-10	6.108317E-10	5.856275E-10	6.187559E-10
0:09:43	0	1.001585E+1	2.547900E+1	2.559000E+1	6.219378E-1	8.337939E-1	3.980000E+2	2.130100E-8	2.037475E-8	6.669577E-10	6.520314E-10	6.900195E-10	7.144399E-10	6.758791E-10	6.490159E-10	6.504271E-10	6.054667E-10	6.215811E-10	6.179178E-10	6.578151E-10	6.435507E-10	6.338100E-10	6.535924E-10	6.290071E-10	5.870598E-10	6.377564E-10	6.215916E-10	6.108197E-10	6.561740E-10	6.522626E-10	6.100159E-10	6.010859E-10	5.704647E-10	6.259322E-10	6.282368E-10	6.462579E-10	6.422020E-10	6.071551E-10	6.442250E-10	6.193710E-10	6.526288E-10
0:09:57	0	1.001676E+1	2.548000E+1	2.559100E+1	6.214437E-1	8.335786E-1	4.000000E+2	2.255600E-8	2.155458E-8	7.032825E-10	6.889177E-10	7.282630E-10	7.551962E-10	7.134486E-10	6.868562E-10	6.867477E-10	6.444014E-10	6.563176E-10	6.518532E-10	6.966369E-10	6.852294E-10	6.677610E-10	6.901941E-10	6.671407E-10	6.181979E-10	6.705717E-10	6.575928E-10	6.439524E-10	6.953545E-10	6.891125E-10	6.473071E-10	6.376069E-10	6.025039E-10	6.644582E-10	6.672384E-10	6.857839E-10	6.799370E-10	6.427693E-10	6.842083E-10	6.551848E-10	6.905526E-10
0:10:10	0	1.001456E+1	2.547800E+1	2.559100E+1	6.204683E-1	8.323118E-1	4.020000E+2	2.371900E-8	2.278215E-8	7.399220E-10	7.263714E-10	7.703624E-10	7.975351E-10	7.545666E-10	7.250120E-10	7.267329E-10	6.770595E-10	6.931455E-10	6.887595E-10	7.331818E-10	7.213504E-10	7.055138E-10	7.301401E-10	7.063502E-10	6.528797E-10	7.093425E-10	6.955454E-10	6.814326E-10	7.345984E-10	7.317051E-10	6.845356E-10	6.736860E-10	6.395780E-10	7.007774E-10	7.062400E-10	7.255002E-10	7.196991E-10	6.793316E-10	7.227331E-10	6.942603E-10	7.343024E-10
0:10:24	0	1.001707E+1	2.548000E+1	2.559000E+1	6.224952E-1	8.343386E-1	4.040000E+2	2.511300E-8	2.415180E-8	7.814805E-10	7.660945E-10	8.141682E-10	8.456326E-10	7.977751E-10	7.663721E-10	7.674121E-10	7.170734E-10	7.332067E-10	7.295197E-10	7.768715E-10	7.610712E-10	7.481436E-10	7.716641E-10	7.485378E-10	6.931306E-10	7.542590E-10	7.399177E-10	7.221874E-10	7.771023E-10	7.758117E-10	7.271808E-10	7.150089E-10	6.769045E-10	7.451036E-10	7.498262E-10	7.705205E-10	7.652225E-10	7.237870E-10	7.694334E-10	7.407371E-10	7.806470E-10
0:10:37	0	1.001456E+1	2.547800E+1	2.558900E+1	6.204430E-1	8.324511E-1	4.060000E+2	2.675500E-8	2.564612E-8	8.266339E-10	8.135101E-10	8.629046E-10	8.981601E-10	8.458623E-10	8.123852E-10	8.148503E-10	7.587351E-10	7.774516E-10	7.729345E-10	8.269472E-10	8.123481E-10	7.925472E-10	8.197513E-10	7.912953E-10	7.359131E-10	7.992384E-10	7.841648E-10	7.679182E-10	8.254985E-10	8.251561E-10	7.744252E-10	7.598709E-10	7.202100E-10	7.928351E-10	7.976213E-10	8.195191E-10	8.120753E-10	7.692523E-10	8.182234E-10	7.872763E-10	8.306007E-10
0:10:51	0	1.001661E+1	2.548100E+1	2.559000E+1	6.221911E-1	8.337179E-1	4.080000E+2	2.833900E-8	2.722282E-8	8.758233E-10	8.609266E-10	9.132835E-10	9.485995E-10	8.954698E-10	8.592775E-10	8.624779E-10	8.083243E-10	8.218227E-10	8.193193E-10	8.755058E-10	8.624886E-10	8.435377E-10	8.716243E-10	8.367768E-10	7.771132E-10	8.479553E-10	8.349567E-10	8.173025E-10	8.733307E-10	8.772757E-10	8.236217E-10	8.071338E-10	7.656559E-10	8.432153E-10	8.497490E-10	8.713585E-10	8.640566E-10	8.195803E-10	8.704355E-10	8.398990E-10	8.849232E-10
0:11:04	0	1.001707E+1	2.547500E+1	2.558700E+1	6.222165E-1	8.342120E-1	4.100000E+2	3.013500E-8	2.902790E-8	9.315715E-10	9.154045E-10	9.705540E-10	1.012835E-9	9.545180E-10	9.153478E-10	9.168645E-10	8.557572E-10	8.753219E-10	8.751836E-10	9.346866E-10	9.115554E-10	8.954791E-10	9.269053E-10	9.010071E-10	8.285669E-10	9.031978E-10	8.878253E-10	8.666241E-10	9.361463E-10	9.382937E-10	8.841567E-10	8.639377E-10	8.176481E-10	9.008461E-10	9.068381E-10	9.300807E-10	9.216102E-10	8.760959E-10	9.313292E-10	8.983548E-10	9.433607E-10
0:11:18	0	1.001532E+1	2.547600E+1	2.558500E+1	6.206710E-1	8.326918E-1	4.107868E+2	3.071800E-8	2.974019E-8	9.471479E-10	9.377252E-10	9.953328E-10	1.035745E-9	9.740313E-10	9.364049E-10	9.399833E-10	8.707864E-10	8.970006E-10	8.938891E-10	9.587129E-10	9.421195E-10	9.174595E-10	9.497499E-10	9.197569E-10	8.501476E-10	9.254970E-10	9.108620E-10	8.943402E-10	9.578990E-10	9.595581E-10	9.068347E-10	8.835882E-10	8.378526E-10	9.221576E-10	9.325887E-10	9.523691E-10	9.461126E-10	8.963035E-10	9.562308E-10	9.230670E-10	9.689397E-10
0:11:31	0	1.001927E+1	2.546700E+1	2.558000E+1	6.227865E-1	8.345413E-1	4.115735E+2	3.154000E-8	3.050282E-8	9.725625E-10	9.619999E-10	1.017836E-9	1.062009E-9	9.994367E-10	9.591599E-10	9.636705E-10	8.955169E-10	9.179818E-10	9.168286E-10	9.780609E-10	9.638422E-10	9.395028E-10	9.737931E-10	9.426246E-10	8.724885E-10	9.515346E-10	9.351565E-10	9.198518E-10	9.791509E-10	9.828416E-10	9.280628E-10	9.064616E-10	8.628416E-10	9.472537E-10	9.560142E-10	9.807838E-10	9.714386E-10	9.217516E-10	9.802462E-10	9.467129E-10	9.954043E-10
0:11:45	0	1.001623E+1	2.546900E+1	2.558000E+1	6.220265E-1	8.339079E-1	4.123603E+2	3.235500E-8	3.137061E-8	1.002202E-9	9.855817E-10	1.045396E-9	1.090804E-9	1.028391E-9	9.850576E-10	9.875471E-10	9.234188E-10	9.434641E-10	9.407159E-10	1.005754E-9	9.880291E-10	9.657900E-10	9.997938E-10	9.666314E-10	8.967917E-10	9.784583E-10	9.604576E-10	9.458038E-10	1.009869E-9	1.014897E-9	9.576054E-10	9.355274E-10	8.851874E-10	9.731680E-10	9.845280E-10	1.006419E-9	1.001069E-9	9.499152E-10	1.010851E-9	9.761294E-10	1.025351E-9
0:11:58	0	1.001691E+1	2.546700E+1	2.558000E+1	6.213677E-1	8.332492E-1	4.131471E+2	3.306800E-8	3.221353E-8	1.025284E-9	1.011939E-9	1.071883E-9	1.117005E-9	1.054809E-9	1.008755E-9	1.013952E-9	9.421890E-10	9.681218E-10	9.661205E-10	1.034142E-9	1.016319E-9	9.920142E-10	1.027434E-9	9.930461E-10	9.203975E-10	1.004433E-9	9.890326E-10	9.715669E-10	1.037014E-9	1.041967E-9	9.860153E-10	9.599170E-10	9.124420E-10	9.996506E-10	1.012790E-9	1.036854E-9	1.026775E-9	9.751101E-10	1.039746E-9	1.003915E-9	1.052892E-9
0:12:12	0	1.001630E+1	2.546700E+1	2.558200E+1	6.225332E-1	8.345793E-1	4.139338E+2	3.402700E-8	3.296582E-8	1.045401E-9	1.034700E-9	1.097799E-9	1.146370E-9	1.080532E-9	1.033207E-9	1.041744E-9	9.652077E-10	9.882795E-10	9.874807E-10	1.055640E-9	1.039811E-9	1.013804E-9	1.051036E-9	1.012176E-9	9.432450E-10	1.028886E-9	1.011124E-9	9.924803E-10	1.060523E-9	1.066008E-9	1.009512E-9	9.824113E-10	9.292481E-10	1.024683E-9	1.035965E-9	1.058700E-9	1.052862E-9	1.000306E-9	1.065534E-9	1.029380E-9	1.081763E-9
0:12:25	0	1.001615E+1	2.547300E+1	2.558400E+1	6.211270E-1	8.331985E-1	4.147206E+2	3.485700E-8	3.396155E-8	1.074788E-9	1.066668E-9	1.127888E-9	1.176621E-9	1.106698E-9	1.061305E-9	1.069601E-9	9.979288E-10	1.016359E-9	1.015412E-9	1.086811E-9	1.067975E-9	1.042055E-9	1.082462E-9	1.048535E-9	9.703956E-10	1.058534E-9	1.041336E-9	1.024982E-9	1.095127E-9	1.100838E-9	1.042205E-9	1.012929E-9	9.607199E-10	1.057661E-9	1.069692E-9	1.092292E-9	1.086038E-9	1.031816E-9	1.099561E-9	1.060614E-9	1.115698E-9
0:12:39	0	1.001684E+1	2.547200E+1	2.558000E+1	6.222925E-1	8.340853E-1	4.155074E+2	3.582500E-8	3.490155E-8	1.101528E-9	1.091763E-9	1.156018E-9	1.208833E-9	1.137869E-9	1.089528E-9	1.098216E-9	1.021582E-9	1.043237E-9	1.044924E-9	1.118487E-9	1.097782E-9	1.072903E-9	1.113322E-9	1.076597E-9	9.976721E-10	1.087549E-9	1.070980E-9	1.052762E-9	1.124403E-9	1.131063E-9	1.070740E-9	1.041932E-9	9.868427E-10	1.091016E-9	1.100529E-9	1.124179E-9	1.116556E-9	1.061747E-9	1.130166E-9	1.094421E-9	1.146405E-9
0:12:52	0	1.001509E+1	2.546700E+1	2.557700E+1	6.217351E-1	8.336799E-1	4.162941E+2	3.687900E-8	3.585540E-8	1.131104E-9	1.120326E-9	1.188192E-9	1.240286E-9	1.167330E-9	1.119387E-9	1.126514E-9	1.048722E-9	1.069669E-9	1.072414E-9	1.145486E-9	1.129861E-9	1.101661E-9	1.143044E-9	1.097438E-9	1.023114E-9	1.119668E-9	1.100435E-9	1.082619E-9	1.157629E-9	1.161667E-9	1.102110E-9	1.073083E-9	1.016363E-9	1.121155E-9	1.130800E-9	1.158086E-9	1.149036E-9	1.090984E-9	1.163305E-9	1.125531E-9	1.178378E-9
0:13:06	0	1.002695E+1	2.546000E+1	2.557300E+1	6.234959E-1	8.351367E-1	4.170809E+2	3.798800E-8	3.700530E-8	1.166041E-9	1.154627E-9	1.222896E-9	1.277246E-9	1.201668E-9	1.151194E-9	1.160877E-9	1.086009E-9	1.102821E-9	1.105339E-9	1.181399E-9	1.162698E-9	1.135232E-9	1.179457E-9	1.137977E-9	1.052480E-9	1.150393E-9	1.135556E-9	1.117265E-9	1.196497E-9	1.202366E-9	1.137386E-9	1.106318E-9	1.047647E-9	1.154447E-9	1.168860E-9	1.207653E-9	1.186709E-9	1.128367E-9	1.204366E-9	1.163666E-9	1.219848E-9
0:13:19	0	9.909440E+0	2.545800E+1	2.556800E+1	6.183275E-1	8.302089E-1	4.178676E+2	3.906100E-8	3.803145E-8	1.196123E-9	1.185334E-9	1.257030E-9	1.314079E-9	1.235057E-9	1.185199E-9	1.193850E-9	1.106111E-9	1.134261E-9	1.134977E-9	1.214593E-9	1.191306E-9	1.165510E-9	1.210884E-9	1.171233E-9	1.083681E-9	1.185934E-9	1.170110E-9	1.148886E-9	1.228343E-9	1.235683E-9	1.172472E-9	1.138606E-9	1.078992E-9	1.191523E-9	1.204659E-9	1.220533E-9	1.220962E-9	1.159120E-9	1.238773E-9	1.199730E-9	1.257900E-9
0:13:33	0	1.001646E+1	2.545400E+1	2.556400E+1	6.156672E-1	8.270927E-1	4.186544E+2	4.034100E-8	3.934240E-8	1.231122E-9	1.223482E-9	1.295589E-9	1.356164E-9	1.275858E-9	1.220589E-9	1.229413E-9	1.139657E-9	1.171407E-9	1.171441E-9	1.255248E-9	1.232163E-9	1.202376E-9	1.250010E-9	1.207593E-9	1.118615E-9	1.229392E-9	1.212090E-9	1.190145E-9	1.275737E-9	1.278338E-9	1.215937E-9	1.179361E-9	1.120914E-9	1.230931E-9	1.247806E-9	1.272815E-9	1.269145E-9	1.203259E-9	1.287500E-9	1.245830E-9	1.302471E-9
0:13:46	0	1.001585E+1	2.545200E+1	2.556300E+1	6.158192E-1	8.272700E-1	4.194412E+2	4.143300E-8	4.047878E-8	1.267888E-9	1.257088E-9	1.331556E-9	1.393946E-9	1.307156E-9	1.255915E-9	1.266934E-9	1.178846E-9	1.202212E-9	1.207082E-9	1.291983E-9	1.270937E-9	1.237215E-9	1.286107E-9	1.242052E-9	1.151336E-9	1.263096E-9	1.244378E-9	1.222395E-9	1.308585E-9	1.317019E-9	1.251842E-9	1.209690E-9	1.152134E-9	1.272169E-9	1.286744E-9	1.312594E-9	1.304284E-9	1.238432E-9	1.323871E-9	1.282647E-9	1.340649E-9
0:14:00	0	1.001403E+1	2.545500E+1	2.556400E+1	6.158192E-1	8.270420E-1	4.202279E+2	4.272600E-8	4.174936E-8	1.306042E-9	1.295740E-9	1.373466E-9	1.435714E-9	1.348020E-9	1.294008E-9	1.305402E-9	1.211693E-9	1.238661E-9	1.240828E-9	1.328528E-9	1.307815E-9	1.276931E-9	1.325485E-9	1.278982E-9	1.186271E-9	1.300662E-9	1.286611E-9	1.267119E-9	1.348958E-9	1.361062E-9	1.291275E-9	1.252088E-9	1.185935E-9	1.308929E-9	1.329012E-9	1.353005E-9	1.347148E-9	1.282067E-9	1.368035E-9	1.326365E-9	1.387500E-9
0:14:13	0	1.001752E+1	2.545900E+1	2.556600E+1	6.164906E-1	8.272573E-1	4.210147E+2	4.417000E-8	4.320419E-8	1.346655E-9	1.337292E-9	1.414047E-9	1.481344E-9	1.393572E-9	1.334929E-9	1.347345E-9	1.252595E-9	1.282399E-9	1.285001E-9	1.373420E-9	1.350883E-9	1.319053E-9	1.373320E-9	1.325096E-9	1.226648E-9	1.348746E-9	1.329221E-9	1.306488E-9	1.396163E-9	1.414823E-9	1.338771E-9	1.297265E-9	1.230437E-9	1.359119E-9	1.375300E-9	1.404086E-9	1.397294E-9	1.329742E-9	1.420692E-9	1.373405E-9	1.439037E-9
0:14:27	0	1.001585E+1	2.545600E+1	2.556900E+1	6.187202E-1	8.302849E-1	4.218015E+2	4.548400E-8	4.445845E-8	1.383610E-9	1.373863E-9	1.455199E-9	1.521404E-9	1.432410E-9	1.370130E-9	1.384486E-9	1.285443E-9	1.314282E-9	1.320706E-9	1.411988E-9	1.387952E-9	1.356426E-9	1.409101E-9	1.361013E-9	1.260571E-9	1.387644E-9	1.368369E-9	1.346802E-9	1.439733E-9	1.450664E-9	1.382173E-9	1.337452E-9	1.269336E-9	1.403320E-9	1.420958E-9	1.447213E-9	1.440475E-9	1.369651E-9	1.462893E-9	1.418941E-9	1.484242E-9
0:14:40	0	1.001699E+1	2.546500E+1	2.557300E+1	6.166426E-1	8.283088E-1	4.225882E+2	4.700100E-8	4.595358E-8	1.429268E-9	1.417432E-9	1.499005E-9	1.576274E-9	1.480243E-9	1.414760E-9	1.427630E-9	1.321208E-9	1.357893E-9	1.363046E-9	1.457575E-9	1.441754E-9	1.398739E-9	1.456557E-9	1.406747E-9	1.304682E-9	1.431292E-9	1.412679E-9	1.397068E-9	1.486249E-9	1.499440E-9	1.431054E-9	1.381492E-9	1.312013E-9	1.448844E-9	1.466806E-9	1.499115E-9	1.489543E-9	1.420041E-9	1.515295E-9	1.469055E-9	1.540780E-9
0:14:54	0	1.001646E+1	2.547100E+1	2.558000E+1	6.182388E-1	8.297656E-1	4.233750E+2	4.868900E-8	4.764647E-8	1.474862E-9	1.466992E-9	1.550901E-9	1.628106E-9	1.530865E-9	1.463160E-9	1.477784E-9	1.371367E-9	1.407019E-9	1.412022E-9	1.508853E-9	1.491578E-9	1.450426E-9	1.509377E-9	1.454952E-9	1.349617E-9	1.485141E-9	1.466177E-9	1.447020E-9	1.541917E-9	1.559322E-9	1.486424E-9	1.434947E-9	1.360039E-9	1.506161E-9	1.523456E-9	1.556259E-9	1.546590E-9	1.477189E-9	1.576758E-9	1.531086E-9	1.600104E-9
0:15:07	0	1.001441E+1	2.547500E+1	2.558400E+1	6.197843E-1	8.311970E-1	4.241618E+2	5.036300E-8	4.926846E-8	1.519764E-9	1.507472E-9	1.604315E-9	1.682152E-9	1.577368E-9	1.507979E-9	1.526296E-9	1.418927E-9	1.452658E-9	1.456385E-9	1.558802E-9	1.533067E-9	1.497871E-9	1.560808E-9	1.508224E-9	1.396830E-9	1.530564E-9	1.515208E-9	1.496279E-9	1.594765E-9	1.616300E-9	1.540031E-9	1.487265E-9	1.412158E-9	1.562782E-9	1.583121E-9	1.610371E-9	1.601737E-9	1.527896E-9	1.634166E-9	1.587096E-9	1.659809E-9
0:15:21	0	1.001760E+1	2.547600E+1	2.558600E+1	6.181628E-1	8.298162E-1	4.249485E+2	5.216300E-8	5.115416E-8	1.572863E-9	1.562076E-9	1.659878E-9	1.741894E-9	1.634578E-9	1.563546E-9	1.580430E-9	1.463569E-9	1.504636E-9	1.509152E-9	1.617224E-9	1.593312E-9	1.554309E-9	1.615648E-9	1.563967E-9	1.448536E-9	1.595689E-9	1.578462E-9	1.553663E-9	1.656013E-9	1.675867E-9	1.604786E-9	1.543373E-9	1.468681E-9	1.623251E-9	1.646302E-9	1.672188E-9	1.670498E-9	1.590727E-9	1.703740E-9	1.654459E-9	1.730846E-9
0:15:34	0	1.001448E+1	2.547500E+1	2.558600E+1	6.190749E-1	8.305383E-1	4.257353E+2	5.381900E-8	5.281530E-8	1.621485E-9	1.610816E-9	1.704379E-9	1.796510E-9	1.684185E-9	1.610124E-9	1.628436E-9	1.507705E-9	1.547613E-9	1.558444E-9	1.668311E-9	1.649704E-9	1.601943E-9	1.664114E-9	1.608688E-9	1.492585E-9	1.648840E-9	1.629506E-9	1.609472E-9	1.710301E-9	1.731773E-9	1.662362E-9	1.595250E-9	1.514253E-9	1.681575E-9	1.700000E-9	1.733435E-9	1.725771E-9	1.650906E-9	1.764316E-9	1.714608E-9	1.787890E-9
0:15:48	0	1.001630E+1	2.548300E+1	2.559100E+1	6.190369E-1	8.307283E-1	4.265221E+2	5.573800E-8	5.476940E-8	1.674205E-9	1.668257E-9	1.763862E-9	1.856190E-9	1.742663E-9	1.668331E-9	1.681938E-9	1.564269E-9	1.602824E-9	1.612540E-9	1.727744E-9	1.702433E-9	1.660535E-9	1.730249E-9	1.665001E-9	1.544924E-9	1.704526E-9	1.690683E-9	1.665849E-9	1.772427E-9	1.802130E-9	1.725354E-9	1.660077E-9	1.574869E-9	1.749105E-9	1.769400E-9	1.801439E-9	1.794595E-9	1.716009E-9	1.832179E-9	1.785045E-9	1.859751E-9
0:16:01	0	1.001623E+1	2.548800E+1	2.559500E+1	6.178841E-1	8.295122E-1	4.273088E+2	5.782100E-8	5.683489E-8	1.734241E-9	1.725384E-9	1.824735E-9	1.922956E-9	1.800316E-9	1.718430E-9	1.744410E-9	1.619502E-9	1.663359E-9	1.670995E-9	1.783701E-9	1.767476E-9	1.718937E-9	1.787613E-9	1.736327E-9	1.602326E-9	1.768321E-9	1.753811E-9	1.732430E-9	1.844771E-9	1.875641E-9	1.792629E-9	1.722884E-9	1.637373E-9	1.818968E-9	1.840809E-9	1.869127E-9	1.866963E-9	1.784019E-9	1.907709E-9	1.856483E-9	1.942247E-9
0:16:15	0	1.001555E+1	2.548600E+1	2.559600E+1	6.196829E-1	8.310577E-1	4.280956E+2	6.018200E-8	5.923818E-8	1.801467E-9	1.788436E-9	1.895090E-9	1.997065E-9	1.874570E-9	1.792728E-9	1.810356E-9	1.678603E-9	1.724655E-9	1.738865E-9	1.859067E-9	1.837256E-9	1.792225E-9	1.861952E-9	1.802204E-9	1.668399E-9	1.849917E-9	1.829905E-9	1.809027E-9	1.922695E-9	1.952938E-9	1.876534E-9	1.803003E-9	1.709318E-9	1.900056E-9	1.921136E-9	1.954306E-9	1.951551E-9	1.861310E-9	1.998701E-9	1.946740E-9	2.028100E-9
0:16:28	0	1.001600E+1	2.548500E+1	2.559500E+1	6.184795E-1	8.302976E-1	4.288824E+2	6.261400E-8	6.161679E-8	1.863521E-9	1.858867E-9	1.970311E-9	2.070604E-9	1.944451E-9	1.856718E-9	1.878260E-9	1.742205E-9	1.792543E-9	1.800101E-9	1.931399E-9	1.908993E-9	1.859876E-9	1.936669E-9	1.868462E-9	1.732636E-9	1.921250E-9	1.907069E-9	1.882663E-9	1.995791E-9	2.038628E-9	1.956787E-9	1.878258E-9	1.781515E-9	1.980070E-9	2.003033E-9	2.038411E-9	2.035380E-9	1.946622E-9	2.085700E-9	2.030158E-9	2.119841E-9
0:16:42	0	1.001471E+1	2.548000E+1	2.559400E+1	6.184415E-1	8.298162E-1	4.296691E+2	6.547000E-8	6.440445E-8	1.943044E-9	1.932323E-9	2.045091E-9	2.156992E-9	2.022568E-9	1.935857E-9	1.955703E-9	1.820267E-9	1.869432E-9	1.878526E-9	2.012330E-9	1.991340E-9	1.938231E-9	2.019655E-9	1.947200E-9	1.813012E-9	2.009435E-9	1.990276E-9	1.971479E-9	2.089201E-9	2.132712E-9	2.052409E-9	1.968550E-9	1.864414E-9	2.081020E-9	2.098750E-9	2.139187E-9	2.133963E-9	2.043551E-9	2.192091E-9	2.129698E-9	2.226144E-9
0:16:55	0	1.001745E+1	2.548300E+1	2.559300E+1	6.195309E-1	8.309057E-1	4.304559E+2	6.807500E-8	6.713510E-8	2.012918E-9	2.005718E-9	2.126068E-9	2.242935E-9	2.100308E-9	2.007328E-9	2.031566E-9	1.889260E-9	1.946576E-9	1.951579E-9	2.099901E-9	2.068507E-9	2.015890E-9	2.104976E-9	2.030941E-9	1.884780E-9	2.091855E-9	2.077132E-9	2.057966E-9	2.181793E-9	2.232599E-9	2.143308E-9	2.057326E-9	1.953165E-9	2.176674E-9	2.190885E-9	2.237246E-9	2.230835E-9	2.130696E-9	2.293157E-9	2.231809E-9	2.329407E-9
0:17:09	0	1.001555E+1	2.548400E+1	2.559200E+1	6.182261E-1	8.299176E-1	4.312427E+2	7.079800E-8	6.980421E-8	2.086325E-9	2.076841E-9	2.208495E-9	2.328751E-9	2.177412E-9	2.082823E-9	2.099535E-9	1.958127E-9	2.018267E-9	2.029246E-9	2.173624E-9	2.148582E-9	2.092471E-9	2.178937E-9	2.113797E-9	1.953132E-9	2.177064E-9	2.164431E-9	2.140296E-9	2.273195E-9	2.318604E-9	2.233954E-9	2.137448E-9	2.030964E-9	2.270813E-9	2.287792E-9	2.328486E-9	2.325680E-9	2.227373E-9	2.396695E-9	2.329466E-9	2.435583E-9
0:17:22	0	1.001547E+1	2.548600E+1	2.559500E+1	6.193029E-1	8.306143E-1	4.320294E+2	7.430300E-8	7.324244E-8	2.177831E-9	2.173062E-9	2.297750E-9	2.421276E-9	2.274030E-9	2.169945E-9	2.192706E-9	2.046714E-9	2.109484E-9	2.121195E-9	2.273397E-9	2.253094E-9	2.193695E-9	2.281105E-9	2.210713E-9	2.052241E-9	2.284318E-9	2.269981E-9	2.248703E-9	2.387666E-9	2.436536E-9	2.358237E-9	2.252382E-9	2.135453E-9	2.392316E-9	2.409131E-9	2.453002E-9	2.454779E-9	2.350067E-9	2.528682E-9	2.461682E-9	2.571262E-9
0:17:36	0	1.001600E+1	2.548000E+1	2.559100E+1	6.187962E-1	8.300949E-1	4.328162E+2	7.765200E-8	7.663527E-8	2.267886E-9	2.260327E-9	2.395287E-9	2.526204E-9	2.367986E-9	2.263038E-9	2.286130E-9	2.132704E-9	2.195375E-9	2.216240E-9	2.373042E-9	2.349586E-9	2.286492E-9	2.384159E-9	2.307630E-9	2.140909E-9	2.389735E-9	2.376097E-9	2.354087E-9	2.496558E-9	2.565261E-9	2.476977E-9	2.361504E-9	2.238683E-9	2.516721E-9	2.528712E-9	2.577834E-9	2.580522E-9	2.468593E-9	2.658642E-9	2.587940E-9	2.704409E-9
0:17:49	0	1.001615E+1	2.547300E+1	2.558600E+1	6.181881E-1	8.295375E-1	4.336029E+2	8.128300E-8	8.036399E-8	2.362544E-9	2.360140E-9	2.501166E-9	2.636513E-9	2.472460E-9	2.366064E-9	2.385365E-9	2.227760E-9	2.299458E-9	2.313244E-9	2.477115E-9	2.453024E-9	2.393099E-9	2.493269E-9	2.420825E-9	2.236790E-9	2.508137E-9	2.495997E-9	2.478871E-9	2.616735E-9	2.690892E-9	2.606741E-9	2.480166E-9	2.354059E-9	2.646927E-9	2.656645E-9	2.714031E-9	2.713040E-9	2.605433E-9	2.807929E-9	2.734769E-9	2.854776E-9
0:18:13	1	1.001532E+1	2.546400E+1	2.557600E+1	6.188595E-1	8.302469E-1	0.000000E+0	-3.425500E-9	3.111141E-9	1.004595E-10	8.430185E-11	8.748484E-11	8.663895E-11	8.673390E-11	8.693357E-11	8.874964E-11	9.004662E-11	8.512967E-11	8.354350E-11	8.383889E-11	8.177832E-11	8.823635E-11	8.178585E-11	8.633805E-11	8.316032E-11	4.236921E-10	6.847807E-11	8.371419E-11	8.544609E-11	8.878117E-11	8.888226E-11	8.789160E-11	8.604458E-11	8.777050E-11	8.805184E-11	8.764132E-11	9.060296E-11	8.827889E-11	8.902736E-11	9.038125E-11	9.129680E-11
0:18:27	1	1.001623E+1	2.546000E+1	2.556800E+1	6.195816E-1	8.307790E-1	0.000000E+0	1.996000E-9	2.826111E-9	1.019738E-10	8.663505E-11	9.051946E-11	8.853719E-11	8.863423E-11	9.051685E-11	9.083376E-11	8.953908E-11	8.684083E-11	8.840894E-11	8.794924E-11	8.026203E-11	9.279722E-11	8.449959E-11	9.013901E-11	8.727463E-11	8.248320E-11	8.433894E-11	8.258057E-11	8.431788E-11	9.067482E-11	8.661396E-11	8.688015E-11	8.654838E-11	8.947264E-11	8.893128E-11	8.732534E-11	8.762738E-11	8.802668E-11	9.035777E-11	9.245067E-11	9.212039E-11
0:18:40	1	1.001532E+1	2.545500E+1	2.556700E+1	6.184541E-1	8.299682E-1	1.000000E+1	3.434700E-9	3.157771E-9	1.133878E-10	9.811094E-11	9.962130E-11	9.803042E-11	1.010524E-10	1.013907E-10	1.013820E-10	1.026652E-10	9.920220E-11	9.858376E-11	9.610505E-11	9.396552E-11	1.013490E-10	9.484847E-11	9.691693E-11	1.003749E-10	9.661060E-11	9.447269E-11	9.379251E-11	9.372161E-11	9.502791E-11	9.719670E-11	9.648495E-11	9.655671E-11	9.975115E-11	9.784959E-11	9.995375E-11	9.832829E-11	9.996122E-11	9.929151E-11	9.985207E-11	1.019334E-10
0:18:54	1	1.001653E+1	2.545300E+1	2.556500E+1	6.184288E-1	8.297529E-1	2.000000E+1	3.732100E-9	3.221081E-9	1.145865E-10	1.012634E-10	1.030351E-10	9.973884E-11	1.023826E-10	1.032772E-10	1.046667E-10	1.058366E-10	1.028787E-10	1.011746E-10	9.989899E-11	9.851241E-11	1.036289E-10	9.693160E-11	9.691693E-11	9.866640E-11	9.616656E-11	9.648672E-11	9.536765E-11	9.578999E-11	9.811990E-11	9.826770E-11	9.680016E-11	9.794189E-11	1.022725E-10	1.001111E-10	1.032372E-10	1.004173E-10	1.010977E-10	9.910145E-11	1.026116E-10	1.038964E-10
0:19:07	1	1.001600E+1	2.545300E+1	2.556400E+1	6.180108E-1	8.292589E-1	3.000000E+1	3.986600E-9	3.282723E-9	1.165408E-10	1.023981E-10	1.067643E-10	1.020807E-10	1.036498E-10	1.052251E-10	1.047934E-10	1.086896E-10	1.036392E-10	1.027549E-10	9.907652E-11	9.927006E-11	1.062898E-10	9.907649E-11	1.041379E-10	1.013870E-10	1.004120E-10	9.843716E-11	9.694279E-11	9.716958E-11	9.950851E-11	9.902347E-11	9.806398E-11	9.989248E-11	1.031554E-10	1.016182E-10	1.049417E-10	1.016837E-10	1.009711E-10	1.025235E-10	1.072535E-10	1.053527E-10
0:19:21	1	1.001615E+1	2.545700E+1	2.556400E+1	6.192649E-1	8.307537E-1	4.000000E+1	4.225500E-9	3.330500E-9	1.189371E-10	1.048567E-10	1.068281E-10	1.046123E-10	1.058042E-10	1.057282E-10	1.076992E-10	1.096406E-10	1.052233E-10	1.050295E-10	1.038187E-10	9.851241E-11	1.082528E-10	9.989739E-11	1.079388E-10	1.023371E-10	1.043394E-10	9.812318E-11	9.914740E-11	9.955168E-11	1.015904E-10	1.014171E-10	9.958016E-11	1.004589E-10	1.052368E-10	1.018690E-10	1.056365E-10	1.031400E-10	1.028023E-10	1.029036E-10	1.050583E-10	1.045291E-10
0:19:34	1	1.001676E+1	2.545400E+1	2.556500E+1	6.178588E-1	8.294362E-1	5.000000E+1	4.423400E-9	3.381508E-9	1.213971E-10	1.053614E-10	1.112528E-10	1.056883E-10	1.075145E-10	1.083053E-10	1.084570E-10	1.069778E-10	1.078230E-10	1.054724E-10	1.050205E-10	1.059005E-10	1.099637E-10	1.027367E-10	1.099018E-10	1.031594E-10	1.038323E-10	9.793440E-11	9.965156E-11	1.004285E-10	1.012746E-10	1.016060E-10	1.005916E-10	1.015927E-10	1.065607E-10	1.037538E-10	1.072154E-10	1.045963E-10	1.032449E-10	1.057555E-10	1.093853E-10	1.091518E-10
0:19:48	1	1.001501E+1	2.545700E+1	2.556600E+1	6.196576E-1	8.308170E-1	6.000000E+1	4.510800E-9	3.408461E-9	1.229730E-10	1.083247E-10	1.103048E-10	1.053716E-10	1.081486E-10	1.084313E-10	1.097833E-10	1.133186E-10	1.083294E-10	1.055352E-10	1.045773E-10	1.050162E-10	1.118006E-10	1.034310E-10	1.014139E-10	1.024630E-10	1.069366E-10	1.017737E-10	1.009741E-10	1.014944E-10	1.014649E-10	1.049453E-10	1.031192E-10	1.024731E-10	1.066861E-10	1.040047E-10	1.109404E-10	1.060526E-10	1.058966E-10	1.068318E-10	1.071901E-10	1.084551E-10
0:20:01	1	1.001737E+1	2.545500E+1	2.556600E+1	6.188468E-1	8.303483E-1	7.000000E+1	4.649700E-9	3.465500E-9	1.243609E-10	1.086402E-10	1.156775E-10	1.070801E-10	1.106820E-10	1.120146E-10	1.118046E-10	1.152847E-10	1.116897E-10	1.078737E-10	1.071704E-10	1.044480E-10	1.128136E-10	1.050091E-10	1.099018E-10	1.052475E-10	1.062396E-10	1.028428E-10	1.013520E-10	1.041279E-10	1.056287E-10	1.055748E-10	1.034354E-10	1.034807E-10	1.065607E-10	1.061403E-10	1.098041E-10	1.067483E-10	1.073490E-10	1.070219E-10	1.083822E-10	1.111138E-10
0:20:15	1	1.001562E+1	2.545700E+1	2.556700E+1	6.183148E-1	8.296009E-1	8.000000E+1	4.733600E-9	3.500013E-9	1.240453E-10	1.105952E-10	1.140968E-10	1.084098E-10	1.102389E-10	1.132708E-10	1.125635E-10	1.102113E-10	1.115626E-10	1.090738E-10	1.085609E-10	1.061537E-10	1.141436E-10	1.067754E-10	1.121828E-10	1.067671E-10	1.083938E-10	1.049204E-10	1.036192E-10	1.051937E-10	1.055032E-10	1.054485E-10	1.062783E-10	1.056210E-10	1.092085E-10	1.070197E-10	1.125822E-10	1.080787E-10	1.081067E-10	1.089865E-10	1.091348E-10	1.132667E-10
0:20:28	1	1.001615E+1	2.546500E+1	2.557200E+1	6.197589E-1	8.311590E-1	9.000000E+1	4.861700E-9	3.559758E-9	1.278921E-10	1.134957E-10	1.147295E-10	1.129027E-10	1.136605E-10	1.147802E-10	1.155321E-10	1.114796E-10	1.142884E-10	1.113494E-10	1.110902E-10	1.088055E-10	1.155375E-10	1.080376E-10	1.107888E-10	1.080959E-10	1.101680E-10	1.052980E-10	1.056986E-10	1.052561E-10	1.057552E-10	1.084089E-10	1.065945E-10	1.077604E-10	1.112261E-10	1.082759E-10	1.133397E-10	1.107374E-10	1.110115E-10	1.103169E-10	1.114557E-10	1.159893E-10
0:20:42	1	1.001661E+1	2.547400E+1	2.558100E+1	6.183401E-1	8.301076E-1	1.000000E+2	5.012800E-9	3.646468E-9	1.295318E-10	1.150087E-10	1.181433E-10	1.145482E-10	1.161940E-10	1.166031E-10	1.168583E-10	1.234645E-10	1.170143E-10	1.134345E-10	1.117220E-10	1.136684E-10	1.185144E-10	1.107514E-10	1.112328E-10	1.103739E-10	1.108640E-10	1.094522E-10	1.078395E-10	1.092681E-10	1.109292E-10	1.104883E-10	1.098164E-10	1.090830E-10	1.140640E-10	1.110392E-10	1.155496E-10	1.125106E-10	1.113903E-10	1.125346E-10	1.139647E-10	1.206110E-10
0:20:55	1	1.001547E+1	2.547600E+1	2.558500E+1	6.181501E-1	8.298542E-1	1.200000E+2	5.443100E-9	3.867018E-9	1.376037E-10	1.238359E-10	1.249061E-10	1.206875E-10	1.219600E-10	1.237061E-10	1.253863E-10	1.268892E-10	1.233526E-10	1.216500E-10	1.188667E-10	1.146783E-10	1.257362E-10	1.181982E-10	1.239016E-10	1.164504E-10	1.187838E-10	1.154943E-10	1.152727E-10	1.150359E-10	1.179339E-10	1.177953E-10	1.161355E-10	1.168874E-10	1.207471E-10	1.176335E-10	1.234423E-10	1.190315E-10	1.187792E-10	1.206461E-10	1.208008E-10	1.247899E-10
0:21:09	1	1.001577E+1	2.547600E+1	2.558800E+1	6.187202E-1	8.303229E-1	1.400000E+2	5.836900E-9	4.250419E-9	1.492079E-10	1.340506E-10	1.362213E-10	1.338503E-10	1.343141E-10	1.358373E-10	1.356822E-10	1.351961E-10	1.369808E-10	1.330878E-10	1.310071E-10	1.293288E-10	1.396708E-10	1.293680E-10	1.352395E-10	1.301202E-10	1.327202E-10	1.270122E-10	1.254147E-10	1.271978E-10	1.291653E-10	1.293228E-10	1.278879E-10	1.281547E-10	1.337998E-10	1.304453E-10	1.351865E-10	1.326440E-10	1.309031E-10	1.314814E-10	1.323420E-10	1.375784E-10
0:21:23	1	1.001638E+1	2.548700E+1	2.559200E+1	6.181628E-1	8.300949E-1	1.600000E+2	6.409900E-9	4.834703E-9	1.674963E-10	1.530925E-10	1.558799E-10	1.504949E-10	1.531943E-10	1.533121E-10	1.549479E-10	1.526348E-10	1.547298E-10	1.515409E-10	1.521876E-10	1.516207E-10	1.556333E-10	1.493724E-10	1.477824E-10	1.470180E-10	1.496989E-10	1.462086E-10	1.446266E-10	1.446257E-10	1.465807E-10	1.475905E-10	1.465907E-10	1.467235E-10	1.526527E-10	1.457695E-10	1.535615E-10	1.501827E-10	1.488996E-10	1.508704E-10	1.515341E-10	1.576492E-10
0:21:37	1	1.001691E+1	2.548900E+1	2.559800E+1	6.181501E-1	8.296896E-1	1.800000E+2	7.250200E-9	5.694841E-9	1.941085E-10	1.789448E-10	1.841993E-10	1.769485E-10	1.792338E-10	1.793358E-10	1.820464E-10	1.833267E-10	1.858529E-10	1.780190E-10	1.746328E-10	1.765015E-10	1.822375E-10	1.755614E-10	1.790110E-10	1.732194E-10	1.750394E-10	1.703143E-10	1.703897E-10	1.723965E-10	1.759217E-10	1.735432E-10	1.728127E-10	1.715238E-10	1.796391E-10	1.743458E-10	1.800812E-10	1.771549E-10	1.772526E-10	1.771664E-10	1.780029E-10	1.860768E-10
0:21:50	1	1.001600E+1	2.548800E+1	2.559700E+1	6.187835E-1	8.302089E-1	2.000000E+2	8.301800E-9	6.834112E-9	2.297394E-10	2.145063E-10	2.182705E-10	2.116934E-10	2.141428E-10	2.164855E-10	2.205778E-10	2.190280E-10	2.193856E-10	2.132194E-10	2.109891E-10	2.091492E-10	2.178995E-10	2.107753E-10	2.159406E-10	2.069522E-10	2.115290E-10	2.063155E-10	2.046560E-10	2.076283E-10	2.095541E-10	2.071181E-10	2.080709E-10	2.097933E-10	2.164002E-10	2.112752E-10	2.155034E-10	2.131807E-10	2.114154E-10	2.141718E-10	2.161367E-10	2.226084E-10
0:22:04	1	1.001532E+1	2.549000E+1	2.559900E+1	6.179728E-1	8.297782E-1	2.200000E+2	9.547000E-9	8.356367E-9	2.778566E-10	2.614182E-10	2.657426E-10	2.589048E-10	2.630532E-10	2.623090E-10	2.665630E-10	2.646219E-10	2.661653E-10	2.590984E-10	2.583460E-10	2.577106E-10	2.659140E-10	2.589880E-10	2.580642E-10	2.546713E-10	2.583457E-10	2.517579E-10	2.518367E-10	2.539562E-10	2.580149E-10	2.571967E-10	2.553967E-10	2.569394E-10	2.650773E-10	2.569971E-10	2.652595E-10	2.617437E-10	2.612380E-10	2.624547E-10	2.648711E-10	2.758544E-10
0:22:18	1	1.001623E+1	2.548700E+1	2.559500E+1	6.182008E-1	8.297529E-1	2.400000E+2	1.169000E-8	1.041383E-8	3.416140E-10	3.243449E-10	3.311669E-10	3.226968E-10	3.256489E-10	3.264251E-10	3.295404E-10	3.322835E-10	3.308211E-10	3.217246E-10	3.204353E-10	3.231964E-10	3.293831E-10	3.236725E-10	3.200145E-10	3.164398E-10	3.215070E-10	3.158304E-10	3.134412E-10	3.178999E-10	3.228182E-10	3.206295E-10	3.197825E-10	3.209531E-10	3.309052E-10	3.226912E-10	3.284643E-10	3.274005E-10	3.262160E-10	3.277207E-10	3.333007E-10	3.448645E-10
0:22:32	1	1.001669E+1	2.549200E+1	2.560000E+1	6.193282E-1	8.306523E-1	2.600000E+2	1.457700E-8	1.314077E-8	4.252357E-10	4.080794E-10	4.153018E-10	4.062356E-10	4.088342E-10	4.093983E-10	4.135524E-10	4.151645E-10	4.145558E-10	4.048251E-10	4.033889E-10	4.017538E-10	4.127426E-10	4.091813E-10	4.082535E-10	3.963731E-10	4.070315E-10	3.984077E-10	3.981637E-10	4.037845E-10	4.106530E-10	4.061098E-10	4.041988E-10	4.049845E-10	4.181083E-10	4.096127E-10	4.167366E-10	4.154087E-10	4.167050E-10	4.175713E-10	4.235562E-10	4.368579E-10
0:22:45	1	1.001691E+1	2.549300E+1	2.560100E+1	6.196829E-1	8.312477E-1	2.800000E+2	1.833900E-8	1.690386E-8	5.434172E-10	5.221425E-10	5.317377E-10	5.226820E-10	5.260424E-10	5.267555E-10	5.326843E-10	5.274049E-10	5.304924E-10	5.198399E-10	5.189687E-10	5.163692E-10	5.260002E-10	5.237821E-10	5.223363E-10	5.115566E-10	5.250542E-10	5.146571E-10	5.134364E-10	5.191340E-10	5.272621E-10	5.240314E-10	5.210295E-10	5.237608E-10	5.394229E-10	5.295068E-10	5.387903E-10	5.360234E-10	5.371888E-10	5.383434E-10	5.482452E-10	5.657637E-10
0:22:59	1	1.001577E+1	2.548900E+1	2.559500E+1	6.186062E-1	8.300569E-1	3.000000E+2	2.368100E-8	2.219942E-8	7.060572E-10	6.836212E-10	6.956457E-10	6.834295E-10	6.890574E-10	6.891822E-10	6.984965E-10	6.954492E-10	6.935888E-10	6.821233E-10	6.813354E-10	6.768933E-10	6.901853E-10	6.865967E-10	6.803165E-10	6.709165E-10	6.879934E-10	6.756564E-10	6.767708E-10	6.855747E-10	6.929615E-10	6.906454E-10	6.877765E-10	6.880457E-10	7.094155E-10	6.980128E-10	7.064953E-10	7.078588E-10	7.079996E-10	7.103773E-10	7.254957E-10	7.454448E-10
0:23:13	1	1.001524E+1	2.548500E+1	2.559600E+1	6.190749E-1	8.306016E-1	3.200000E+2	3.123000E-8	2.986525E-8	9.413468E-10	9.143325E-10	9.329432E-10	9.179688E-10	9.245498E-10	9.236446E-10	9.376459E-10	9.395251E-10	9.269199E-10	9.123423E-10	9.137586E-10	9.084610E-10	9.239833E-10	9.238767E-10	9.176669E-10	9.010948E-10	9.237868E-10	9.096657E-10	9.118517E-10	9.222287E-10	9.351389E-10	9.317164E-10	9.248493E-10	9.276115E-10	9.582250E-10	9.413811E-10	9.521169E-10	9.553562E-10	9.585661E-10	9.604762E-10	9.850982E-10	1.007117E-9
0:23:27	1	1.001638E+1	2.547800E+1	2.559300E+1	6.197589E-1	8.312730E-1	3.400000E+2	4.259200E-8	4.125724E-8	1.287691E-9	1.256774E-9	1.281367E-9	1.260474E-9	1.270346E-9	1.271064E-9	1.288916E-9	1.281828E-9	1.273905E-9	1.256563E-9	1.259105E-9	1.248897E-9	1.270660E-9	1.271782E-9	1.270114E-9	1.244559E-9	1.277223E-9	1.258477E-9	1.262836E-9	1.280689E-9	1.294303E-9	1.293606E-9	1.288861E-9	1.286709E-9	1.326899E-9	1.307282E-9	1.322129E-9	1.328344E-9	1.330247E-9	1.336417E-9	1.369454E-9	1.399720E-9
0:23:40	1	1.001638E+1	2.548300E+1	2.559400E+1	6.194422E-1	8.312350E-1	3.600000E+2	6.020800E-8	5.885298E-8	1.818179E-9	1.781059E-9	1.817276E-9	1.792839E-9	1.802534E-9	1.804923E-9	1.831328E-9	1.822930E-9	1.805221E-9	1.786388E-9	1.787873E-9	1.783263E-9	1.805464E-9	1.813234E-9	1.803028E-9	1.771368E-9	1.822232E-9	1.800009E-9	1.803673E-9	1.829224E-9	1.852672E-9	1.851904E-9	1.844011E-9	1.840305E-9	1.898795E-9	1.875226E-9	1.891227E-9	1.903876E-9	1.910754E-9	1.917784E-9	1.969005E-9	2.015373E-9
0:23:54	1	1.001486E+1	2.548600E+1	2.559400E+1	6.182135E-1	8.298922E-1	3.620000E+2	6.219200E-8	6.120673E-8	1.889567E-9	1.850733E-9	1.888073E-9	1.860999E-9	1.875393E-9	1.874759E-9	1.903338E-9	1.895094E-9	1.877673E-9	1.857925E-9	1.858814E-9	1.852285E-9	1.874762E-9	1.882399E-9	1.879357E-9	1.841049E-9	1.893186E-9	1.874655E-9	1.877056E-9	1.902571E-9	1.929528E-9	1.927748E-9	1.919265E-9	1.914579E-9	1.976666E-9	1.950779E-9	1.969080E-9	1.979917E-9	1.986530E-9	1.996610E-9	2.049037E-9	2.097303E-9
0:24:07	1	1.001653E+1	2.548400E+1	2.559800E+1	6.196322E-1	8.315137E-1	3.640000E+2	6.449400E-8	6.355419E-8	1.961270E-9	1.919020E-9	1.959313E-9	1.932260E-9	1.945084E-9	1.944155E-9	1.973958E-9	1.964532E-9	1.947780E-9	1.928070E-9	1.930134E-9	1.920865E-9	1.946529E-9	1.955034E-9	1.947643E-9	1.911109E-9	1.968764E-9	1.944896E-9	1.950252E-9	1.976169E-9	2.004996E-9	2.002959E-9	1.994393E-9	1.990932E-9	2.052393E-9	2.028658E-9	2.044788E-9	2.060516E-9	2.066916E-9	2.074041E-9	2.130577E-9	2.176190E-9
0:24:21	1	1.001593E+1	2.548300E+1	2.559500E+1	6.185428E-1	8.303736E-1	3.660000E+2	6.711800E-8	6.616317E-8	2.037387E-9	1.996070E-9	2.039275E-9	2.009342E-9	2.023773E-9	2.022602E-9	2.055253E-9	2.047286E-9	2.027903E-9	2.005990E-9	2.009737E-9	2.002201E-9	2.025454E-9	2.035683E-9	2.027963E-9	1.987813E-9	2.046495E-9	2.022941E-9	2.031321E-9	2.058857E-9	2.089235E-9	2.086993E-9	2.074766E-9	2.073892E-9	2.137076E-9	2.111688E-9	2.131799E-9	2.144220E-9	2.150334E-9	2.160916E-9	2.219327E-9	2.269577E-9
0:24:34	1	1.001737E+1	2.548200E+1	2.559200E+1	6.182008E-1	8.298922E-1	3.680000E+2	6.959900E-8	6.879726E-8	2.117417E-9	2.075518E-9	2.117977E-9	2.087564E-9	2.103285E-9	2.101744E-9	2.136425E-9	2.128203E-9	2.107456E-9	2.084351E-9	2.086748E-9	2.078485E-9	2.107422E-9	2.115830E-9	2.115507E-9	2.067050E-9	2.128981E-9	2.104324E-9	2.112770E-9	2.140731E-9	2.174483E-9	2.168190E-9	2.158804E-9	2.154652E-9	2.222198E-9	2.196599E-9	2.216347E-9	2.229125E-9	2.239056E-9	2.249245E-9	2.309458E-9	2.361317E-9
0:24:48	1	1.001699E+1	2.548100E+1	2.559100E+1	6.188975E-1	8.302849E-1	3.700000E+2	7.251400E-8	7.167089E-8	2.202048E-9	2.160892E-9	2.206093E-9	2.172434E-9	2.187992E-9	2.188991E-9	2.225869E-9	2.212161E-9	2.192839E-9	2.171878E-9	2.172802E-9	2.163738E-9	2.192428E-9	2.202917E-9	2.199755E-9	2.155528E-9	2.219510E-9	2.193509E-9	2.203224E-9	2.230001E-9	2.264589E-9	2.262049E-9	2.249728E-9	2.247117E-9	2.316968E-9	2.290996E-9	2.309102E-9	2.324478E-9	2.335733E-9	2.343151E-9	2.409184E-9	2.463188E-9
0:25:01	1	1.001577E+1	2.548500E+1	2.559100E+1	6.192269E-1	8.309057E-1	3.720000E+2	7.550800E-8	7.464885E-8	2.291535E-9	2.248537E-9	2.295412E-9	2.263186E-9	2.277070E-9	2.279885E-9	2.313860E-9	2.305378E-9	2.282913E-9	2.260730E-9	2.263533E-9	2.256883E-9	2.285415E-9	2.294295E-9	2.286916E-9	2.240271E-9	2.310862E-9	2.284394E-9	2.294560E-9	2.324789E-9	2.358672E-9	2.357923E-9	2.345644E-9	2.340338E-9	2.412682E-9	2.387150E-9	2.407414E-9	2.422742E-9	2.431968E-9	2.442507E-9	2.514242E-9	2.567147E-9
0:25:15	1	1.001684E+1	2.548700E+1	2.559300E+1	6.182515E-1	8.298922E-1	3.740000E+2	7.869400E-8	7.789183E-8	2.388211E-9	2.343179E-9	2.393327E-9	2.359128E-9	2.374892E-9	2.374990E-9	2.417200E-9	2.403414E-9	2.381164E-9	2.357860E-9	2.361851E-9	2.353185E-9	2.382394E-9	2.391100E-9	2.384910E-9	2.339380E-9	2.411147E-9	2.383272E-9	2.394968E-9	2.424591E-9	2.464616E-9	2.460284E-9	2.449459E-9	2.445833E-9	2.521514E-9	2.490464E-9	2.514692E-9	2.529365E-9	2.541718E-9	2.551240E-9	2.621119E-9	2.681363E-9
0:25:28	1	1.001547E+1	2.548100E+1	2.559400E+1	6.202023E-1	8.315644E-1	3.760000E+2	8.205400E-8	8.119954E-8	2.486779E-9	2.441352E-9	2.494150E-9	2.456653E-9	2.475754E-9	2.476004E-9	2.512709E-9	2.505826E-9	2.480303E-9	2.457139E-9	2.461623E-9	2.447214E-9	2.481273E-9	2.493206E-9	2.486387E-9	2.437350E-9	2.513459E-9	2.486745E-9	2.496004E-9	2.529408E-9	2.569488E-9	2.566741E-9	2.555610E-9	2.549187E-9	2.628263E-9	2.600246E-9	2.620707E-9	2.639848E-9	2.650519E-9	2.664155E-9	2.738972E-9	2.796466E-9
0:25:42	1	1.001676E+1	2.548300E+1	2.559300E+1	6.187075E-1	8.304243E-1	3.780000E+2	8.572300E-8	8.485120E-8	2.598463E-9	2.548039E-9	2.601168E-9	2.566265E-9	2.586563E-9	2.584875E-9	2.627167E-9	2.612170E-9	2.588569E-9	2.567034E-9	2.568857E-9	2.556398E-9	2.592375E-9	2.603326E-9	2.599329E-9	2.547534E-9	2.625780E-9	2.599784E-9	2.610269E-9	2.641873E-9	2.685087E-9	2.684159E-9	2.671935E-9	2.665005E-9	2.746677E-9	2.719764E-9	2.740803E-9	2.761096E-9	2.772770E-9	2.786955E-9	2.865606E-9	2.925498E-9
0:25:55	1	1.001638E+1	2.547900E+1	2.559100E+1	6.193029E-1	8.305890E-1	3.800000E+2	8.955500E-8	8.874921E-8	2.713302E-9	2.664371E-9	2.720005E-9	2.681382E-9	2.699590E-9	2.699090E-9	2.747878E-9	2.728406E-9	2.707231E-9	2.683438E-9	2.683993E-9	2.678339E-9	2.710257E-9	2.724554E-9	2.713665E-9	2.663225E-9	2.750075E-9	2.720440E-9	2.729006E-9	2.766250E-9	2.808005E-9	2.806804E-9	2.793315E-9	2.790202E-9	2.875937E-9	2.844494E-9	2.869802E-9	2.892474E-9	2.900643E-9	2.914761E-9	3.001460E-9	3.066811E-9
0:26:09	1	1.001851E+1	2.547800E+1	2.559000E+1	6.196576E-1	8.312097E-1	3.820000E+2	9.319000E-8	9.279592E-8	2.831924E-9	2.781524E-9	2.839097E-9	2.800298E-9	2.823894E-9	2.820155E-9	2.868779E-9	2.857260E-9	2.830520E-9	2.804078E-9	2.806338E-9	2.796427E-9	2.832382E-9	2.848810E-9	2.837694E-9	2.782459E-9	2.872724E-9	2.844997E-9	2.856752E-9	2.893636E-9	2.940136E-9	2.937513E-9	2.923351E-9	2.918419E-9	3.009800E-9	2.978394E-9	3.001895E-9	3.024295E-9	3.031609E-9	3.052135E-9	3.141767E-9	3.206859E-9
0:26:22	1	1.001745E+1	2.548200E+1	2.559200E+1	6.182135E-1	8.298796E-1	3.840000E+2	9.803000E-8	9.723189E-8	2.964610E-9	2.911980E-9	2.971399E-9	2.932060E-9	2.952126E-9	2.952724E-9	3.001871E-9	2.988779E-9	2.961416E-9	2.937102E-9	2.939178E-9	2.924430E-9	2.965149E-9	2.982785E-9	2.977811E-9	2.914606E-9	3.012665E-9	2.981324E-9	2.993567E-9	3.030424E-9	3.083561E-9	3.080442E-9	3.065519E-9	3.060988E-9	3.155454E-9	3.121338E-9	3.147753E-9	3.171819E-9	3.185182E-9	3.203766E-9	3.295999E-9	3.364065E-9
0:26:36	1	1.001463E+1	2.548500E+1	2.559900E+1	6.194802E-1	8.311083E-1	3.860000E+2	1.021300E-7	1.017867E-7	3.096097E-9	3.047040E-9	3.108948E-9	3.067620E-9	3.089608E-9	3.087870E-9	3.140838E-9	3.122770E-9	3.097510E-9	3.072908E-9	3.074864E-9	3.064116E-9	3.101020E-9	3.122755E-9	3.112987E-9	3.050548E-9	3.153495E-9	3.119792E-9	3.136745E-9	3.175300E-9	3.226987E-9	3.227906E-9	3.212110E-9	3.208215E-9	3.304386E-9	3.269180E-9	3.296767E-9	3.321432E-9	3.337049E-9	3.356728E-9	3.456941E-9	3.526146E-9
0:26:49	1	1.001600E+1	2.548900E+1	2.559800E+1	6.189862E-1	8.306523E-1	3.880000E+2	1.072500E-7	1.068529E-7	3.246124E-9	3.193575E-9	3.261794E-9	3.214444E-9	3.241788E-9	3.238542E-9	3.295596E-9	3.279717E-9	3.249007E-9	3.222427E-9	3.227557E-9	3.216810E-9	3.254816E-9	3.275598E-9	3.262099E-9	3.201743E-9	3.309719E-9	3.278022E-9	3.292709E-9	3.334720E-9	3.389407E-9	3.392252E-9	3.370516E-9	3.363436E-9	3.471920E-9	3.438188E-9	3.461631E-9	3.491243E-9	3.507671E-9	3.528571E-9	3.633626E-9	3.707664E-9
0:27:03	1	1.001585E+1	2.549300E+1	2.560300E+1	6.187075E-1	8.302723E-1	3.900000E+2	1.134000E-7	1.120736E-7	3.404981E-9	3.344840E-9	3.415272E-9	3.367850E-9	3.394032E-9	3.393300E-9	3.451175E-9	3.436283E-9	3.405511E-9	3.379212E-9	3.382527E-9	3.370515E-9	3.408487E-9	3.433301E-9	3.424387E-9	3.356039E-9	3.472658E-9	3.440405E-9	3.455100E-9	3.500598E-9	3.560281E-9	3.558866E-9	3.541939E-9	3.534708E-9	3.642290E-9	3.606944E-9	3.633945E-9	3.663902E-9	3.683282E-9	3.701810E-9	3.815455E-9	3.893677E-9
0:27:16	1	1.001524E+1	2.549000E+1	2.560000E+1	6.185428E-1	8.298669E-1	3.920000E+2	1.189200E-7	1.178962E-7	3.574810E-9	3.513506E-9	3.587271E-9	3.537394E-9	3.564649E-9	3.566098E-9	3.626779E-9	3.608133E-9	3.577165E-9	3.550912E-9	3.555580E-9	3.540765E-9	3.585403E-9	3.609683E-9	3.605298E-9	3.530904E-9	3.652196E-9	3.623119E-9	3.637897E-9	3.681332E-9	3.745415E-9	3.743748E-9	3.727389E-9	3.721842E-9	3.833784E-9	3.796992E-9	3.827728E-9	3.861507E-9	3.880679E-9	3.902230E-9	4.020742E-9	4.105205E-9
0:27:30	1	1.001790E+1	2.548700E+1	2.559900E+1	6.189102E-1	8.306396E-1	3.940000E+2	1.247800E-7	1.239720E-7	3.754100E-9	3.689488E-9	3.765276E-9	3.716051E-9	3.747114E-9	3.743108E-9	3.811163E-9	3.789620E-9	3.756300E-9	3.730196E-9	3.736472E-9	3.724465E-9	3.768971E-9	3.791366E-9	3.781584E-9	3.706654E-9	3.844720E-9	3.807470E-9	3.826870E-9	3.873539E-9	3.941151E-9	3.945638E-9	3.923770E-9	3.914891E-9	4.038455E-9	3.995957E-9	4.028203E-9	4.063165E-9	4.087547E-9	4.107087E-9	4.235940E-9	4.325662E-9
0:27:43	1	1.001577E+1	2.548800E+1	2.560100E+1	6.183908E-1	8.301963E-1	3.960000E+2	1.317700E-7	1.307074E-7	3.948902E-9	3.883943E-9	3.964583E-9	3.914264E-9	3.942883E-9	3.941804E-9	4.013422E-9	3.994824E-9	3.956984E-9	3.932672E-9	3.937092E-9	3.925468E-9	3.968438E-9	3.996714E-9	3.988277E-9	3.907087E-9	4.052702E-9	4.015799E-9	4.039274E-9	4.086558E-9	4.156699E-9	4.160819E-9	4.138728E-9	4.133371E-9	4.258956E-9	4.216906E-9	4.249455E-9	4.289454E-9	4.312540E-9	4.339256E-9	4.472022E-9	4.567517E-9
0:27:57	1	1.001714E+1	2.548900E+1	2.559800E+1	6.190622E-1	8.304116E-1	3.980000E+2	1.383800E-7	1.377780E-7	4.155309E-9	4.090568E-9	4.172486E-9	4.118427E-9	4.149993E-9	4.148044E-9	4.222569E-9	4.205738E-9	4.166989E-9	4.138370E-9	4.144667E-9	4.130576E-9	4.183234E-9	4.207806E-9	4.201369E-9	4.113977E-9	4.270759E-9	4.233068E-9	4.259680E-9	4.311805E-9	4.387773E-9	4.392002E-9	4.369168E-9	4.362806E-9	4.494587E-9	4.449975E-9	4.485669E-9	4.528214E-9	4.553886E-9	4.582512E-9	4.724036E-9	4.821971E-9
0:28:10	1	1.001562E+1	2.548900E+1	2.559600E+1	6.190242E-1	8.306523E-1	4.000000E+2	1.461400E-7	1.456713E-7	4.383284E-9	4.311319E-9	4.404159E-9	4.350057E-9	4.380800E-9	4.380182E-9	4.458812E-9	4.437448E-9	4.402413E-9	4.372445E-9	4.381138E-9	4.361830E-9	4.416718E-9	4.449820E-9	4.440809E-9	4.350612E-9	4.516814E-9	4.477463E-9	4.501501E-9	4.561811E-9	4.642949E-9	4.645545E-9	4.624249E-9	4.619556E-9	4.752476E-9	4.714886E-9	4.750675E-9	4.794389E-9	4.820176E-9	4.855359E-9	5.004839E-9	5.106816E-9
0:28:24	1	1.001615E+1	2.549000E+1	2.559800E+1	6.180488E-1	8.297276E-1	4.020000E+2	1.541000E-7	1.539693E-7	4.625889E-9	4.550479E-9	4.646450E-9	4.586558E-9	4.622375E-9	4.619297E-9	4.707815E-9	4.680827E-9	4.647090E-9	4.615239E-9	4.623614E-9	4.615309E-9	4.664959E-9	4.697322E-9	4.690258E-9	4.596613E-9	4.774274E-9	4.734508E-9	4.760770E-9	4.820657E-9	4.908030E-9	4.916852E-9	4.893293E-9	4.886378E-9	5.035334E-9	4.989845E-9	5.027490E-9	5.074051E-9	5.105915E-9	5.138217E-9	5.300507E-9	5.413061E-9
0:28:37	1	1.001676E+1	2.548200E+1	2.559400E+1	6.200249E-1	8.315264E-1	4.040000E+2	1.638200E-7	1.633038E-7	4.896368E-9	4.817951E-9	4.917818E-9	4.859322E-9	4.895628E-9	4.890595E-9	4.982969E-9	4.959146E-9	4.924412E-9	4.892222E-9	4.899979E-9	4.883882E-9	4.940945E-9	4.980165E-9	4.965362E-9	4.868625E-9	5.065499E-9	5.021576E-9	5.055503E-9	5.118183E-9	5.209332E-9	5.223814E-9	5.190898E-9	5.191155E-9	5.347450E-9	5.297212E-9	5.340359E-9	5.392904E-9	5.424175E-9	5.462517E-9	5.633243E-9	5.754570E-9
0:28:51	1	1.001448E+1	2.548300E+1	2.559400E+1	6.187582E-1	8.303863E-1	4.060000E+2	1.738600E-7	1.735156E-7	5.187342E-9	5.107238E-9	5.214851E-9	5.148097E-9	5.193147E-9	5.190682E-9	5.283201E-9	5.260929E-9	5.225123E-9	5.191449E-9	5.200814E-9	5.185671E-9	5.245119E-9	5.286231E-9	5.273343E-9	5.166901E-9	5.384916E-9	5.338226E-9	5.375748E-9	5.439469E-9	5.543509E-9	5.562648E-9	5.524899E-9	5.520543E-9	5.685985E-9	5.633218E-9	5.680504E-9	5.740312E-9	5.776217E-9	5.819511E-9	6.001604E-9	6.128116E-9
0:29:04	1	1.001707E+1	2.548500E+1	2.559500E+1	6.185682E-1	8.298289E-1	4.080000E+2	1.847200E-7	1.843375E-7	5.497615E-9	5.417648E-9	5.527244E-9	5.455670E-9	5.501627E-9	5.497307E-9	5.603014E-9	5.574950E-9	5.538450E-9	5.507676E-9	5.516192E-9	5.497817E-9	5.565824E-9	5.613816E-9	5.598488E-9	5.487456E-9	5.718396E-9	5.680618E-9	5.713693E-9	5.790281E-9	5.896742E-9	5.915971E-9	5.877980E-9	5.870892E-9	6.046147E-9	6.005085E-9	6.047107E-9	6.107602E-9	6.149982E-9	6.191650E-9	6.393927E-9	6.530660E-9
0:29:18	1	1.001577E+1	2.548300E+1	2.559500E+1	6.194296E-1	8.311970E-1	4.100000E+2	1.967600E-7	1.966436E-7	5.847490E-9	5.761855E-9	5.881167E-9	5.812289E-9	5.854202E-9	5.854093E-9	5.962685E-9	5.935516E-9	5.905592E-9	5.866116E-9	5.874816E-9	5.864207E-9	5.930299E-9	5.976173E-9	5.958536E-9	5.854337E-9	6.105852E-9	6.056681E-9	6.103100E-9	6.174694E-9	6.297175E-9	6.315028E-9	6.279211E-9	6.274494E-9	6.460410E-9	6.406096E-9	6.461572E-9	6.529913E-9	6.577677E-9	6.628676E-9	6.844327E-9	6.989362E-9
0:29:31	1	1.001516E+1	2.548900E+1	2.560100E+1	6.186822E-1	8.304370E-1	4.107868E+2	2.021200E-7	2.016390E-7	5.991842E-9	5.898554E-9	6.027186E-9	5.950697E-9	5.999160E-9	5.999234E-9	6.106389E-9	6.084916E-9	6.044157E-9	6.009189E-9	6.024665E-9	6.009639E-9	6.077825E-9	6.126429E-9	6.115947E-9	5.995089E-9	6.264294E-9	6.209939E-9	6.260453E-9	6.337439E-9	6.460730E-9	6.482146E-9	6.442673E-9	6.435002E-9	6.632861E-9	6.576486E-9	6.630413E-9	6.699661E-9	6.748362E-9	6.801850E-9	7.021452E-9	7.174299E-9
0:29:45	1	1.001615E+1	2.549500E+1	2.560000E+1	6.195056E-1	8.311717E-1	4.115735E+2	2.077200E-7	2.068431E-7	6.136446E-9	6.043955E-9	6.176555E-9	6.099229E-9	6.146335E-9	6.143997E-9	6.256347E-9	6.234317E-9	6.194957E-9	6.163005E-9	6.174450E-9	6.158419E-9	6.228771E-9	6.282808E-9	6.264552E-9	6.147424E-9	6.422166E-9	6.374213E-9	6.421709E-9	6.503315E-9	6.636588E-9	6.650776E-9	6.615107E-9	6.608539E-9	6.803610E-9	6.749199E-9	6.807337E-9	6.879474E-9	6.928330E-9	6.991564E-9	7.227993E-9	7.371645E-9
0:29:58	1	1.001441E+1	2.549000E+1	2.560200E+1	6.189989E-1	8.306650E-1	4.123603E+2	2.134400E-7	2.127243E-7	6.306972E-9	6.211297E-9	6.341225E-9	6.264786E-9	6.316194E-9	6.311580E-9	6.433847E-9	6.399383E-9	6.369783E-9	6.332685E-9	6.349212E-9	6.332964E-9	6.405690E-9	6.456098E-9	6.438307E-9	6.320581E-9	6.607089E-9	6.562718E-9	6.607216E-9	6.691635E-9	6.817307E-9	6.849012E-9	6.805295E-9	6.800646E-9	7.002355E-9	6.945715E-9	7.006171E-9	7.084361E-9	7.134440E-9	7.197624E-9	7.432150E-9	7.590010E-9
0:30:12	1	1.001828E+1	2.549000E+1	2.559900E+1	6.183908E-1	8.300316E-1	4.131471E+2	2.186000E-7	2.184655E-7	6.465638E-9	6.370382E-9	6.504310E-9	6.425220E-9	6.476041E-9	6.481613E-9	6.599470E-9	6.571866E-9	6.536493E-9	6.496233E-9	6.510378E-9	6.499677E-9	6.577033E-9	6.633680E-9	6.613580E-9	6.485383E-9	6.785675E-9	6.735927E-9	6.789133E-9	6.875630E-9	7.006543E-9	7.038933E-9	6.993715E-9	6.991116E-9	7.194669E-9	7.137583E-9	7.204373E-9	7.281206E-9	7.331836E-9	7.400263E-9	7.646217E-9	7.805717E-9
0:30:25	1	1.001494E+1	2.548900E+1	2.559800E+1	6.181374E-1	8.296516E-1	4.139338E+2	2.242500E-7	2.238120E-7	6.616361E-9	6.518493E-9	6.659306E-9	6.574322E-9	6.626320E-9	6.629645E-9	6.752902E-9	6.726276E-9	6.686151E-9	6.656810E-9	6.666106E-9	6.651235E-9	6.730386E-9	6.785577E-9	6.768837E-9	6.640566E-9	6.952796E-9	6.903976E-9	6.957129E-9	7.049030E-9	7.184106E-9	7.218461E-9	7.172089E-9	7.167989E-9	7.376767E-9	7.320848E-9	7.387547E-9	7.466782E-9	7.524939E-9	7.588709E-9	7.842535E-9	8.009015E-9
0:30:39	1	1.001577E+1	2.548700E+1	2.559600E+1	6.187328E-1	8.305510E-1	4.147206E+2	2.307100E-7	2.304806E-7	6.809775E-9	6.705068E-9	6.843632E-9	6.765827E-9	6.818414E-9	6.817592E-9	6.947455E-9	6.919368E-9	6.883858E-9	6.844246E-9	6.857052E-9	6.842514E-9	6.927636E-9	6.984929E-9	6.971221E-9	6.837962E-9	7.160461E-9	7.104816E-9	7.159455E-9	7.264181E-9	7.407226E-9	7.436539E-9	7.392985E-9	7.390813E-9	7.599724E-9	7.546882E-9	7.610818E-9	7.697438E-9	7.759213E-9	7.825691E-9	8.087398E-9	8.260367E-9
0:30:52	1	1.001577E+1	2.548100E+1	2.559200E+1	6.183528E-1	8.302723E-1	4.155074E+2	2.368700E-7	2.369217E-7	6.983389E-9	6.882499E-9	7.028526E-9	6.946889E-9	7.003730E-9	7.001894E-9	7.133797E-9	7.097939E-9	7.064514E-9	7.036421E-9	7.044204E-9	7.034486E-9	7.117474E-9	7.173365E-9	7.159670E-9	7.027699E-9	7.364895E-9	7.308048E-9	7.368458E-9	7.463848E-9	7.612364E-9	7.650964E-9	7.602383E-9	7.595507E-9	7.822051E-9	7.761047E-9	7.835287E-9	7.920243E-9	7.986099E-9	8.060139E-9	8.322166E-9	8.511658E-9
0:31:06	1	1.001532E+1	2.548000E+1	2.559300E+1	6.185428E-1	8.301456E-1	4.162941E+2	2.440000E-7	2.437176E-7	7.173399E-9	7.072604E-9	7.216581E-9	7.133141E-9	7.190693E-9	7.191224E-9	7.327908E-9	7.297880E-9	7.265008E-9	7.227838E-9	7.245329E-9	7.230311E-9	7.318525E-9	7.375557E-9	7.355910E-9	7.223511E-9	7.574081E-9	7.525567E-9	7.585901E-9	7.684641E-9	7.834412E-9	7.871940E-9	7.823091E-9	7.827018E-9	8.054782E-9	7.994116E-9	8.061020E-9	8.160586E-9	8.221572E-9	8.307767E-9	8.580828E-9	8.764846E-9
0:31:19	1	1.001699E+1	2.548900E+1	2.559800E+1	6.193029E-1	8.311337E-1	4.170809E+2	2.514900E-7	2.514343E-7	7.388003E-9	7.282255E-9	7.434662E-9	7.348441E-9	7.411424E-9	7.408590E-9	7.545517E-9	7.528957E-9	7.489464E-9	7.451420E-9	7.470102E-9	7.446091E-9	7.540796E-9	7.604696E-9	7.585090E-9	7.445463E-9	7.812535E-9	7.764612E-9	7.827155E-9	7.929320E-9	8.094193E-9	8.134428E-9	8.082467E-9	8.072878E-9	8.318976E-9	8.251238E-9	8.331204E-9	8.429930E-9	8.498158E-9	8.579222E-9	8.865896E-9	9.061150E-9
0:31:33	1	1.001516E+1	2.549000E+1	2.560000E+1	6.179728E-1	8.298036E-1	4.178676E+2	2.590400E-7	2.587361E-7	7.593211E-9	7.480998E-9	7.637129E-9	7.553173E-9	7.610805E-9	7.611435E-9	7.764137E-9	7.724078E-9	7.694081E-9	7.664829E-9	7.676096E-9	7.656440E-9	7.759455E-9	7.816229E-9	7.805084E-9	7.657161E-9	8.043259E-9	8.000824E-9	8.061354E-9	8.162902E-9	8.330629E-9	8.369329E-9	8.322636E-9	8.318424E-9	8.564826E-9	8.506542E-9	8.575377E-9	8.684265E-9	8.758385E-9	8.842755E-9	9.142872E-9	9.347387E-9
0:31:46	1	1.001669E+1	2.548800E+1	2.559800E+1	6.197589E-1	8.312730E-1	4.186544E+2	2.671000E-7	2.672371E-7	7.827996E-9	7.715997E-9	7.877651E-9	7.785243E-9	7.847058E-9	7.847405E-9	8.000001E-9	7.967393E-9	7.935652E-9	7.898271E-9	7.919836E-9	7.904173E-9	8.003199E-9	8.069600E-9	8.051936E-9	7.902718E-9	8.310157E-9	8.254974E-9	8.333411E-9	8.434601E-9	8.613382E-9	8.666210E-9	8.608870E-9	8.607216E-9	8.860988E-9	8.788160E-9	8.874290E-9	8.979629E-9	9.059784E-9	9.160147E-9	9.470152E-9	9.661040E-9
0:32:00	1	1.001600E+1	2.549300E+1	2.560000E+1	6.186315E-1	8.305383E-1	4.194412E+2	2.753100E-7	2.746604E-7	8.035096E-9	7.912848E-9	8.081002E-9	7.989533E-9	8.055499E-9	8.055530E-9	8.210283E-9	8.179827E-9	8.157129E-9	8.116482E-9	8.135694E-9	8.121785E-9	8.212991E-9	8.289084E-9	8.276174E-9	8.119733E-9	8.543356E-9	8.487287E-9	8.565093E-9	8.674578E-9	8.863825E-9	8.907848E-9	8.855990E-9	8.852448E-9	9.107968E-9	9.041953E-9	9.128626E-9	9.245613E-9	9.324873E-9	9.417849E-9	9.743051E-9	9.951392E-9
0:32:13	1	1.001524E+1	2.549500E+1	2.560300E+1	6.188975E-1	8.305510E-1	4.202279E+2	2.843000E-7	2.832305E-7	8.270574E-9	8.147279E-9	8.320765E-9	8.223376E-9	8.296631E-9	8.293891E-9	8.459036E-9	8.432847E-9	8.392677E-9	8.360160E-9	8.376023E-9	8.361499E-9	8.464339E-9	8.547066E-9	8.526830E-9	8.367063E-9	8.804173E-9	8.757550E-9	8.837275E-9	8.953297E-9	9.147458E-9	9.191376E-9	9.139188E-9	9.138152E-9	9.404762E-9	9.335000E-9	9.427666E-9	9.546549E-9	9.628609E-9	9.728208E-9	1.006374E-8	1.028746E-8
0:32:27	1	1.001684E+1	2.549700E+1	2.560800E+1	6.196196E-1	8.315011E-1	4.210147E+2	2.935100E-7	2.930154E-7	8.537967E-9	8.416078E-9	8.587838E-9	8.495320E-9	8.569253E-9	8.568334E-9	8.734380E-9	8.691508E-9	8.677735E-9	8.632786E-9	8.664086E-9	8.640746E-9	8.751852E-9	8.827447E-9	8.804024E-9	8.649711E-9	9.112060E-9	9.068031E-9	9.151409E-9	9.265053E-9	9.455764E-9	9.523093E-9	9.457897E-9	9.465526E-9	9.743801E-9	9.669750E-9	9.769327E-9	9.895856E-9	9.981725E-9	1.009426E-8	1.044447E-8	1.066835E-8
0:32:40	1	1.001509E+1	2.549500E+1	2.560800E+1	6.183401E-1	8.303863E-1	4.218015E+2	3.033900E-7	3.025225E-7	8.793310E-9	8.664003E-9	8.852379E-9	8.755680E-9	8.825907E-9	8.827815E-9	9.005807E-9	8.965325E-9	8.948845E-9	8.905913E-9	8.931347E-9	8.920054E-9	9.026634E-9	9.100697E-9	9.093190E-9	8.922861E-9	9.411774E-9	9.363972E-9	9.446206E-9	9.574866E-9	9.772777E-9	9.839691E-9	9.785009E-9	9.785158E-9	1.006865E-8	1.000010E-8	1.010429E-8	1.022915E-8	1.032802E-8	1.042807E-8	1.079959E-8	1.104538E-8
0:32:54	1	1.001676E+1	2.549600E+1	2.560700E+1	6.180994E-1	8.301203E-1	4.225882E+2	3.125700E-7	3.125835E-7	9.066816E-9	8.939670E-9	9.129626E-9	9.023129E-9	9.101189E-9	9.103135E-9	9.282919E-9	9.250303E-9	9.231935E-9	9.188014E-9	9.212454E-9	9.200435E-9	9.313325E-9	9.403671E-9	9.386031E-9	9.213164E-9	9.725615E-9	9.671621E-9	9.771552E-9	9.894144E-9	1.011004E-8	1.018539E-8	1.012173E-8	1.011455E-8	1.042289E-8	1.034961E-8	1.044532E-8	1.058865E-8	1.069598E-8	1.080686E-8	1.119643E-8	1.143728E-8
0:33:07	1	1.001539E+1	2.550500E+1	2.561600E+1	6.190115E-1	8.307283E-1	4.233750E+2	3.241700E-7	3.240931E-7	9.383267E-9	9.249009E-9	9.440312E-9	9.337852E-9	9.411315E-9	9.418120E-9	9.601911E-9	9.571679E-9	9.562693E-9	9.516626E-9	9.543133E-9	9.529631E-9	9.644672E-9	9.738828E-9	9.718080E-9	9.541439E-9	1.009026E-8	1.003988E-8	1.013727E-8	1.026759E-8	1.049155E-8	1.057122E-8	1.050438E-8	1.051129E-8	1.080947E-8	1.073656E-8	1.085405E-8	1.100412E-8	1.110561E-8	1.123052E-8	1.163824E-8	1.189250E-8
0:33:21	1	1.001547E+1	2.550200E+1	2.561200E+1	6.188215E-1	8.307917E-1	4.241618E+2	3.361500E-7	3.352239E-7	9.676827E-9	9.548132E-9	9.749923E-9	9.650423E-9	9.718020E-9	9.716385E-9	9.910606E-9	9.882466E-9	9.872469E-9	9.827166E-9	9.863441E-9	9.842849E-9	9.964680E-9	1.006042E-8	1.004468E-8	9.857689E-9	1.043838E-8	1.038202E-8	1.049286E-8	1.063570E-8	1.086169E-8	1.094621E-8	1.087951E-8	1.088814E-8	1.118653E-8	1.112149E-8	1.123416E-8	1.139933E-8	1.151689E-8	1.164606E-8	1.207082E-8	1.233797E-8
0:33:34	1	1.001722E+1	2.550400E+1	2.561500E+1	6.181501E-1	8.299302E-1	4.249485E+2	3.489600E-7	3.481775E-7	1.002607E-8	9.887295E-9	1.009677E-8	9.987866E-9	1.006983E-8	1.007204E-8	1.028026E-8	1.023783E-8	1.023460E-8	1.018845E-8	1.022143E-8	1.021777E-8	1.034170E-8	1.043016E-8	1.042044E-8	1.023666E-8	1.084149E-8	1.080107E-8	1.090602E-8	1.104438E-8	1.128926E-8	1.138583E-8	1.131986E-8	1.131886E-8	1.164430E-8	1.157764E-8	1.169667E-8	1.186261E-8	1.198379E-8	1.212744E-8	1.257203E-8	1.285708E-8
0:33:48	1	1.001456E+1	2.550400E+1	2.561200E+1	6.197589E-1	8.316404E-1	4.257353E+2	3.596500E-7	3.596629E-7	1.032865E-8	1.018932E-8	1.039867E-8	1.029898E-8	1.038401E-8	1.038665E-8	1.058681E-8	1.055934E-8	1.055465E-8	1.051043E-8	1.054111E-8	1.053528E-8	1.066836E-8	1.077056E-8	1.075123E-8	1.055481E-8	1.119936E-8	1.115007E-8	1.127306E-8	1.142284E-8	1.168527E-8	1.177702E-8	1.170851E-8	1.171057E-8	1.205346E-8	1.196627E-8	1.210407E-8	1.227365E-8	1.240877E-8	1.257016E-8	1.302707E-8	1.331394E-8
0:34:01	1	1.001684E+1	2.550100E+1	2.561100E+1	6.181628E-1	8.300823E-1	4.265221E+2	3.729300E-7	3.730150E-7	1.068263E-8	1.053227E-8	1.075575E-8	1.064573E-8	1.074641E-8	1.075154E-8	1.096297E-8	1.092276E-8	1.093048E-8	1.087923E-8	1.091668E-8	1.090742E-8	1.105355E-8	1.115967E-8	1.115726E-8	1.093618E-8	1.161899E-8	1.157322E-8	1.169573E-8	1.184844E-8	1.212867E-8	1.222760E-8	1.215928E-8	1.217025E-8	1.251375E-8	1.244120E-8	1.256911E-8	1.276421E-8	1.289866E-8	1.306390E-8	1.354503E-8	1.385641E-8
0:34:15	1	1.001593E+1	2.549400E+1	2.560700E+1	6.191129E-1	8.307283E-1	4.273088E+2	3.878300E-7	3.872441E-7	1.106120E-8	1.090668E-8	1.112579E-8	1.101602E-8	1.111983E-8	1.112140E-8	1.134083E-8	1.131801E-8	1.132494E-8	1.128216E-8	1.132235E-8	1.131397E-8	1.145046E-8	1.155756E-8	1.155354E-8	1.134825E-8	1.206194E-8	1.202777E-8	1.215707E-8	1.232369E-8	1.260634E-8	1.272278E-8	1.263816E-8	1.264951E-8	1.301307E-8	1.293184E-8	1.308182E-8	1.327472E-8	1.342265E-8	1.361428E-8	1.411905E-8	1.443642E-8
0:34:28	1	1.001699E+1	2.549000E+1	2.560400E+1	6.194676E-1	8.312984E-1	4.280956E+2	4.039800E-7	4.036391E-7	1.149028E-8	1.132516E-8	1.157441E-8	1.144447E-8	1.155116E-8	1.155607E-8	1.179544E-8	1.175854E-8	1.177975E-8	1.173192E-8	1.177834E-8	1.177332E-8	1.191438E-8	1.203344E-8	1.201602E-8	1.181000E-8	1.257737E-8	1.254117E-8	1.268311E-8	1.285016E-8	1.315903E-8	1.328423E-8	1.320191E-8	1.321809E-8	1.359007E-8	1.350813E-8	1.366494E-8	1.387241E-8	1.403455E-8	1.423621E-8	1.477574E-8	1.510931E-8
0:34:42	1	1.001752E+1	2.548800E+1	2.559900E+1	6.184541E-1	8.302089E-1	4.288824E+2	4.198400E-7	4.199248E-7	1.191558E-8	1.174528E-8	1.200027E-8	1.187387E-8	1.197368E-8	1.197892E-8	1.223780E-8	1.221480E-8	1.222340E-8	1.218174E-8	1.221809E-8	1.221189E-8	1.238470E-8	1.250308E-8	1.248641E-8	1.226909E-8	1.309894E-8	1.305098E-8	1.319667E-8	1.338660E-8	1.371172E-8	1.383598E-8	1.375744E-8	1.377162E-8	1.417515E-8	1.407815E-8	1.424799E-8	1.447846E-8	1.466052E-8	1.486187E-8	1.542760E-8	1.576650E-8
0:34:55	1	1.001463E+1	2.548600E+1	2.559600E+1	6.199743E-1	8.314504E-1	4.296691E+2	4.395400E-7	4.390746E-7	1.240495E-8	1.223401E-8	1.249559E-8	1.236820E-8	1.247609E-8	1.248456E-8	1.275147E-8	1.271455E-8	1.274743E-8	1.271068E-8	1.275343E-8	1.273615E-8	1.291495E-8	1.304428E-8	1.303282E-8	1.279901E-8	1.368501E-8	1.366647E-8	1.381656E-8	1.402409E-8	1.435730E-8	1.449790E-8	1.441880E-8	1.443877E-8	1.484282E-8	1.475243E-8	1.493851E-8	1.518797E-8	1.539088E-8	1.559303E-8	1.620679E-8	1.658912E-8
0:35:09	1	1.001638E+1	2.548000E+1	2.559000E+1	6.190369E-1	8.307410E-1	4.304559E+2	4.576200E-7	4.578046E-7	1.288064E-8	1.270350E-8	1.297721E-8	1.284924E-8	1.296368E-8	1.297127E-8	1.325889E-8	1.321089E-8	1.325707E-8	1.321750E-8	1.325223E-8	1.326130E-8	1.344019E-8	1.357469E-8	1.357061E-8	1.332961E-8	1.427886E-8	1.424463E-8	1.443041E-8	1.463419E-8	1.499846E-8	1.513563E-8	1.506412E-8	1.508993E-8	1.551699E-8	1.542293E-8	1.561413E-8	1.588988E-8	1.609345E-8	1.632913E-8	1.696641E-8	1.737692E-8
0:35:22	1	1.001532E+1	2.548200E+1	2.558700E+1	6.189102E-1	8.306523E-1	4.312427E+2	4.760900E-7	4.761266E-7	1.334876E-8	1.317255E-8	1.345465E-8	1.331338E-8	1.344341E-8	1.344586E-8	1.373018E-8	1.369847E-8	1.375980E-8	1.370594E-8	1.376444E-8	1.377578E-8	1.395162E-8	1.410175E-8	1.407363E-8	1.384250E-8	1.484851E-8	1.483022E-8	1.501219E-8	1.522987E-8	1.560522E-8	1.579031E-8	1.569364E-8	1.572920E-8	1.616437E-8	1.606392E-8	1.628552E-8	1.656709E-8	1.680663E-8	1.704858E-8	1.772145E-8	1.814719E-8
0:35:36	1	1.001684E+1	2.547600E+1	2.558600E+1	6.186315E-1	8.299682E-1	4.320294E+2	5.001900E-7	4.999589E-7	1.394849E-8	1.376544E-8	1.404859E-8	1.391074E-8	1.404060E-8	1.405270E-8	1.436892E-8	1.433850E-8	1.440191E-8	1.435210E-8	1.440992E-8	1.442059E-8	1.461558E-8	1.476494E-8	1.474407E-8	1.450209E-8	1.558725E-8	1.558663E-8	1.579510E-8	1.601343E-8	1.642199E-8	1.660682E-8	1.652795E-8	1.656107E-8	1.702101E-8	1.691549E-8	1.716831E-8	1.746800E-8	1.770729E-8	1.800481E-8	1.871426E-8	1.917431E-8
0:35:49	1	1.001669E+1	2.547700E+1	2.558400E+1	6.196322E-1	8.311337E-1	4.328162E+2	5.233300E-7	5.232990E-7	1.453662E-8	1.432895E-8	1.464556E-8	1.449367E-8	1.463868E-8	1.465746E-8	1.496521E-8	1.493046E-8	1.502502E-8	1.498506E-8	1.503524E-8	1.505978E-8	1.525807E-8	1.542623E-8	1.541108E-8	1.513687E-8	1.633017E-8	1.631302E-8	1.654249E-8	1.678257E-8	1.722500E-8	1.743075E-8	1.733375E-8	1.738269E-8	1.786240E-8	1.775971E-8	1.802572E-8	1.834586E-8	1.861635E-8	1.893094E-8	1.969654E-8	2.018707E-8
0:36:03	1	1.001630E+1	2.547300E+1	2.558100E+1	6.179601E-1	8.297022E-1	4.336029E+2	5.492500E-7	5.489757E-7	1.517205E-8	1.495418E-8	1.527888E-8	1.512464E-8	1.528130E-8	1.528831E-8	1.563737E-8	1.559103E-8	1.570251E-8	1.566131E-8	1.573510E-8	1.573883E-8	1.596169E-8	1.613031E-8	1.612681E-8	1.585892E-8	1.712745E-8	1.712865E-8	1.737932E-8	1.764161E-8	1.810625E-8	1.834937E-8	1.823390E-8	1.828493E-8	1.879301E-8	1.868363E-8	1.894197E-8	1.933978E-8	1.963610E-8	1.998108E-8	2.079793E-8	2.130745E-8
