APD#	0016	Started	07/04/07 17:05	Sense_ohms	1.004464E+6	1.004628E+6	1.002105E+6	1.000924E+6	9.998282E+5	1.007735E+6	1.002821E+6	9.989270E+5	9.993226E+5	1.002376E+6	1.001862E+6	1.003102E+6	1.000030E+6	1.003780E+6	1.000011E+6	1.000898E+6	9.999006E+5	1.006439E+6	1.005624E+6	1.010450E+6	1.003884E+6	1.005600E+6	1.002519E+6	1.006362E+6	1.004620E+6	1.008599E+6	1.003214E+6	1.000475E+6	1.003139E+6	9.996927E+5	1.009944E+6	1.000506E+6					
ElapTime	Shutter_Open	DegC	H2O_In	H2O_Out	TE_A	TE_V	BiasV	KE237_Amps	Pixel_Sum	A1	A2	A3	A4	A5	A6	A7	A8	B1	B2	B3	B4	B5	B6	B7	B8	C1	C2	C3	C4	C5	C6	C7	C8	D1	D2	D3	D4	D5	D6	D7	D8
0:00:00	0	1.982119E+1	1.534300E+1	1.562700E+1	5.701000E-4	-1.627810E-2	0.000000E+0	-4.640500E-10	-9.507093E-11	2.207147E-12	-5.044653E-12	-2.401944E-12	-2.657544E-12	-3.104533E-12	-2.262500E-12	-2.652517E-12	-4.121422E-12	-1.330902E-12	-2.338444E-12	-3.919702E-12	-4.862915E-12	-5.069848E-13	-4.480065E-12	-3.990956E-12	-1.518636E-12	-5.194516E-12	-4.154251E-12	-4.282913E-12	-3.447969E-12	-4.354089E-12	-4.094073E-12	-3.096201E-12	-4.217170E-12	-3.152436E-12	-3.516759E-12	-3.159844E-13	-3.102526E-12	-3.094287E-12	-2.470759E-12	-1.881292E-12	-1.709135E-12
0:00:13	0	1.982104E+1	1.531500E+1	1.558100E+1	5.954000E-4	-1.622740E-2	0.000000E+0	-3.386600E-10	-3.345010E-10	1.072214E-12	-1.254793E-11	-9.544908E-12	-1.164424E-11	-1.007373E-11	-1.150302E-11	-9.600916E-12	-1.008282E-11	-1.071226E-11	-1.156452E-11	-1.163334E-11	-1.244041E-11	-4.243873E-12	-1.438861E-11	-9.881891E-12	-1.151866E-11	-1.267026E-11	-1.057391E-11	-1.190505E-11	-1.266366E-11	-1.198943E-11	-1.077168E-11	-9.857170E-12	-1.063733E-11	-1.053035E-11	-1.061373E-11	-7.892633E-12	-1.107974E-11	-1.041929E-11	-1.172260E-11	-9.658951E-12	-1.120633E-11
0:00:26	0	1.982157E+1	1.529500E+1	1.561100E+1	5.827000E-4	-1.618940E-2	1.000000E+1	3.652500E-10	-1.115598E-10	1.084658E-11	-2.144077E-12	-1.580673E-12	-3.290959E-12	-2.914501E-12	-2.954150E-12	-3.790308E-12	-3.995287E-12	-4.119791E-12	-3.475742E-12	-4.615406E-12	-4.420288E-12	2.913913E-12	-7.193807E-12	-6.080933E-12	-7.214521E-12	-4.244422E-12	-4.783201E-12	-4.598140E-12	-6.080459E-12	-4.606110E-12	-3.779833E-12	-5.559994E-12	-4.028372E-12	-3.216141E-12	-5.149718E-12	-2.399289E-12	-3.039556E-12	-3.473098E-12	-4.752460E-12	-3.387317E-12	-4.431758E-12
0:00:40	0	1.981960E+1	1.529400E+1	1.555400E+1	5.827000E-4	-1.607540E-2	2.000000E+1	2.867300E-10	-3.721341E-11	1.128861E-11	-3.152411E-12	-6.286766E-14	-3.167074E-13	-8.231414E-13	-1.257275E-12	-1.579544E-12	-6.306767E-14	-3.802576E-13	-2.464145E-12	-2.149997E-12	-2.083537E-12	5.257842E-12	-5.742294E-12	-3.230964E-12	-2.974329E-12	-1.837183E-12	-2.329004E-12	-1.700437E-12	-3.385620E-12	-3.218499E-12	-1.008353E-12	-3.159042E-12	-1.132793E-12	-2.080389E-12	-3.203454E-12	6.947670E-13	-8.865789E-13	-1.704649E-12	-1.270390E-13	-5.020080E-13	-1.899039E-12
0:00:53	0	1.982142E+1	1.527000E+1	1.554500E+1	5.954000E-4	-1.599940E-2	3.000000E+1	9.513000E-10	5.923191E-11	1.393679E-11	2.080372E-12	8.851368E-13	1.835304E-12	2.407414E-12	3.394742E-12	2.842980E-12	3.360606E-12	3.676490E-12	1.137298E-12	2.525298E-13	1.200277E-12	9.311721E-12	-1.830082E-12	8.229909E-13	3.860533E-12	5.700567E-13	2.014032E-12	6.294599E-13	0.000000E+0	5.677947E-13	1.197295E-12	3.162035E-13	0.000000E+0	3.782525E-13	-8.159834E-13	3.283447E-12	8.865789E-13	2.522083E-13	1.077331E-12	-1.693163E-12	1.393295E-12
0:01:07	0	1.982180E+1	1.529900E+1	1.556400E+1	5.827000E-4	-1.593610E-2	4.000000E+1	1.118300E-9	1.627515E-10	1.727887E-11	6.809486E-12	5.941493E-12	2.848368E-12	4.561784E-12	6.663458E-12	4.294884E-12	7.228756E-12	6.085122E-12	6.888633E-12	3.161114E-12	4.673503E-12	1.203564E-11	1.199466E-12	3.356963E-12	4.556908E-12	2.724271E-12	3.901876E-12	3.401868E-12	2.821515E-12	4.921883E-12	5.039777E-12	3.601927E-12	4.468571E-12	3.972646E-12	1.821338E-12	7.387257E-12	4.052075E-12	3.094287E-12	4.562402E-12	4.014084E-12	5.381277E-12
0:01:20	0	1.982021E+1	1.528300E+1	1.558300E+1	5.701000E-4	-1.584740E-2	5.000000E+1	1.376100E-9	2.514768E-10	2.175688E-11	6.494941E-12	3.034612E-12	5.189205E-12	7.919361E-12	9.051983E-12	7.200687E-12	1.249240E-11	9.824655E-12	8.405030E-12	5.311111E-12	7.388082E-12	1.380859E-11	3.849449E-12	5.573939E-12	1.037968E-11	7.981793E-12	7.615961E-12	8.315235E-12	7.021624E-12	7.319571E-12	9.071201E-12	7.519059E-12	5.098563E-12	5.737493E-12	4.458660E-12	1.168146E-11	8.167121E-12	5.683161E-12	5.829791E-12	5.330989E-12	6.964476E-12
0:01:34	0	1.972406E+1	1.531800E+1	1.557400E+1	5.827000E-4	-1.574600E-2	6.000000E+1	1.553900E-9	3.544012E-10	2.440506E-11	1.090852E-11	1.043004E-11	8.354281E-12	1.165700E-11	1.307487E-11	1.136993E-11	1.515526E-11	1.236037E-11	1.112257E-11	7.017933E-12	1.048248E-11	1.722948E-11	7.193807E-12	9.311898E-12	1.082228E-11	1.026302E-11	9.000049E-12	1.033090E-11	9.340393E-12	9.590750E-12	1.064539E-11	1.074194E-11	9.126934E-12	1.040393E-11	6.657750E-12	1.641724E-11	1.164947E-11	8.966853E-12	9.567940E-12	9.596572E-12	1.120633E-11
0:01:47	0	1.972056E+1	1.529900E+1	1.556500E+1	5.954000E-4	-1.570800E-2	7.000000E+1	1.712600E-9	4.316332E-10	2.749526E-11	1.210597E-11	1.024044E-11	9.176521E-12	1.387538E-11	1.539988E-11	1.307512E-11	1.819953E-11	1.502318E-11	1.396582E-11	1.043257E-11	1.420892E-11	2.026939E-11	1.091773E-11	1.273186E-11	1.531525E-11	1.463445E-11	1.145524E-11	1.234656E-11	1.184819E-11	1.287201E-11	1.360581E-11	1.516480E-11	1.202251E-11	1.109773E-11	8.792394E-12	1.666942E-11	1.291586E-11	1.035649E-11	1.121545E-11	1.147786E-11	1.272556E-11
0:02:01	0	1.972155E+1	1.529800E+1	1.559800E+1	5.827000E-4	-1.559400E-2	8.000000E+1	1.803600E-9	5.083555E-10	2.995528E-11	1.361897E-11	1.409633E-11	1.132853E-11	1.697892E-11	1.848006E-11	1.579145E-11	2.187747E-11	1.863562E-11	1.813691E-11	1.289798E-11	1.648187E-11	2.299331E-11	1.192692E-11	1.418884E-11	1.569591E-11	1.742173E-11	1.428701E-11	1.637789E-11	1.347815E-11	1.476565E-11	1.669252E-11	1.491144E-11	1.441430E-11	1.380920E-11	1.130479E-11	1.850054E-11	1.468902E-11	1.357638E-11	1.305301E-11	1.285814E-11	1.513134E-11
0:02:14	0	1.972345E+1	1.533900E+1	1.560500E+1	5.574000E-4	-1.546740E-2	9.000000E+1	1.943600E-9	5.837967E-10	3.178412E-11	1.677238E-11	1.927942E-11	1.303695E-11	1.945034E-11	2.080607E-11	1.945512E-11	2.466747E-11	1.952323E-11	2.022195E-11	1.416263E-11	1.831319E-11	2.324730E-11	1.407280E-11	1.760981E-11	1.886006E-11	1.906890E-11	1.617584E-11	1.902301E-11	1.473205E-11	1.735260E-11	1.851929E-11	1.731239E-11	1.561068E-11	1.544763E-11	1.331451E-11	2.197338E-11	1.823434E-11	1.465001E-11	1.533371E-11	1.869114E-11	1.709435E-11
0:02:28	0	1.972094E+1	1.534500E+1	1.558300E+1	5.701000E-4	-1.540400E-2	1.000000E+2	1.998000E-9	6.572398E-10	3.361295E-11	2.099683E-11	1.883735E-11	1.347954E-11	2.147769E-11	2.344664E-11	2.172970E-11	2.866276E-11	2.212199E-11	2.287665E-11	1.707121E-11	1.944967E-11	2.565423E-11	1.703859E-11	1.906679E-11	2.240388E-11	2.350334E-11	1.787490E-11	1.984241E-11	1.924588E-11	1.911874E-11	2.047235E-11	2.028291E-11	1.825387E-11	1.834823E-11	1.588937E-11	2.273094E-11	1.981759E-11	1.730169E-11	1.843867E-11	1.856539E-11	1.962707E-11
0:02:42	0	1.972056E+1	1.534100E+1	1.559800E+1	5.701000E-4	-1.535330E-2	1.200000E+2	2.332000E-9	8.405066E-10	3.884659E-11	2.597777E-11	2.484271E-11	2.113747E-11	2.749672E-11	2.922891E-11	2.779359E-11	3.633599E-11	2.713038E-11	3.008053E-11	2.269873E-11	2.595449E-11	3.293801E-11	2.208751E-11	2.736470E-11	2.809977E-11	2.952193E-11	2.442075E-11	2.651886E-11	2.269385E-11	2.347283E-11	2.639320E-11	2.754861E-11	2.398143E-11	2.339292E-11	2.085070E-11	2.860307E-11	2.576876E-11	2.172281E-11	1.970606E-11	2.339536E-11	2.450160E-11
0:02:55	0	1.972201E+1	1.535100E+1	1.558700E+1	5.827000E-4	-1.529000E-2	1.400000E+2	2.719200E-9	1.072432E-9	4.874839E-11	3.385930E-11	3.160547E-11	2.670732E-11	3.364178E-11	3.696111E-11	3.695276E-11	4.527658E-11	3.492666E-11	3.696916E-11	3.034949E-11	3.290094E-11	3.977981E-11	2.940784E-11	3.293864E-11	3.556806E-11	3.617360E-11	3.065163E-11	3.395205E-11	2.915038E-11	3.167597E-11	3.288186E-11	3.430957E-11	3.071658E-11	3.140093E-11	2.656655E-11	3.687449E-11	3.254354E-11	2.911062E-11	2.845074E-11	3.035713E-11	3.102330E-11
0:03:09	0	1.972269E+1	1.532200E+1	1.558200E+1	5.827000E-4	-1.530270E-2	1.600000E+2	3.000200E-9	1.372817E-9	5.871191E-11	4.344394E-11	4.032911E-11	3.506060E-11	4.168816E-11	4.613812E-11	4.882826E-11	5.732551E-11	4.500549E-11	4.840699E-11	3.743030E-11	4.060504E-11	4.763357E-11	4.070314E-11	4.313753E-11	4.620051E-11	4.725970E-11	4.021804E-11	4.295940E-11	3.855411E-11	4.133047E-11	4.018894E-11	4.340865E-11	3.990711E-11	4.111107E-11	3.479381E-11	4.514690E-11	4.254779E-11	3.877229E-11	3.725845E-11	3.876156E-11	3.995078E-11
0:03:23	0	1.972147E+1	1.532300E+1	1.560000E+1	5.701000E-4	-1.532800E-2	1.800000E+2	3.336800E-9	1.771041E-9	7.164020E-11	5.769399E-11	5.120122E-11	4.594555E-11	5.442235E-11	5.883590E-11	6.234512E-11	7.229057E-11	5.552761E-11	6.123550E-11	4.912752E-11	5.336048E-11	5.985920E-11	5.035864E-11	5.662938E-11	5.784506E-11	6.075404E-11	5.318355E-11	5.562119E-11	4.971250E-11	5.432899E-11	5.505469E-11	5.686675E-11	5.337642E-11	5.302801E-11	4.729233E-11	5.834348E-11	5.514681E-11	4.975980E-11	4.821982E-11	4.967503E-11	5.235951E-11
0:03:37	0	1.972033E+1	1.532300E+1	1.560200E+1	5.827000E-4	-1.531530E-2	2.000000E+2	3.792700E-9	2.265533E-9	8.746854E-11	7.232229E-11	6.694109E-11	5.891956E-11	7.007104E-11	7.687636E-11	7.643139E-11	9.213887E-11	7.340272E-11	7.836181E-11	6.638838E-11	6.845366E-11	7.461776E-11	6.651358E-11	7.221221E-11	7.493271E-11	7.798575E-11	6.690520E-11	7.199808E-11	6.720372E-11	6.865235E-11	6.840990E-11	7.253728E-11	6.860951E-11	6.759372E-11	6.192550E-11	7.242423E-11	6.939304E-11	6.403101E-11	6.444180E-11	6.203116E-11	6.533894E-11
0:03:50	0	1.972125E+1	1.534300E+1	1.559400E+1	5.827000E-4	-1.529000E-2	2.200000E+2	4.446100E-9	2.890549E-9	1.069556E-10	9.514666E-11	8.773831E-11	7.550024E-11	8.736801E-11	9.724183E-11	1.016981E-10	1.168063E-10	9.254569E-11	1.007327E-10	8.504065E-11	8.657744E-11	9.457116E-11	8.525673E-11	9.273598E-11	9.410949E-11	9.863780E-11	8.729690E-11	9.259624E-11	8.086991E-11	8.802411E-11	8.755867E-11	9.345160E-11	8.711478E-11	8.581553E-11	8.076649E-11	9.142915E-11	8.788126E-11	8.234352E-11	8.053575E-11	7.984403E-11	8.635830E-11
0:04:04	0	1.972117E+1	1.534800E+1	1.558800E+1	5.827000E-4	-1.525200E-2	2.400000E+2	5.223600E-9	3.700617E-9	1.343881E-10	1.205571E-10	1.070806E-10	9.828419E-11	1.129004E-10	1.246488E-10	1.329031E-10	1.482591E-10	1.172044E-10	1.289805E-10	1.093194E-10	1.101314E-10	1.203514E-10	1.110044E-10	1.188337E-10	1.227787E-10	1.272086E-10	1.110251E-10	1.186109E-10	1.044416E-10	1.140211E-10	1.121261E-10	1.210640E-10	1.114748E-10	1.100914E-10	1.018066E-10	1.180755E-10	1.134601E-10	1.053284E-10	1.042981E-10	9.916193E-11	1.107969E-10
0:04:18	0	1.972140E+1	1.533200E+1	1.559200E+1	5.701000E-4	-1.529000E-2	2.600000E+2	6.296900E-9	4.787387E-9	1.693879E-10	1.558039E-10	1.419741E-10	1.272055E-10	1.476824E-10	1.599756E-10	1.734557E-10	1.923314E-10	1.509893E-10	1.687929E-10	1.400482E-10	1.410744E-10	1.531004E-10	1.476688E-10	1.539263E-10	1.561318E-10	1.641433E-10	1.436908E-10	1.533824E-10	1.352219E-10	1.459501E-10	1.453858E-10	1.554365E-10	1.443318E-10	1.406721E-10	1.349050E-10	1.511622E-10	1.466373E-10	1.347550E-10	1.369941E-10	1.329064E-10	1.422640E-10
0:04:32	0	1.972406E+1	1.531400E+1	1.559200E+1	5.954000E-4	-1.526470E-2	2.800000E+2	7.807600E-9	6.269402E-9	2.169376E-10	2.066247E-10	1.843889E-10	1.681516E-10	1.935523E-10	2.101366E-10	2.289791E-10	2.518763E-10	1.972626E-10	2.209291E-10	1.856982E-10	1.836374E-10	1.988970E-10	1.910229E-10	1.995338E-10	2.030277E-10	2.138733E-10	1.895107E-10	2.030819E-10	1.777881E-10	1.911924E-10	1.885979E-10	2.059851E-10	1.877634E-10	1.826661E-10	1.778001E-10	1.970656E-10	1.924766E-10	1.787678E-10	1.809056E-10	1.736126E-10	1.876590E-10
0:04:45	0	1.972087E+1	1.533000E+1	1.561400E+1	5.827000E-4	-1.525200E-2	3.000000E+2	9.668000E-9	8.299142E-9	2.814516E-10	2.734614E-10	2.453246E-10	2.225154E-10	2.562740E-10	2.785266E-10	3.031997E-10	3.284785E-10	2.574814E-10	2.889265E-10	2.448152E-10	2.462182E-10	2.595162E-10	2.519207E-10	2.614851E-10	2.627081E-10	2.836232E-10	2.542131E-10	2.706071E-10	2.362146E-10	2.555544E-10	2.527247E-10	2.735938E-10	2.452318E-10	2.415580E-10	2.392864E-10	2.620388E-10	2.594008E-10	2.407154E-10	2.440160E-10	2.298108E-10	2.482494E-10
0:04:59	0	1.972003E+1	1.534700E+1	1.558800E+1	5.701000E-4	-1.523930E-2	3.200000E+2	1.245800E-8	1.121993E-8	3.728934E-10	3.739673E-10	3.349589E-10	3.097868E-10	3.479498E-10	3.753288E-10	4.012979E-10	4.280373E-10	3.480628E-10	3.896582E-10	3.324480E-10	3.334895E-10	3.469926E-10	3.386280E-10	3.522571E-10	3.470713E-10	3.828941E-10	3.480559E-10	3.657868E-10	3.224761E-10	3.490045E-10	3.436854E-10	3.698892E-10	3.256741E-10	3.276891E-10	3.292855E-10	3.551097E-10	3.576021E-10	3.294987E-10	3.327893E-10	3.112222E-10	3.364448E-10
0:05:13	0	1.972087E+1	1.533600E+1	1.556800E+1	5.827000E-4	-1.517600E-2	3.400000E+2	1.689300E-8	1.551838E-8	5.096151E-10	5.170352E-10	4.657446E-10	4.345245E-10	4.799195E-10	5.123609E-10	5.458861E-10	5.719207E-10	4.799091E-10	5.357012E-10	4.597240E-10	4.617457E-10	4.745018E-10	4.657246E-10	4.814787E-10	4.678878E-10	5.318959E-10	4.885999E-10	5.124281E-10	4.501123E-10	4.873830E-10	4.779206E-10	5.114247E-10	4.491088E-10	4.529762E-10	4.660742E-10	4.949064E-10	4.985402E-10	4.645069E-10	4.668054E-10	4.362885E-10	4.657293E-10
0:05:27	0	1.972125E+1	1.533000E+1	1.558600E+1	5.827000E-4	-1.516330E-2	3.600000E+2	2.351000E-8	2.216727E-8	7.169675E-10	7.408732E-10	6.699817E-10	6.269777E-10	6.831654E-10	7.275256E-10	7.698124E-10	7.911389E-10	6.832568E-10	7.601060E-10	6.605341E-10	6.592749E-10	6.759327E-10	6.625535E-10	6.838005E-10	6.576255E-10	7.619247E-10	7.058043E-10	7.316353E-10	6.471463E-10	7.024268E-10	6.864250E-10	7.315004E-10	6.342906E-10	6.510910E-10	6.759049E-10	7.117355E-10	7.209016E-10	6.679653E-10	6.762878E-10	6.254555E-10	6.672534E-10
0:05:40	0	1.971988E+1	1.529700E+1	1.560200E+1	5.954000E-4	-1.516330E-2	3.610000E+2	2.351700E-8	2.256498E-8	7.292018E-10	7.526647E-10	6.809805E-10	6.383062E-10	6.967227E-10	7.409775E-10	7.832664E-10	8.056605E-10	6.958714E-10	7.721763E-10	6.735588E-10	6.713993E-10	6.856874E-10	6.754269E-10	6.948224E-10	6.673717E-10	7.723138E-10	7.176997E-10	7.454933E-10	6.599347E-10	7.157411E-10	6.992751E-10	7.460966E-10	6.467534E-10	6.607384E-10	6.886543E-10	7.268270E-10	7.341983E-10	6.811628E-10	6.883895E-10	6.368710E-10	6.807395E-10
0:05:54	0	1.972064E+1	1.533200E+1	1.556800E+1	5.701000E-4	-1.515070E-2	3.620000E+2	2.381300E-8	2.302902E-8	7.437688E-10	7.692469E-10	6.972263E-10	6.534322E-10	7.114852E-10	7.557493E-10	8.002585E-10	8.200559E-10	7.098168E-10	7.875957E-10	6.866465E-10	6.864297E-10	6.998760E-10	6.869125E-10	7.113552E-10	6.809795E-10	7.880883E-10	7.343157E-10	7.591625E-10	6.727240E-10	7.309480E-10	7.136376E-10	7.606928E-10	6.590283E-10	6.754922E-10	7.039785E-10	7.397076E-10	7.490142E-10	6.947392E-10	7.000491E-10	6.502925E-10	6.963147E-10
0:06:07	0	1.972277E+1	1.532200E+1	1.557200E+1	5.827000E-4	-1.508730E-2	3.630000E+2	2.423900E-8	2.345975E-8	7.565707E-10	7.833706E-10	7.092361E-10	6.666590E-10	7.242194E-10	7.707096E-10	8.140914E-10	8.338798E-10	7.226845E-10	8.025092E-10	6.995444E-10	6.986797E-10	7.132416E-10	7.009853E-10	7.237700E-10	6.923713E-10	8.028488E-10	7.460234E-10	7.744694E-10	6.873927E-10	7.452714E-10	7.277476E-10	7.758566E-10	6.720574E-10	6.869682E-10	7.174824E-10	7.532829E-10	7.623729E-10	7.100212E-10	7.148127E-10	6.623981E-10	7.082176E-10
0:06:21	0	1.972071E+1	1.530700E+1	1.559100E+1	5.701000E-4	-1.503670E-2	3.640000E+2	2.477100E-8	2.390256E-8	7.701929E-10	7.971797E-10	7.212468E-10	6.781764E-10	7.394250E-10	7.844126E-10	8.294411E-10	8.481471E-10	7.360586E-10	8.187506E-10	7.102306E-10	7.104891E-10	7.264172E-10	7.130377E-10	7.356789E-10	7.057882E-10	8.188774E-10	7.642758E-10	7.880749E-10	6.996180E-10	7.597212E-10	7.418576E-10	7.907052E-10	6.842061E-10	7.014075E-10	7.325548E-10	7.688788E-10	7.782024E-10	7.236604E-10	7.291971E-10	6.746285E-10	7.220197E-10
0:06:34	0	1.972170E+1	1.530200E+1	1.557300E+1	5.701000E-4	-1.503670E-2	3.650000E+2	2.513700E-8	2.439475E-8	7.863368E-10	8.155277E-10	7.383138E-10	6.936191E-10	7.543136E-10	8.006301E-10	8.458020E-10	8.634935E-10	7.501311E-10	8.330956E-10	7.271121E-10	7.291183E-10	7.414928E-10	7.291936E-10	7.516417E-10	7.188255E-10	8.345250E-10	7.778703E-10	8.046417E-10	7.151645E-10	7.746124E-10	7.584248E-10	8.076396E-10	6.974866E-10	7.154058E-10	7.460586E-10	7.827074E-10	7.939039E-10	7.373634E-10	7.451640E-10	6.881134E-10	7.370241E-10
0:06:48	0	1.972185E+1	1.531700E+1	1.561200E+1	5.827000E-4	-1.499870E-2	3.660000E+2	2.563300E-8	2.486893E-8	7.997061E-10	8.297778E-10	7.511458E-10	7.079848E-10	7.683150E-10	8.159685E-10	8.614040E-10	8.811224E-10	7.662951E-10	8.511058E-10	7.403265E-10	7.393485E-10	7.517544E-10	7.434557E-10	7.655146E-10	7.326221E-10	8.512496E-10	7.940461E-10	8.213348E-10	7.290821E-10	7.910187E-10	7.719053E-10	8.221719E-10	7.110831E-10	7.289622E-10	7.628274E-10	8.005132E-10	8.111887E-10	7.534021E-10	7.586611E-10	7.031043E-10	7.525362E-10
0:07:01	0	1.970445E+1	1.532300E+1	1.558200E+1	5.827000E-4	-1.493530E-2	3.670000E+2	2.602100E-8	2.535438E-8	8.154090E-10	8.457937E-10	7.654946E-10	7.196930E-10	7.821904E-10	8.307402E-10	8.782056E-10	8.965950E-10	7.802405E-10	8.667157E-10	7.561960E-10	7.547567E-10	7.696169E-10	7.560770E-10	7.823004E-10	7.468623E-10	8.674042E-10	8.085219E-10	8.367670E-10	7.441269E-10	8.072985E-10	7.884726E-10	8.375891E-10	7.248674E-10	7.446627E-10	7.765187E-10	8.176252E-10	8.265114E-10	7.676733E-10	7.753893E-10	7.169031E-10	7.671618E-10
0:07:15	0	1.970916E+1	1.534200E+1	1.558300E+1	5.574000E-4	-1.489730E-2	3.680000E+2	2.667000E-8	2.584231E-8	8.313638E-10	8.635744E-10	7.812345E-10	7.343115E-10	7.980291E-10	8.470203E-10	8.951976E-10	9.124481E-10	7.939959E-10	8.816292E-10	7.697268E-10	7.707960E-10	7.851994E-10	7.704019E-10	7.954762E-10	7.592662E-10	8.838119E-10	8.253267E-10	8.544048E-10	7.584829E-10	8.235155E-10	8.028968E-10	8.535120E-10	7.389677E-10	7.585973E-10	7.933500E-10	8.312005E-10	8.439231E-10	7.834607E-10	7.908500E-10	7.301365E-10	7.802042E-10
0:07:28	0	1.972117E+1	1.534300E+1	1.560500E+1	5.827000E-4	-1.485930E-2	3.690000E+2	2.721900E-8	2.639697E-8	8.475077E-10	8.797794E-10	7.993134E-10	7.510830E-10	8.151350E-10	8.664431E-10	9.125686E-10	9.302041E-10	8.125684E-10	9.007139E-10	7.865455E-10	7.845623E-10	8.027449E-10	7.858624E-10	8.119451E-10	7.740759E-10	9.042109E-10	8.437680E-10	8.727347E-10	7.740927E-10	8.397952E-10	8.201571E-10	8.733530E-10	7.532558E-10	7.745496E-10	8.103706E-10	8.531739E-10	8.626642E-10	8.010146E-10	8.071350E-10	7.466325E-10	7.990077E-10
0:07:42	0	1.962046E+1	1.534900E+1	1.557600E+1	5.954000E-4	-1.482130E-2	3.700000E+2	2.768700E-8	2.692677E-8	8.644093E-10	8.981275E-10	8.146102E-10	7.662080E-10	8.311638E-10	8.819700E-10	9.294341E-10	9.485298E-10	8.274005E-10	9.199253E-10	8.016563E-10	8.013602E-10	8.184544E-10	8.023332E-10	8.277819E-10	7.886318E-10	9.217596E-10	8.598176E-10	8.912536E-10	7.910822E-10	8.579049E-10	8.372912E-10	8.909178E-10	7.693067E-10	7.905656E-10	8.268876E-10	8.670015E-10	8.791254E-10	8.180013E-10	8.248135E-10	7.627522E-10	8.162920E-10
0:07:55	0	1.972254E+1	1.532500E+1	1.558800E+1	5.827000E-4	-1.482130E-2	3.710000E+2	2.813600E-8	2.747896E-8	8.808061E-10	9.174222E-10	8.307922E-10	7.829156E-10	8.470025E-10	8.986271E-10	9.486369E-10	9.650175E-10	8.452766E-10	9.379993E-10	8.205621E-10	8.177792E-10	8.348600E-10	8.174789E-10	8.457707E-10	8.047703E-10	9.408275E-10	8.791402E-10	9.076315E-10	8.060023E-10	8.763931E-10	8.544879E-10	9.093683E-10	7.854828E-10	8.070853E-10	8.444734E-10	8.868915E-10	8.981204E-10	8.340409E-10	8.419847E-10	7.780560E-10	8.332604E-10
0:08:09	0	1.962092E+1	1.534200E+1	1.558700E+1	5.827000E-4	-1.482130E-2	3.720000E+2	2.881300E-8	2.803006E-8	8.968236E-10	9.360221E-10	8.469113E-10	7.989907E-10	8.654397E-10	9.176738E-10	9.674608E-10	9.854364E-10	8.636590E-10	9.557571E-10	8.350402E-10	8.347028E-10	8.521524E-10	8.360956E-10	8.615435E-10	8.205292E-10	9.591363E-10	8.960712E-10	9.270960E-10	8.231788E-10	8.934299E-10	8.728819E-10	9.276921E-10	8.005896E-10	8.225339E-10	8.613046E-10	9.036875E-10	9.147715E-10	8.529845E-10	8.595371E-10	7.931093E-10	8.478220E-10
0:08:22	0	1.962137E+1	1.534900E+1	1.558600E+1	5.701000E-4	-1.480860E-2	3.730000E+2	2.938400E-8	2.865085E-8	9.180130E-10	9.563888E-10	8.654961E-10	8.167104E-10	8.838128E-10	9.392340E-10	9.880527E-10	1.004016E-9	8.805195E-10	9.790757E-10	8.532502E-10	8.528903E-10	8.680520E-10	8.520612E-10	8.816243E-10	8.383132E-10	9.803594E-10	9.168405E-10	9.480084E-10	8.411084E-10	9.151994E-10	8.923459E-10	9.477855E-10	8.184659E-10	8.405666E-10	8.822188E-10	9.233872E-10	9.372488E-10	8.719290E-10	8.796233E-10	8.106083E-10	8.676390E-10
0:08:36	0	1.962327E+1	1.532900E+1	1.561500E+1	5.827000E-4	-1.479600E-2	3.740000E+2	3.016100E-8	2.924817E-8	9.344725E-10	9.756198E-10	8.841429E-10	8.348106E-10	9.025661E-10	9.555766E-10	1.007003E-9	1.022659E-9	8.973809E-10	9.974022E-10	8.719654E-10	8.698766E-10	8.889553E-10	8.722559E-10	8.993601E-10	8.554009E-10	1.001899E-9	9.357855E-10	9.681024E-10	8.589124E-10	9.340033E-10	9.112440E-10	9.685732E-10	8.350832E-10	8.590412E-10	9.027562E-10	9.434667E-10	9.576361E-10	8.888519E-10	8.983161E-10	8.291113E-10	8.859367E-10
0:08:49	0	1.961962E+1	1.532400E+1	1.558600E+1	5.827000E-4	-1.479600E-2	3.750000E+2	3.057400E-8	2.984875E-8	9.548416E-10	9.958602E-10	9.026639E-10	8.529109E-10	9.212563E-10	9.754400E-10	1.029427E-9	1.041874E-9	9.164608E-10	1.016866E-9	8.903641E-10	8.885059E-10	9.056778E-10	8.898623E-10	9.171599E-10	8.721718E-10	1.020713E-9	9.568707E-10	9.879448E-10	8.772181E-10	9.545107E-10	9.297007E-10	9.873399E-10	8.532745E-10	8.769485E-10	9.206553E-10	9.644931E-10	9.763143E-10	9.051438E-10	9.157414E-10	8.457944E-10	9.047402E-10
0:09:03	0	1.962175E+1	1.532800E+1	1.557900E+1	5.954000E-4	-1.478330E-2	3.760000E+2	3.115200E-8	3.048036E-8	9.723733E-10	1.016982E-9	9.231448E-10	8.712000E-10	9.403896E-10	9.979439E-10	1.048124E-9	1.062230E-9	9.365544E-10	1.038668E-9	9.103439E-10	9.070713E-10	9.241733E-10	9.067116E-10	9.366697E-10	8.897030E-10	1.044154E-9	9.754382E-10	1.008101E-9	8.957742E-10	9.755858E-10	9.500467E-10	1.008001E-9	8.686954E-10	8.952977E-10	9.423230E-10	9.837512E-10	9.987906E-10	9.286978E-10	9.351944E-10	8.640469E-10	9.241774E-10
0:09:16	0	1.962206E+1	1.532900E+1	1.559600E+1	5.701000E-4	-1.478330E-2	3.770000E+2	3.180300E-8	3.116582E-8	9.913556E-10	1.040249E-9	9.431197E-10	8.897429E-10	9.622473E-10	1.019127E-9	1.074023E-9	1.084424E-9	9.558875E-10	1.061671E-9	9.287437E-10	9.272796E-10	9.449507E-10	9.303134E-10	9.580805E-10	9.098290E-10	1.067467E-9	9.989140E-10	1.030526E-9	9.168371E-10	9.968502E-10	9.721569E-10	1.032454E-9	8.902860E-10	9.167357E-10	9.620434E-10	1.006419E-9	1.021331E-9	9.459995E-10	9.565479E-10	8.832391E-10	9.469698E-10
0:09:30	0	1.962130E+1	1.535900E+1	1.558700E+1	5.827000E-4	-1.475800E-2	3.780000E+2	3.251400E-8	3.184023E-8	1.016455E-9	1.062255E-9	9.637902E-10	9.103748E-10	9.823938E-10	1.040499E-9	1.094805E-9	1.107633E-9	9.779465E-10	1.083474E-9	9.511889E-10	9.489394E-10	9.650930E-10	9.462791E-10	9.772732E-10	9.274861E-10	1.088879E-9	1.021132E-9	1.054336E-9	9.375249E-10	1.019629E-9	9.918109E-10	1.054695E-9	9.088539E-10	9.355259E-10	9.828326E-10	1.029465E-9	1.044187E-9	9.697430E-10	9.779015E-10	9.018045E-10	9.660272E-10
0:09:43	0	1.962358E+1	1.531600E+1	1.557400E+1	5.954000E-4	-1.475800E-2	3.790000E+2	3.323200E-8	3.252139E-8	1.033608E-9	1.084008E-9	9.850924E-10	9.312595E-10	1.002604E-9	1.063506E-9	1.117987E-9	1.128939E-9	9.986115E-10	1.105591E-9	9.693351E-10	9.685157E-10	9.868834E-10	9.681773E-10	9.979870E-10	9.458396E-10	1.113523E-9	1.042657E-9	1.077077E-9	9.575229E-10	1.040389E-9	1.014677E-9	1.076494E-9	9.278003E-10	9.565856E-10	1.005756E-9	1.050177E-9	1.067487E-9	9.920340E-10	1.000396E-9	9.238829E-10	9.869836E-10
0:09:57	0	1.962076E+1	1.532200E+1	1.559400E+1	5.827000E-4	-1.480860E-2	3.800000E+2	3.402100E-8	3.328490E-8	1.061419E-9	1.112382E-9	1.007280E-9	9.520803E-10	1.025793E-9	1.088271E-9	1.144264E-9	1.155890E-9	1.020924E-9	1.131122E-9	9.930450E-10	9.901127E-10	1.007153E-9	9.901383E-10	1.022438E-9	9.693825E-10	1.140130E-9	1.067141E-9	1.104036E-9	9.788381E-10	1.064998E-9	1.038676E-9	1.100190E-9	9.495162E-10	9.794111E-10	1.029496E-9	1.076317E-9	1.092180E-9	1.015461E-9	1.023524E-9	9.433266E-10	1.009966E-9
0:10:10	0	1.962076E+1	1.536200E+1	1.558500E+1	5.701000E-4	-1.470730E-2	3.810000E+2	3.475700E-8	3.401258E-8	1.083176E-9	1.136153E-9	1.028329E-9	9.739770E-10	1.047080E-9	1.112975E-9	1.166119E-9	1.178846E-9	1.043680E-9	1.156210E-9	1.014669E-9	1.012215E-9	1.028626E-9	1.010964E-9	1.043912E-9	9.877990E-10	1.165978E-9	1.091309E-9	1.126020E-9	1.002535E-9	1.090175E-9	1.060787E-9	1.126601E-9	9.685888E-10	9.993361E-10	1.052483E-9	1.098479E-9	1.117569E-9	1.042488E-9	1.046526E-9	9.662189E-10	1.032758E-9
0:10:24	0	1.962251E+1	1.533600E+1	1.558600E+1	5.701000E-4	-1.465660E-2	3.820000E+2	3.556500E-8	3.476392E-8	1.104492E-9	1.159483E-9	1.051781E-9	9.948617E-10	1.071155E-9	1.137804E-9	1.193092E-9	1.204147E-9	1.065676E-9	1.181425E-9	1.036040E-9	1.035580E-9	1.052569E-9	1.033744E-9	1.070263E-9	1.010014E-9	1.190558E-9	1.116045E-9	1.149893E-9	1.024225E-9	1.115225E-9	1.085606E-9	1.151749E-9	9.915001E-10	1.022098E-9	1.075218E-9	1.122979E-9	1.141439E-9	1.061179E-9	1.069970E-9	9.871686E-10	1.056944E-9
0:10:37	0	1.962107E+1	1.533900E+1	1.560800E+1	5.827000E-4	-1.464400E-2	3.830000E+2	3.626500E-8	3.556124E-8	1.130852E-9	1.186091E-9	1.077572E-9	1.018278E-9	1.094977E-9	1.162382E-9	1.219369E-9	1.229386E-9	1.089826E-9	1.208409E-9	1.061267E-9	1.058566E-9	1.075247E-9	1.056021E-9	1.091103E-9	1.029569E-9	1.218749E-9	1.145060E-9	1.178302E-9	1.048361E-9	1.140403E-9	1.111244E-9	1.179045E-9	1.011579E-9	1.045428E-9	1.102727E-9	1.149688E-9	1.169424E-9	1.087259E-9	1.095253E-9	1.009685E-9	1.080116E-9
0:10:51	0	1.962312E+1	1.533100E+1	1.562000E+1	5.954000E-4	-1.461860E-2	3.840000E+2	3.713600E-8	3.642301E-8	1.154122E-9	1.212762E-9	1.102919E-9	1.044098E-9	1.121777E-9	1.192303E-9	1.246720E-9	1.257477E-9	1.115562E-9	1.236215E-9	1.086811E-9	1.083889E-9	1.103561E-9	1.082652E-9	1.119672E-9	1.055961E-9	1.249158E-9	1.171935E-9	1.206899E-9	1.073311E-9	1.168482E-9	1.136693E-9	1.206404E-9	1.037387E-9	1.070775E-9	1.130738E-9	1.178796E-9	1.196965E-9	1.112707E-9	1.124146E-9	1.034961E-9	1.107151E-9
0:11:04	0	1.962099E+1	1.535100E+1	1.560200E+1	5.827000E-4	-1.459330E-2	3.850000E+2	3.800000E-8	3.726639E-8	1.180987E-9	1.242460E-9	1.128646E-9	1.069540E-9	1.148196E-9	1.218138E-9	1.276535E-9	1.284809E-9	1.142438E-9	1.266549E-9	1.111090E-9	1.108896E-9	1.128708E-9	1.107011E-9	1.142285E-9	1.078617E-9	1.276209E-9	1.196482E-9	1.234489E-9	1.099453E-9	1.194416E-9	1.164661E-9	1.233385E-9	1.062564E-9	1.097131E-9	1.157429E-9	1.206705E-9	1.226091E-9	1.139544E-9	1.149619E-9	1.058231E-9	1.135073E-9
0:11:18	0	1.962061E+1	1.537800E+1	1.557700E+1	5.701000E-4	-1.456790E-2	3.867329E+2	3.956500E-8	3.877116E-8	1.226519E-9	1.294226E-9	1.175424E-9	1.111499E-9	1.194699E-9	1.267482E-9	1.327574E-9	1.334714E-9	1.185542E-9	1.313755E-9	1.156424E-9	1.153542E-9	1.171971E-9	1.150743E-9	1.188970E-9	1.121274E-9	1.326827E-9	1.249854E-9	1.284441E-9	1.143775E-9	1.246031E-9	1.212535E-9	1.284438E-9	1.102408E-9	1.140702E-9	1.205915E-9	1.254251E-9	1.276680E-9	1.186020E-9	1.200564E-9	1.101384E-9	1.180974E-9
0:11:31	0	1.962266E+1	1.533500E+1	1.560000E+1	5.827000E-4	-1.455530E-2	3.884657E+2	4.122900E-8	4.048451E-8	1.278294E-9	1.347065E-9	1.224033E-9	1.163837E-9	1.247601E-9	1.321225E-9	1.384297E-9	1.389440E-9	1.238914E-9	1.372272E-9	1.208776E-9	1.204314E-9	1.222899E-9	1.203185E-9	1.242369E-9	1.171588E-9	1.387517E-9	1.304297E-9	1.342897E-9	1.195744E-9	1.301812E-9	1.266267E-9	1.342506E-9	1.151819E-9	1.191964E-9	1.259864E-9	1.309248E-9	1.334612E-9	1.241210E-9	1.250558E-9	1.150369E-9	1.233714E-9
0:11:45	0	1.962099E+1	1.535100E+1	1.560300E+1	5.827000E-4	-1.454260E-2	3.901986E+2	4.295400E-8	4.218677E-8	1.329375E-9	1.406714E-9	1.278901E-9	1.210985E-9	1.298539E-9	1.376856E-9	1.443106E-9	1.445750E-9	1.290005E-9	1.428011E-9	1.258599E-9	1.255843E-9	1.275981E-9	1.251398E-9	1.294311E-9	1.216965E-9	1.443012E-9	1.358299E-9	1.399714E-9	1.246084E-9	1.358223E-9	1.320692E-9	1.399437E-9	1.201546E-9	1.240894E-9	1.315258E-9	1.365633E-9	1.391279E-9	1.293369E-9	1.306128E-9	1.200044E-9	1.285820E-9
0:11:58	0	1.962206E+1	1.535900E+1	1.561700E+1	5.827000E-4	-1.449190E-2	3.919315E+2	4.484100E-8	4.398197E-8	1.385690E-9	1.463777E-9	1.330418E-9	1.265601E-9	1.354483E-9	1.435943E-9	1.503682E-9	1.504852E-9	1.344899E-9	1.488299E-9	1.311457E-9	1.309141E-9	1.331215E-9	1.305418E-9	1.348914E-9	1.270127E-9	1.505350E-9	1.416455E-9	1.460752E-9	1.299245E-9	1.415769E-9	1.376629E-9	1.459210E-9	1.250265E-9	1.294426E-9	1.372411E-9	1.424355E-9	1.448326E-9	1.349823E-9	1.362460E-9	1.249907E-9	1.342675E-9
0:12:12	0	1.962221E+1	1.535500E+1	1.560300E+1	5.827000E-4	-1.449190E-2	3.936644E+2	4.680900E-8	4.605279E-8	1.449321E-9	1.533450E-9	1.394516E-9	1.325027E-9	1.418852E-9	1.503767E-9	1.571145E-9	1.572767E-9	1.405624E-9	1.557496E-9	1.374620E-9	1.368817E-9	1.392088E-9	1.367703E-9	1.412321E-9	1.326137E-9	1.573009E-9	1.485500E-9	1.527900E-9	1.361245E-9	1.484548E-9	1.443149E-9	1.528020E-9	1.310439E-9	1.355966E-9	1.434839E-9	1.494506E-9	1.521264E-9	1.414485E-9	1.428929E-9	1.311186E-9	1.404151E-9
0:12:25	0	1.962069E+1	1.537500E+1	1.562500E+1	5.827000E-4	-1.450460E-2	3.953972E+2	4.894600E-8	4.811776E-8	1.509358E-9	1.599719E-9	1.458928E-9	1.383820E-9	1.479736E-9	1.571089E-9	1.640122E-9	1.638399E-9	1.465653E-9	1.626316E-9	1.436647E-9	1.433735E-9	1.454227E-9	1.425319E-9	1.476933E-9	1.382906E-9	1.645800E-9	1.551586E-9	1.597505E-9	1.424687E-9	1.552759E-9	1.508094E-9	1.596639E-9	1.368537E-9	1.415679E-9	1.503484E-9	1.560490E-9	1.589011E-9	1.480536E-9	1.496919E-9	1.375224E-9	1.467907E-9
0:12:39	0	1.962190E+1	1.538000E+1	1.560200E+1	5.827000E-4	-1.446660E-2	3.971301E+2	5.117000E-8	5.037562E-8	1.577845E-9	1.673554E-9	1.527071E-9	1.449195E-9	1.550441E-9	1.642308E-9	1.716428E-9	1.712909E-9	1.536012E-9	1.700190E-9	1.503921E-9	1.498903E-9	1.522828E-9	1.493032E-9	1.544204E-9	1.446448E-9	1.725241E-9	1.626863E-9	1.672337E-9	1.491201E-9	1.628605E-9	1.580471E-9	1.671640E-9	1.432489E-9	1.482388E-9	1.575647E-9	1.634808E-9	1.666951E-9	1.550566E-9	1.567380E-9	1.435688E-9	1.538059E-9
0:12:52	0	1.962054E+1	1.537100E+1	1.564400E+1	5.827000E-4	-1.446660E-2	3.988630E+2	5.369300E-8	5.282307E-8	1.651376E-9	1.751551E-9	1.602861E-9	1.522290E-9	1.623871E-9	1.724024E-9	1.796523E-9	1.791541E-9	1.609352E-9	1.781585E-9	1.576252E-9	1.571399E-9	1.594215E-9	1.564343E-9	1.619837E-9	1.516761E-9	1.807029E-9	1.703397E-9	1.755485E-9	1.564235E-9	1.705334E-9	1.658834E-9	1.756310E-9	1.502294E-9	1.554711E-9	1.656351E-9	1.713040E-9	1.748690E-9	1.628173E-9	1.646649E-9	1.508318E-9	1.616439E-9
0:13:06	0	1.962031E+1	1.536900E+1	1.558800E+1	5.574000E-4	-1.447930E-2	4.005958E+2	5.614100E-8	5.532055E-8	1.727684E-9	1.834843E-9	1.675302E-9	1.590324E-9	1.702115E-9	1.807186E-9	1.880156E-9	1.873154E-9	1.683263E-9	1.862854E-9	1.652504E-9	1.646799E-9	1.670797E-9	1.641017E-9	1.697180E-9	1.586188E-9	1.893882E-9	1.785533E-9	1.839829E-9	1.640151E-9	1.787490E-9	1.737763E-9	1.839399E-9	1.572666E-9	1.628547E-9	1.732784E-9	1.795630E-9	1.833089E-9	1.706853E-9	1.723257E-9	1.578566E-9	1.693745E-9
0:13:19	0	1.962251E+1	1.535400E+1	1.563000E+1	5.954000E-4	-1.445390E-2	4.023287E+2	5.902200E-8	5.814269E-8	1.808845E-9	1.928099E-9	1.761271E-9	1.676456E-9	1.787709E-9	1.894937E-9	1.977054E-9	1.964658E-9	1.766174E-9	1.958910E-9	1.734699E-9	1.730282E-9	1.754346E-9	1.722298E-9	1.784024E-9	1.667513E-9	1.984791E-9	1.878117E-9	1.932047E-9	1.725221E-9	1.882393E-9	1.828031E-9	1.932471E-9	1.653927E-9	1.712661E-9	1.826551E-9	1.886933E-9	1.927935E-9	1.794690E-9	1.816528E-9	1.660543E-9	1.782572E-9
0:13:33	0	1.962130E+1	1.537100E+1	1.561900E+1	5.827000E-4	-1.446660E-2	4.040616E+2	6.199700E-8	6.115582E-8	1.898458E-9	2.025957E-9	1.852295E-9	1.763475E-9	1.880145E-9	1.992682E-9	2.076098E-9	2.065611E-9	1.858150E-9	2.056546E-9	1.824419E-9	1.818880E-9	1.847018E-9	1.813234E-9	1.877140E-9	1.750230E-9	2.088118E-9	1.974792E-9	2.033777E-9	1.815621E-9	1.982405E-9	1.923904E-9	2.033947E-9	1.740727E-9	1.800683E-9	1.918938E-9	1.984235E-9	2.027656E-9	1.889158E-9	1.914869E-9	1.749043E-9	1.877605E-9
0:13:46	0	1.962114E+1	1.536100E+1	1.562800E+1	5.827000E-4	-1.450460E-2	4.057945E+2	6.527400E-8	6.442401E-8	1.994567E-9	2.133339E-9	1.945975E-9	1.858468E-9	1.983288E-9	2.100989E-9	2.188032E-9	2.171830E-9	1.949492E-9	2.164484E-9	1.922105E-9	1.917834E-9	1.944502E-9	1.909155E-9	1.979885E-9	1.841871E-9	2.198224E-9	2.081664E-9	2.141934E-9	1.911723E-9	2.094031E-9	2.027023E-9	2.142881E-9	1.832437E-9	1.896840E-9	2.023696E-9	2.091578E-9	2.139725E-9	1.993223E-9	2.021955E-9	1.844253E-9	1.977006E-9
0:14:00	0	1.962190E+1	1.534000E+1	1.563400E+1	5.574000E-4	-1.450460E-2	4.075273E+2	6.858100E-8	6.780479E-8	2.095660E-9	2.241916E-9	2.051222E-9	1.957257E-9	2.083580E-9	2.210866E-9	2.302364E-9	2.282042E-9	2.050405E-9	2.274885E-9	2.025607E-9	2.017293E-9	2.044711E-9	2.010504E-9	2.083769E-9	1.937943E-9	2.312889E-9	2.191621E-9	2.253806E-9	2.013908E-9	2.205150E-9	2.134804E-9	2.254404E-9	1.930568E-9	1.994573E-9	2.129587E-9	2.200435E-9	2.252172E-9	2.101837E-9	2.131768E-9	1.942160E-9	2.085081E-9
0:14:13	0	1.962054E+1	1.533300E+1	1.561400E+1	5.701000E-4	-1.451730E-2	4.092602E+2	7.262700E-8	7.179061E-8	2.215354E-9	2.369158E-9	2.171390E-9	2.071553E-9	2.206746E-9	2.341487E-9	2.433940E-9	2.411785E-9	2.170526E-9	2.403170E-9	2.142769E-9	2.133617E-9	2.165127E-9	2.127632E-9	2.204126E-9	2.050785E-9	2.444660E-9	2.323291E-9	2.389676E-9	2.134211E-9	2.337344E-9	2.265387E-9	2.392149E-9	2.043049E-9	2.111602E-9	2.257834E-9	2.329939E-9	2.386589E-9	2.225731E-9	2.263693E-9	2.059073E-9	2.207213E-9
0:14:27	0	1.962320E+1	1.534300E+1	1.559400E+1	6.081000E-4	-1.450460E-2	4.109931E+2	7.656600E-8	7.575316E-8	2.331769E-9	2.498163E-9	2.289154E-9	2.190660E-9	2.329909E-9	2.467581E-9	2.566527E-9	2.539752E-9	2.286083E-9	2.534552E-9	2.260371E-9	2.250884E-9	2.286492E-9	2.245387E-9	2.328596E-9	2.163883E-9	2.576810E-9	2.449485E-9	2.515532E-9	2.252695E-9	2.464363E-9	2.389796E-9	2.523133E-9	2.159183E-9	2.225162E-9	2.385517E-9	2.462852E-9	2.522526E-9	2.351393E-9	2.395300E-9	2.175109E-9	2.334536E-9
0:14:40	0	1.962114E+1	1.533700E+1	1.561600E+1	5.954000E-4	-1.450460E-2	4.127259E+2	8.074000E-8	8.010601E-8	2.459977E-9	2.635115E-9	2.419623E-9	2.317169E-9	2.461816E-9	2.611213E-9	2.714210E-9	2.685221E-9	2.412351E-9	2.677561E-9	2.387711E-9	2.381476E-9	2.421286E-9	2.375828E-9	2.465990E-9	2.286725E-9	2.725179E-9	2.583798E-9	2.664315E-9	2.384156E-9	2.610376E-9	2.531655E-9	2.669850E-9	2.279534E-9	2.356250E-9	2.522996E-9	2.599618E-9	2.667580E-9	2.484949E-9	2.538377E-9	2.302244E-9	2.471861E-9
0:14:54	0	1.962054E+1	1.536600E+1	1.558900E+1	5.827000E-4	-1.445390E-2	4.144588E+2	8.609400E-8	8.529286E-8	2.610887E-9	2.805800E-9	2.575187E-9	2.466082E-9	2.620585E-9	2.780679E-9	2.892909E-9	2.850475E-9	2.562454E-9	2.845281E-9	2.542491E-9	2.535117E-9	2.576540E-9	2.531701E-9	2.627011E-9	2.435325E-9	2.895023E-9	2.757889E-9	2.840500E-9	2.539438E-9	2.784848E-9	2.696000E-9	2.842726E-9	2.429844E-9	2.502281E-9	2.688801E-9	2.770227E-9	2.839480E-9	2.654371E-9	2.709144E-9	2.450204E-9	2.633562E-9
0:15:07	0	1.962228E+1	1.534400E+1	1.558500E+1	5.701000E-4	-1.442860E-2	4.161917E+2	9.139000E-8	9.059150E-8	2.765392E-9	2.977115E-9	2.735745E-9	2.619425E-9	2.787464E-9	2.954107E-9	3.070091E-9	3.027714E-9	2.717627E-9	3.019003E-9	2.701254E-9	2.695768E-9	2.737748E-9	2.686942E-9	2.789678E-9	2.587659E-9	3.078741E-9	2.927700E-9	3.019078E-9	2.695598E-9	2.957741E-9	2.865387E-9	3.021731E-9	2.582737E-9	2.654934E-9	2.853098E-9	2.939764E-9	3.017521E-9	2.816847E-9	2.882129E-9	2.605627E-9	2.800138E-9
0:15:21	0	1.962061E+1	1.533900E+1	1.558000E+1	5.827000E-4	-1.445390E-2	4.179246E+2	9.712000E-8	9.643074E-8	2.930619E-9	3.161166E-9	2.908123E-9	2.789918E-9	2.961313E-9	3.141174E-9	3.263824E-9	3.219157E-9	2.889091E-9	3.205237E-9	2.879239E-9	2.866144E-9	2.910864E-9	2.862252E-9	2.976607E-9	2.750246E-9	3.265374E-9	3.115449E-9	3.214286E-9	2.874891E-9	3.156884E-9	3.060347E-9	3.219629E-9	2.752560E-9	2.826818E-9	3.038812E-9	3.130515E-9	3.214683E-9	3.004140E-9	3.078431E-9	2.776604E-9	2.986341E-9
0:15:34	0	1.962198E+1	1.535500E+1	1.561700E+1	5.827000E-4	-1.445390E-2	4.196574E+2	1.040100E-7	1.034155E-7	3.133556E-9	3.382105E-9	3.120199E-9	2.990600E-9	3.175962E-9	3.368848E-9	3.505878E-9	3.449600E-9	3.091424E-9	3.434129E-9	3.081186E-9	3.068347E-9	3.124013E-9	3.076119E-9	3.197172E-9	2.953148E-9	3.495655E-9	3.337625E-9	3.441871E-9	3.084714E-9	3.388902E-9	3.283780E-9	3.456639E-9	2.952031E-9	3.022789E-9	3.257121E-9	3.356942E-9	3.451607E-9	3.226732E-9	3.309521E-9	2.986595E-9	3.210721E-9
0:15:48	0	1.962244E+1	1.534100E+1	1.558300E+1	5.827000E-4	-1.445390E-2	4.213903E+2	1.111500E-7	1.106323E-7	3.339395E-9	3.603925E-9	3.329936E-9	3.203812E-9	3.396504E-9	3.609408E-9	3.749322E-9	3.685369E-9	3.296991E-9	3.662199E-9	3.295273E-9	3.285895E-9	3.346157E-9	3.291564E-9	3.422360E-9	3.159530E-9	3.732145E-9	3.567670E-9	3.686716E-9	3.305068E-9	3.635874E-9	3.515969E-9	3.703632E-9	3.162643E-9	3.234019E-9	3.488809E-9	3.592777E-9	3.690367E-9	3.452923E-9	3.550305E-9	3.197965E-9	3.437761E-9
0:16:01	0	1.962046E+1	1.534800E+1	1.561700E+1	5.827000E-4	-1.446660E-2	4.231232E+2	1.195200E-7	1.190422E-7	3.576639E-9	3.875746E-9	3.580381E-9	3.443161E-9	3.658480E-9	3.888563E-9	4.033256E-9	3.965591E-9	3.536914E-9	3.937221E-9	3.545210E-9	3.534070E-9	3.600669E-9	3.545062E-9	3.687012E-9	3.400720E-9	4.003668E-9	3.833463E-9	3.961921E-9	3.554448E-9	3.919445E-9	3.794268E-9	3.986450E-9	3.405609E-9	3.473244E-9	3.748066E-9	3.862267E-9	3.975601E-9	3.723064E-9	3.834810E-9	3.450230E-9	3.706967E-9
0:16:15	0	1.962236E+1	1.536500E+1	1.559700E+1	5.827000E-4	-1.442860E-2	4.248561E+2	1.288500E-7	1.285462E-7	3.840874E-9	4.178151E-9	3.857248E-9	3.717570E-9	3.948395E-9	4.194561E-9	4.357367E-9	4.277774E-9	3.808784E-9	4.237019E-9	3.823283E-9	3.813821E-9	3.892109E-9	3.829987E-9	3.995245E-9	3.672037E-9	4.312761E-9	4.133244E-9	4.279648E-9	3.845830E-9	4.236712E-9	4.102992E-9	4.320515E-9	3.686593E-9	3.746328E-9	4.051288E-9	4.166295E-9	4.294075E-9	4.026105E-9	4.155498E-9	3.728147E-9	4.015934E-9
0:16:28	0	1.962061E+1	1.535900E+1	1.557200E+1	5.827000E-4	-1.436530E-2	4.265889E+2	1.399700E-7	1.389019E-7	4.135002E-9	4.497830E-9	4.160286E-9	4.020395E-9	4.270625E-9	4.537330E-9	4.708952E-9	4.626482E-9	4.095740E-9	4.563989E-9	4.132274E-9	4.119715E-9	4.206990E-9	4.144825E-9	4.323179E-9	3.976451E-9	4.645481E-9	4.466197E-9	4.622631E-9	4.158716E-9	4.594867E-9	4.441199E-9	4.664434E-9	3.993509E-9	4.030700E-9	4.378942E-9	4.501328E-9	4.647246E-9	4.355670E-9	4.498364E-9	4.037174E-9	4.345416E-9
0:16:42	0	1.962122E+1	1.534500E+1	1.557200E+1	5.954000E-4	-1.436530E-2	4.283218E+2	1.520800E-7	1.512093E-7	4.471384E-9	4.873499E-9	4.512315E-9	4.370181E-9	4.648542E-9	4.947168E-9	5.138296E-9	5.043992E-9	4.441333E-9	4.953141E-9	4.497855E-9	4.483138E-9	4.585147E-9	4.522770E-9	4.721551E-9	4.337448E-9	5.043389E-9	4.851576E-9	5.032637E-9	4.525451E-9	5.009558E-9	4.844222E-9	5.094224E-9	4.357708E-9	4.375731E-9	4.759351E-9	4.899564E-9	5.055626E-9	4.749073E-9	4.913274E-9	4.403092E-9	4.747072E-9
0:16:55	0	1.962282E+1	1.534900E+1	1.557200E+1	5.701000E-4	-1.435260E-2	4.300547E+2	1.664900E-7	1.655751E-7	4.866854E-9	5.315881E-9	4.942597E-9	4.780404E-9	5.089053E-9	5.420746E-9	5.639904E-9	5.523902E-9	4.837253E-9	5.399929E-9	4.916356E-9	4.913498E-9	5.025634E-9	4.960918E-9	5.183266E-9	4.763376E-9	5.495844E-9	5.301406E-9	5.509540E-9	4.961583E-9	5.494859E-9	5.321892E-9	5.591686E-9	4.779939E-9	4.778454E-9	5.204638E-9	5.356965E-9	5.539352E-9	5.213264E-9	5.391359E-9	4.840697E-9	5.214005E-9
0:17:09	0	1.961985E+1	1.532900E+1	1.557900E+1	5.827000E-4	-1.433990E-2	4.317875E+2	1.826000E-7	1.823788E-7	5.316055E-9	5.826232E-9	5.421554E-9	5.260242E-9	5.612626E-9	5.982010E-9	6.219773E-9	6.091511E-9	5.295928E-9	5.927668E-9	5.407189E-9	5.410671E-9	5.543590E-9	5.479084E-9	5.736135E-9	5.260125E-9	6.026156E-9	5.818770E-9	6.070787E-9	5.479966E-9	6.073295E-9	5.875404E-9	6.173184E-9	5.289349E-9	5.236539E-9	5.719889E-9	5.895060E-9	6.101017E-9	5.758409E-9	5.956822E-9	5.345541E-9	5.768182E-9
0:17:22	0	1.962130E+1	1.534900E+1	1.558500E+1	5.954000E-4	-1.436530E-2	4.335204E+2	2.019200E-7	2.014840E-7	5.821886E-9	6.386020E-9	5.969348E-9	5.809251E-9	6.201518E-9	6.624617E-9	6.888963E-9	6.761534E-9	5.801383E-9	6.513422E-9	5.966116E-9	5.967708E-9	6.134327E-9	6.073482E-9	6.366221E-9	5.842755E-9	6.616591E-9	6.410781E-9	6.701514E-9	6.043422E-9	6.734519E-9	6.524980E-9	6.834929E-9	5.856667E-9	5.766882E-9	6.290912E-9	6.508296E-9	6.753731E-9	6.369987E-9	6.607829E-9	5.930666E-9	6.403719E-9
0:17:36	0	1.962130E+1	1.532000E+1	1.559300E+1	5.701000E-4	-1.437790E-2	4.352533E+2	2.268400E-7	2.265242E-7	6.467531E-9	7.136603E-9	6.680925E-9	6.516099E-9	6.979908E-9	7.464722E-9	7.768432E-9	7.619066E-9	6.470949E-9	7.273148E-9	6.688804E-9	6.707375E-9	6.912750E-9	6.860799E-9	7.195713E-9	6.602720E-9	7.387004E-9	7.188526E-9	7.522596E-9	6.815448E-9	7.606811E-9	7.367311E-9	7.735705E-9	6.629500E-9	6.437333E-9	7.058449E-9	7.292456E-9	7.581445E-9	7.176432E-9	7.461093E-9	6.687712E-9	7.230837E-9
0:17:49	0	1.962016E+1	1.535100E+1	1.557700E+1	5.701000E-4	-1.440330E-2	4.369862E+2	2.552500E-7	2.550955E-7	7.190804E-9	7.960643E-9	7.490731E-9	7.340088E-9	7.867269E-9	8.422439E-9	8.789335E-9	8.632408E-9	7.202572E-9	8.130321E-9	7.503992E-9	7.536141E-9	7.812094E-9	7.760505E-9	8.162535E-9	7.491916E-9	8.251684E-9	8.062191E-9	8.459080E-9	7.667903E-9	8.604863E-9	8.331719E-9	8.748511E-9	7.509463E-9	7.198010E-9	7.916802E-9	8.184589E-9	8.544402E-9	8.109298E-9	8.445967E-9	7.581803E-9	8.185468E-9
0:18:14	1	1.962107E+1	1.533700E+1	1.559100E+1	5.701000E-4	-1.437790E-2	0.000000E+0	-2.436600E-9	2.795370E-9	1.014063E-10	8.341894E-11	9.146746E-11	8.720842E-11	8.781109E-11	8.894501E-11	9.418131E-11	9.010969E-11	9.077149E-11	8.733549E-11	8.592601E-11	8.474612E-11	9.115027E-11	7.919863E-11	8.127011E-11	7.575597E-11	7.842880E-11	8.012209E-11	7.949393E-11	8.112029E-11	8.038877E-11	8.491348E-11	8.984967E-11	8.755597E-11	9.016643E-11	9.025093E-11	9.130355E-11	9.009720E-11	9.232021E-11	9.023073E-11	9.320319E-11	9.522282E-11
0:18:27	1	1.962114E+1	1.533200E+1	1.560600E+1	5.701000E-4	-1.437790E-2	0.000000E+0	2.147500E-9	2.919533E-9	1.061989E-10	8.991388E-11	9.563968E-11	8.961320E-11	9.478028E-11	9.246478E-11	9.658154E-11	9.372457E-11	9.273682E-11	9.163228E-11	9.243788E-11	8.834495E-11	9.349420E-11	8.563530E-11	8.855503E-11	8.594482E-11	8.900885E-11	8.786325E-11	8.774552E-11	8.582216E-11	8.903419E-11	9.165374E-11	8.864969E-11	8.805877E-11	9.174315E-11	8.993663E-11	9.288148E-11	8.965341E-11	9.118377E-11	9.080090E-11	9.245067E-11	9.534875E-11
0:18:40	1	1.962190E+1	1.534500E+1	1.558600E+1	5.827000E-4	-1.437790E-2	1.000000E+1	3.547100E-9	3.313867E-9	1.202621E-10	1.029028E-10	1.074598E-10	1.014483E-10	1.040299E-10	1.056657E-10	1.064986E-10	1.063431E-10	1.045268E-10	1.041446E-10	1.023644E-10	9.889124E-11	1.074928E-10	9.970810E-11	9.938691E-11	9.936177E-11	1.010450E-10	1.003886E-10	9.990314E-11	1.001158E-10	1.030418E-10	1.026144E-10	1.002126E-10	9.970369E-11	1.083255E-10	1.024342E-10	1.060153E-10	1.029501E-10	1.036237E-10	1.027766E-10	1.040543E-10	1.061753E-10
0:18:54	1	1.962046E+1	1.535600E+1	1.557200E+1	5.827000E-4	-1.435260E-2	2.000000E+1	3.833900E-9	3.385562E-9	1.214598E-10	1.051723E-10	1.079029E-10	1.048022E-10	1.090347E-10	1.070480E-10	1.110467E-10	1.103384E-10	1.075689E-10	1.059143E-10	1.057162E-10	1.021751E-10	1.100897E-10	1.012224E-10	1.024279E-10	1.018935E-10	1.033253E-10	1.022764E-10	1.014783E-10	1.023099E-10	1.039881E-10	1.041259E-10	1.028659E-10	1.021591E-10	1.064970E-10	1.039422E-10	1.083518E-10	1.051660E-10	1.045708E-10	1.049312E-10	1.083822E-10	1.073787E-10
0:19:07	1	1.962251E+1	1.534700E+1	1.558700E+1	5.827000E-4	-1.436530E-2	3.000000E+1	4.131600E-9	3.482282E-9	1.245500E-10	1.088293E-10	1.106840E-10	1.062578E-10	1.101759E-10	1.098136E-10	1.114895E-10	1.145870E-10	1.109281E-10	1.090110E-10	1.066005E-10	1.041958E-10	1.138276E-10	1.048825E-10	1.059748E-10	1.057540E-10	1.058595E-10	1.063681E-10	1.063280E-10	1.053184E-10	1.080264E-10	1.080310E-10	1.053935E-10	1.063126E-10	1.105960E-10	1.063911E-10	1.113820E-10	1.086484E-10	1.084227E-10	1.072760E-10	1.100754E-10	1.102912E-10
0:19:21	1	1.962137E+1	1.534900E+1	1.556000E+1	5.701000E-4	-1.433990E-2	4.000000E+1	4.396100E-9	3.586860E-9	1.288389E-10	1.118563E-10	1.136548E-10	1.094219E-10	1.141666E-10	1.156604E-10	1.148370E-10	1.182018E-10	1.149859E-10	1.126763E-10	1.083712E-10	1.098792E-10	1.178175E-10	1.077856E-10	1.086988E-10	1.082858E-10	1.114981E-10	1.085083E-10	1.085326E-10	1.080143E-10	1.105506E-10	1.121261E-10	1.094373E-10	1.083904E-10	1.140640E-10	1.095946E-10	1.144133E-10	1.104206E-10	1.112647E-10	1.096837E-10	1.120201E-10	1.132037E-10
0:19:34	1	1.962076E+1	1.534100E+1	1.557200E+1	5.701000E-4	-1.430190E-2	5.000000E+1	4.631100E-9	3.680504E-9	1.321172E-10	1.153870E-10	1.167522E-10	1.108146E-10	1.175882E-10	1.194947E-10	1.185635E-10	1.204212E-10	1.186624E-10	1.158358E-10	1.108376E-10	1.149943E-10	1.200984E-10	1.106886E-10	1.121188E-10	1.123991E-10	1.152995E-10	1.116551E-10	1.106119E-10	1.117136E-10	1.121285E-10	1.155270E-10	1.118383E-10	1.099008E-10	1.150724E-10	1.110392E-10	1.152336E-10	1.145366E-10	1.131588E-10	1.128517E-10	1.159718E-10	1.171917E-10
0:19:48	1	1.962259E+1	1.533700E+1	1.558700E+1	5.827000E-4	-1.432730E-2	6.000000E+1	4.827300E-9	3.787905E-9	1.333786E-10	1.178466E-10	1.201022E-10	1.149278E-10	1.204397E-10	1.204999E-10	1.217854E-10	1.251132E-10	1.215774E-10	1.193115E-10	1.138091E-10	1.173938E-10	1.223153E-10	1.134023E-10	1.159827E-10	1.150577E-10	1.203040E-10	1.146756E-10	1.154616E-10	1.154119E-10	1.167974E-10	1.186774E-10	1.145554E-10	1.134890E-10	1.188559E-10	1.171308E-10	1.213590E-10	1.172593E-10	1.166319E-10	1.154495E-10	1.182293E-10	1.206739E-10
0:20:01	1	1.962076E+1	1.534200E+1	1.560600E+1	5.827000E-4	-1.435260E-2	7.000000E+1	4.964400E-9	3.860121E-9	1.372891E-10	1.192959E-10	1.213037E-10	1.173965E-10	1.229101E-10	1.244603E-10	1.248169E-10	1.299334E-10	1.245574E-10	1.220919E-10	1.162745E-10	1.192252E-10	1.263692E-10	1.146646E-10	1.187067E-10	1.161967E-10	1.215711E-10	1.173822E-10	1.189888E-10	1.158504E-10	1.191950E-10	1.211337E-10	1.175250E-10	1.149994E-10	1.208736E-10	1.170683E-10	1.211696E-10	1.202349E-10	1.179577E-10	1.182373E-10	1.188561E-10	1.235865E-10
0:20:15	1	1.962168E+1	1.534400E+1	1.558300E+1	5.827000E-4	-1.432730E-2	8.000000E+1	5.137400E-9	3.944775E-9	1.393071E-10	1.225747E-10	1.246536E-10	1.193577E-10	1.251905E-10	1.276030E-10	1.282283E-10	1.328495E-10	1.269660E-10	1.241780E-10	1.178556E-10	1.199828E-10	1.256722E-10	1.178824E-10	1.202277E-10	1.202470E-10	1.249284E-10	1.200262E-10	1.216976E-10	1.187342E-10	1.210249E-10	1.217005E-10	1.206212E-10	1.189651E-10	1.229540E-10	1.207735E-10	1.261575E-10	1.236533E-10	1.213680E-10	1.203290E-10	1.216166E-10	1.274485E-10
0:20:28	1	1.962221E+1	1.535200E+1	1.559500E+1	5.954000E-4	-1.430190E-2	9.000000E+1	5.286000E-9	4.043107E-9	1.426492E-10	1.260427E-10	1.282570E-10	1.209403E-10	1.277890E-10	1.289863E-10	1.306285E-10	1.365916E-10	1.293106E-10	1.289805E-10	1.227235E-10	1.243403E-10	1.308031E-10	1.217956E-10	1.239016E-10	1.237279E-10	1.271456E-10	1.217252E-10	1.243437E-10	1.213677E-10	1.249377E-10	1.266766E-10	1.244126E-10	1.212943E-10	1.266111E-10	1.217788E-10	1.300719E-10	1.251096E-10	1.217468E-10	1.238771E-10	1.251287E-10	1.294115E-10
0:20:42	1	1.961940E+1	1.536400E+1	1.559000E+1	5.954000E-4	-1.431460E-2	1.000000E+2	5.428300E-9	4.158669E-9	1.464960E-10	1.305200E-10	1.324921E-10	1.239784E-10	1.326668E-10	1.342664E-10	1.356184E-10	1.409032E-10	1.336215E-10	1.324563E-10	1.248735E-10	1.269293E-10	1.366939E-10	1.253920E-10	1.273846E-10	1.273357E-10	1.302499E-10	1.256907E-10	1.281224E-10	1.236865E-10	1.272089E-10	1.310233E-10	1.278879E-10	1.254479E-10	1.290707E-10	1.237885E-10	1.325978E-10	1.283390E-10	1.256615E-10	1.263488E-10	1.285160E-10	1.334005E-10
0:20:56	1	1.962107E+1	1.533800E+1	1.561600E+1	5.827000E-4	-1.432730E-2	1.200000E+2	5.940600E-9	4.488075E-9	1.585413E-10	1.406710E-10	1.401410E-10	1.338503E-10	1.424235E-10	1.452664E-10	1.441464E-10	1.541564E-10	1.439535E-10	1.438941E-10	1.323346E-10	1.380438E-10	1.458156E-10	1.363097E-10	1.386605E-10	1.376514E-10	1.422871E-10	1.356346E-10	1.397133E-10	1.345945E-10	1.379990E-10	1.401571E-10	1.390717E-10	1.369666E-10	1.393482E-10	1.325809E-10	1.421322E-10	1.394188E-10	1.363969E-10	1.362969E-10	1.379235E-10	1.416943E-10
0:21:09	1	1.962190E+1	1.535700E+1	1.560500E+1	5.827000E-4	-1.428930E-2	1.400000E+2	6.431300E-9	4.967999E-9	1.722889E-10	1.566241E-10	1.558170E-10	1.490393E-10	1.554117E-10	1.602892E-10	1.619591E-10	1.703268E-10	1.563139E-10	1.607042E-10	1.489626E-10	1.516207E-10	1.594342E-10	1.511397E-10	1.541793E-10	1.537270E-10	1.569206E-10	1.501740E-10	1.536340E-10	1.487624E-10	1.531432E-10	1.543934E-10	1.538574E-10	1.516959E-10	1.544186E-10	1.492873E-10	1.587388E-10	1.551213E-10	1.498466E-10	1.509334E-10	1.527887E-10	1.564458E-10
0:21:23	1	1.962183E+1	1.533700E+1	1.558300E+1	5.827000E-4	-1.427660E-2	1.600000E+2	7.186200E-9	5.725094E-9	1.972624E-10	1.803951E-10	1.799642E-10	1.701768E-10	1.807541E-10	1.849306E-10	1.834355E-10	1.982287E-10	1.826837E-10	1.835808E-10	1.729260E-10	1.739125E-10	1.843285E-10	1.737951E-10	1.770471E-10	1.780921E-10	1.819441E-10	1.737761E-10	1.771925E-10	1.737137E-10	1.756069E-10	1.776372E-10	1.772994E-10	1.741669E-10	1.785043E-10	1.718969E-10	1.804600E-10	1.784842E-10	1.735273E-10	1.739985E-10	1.747414E-10	1.806316E-10
0:21:37	1	1.962137E+1	1.535100E+1	1.560600E+1	5.954000E-4	-1.425130E-2	1.800000E+2	8.288000E-9	6.806453E-9	2.319466E-10	2.148218E-10	2.134667E-10	2.022631E-10	2.126855E-10	2.200053E-10	2.234207E-10	2.350082E-10	2.158352E-10	2.194117E-10	2.056141E-10	2.082022E-10	2.170765E-10	2.091345E-10	2.109357E-10	2.113822E-10	2.162175E-10	2.091483E-10	2.096330E-10	2.033025E-10	2.098071E-10	2.108343E-10	2.125566E-10	2.086605E-10	2.119229E-10	2.033623E-10	2.141138E-10	2.109648E-10	2.070580E-10	2.064414E-10	2.080462E-10	2.131741E-10
0:21:51	1	1.962114E+1	1.538300E+1	1.559400E+1	5.827000E-4	-1.422590E-2	2.000000E+2	8.552900E-9	8.238888E-9	2.771000E-10	2.602197E-10	2.570828E-10	2.440955E-10	2.584284E-10	2.662059E-10	2.721223E-10	2.858017E-10	2.625519E-10	2.651650E-10	2.501901E-10	2.502597E-10	2.617961E-10	2.538136E-10	2.586342E-10	2.591013E-10	2.620841E-10	2.483598E-10	2.546081E-10	2.454303E-10	2.533460E-10	2.552436E-10	2.575452E-10	2.517146E-10	2.556818E-10	2.466342E-10	2.572402E-10	2.554746E-10	2.518285E-10	2.493386E-10	2.516377E-10	2.601524E-10
0:22:04	1	1.962008E+1	1.537700E+1	1.561200E+1	5.954000E-4	-1.418790E-2	2.200000E+2	1.119800E-8	1.013597E-8	3.363794E-10	3.211288E-10	3.169438E-10	3.013066E-10	3.172225E-10	3.274303E-10	3.373733E-10	3.506733E-10	3.196015E-10	3.267167E-10	3.079795E-10	3.077882E-10	3.200084E-10	3.140170E-10	3.191915E-10	3.169464E-10	3.232811E-10	3.058238E-10	3.122439E-10	3.036063E-10	3.138580E-10	3.137639E-10	3.175710E-10	3.099382E-10	3.147638E-10	3.040376E-10	3.157093E-10	3.147375E-10	3.078397E-10	3.073174E-10	3.105954E-10	3.201730E-10
0:22:18	1	1.962137E+1	1.534600E+1	1.561300E+1	5.701000E-4	-1.420060E-2	2.400000E+2	1.374700E-8	1.268330E-8	4.172275E-10	4.013326E-10	3.951372E-10	3.754781E-10	3.985075E-10	4.107181E-10	4.232799E-10	4.411634E-10	3.984559E-10	4.086800E-10	3.853694E-10	3.847036E-10	3.999470E-10	3.925213E-10	4.006516E-10	3.959934E-10	4.038001E-10	3.830505E-10	3.929988E-10	3.782067E-10	3.933642E-10	3.937003E-10	3.980064E-10	3.892486E-10	3.930123E-10	3.825435E-10	3.912276E-10	3.936280E-10	3.862675E-10	3.847482E-10	3.891849E-10	4.011500E-10
0:22:32	1	1.962266E+1	1.535200E+1	1.561800E+1	5.954000E-4	-1.423860E-2	2.600000E+2	1.728200E-8	1.617129E-8	5.270831E-10	5.113604E-10	5.036718E-10	4.795209E-10	5.075432E-10	5.238639E-10	5.429174E-10	5.651995E-10	5.069124E-10	5.192712E-10	4.912752E-10	4.916150E-10	5.075668E-10	5.027675E-10	5.108704E-10	5.051014E-10	5.128910E-10	4.897326E-10	5.002715E-10	4.827740E-10	5.010748E-10	5.022991E-10	5.099085E-10	4.975128E-10	4.978708E-10	4.867375E-10	5.014095E-10	5.008831E-10	4.933643E-10	4.915170E-10	4.944938E-10	5.120109E-10
0:22:46	1	1.962259E+1	1.538000E+1	1.559700E+1	5.827000E-4	-1.422590E-2	2.800000E+2	2.218100E-8	2.098327E-8	6.781836E-10	6.646420E-10	6.516503E-10	6.228015E-10	6.594703E-10	6.811989E-10	7.070245E-10	7.322917E-10	6.547956E-10	6.786475E-10	6.368871E-10	6.366681E-10	6.575003E-10	6.539710E-10	6.627697E-10	6.565504E-10	6.622098E-10	6.341159E-10	6.505036E-10	6.279628E-10	6.524519E-10	6.527237E-10	6.624383E-10	6.460618E-10	6.420109E-10	6.316276E-10	6.498564E-10	6.506230E-10	6.395495E-10	6.408029E-10	6.415118E-10	6.637711E-10
0:22:59	1	1.962076E+1	1.537100E+1	1.559100E+1	5.827000E-4	-1.417520E-2	3.000000E+2	2.868200E-8	2.760939E-8	8.864180E-10	8.737264E-10	8.568354E-10	8.243683E-10	8.696844E-10	8.974959E-10	9.338556E-10	9.662858E-10	8.575739E-10	8.879492E-10	8.378230E-10	8.370395E-10	8.615272E-10	8.615902E-10	8.730094E-10	8.591984E-10	8.671502E-10	8.358380E-10	8.607034E-10	8.276926E-10	8.586620E-10	8.592124E-10	8.727835E-10	8.445877E-10	8.408821E-10	8.339221E-10	8.545624E-10	8.589920E-10	8.449019E-10	8.456599E-10	8.449171E-10	8.745395E-10
0:23:13	1	1.962031E+1	1.534000E+1	1.560900E+1	5.827000E-4	-1.422590E-2	3.200000E+2	3.827100E-8	3.711350E-8	1.180546E-9	1.175309E-9	1.153679E-9	1.109410E-9	1.168090E-9	1.208080E-9	1.250131E-9	1.284681E-9	1.150996E-9	1.188756E-9	1.126075E-9	1.126704E-9	1.154298E-9	1.158001E-9	1.169840E-9	1.150703E-9	1.164141E-9	1.126996E-9	1.153546E-9	1.117069E-9	1.160278E-9	1.158551E-9	1.175380E-9	1.135013E-9	1.127146E-9	1.127911E-9	1.151582E-9	1.160877E-9	1.141943E-9	1.142965E-9	1.138201E-9	1.176606E-9
0:23:27	1	1.962023E+1	1.534800E+1	1.558000E+1	5.827000E-4	-1.425130E-2	3.400000E+2	5.251100E-8	5.126445E-8	1.614296E-9	1.618509E-9	1.593822E-9	1.539947E-9	1.615127E-9	1.665188E-9	1.721607E-9	1.756727E-9	1.581018E-9	1.636237E-9	1.553807E-9	1.556875E-9	1.591301E-9	1.599745E-9	1.617810E-9	1.580998E-9	1.604241E-9	1.559642E-9	1.597127E-9	1.547371E-9	1.609991E-9	1.607243E-9	1.628485E-9	1.567820E-9	1.556540E-9	1.560950E-9	1.594144E-9	1.608955E-9	1.583970E-9	1.586072E-9	1.577499E-9	1.631382E-9
0:23:41	1	1.962259E+1	1.534100E+1	1.557700E+1	5.954000E-4	-1.426390E-2	3.600000E+2	7.429600E-8	7.311903E-8	2.284282E-9	2.306672E-9	2.272213E-9	2.202241E-9	2.301525E-9	2.370024E-9	2.446130E-9	2.488324E-9	2.243993E-9	2.321270E-9	2.216556E-9	2.220698E-9	2.268503E-9	2.279528E-9	2.303893E-9	2.247929E-9	2.282354E-9	2.229825E-9	2.282971E-9	2.212198E-9	2.305920E-9	2.299780E-9	2.326625E-9	2.237424E-9	2.215893E-9	2.234094E-9	2.277342E-9	2.301621E-9	2.269492E-9	2.273071E-9	2.261538E-9	2.335105E-9
0:23:54	1	1.962168E+1	1.535700E+1	1.557500E+1	5.827000E-4	-1.425130E-2	3.610000E+2	7.522500E-8	7.448713E-8	2.326598E-9	2.347593E-9	2.314186E-9	2.243884E-9	2.344418E-9	2.412705E-9	2.494074E-9	2.531001E-9	2.285892E-9	2.366959E-9	2.258222E-9	2.262250E-9	2.310310E-9	2.322629E-9	2.344052E-9	2.290205E-9	2.324546E-9	2.273002E-9	2.324859E-9	2.254137E-9	2.348764E-9	2.343245E-9	2.371298E-9	2.278967E-9	2.257445E-9	2.276738E-9	2.319963E-9	2.346764E-9	2.313379E-9	2.316855E-9	2.301366E-9	2.380817E-9
0:24:08	1	1.962107E+1	1.532900E+1	1.559700E+1	5.701000E-4	-1.430190E-2	3.620000E+2	7.679800E-8	7.598520E-8	2.372760E-9	2.394882E-9	2.362353E-9	2.288058E-9	2.391555E-9	2.462615E-9	2.547324E-9	2.581921E-9	2.331976E-9	2.412396E-9	2.302608E-9	2.306454E-9	2.356803E-9	2.369708E-9	2.392258E-9	2.334887E-9	2.371996E-9	2.318760E-9	2.369330E-9	2.298709E-9	2.397604E-9	2.389356E-9	2.419129E-9	2.325420E-9	2.302591E-9	2.325098E-9	2.366877E-9	2.393681E-9	2.359286E-9	2.362097E-9	2.348031E-9	2.428682E-9
0:24:21	1	1.962289E+1	1.533400E+1	1.557500E+1	5.701000E-4	-1.427660E-2	3.630000E+2	7.815500E-8	7.742303E-8	2.416022E-9	2.439209E-9	2.406349E-9	2.331788E-9	2.436157E-9	2.509005E-9	2.592993E-9	2.626184E-9	2.376157E-9	2.458212E-9	2.345476E-9	2.351038E-9	2.400003E-9	2.413187E-9	2.438879E-9	2.379126E-9	2.416721E-9	2.362565E-9	2.415251E-9	2.344849E-9	2.442594E-9	2.436095E-9	2.464939E-9	2.369607E-9	2.345026E-9	2.367554E-9	2.412465E-9	2.440344E-9	2.405384E-9	2.409874E-9	2.394319E-9	2.475659E-9
0:24:35	1	1.962054E+1	1.534600E+1	1.558400E+1	5.954000E-4	-1.425130E-2	3.640000E+2	7.955600E-8	7.889939E-8	2.460544E-9	2.484103E-9	2.452304E-9	2.374317E-9	2.481393E-9	2.555394E-9	2.642327E-9	2.678056E-9	2.420274E-9	2.503270E-9	2.389482E-9	2.393537E-9	2.448461E-9	2.458750E-9	2.484867E-9	2.422605E-9	2.463285E-9	2.407630E-9	2.461044E-9	2.389672E-9	2.490739E-9	2.486300E-9	2.513023E-9	2.415619E-9	2.391749E-9	2.415348E-9	2.457738E-9	2.488209E-9	2.449776E-9	2.455433E-9	2.439667E-9	2.524474E-9
0:24:48	1	1.962152E+1	1.532900E+1	1.558900E+1	5.827000E-4	-1.426390E-2	3.650000E+2	8.134100E-8	8.053727E-8	2.511058E-9	2.533915E-9	2.500155E-9	2.426782E-9	2.534231E-9	2.610710E-9	2.695765E-9	2.735761E-9	2.469210E-9	2.555596E-9	2.438672E-9	2.447277E-9	2.497234E-9	2.510687E-9	2.535795E-9	2.473678E-9	2.514409E-9	2.458989E-9	2.512192E-9	2.437818E-9	2.542354E-9	2.535560E-9	2.563003E-9	2.465345E-9	2.441246E-9	2.465153E-9	2.508820E-9	2.540571E-9	2.500735E-9	2.505998E-9	2.492792E-9	2.575758E-9
0:25:02	1	1.962168E+1	1.533100E+1	1.561800E+1	5.701000E-4	-1.425130E-2	3.660000E+2	8.289000E-8	8.209371E-8	2.560122E-9	2.583727E-9	2.550977E-9	2.472727E-9	2.583332E-9	2.658986E-9	2.748004E-9	2.787696E-9	2.513582E-9	2.604761E-9	2.488116E-9	2.491734E-9	2.546833E-9	2.557890E-9	2.585141E-9	2.522536E-9	2.561479E-9	2.505438E-9	2.562396E-9	2.486277E-9	2.592077E-9	2.586332E-9	2.613931E-9	2.512553E-9	2.488473E-9	2.510875E-9	2.556934E-9	2.589576E-9	2.551315E-9	2.555485E-9	2.539143E-9	2.625268E-9
0:25:15	1	1.961947E+1	1.533900E+1	1.558400E+1	5.954000E-4	-1.425130E-2	3.670000E+2	8.447200E-8	8.369789E-8	2.607482E-9	2.634295E-9	2.598702E-9	2.522343E-9	2.633383E-9	2.712038E-9	2.800054E-9	2.842168E-9	2.564989E-9	2.654369E-9	2.536294E-9	2.542126E-9	2.596113E-9	2.609322E-9	2.636259E-9	2.570382E-9	2.612350E-9	2.554090E-9	2.608884E-9	2.534799E-9	2.645712E-9	2.637230E-9	2.663658E-9	2.563161E-9	2.533304E-9	2.562375E-9	2.608268E-9	2.640292E-9	2.603791E-9	2.605987E-9	2.587375E-9	2.676298E-9
0:25:29	1	1.962228E+1	1.532400E+1	1.558300E+1	5.574000E-4	-1.422590E-2	3.680000E+2	8.593200E-8	8.533320E-8	2.657491E-9	2.687197E-9	2.649714E-9	2.571581E-9	2.683308E-9	2.767039E-9	2.855956E-9	2.892962E-9	2.611832E-9	2.705746E-9	2.582640E-9	2.590814E-9	2.646154E-9	2.659996E-9	2.690165E-9	2.619367E-9	2.661828E-9	2.603749E-9	2.664441E-9	2.585139E-9	2.693479E-9	2.688442E-9	2.720335E-9	2.611188E-9	2.584441E-9	2.611425E-9	2.660676E-9	2.695566E-9	2.653360E-9	2.655094E-9	2.640312E-9	2.731760E-9
0:25:42	1	1.962061E+1	1.534700E+1	1.555700E+1	5.701000E-4	-1.417520E-2	3.690000E+2	8.784400E-8	8.715945E-8	2.712419E-9	2.741926E-9	2.706478E-9	2.626323E-9	2.742862E-9	2.823486E-9	2.917733E-9	2.954662E-9	2.668628E-9	2.762052E-9	2.641062E-9	2.646765E-9	2.701326E-9	2.716477E-9	2.745338E-9	2.676326E-9	2.718906E-9	2.660836E-9	2.721321E-9	2.637861E-9	2.754307E-9	2.745261E-9	2.778150E-9	2.668278E-9	2.639297E-9	2.669394E-9	2.715736E-9	2.751346E-9	2.711897E-9	2.715797E-9	2.697827E-9	2.789375E-9
0:25:56	1	1.962054E+1	1.536500E+1	1.557400E+1	5.827000E-4	-1.418790E-2	3.700000E+2	8.954600E-8	8.889773E-8	2.766906E-9	2.796846E-9	2.759197E-9	2.677269E-9	2.796905E-9	2.878927E-9	2.973762E-9	3.015729E-9	2.724600E-9	2.817222E-9	2.690442E-9	2.699873E-9	2.755610E-9	2.770242E-9	2.801207E-9	2.727526E-9	2.772439E-9	2.713642E-9	2.776754E-9	2.691022E-9	2.810213E-9	2.801828E-9	2.832490E-9	2.721403E-9	2.691127E-9	2.723909E-9	2.769912E-9	2.806113E-9	2.764183E-9	2.769657E-9	2.752646E-9	2.848129E-9
0:26:09	1	1.962335E+1	1.535600E+1	1.560200E+1	5.827000E-4	-1.420060E-2	3.710000E+2	9.136000E-8	9.069470E-8	2.820889E-9	2.854476E-9	2.816403E-9	2.733910E-9	2.853734E-9	2.940152E-9	3.035728E-9	3.076289E-9	2.775880E-9	2.871190E-9	2.745829E-9	2.754434E-9	2.811416E-9	2.827228E-9	2.857141E-9	2.783030E-9	2.826350E-9	2.768903E-9	2.829665E-9	2.748320E-9	2.865552E-9	2.858836E-9	2.893843E-9	2.777424E-9	2.745102E-9	2.778674E-9	2.826234E-9	2.862209E-9	2.821520E-9	2.825734E-9	2.805080E-9	2.903528E-9
0:26:23	1	1.962084E+1	1.537300E+1	1.563100E+1	5.701000E-4	-1.420060E-2	3.720000E+2	9.338000E-8	9.258009E-8	2.878717E-9	2.909837E-9	2.874937E-9	2.789223E-9	2.914493E-9	2.999114E-9	3.096684E-9	3.138750E-9	2.833880E-9	2.932869E-9	2.802860E-9	2.811773E-9	2.869438E-9	2.886232E-9	2.915037E-9	2.839862E-9	2.884634E-9	2.826052E-9	2.889380E-9	2.806872E-9	2.924614E-9	2.922206E-9	2.952290E-9	2.831682E-9	2.803047E-9	2.836455E-9	2.884830E-9	2.922929E-9	2.883277E-9	2.886627E-9	2.866359E-9	2.965131E-9
0:26:36	1	1.962145E+1	1.533100E+1	1.559300E+1	5.827000E-4	-1.420060E-2	3.730000E+2	9.458000E-8	9.460813E-8	2.938186E-9	2.976232E-9	2.940172E-9	2.852445E-9	2.974681E-9	3.066184E-9	3.166610E-9	3.204002E-9	2.893211E-9	2.994862E-9	2.865392E-9	2.873659E-9	2.932401E-9	2.947256E-9	2.980471E-9	2.904289E-9	2.950328E-9	2.889433E-9	2.951552E-9	2.864046E-9	2.988723E-9	2.982363E-9	3.019077E-9	2.897585E-9	2.864525E-9	2.899950E-9	2.947782E-9	2.987257E-9	2.944404E-9	2.950055E-9	2.929769E-9	3.031230E-9
0:26:50	1	1.962190E+1	1.537800E+1	1.560300E+1	5.954000E-4	-1.418790E-2	3.740000E+2	9.701000E-8	9.658277E-8	2.998286E-9	3.036447E-9	2.997253E-9	2.910099E-9	3.037910E-9	3.128037E-9	3.226682E-9	3.271600E-9	2.955141E-9	3.057614E-9	2.925205E-9	2.932135E-9	2.995490E-9	3.010552E-9	3.044829E-9	2.965362E-9	3.010448E-9	2.947526E-9	3.014606E-9	2.927550E-9	3.053148E-9	3.046173E-9	3.080999E-9	2.960277E-9	2.923228E-9	2.958297E-9	3.010104E-9	3.052154E-9	3.007613E-9	3.013483E-9	2.990171E-9	3.094352E-9
0:27:03	1	1.962076E+1	1.534900E+1	1.560500E+1	5.954000E-4	-1.418790E-2	3.750000E+2	9.874000E-8	9.857558E-8	3.058889E-9	3.099185E-9	3.062803E-9	2.972753E-9	3.100695E-9	3.192781E-9	3.294333E-9	3.337169E-9	3.013394E-9	3.121504E-9	2.985081E-9	2.992695E-9	3.055729E-9	3.071513E-9	3.106526E-9	3.024727E-9	3.070379E-9	3.011536E-9	3.077219E-9	2.986855E-9	3.117635E-9	3.109670E-9	3.144628E-9	3.018186E-9	2.982624E-9	3.020347E-9	3.070846E-9	3.114456E-9	3.070697E-9	3.074819E-9	3.056466E-9	3.159438E-9
0:27:17	1	1.962206E+1	1.533600E+1	1.559100E+1	5.827000E-4	-1.418790E-2	3.760000E+2	1.013000E-7	1.006594E-7	3.120629E-9	3.163373E-9	3.124561E-9	3.034140E-9	3.165318E-9	3.263246E-9	3.364448E-9	3.405845E-9	3.077923E-9	3.183688E-9	3.046854E-9	3.055465E-9	3.118945E-9	3.137396E-9	3.172847E-9	3.089913E-9	3.135631E-9	3.072838E-9	3.141154E-9	3.051488E-9	3.184269E-9	3.177323E-9	3.213057E-9	3.084718E-9	3.045803E-9	3.085350E-9	3.138598E-9	3.180936E-9	3.136053E-9	3.140718E-9	3.119690E-9	3.227183E-9
0:27:30	1	1.962008E+1	1.537600E+1	1.560600E+1	5.701000E-4	-1.418790E-2	3.770000E+2	1.040000E-7	1.029532E-7	3.191953E-9	3.234812E-9	3.194663E-9	3.104705E-9	3.237987E-9	3.334841E-9	3.442584E-9	3.484857E-9	3.145495E-9	3.257942E-9	3.116151E-9	3.124866E-9	3.191030E-9	3.209399E-9	3.244806E-9	3.157568E-9	3.206394E-9	3.143394E-9	3.214727E-9	3.121576E-9	3.258096E-9	3.250331E-9	3.285405E-9	3.154964E-9	3.112892E-9	3.156382E-9	3.210515E-9	3.252292E-9	3.208230E-9	3.214411E-9	3.190940E-9	3.298980E-9
0:27:44	1	1.962038E+1	1.538600E+1	1.560500E+1	5.827000E-4	-1.418790E-2	3.780000E+2	1.056900E-7	1.051499E-7	3.256908E-9	3.302909E-9	3.261667E-9	3.170333E-9	3.306221E-9	3.405557E-9	3.515037E-9	3.556514E-9	3.211672E-9	3.325371E-9	3.181274E-9	3.191424E-9	3.259947E-9	3.277744E-9	3.316259E-9	3.228324E-9	3.274750E-9	3.210990E-9	3.283954E-9	3.189092E-9	3.326812E-9	3.318741E-9	3.354530E-9	3.223511E-9	3.180864E-9	3.222704E-9	3.279404E-9	3.324091E-9	3.276428E-9	3.284428E-9	3.259558E-9	3.372865E-9
0:27:57	1	1.962198E+1	1.535100E+1	1.563300E+1	5.827000E-4	-1.417520E-2	3.790000E+2	1.079900E-7	1.074209E-7	3.325963E-9	3.370818E-9	3.334993E-9	3.238935E-9	3.376736E-9	3.478914E-9	3.592859E-9	3.632800E-9	3.280890E-9	3.396338E-9	3.250825E-9	3.260889E-9	3.329561E-9	3.349621E-9	3.383087E-9	3.296739E-9	3.342662E-9	3.281231E-9	3.353117E-9	3.258992E-9	3.402216E-9	3.391119E-9	3.429405E-9	3.292057E-9	3.251484E-9	3.293862E-9	3.350060E-9	3.396334E-9	3.346963E-9	3.354510E-9	3.330872E-9	3.446055E-9
0:28:11	1	1.961985E+1	1.535700E+1	1.560200E+1	5.827000E-4	-1.420060E-2	3.800000E+2	1.109600E-7	1.099322E-7	3.404539E-9	3.449634E-9	3.407433E-9	3.315386E-9	3.456628E-9	3.561007E-9	3.673270E-9	3.718724E-9	3.353152E-9	3.474194E-9	3.323536E-9	3.338877E-9	3.407853E-9	3.428126E-9	3.466574E-9	3.373380E-9	3.423435E-9	3.359592E-9	3.431352E-9	3.335472E-9	3.478250E-9	3.472126E-9	3.510157E-9	3.369101E-9	3.324689E-9	3.370107E-9	3.428166E-9	3.474718E-9	3.430885E-9	3.434221E-9	3.408959E-9	3.528616E-9
0:28:24	1	1.962228E+1	1.535500E+1	1.559500E+1	5.827000E-4	-1.421320E-2	3.810000E+2	1.130900E-7	1.123699E-7	3.476620E-9	3.524415E-9	3.487902E-9	3.387975E-9	3.535252E-9	3.642283E-9	3.754944E-9	3.798180E-9	3.426302E-9	3.548954E-9	3.400800E-9	3.411309E-9	3.480571E-9	3.503980E-9	3.543664E-9	3.447048E-9	3.497429E-9	3.430587E-9	3.509397E-9	3.408632E-9	3.558009E-9	3.549417E-9	3.589139E-9	3.445578E-9	3.399723E-9	3.445033E-9	3.505451E-9	3.553164E-9	3.506598E-9	3.510323E-9	3.486044E-9	3.605224E-9
0:28:38	1	1.962183E+1	1.533700E+1	1.557100E+1	5.827000E-4	-1.422590E-2	3.820000E+2	1.155800E-7	1.148723E-7	3.551035E-9	3.604240E-9	3.565589E-9	3.462716E-9	3.612166E-9	3.722743E-9	3.840535E-9	3.884422E-9	3.503508E-9	3.626746E-9	3.477494E-9	3.486645E-9	3.560763E-9	3.579770E-9	3.620437E-9	3.522740E-9	3.575224E-9	3.507437E-9	3.587820E-9	3.486931E-9	3.640102E-9	3.629921E-9	3.668627E-9	3.521993E-9	3.470910E-9	3.519834E-9	3.581664E-9	3.631991E-9	3.583069E-9	3.593139E-9	3.564759E-9	3.687340E-9
0:28:51	1	1.961993E+1	1.535000E+1	1.562800E+1	5.954000E-4	-1.420060E-2	3.830000E+2	1.182500E-7	1.174281E-7	3.626144E-9	3.684633E-9	3.642392E-9	3.541191E-9	3.691107E-9	3.805716E-9	3.925115E-9	3.968825E-9	3.580018E-9	3.707699E-9	3.555453E-9	3.562614E-9	3.638231E-9	3.662313E-9	3.700821E-9	3.600268E-9	3.655553E-9	3.585670E-9	3.667440E-9	3.563600E-9	3.721815E-9	3.709795E-9	3.750768E-9	3.600045E-9	3.550484E-9	3.601167E-9	3.661286E-9	3.716453E-9	3.663580E-9	3.673486E-9	3.643223E-9	3.771230E-9
0:29:05	1	1.962213E+1	1.536500E+1	1.559000E+1	5.701000E-4	-1.421320E-2	3.840000E+2	1.207100E-7	1.202917E-7	3.713298E-9	3.771835E-9	3.733859E-9	3.626881E-9	3.783797E-9	3.896043E-9	4.022202E-9	4.064768E-9	3.664640E-9	3.797309E-9	3.641315E-9	3.647676E-9	3.729952E-9	3.754133E-9	3.796154E-9	3.688934E-9	3.743675E-9	3.670198E-9	3.755816E-9	3.650864E-9	3.813185E-9	3.802771E-9	3.845104E-9	3.689425E-9	3.634093E-9	3.685513E-9	3.751263E-9	3.805157E-9	3.752807E-9	3.762892E-9	3.733102E-9	3.863033E-9
0:29:18	1	1.962069E+1	1.536500E+1	1.559700E+1	5.701000E-4	-1.418790E-2	3.850000E+2	1.230700E-7	1.230330E-7	3.797235E-9	3.855507E-9	3.814138E-9	3.709153E-9	3.868377E-9	3.985240E-9	4.113036E-9	4.157415E-9	3.750023E-9	3.883127E-9	3.725344E-9	3.731032E-9	3.813375E-9	3.837181E-9	3.881985E-9	3.775449E-9	3.826601E-9	3.757243E-9	3.842177E-9	3.733803E-9	3.901271E-9	3.889764E-9	3.930025E-9	3.774148E-9	3.716000E-9	3.774695E-9	3.834737E-9	3.893924E-9	3.839633E-9	3.848055E-9	3.819657E-9	3.953697E-9
0:29:32	1	1.962069E+1	1.533300E+1	1.557500E+1	5.827000E-4	-1.423860E-2	3.867329E+2	1.284000E-7	1.279772E-7	3.943857E-9	4.010049E-9	3.968944E-9	3.861294E-9	4.025689E-9	4.146849E-9	4.277587E-9	4.322481E-9	3.894674E-9	4.035615E-9	3.871273E-9	3.886126E-9	3.967678E-9	3.988889E-9	4.038446E-9	3.927277E-9	3.977060E-9	3.909306E-9	3.997133E-9	3.885450E-9	4.057633E-9	4.046867E-9	4.090138E-9	3.924271E-9	3.866193E-9	3.926621E-9	3.988803E-9	4.050248E-9	3.993964E-9	4.005831E-9	3.975583E-9	4.115399E-9
0:29:45	1	1.962152E+1	1.534600E+1	1.557400E+1	5.827000E-4	-1.417520E-2	3.884657E+2	1.338500E-7	1.336298E-7	4.115389E-9	4.182439E-9	4.140375E-9	4.032103E-9	4.199920E-9	4.331593E-9	4.464750E-9	4.512782E-9	4.066265E-9	4.212184E-9	4.039519E-9	4.056502E-9	4.138704E-9	4.166659E-9	4.217965E-9	4.098724E-9	4.150073E-9	4.079368E-9	4.174139E-9	4.057282E-9	4.242896E-9	4.228790E-9	4.274705E-9	4.099508E-9	4.037258E-9	4.102223E-9	4.164401E-9	4.232913E-9	4.174563E-9	4.182047E-9	4.154151E-9	4.299577E-9
0:29:59	1	1.961947E+1	1.534400E+1	1.557900E+1	5.701000E-4	-1.416260E-2	3.901986E+2	1.393500E-7	1.391910E-7	4.280869E-9	4.356654E-9	4.314967E-9	4.197410E-9	4.375605E-9	4.512563E-9	4.647933E-9	4.699090E-9	4.230442E-9	4.383505E-9	4.207137E-9	4.222712E-9	4.311062E-9	4.339951E-9	4.396849E-9	4.272262E-9	4.324607E-9	4.248300E-9	4.347615E-9	4.228365E-9	4.419512E-9	4.405860E-9	4.455922E-9	4.272104E-9	4.201451E-9	4.269536E-9	4.341263E-9	4.407662E-9	4.351249E-9	4.362130E-9	4.327952E-9	4.478500E-9
0:30:12	1	1.962122E+1	1.536500E+1	1.558800E+1	5.954000E-4	-1.416260E-2	3.919315E+2	1.453200E-7	1.451198E-7	4.459339E-9	4.540201E-9	4.497207E-9	4.379484E-9	4.561997E-9	4.704722E-9	4.849308E-9	4.897001E-9	4.405519E-9	4.567780E-9	4.385374E-9	4.406666E-9	4.496403E-9	4.527503E-9	4.586881E-9	4.452253E-9	4.504398E-9	4.431580E-9	4.532051E-9	4.409663E-9	4.606729E-9	4.596978E-9	4.645416E-9	4.455460E-9	4.377118E-9	4.452926E-9	4.520523E-9	4.597733E-9	4.538164E-9	4.547471E-9	4.513607E-9	4.672300E-9
0:30:26	1	1.962228E+1	1.532500E+1	1.558900E+1	5.701000E-4	-1.417520E-2	3.936644E+2	1.523300E-7	1.519331E-7	4.663222E-9	4.746952E-9	4.706628E-9	4.582887E-9	4.777660E-9	4.924098E-9	5.078162E-9	5.125352E-9	4.609565E-9	4.781316E-9	4.591684E-9	4.611394E-9	4.707209E-9	4.741876E-9	4.799400E-9	4.662242E-9	4.712316E-9	4.642239E-9	4.742755E-9	4.617417E-9	4.828904E-9	4.814490E-9	4.864480E-9	4.666199E-9	4.578196E-9	4.660748E-9	4.740067E-9	4.815916E-9	4.752988E-9	4.765634E-9	4.727172E-9	4.893958E-9
0:30:39	1	1.962130E+1	1.533600E+1	1.556100E+1	5.827000E-4	-1.414990E-2	3.953972E+2	1.590100E-7	1.586434E-7	4.860232E-9	4.955721E-9	4.910043E-9	4.785846E-9	4.986164E-9	5.143036E-9	5.303162E-9	5.353195E-9	4.809996E-9	4.987772E-9	4.794074E-9	4.813281E-9	4.923208E-9	4.951514E-9	5.013124E-9	4.868942E-9	4.916750E-9	4.843835E-9	4.954592E-9	4.819843E-9	5.041487E-9	5.031057E-9	5.083167E-9	4.872845E-9	4.779526E-9	4.867941E-9	4.949509E-9	5.031883E-9	4.959477E-9	4.981771E-9	4.937664E-9	5.112704E-9
0:30:53	1	1.962236E+1	1.537100E+1	1.558000E+1	5.701000E-4	-1.414990E-2	3.971301E+2	1.671100E-7	1.660859E-7	5.085053E-9	5.186243E-9	5.140007E-9	5.007919E-9	5.220073E-9	5.385859E-9	5.551976E-9	5.603422E-9	5.028240E-9	5.220897E-9	5.014800E-9	5.042196E-9	5.149660E-9	5.183683E-9	5.251489E-9	5.102284E-9	5.145827E-9	5.068466E-9	5.186209E-9	5.053173E-9	5.280888E-9	5.269294E-9	5.322641E-9	5.106368E-9	5.003429E-9	5.094666E-9	5.176378E-9	5.263299E-9	5.198803E-9	5.215078E-9	5.172994E-9	5.354624E-9
0:31:06	1	1.962038E+1	1.533200E+1	1.560600E+1	5.701000E-4	-1.417520E-2	3.988630E+2	1.749000E-7	1.741005E-7	5.319019E-9	5.433916E-9	5.387609E-9	5.251635E-9	5.470013E-9	5.647477E-9	5.820939E-9	5.869946E-9	5.266072E-9	5.465904E-9	5.255191E-9	5.282795E-9	5.397458E-9	5.436298E-9	5.505499E-9	5.348032E-9	5.391758E-9	5.309904E-9	5.437983E-9	5.297226E-9	5.540606E-9	5.523593E-9	5.584419E-9	5.355503E-9	5.240700E-9	5.339794E-9	5.429073E-9	5.520674E-9	5.450380E-9	5.474429E-9	5.426828E-9	5.619840E-9
0:31:20	1	1.962114E+1	1.536400E+1	1.563300E+1	5.954000E-4	-1.416260E-2	4.005958E+2	1.834200E-7	1.823435E-7	5.562632E-9	5.681840E-9	5.634641E-9	5.496363E-9	5.731039E-9	5.911797E-9	6.095777E-9	6.151372E-9	5.510623E-9	5.719379E-9	5.505190E-9	5.533369E-9	5.656467E-9	5.696801E-9	5.769961E-9	5.601438E-9	5.641615E-9	5.564053E-9	5.698197E-9	5.546480E-9	5.805942E-9	5.793388E-9	5.852958E-9	5.610806E-9	5.485790E-9	5.595473E-9	5.684103E-9	5.782860E-9	5.715281E-9	5.734603E-9	5.683169E-9	5.890060E-9
0:31:33	1	1.962228E+1	1.536000E+1	1.560100E+1	5.954000E-4	-1.414990E-2	4.023287E+2	1.916300E-7	1.915384E-7	5.836454E-9	5.960031E-9	5.918462E-9	5.775330E-9	6.017977E-9	6.211444E-9	6.407001E-9	6.461908E-9	5.780845E-9	6.002806E-9	5.782378E-9	5.809773E-9	5.941574E-9	5.980464E-9	6.068185E-9	5.888322E-9	5.921437E-9	5.843316E-9	5.979009E-9	5.824823E-9	6.102952E-9	6.087057E-9	6.154038E-9	5.897203E-9	5.757614E-9	5.874640E-9	5.971715E-9	6.079046E-9	6.007776E-9	6.025699E-9	5.978209E-9	6.190922E-9
0:31:47	1	1.962031E+1	1.536000E+1	1.561300E+1	5.827000E-4	-1.414990E-2	4.040616E+2	2.015200E-7	2.015001E-7	6.128311E-9	6.263066E-9	6.224091E-9	6.076699E-9	6.328168E-9	6.538877E-9	6.739574E-9	6.800406E-9	6.076930E-9	6.309935E-9	6.079609E-9	6.113204E-9	6.248978E-9	6.298332E-9	6.385415E-9	6.196851E-9	6.226156E-9	6.143789E-9	6.297428E-9	6.132065E-9	6.424699E-9	6.406555E-9	6.474897E-9	6.205505E-9	6.053650E-9	6.183011E-9	6.279975E-9	6.395559E-9	6.313407E-9	6.347465E-9	6.290751E-9	6.516732E-9
0:32:00	1	1.962175E+1	1.533700E+1	1.561500E+1	5.701000E-4	-1.414990E-2	4.057945E+2	2.125400E-7	2.122073E-7	6.445017E-9	6.591446E-9	6.551657E-9	6.397120E-9	6.668009E-9	6.886423E-9	7.098423E-9	7.162366E-9	6.386580E-9	6.634250E-9	6.400869E-9	6.434634E-9	6.586280E-9	6.636203E-9	6.733554E-9	6.527217E-9	6.548109E-9	6.468182E-9	6.628634E-9	6.461501E-9	6.767268E-9	6.758304E-9	6.826905E-9	6.544840E-9	6.371189E-9	6.504825E-9	6.610587E-9	6.738725E-9	6.653389E-9	6.687098E-9	6.625556E-9	6.872170E-9
0:32:14	1	1.962114E+1	1.536400E+1	1.558300E+1	5.701000E-4	-1.414990E-2	4.075273E+2	2.233400E-7	2.233522E-7	6.767712E-9	6.929095E-9	6.889776E-9	6.737475E-9	7.015514E-9	7.252197E-9	7.477550E-9	7.537518E-9	6.716198E-9	6.982958E-9	6.734961E-9	6.774628E-9	6.927319E-9	6.988148E-9	7.087078E-9	6.878339E-9	6.886911E-9	6.804028E-9	6.971869E-9	6.803913E-9	7.129588E-9	7.110995E-9	7.191612E-9	6.894621E-9	6.698753E-9	6.841710E-9	6.961340E-9	7.094808E-9	7.006568E-9	7.046120E-9	6.979868E-9	7.233053E-9
0:32:27	1	1.962054E+1	1.535400E+1	1.557900E+1	5.827000E-4	-1.409920E-2	4.092602E+2	2.371400E-7	2.364605E-7	7.157443E-9	7.330617E-9	7.290855E-9	7.127572E-9	7.427644E-9	7.679195E-9	7.919021E-9	7.984514E-9	7.098806E-9	7.378558E-9	7.127348E-9	7.168930E-9	7.340442E-9	7.402945E-9	7.509266E-9	7.280788E-9	7.282349E-9	7.199478E-9	7.384457E-9	7.203372E-9	7.551725E-9	7.532476E-9	7.618747E-9	7.302564E-9	7.081047E-9	7.244288E-9	7.365701E-9	7.511039E-9	7.422579E-9	7.473893E-9	7.396148E-9	7.666683E-9
0:32:41	1	1.962251E+1	1.536900E+1	1.559700E+1	5.954000E-4	-1.414990E-2	4.109931E+2	2.504100E-7	2.495431E-7	7.534625E-9	7.723879E-9	7.687762E-9	7.523681E-9	7.842117E-9	8.109463E-9	8.359040E-9	8.433608E-9	7.481098E-9	7.773903E-9	7.517396E-9	7.563611E-9	7.739122E-9	7.813831E-9	7.933926E-9	7.695893E-9	7.672592E-9	7.594990E-9	7.793329E-9	7.607094E-9	7.975125E-9	7.957862E-9	8.045630E-9	7.714725E-9	7.469204E-9	7.645800E-9	7.773219E-9	7.925182E-9	7.840231E-9	7.891653E-9	7.807787E-9	8.095691E-9
0:32:54	1	1.962099E+1	1.533900E+1	1.559500E+1	5.827000E-4	-1.417520E-2	4.127259E+2	2.645500E-7	2.638986E-7	7.944852E-9	8.153648E-9	8.123038E-9	7.950548E-9	8.293337E-9	8.575501E-9	8.843342E-9	8.915927E-9	7.897999E-9	8.216139E-9	7.946455E-9	8.003759E-9	8.193481E-9	8.267438E-9	8.400966E-9	8.142010E-9	8.101225E-9	8.027700E-9	8.235712E-9	8.041032E-9	8.441372E-9	8.428983E-9	8.520410E-9	8.165280E-9	7.884790E-9	8.077269E-9	8.217485E-9	8.380731E-9	8.298612E-9	8.363211E-9	8.270481E-9	8.575858E-9
0:33:08	1	1.962092E+1	1.535300E+1	1.557700E+1	5.701000E-4	-1.420060E-2	4.144588E+2	2.816200E-7	2.809008E-7	8.442109E-9	8.667660E-9	8.636764E-9	8.463803E-9	8.824894E-9	9.134062E-9	9.421634E-9	9.507125E-9	8.391664E-9	8.736551E-9	8.447786E-9	8.515963E-9	8.721827E-9	8.808957E-9	8.951680E-9	8.681734E-9	8.610572E-9	8.538268E-9	8.765151E-9	8.564181E-9	8.992421E-9	8.971282E-9	9.078340E-9	8.697101E-9	8.381528E-9	8.591077E-9	8.739988E-9	8.928470E-9	8.835361E-9	8.907893E-9	8.808882E-9	9.136113E-9
0:33:21	1	1.962221E+1	1.532900E+1	1.556700E+1	5.827000E-4	-1.422590E-2	4.161917E+2	2.988600E-7	2.982012E-7	8.934256E-9	9.191630E-9	9.163129E-9	8.979334E-9	9.365889E-9	9.698721E-9	1.001066E-8	1.009870E-8	8.885520E-9	9.257528E-9	8.968967E-9	9.032522E-9	9.265057E-9	9.356782E-9	9.517723E-9	9.227277E-9	9.127453E-9	9.055946E-9	9.299752E-9	9.092593E-9	9.557670E-9	9.543439E-9	9.646126E-9	9.244528E-9	8.884002E-9	9.115184E-9	9.272905E-9	9.481778E-9	9.390925E-9	9.461380E-9	9.360891E-9	9.712956E-9
0:33:35	1	1.962076E+1	1.533300E+1	1.555200E+1	5.827000E-4	-1.420060E-2	4.179246E+2	3.178200E-7	3.172443E-7	9.481205E-9	9.754441E-9	9.736648E-9	9.549102E-9	9.967578E-9	1.032027E-8	1.065762E-8	1.075605E-8	9.431606E-9	9.832095E-9	9.536747E-9	9.608188E-9	9.865865E-9	9.967842E-9	1.013679E-8	9.823639E-9	9.699704E-9	9.624605E-9	9.896021E-9	9.671282E-9	1.017712E-8	1.015711E-8	1.026901E-8	9.852949E-9	9.436477E-9	9.689973E-9	9.865366E-9	1.008669E-8	9.991954E-9	1.008273E-8	9.971670E-9	1.034596E-8
0:33:48	1	1.962190E+1	1.533300E+1	1.554500E+1	5.827000E-4	-1.421320E-2	4.196574E+2	3.407000E-7	3.402033E-7	1.012798E-8	1.043529E-8	1.042250E-8	1.023532E-8	1.069769E-8	1.107835E-8	1.144221E-8	1.154490E-8	1.008748E-8	1.052711E-8	1.022561E-8	1.030409E-8	1.058981E-8	1.069319E-8	1.088875E-8	1.055259E-8	1.037262E-8	1.030574E-8	1.060517E-8	1.037767E-8	1.092757E-8	1.091062E-8	1.103533E-8	1.058122E-8	1.010529E-8	1.037624E-8	1.057092E-8	1.081899E-8	1.072597E-8	1.082625E-8	1.070187E-8	1.110894E-8
0:34:02	1	1.962107E+1	1.533100E+1	1.558800E+1	5.827000E-4	-1.418790E-2	4.213903E+2	3.644400E-7	3.637964E-7	1.080093E-8	1.112831E-8	1.113243E-8	1.093495E-8	1.142920E-8	1.185691E-8	1.225270E-8	1.237339E-8	1.075717E-8	1.123293E-8	1.092111E-8	1.102077E-8	1.132789E-8	1.145659E-8	1.166402E-8	1.130585E-8	1.106562E-8	1.101041E-8	1.134166E-8	1.110111E-8	1.169802E-8	1.168675E-8	1.180999E-8	1.132843E-8	1.077750E-8	1.109071E-8	1.129983E-8	1.156218E-8	1.147470E-8	1.159613E-8	1.146017E-8	1.189801E-8
0:34:15	1	1.962145E+1	1.534600E+1	1.557200E+1	5.827000E-4	-1.420060E-2	4.231232E+2	3.915200E-7	3.914590E-7	1.156923E-8	1.194655E-8	1.196196E-8	1.176761E-8	1.230148E-8	1.277006E-8	1.320103E-8	1.332034E-8	1.153222E-8	1.205560E-8	1.174110E-8	1.185819E-8	1.218973E-8	1.233761E-8	1.258333E-8	1.218492E-8	1.187088E-8	1.183379E-8	1.219587E-8	1.195075E-8	1.260060E-8	1.259447E-8	1.274678E-8	1.221872E-8	1.157355E-8	1.191741E-8	1.215755E-8	1.244985E-8	1.236034E-8	1.250116E-8	1.235113E-8	1.281523E-8
0:34:29	1	1.962274E+1	1.531800E+1	1.558000E+1	5.827000E-4	-1.418790E-2	4.248561E+2	4.225400E-7	4.225039E-7	1.243200E-8	1.284783E-8	1.288517E-8	1.269058E-8	1.327925E-8	1.379919E-8	1.427208E-8	1.441941E-8	1.240323E-8	1.297648E-8	1.265802E-8	1.279494E-8	1.317320E-8	1.333703E-8	1.360780E-8	1.319044E-8	1.277858E-8	1.275693E-8	1.315592E-8	1.290758E-8	1.361354E-8	1.360486E-8	1.377172E-8	1.321595E-8	1.245548E-8	1.284071E-8	1.310152E-8	1.342674E-8	1.335079E-8	1.351911E-8	1.336702E-8	1.387078E-8
0:34:42	1	1.962008E+1	1.535100E+1	1.557700E+1	5.827000E-4	-1.417520E-2	4.265889E+2	4.561300E-7	4.564911E-7	1.336875E-8	1.385044E-8	1.389188E-8	1.370386E-8	1.434819E-8	1.491399E-8	1.544420E-8	1.560092E-8	1.335595E-8	1.398399E-8	1.366277E-8	1.381821E-8	1.424319E-8	1.443281E-8	1.472950E-8	1.429748E-8	1.376477E-8	1.374779E-8	1.420125E-8	1.394811E-8	1.473432E-8	1.473916E-8	1.491481E-8	1.431811E-8	1.341333E-8	1.385369E-8	1.414728E-8	1.452063E-8	1.444109E-8	1.463147E-8	1.445298E-8	1.501624E-8
0:34:56	1	1.962183E+1	1.533600E+1	1.558500E+1	5.827000E-4	-1.417520E-2	4.283218E+2	4.974000E-7	4.968585E-7	1.446183E-8	1.500828E-8	1.509405E-8	1.490757E-8	1.562038E-8	1.625495E-8	1.685491E-8	1.703089E-8	1.445915E-8	1.517673E-8	1.484448E-8	1.503844E-8	1.552018E-8	1.574631E-8	1.609292E-8	1.560741E-8	1.492112E-8	1.493571E-8	1.544783E-8	1.519752E-8	1.606756E-8	1.606792E-8	1.628127E-8	1.562521E-8	1.455252E-8	1.505590E-8	1.538442E-8	1.579985E-8	1.572574E-8	1.594059E-8	1.575595E-8	1.638088E-8
0:35:09	1	1.962114E+1	1.534500E+1	1.558200E+1	5.701000E-4	-1.416260E-2	4.300547E+2	5.442700E-7	5.439514E-7	1.574315E-8	1.635485E-8	1.648623E-8	1.628683E-8	1.710436E-8	1.783082E-8	1.850129E-8	1.872338E-8	1.574263E-8	1.655387E-8	1.623991E-8	1.645418E-8	1.702167E-8	1.726856E-8	1.767513E-8	1.715987E-8	1.626435E-8	1.630326E-8	1.689416E-8	1.664246E-8	1.762202E-8	1.764033E-8	1.787197E-8	1.715791E-8	1.587060E-8	1.642731E-8	1.681434E-8	1.729072E-8	1.723186E-8	1.748382E-8	1.730924E-8	1.798029E-8
0:35:23	1	1.962031E+1	1.537500E+1	1.560000E+1	5.827000E-4	-1.414990E-2	4.317875E+2	5.994000E-7	5.989998E-7	1.721871E-8	1.792771E-8	1.807752E-8	1.793855E-8	1.884399E-8	1.966868E-8	2.041865E-8	2.069407E-8	1.723244E-8	1.815675E-8	1.783045E-8	1.810913E-8	1.876987E-8	1.908748E-8	1.953764E-8	1.899093E-8	1.781766E-8	1.790174E-8	1.859919E-8	1.832461E-8	1.944340E-8	1.948865E-8	1.973058E-8	1.896341E-8	1.738685E-8	1.802839E-8	1.849000E-8	1.904100E-8	1.900868E-8	1.930885E-8	1.908814E-8	1.987613E-8
0:35:36	1	1.962198E+1	1.535800E+1	1.558600E+1	5.827000E-4	-1.416260E-2	4.335204E+2	6.609200E-7	6.614431E-7	1.885016E-8	1.966419E-8	1.988975E-8	1.976455E-8	2.081923E-8	2.176043E-8	2.264048E-8	2.295480E-8	1.889758E-8	1.994921E-8	1.964368E-8	1.999470E-8	2.075808E-8	2.111774E-8	2.169376E-8	2.107026E-8	1.955722E-8	1.971157E-8	2.051355E-8	2.025678E-8	2.153403E-8	2.158629E-8	2.188717E-8	2.104335E-8	1.907120E-8	1.984741E-8	2.036822E-8	2.101085E-8	2.102268E-8	2.136762E-8	2.116560E-8	2.203093E-8
0:35:50	1	1.962069E+1	1.534300E+1	1.559500E+1	5.954000E-4	-1.417520E-2	4.352533E+2	7.430400E-7	7.433975E-7	2.096121E-8	2.193720E-8	2.224452E-8	2.216843E-8	2.338597E-8	2.453929E-8	2.556447E-8	2.597656E-8	2.105169E-8	2.226327E-8	2.201749E-8	2.247039E-8	2.339132E-8	2.385548E-8	2.452138E-8	2.385057E-8	2.180695E-8	2.204261E-8	2.301308E-8	2.277265E-8	2.426985E-8	2.437697E-8	2.473300E-8	2.377640E-8	2.127940E-8	2.220065E-8	2.283070E-8	2.361987E-8	2.368015E-8	2.409179E-8	2.385113E-8	2.485310E-8
0:36:03	1	1.962008E+1	1.535200E+1	1.559400E+1	5.701000E-4	-1.417520E-2	4.369862E+2	8.353900E-7	8.361313E-7	2.330339E-8	2.445037E-8	2.488323E-8	2.486785E-8	2.631871E-8	2.767563E-8	2.891073E-8	2.944069E-8	2.341206E-8	2.488276E-8	2.467638E-8	2.523500E-8	2.633405E-8	2.696019E-8	2.777456E-8	2.706561E-8	2.431319E-8	2.466172E-8	2.581768E-8	2.562717E-8	2.740939E-8	2.755726E-8	2.796786E-8	2.692199E-8	2.373497E-8	2.480680E-8	2.560150E-8	2.654945E-8	2.666415E-8	2.719791E-8	2.698111E-8	2.812797E-8
