APD#	0018	Started	07/13/07 13:30	Sense_ohms	1.004464E+6	1.004628E+6	1.002105E+6	1.000924E+6	9.998282E+5	1.007735E+6	1.002821E+6	9.989270E+5	9.993226E+5	1.002376E+6	1.001862E+6	1.003102E+6	1.000030E+6	1.003780E+6	1.000011E+6	1.000898E+6	9.999006E+5	1.006439E+6	1.005624E+6	1.010450E+6	1.003884E+6	1.005600E+6	1.002519E+6	1.006362E+6	1.004620E+6	1.008599E+6	1.003214E+6	1.000475E+6	1.003139E+6	9.996927E+5	1.009944E+6	1.000506E+6	
ElapTime	Shutter_Open	DegC	BiasV	KE237_Amps	Pixel_Sum	A1	A2	A3	A4	A5	A6	A7	A8	B1	B2	B3	B4	B5	B6	B7	B8	C1	C2	C3	C4	C5	C6	C7	C8	D1	D2	D3	D4	D5	D6	D7	D8
0:00:00	0	2.031942E+1	0.000000E+0	3.634000E-11	-4.927197E-10	0.000000E+0	-2.518345E-11	-1.267332E-11	-1.268828E-11	-3.800653E-11	-1.260252E-11	0.000000E+0	-1.271364E-11	-1.270861E-11	-2.524003E-11	-1.267640E-11	-1.266073E-11	-1.269962E-11	-3.785690E-11	-1.269986E-11	-2.527730E-11	-2.530252E-11	-1.261875E-11	-2.515851E-11	0.000000E+0	0.000000E+0	-2.515911E-11	0.000000E+0	-1.261971E-11	-2.518365E-11	0.000000E+0	0.000000E+0	-2.528799E-11	-1.266026E-11	-1.270390E-11	-2.505089E-11	-2.528720E-11
0:00:08	0	2.031980E+1	5.000000E+1	2.953400E-9	3.035770E-10	2.518756E-11	1.264150E-11	0.000000E+0	1.268828E-11	1.270218E-11	1.260252E-11	1.266427E-11	1.271364E-11	1.270861E-11	1.266990E-11	0.000000E+0	0.000000E+0	1.269962E-11	2.520473E-11	1.269986E-11	2.527730E-11	1.270126E-11	1.261875E-11	1.262897E-11	-1.256866E-11	1.265086E-11	1.262928E-11	0.000000E+0	1.261971E-11	0.000000E+0	1.259172E-11	0.000000E+0	-1.269397E-11	1.266026E-11	1.270390E-11	1.257495E-11	0.000000E+0
0:00:17	0	2.031843E+1	1.000000E+2	4.713300E-9	5.431189E-10	1.264356E-11	3.782495E-11	2.524686E-11	0.000000E+0	2.530435E-11	0.000000E+0	1.266427E-11	1.271364E-11	2.531715E-11	2.524003E-11	1.267640E-11	2.522176E-11	3.799886E-11	1.265217E-11	1.269986E-11	2.527730E-11	1.270126E-11	1.261875E-11	2.515851E-11	0.000000E+0	2.520211E-11	1.262928E-11	0.000000E+0	2.514006E-11	1.264160E-11	2.508430E-11	1.265931E-11	1.269397E-11	1.266026E-11	1.270390E-11	2.505089E-11	1.269358E-11
0:00:26	0	2.031828E+1	1.500000E+2	5.383400E-9	1.035358E-9	5.047468E-11	2.518345E-11	3.792018E-11	2.527664E-11	3.800653E-11	3.770833E-11	3.789310E-11	2.532718E-11	5.073437E-11	1.266990E-11	5.060577E-11	3.788249E-11	5.069848E-11	1.265217E-11	3.799958E-11	5.065451E-11	2.530252E-11	3.775688E-11	2.515851E-11	3.760701E-11	1.265086E-11	1.262928E-11	2.523643E-11	3.775977E-11	2.518365E-11	2.508430E-11	3.787826E-11	2.528799E-11	2.522083E-11	2.530778E-11	3.762585E-11	3.798078E-11
0:00:35	0	2.031524E+1	2.000000E+2	6.007600E-9	2.007489E-9	7.566224E-11	5.046644E-11	6.316703E-11	6.324156E-11	5.070871E-11	3.770833E-11	5.055738E-11	7.608164E-11	6.334291E-11	6.314996E-11	5.060577E-11	6.310425E-11	7.599772E-11	7.571380E-11	6.329930E-11	8.862042E-11	7.600756E-11	6.289502E-11	6.294599E-11	6.264536E-11	6.305509E-11	7.557677E-11	5.057261E-11	6.289983E-11	6.300890E-11	7.535205E-11	6.309721E-11	5.067593E-11	5.054135E-11	6.331946E-11	5.020080E-11	6.326799E-11
0:00:43	0	2.031767E+1	2.500000E+2	6.629400E-9	3.548253E-9	1.261369E-10	1.134748E-10	1.137605E-10	1.012065E-10	1.140196E-10	1.005225E-10	1.010150E-10	1.394496E-10	1.267859E-10	1.137298E-10	1.011117E-10	1.136475E-10	1.266962E-10	1.009185E-10	1.139987E-10	1.265863E-10	1.140113E-10	1.006519E-10	1.133624E-10	1.128210E-10	1.135589E-10	8.820605E-11	1.263816E-10	1.258990E-10	1.008341E-10	1.004363E-10	8.841583E-11	8.865789E-11	1.009830E-10	1.140350E-10	1.003026E-10	1.266359E-10
0:00:52	0	2.031881E+1	3.000000E+2	9.709000E-9	6.692699E-9	2.017992E-10	2.144077E-10	2.022742E-10	2.152012E-10	1.900326E-10	2.011441E-10	1.894655E-10	2.156314E-10	2.281546E-10	2.022195E-10	2.023233E-10	2.020732E-10	2.153935E-10	2.145889E-10	1.899979E-10	2.404840E-10	2.154214E-10	2.014032E-10	2.141954E-10	2.256420E-10	2.019158E-10	2.142005E-10	2.400952E-10	2.265586E-10	1.764846E-10	2.135636E-10	2.147099E-10	1.772158E-10	2.020657E-10	2.154662E-10	2.132792E-10	2.152911E-10
0:01:01	0	2.031957E+1	3.500000E+2	1.715000E-8	1.401536E-8	4.161423E-10	4.287159E-10	4.171220E-10	4.176141E-10	4.434762E-10	4.147916E-10	4.042596E-10	4.058355E-10	4.437006E-10	4.170092E-10	4.425759E-10	4.420288E-10	4.433867E-10	4.290781E-10	4.306953E-10	4.682795E-10	4.180416E-10	4.279445E-10	4.409203E-10	4.512841E-10	4.416845E-10	4.660899E-10	4.927587E-10	4.908770E-10	4.160777E-10	4.270280E-10	4.293202E-10	4.178015E-10	4.420125E-10	4.561402E-10	4.515102E-10	4.811565E-10
0:01:10	0	2.031995E+1	4.000000E+2	4.298700E-8	4.034105E-8	1.147677E-9	1.185314E-9	1.188299E-9	1.177012E-9	1.229011E-9	1.181660E-9	1.162122E-9	1.166652E-9	1.229633E-9	1.137398E-9	1.226516E-9	1.237561E-9	1.254062E-9	1.236725E-9	1.203387E-9	1.328907E-9	1.190918E-9	1.246077E-9	1.284874E-9	1.316344E-9	1.324954E-9	1.322693E-9	1.453140E-9	1.447590E-9	1.185324E-9	1.268492E-9	1.237423E-9	1.266199E-9	1.300717E-9	1.381224E-9	1.379779E-9	1.443370E-9
0:01:18	0	2.031729E+1	4.100000E+2	5.537600E-8	5.351074E-8	1.500800E-9	1.563564E-9	1.580174E-9	1.531385E-9	1.621779E-9	1.533637E-9	1.528488E-9	1.559774E-9	1.622599E-9	1.491257E-9	1.643739E-9	1.603825E-9	1.659450E-9	1.640599E-9	1.608782E-9	1.746632E-9	1.583657E-9	1.636264E-9	1.700636E-9	1.742590E-9	1.766638E-9	1.750994E-9	1.933330E-9	1.963707E-9	1.588760E-9	1.683028E-9	1.616305E-9	1.696694E-9	1.742730E-9	1.862772E-9	1.856341E-9	1.949813E-9
0:01:26	0	2.031965E+1	4.200000E+2	7.630800E-8	7.448204E-8	2.055624E-9	2.143580E-9	2.161650E-9	2.100959E-9	2.242585E-9	2.124467E-9	2.109549E-9	2.130486E-9	2.218403E-9	2.059906E-9	2.250709E-9	2.197384E-9	2.318130E-9	2.271613E-9	2.216876E-9	2.442706E-9	2.179117E-9	2.290750E-9	2.380810E-9	2.457222E-9	2.473294E-9	2.469073E-9	2.716756E-9	2.744142E-9	2.219247E-9	2.348703E-9	2.272895E-9	2.355081E-9	2.487791E-9	2.661018E-9	2.634007E-9	2.747510E-9
0:01:34	0	2.031775E+1	4.300000E+2	1.145000E-7	1.135453E-7	3.026788E-9	3.152311E-9	3.198168E-9	3.138700E-9	3.332172E-9	3.180300E-9	3.195884E-9	3.170302E-9	3.283224E-9	3.045664E-9	3.401267E-9	3.308736E-9	3.483495E-9	3.457929E-9	3.331563E-9	3.708370E-9	3.306629E-9	3.473931E-9	3.627897E-9	3.798605E-9	3.823450E-9	3.816925E-9	4.195132E-9	4.267252E-9	3.404571E-9	3.592111E-9	3.510318E-9	3.671956E-9	3.876831E-9	4.270312E-9	4.164290E-9	4.330209E-9
0:01:43	0	2.031957E+1	4.400000E+2	2.087200E-7	2.076050E-7	5.120243E-9	5.371640E-9	5.461005E-9	5.378830E-9	5.752188E-9	5.505912E-9	5.558121E-9	5.554460E-9	5.641021E-9	5.282549E-9	5.942834E-9	5.783858E-9	6.156315E-9	6.246986E-9	5.966434E-9	6.619256E-9	5.954492E-9	6.293377E-9	6.663823E-9	7.033104E-9	7.116958E-9	7.205648E-9	7.897506E-9	8.144286E-9	6.304772E-9	6.694335E-9	6.566097E-9	7.014568E-9	7.526375E-9	9.060284E-9	8.190652E-9	8.597050E-9
0:01:51	0	2.031767E+1	4.410000E+2	2.248700E-7	2.244474E-7	5.486010E-9	5.699423E-9	5.814960E-9	5.758479E-9	6.144956E-9	5.895598E-9	5.975044E-9	5.972909E-9	6.021279E-9	5.661748E-9	6.372734E-9	6.213227E-9	6.612402E-9	6.701269E-9	6.447829E-9	7.125601E-9	6.397836E-9	6.784216E-9	7.205476E-9	7.622346E-9	7.722705E-9	7.848051E-9	8.579788E-9	8.861722E-9	6.821783E-9	7.221899E-9	7.134370E-9	7.660361E-9	8.208334E-9	1.009930E-8	8.955744E-9	9.420033E-9
0:01:59	0	2.032010E+1	4.420000E+2	2.442100E-7	2.440035E-7	5.851678E-9	6.128139E-9	6.257428E-9	6.163505E-9	6.613736E-9	6.335594E-9	6.442426E-9	6.442112E-9	6.477588E-9	6.091427E-9	6.853139E-9	6.680577E-9	7.157085E-9	7.256570E-9	6.967223E-9	7.733056E-9	6.917288E-9	7.350669E-9	7.847864E-9	8.299372E-9	8.416710E-9	8.553500E-9	9.388550E-9	9.717676E-9	7.414445E-9	7.900067E-9	7.803619E-9	8.369425E-9	9.041718E-9	1.127777E-8	9.883914E-9	1.036965E-8
0:02:07	0	2.031790E+1	4.430000E+2	2.714600E-7	2.716468E-7	6.293108E-9	6.582138E-9	6.725144E-9	6.669737E-9	7.133225E-9	6.838405E-9	6.985594E-9	1.008172E-8	6.984631E-9	6.596926E-9	7.434856E-9	7.236153E-9	7.625771E-9	7.887585E-9	9.145999E-9	8.492474E-9	7.563452E-9	8.017774E-9	8.591084E-9	9.051512E-9	9.211722E-9	9.422733E-9	1.032359E-8	1.073729E-8	8.107941E-9	8.678771E-9	8.586503E-9	9.281091E-9	9.988845E-9	1.277303E-8	1.100021E-8	1.159783E-8
0:02:16	0	2.032086E+1	4.440000E+2	7.842000E-7	8.039580E-7	6.734537E-9	7.363920E-9	7.559387E-9	7.163381E-9	7.918760E-9	2.182250E-8	3.513000E-8	1.558796E-7	8.810068E-9	6.938115E-9	9.369354E-9	8.903182E-9	7.372379E-9	4.678266E-8	9.158699E-8	2.016546E-7	8.830278E-9	8.999552E-9	7.923439E-9	1.040556E-8	1.009499E-8	1.090921E-8	1.176407E-8	1.291494E-8	9.154506E-9	9.671039E-9	9.596656E-9	1.083845E-8	1.127690E-8	1.455977E-8	1.235494E-8	1.367428E-8
0:02:24	0	2.031797E+1	4.450000E+2	3.625000E-6	3.972856E-6	1.321680E-8	6.309758E-8	6.474811E-8	1.046025E-7	9.241468E-8	1.684453E-7	2.475776E-7	5.160440E-7	3.927140E-8	6.579218E-8	6.076815E-8	1.387757E-7	1.246599E-7	3.883957E-7	5.395660E-7	6.015218E-7	1.363186E-8	8.521232E-9	9.611445E-9	1.921886E-8	1.379233E-8	4.808363E-8	4.754912E-8	1.556091E-7	8.587127E-9	9.382123E-9	1.126350E-8	4.001119E-8	3.943771E-8	5.036988E-8	9.527697E-8	1.736128E-7
0:02:32	0	2.032094E+1	4.460000E+2	1.195300E-5	1.301887E-5	2.208272E-7	4.557680E-7	3.217306E-7	4.117912E-7	2.136790E-7	4.983094E-7	1.033588E-6	9.265030E-7	2.964370E-7	2.721542E-7	3.941463E-7	3.967279E-7	6.038554E-7	9.985771E-7	1.075433E-6	1.000149E-6	1.597569E-8	7.773566E-8	1.012919E-7	1.197136E-7	1.278155E-7	2.884013E-7	3.803043E-7	6.712773E-7	8.750971E-9	3.652383E-8	2.050531E-7	1.458002E-7	2.256272E-7	3.195925E-7	5.313617E-7	6.439708E-7
0:02:40	0	2.031782E+1	4.470000E+2	2.684700E-5	2.964379E-5	5.174620E-7	1.276882E-6	7.859022E-7	8.360363E-7	9.593700E-7	1.276352E-6	1.422406E-6	1.847313E-6	8.322675E-7	1.009252E-6	9.868330E-7	1.055854E-6	1.316360E-6	1.516847E-6	1.718102E-6	1.870874E-6	2.644284E-7	4.493845E-7	3.740913E-7	6.897988E-7	6.132600E-7	8.820467E-7	9.653496E-7	1.023431E-6	2.249793E-7	4.455460E-7	4.475334E-7	7.147067E-7	6.401843E-7	7.522673E-7	9.797136E-7	9.489582E-7
