APD#	0019	Started	07/18/07 16:07	Sense_ohms	1.004464E+6	1.004628E+6	1.002105E+6	1.000924E+6	9.998282E+5	1.007735E+6	1.002821E+6	9.989270E+5	9.993226E+5	1.002376E+6	1.001862E+6	1.003102E+6	1.000030E+6	1.003780E+6	1.000011E+6	1.000898E+6	9.999006E+5	1.006439E+6	1.005624E+6	1.010450E+6	1.003884E+6	1.005600E+6	1.002519E+6	1.006362E+6	1.004620E+6	1.008599E+6	1.003214E+6	1.000475E+6	1.003139E+6	9.996927E+5	1.009944E+6	1.000506E+6	
ElapTime	Shutter_Open	DegC	BiasV	KE237_Amps	Pixel_Sum	A1	A2	A3	A4	A5	A6	A7	A8	B1	B2	B3	B4	B5	B6	B7	B8	C1	C2	C3	C4	C5	C6	C7	C8	D1	D2	D3	D4	D5	D6	D7	D8
0:00:00	0	-4.992164E+0	0.000000E+0	-9.250000E-12	-4.296320E-10	0.000000E+0	0.000000E+0	-1.267332E-11	-2.527664E-11	-1.270218E-11	0.000000E+0	-1.266427E-11	-2.532718E-11	-1.270861E-11	-1.266990E-11	0.000000E+0	-1.266073E-11	-2.529924E-11	-3.785690E-11	-1.269986E-11	0.000000E+0	0.000000E+0	-1.261875E-11	-1.262897E-11	-1.256866E-11	-1.265086E-11	-2.515911E-11	-1.266809E-11	-1.261971E-11	-1.264160E-11	-1.259172E-11	-1.265931E-11	-2.528799E-11	-1.266026E-11	0.000000E+0	-2.505089E-11	-2.528720E-11
0:00:08	0	-4.990567E+0	5.000000E+1	2.442300E-9	-3.535201E-10	2.518756E-11	-2.518345E-11	-1.267332E-11	0.000000E+0	-1.270218E-11	-2.510581E-11	-1.266427E-11	-2.532718E-11	-2.531715E-11	-2.524003E-11	0.000000E+0	-2.522176E-11	0.000000E+0	-1.265217E-11	0.000000E+0	-1.268861E-11	0.000000E+0	0.000000E+0	0.000000E+0	-2.503835E-11	0.000000E+0	0.000000E+0	-2.523643E-11	-1.261971E-11	-1.264160E-11	0.000000E+0	-1.265931E-11	-2.528799E-11	0.000000E+0	-1.270390E-11	-2.505089E-11	-1.269358E-11
0:00:17	0	-4.989124E+0	1.000000E+2	3.912500E-9	-2.778279E-10	1.264356E-11	-1.264150E-11	-1.267332E-11	0.000000E+0	-2.530435E-11	-1.260252E-11	0.000000E+0	1.271364E-11	-2.531715E-11	-2.524003E-11	0.000000E+0	-1.266073E-11	-2.529924E-11	-1.265217E-11	1.269986E-11	-1.268861E-11	-1.270126E-11	1.261875E-11	0.000000E+0	-2.503835E-11	-2.520211E-11	-1.262928E-11	-2.523643E-11	-1.261971E-11	1.264160E-11	-1.259172E-11	-1.265931E-11	-1.269397E-11	0.000000E+0	0.000000E+0	0.000000E+0	-1.269358E-11
0:00:26	0	-4.990111E+0	1.500000E+2	3.548400E-9	-1.266316E-10	2.518756E-11	-1.264150E-11	0.000000E+0	1.268828E-11	-1.270218E-11	0.000000E+0	0.000000E+0	0.000000E+0	0.000000E+0	0.000000E+0	0.000000E+0	0.000000E+0	-1.269962E-11	1.265217E-11	-1.269986E-11	-1.268861E-11	-1.270126E-11	1.261875E-11	-1.262897E-11	0.000000E+0	-1.265086E-11	-2.515911E-11	-1.266809E-11	1.261971E-11	-1.264160E-11	-1.259172E-11	0.000000E+0	0.000000E+0	-2.522083E-11	-1.270390E-11	0.000000E+0	0.000000E+0
0:00:35	0	-4.990415E+0	2.000000E+2	3.538700E-9	-9.722788E-15	2.518756E-11	1.264150E-11	-1.267332E-11	0.000000E+0	0.000000E+0	-1.260252E-11	0.000000E+0	1.271364E-11	-1.270861E-11	-2.524003E-11	0.000000E+0	1.266073E-11	0.000000E+0	-1.265217E-11	0.000000E+0	0.000000E+0	0.000000E+0	1.261875E-11	0.000000E+0	0.000000E+0	0.000000E+0	0.000000E+0	0.000000E+0	1.261971E-11	0.000000E+0	0.000000E+0	0.000000E+0	0.000000E+0	0.000000E+0	0.000000E+0	-1.257495E-11	0.000000E+0
0:00:43	0	-4.990036E+0	2.500000E+2	3.757100E-9	1.896348E-10	1.264356E-11	1.264150E-11	1.267332E-11	2.527664E-11	-1.270218E-11	1.260252E-11	1.266427E-11	1.271364E-11	1.270861E-11	2.524003E-11	-1.267640E-11	1.266073E-11	1.269962E-11	0.000000E+0	2.529972E-11	0.000000E+0	1.270126E-11	1.261875E-11	0.000000E+0	0.000000E+0	0.000000E+0	0.000000E+0	0.000000E+0	0.000000E+0	1.264160E-11	1.259172E-11	0.000000E+0	0.000000E+0	-1.266026E-11	-1.270390E-11	0.000000E+0	0.000000E+0
0:00:52	0	-4.990415E+0	3.000000E+2	4.397800E-9	6.687856E-10	2.518756E-11	2.518345E-11	2.524686E-11	2.527664E-11	2.530435E-11	3.770833E-11	-1.266427E-11	3.804082E-11	2.531715E-11	1.266990E-11	2.525298E-11	1.266073E-11	1.269962E-11	2.520473E-11	2.529972E-11	1.268861E-11	2.530252E-11	1.261875E-11	1.262897E-11	3.760701E-11	1.265086E-11	1.262928E-11	2.523643E-11	3.775977E-11	1.264160E-11	3.767602E-11	0.000000E+0	2.528799E-11	2.522083E-11	1.270390E-11	2.505089E-11	1.269358E-11
0:01:01	0	-4.989808E+0	3.500000E+2	5.085900E-9	1.653574E-9	6.301868E-11	6.300840E-11	5.059350E-11	7.592984E-11	6.331088E-11	7.541665E-11	3.789310E-11	6.336799E-11	5.073437E-11	6.314996E-11	2.525298E-11	6.310425E-11	6.329810E-11	6.306163E-11	6.329930E-11	6.324321E-11	5.070504E-11	6.289502E-11	2.515851E-11	6.264536E-11	3.785298E-11	3.778839E-11	2.523643E-11	5.037949E-11	7.565049E-11	6.276032E-11	2.521895E-11	5.067593E-11	3.788109E-11	3.801168E-11	2.505089E-11	3.798078E-11
0:01:10	0	-4.989124E+0	4.000000E+2	8.259100E-9	5.833597E-9	1.513245E-10	2.017662E-10	1.516807E-10	2.404778E-10	1.900326E-10	2.891633E-10	1.642367E-10	2.662857E-10	1.774202E-10	1.643096E-10	1.390411E-10	1.767517E-10	2.279932E-10	1.892845E-10	2.153976E-10	2.531727E-10	1.520151E-10	1.761657E-10	1.763084E-10	1.629967E-10	1.387611E-10	8.820605E-11	1.516181E-10	1.761791E-10	2.269515E-10	2.135636E-10	1.388537E-10	2.026038E-10	1.641846E-10	1.773545E-10	1.755543E-10	1.139423E-10
0:01:18	0	-4.991327E+0	4.100000E+2	1.066700E-8	8.435504E-9	2.269867E-10	2.774161E-10	2.401944E-10	3.290959E-10	2.914501E-10	4.273941E-10	2.273586E-10	3.931218E-10	2.788889E-10	2.527993E-10	2.023233E-10	2.147339E-10	3.293901E-10	2.776505E-10	3.039967E-10	3.670704E-10	2.280227E-10	2.895357E-10	2.393539E-10	2.507794E-10	2.145666E-10	1.385243E-10	2.274271E-10	2.391783E-10	3.026020E-10	3.014082E-10	1.893913E-10	2.912617E-10	2.272865E-10	2.407740E-10	2.509050E-10	1.646167E-10
0:01:26	0	-4.990264E+0	4.200000E+2	1.554700E-8	1.338554E-8	3.152925E-10	4.538994E-10	3.666282E-10	5.062322E-10	4.814827E-10	7.039549E-10	3.410379E-10	6.467940E-10	4.309920E-10	3.917692E-10	2.908584E-10	3.662638E-10	5.319840E-10	4.417303E-10	4.813947E-10	5.948658E-10	3.800378E-10	4.530826E-10	4.031328E-10	3.636004E-10	3.406768E-10	2.267303E-10	3.285723E-10	3.902174E-10	4.665446E-10	4.647040E-10	3.283447E-10	4.684775E-10	3.662503E-10	4.055246E-10	4.138843E-10	2.405783E-10
0:01:34	0	-4.987983E+0	4.300000E+2	3.051600E-8	2.856411E-8	6.305851E-10	9.204402E-10	8.089971E-10	1.088394E-9	1.051581E-9	1.546141E-9	7.831906E-10	1.433038E-9	9.000097E-10	8.593582E-10	6.069698E-10	7.956319E-10	1.140066E-9	9.717269E-10	1.038789E-9	1.316218E-9	7.601756E-10	9.062646E-10	8.565826E-10	7.898461E-10	7.318575E-10	4.660899E-10	7.328539E-10	8.433347E-10	9.835560E-10	9.670840E-10	6.313708E-10	9.496489E-10	7.829423E-10	8.616648E-10	8.779695E-10	5.317309E-10
0:01:43	0	-4.991251E+0	4.400000E+2	1.493800E-5	1.630945E-5	3.593011E-8	1.267245E-8	1.091565E-7	4.022104E-8	1.410673E-7	1.559502E-7	1.736288E-7	5.605051E-7	6.603123E-8	7.911203E-9	6.019921E-8	4.139659E-8	2.901470E-7	1.881653E-7	2.820959E-7	4.526824E-7	8.158994E-7	6.561848E-7	3.859828E-7	3.999858E-7	5.377366E-7	8.515992E-7	5.205257E-7	8.299075E-7	9.985869E-7	9.320747E-7	1.130173E-6	8.067324E-7	1.401208E-6	1.245171E-6	1.174344E-6	1.005580E-6
0:01:51	0	-4.907644E+0	4.410000E+2	3.555900E-5	3.410877E-5	2.116713E-7	1.772129E-7	2.732011E-7	3.164910E-7	6.174835E-7	8.059613E-7	7.961668E-7	1.371557E-6	2.644165E-7	4.212167E-7	1.239135E-7	5.657493E-7	6.382730E-7	6.821537E-7	9.781454E-7	1.124448E-6	1.002933E-6	8.242429E-7	8.879588E-7	1.535907E-6	1.449810E-6	1.180853E-6	1.195198E-6	1.655737E-6	1.638105E-6	1.518278E-6	2.078591E-6	1.699224E-6	1.853624E-6	2.160447E-6	1.950535E-6	2.109261E-6
