APD#	0003	Started	03/07/07 18:12	Sense_ohms	1.004464E+6	1.004628E+6	1.002105E+6	1.000924E+6	9.998282E+5	1.007735E+6	1.002821E+6	9.989270E+5	9.993226E+5	1.002376E+6	1.001862E+6	1.003102E+6	1.000030E+6	1.003780E+6	1.000011E+6	1.000898E+6	9.999006E+5	1.006439E+6	1.005624E+6	1.010450E+6	1.003884E+6	1.005600E+6	1.002519E+6	1.006362E+6	1.004620E+6	1.008599E+6	1.003214E+6	1.000475E+6	1.003139E+6	9.996927E+5	1.009944E+6	1.000506E+6	
ElapTime	Shutter_Open	DegC	BiasV	KE237_Amps	Pixel_Sum	A1	A2	A3	A4	A5	A6	A7	A8	B1	B2	B3	B4	B5	B6	B7	B8	C1	C2	C3	C4	C5	C6	C7	C8	D1	D2	D3	D4	D5	D6	D7	D8
   0:00:00	0	2.586000E+1	0.000000E+0	3.000000E-12	-2.716261E-10	-1.513245E-12	-7.944234E-12	-7.332565E-12	-7.720866E-12	-8.236415E-12	-8.548874E-12	-7.832903E-12	-8.624254E-12	-7.606152E-12	-8.088781E-12	-7.207579E-12	-7.577495E-12	-8.994730E-12	-8.077467E-12	-6.587928E-12	-1.215109E-11	-1.115011E-11	-1.007016E-11	-9.196280E-12	-9.779801E-12	-9.212220E-12	-8.944909E-12	-7.960946E-12	-9.315733E-12	-9.458303E-12	-7.034510E-12	-8.587400E-12	-9.370549E-12	-1.022989E-11	-8.490609E-12	-9.156943E-12	-9.623131E-12
   0:00:09	0	2.581100E+1	5.000000E+1	3.967200E-9	2.598487E-9	1.169191E-10	9.697520E-11	1.174478E-10	-1.392314E-11	1.175882E-10	9.692826E-11	8.969696E-11	9.600702E-11	1.319734E-10	-1.314477E-11	1.267071E-10	1.036904E-10	1.038829E-10	1.197762E-10	1.209877E-10	-1.911284E-11	1.042764E-10	1.170672E-10	-1.738523E-11	-1.755357E-11	1.178702E-10	1.151492E-10	8.643826E-11	-1.460310E-11	9.685055E-11	9.182044E-11	9.054599E-11	8.800720E-11	8.891091E-11	8.389478E-11	8.806033E-11	8.673811E-11
   0:00:18	0	2.581700E+1	1.000000E+2	4.955800E-9	3.532168E-9	1.425228E-10	1.244670E-10	1.608105E-10	-1.405002E-11	1.611767E-10	1.221968E-10	1.133213E-10	1.237818E-10	1.814159E-10	-1.478786E-11	1.742535E-10	1.351388E-10	1.366939E-10	1.678625E-10	1.676082E-10	-1.898595E-11	1.392458E-10	1.685527E-10	-1.637789E-11	-1.868178E-11	1.701173E-10	1.634019E-10	1.258659E-10	-1.586209E-11	1.308992E-10	1.210878E-10	1.207270E-10	1.185257E-10	1.180843E-10	1.098738E-10	1.166609E-10	1.166220E-10
   0:00:27	0	2.582200E+1	1.500000E+2	5.892100E-9	4.220802E-9	1.643434E-10	1.442653E-10	1.978525E-10	-1.455555E-11	1.957696E-10	1.439466E-10	1.334077E-10	1.428062E-10	2.221105E-10	-1.415537E-11	2.092813E-10	1.566092E-10	1.574703E-10	2.028233E-10	2.042218E-10	-1.848040E-11	1.658535E-10	2.058128E-10	-1.826726E-11	-1.905785E-11	2.050745E-10	1.977953E-10	1.524041E-10	-1.460310E-11	1.529683E-10	1.429438E-10	1.414374E-10	1.406852E-10	1.400594E-10	1.307842E-10	1.353521E-10	1.338433E-10
   0:00:37	0	2.582800E+1	2.000000E+2	6.452900E-9	5.051803E-9	1.908301E-10	1.709996E-10	2.360332E-10	-1.455555E-11	2.368237E-10	1.700953E-10	1.561475E-10	1.680443E-10	2.672430E-10	-1.579846E-11	2.513909E-10	1.833841E-10	1.861014E-10	2.424545E-10	2.447623E-10	-1.822663E-11	1.984157E-10	2.479822E-10	-1.713364E-11	-2.006037E-11	2.476033E-10	2.352128E-10	1.857661E-10	-1.535829E-11	1.838645E-10	1.690702E-10	1.689679E-10	1.671506E-10	1.673387E-10	1.561300E-10	1.610683E-10	1.600550E-10
   0:00:46	0	2.583300E+1	2.500000E+2	7.380900E-9	5.950596E-9	2.229916E-10	1.991215E-10	2.825562E-10	-1.455555E-11	2.805392E-10	1.988846E-10	1.817932E-10	1.978483E-10	3.159250E-10	-1.579846E-11	2.941323E-10	2.145804E-10	2.171395E-10	2.857449E-10	2.832749E-10	-1.860629E-11	2.385807E-10	2.949349E-10	-1.776310E-11	-1.955960E-11	2.924043E-10	2.756533E-10	2.158423E-10	-1.384790E-11	2.186697E-10	1.979607E-10	1.971294E-10	1.948824E-10	1.939861E-10	1.794481E-10	1.887907E-10	1.879129E-10
   0:00:55	0	2.583800E+1	3.000000E+2	9.122500E-9	7.663286E-9	3.037132E-10	2.771812E-10	3.754776E-10	-1.455555E-11	3.788671E-10	2.839953E-10	2.332111E-10	2.520024E-10	4.186126E-10	-1.504026E-11	3.917556E-10	3.032413E-10	3.007520E-10	3.593277E-10	3.494062E-10	-1.923972E-11	3.210639E-10	3.809103E-10	-1.801568E-11	-1.930823E-11	3.722890E-10	3.303302E-10	2.483195E-10	-1.611349E-11	2.721387E-10	2.454414E-10	2.412018E-10	2.373043E-10	2.391992E-10	2.099895E-10	2.221579E-10	2.176699E-10
   0:01:04	0	2.584200E+1	3.500000E+2	1.117900E-8	1.002862E-8	3.763619E-10	3.481786E-10	4.615724E-10	-1.607515E-11	4.684525E-10	3.624425E-10	2.875349E-10	3.065379E-10	5.188925E-10	-1.466117E-11	4.829288E-10	3.825563E-10	3.809446E-10	4.390932E-10	4.179444E-10	-1.696077E-11	4.254663E-10	4.967196E-10	-1.725894E-11	-1.930823E-11	4.976053E-10	4.073071E-10	2.941929E-10	-1.447690E-11	4.068215E-10	3.719298E-10	3.657176E-10	3.634264E-10	3.728177E-10	2.874203E-10	3.099677E-10	2.945310E-10
   0:01:14	0	2.584600E+1	4.000000E+2	1.620100E-8	1.501894E-8	5.782905E-10	5.452824E-10	6.766187E-10	-1.607515E-11	6.841155E-10	5.752822E-10	4.386296E-10	4.584749E-10	7.666123E-10	-1.554606E-11	6.990394E-10	5.915799E-10	5.870624E-10	6.463349E-10	5.818796E-10	-1.886006E-11	6.468153E-10	7.207839E-10	-1.688106E-11	-1.993567E-11	7.097463E-10	5.605042E-10	4.026188E-10	-1.548449E-11	6.236000E-10	5.796883E-10	5.695405E-10	5.591964E-10	5.788021E-10	4.346796E-10	4.663942E-10	4.401503E-10
   0:01:22	0	2.585000E+1	4.100000E+2	1.791800E-8	1.721304E-8	6.653180E-10	6.298998E-10	7.600591E-10	-1.341660E-11	7.705324E-10	6.681876E-10	5.076070E-10	5.288635E-10	8.706948E-10	-1.364957E-11	7.856601E-10	6.832715E-10	6.770097E-10	7.398583E-10	6.492779E-10	-1.936661E-11	7.434889E-10	8.111649E-10	-1.776310E-11	-1.843040E-11	8.122203E-10	6.256374E-10	4.512722E-10	-1.573589E-11	7.296560E-10	6.717605E-10	6.581916E-10	6.498633E-10	6.673332E-10	5.015921E-10	5.405310E-10	5.124537E-10
   0:01:31	0	2.585300E+1	4.200000E+2	2.135100E-8	2.064246E-8	7.980037E-10	7.605462E-10	8.911601E-10	-1.392314E-11	9.016789E-10	8.138935E-10	6.149901E-10	6.350164E-10	1.041081E-9	-1.516696E-11	9.228626E-10	8.209365E-10	8.134506E-10	8.933332E-10	7.600036E-10	-1.898595E-11	8.956590E-10	9.555492E-10	-1.889672E-11	-1.792964E-11	9.588638E-10	7.368815E-10	5.380896E-10	-1.586209E-11	8.860285E-10	8.157087E-10	7.967243E-10	7.859897E-10	8.080246E-10	6.137466E-10	6.569414E-10	6.280632E-10
   0:01:40	0	2.585600E+1	4.300000E+2	2.835500E-8	2.772908E-8	1.048239E-9	1.003426E-9	1.143501E-9	-1.632791E-11	1.154848E-9	1.082174E-9	8.243246E-10	8.518891E-10	1.398461E-9	-1.605186E-11	1.184750E-9	1.085025E-9	1.084811E-9	1.232971E-9	9.894361E-10	-2.113802E-11	1.214949E-9	1.248848E-9	-1.927559E-11	-1.855609E-11	1.247988E-9	9.836844E-10	7.507728E-10	-1.535829E-11	1.228913E-9	1.118930E-9	1.092861E-9	1.076857E-9	1.099383E-9	8.661902E-10	9.228789E-10	8.996748E-10
   0:01:49	0	2.585900E+1	4.400000E+2	1.092400E-7	1.083482E-7	2.288318E-9	2.151624E-9	2.299521E-9	-1.480932E-11	2.256100E-9	2.284536E-9	1.855331E-9	1.882094E-9	3.692848E-9	-1.415537E-11	2.621904E-9	2.482514E-9	2.471771E-9	3.411151E-9	2.249479E-9	-2.025181E-11	4.229580E-9	3.864241E-9	-1.877143E-11	-1.943392E-11	3.720239E-9	3.412914E-9	3.059327E-9	-1.347030E-11	1.185042E-8	7.070696E-9	6.554011E-9	6.028838E-9	6.459403E-9	5.771735E-9	6.324056E-9	8.156471E-9
   0:01:58	0	2.586500E+1	4.410000E+2	2.032000E-6	1.988961E-6	2.956412E-9	2.739530E-9	2.870071E-9	2.911310E-12	2.485574E-9	2.565389E-9	2.376458E-9	2.394854E-9	4.953126E-9	-4.297190E-11	3.306654E-9	3.229946E-9	3.189193E-9	4.670249E-9	2.897110E-9	-4.177049E-11	8.276708E-9	7.279600E-9	-2.318063E-11	-1.354050E-11	6.774398E-9	6.315721E-9	6.002140E-9	2.756960E-11	5.155215E-7	2.258300E-7	1.670866E-7	9.292668E-8	1.774890E-7	1.320785E-7	2.092414E-7	3.935950E-7
   0:02:08	0	2.587900E+1	4.420000E+2	9.274000E-6	9.148683E-6	4.334599E-9	3.914461E-9	4.021283E-9	-7.632348E-11	3.586063E-9	3.684273E-9	3.269761E-9	3.126512E-9	9.459370E-9	-1.905951E-10	5.198664E-9	5.134899E-9	4.986614E-9	7.659220E-9	4.391148E-9	-7.100923E-11	9.123156E-8	6.104787E-8	-2.519828E-12	5.190757E-11	4.530269E-8	4.377178E-8	4.033832E-8	1.548449E-11	1.405358E-6	1.091532E-6	1.027346E-6	9.126566E-7	1.038962E-6	9.816846E-7	1.058422E-6	1.288537E-6
   0:02:18	0	2.590900E+1	4.430000E+2	2.027400E-5	1.996542E-5	1.007123E-8	7.935989E-9	7.771264E-9	-5.278123E-11	6.159576E-9	6.127717E-9	5.490830E-9	5.539249E-9	3.663998E-8	4.069730E-11	1.991948E-8	1.504741E-8	1.468925E-8	2.306716E-8	1.089736E-8	-5.835160E-11	8.883232E-7	7.784784E-7	2.028293E-11	-1.065723E-10	7.170228E-7	7.154742E-7	7.098321E-7	-7.263788E-11	2.324897E-6	1.982752E-6	1.929905E-6	1.801784E-6	1.935139E-6	1.881201E-6	1.944752E-6	2.186736E-6
   0:02:31	0	2.596500E+1	4.440000E+2	3.647300E-5	3.561111E-5	2.176322E-7	9.615889E-8	6.712298E-8	-3.202241E-11	2.909553E-8	2.710469E-8	2.123641E-8	2.304986E-8	6.078938E-7	-2.295237E-10	6.123210E-7	5.399937E-7	5.143730E-7	4.711845E-7	3.569273E-7	6.544023E-11	1.836190E-6	1.729847E-6	6.538428E-11	-6.808155E-11	1.654045E-6	1.655783E-6	1.651129E-6	6.231455E-11	3.254675E-6	2.919877E-6	2.875065E-6	2.743315E-6	2.861819E-6	2.823481E-6	2.892106E-6	3.129820E-6
   0:02:41	0	2.603400E+1	4.450000E+2	5.737100E-5	5.632416E-5	1.033903E-6	8.560475E-7	7.778954E-7	-2.265607E-11	5.262673E-7	4.957650E-7	4.351437E-7	4.499069E-7	1.458430E-6	-1.964093E-10	1.469351E-6	1.387494E-6	1.378379E-6	1.319986E-6	1.196009E-6	9.113816E-12	2.730892E-6	2.617604E-6	-2.795518E-10	8.300163E-11	2.544692E-6	2.540854E-6	2.540007E-6	-8.686338E-11	4.146813E-6	3.795973E-6	3.755132E-6	3.626627E-6	3.749932E-6	3.707092E-6	3.764364E-6	4.020094E-6
   0:02:53	0	2.613200E+1	4.460000E+2	7.977900E-5	7.823513E-5	1.871887E-6	1.691607E-6	1.613875E-6	-5.961591E-11	1.353723E-6	1.312744E-6	1.246327E-6	1.261165E-6	2.311590E-6	-7.861421E-11	2.309448E-6	2.228624E-6	2.235723E-6	2.165570E-6	2.052135E-6	-4.632640E-11	3.579998E-6	3.475505E-6	-3.285592E-10	2.821020E-11	3.404410E-6	3.395855E-6	3.393327E-6	4.393548E-11	5.007793E-6	4.637732E-6	4.593024E-6	4.472156E-6	4.595047E-6	4.547264E-6	4.607937E-6	4.871105E-6
