APD#	0001	Started	06/21/07 20:32	Sense_ohms	1.004464E+6	1.004628E+6	1.002105E+6	1.000924E+6	9.998282E+5	1.007735E+6	1.002821E+6	9.989270E+5	9.993226E+5	1.002376E+6	1.001862E+6	1.003102E+6	1.000030E+6	1.003780E+6	1.000011E+6	1.000898E+6	9.999006E+5	1.006439E+6	1.005624E+6	1.010450E+6	1.003884E+6	1.005600E+6	1.002519E+6	1.006362E+6	1.004620E+6	1.008599E+6	1.003214E+6	1.000475E+6	1.003139E+6	9.996927E+5	1.009944E+6	1.000506E+6	
ElapTime	Shutter_Open	DegC	BiasV	KE237_Amps	Pixel_Sum	A1	A2	A3	A4	A5	A6	A7	A8	B1	B2	B3	B4	B5	B6	B7	B8	C1	C2	C3	C4	C5	C6	C7	C8	D1	D2	D3	D4	D5	D6	D7	D8
0:00:00	0	-1.499786E+1	0.000000E+0	1.667000E-11	-2.782965E-10	1.264356E-11	-1.264150E-11	-1.267332E-11	0.000000E+0	-1.270218E-11	-1.260252E-11	-1.266427E-11	0.000000E+0	-1.270861E-11	-1.266990E-11	-1.267640E-11	0.000000E+0	0.000000E+0	0.000000E+0	-1.269986E-11	-1.268861E-11	-2.530252E-11	0.000000E+0	0.000000E+0	-1.256866E-11	-1.265086E-11	-1.262928E-11	-1.266809E-11	0.000000E+0	0.000000E+0	-3.767602E-11	-1.265931E-11	-1.269397E-11	-1.266026E-11	-1.270390E-11	0.000000E+0	0.000000E+0
0:00:09	0	-1.499748E+1	5.000000E+1	2.320400E-10	-3.287196E-10	1.264356E-11	-1.264150E-11	0.000000E+0	0.000000E+0	-2.530435E-11	-1.260252E-11	-1.266427E-11	-3.804082E-11	-2.531715E-11	0.000000E+0	0.000000E+0	0.000000E+0	0.000000E+0	-2.520473E-11	-1.269986E-11	-1.268861E-11	-2.530252E-11	-1.261875E-11	-1.262897E-11	0.000000E+0	-1.265086E-11	0.000000E+0	-1.266809E-11	-2.514006E-11	0.000000E+0	-1.259172E-11	-1.265931E-11	0.000000E+0	-1.266026E-11	-1.270390E-11	-1.257495E-11	0.000000E+0
0:00:18	0	-1.499831E+1	1.000000E+2	3.005500E-10	-3.158700E-10	1.264356E-11	0.000000E+0	-1.267332E-11	-2.527664E-11	-1.270218E-11	-2.510581E-11	0.000000E+0	1.271364E-11	-1.270861E-11	0.000000E+0	0.000000E+0	-3.788249E-11	0.000000E+0	-1.265217E-11	-1.269986E-11	-1.268861E-11	-1.270126E-11	-1.261875E-11	-1.262897E-11	0.000000E+0	-1.265086E-11	0.000000E+0	0.000000E+0	-2.514006E-11	-1.264160E-11	-1.259172E-11	0.000000E+0	-2.528799E-11	0.000000E+0	-2.530778E-11	-1.257495E-11	-1.269358E-11
0:00:27	0	-1.499770E+1	1.500000E+2	3.293300E-10	-2.905564E-10	0.000000E+0	-1.264150E-11	-2.524686E-11	-1.268828E-11	-1.270218E-11	-2.510581E-11	0.000000E+0	-2.532718E-11	0.000000E+0	0.000000E+0	-2.525298E-11	1.266073E-11	0.000000E+0	-1.265217E-11	-2.529972E-11	0.000000E+0	-2.530252E-11	0.000000E+0	1.262897E-11	-1.256866E-11	-1.265086E-11	0.000000E+0	-1.266809E-11	0.000000E+0	-1.264160E-11	0.000000E+0	-1.265931E-11	-1.269397E-11	0.000000E+0	0.000000E+0	-2.505089E-11	-1.269358E-11
0:00:36	0	-1.499786E+1	2.000000E+2	3.715900E-10	-2.276367E-10	1.264356E-11	0.000000E+0	0.000000E+0	0.000000E+0	-2.530435E-11	0.000000E+0	0.000000E+0	-1.271364E-11	-2.531715E-11	0.000000E+0	0.000000E+0	-1.266073E-11	-1.269962E-11	-1.265217E-11	0.000000E+0	1.268861E-11	-2.530252E-11	0.000000E+0	0.000000E+0	-1.256866E-11	0.000000E+0	-1.262928E-11	0.000000E+0	0.000000E+0	-2.518365E-11	-1.259172E-11	0.000000E+0	-1.269397E-11	-1.266026E-11	-1.270390E-11	0.000000E+0	-2.528720E-11
0:00:45	0	-1.499778E+1	2.500000E+2	4.021500E-10	-2.653840E-10	0.000000E+0	0.000000E+0	1.267332E-11	0.000000E+0	-1.270218E-11	0.000000E+0	-2.522883E-11	-1.271364E-11	-1.270861E-11	0.000000E+0	-2.525298E-11	-1.266073E-11	-1.269962E-11	0.000000E+0	-1.269986E-11	0.000000E+0	0.000000E+0	-1.261875E-11	-2.515851E-11	-1.256866E-11	-1.265086E-11	0.000000E+0	0.000000E+0	-2.514006E-11	0.000000E+0	0.000000E+0	-2.521895E-11	-1.269397E-11	1.266026E-11	-2.530778E-11	0.000000E+0	-1.269358E-11
0:00:54	0	-1.509727E+1	3.000000E+2	9.407000E-10	-2.024009E-10	0.000000E+0	0.000000E+0	-1.267332E-11	0.000000E+0	0.000000E+0	-2.510581E-11	-1.266427E-11	-1.271364E-11	-2.531715E-11	-1.266990E-11	0.000000E+0	-1.266073E-11	-1.269962E-11	0.000000E+0	-1.269986E-11	-2.527730E-11	1.270126E-11	0.000000E+0	-1.262897E-11	0.000000E+0	-1.265086E-11	-1.262928E-11	0.000000E+0	1.261971E-11	0.000000E+0	1.259172E-11	-2.521895E-11	0.000000E+0	0.000000E+0	-1.270390E-11	0.000000E+0	0.000000E+0
0:01:03	0	-1.498972E+1	3.500000E+2	1.030200E-9	-1.295654E-11	2.518756E-11	0.000000E+0	-1.267332E-11	1.268828E-11	-1.270218E-11	0.000000E+0	0.000000E+0	-1.271364E-11	0.000000E+0	0.000000E+0	-2.525298E-11	0.000000E+0	-1.269962E-11	0.000000E+0	1.269986E-11	0.000000E+0	-1.270126E-11	0.000000E+0	0.000000E+0	0.000000E+0	1.265086E-11	0.000000E+0	-1.266809E-11	1.261971E-11	1.264160E-11	0.000000E+0	0.000000E+0	0.000000E+0	1.266026E-11	0.000000E+0	0.000000E+0	-1.269358E-11
0:01:12	0	-1.499801E+1	4.000000E+2	2.234900E-9	1.248834E-9	3.783112E-11	5.046644E-11	2.524686E-11	2.527664E-11	3.800653E-11	3.770833E-11	3.789310E-11	2.532718E-11	1.270861E-11	2.524003E-11	2.525298E-11	5.054321E-11	2.529924E-11	2.520473E-11	1.269986E-11	3.796591E-11	3.800378E-11	3.775688E-11	8.820394E-11	6.264536E-11	3.785298E-11	5.041766E-11	2.523643E-11	1.384194E-10	2.518365E-11	2.508430E-11	3.787826E-11	2.528799E-11	3.788109E-11	3.801168E-11	3.762585E-11	5.067436E-11
0:01:20	0	-1.488757E+1	4.100000E+2	9.998700E-5	1.000653E-4	1.748231E-6	1.899814E-6	2.013539E-6	2.130376E-6	2.243460E-6	2.230131E-6	2.335523E-6	2.521051E-6	2.218405E-6	2.564697E-6	2.725179E-6	2.973056E-6	2.988510E-6	3.242822E-6	3.249521E-6	3.375762E-6	2.736694E-6	3.048273E-6	3.374057E-6	3.560399E-6	3.772829E-6	3.990899E-6	4.099589E-6	4.336092E-6	2.915755E-6	3.134951E-6	3.450576E-6	3.718754E-6	3.912419E-6	4.205926E-6	4.426777E-6	4.921257E-6
