APD#	0016	Started	07/03/07 13:34	Sense_ohms	1.004464E+6	1.004628E+6	1.002105E+6	1.000924E+6	9.998282E+5	1.007735E+6	1.002821E+6	9.989270E+5	9.993226E+5	1.002376E+6	1.001862E+6	1.003102E+6	1.000030E+6	1.003780E+6	1.000011E+6	1.000898E+6	9.999006E+5	1.006439E+6	1.005624E+6	1.010450E+6	1.003884E+6	1.005600E+6	1.002519E+6	1.006362E+6	1.004620E+6	1.008599E+6	1.003214E+6	1.000475E+6	1.003139E+6	9.996927E+5	1.009944E+6	1.000506E+6	
ElapTime	Shutter_Open	DegC	BiasV	KE237_Amps	Pixel_Sum	A1	A2	A3	A4	A5	A6	A7	A8	B1	B2	B3	B4	B5	B6	B7	B8	C1	C2	C3	C4	C5	C6	C7	C8	D1	D2	D3	D4	D5	D6	D7	D8
0:00:00	0	-1.999728E+1	0.000000E+0	5.600000E-12	-3.915689E-10	1.264356E-11	-1.264150E-11	-1.267332E-11	-1.268828E-11	-1.270218E-11	-1.260252E-11	0.000000E+0	0.000000E+0	-2.531715E-11	-2.524003E-11	-1.267640E-11	-3.788249E-11	-1.269962E-11	-1.265217E-11	0.000000E+0	0.000000E+0	-2.530252E-11	-2.513814E-11	-1.262897E-11	-2.503835E-11	-1.265086E-11	0.000000E+0	0.000000E+0	-2.514006E-11	-1.264160E-11	0.000000E+0	-1.265931E-11	-1.269397E-11	-1.266026E-11	-2.530778E-11	-1.257495E-11	0.000000E+0
0:00:08	0	-1.999827E+1	5.000000E+1	2.567100E-9	-4.296551E-10	1.264356E-11	-2.518345E-11	-1.267332E-11	-1.268828E-11	-2.530435E-11	-1.260252E-11	-1.266427E-11	-3.804082E-11	-2.531715E-11	-1.266990E-11	0.000000E+0	-1.266073E-11	-1.269962E-11	-1.265217E-11	-1.269986E-11	-2.527730E-11	-2.530252E-11	-1.261875E-11	0.000000E+0	-2.503835E-11	-2.520211E-11	0.000000E+0	-1.266809E-11	-1.261971E-11	-1.264160E-11	-1.259172E-11	0.000000E+0	-1.269397E-11	1.266026E-11	-1.270390E-11	-2.505089E-11	-1.269358E-11
0:00:17	0	-2.008431E+1	1.000000E+2	4.536900E-9	-3.287527E-10	0.000000E+0	0.000000E+0	0.000000E+0	-1.268828E-11	-2.530435E-11	-1.260252E-11	0.000000E+0	-1.271364E-11	-1.270861E-11	-1.266990E-11	-1.267640E-11	-1.266073E-11	0.000000E+0	-1.265217E-11	-1.269986E-11	-1.268861E-11	-1.270126E-11	-1.261875E-11	-1.262897E-11	-2.503835E-11	0.000000E+0	-2.515911E-11	-1.266809E-11	1.261971E-11	-2.518365E-11	-1.259172E-11	-1.265931E-11	-1.269397E-11	-1.266026E-11	-1.270390E-11	0.000000E+0	0.000000E+0
0:00:26	0	-2.009784E+1	1.500000E+2	4.879700E-9	-3.412842E-10	-1.264356E-11	-2.518345E-11	-1.267332E-11	-2.527664E-11	-2.530435E-11	-1.260252E-11	1.266427E-11	0.000000E+0	-1.270861E-11	-2.524003E-11	-2.525298E-11	-2.522176E-11	-1.269962E-11	0.000000E+0	-1.269986E-11	-1.268861E-11	-1.270126E-11	0.000000E+0	-1.262897E-11	-2.503835E-11	1.265086E-11	-1.262928E-11	-1.266809E-11	2.514006E-11	-1.264160E-11	0.000000E+0	0.000000E+0	0.000000E+0	-1.266026E-11	-2.530778E-11	-1.257495E-11	-1.269358E-11
0:00:35	0	-2.009753E+1	2.000000E+2	5.137100E-9	-3.034791E-10	0.000000E+0	0.000000E+0	-2.524686E-11	-1.268828E-11	-1.270218E-11	-1.260252E-11	-1.266427E-11	2.532718E-11	-3.802576E-11	-1.266990E-11	-2.525298E-11	0.000000E+0	-1.269962E-11	-1.265217E-11	0.000000E+0	0.000000E+0	-1.270126E-11	-2.513814E-11	0.000000E+0	-1.256866E-11	-2.520211E-11	0.000000E+0	-1.266809E-11	3.775977E-11	0.000000E+0	0.000000E+0	-2.521895E-11	-2.528799E-11	0.000000E+0	-2.530778E-11	-1.257495E-11	-1.269358E-11
0:00:43	0	-2.009715E+1	2.500000E+2	5.158500E-9	-6.384585E-11	1.264356E-11	0.000000E+0	-2.524686E-11	0.000000E+0	0.000000E+0	0.000000E+0	-1.266427E-11	-1.271364E-11	0.000000E+0	-1.266990E-11	0.000000E+0	2.522176E-11	-1.269962E-11	-1.265217E-11	-2.529972E-11	0.000000E+0	-1.270126E-11	-1.261875E-11	0.000000E+0	-1.256866E-11	-1.265086E-11	0.000000E+0	1.266809E-11	7.551954E-11	-1.264160E-11	1.259172E-11	-1.265931E-11	0.000000E+0	0.000000E+0	-1.270390E-11	0.000000E+0	0.000000E+0
0:00:52	0	-2.009442E+1	3.000000E+2	5.343600E-9	3.407300E-10	2.518756E-11	3.782495E-11	1.267332E-11	1.268828E-11	1.270218E-11	0.000000E+0	-1.266427E-11	1.271364E-11	1.270861E-11	0.000000E+0	0.000000E+0	-1.266073E-11	0.000000E+0	0.000000E+0	2.529972E-11	0.000000E+0	0.000000E+0	0.000000E+0	1.262897E-11	0.000000E+0	1.265086E-11	1.262928E-11	0.000000E+0	1.384194E-10	0.000000E+0	0.000000E+0	1.265931E-11	1.269397E-11	0.000000E+0	0.000000E+0	1.257495E-11	0.000000E+0
0:01:01	0	-2.018304E+1	3.500000E+2	6.275400E-9	1.388272E-9	3.783112E-11	3.782495E-11	5.059350E-11	2.527664E-11	3.800653E-11	6.281413E-11	2.522883E-11	5.075446E-11	3.802576E-11	3.790993E-11	2.525298E-11	1.266073E-11	2.529924E-11	3.785690E-11	5.069944E-11	3.796591E-11	3.800378E-11	3.775688E-11	1.262897E-11	2.503835E-11	3.785298E-11	3.778839E-11	3.790452E-11	2.265586E-10	6.300890E-11	3.767602E-11	3.787826E-11	5.067593E-11	3.788109E-11	3.801168E-11	3.762585E-11	3.798078E-11
0:01:10	0	-2.019801E+1	4.000000E+2	1.339000E-8	9.318386E-9	2.774614E-10	3.025996E-10	2.654412E-10	2.531661E-10	2.660457E-10	2.891633E-10	3.410379E-10	3.423674E-10	2.535718E-10	2.780394E-10	2.529290E-10	2.526164E-10	2.786916E-10	2.649983E-10	3.039967E-10	2.404840E-10	2.914290E-10	2.642982E-10	2.897703E-10	2.632490E-10	3.154747E-10	3.023071E-10	3.032361E-10	5.161165E-10	2.522347E-10	2.763239E-10	3.030261E-10	3.165496E-10	2.904882E-10	2.914896E-10	2.885308E-10	2.912526E-10
0:01:18	0	-2.012505E+1	4.100000E+2	2.405200E-8	2.130186E-8	5.549228E-10	6.052987E-10	5.689025E-10	5.695737E-10	6.715154E-10	7.165574E-10	8.210837E-10	7.609165E-10	5.450692E-10	6.445685E-10	6.069698E-10	6.187805E-10	6.586802E-10	6.688717E-10	6.840925E-10	6.455203E-10	6.461642E-10	6.419664E-10	6.928037E-10	6.394181E-10	7.193062E-10	7.306086E-10	7.202856E-10	9.314740E-10	5.421951E-10	6.029155E-10	6.692490E-10	7.090632E-10	6.819593E-10	7.096181E-10	6.271635E-10	6.963476E-10
0:01:26	0	-2.009632E+1	4.200000E+2	7.610300E-6	7.501188E-6	3.556424E-9	5.838181E-9	1.082082E-8	2.822302E-8	1.205546E-7	3.687446E-7	4.575746E-7	6.833625E-7	4.512757E-9	9.667929E-9	2.521265E-8	1.349998E-7	4.598396E-7	6.029624E-7	7.687364E-7	7.761806E-7	5.688365E-9	1.146647E-8	4.170843E-8	1.504663E-7	4.862520E-7	5.857216E-7	5.832633E-7	5.022999E-7	4.652904E-9	7.133955E-9	1.570821E-8	3.902356E-8	9.824690E-8	1.994141E-7	1.624325E-7	1.469226E-7
0:01:34	0	-1.999736E+1	4.300000E+2	9.999000E-5	1.001017E-4	9.561783E-7	1.739586E-6	2.451253E-6	3.005901E-6	3.426671E-6	3.804193E-6	3.934187E-6	4.199842E-6	1.478763E-6	2.308883E-6	2.945884E-6	3.481131E-6	3.949246E-6	4.108814E-6	4.289055E-6	4.304606E-6	1.609527E-6	2.445631E-6	3.051348E-6	3.458224E-6	3.951120E-6	4.089788E-6	4.084742E-6	3.979053E-6	1.327053E-6	1.991393E-6	2.657738E-6	3.046552E-6	3.404085E-6	3.570263E-6	3.543694E-6	3.507269E-6
