APD#	0016	Started	07/04/07 15:31	Sense_ohms	1.004464E+6	1.004628E+6	1.002105E+6	1.000924E+6	9.998282E+5	1.007735E+6	1.002821E+6	9.989270E+5	9.993226E+5	1.002376E+6	1.001862E+6	1.003102E+6	1.000030E+6	1.003780E+6	1.000011E+6	1.000898E+6	9.999006E+5	1.006439E+6	1.005624E+6	1.010450E+6	1.003884E+6	1.005600E+6	1.002519E+6	1.006362E+6	1.004620E+6	1.008599E+6	1.003214E+6	1.000475E+6	1.003139E+6	9.996927E+5	1.009944E+6	1.000506E+6					
ElapTime	Shutter_Open	DegC	H2O_In	H2O_Out	TE_A	TE_V	BiasV	KE237_Amps	Pixel_Sum	A1	A2	A3	A4	A5	A6	A7	A8	B1	B2	B3	B4	B5	B6	B7	B8	C1	C2	C3	C4	C5	C6	C7	C8	D1	D2	D3	D4	D5	D6	D7	D8
0:00:00	0	1.001516E+1	1.535400E+1	1.569600E+1	3.250047E-1	4.164788E-1	0.000000E+0	-1.596100E-10	-1.406835E-10	7.566224E-13	-4.729114E-12	-4.424686E-12	-4.556790E-12	-5.004860E-12	-3.896858E-12	-4.674812E-12	-5.960396E-12	-4.500048E-12	-4.929288E-12	-2.655056E-12	-8.588359E-12	-2.913913E-12	-7.509614E-12	-3.673960E-12	-1.392749E-12	-6.398636E-12	-5.727123E-12	-4.471850E-12	-4.952249E-12	-3.975559E-12	-4.724543E-12	-4.928585E-12	-4.279772E-12	-3.908941E-12	-3.705140E-12	-5.619938E-12	-4.179015E-12	-5.430952E-12	-4.055246E-12	-2.759559E-12	-2.912526E-12
0:00:13	0	1.001357E+1	1.529100E+1	1.565500E+1	3.149339E-1	4.071173E-1	0.000000E+0	-1.765300E-10	-3.631350E-10	-1.891556E-13	-1.261064E-11	-1.068251E-11	-1.158130E-11	-1.153098E-11	-1.169157E-11	-1.105382E-11	-1.090670E-11	-1.039604E-11	-1.308092E-11	-9.926517E-12	-1.193498E-11	-5.510835E-12	-1.426209E-11	-1.146487E-11	-1.246780E-11	-1.387438E-11	-1.057391E-11	-1.303867E-11	-1.372953E-11	-1.154715E-11	-1.140115E-11	-1.194192E-11	-1.107852E-11	-1.216978E-11	-1.463317E-11	-1.111328E-11	-1.190335E-11	-1.180793E-11	-1.096237E-11	-1.235613E-11	-1.171307E-11
0:00:26	0	1.001646E+1	1.527500E+1	1.562400E+1	3.153392E-1	4.069273E-1	1.000000E+1	3.166800E-10	-2.737991E-10	2.269867E-12	-8.323479E-12	-7.774634E-12	-9.872877E-12	-7.792339E-12	-8.925958E-12	-8.211834E-12	-7.292825E-12	-9.064140E-12	-1.004813E-11	-9.105046E-12	-1.060909E-11	-3.863884E-12	-1.337843E-11	-7.537917E-12	-1.012591E-11	-1.026302E-11	-1.038513E-11	-1.045619E-11	-1.140977E-11	-8.203139E-12	-8.567025E-12	-9.982853E-12	-9.064333E-12	-7.440624E-12	-1.036289E-11	-7.261661E-12	-9.180639E-12	-7.325007E-12	-7.350259E-12	-8.216297E-12	-8.673611E-12
0:00:40	0	1.001349E+1	1.523100E+1	1.558600E+1	3.149845E-1	4.062685E-1	2.000000E+1	2.344900E-10	-2.413750E-10	4.287859E-12	-6.242112E-12	-5.309823E-12	-7.973632E-12	-7.856350E-12	-6.725975E-12	-7.075041E-12	-4.946307E-12	-8.113496E-12	-8.657430E-12	-7.776520E-12	-8.020122E-12	-2.723918E-12	-1.142183E-11	-1.209887E-11	-8.037782E-12	-9.755970E-12	-8.686070E-12	-8.629468E-12	-8.149834E-12	-8.455160E-12	-7.244431E-12	-8.087627E-12	-7.805342E-12	-7.251498E-12	-1.124233E-11	-6.250910E-12	-7.851271E-12	-7.387810E-12	-8.554629E-12	-8.467796E-12	-8.863515E-12
0:00:53	0	1.001745E+1	1.522300E+1	1.556700E+1	3.156939E-1	4.072820E-1	3.000000E+1	3.574600E-10	-1.950264E-10	6.937033E-12	-5.737447E-12	-7.080096E-12	-6.455036E-12	-7.222241E-12	-5.971808E-12	-5.432674E-12	-2.219381E-12	-5.641822E-12	-5.750337E-12	-8.282578E-12	-9.977051E-12	-6.969791E-13	-9.339696E-12	-1.007189E-11	-5.822771E-12	-7.475743E-12	-6.419664E-12	-7.558491E-12	-6.958286E-12	-8.013874E-12	-5.165076E-12	-6.255243E-12	-7.301548E-12	-6.620414E-12	-6.343453E-12	-4.735779E-12	-7.597391E-12	-5.999169E-12	-6.843103E-12	-7.213271E-12	-5.761085E-12
0:01:07	0	1.001516E+1	1.521700E+1	1.553000E+1	3.108042E-1	4.020375E-1	4.000000E+1	9.979000E-10	-1.522154E-10	7.756376E-12	-5.296488E-12	-4.297953E-12	-6.518976E-12	-5.384925E-12	-5.154133E-12	-3.600842E-12	-2.092245E-12	-4.437006E-12	-5.055987E-12	-6.765403E-12	-5.431153E-12	-1.269962E-13	-8.014704E-12	-6.714926E-12	-4.367078E-12	-5.574554E-12	-5.224360E-12	-5.795407E-12	-6.018111E-12	-5.678943E-12	-4.346659E-12	-5.623834E-12	-6.105159E-12	-4.224483E-12	-5.275635E-12	-3.535636E-12	-6.837752E-12	-4.546728E-12	-6.145889E-12	-6.271635E-12	-5.508213E-12
0:01:20	0	1.001433E+1	1.520900E+1	1.551600E+1	3.104115E-1	4.013534E-1	5.000000E+1	1.056100E-9	-1.071905E-10	9.711647E-12	-4.161739E-12	-4.045484E-12	-4.303024E-12	-2.914501E-12	-2.639583E-12	-3.158091E-12	-4.058355E-12	-2.281546E-12	-2.401295E-12	-4.868934E-12	-1.389689E-12	3.293901E-12	-7.636135E-12	-4.687948E-12	-4.113306E-12	-4.878485E-12	-4.783201E-12	-5.164952E-12	-5.203622E-12	-3.281256E-12	-4.220366E-12	-4.485701E-12	-4.090973E-12	-3.657104E-12	-4.396197E-12	-3.283447E-12	-3.482346E-12	-5.367153E-12	-4.752460E-12	-3.449696E-12	-3.039462E-12
0:01:34	0	1.001714E+1	1.518900E+1	1.553400E+1	3.103735E-1	4.011128E-1	6.000000E+1	1.248300E-9	-5.960990E-11	9.459772E-12	-1.072039E-12	-1.770274E-12	-2.341836E-12	-1.900326E-13	3.770833E-13	-1.831832E-12	-5.075446E-13	-1.838245E-12	-2.274596E-12	-4.552523E-12	-1.579102E-12	1.203964E-12	-6.247385E-12	-3.546961E-12	-2.531727E-12	-3.547353E-12	-2.769169E-12	-8.820394E-13	-3.636004E-12	-2.334931E-12	-1.889419E-12	-2.338110E-12	-3.650774E-12	-3.089725E-12	-1.507041E-12	-2.521895E-13	-1.963068E-12	-3.978511E-12	-3.802168E-12	-2.383300E-12	-2.342815E-12
0:01:47	0	1.001403E+1	1.519300E+1	1.552600E+1	3.111462E-1	4.019108E-1	7.000000E+1	1.316500E-9	-2.484827E-11	1.078386E-11	-1.261163E-12	-1.453939E-12	-2.088071E-12	-1.330229E-12	-1.260252E-13	5.055738E-13	2.409585E-12	1.901288E-13	2.524003E-13	-2.275763E-12	-1.010864E-12	4.243873E-12	-5.490247E-12	-2.469973E-12	-1.392749E-12	-1.457145E-12	-1.636463E-12	-1.511499E-12	-1.441932E-12	-6.305509E-13	-1.262928E-13	-1.959065E-12	-1.573986E-12	-1.198463E-12	-3.077536E-12	-1.704522E-12	-1.139459E-12	-1.957854E-12	-2.597798E-12	-2.195171E-12	-1.269358E-13
0:02:01	0	1.001699E+1	1.522100E+1	1.551600E+1	3.105255E-1	4.013534E-1	8.000000E+1	1.414500E-9	1.087591E-11	1.324288E-11	-6.300840E-13	-2.524686E-13	-1.835304E-12	-1.900326E-13	1.257275E-12	8.206848E-13	1.775906E-12	8.235579E-13	-9.477482E-13	-2.275763E-12	1.768514E-12	1.519954E-12	-1.703561E-12	6.329930E-13	4.426025E-13	7.600756E-13	-1.196297E-12	-7.557497E-13	-2.256420E-12	-2.520211E-13	6.931185E-13	1.895226E-13	6.260173E-14	-5.673787E-13	-1.005355E-12	3.094056E-12	-2.528799E-13	-1.452441E-12	-5.701752E-13	1.257495E-13	-1.899039E-13
0:02:14	0	1.001433E+1	1.521900E+1	1.553500E+1	3.104241E-1	4.015435E-1	9.000000E+1	1.505100E-9	4.508942E-11	1.223439E-11	4.409592E-13	9.480045E-13	-5.694738E-13	1.647283E-12	1.885416E-12	1.769010E-12	5.009375E-12	2.028374E-12	2.148894E-12	-1.896469E-13	1.831319E-12	6.333810E-12	-1.892845E-12	1.709981E-12	1.518636E-12	1.014101E-12	-9.439221E-13	1.259914E-12	-1.567618E-12	6.275625E-14	1.700477E-12	2.084749E-12	8.813926E-13	6.271028E-14	-1.193735E-12	3.788823E-12	1.076489E-12	-1.389638E-12	1.014312E-12	-5.643877E-13	9.495195E-13
0:02:28	0	1.001585E+1	1.524300E+1	1.554800E+1	3.114502E-1	4.021895E-1	1.000000E+2	1.589400E-9	7.532609E-11	1.570290E-11	1.702123E-12	2.464812E-12	0.000000E+0	4.117707E-12	2.954150E-12	2.968626E-12	6.404872E-12	2.725846E-12	2.401295E-12	-6.288291E-14	8.204549E-13	9.374719E-12	-1.199466E-12	5.069944E-13	3.417931E-12	1.267126E-12	4.401658E-13	2.141954E-12	-6.234846E-14	6.305509E-13	2.708831E-12	2.021907E-12	2.514006E-13	9.456312E-13	-6.276032E-13	3.662230E-12	9.495490E-13	1.073630E-12	1.774545E-12	1.442654E-12	2.405783E-12
0:02:42	0	1.001600E+1	1.524100E+1	1.556900E+1	3.102974E-1	4.014675E-1	1.200000E+2	1.894000E-9	1.704728E-10	1.885583E-11	5.548322E-12	5.751892E-12	2.657544E-12	4.751816E-12	7.731199E-12	6.506645E-12	7.736301E-12	5.451693E-12	5.624636E-12	2.086116E-12	3.410421E-12	1.102167E-11	2.335173E-12	3.863957E-12	7.024692E-12	6.144611E-12	3.210329E-12	3.842390E-12	3.760701E-13	4.732619E-12	5.165076E-12	4.612381E-12	5.791157E-12	4.350899E-12	2.324016E-12	6.882878E-12	5.825233E-12	3.157090E-12	4.308324E-12	4.390342E-12	5.001469E-12
0:02:55	0	1.001585E+1	1.527900E+1	1.557200E+1	3.110702E-1	4.023289E-1	1.400000E+2	1.999500E-9	2.781208E-10	2.106297E-11	9.583647E-12	8.659771E-12	6.012445E-12	7.982371E-12	9.806149E-12	1.017031E-11	1.395097E-11	8.113496E-12	1.074347E-11	6.259345E-12	7.893514E-12	1.285861E-11	4.795872E-12	6.524928E-12	9.556418E-12	1.007300E-11	8.118724E-12	8.629468E-12	5.015587E-12	6.436003E-12	9.574383E-12	8.403831E-12	7.112749E-12	7.062372E-12	5.840775E-12	1.067070E-11	8.737850E-12	7.641015E-12	6.462986E-12	7.275651E-12	7.091412E-12
0:03:09	0	1.001874E+1	1.529100E+1	1.559500E+1	3.113109E-1	4.026076E-1	1.600000E+2	2.091300E-9	4.413442E-10	2.617117E-11	1.532209E-11	1.359039E-11	1.006270E-11	1.362134E-11	1.602902E-11	1.061206E-11	2.314584E-11	1.343810E-11	1.586231E-11	1.087475E-11	1.149335E-11	1.805246E-11	1.079121E-11	1.494884E-11	1.354384E-11	1.431742E-11	1.183281E-11	1.392071E-11	1.166015E-11	1.261998E-11	1.266110E-11	1.383814E-11	1.252631E-11	1.179053E-11	1.149317E-11	1.515429E-11	1.316974E-11	1.206114E-11	1.254586E-11	1.254426E-11	1.164911E-11
0:03:23	0	1.001395E+1	1.529000E+1	1.559700E+1	3.105128E-1	4.019742E-1	1.800000E+2	2.362200E-9	6.391669E-10	3.329736E-11	2.030304E-11	1.833141E-11	1.493520E-11	1.723296E-11	2.237791E-11	2.362436E-11	2.853562E-11	2.028374E-11	2.230800E-11	1.757727E-11	1.869202E-11	2.299331E-11	1.760645E-11	2.039678E-11	2.164456E-11	2.210920E-11	1.957396E-11	1.921195E-11	1.535850E-11	1.798315E-11	2.015712E-11	1.971434E-11	1.938666E-11	1.822281E-11	1.651796E-11	2.216277E-11	2.038732E-11	1.736549E-11	1.596791E-11	1.775049E-11	1.715732E-11
0:03:37	0	1.001585E+1	1.529300E+1	1.563100E+1	3.112475E-1	4.027469E-1	2.000000E+2	2.590600E-9	8.972109E-10	4.162220E-11	2.925660E-11	2.566398E-11	2.246624E-11	2.743271E-11	3.117784E-11	3.322527E-11	3.874557E-11	2.738355E-11	3.058633E-11	2.617626E-11	2.633331E-11	3.072108E-11	2.366455E-11	2.590772E-11	3.208719E-11	3.104209E-11	2.637120E-11	2.891240E-11	2.338364E-11	2.587052E-11	2.746420E-11	2.957051E-11	2.662561E-11	2.572615E-11	2.273550E-11	3.024479E-11	2.906120E-11	2.494270E-11	2.433148E-11	2.214083E-11	2.633767E-11
0:03:50	0	1.001859E+1	1.532600E+1	1.562300E+1	3.103355E-1	4.020882E-1	2.200000E+2	2.905000E-9	1.237301E-9	5.309897E-11	4.211907E-11	3.609402E-11	3.271877E-11	3.890068E-11	4.198921E-11	4.491131E-11	5.244227E-11	3.727225E-11	4.442545E-11	3.540707E-11	3.574213E-11	4.205974E-11	3.540218E-11	3.844958E-11	4.012497E-11	4.162214E-11	3.656754E-11	3.899072E-11	3.197189E-11	3.653510E-11	3.773270E-11	4.031245E-11	3.751533E-11	3.688658E-11	3.284655E-11	3.952696E-11	3.925535E-11	3.327854E-11	3.402646E-11	3.336720E-11	3.570793E-11
0:04:04	0	1.001745E+1	1.530100E+1	1.563900E+1	3.109815E-1	4.025696E-1	2.400000E+2	3.312500E-9	1.676862E-9	6.823440E-11	5.674737E-11	4.898888E-11	4.316112E-11	5.195193E-11	5.644738E-11	6.316681E-11	6.931037E-11	5.185112E-11	5.902376E-11	4.773612E-11	4.710887E-11	5.580533E-11	4.884437E-11	5.441240E-11	5.392158E-11	5.739571E-11	4.972184E-11	5.366817E-11	4.463556E-11	5.155277E-11	5.083433E-11	5.427628E-11	4.972565E-11	4.792061E-11	4.427726E-11	5.329172E-11	5.134861E-11	4.805416E-11	4.733355E-11	4.647683E-11	4.963688E-11
0:04:18	0	9.995024E+0	1.529800E+1	1.564400E+1	3.191522E-1	4.106643E-1	2.600000E+2	3.903100E-9	2.264733E-9	8.709023E-11	7.591566E-11	6.637229E-11	5.961591E-11	7.064214E-11	7.731596E-11	8.458040E-11	9.188559E-11	7.036066E-11	7.753977E-11	6.670480E-11	6.681175E-11	7.531474E-11	6.676662E-11	7.341619E-11	7.309736E-11	7.823878E-11	6.715658E-11	7.206172E-11	6.156168E-11	6.808456E-11	6.929097E-11	7.455919E-11	6.766551E-11	6.538691E-11	6.418606E-11	6.427841E-11	7.040556E-11	6.371500E-11	6.431476E-11	6.328569E-11	6.711204E-11
0:04:32	0	9.999356E+0	1.532500E+1	1.562800E+1	3.111462E-1	4.030636E-1	2.800000E+2	4.766700E-9	3.113790E-9	1.140817E-10	1.045422E-10	9.127786E-11	8.239886E-11	9.750475E-11	1.052886E-10	1.151532E-10	1.268892E-10	9.691965E-11	1.095168E-10	9.148965E-11	9.289185E-11	9.938502E-11	9.232501E-11	9.799292E-11	1.001850E-10	1.052895E-10	9.302501E-11	1.011631E-10	8.550844E-11	9.420810E-11	9.461416E-11	1.015392E-10	9.164694E-11	9.029285E-11	8.842959E-11	9.408162E-11	9.630226E-11	9.011014E-11	9.080090E-11	8.573941E-11	9.319684E-11
0:04:45	0	9.930115E+0	1.531600E+1	1.562000E+1	3.050023E-1	3.967804E-1	3.000000E+2	5.839000E-9	4.291398E-9	1.495862E-10	1.441389E-10	1.270555E-10	1.150547E-10	1.325398E-10	1.435060E-10	1.594961E-10	1.720396E-10	1.311498E-10	1.490129E-10	1.249364E-10	1.216885E-10	1.326400E-10	1.275379E-10	1.375835E-10	1.347400E-10	1.455175E-10	1.306627E-10	1.419805E-10	1.206146E-10	1.313737E-10	1.301412E-10	1.422307E-10	1.250703E-10	1.230804E-10	1.240394E-10	1.373336E-10	1.361903E-10	1.249667E-10	1.264118E-10	1.201106E-10	1.289677E-10
0:04:59	0	1.001897E+1	1.528900E+1	1.560000E+1	3.047236E-1	3.955263E-1	3.200000E+2	7.553000E-9	6.022368E-9	2.058391E-10	2.022112E-10	1.802166E-10	1.642283E-10	1.865831E-10	2.008961E-10	2.196932E-10	2.292380E-10	1.849023E-10	2.071518E-10	1.764664E-10	1.758695E-10	1.852784E-10	1.790960E-10	1.885119E-10	1.843584E-10	2.068416E-10	1.873715E-10	1.977270E-10	1.713939E-10	1.859548E-10	1.843148E-10	1.980870E-10	1.736006E-10	1.740280E-10	1.782403E-10	1.952345E-10	1.924766E-10	1.770004E-10	1.805245E-10	1.689708E-10	1.800619E-10
0:05:13	0	9.998293E+0	1.527900E+1	1.562000E+1	3.235353E-1	4.124378E-1	3.400000E+2	1.008000E-8	8.639144E-9	2.877584E-10	2.917468E-10	2.591056E-10	2.414379E-10	2.677410E-10	2.860067E-10	3.082534E-10	3.170011E-10	2.652147E-10	2.963828E-10	2.567649E-10	2.536691E-10	2.631271E-10	2.571579E-10	2.681990E-10	2.580882E-10	2.952163E-10	2.718357E-10	2.850320E-10	2.481261E-10	2.727168E-10	2.672126E-10	2.843986E-10	2.471198E-10	2.534749E-10	2.611424E-10	2.703740E-10	2.806107E-10	2.609848E-10	2.589066E-10	2.429818E-10	2.613558E-10
0:05:27	0	1.001646E+1	1.526900E+1	1.557900E+1	3.071558E-1	3.978951E-1	3.600000E+2	1.411800E-8	1.275970E-8	4.150831E-10	4.295799E-10	3.838221E-10	3.602891E-10	3.959730E-10	4.201472E-10	4.489884E-10	4.531482E-10	3.909758E-10	4.335788E-10	3.784144E-10	3.761153E-10	3.887353E-10	3.794586E-10	3.919737E-10	3.742219E-10	4.378195E-10	4.077853E-10	4.214070E-10	3.691801E-10	4.040278E-10	3.972285E-10	4.196798E-10	3.617416E-10	3.725837E-10	3.918396E-10	4.138319E-10	4.154087E-10	3.880988E-10	3.904510E-10	3.613369E-10	3.867783E-10
0:05:40	0	1.001851E+1	1.527200E+1	1.558100E+1	3.062058E-1	3.971857E-1	3.610000E+2	1.401400E-8	1.302619E-8	4.256778E-10	4.355075E-10	3.936833E-10	3.685165E-10	4.040194E-10	4.291991E-10	4.580219E-10	4.606943E-10	3.978855E-10	4.429944E-10	3.858116E-10	3.854613E-10	3.938662E-10	3.879147E-10	3.982446E-10	3.814365E-10	4.452953E-10	4.137022E-10	4.295333E-10	3.779564E-10	4.153856E-10	4.068029E-10	4.282722E-10	3.704909E-10	3.800233E-10	4.006944E-10	4.229875E-10	4.258547E-10	3.958036E-10	3.989416E-10	3.691135E-10	3.964014E-10
0:05:54	0	1.001600E+1	1.525700E+1	1.557800E+1	3.063704E-1	3.969577E-1	3.620000E+2	1.419200E-8	1.332124E-8	4.319209E-10	4.467942E-10	4.000679E-10	3.761744E-10	4.151703E-10	4.376220E-10	4.721072E-10	4.719824E-10	4.058089E-10	4.526635E-10	3.932727E-10	3.927866E-10	4.033049E-10	3.963707E-10	4.100265E-10	3.913735E-10	4.561913E-10	4.233312E-10	4.391075E-10	3.861062E-10	4.225159E-10	4.125984E-10	4.369922E-10	3.778551E-10	3.908055E-10	4.096127E-10	4.323963E-10	4.365556E-10	4.056537E-10	4.094598E-10	3.782715E-10	4.063414E-10
0:06:07	0	1.001562E+1	1.526200E+1	1.559000E+1	3.068518E-1	3.976671E-1	3.630000E+2	1.445700E-8	1.358090E-8	4.418844E-10	4.560623E-10	4.100548E-10	3.830091E-10	4.206823E-10	4.454792E-10	4.789299E-10	4.765483E-10	4.146199E-10	4.612581E-10	4.032621E-10	4.012483E-10	4.119196E-10	4.045747E-10	4.168674E-10	3.963731E-10	4.642371E-10	4.327724E-10	4.494384E-10	3.940047E-10	4.302778E-10	4.226144E-10	4.478598E-10	3.857866E-10	3.974269E-10	4.175892E-10	4.405411E-10	4.441530E-10	4.140523E-10	4.174443E-10	3.856729E-10	4.142554E-10
0:06:21	0	1.001767E+1	1.525900E+1	1.558400E+1	3.062058E-1	3.972237E-1	3.640000E+2	1.467700E-8	1.386663E-8	4.502720E-10	4.645122E-10	4.178295E-10	3.924384E-10	4.285386E-10	4.554739E-10	4.878996E-10	4.912601E-10	4.232407E-10	4.708632E-10	4.116086E-10	4.098995E-10	4.197734E-10	4.118950E-10	4.233293E-10	4.047266E-10	4.736761E-10	4.413323E-10	4.573747E-10	4.030947E-10	4.401843E-10	4.342045E-10	4.563904E-10	3.925218E-10	4.053085E-10	4.269467E-10	4.493807E-10	4.546630E-10	4.234618E-10	4.269492E-10	3.936377E-10	4.239425E-10
0:06:34	0	1.001539E+1	1.526000E+1	1.557400E+1	3.064338E-1	3.975278E-1	3.650000E+2	1.507500E-8	1.418734E-8	4.606148E-10	4.763027E-10	4.289550E-10	4.018687E-10	4.389284E-10	4.651540E-10	4.978167E-10	5.034983E-10	4.319246E-10	4.808485E-10	4.196386E-10	4.194987E-10	4.301621E-10	4.218653E-10	4.349212E-10	4.132079E-10	4.856503E-10	4.520324E-10	4.682724E-10	4.125607E-10	4.499643E-10	4.413226E-10	4.659942E-10	4.026553E-10	4.162161E-10	4.363052E-10	4.605568E-10	4.640976E-10	4.327436E-10	4.368973E-10	4.032966E-10	4.335666E-10
0:06:48	0	1.001699E+1	1.526800E+1	1.557300E+1	3.060537E-1	3.970844E-1	3.660000E+2	1.529400E-8	1.448276E-8	4.695061E-10	4.832386E-10	4.367935E-10	4.108554E-10	4.481150E-10	4.747081E-10	5.076070E-10	5.113617E-10	4.402282E-10	4.910233E-10	4.296919E-10	4.297290E-10	4.379529E-10	4.306372E-10	4.434721E-10	4.220680E-10	4.950892E-10	4.617875E-10	4.786023E-10	4.217141E-10	4.592403E-10	4.531653E-10	4.776209E-10	4.104606E-10	4.251697E-10	4.452860E-10	4.711647E-10	4.754312E-10	4.417743E-10	4.450708E-10	4.112000E-10	4.429998E-10
0:07:01	0	1.001524E+1	1.529000E+1	1.558800E+1	3.066998E-1	3.976798E-1	3.670000E+2	1.550300E-8	1.478660E-8	4.788395E-10	4.945880E-10	4.465281E-10	4.195254E-10	4.579987E-10	4.855830E-10	5.176507E-10	5.209370E-10	4.504972E-10	5.010705E-10	4.389856E-10	4.354752E-10	4.474546E-10	4.378948E-10	4.551910E-10	4.310549E-10	5.063653E-10	4.719213E-10	4.896890E-10	4.308041E-10	4.692096E-10	4.611655E-10	4.840656E-10	4.192726E-10	4.347544E-10	4.562140E-10	4.802575E-10	4.839151E-10	4.508667E-10	4.553359E-10	4.204203E-10	4.530667E-10
0:07:15	0	1.001577E+1	1.528800E+1	1.558500E+1	3.059017E-1	3.970717E-1	3.680000E+2	1.587900E-8	1.510841E-8	4.886148E-10	5.055593E-10	4.557566E-10	4.287019E-10	4.672483E-10	4.972746E-10	5.304107E-10	5.315273E-10	4.586737E-10	5.121302E-10	4.488492E-10	4.454532E-10	4.553723E-10	4.484967E-10	4.651359E-10	4.388389E-10	5.169454E-10	4.830616E-10	4.979406E-10	4.400821E-10	4.811363E-10	4.719372E-10	4.971447E-10	4.289659E-10	4.427624E-10	4.657599E-10	4.920645E-10	4.958815E-10	4.616020E-10	4.649039E-10	4.294515E-10	4.607269E-10
0:07:28	0	1.001638E+1	1.531300E+1	1.559200E+1	3.062184E-1	3.972364E-1	3.690000E+2	1.636100E-8	1.546226E-8	4.992095E-10	5.176025E-10	4.661867E-10	4.393341E-10	4.795394E-10	5.079609E-10	5.425385E-10	5.398342E-10	4.711612E-10	5.227470E-10	4.585232E-10	4.573882E-10	4.681040E-10	4.584670E-10	4.751448E-10	4.492186E-10	5.299957E-10	4.947682E-10	5.117986E-10	4.504260E-10	4.927462E-10	4.828341E-10	5.095295E-10	4.385340E-10	4.527244E-10	4.774425E-10	5.026724E-10	5.067713E-10	4.716425E-10	4.762464E-10	4.398630E-10	4.713005E-10
0:07:42	0	1.001486E+1	1.527300E+1	1.561200E+1	3.067378E-1	3.978951E-1	3.700000E+2	1.663500E-8	1.579848E-8	5.099934E-10	5.305914E-10	4.778811E-10	4.483208E-10	4.884729E-10	5.183952E-10	5.528973E-10	5.548624E-10	4.799091E-10	5.349430E-10	4.692712E-10	4.673652E-10	4.768457E-10	4.691954E-10	4.831257E-10	4.590917E-10	5.413358E-10	5.056571E-10	5.225074E-10	4.601425E-10	5.030312E-10	4.921569E-10	5.210295E-10	4.481012E-10	4.623718E-10	4.875535E-10	5.139123E-10	5.181049E-10	4.833876E-10	4.869546E-10	4.498992E-10	4.811775E-10
0:07:55	0	1.001775E+1	1.527600E+1	1.559700E+1	3.061931E-1	3.974898E-1	3.710000E+2	1.697700E-8	1.615340E-8	5.208400E-10	5.418145E-10	4.878690E-10	4.581936E-10	4.995598E-10	5.307159E-10	5.655945E-10	5.669113E-10	4.922695E-10	5.468237E-10	4.785030E-10	4.802483E-10	4.878044E-10	4.803025E-10	4.914236E-10	4.680787E-10	5.528019E-10	5.161048E-10	5.344751E-10	4.704864E-10	5.138841E-10	5.038107E-10	5.329076E-10	4.562841E-10	4.730903E-10	4.996753E-10	5.259087E-10	5.322872E-10	4.946274E-10	4.983601E-10	4.599344E-10	4.918141E-10
0:08:09	0	1.001669E+1	1.530800E+1	1.557300E+1	3.063704E-1	3.977685E-1	3.720000E+2	1.745100E-8	1.650913E-8	5.306781E-10	5.517137E-10	4.972872E-10	4.702175E-10	5.115339E-10	5.414013E-10	5.765216E-10	5.773115E-10	5.050101E-10	5.585150E-10	4.905795E-10	4.899731E-10	4.986990E-10	4.900207E-10	5.074504E-10	4.778879E-10	5.647751E-10	5.276226E-10	5.446797E-10	4.820219E-10	5.251164E-10	5.146450E-10	5.438391E-10	4.659148E-10	4.848818E-10	5.086561E-10	5.376530E-10	5.415318E-10	5.060575E-10	5.103358E-10	4.695310E-10	5.070724E-10
0:08:22	0	1.001653E+1	1.528400E+1	1.561400E+1	3.059777E-1	3.973758E-1	3.730000E+2	1.777400E-8	1.690215E-8	5.440474E-10	5.647663E-10	5.102459E-10	4.812293E-10	5.233819E-10	5.532189E-10	5.911135E-10	5.901843E-10	5.155963E-10	5.700166E-10	5.007586E-10	4.997607E-10	5.104177E-10	5.010012E-10	5.171413E-10	4.901029E-10	5.782055E-10	5.402732E-10	5.586641E-10	4.929299E-10	5.389348E-10	5.276213E-10	5.584353E-10	4.792590E-10	4.958532E-10	5.241687E-10	5.491450E-10	5.567266E-10	5.188124E-10	5.218684E-10	4.818871E-10	5.163797E-10
0:08:36	0	1.001745E+1	1.532000E+1	1.560400E+1	3.066871E-1	3.980852E-1	3.740000E+2	1.811500E-8	1.729054E-8	5.552095E-10	5.785744E-10	5.233304E-10	4.916088E-10	5.364332E-10	5.650990E-10	6.038097E-10	6.026126E-10	5.281468E-10	5.836034E-10	5.123290E-10	5.089811E-10	5.232123E-10	5.129909E-10	5.294942E-10	5.004186E-10	5.923969E-10	5.546238E-10	5.718290E-10	5.060943E-10	5.528169E-10	5.396529E-10	5.687972E-10	4.878821E-10	5.073291E-10	5.359137E-10	5.630992E-10	5.678703E-10	5.289157E-10	5.357456E-10	4.922352E-10	5.294851E-10
0:08:49	0	1.001395E+1	1.530600E+1	1.560500E+1	3.061931E-1	3.976418E-1	3.750000E+2	1.845400E-8	1.768473E-8	5.673812E-10	5.924462E-10	5.357832E-10	5.051522E-10	5.474571E-10	5.799967E-10	6.165697E-10	6.154223E-10	5.384157E-10	5.965576E-10	5.254806E-10	5.212949E-10	5.341710E-10	5.247923E-10	5.414660E-10	5.107344E-10	6.071574E-10	5.655753E-10	5.848677E-10	5.174407E-10	5.649318E-10	5.518109E-10	5.832668E-10	4.999672E-10	5.192461E-10	5.459623E-10	5.758542E-10	5.800265E-10	5.412301E-10	5.479114E-10	5.040903E-10	5.422746E-10
0:09:03	0	1.001547E+1	1.529600E+1	1.558900E+1	3.058004E-1	3.973758E-1	3.760000E+2	1.884600E-8	1.809549E-8	5.797410E-10	6.058770E-10	5.467820E-10	5.159742E-10	5.594311E-10	5.930081E-10	6.312871E-10	6.284854E-10	5.495723E-10	6.102710E-10	5.361657E-10	5.365137E-10	5.442427E-10	5.376029E-10	5.522979E-10	5.236448E-10	6.197646E-10	5.797997E-10	5.996078E-10	5.287248E-10	5.788776E-10	5.642830E-10	5.960306E-10	5.133113E-10	5.321087E-10	5.617892E-10	5.889242E-10	5.959819E-10	5.566377E-10	5.603312E-10	5.146275E-10	5.537968E-10
0:09:16	0	1.001615E+1	1.527500E+1	1.559500E+1	3.041156E-1	3.954883E-1	3.770000E+2	1.937800E-8	1.854570E-8	5.931104E-10	6.199379E-10	5.596769E-10	5.284417E-10	5.726724E-10	6.078433E-10	6.451211E-10	6.433243E-10	5.648486E-10	6.276497E-10	5.500758E-10	5.463652E-10	5.613452E-10	5.497191E-10	5.666768E-10	5.352264E-10	6.335120E-10	5.955970E-10	6.140327E-10	5.415765E-10	5.933903E-10	5.794014E-10	6.120163E-10	5.234458E-10	5.433328E-10	5.771759E-10	6.052148E-10	6.103541E-10	5.706557E-10	5.750317E-10	5.298056E-10	5.691190E-10
0:09:30	0	1.001593E+1	1.526800E+1	1.560500E+1	3.037989E-1	3.948422E-1	3.780000E+2	1.973500E-8	1.901381E-8	6.084349E-10	6.350699E-10	5.731415E-10	5.425537E-10	5.868008E-10	6.224265E-10	6.608497E-10	6.606359E-10	5.786039E-10	6.423109E-10	5.625316E-10	5.649306E-10	5.731908E-10	5.639184E-10	5.815626E-10	5.480109E-10	6.502366E-10	6.097588E-10	6.290244E-10	5.580642E-10	6.067673E-10	5.953381E-10	6.267392E-10	5.399995E-10	5.599152E-10	5.908671E-10	6.194850E-10	6.273860E-10	5.829701E-10	5.889080E-10	5.415340E-10	5.818446E-10
0:09:43	0	1.001593E+1	1.529900E+1	1.558000E+1	3.034695E-1	3.944368E-1	3.790000E+2	2.028200E-8	1.946888E-8	6.228138E-10	6.517159E-10	5.884383E-10	5.563509E-10	6.013093E-10	6.368212E-10	6.780313E-10	6.743326E-10	5.924853E-10	6.591838E-10	5.782753E-10	5.746554E-10	5.859854E-10	5.765397E-10	5.943585E-10	5.619344E-10	6.656302E-10	6.262486E-10	6.440161E-10	5.718561E-10	6.227951E-10	6.081891E-10	6.421564E-10	5.501966E-10	5.685543E-10	6.048102E-10	6.350818E-10	6.421380E-10	5.982511E-10	6.029753E-10	5.558348E-10	5.969130E-10
0:09:57	0	1.001638E+1	1.526500E+1	1.560200E+1	3.042296E-1	3.950829E-1	3.800000E+2	2.066500E-8	1.997120E-8	6.370024E-10	6.655250E-10	6.031035E-10	5.698305E-10	6.170850E-10	6.525356E-10	6.970436E-10	6.934200E-10	6.083331E-10	6.744136E-10	5.899086E-10	5.899380E-10	6.025179E-10	5.925681E-10	6.112073E-10	5.747189E-10	6.860292E-10	6.407880E-10	6.614639E-10	5.860864E-10	6.383805E-10	6.261416E-10	6.590269E-10	5.662475E-10	5.841283E-10	6.221442E-10	6.490988E-10	6.592339E-10	6.130905E-10	6.196394E-10	5.689434E-10	6.116015E-10
0:10:10	0	1.001828E+1	1.528700E+1	1.559300E+1	3.035455E-1	3.945255E-1	3.810000E+2	2.124800E-8	2.047918E-8	6.519487E-10	6.846932E-10	6.189701E-10	5.845759E-10	6.322266E-10	6.698844E-10	7.110043E-10	7.090198E-10	6.225947E-10	6.898968E-10	6.090040E-10	6.061667E-10	6.164535E-10	6.071460E-10	6.279311E-10	5.892748E-10	7.025008E-10	6.569638E-10	6.782197E-10	5.997526E-10	6.558586E-10	6.414489E-10	6.745708E-10	5.789000E-10	6.013418E-10	6.382219E-10	6.671578E-10	6.770254E-10	6.302666E-10	6.354173E-10	5.824283E-10	6.283161E-10
0:10:24	0	1.001585E+1	1.530800E+1	1.557700E+1	3.038369E-1	3.948295E-1	3.820000E+2	2.176400E-8	2.096446E-8	6.672106E-10	7.000153E-10	6.331293E-10	5.992583E-10	6.464821E-10	6.855989E-10	7.278697E-10	7.230969E-10	6.363501E-10	7.064535E-10	6.235460E-10	6.213227E-10	6.329230E-10	6.226065E-10	6.412329E-10	6.033242E-10	7.176413E-10	6.735162E-10	6.937155E-10	6.144223E-10	6.714451E-10	6.567552E-10	6.934632E-10	5.923067E-10	6.150873E-10	6.522910E-10	6.829430E-10	6.917774E-10	6.449794E-10	6.517023E-10	5.987362E-10	6.432585E-10
0:10:37	0	1.001729E+1	1.528000E+1	1.560400E+1	3.037102E-1	3.946269E-1	3.830000E+2	2.229400E-8	2.149401E-8	6.844267E-10	7.179215E-10	6.494379E-10	6.138778E-10	6.640951E-10	7.042685E-10	7.466936E-10	7.386336E-10	6.528312E-10	7.242741E-10	6.383414E-10	6.341419E-10	6.486315E-10	6.367431E-10	6.570058E-10	6.167422E-10	7.362042E-10	6.887482E-10	7.118565E-10	6.300945E-10	6.884182E-10	6.741418E-10	7.086908E-10	6.082950E-10	6.319225E-10	6.698133E-10	7.023277E-10	7.108354E-10	6.607669E-10	6.686205E-10	6.149183E-10	6.602889E-10
0:10:51	0	1.001410E+1	1.529000E+1	1.558100E+1	3.041156E-1	3.951589E-1	3.840000E+2	2.280300E-8	2.207072E-8	7.029042E-10	7.369643E-10	6.664421E-10	6.309020E-10	6.818341E-10	7.211142E-10	7.659592E-10	7.593698E-10	6.719742E-10	7.415900E-10	6.578780E-10	6.540970E-10	6.651010E-10	6.544751E-10	6.763256E-10	6.338928E-10	7.557791E-10	7.081959E-10	7.312574E-10	6.471463E-10	7.076007E-10	6.919053E-10	7.283413E-10	6.235271E-10	6.493888E-10	6.864562E-10	7.193131E-10	7.293226E-10	6.792688E-10	6.863619E-10	6.292190E-10	6.768135E-10
0:11:04	0	1.001737E+1	1.530400E+1	1.558100E+1	3.036849E-1	3.948422E-1	3.850000E+2	2.321600E-8	2.263509E-8	7.186071E-10	7.553751E-10	6.843305E-10	6.466605E-10	7.005244E-10	7.416067E-10	7.832664E-10	7.757304E-10	6.868703E-10	7.611804E-10	6.734950E-10	6.688742E-10	6.821405E-10	6.707565E-10	6.931754E-10	6.499683E-10	7.735809E-10	7.263858E-10	7.507219E-10	6.641981E-10	7.252691E-10	7.101730E-10	7.481185E-10	6.390116E-10	6.655930E-10	7.060517E-10	7.386968E-10	7.486974E-10	6.972025E-10	7.038513E-10	6.485369E-10	6.964406E-10
0:11:18	0	1.001783E+1	1.530300E+1	1.559300E+1	3.037609E-1	3.948422E-1	3.866634E+2	2.437800E-8	2.366626E-8	7.486251E-10	7.899282E-10	7.141038E-10	6.776069E-10	7.314417E-10	7.726585E-10	8.201563E-10	8.133337E-10	7.164723E-10	7.954321E-10	7.032755E-10	6.998172E-10	7.132416E-10	7.008588E-10	7.242140E-10	6.805359E-10	8.084244E-10	7.620094E-10	7.850519E-10	6.948528E-10	7.612991E-10	7.430549E-10	7.809119E-10	6.684066E-10	6.960483E-10	7.381447E-10	7.744988E-10	7.821905E-10	7.301012E-10	7.361032E-10	6.775138E-10	7.259447E-10
0:11:31	0	1.001410E+1	1.527000E+1	1.558200E+1	3.040016E-1	3.951969E-1	3.883267E+2	2.562500E-8	2.467582E-8	7.801564E-10	8.232201E-10	7.459627E-10	7.067190E-10	7.627400E-10	8.063509E-10	8.562874E-10	8.452940E-10	7.474693E-10	8.286092E-10	7.328025E-10	7.296227E-10	7.444697E-10	7.321594E-10	7.535417E-10	7.066105E-10	8.426968E-10	7.937312E-10	8.188776E-10	7.265120E-10	7.946157E-10	7.755589E-10	8.141472E-10	6.951584E-10	7.249895E-10	7.711172E-10	8.056905E-10	8.175836E-10	7.604749E-10	7.674058E-10	7.052371E-10	7.600074E-10
0:11:45	0	1.001707E+1	1.527600E+1	1.561100E+1	3.038622E-1	3.950069E-1	3.899901E+2	2.676600E-8	2.584817E-8	8.143368E-10	8.607375E-10	7.824988E-10	7.407675E-10	7.985992E-10	8.470828E-10	8.945664E-10	8.851167E-10	7.815084E-10	8.685483E-10	7.693475E-10	7.638495E-10	7.784216E-10	7.668045E-10	7.907883E-10	7.397737E-10	8.829888E-10	8.310538E-10	8.564205E-10	7.584829E-10	8.307713E-10	8.125984E-10	8.531330E-10	7.296520E-10	7.590382E-10	8.093653E-10	8.454707E-10	8.570919E-10	7.964689E-10	8.054875E-10	7.405490E-10	7.968548E-10
0:11:58	0	1.001676E+1	1.527600E+1	1.559600E+1	3.041789E-1	3.952602E-1	3.916535E+2	2.792300E-8	2.706815E-8	8.494630E-10	9.014690E-10	8.177077E-10	7.765235E-10	8.354085E-10	8.836043E-10	9.370147E-10	9.236090E-10	8.177660E-10	9.082340E-10	8.039960E-10	8.022444E-10	8.145266E-10	8.027127E-10	8.279719E-10	7.736323E-10	9.257500E-10	8.736019E-10	8.976785E-10	7.967866E-10	8.710289E-10	8.512749E-10	8.947721E-10	7.661597E-10	7.949165E-10	8.475509E-10	8.824079E-10	8.973608E-10	8.390293E-10	8.430621E-10	7.768015E-10	8.340830E-10
0:12:12	0	1.001570E+1	1.527600E+1	1.560300E+1	3.037862E-1	3.948042E-1	3.933168E+2	2.911500E-8	2.832199E-8	8.886889E-10	9.428953E-10	8.558874E-10	8.117110E-10	8.736121E-10	9.254675E-10	9.782623E-10	9.631154E-10	8.550382E-10	9.493743E-10	8.411737E-10	8.389974E-10	8.494285E-10	8.389986E-10	8.681954E-10	8.100236E-10	9.674352E-10	9.133162E-10	9.401347E-10	8.350270E-10	9.133057E-10	8.924095E-10	9.371074E-10	8.005270E-10	8.323695E-10	8.876204E-10	9.247768E-10	9.399075E-10	8.771696E-10	8.858332E-10	8.122391E-10	8.719438E-10
0:12:25	0	1.001767E+1	1.528400E+1	1.560700E+1	3.040522E-1	3.951589E-1	3.949802E+2	3.058800E-8	2.979219E-8	9.334003E-10	9.886714E-10	8.993139E-10	8.534804E-10	9.174546E-10	9.746233E-10	1.030059E-9	1.013338E-9	9.005500E-10	9.975289E-10	8.873927E-10	8.823171E-10	8.973161E-10	8.825420E-10	9.119030E-10	8.497679E-10	1.019256E-9	9.618427E-10	9.906536E-10	8.780949E-10	9.622715E-10	9.387082E-10	9.857599E-10	8.411894E-10	8.744262E-10	9.337190E-10	9.722592E-10	9.890402E-10	9.216250E-10	9.300618E-10	8.547009E-10	9.189220E-10
0:12:39	0	1.000650E+1	1.529200E+1	1.559500E+1	3.045209E-1	3.957543E-1	3.966436E+2	3.204700E-8	3.115980E-8	9.733828E-10	1.037538E-9	9.435628E-10	8.956924E-10	9.604730E-10	1.017745E-9	1.077055E-9	1.058044E-9	9.387099E-10	1.041386E-9	9.276048E-10	9.212802E-10	9.375389E-10	9.234344E-10	9.557365E-10	8.883103E-10	1.064553E-9	1.002628E-9	1.034242E-9	9.182790E-10	1.007640E-9	9.807239E-10	1.031759E-9	8.809067E-10	9.152227E-10	9.782471E-10	1.012481E-9	1.036147E-9	9.657645E-10	9.773313E-10	8.944664E-10	9.619113E-10
0:12:52	0	1.001714E+1	1.527300E+1	1.559900E+1	3.033555E-1	3.945128E-1	3.983069E+2	3.370800E-8	3.284850E-8	1.023077E-9	1.088800E-9	9.929937E-10	9.441696E-10	1.013438E-9	1.073499E-9	1.134853E-9	1.113404E-9	9.897374E-10	1.098829E-9	9.778702E-10	9.730626E-10	9.880864E-10	9.735410E-10	1.004892E-9	9.367258E-10	1.120048E-9	1.059840E-9	1.092635E-9	9.689327E-10	1.062159E-9	1.035779E-9	1.086668E-9	9.268563E-10	9.647190E-10	1.029496E-9	1.074612E-9	1.091421E-9	1.017608E-9	1.030748E-9	9.430751E-10	1.016930E-9
0:13:06	0	1.001228E+1	1.527900E+1	1.557100E+1	3.003532E-1	3.911305E-1	3.999703E+2	3.551600E-8	3.463305E-8	1.076617E-9	1.146241E-9	1.043880E-9	9.951145E-10	1.066340E-9	1.131958E-9	1.193471E-9	1.174470E-9	1.042919E-9	1.156020E-9	1.029843E-9	1.027813E-9	1.043322E-9	1.026929E-9	1.054680E-9	9.859007E-10	1.179662E-9	1.118185E-9	1.149390E-9	1.024852E-9	1.121031E-9	1.093606E-9	1.147768E-9	9.804216E-10	1.016297E-9	1.089475E-9	1.129798E-9	1.149860E-9	1.075893E-9	1.089486E-9	9.975177E-10	1.074291E-9
0:13:19	0	1.001653E+1	1.526000E+1	1.557300E+1	3.015947E-1	3.920933E-1	4.016337E+2	3.734600E-8	3.651691E-8	1.131041E-9	1.209105E-9	1.102351E-9	1.048845E-9	1.126084E-9	1.193434E-9	1.259859E-9	1.232239E-9	1.098067E-9	1.217509E-9	1.087570E-9	1.078395E-9	1.097163E-9	1.079686E-9	1.116631E-9	1.039316E-9	1.243520E-9	1.179173E-9	1.213639E-9	1.079831E-9	1.184067E-9	1.155212E-9	1.211143E-9	1.031281E-9	1.073739E-9	1.147255E-9	1.194140E-9	1.216720E-9	1.134114E-9	1.151583E-9	1.050454E-9	1.133742E-9
0:13:33	0	1.001562E+1	1.528900E+1	1.556800E+1	3.002772E-1	3.907885E-1	4.032970E+2	3.956500E-8	3.862656E-8	1.194924E-9	1.278211E-9	1.164994E-9	1.112131E-9	1.189440E-9	1.261636E-9	1.331111E-9	1.305228E-9	1.159109E-9	1.286960E-9	1.150544E-9	1.142049E-9	1.163230E-9	1.144560E-9	1.183332E-9	1.099756E-9	1.312699E-9	1.244378E-9	1.286268E-9	1.141957E-9	1.253982E-9	1.221669E-9	1.282100E-9	1.090449E-9	1.131370E-9	1.213075E-9	1.262143E-9	1.285100E-9	1.201933E-9	1.219510E-9	1.112422E-9	1.200285E-9
0:13:46	0	1.001539E+1	1.526400E+1	1.560800E+1	2.995932E-1	3.904212E-1	4.049604E+2	4.192200E-8	4.091057E-8	1.261078E-9	1.350154E-9	1.232693E-9	1.177190E-9	1.261540E-9	1.338700E-9	1.410764E-9	1.376124E-9	1.224843E-9	1.360772E-9	1.216363E-9	1.213975E-9	1.230437E-9	1.209306E-9	1.255734E-9	1.164816E-9	1.389544E-9	1.319717E-9	1.360282E-9	1.210915E-9	1.330206E-9	1.295306E-9	1.358745E-9	1.156351E-9	1.201549E-9	1.286493E-9	1.335515E-9	1.361901E-9	1.274804E-9	1.292695E-9	1.180224E-9	1.271827E-9
0:14:00	0	1.001851E+1	1.530700E+1	1.558100E+1	3.018100E-1	3.917259E-1	4.066238E+2	4.409300E-8	4.328392E-8	1.330447E-9	1.424494E-9	1.302415E-9	1.245476E-9	1.334588E-9	1.414885E-9	1.492439E-9	1.457545E-9	1.294759E-9	1.437427E-9	1.289138E-9	1.282808E-9	1.301698E-9	1.285665E-9	1.326046E-9	1.233294E-9	1.469620E-9	1.397699E-9	1.439902E-9	1.282131E-9	1.405611E-9	1.371526E-9	1.436147E-9	1.226157E-9	1.266997E-9	1.361733E-9	1.415263E-9	1.444210E-9	1.350327E-9	1.366578E-9	1.248966E-9	1.347930E-9
0:14:13	0	1.001532E+1	1.530500E+1	1.558800E+1	3.003406E-1	3.904718E-1	4.082871E+2	4.693000E-8	4.597543E-8	1.408394E-9	1.514912E-9	1.384844E-9	1.325406E-9	1.417648E-9	1.503956E-9	1.583777E-9	1.545119E-9	1.372853E-9	1.523434E-9	1.367982E-9	1.360291E-9	1.384740E-9	1.365242E-9	1.412764E-9	1.308290E-9	1.559579E-9	1.483234E-9	1.528845E-9	1.362875E-9	1.498367E-9	1.461417E-9	1.526819E-9	1.301187E-9	1.345058E-9	1.448342E-9	1.502398E-9	1.530508E-9	1.432923E-9	1.456366E-9	1.327054E-9	1.430806E-9
0:14:27	0	1.001691E+1	1.527800E+1	1.557200E+1	3.008219E-1	3.912446E-1	4.099505E+2	4.990600E-8	4.910267E-8	1.495862E-9	1.613528E-9	1.476501E-9	1.416539E-9	1.513505E-9	1.601827E-9	1.689771E-9	1.649180E-9	1.463878E-9	1.624104E-9	1.460546E-9	1.457415E-9	1.478615E-9	1.458387E-9	1.511645E-9	1.396260E-9	1.663031E-9	1.585196E-9	1.633472E-9	1.457725E-9	1.601283E-9	1.559558E-9	1.633097E-9	1.391008E-9	1.435351E-9	1.545186E-9	1.602731E-9	1.638080E-9	1.533263E-9	1.562057E-9	1.421136E-9	1.532930E-9
0:14:40	0	1.001630E+1	1.528000E+1	1.558000E+1	3.001632E-1	3.905098E-1	4.116139E+2	5.289500E-8	5.209753E-8	1.581818E-9	1.709620E-9	1.566325E-9	1.500963E-9	1.604674E-9	1.701080E-9	1.795828E-9	1.746328E-9	1.547930E-9	1.726353E-9	1.546915E-9	1.546960E-9	1.567738E-9	1.549891E-9	1.607548E-9	1.483471E-9	1.762492E-9	1.677655E-9	1.732934E-9	1.548185E-9	1.698898E-9	1.657259E-9	1.733816E-9	1.475102E-9	1.520978E-9	1.638514E-9	1.699591E-9	1.738750E-9	1.630509E-9	1.662427E-9	1.508193E-9	1.628786E-9
0:14:54	0	1.001479E+1	1.528100E+1	1.558900E+1	3.016707E-1	3.919413E-1	4.132772E+2	5.680100E-8	5.589407E-8	1.692494E-9	1.826962E-9	1.676313E-9	1.611144E-9	1.722579E-9	1.828683E-9	1.923488E-9	1.872646E-9	1.657971E-9	1.844843E-9	1.664074E-9	1.653808E-9	1.685682E-9	1.663546E-9	1.721441E-9	1.591377E-9	1.885457E-9	1.801205E-9	1.857971E-9	1.659773E-9	1.831156E-9	1.781416E-9	1.865368E-9	1.587080E-9	1.628610E-9	1.756964E-9	1.824044E-9	1.868735E-9	1.750488E-9	1.787254E-9	1.621593E-9	1.749903E-9
0:15:07	0	1.001745E+1	1.527100E+1	1.559000E+1	3.001379E-1	3.905985E-1	4.149406E+2	6.076000E-8	5.978627E-8	1.801405E-9	1.949852E-9	1.792118E-9	1.724047E-9	1.844286E-9	1.957481E-9	2.057275E-9	2.007589E-9	1.768899E-9	1.964154E-9	1.774722E-9	1.771076E-9	1.803057E-9	1.781112E-9	1.843189E-9	1.700232E-9	2.013870E-9	1.923434E-9	1.990629E-9	1.777067E-9	1.964296E-9	1.909416E-9	1.994520E-9	1.696603E-9	1.739143E-9	1.882888E-9	1.951337E-9	1.993656E-9	1.874950E-9	1.919369E-9	1.737564E-9	1.877035E-9
0:15:21	0	1.001585E+1	1.528500E+1	1.556800E+1	2.996692E-1	3.901551E-1	4.166040E+2	6.524600E-8	6.435725E-8	1.928540E-9	2.093300E-9	1.927075E-9	1.856759E-9	1.983162E-9	2.103629E-9	2.217909E-9	2.155470E-9	1.895485E-9	2.113233E-9	1.912746E-9	1.904952E-9	1.942539E-9	1.918747E-9	1.996734E-9	1.835226E-9	2.160593E-9	2.068761E-9	2.139855E-9	1.917366E-9	2.116557E-9	2.057448E-9	2.148694E-9	1.831493E-9	1.870232E-9	2.022314E-9	2.096251E-9	2.151755E-9	2.022208E-9	2.069352E-9	1.873355E-9	2.025504E-9
0:15:34	0	1.001593E+1	1.529400E+1	1.557000E+1	3.014047E-1	3.916373E-1	4.182673E+2	7.041500E-8	6.951689E-8	2.077306E-9	2.257679E-9	2.079289E-9	2.004089E-9	2.143580E-9	2.280577E-9	2.394460E-9	2.335372E-9	2.038488E-9	2.272546E-9	2.061900E-9	2.056194E-9	2.095068E-9	2.078280E-9	2.153893E-9	1.983257E-9	2.329424E-9	2.233098E-9	2.312828E-9	2.068511E-9	2.285728E-9	2.227529E-9	2.328016E-9	1.980671E-9	2.018407E-9	2.182971E-9	2.264903E-9	2.326757E-9	2.185444E-9	2.243923E-9	2.026897E-9	2.189802E-9
0:15:48	0	1.001669E+1	1.527000E+1	1.557400E+1	3.005306E-1	3.907378E-1	4.199307E+2	7.589100E-8	7.511257E-8	2.230867E-9	2.428490E-9	2.241998E-9	2.160725E-9	2.316795E-9	2.462364E-9	2.593183E-9	2.520602E-9	2.191254E-9	2.455811E-9	2.227620E-9	2.223287E-9	2.270657E-9	2.247028E-9	2.338098E-9	2.142998E-9	2.508961E-9	2.412413E-9	2.500098E-9	2.240095E-9	2.476858E-9	2.409953E-9	2.517951E-9	2.143322E-9	2.171062E-9	2.351539E-9	2.443657E-9	2.515371E-9	2.368253E-9	2.434713E-9	2.196999E-9	2.369547E-9
0:16:01	0	1.001646E+1	1.529200E+1	1.554700E+1	3.002899E-1	3.910039E-1	4.215941E+2	8.267800E-8	8.184055E-8	2.416400E-9	2.631079E-9	2.437449E-9	2.358369E-9	2.526819E-9	2.690289E-9	2.829174E-9	2.746921E-9	2.385095E-9	2.659740E-9	2.426154E-9	2.423344E-9	2.478232E-9	2.453638E-9	2.558156E-9	2.339317E-9	2.721378E-9	2.614072E-9	2.724597E-9	2.443209E-9	2.710074E-9	2.634646E-9	2.747632E-9	2.339456E-9	2.358079E-9	2.558104E-9	2.663770E-9	2.738936E-9	2.579858E-9	2.661431E-9	2.395197E-9	2.589939E-9
0:16:15	0	1.001752E+1	1.527000E+1	1.558200E+1	2.994665E-1	3.899904E-1	4.232574E+2	9.048700E-8	8.967480E-8	2.624635E-9	2.864817E-9	2.663115E-9	2.580568E-9	2.762439E-9	2.950335E-9	3.101674E-9	3.011353E-9	2.594400E-9	2.904746E-9	2.656237E-9	2.658447E-9	2.718428E-9	2.701394E-9	2.809062E-9	2.575254E-9	2.968320E-9	2.865579E-9	2.982543E-9	2.677293E-9	2.973011E-9	2.892788E-9	3.020088E-9	2.576883E-9	2.573280E-9	2.805178E-9	2.914948E-9	3.000046E-9	2.831497E-9	2.937572E-9	2.635419E-9	2.843444E-9
0:16:28	0	1.001463E+1	1.527000E+1	1.558500E+1	3.017847E-1	3.921186E-1	4.249208E+2	9.947000E-8	9.857247E-8	2.859294E-9	3.142502E-9	2.916784E-9	2.837510E-9	3.040507E-9	3.247342E-9	3.417003E-9	3.314784E-9	2.831218E-9	3.176989E-9	2.914646E-9	2.917611E-9	2.992513E-9	2.976916E-9	3.096454E-9	2.837077E-9	3.252450E-9	3.139617E-9	3.274127E-9	2.953442E-9	3.272104E-9	3.198426E-9	3.327929E-9	2.843138E-9	2.817361E-9	3.076369E-9	3.195425E-9	3.298702E-9	3.128792E-9	3.238109E-9	2.899476E-9	3.137848E-9
0:16:42	0	1.001600E+1	1.529900E+1	1.556400E+1	3.004419E-1	3.910545E-1	4.265842E+2	1.105100E-7	1.094839E-7	3.143268E-9	3.463631E-9	3.229872E-9	3.145399E-9	3.384909E-9	3.609533E-9	3.808509E-9	3.699954E-9	3.123119E-9	3.510468E-9	3.232615E-9	3.234429E-9	3.333362E-9	3.319709E-9	3.462267E-9	3.171048E-9	3.581813E-9	3.475400E-9	3.635630E-9	3.282688E-9	3.648494E-9	3.557481E-9	3.711972E-9	3.167238E-9	3.113397E-9	3.403457E-9	3.545610E-9	3.664408E-9	3.471804E-9	3.614367E-9	3.235724E-9	3.502341E-9
0:16:55	0	1.001608E+1	1.528800E+1	1.557600E+1	2.995425E-1	3.903958E-1	4.282475E+2	1.235400E-7	1.231869E-7	3.490873E-9	3.862443E-9	3.612176E-9	3.529863E-9	3.808252E-9	4.083048E-9	4.303675E-9	4.181131E-9	3.477583E-9	3.920917E-9	3.627089E-9	3.651339E-9	3.759533E-9	3.754196E-9	3.925756E-9	3.597989E-9	3.998916E-9	3.891871E-9	4.079398E-9	3.698697E-9	4.131649E-9	4.033386E-9	4.192185E-9	3.585378E-9	3.467442E-9	3.812819E-9	3.976427E-9	4.125087E-9	3.916925E-9	4.073695E-9	3.657774E-9	3.959396E-9
0:17:09	0	1.001638E+1	1.528600E+1	1.560900E+1	3.013920E-1	3.915486E-1	4.299109E+2	1.397500E-7	1.389439E-7	3.882307E-9	4.315355E-9	4.049982E-9	3.978500E-9	4.299641E-9	4.619800E-9	4.869712E-9	4.736060E-9	3.887575E-9	4.393805E-9	4.074990E-9	4.108663E-9	4.253990E-9	4.262772E-9	4.464690E-9	4.083092E-9	4.462840E-9	4.371787E-9	4.607640E-9	4.167932E-9	4.688885E-9	4.571907E-9	4.768249E-9	4.066525E-9	3.874579E-9	4.281784E-9	4.459970E-9	4.646612E-9	4.432645E-9	4.633014E-9	4.134581E-9	4.494011E-9
0:17:22	0	1.001805E+1	1.527900E+1	1.560600E+1	3.010626E-1	3.912192E-1	4.315743E+2	1.602900E-7	1.596162E-7	4.380005E-9	4.881823E-9	4.614844E-9	4.550991E-9	4.946187E-9	5.325389E-9	5.647925E-9	5.497776E-9	4.388151E-9	4.990110E-9	4.668505E-9	4.718621E-9	4.913454E-9	4.927155E-9	5.185420E-9	4.734897E-9	5.067083E-9	4.974937E-9	5.283341E-9	4.801349E-9	5.421159E-9	5.301483E-9	5.507585E-9	4.703713E-9	4.411546E-9	4.885526E-9	5.116898E-9	5.338327E-9	5.091833E-9	5.352073E-9	4.786756E-9	5.201342E-9
0:17:36	0	1.001646E+1	1.529300E+1	1.558200E+1	3.007586E-1	3.911939E-1	4.332376E+2	1.862600E-7	1.852494E-7	4.966746E-9	5.581397E-9	5.313019E-9	5.262394E-9	5.745357E-9	6.218422E-9	6.599659E-9	6.446308E-9	4.998892E-9	5.719694E-9	5.390813E-9	5.476409E-9	5.729755E-9	5.787295E-9	6.095043E-9	5.571503E-9	5.788716E-9	5.732668E-9	6.097242E-9	5.586100E-9	6.333016E-9	6.212538E-9	6.449243E-9	5.528600E-9	5.044540E-9	5.613121E-9	5.897586E-9	6.186682E-9	5.948481E-9	6.257612E-9	5.588209E-9	6.082340E-9
0:17:49	0	1.001859E+1	1.527300E+1	1.556600E+1	2.996438E-1	3.902438E-1	4.349010E+2	2.224700E-7	2.216352E-7	5.777489E-9	6.536085E-9	6.270994E-9	6.271812E-9	6.882150E-9	7.488986E-9	8.012824E-9	7.852870E-9	5.835992E-9	6.733844E-9	6.412123E-9	6.531757E-9	6.926495E-9	7.003041E-9	7.392904E-9	6.820747E-9	6.776427E-9	6.758334E-9	7.264271E-9	6.694269E-9	7.673507E-9	7.510113E-9	7.831304E-9	6.726623E-9	5.899736E-9	6.600037E-9	6.982871E-9	7.372633E-9	7.135324E-9	7.538588E-9	6.779034E-9	7.342015E-9
0:18:14	1	1.001760E+1	1.527800E+1	1.555200E+1	3.010626E-1	3.916373E-1	0.000000E+0	-2.587500E-9	3.262518E-9	1.034243E-10	8.253602E-11	9.039272E-11	8.727236E-11	8.812814E-11	8.850541E-11	9.140215E-11	9.036296E-11	9.039123E-11	8.828324E-11	8.668459E-11	8.600920E-11	5.471566E-10	7.850425E-11	7.702615E-11	7.790804E-11	8.083604E-11	8.100342E-11	7.930499E-11	9.140185E-11	8.266094E-11	9.114956E-11	8.795444E-11	9.126934E-11	9.060839E-11	8.811530E-11	8.953523E-11	8.895775E-11	9.067836E-11	9.042079E-11	9.238829E-11	9.224632E-11
0:18:27	1	1.001737E+1	1.526100E+1	1.556200E+1	3.007839E-1	3.911305E-1	0.000000E+0	2.124900E-9	2.886449E-9	1.040545E-10	8.953563E-11	9.355307E-11	9.005679E-11	9.199280E-11	9.020229E-11	8.855917E-11	9.410497E-11	9.134187E-11	9.055783E-11	8.706389E-11	8.714567E-11	9.387418E-11	8.632967E-11	9.140599E-11	8.562911E-11	8.799475E-11	8.761187E-11	8.806075E-11	8.851799E-11	8.777209E-11	8.818914E-11	8.877637E-11	8.717837E-11	9.432820E-11	8.868044E-11	9.041939E-11	8.902072E-11	9.067836E-11	9.048381E-11	8.987924E-11	9.344971E-11
0:18:40	1	1.001661E+1	1.526600E+1	1.557200E+1	3.000746E-1	3.904212E-1	1.000000E+1	3.412700E-9	3.175888E-9	1.138926E-10	9.930840E-11	1.032247E-10	9.809436E-11	1.011794E-10	1.012022E-10	1.010031E-10	1.007631E-10	1.005961E-10	9.788842E-11	9.768611E-11	9.554462E-11	1.021089E-10	9.352348E-11	9.628294E-11	9.543830E-11	9.654760E-11	9.629794E-11	9.555659E-11	9.635410E-11	1.014012E-10	9.826770E-11	9.654780E-11	9.750070E-11	1.007595E-10	9.929417E-11	1.002697E-10	9.915090E-11	9.926640E-11	9.916547E-11	1.013571E-10	1.004142E-10
0:18:54	1	1.001912E+1	1.526000E+1	1.560600E+1	3.006699E-1	3.915359E-1	2.000000E+1	3.696700E-9	3.221826E-9	1.158469E-10	1.003177E-10	1.046158E-10	9.935919E-11	1.020665E-10	1.030251E-10	1.068147E-10	1.038705E-10	1.019911E-10	1.011746E-10	9.876111E-11	9.585964E-11	1.041359E-10	9.642651E-11	9.900691E-11	9.569107E-11	9.832077E-11	9.698948E-11	9.694279E-11	9.785838E-11	1.012119E-10	9.851929E-11	9.736873E-11	9.737450E-11	1.019580E-10	9.910579E-11	1.016583E-10	1.003543E-10	9.996122E-11	1.010030E-10	1.017334E-10	1.025031E-10
0:19:07	1	1.001433E+1	1.528600E+1	1.558300E+1	2.994665E-1	3.902691E-1	3.000000E+1	3.904000E-9	3.258486E-9	1.180550E-10	1.024608E-10	1.039831E-10	9.999261E-11	1.038398E-10	1.020824E-10	1.032138E-10	1.012707E-10	1.042096E-10	1.019328E-10	9.983611E-11	9.996491E-11	1.049589E-10	9.813007E-11	1.005909E-10	9.822280E-11	9.958790E-11	9.837457E-11	9.769854E-11	9.911228E-11	1.025367E-10	1.012918E-10	9.913827E-11	9.926349E-11	1.033445E-10	1.013039E-10	1.032372E-10	1.004803E-10	1.021713E-10	1.011931E-10	1.033018E-10	1.037065E-10
0:19:21	1	1.001897E+1	1.528900E+1	1.558600E+1	2.997579E-1	3.905478E-1	4.000000E+1	4.158900E-9	3.311429E-9	1.192527E-10	1.049831E-10	1.051846E-10	1.007519E-10	1.048540E-10	1.056022E-10	1.080781E-10	1.076755E-10	1.040825E-10	1.035759E-10	1.015429E-10	1.000915E-10	1.075568E-10	1.000239E-10	1.016669E-10	9.904606E-11	1.025022E-10	9.894092E-11	9.965156E-11	9.992775E-11	1.013384E-10	1.019839E-10	1.016031E-10	1.002075E-10	1.041648E-10	1.022458E-10	1.060781E-10	1.042795E-10	1.016031E-10	1.015732E-10	1.050583E-10	1.063022E-10
0:19:34	1	1.001897E+1	1.529300E+1	1.557600E+1	3.018734E-1	3.921820E-1	5.000000E+1	4.361200E-9	3.360011E-9	1.217127E-10	1.057396E-10	1.074598E-10	1.028400E-10	1.050440E-10	1.079282E-10	1.088360E-10	1.089429E-10	1.071886E-10	1.053457E-10	1.001515E-10	1.019228E-10	1.085067E-10	1.017902E-10	1.000209E-10	1.026528E-10	1.035153E-10	1.010175E-10	1.014783E-10	1.016824E-10	1.048089E-10	1.048190E-10	1.019183E-10	1.025993E-10	1.083892E-10	1.036279E-10	1.058887E-10	1.050391E-10	1.046974E-10	1.027766E-10	1.056851E-10	1.059854E-10
0:19:48	1	1.001600E+1	1.530300E+1	1.557700E+1	3.008219E-1	3.913079E-1	6.000000E+1	4.412500E-9	3.416696E-9	1.217127E-10	1.071899E-10	1.094197E-10	1.034734E-10	1.081486E-10	1.086198E-10	1.113000E-10	1.131284E-10	1.080132E-10	1.075574E-10	1.035033E-10	1.064059E-10	1.104697E-10	1.017275E-10	1.043279E-10	1.024000E-10	1.049724E-10	1.029690E-10	1.039971E-10	1.029997E-10	1.049982E-10	1.076531E-10	1.039402E-10	1.025993E-10	1.080110E-10	1.057001E-10	1.083518E-10	1.060526E-10	1.053284E-10	1.056285E-10	1.063128E-10	1.097844E-10
0:20:01	1	1.001623E+1	1.528300E+1	1.558400E+1	3.008473E-1	3.911559E-1	7.000000E+1	4.550000E-9	3.457875E-9	1.239825E-10	1.103423E-10	1.098617E-10	1.058152E-10	1.081486E-10	1.098136E-10	1.117418E-10	1.159184E-10	1.094071E-10	1.086319E-10	1.050205E-10	1.045118E-10	1.111667E-10	1.036203E-10	1.078748E-10	1.033492E-10	1.068096E-10	1.042279E-10	1.055723E-10	1.023099E-10	1.070801E-10	1.082836E-10	1.040040E-10	1.040471E-10	1.089566E-10	1.058260E-10	1.103085E-10	1.082046E-10	1.070340E-10	1.061356E-10	1.091348E-10	1.107340E-10
0:20:15	1	1.001638E+1	1.527400E+1	1.555500E+1	3.005813E-1	3.909152E-1	8.000000E+1	4.707400E-9	3.502317E-9	1.253703E-10	1.107216E-10	1.115053E-10	1.067643E-10	1.107460E-10	1.107573E-10	1.142048E-10	1.155380E-10	1.108021E-10	1.094529E-10	1.067273E-10	1.064059E-10	1.131306E-10	1.049453E-10	1.055318E-10	1.053744E-10	1.087738E-10	1.057382E-10	1.053833E-10	1.048800E-10	1.078372E-10	1.117482E-10	1.061516E-10	1.059350E-10	1.099650E-10	1.072706E-10	1.120140E-10	1.090912E-10	1.082961E-10	1.086694E-10	1.097615E-10	1.128239E-10
0:20:28	1	1.001798E+1	1.525500E+1	1.558600E+1	3.013793E-1	3.918653E-1	9.000000E+1	4.806700E-9	3.555858E-9	1.273883E-10	1.113517E-10	1.142864E-10	1.076505E-10	1.117592E-10	1.129573E-10	1.145848E-10	1.199137E-10	1.127033E-10	1.123600E-10	1.081187E-10	1.079850E-10	1.143976E-10	1.073442E-10	1.074948E-10	1.073996E-10	1.107380E-10	1.077522E-10	1.077142E-10	1.066980E-10	1.107399E-10	1.121261E-10	1.066573E-10	1.076352E-10	1.121091E-10	1.100338E-10	1.127716E-10	1.106105E-10	1.096229E-10	1.094306E-10	1.109537E-10	1.125700E-10
0:20:42	1	1.001737E+1	1.527800E+1	1.557500E+1	2.999985E-1	3.907125E-1	1.000000E+2	4.884300E-9	3.648758E-9	1.289016E-10	1.150087E-10	1.161196E-10	1.111313E-10	1.155609E-10	1.165396E-10	1.185635E-10	1.225135E-10	1.133378E-10	1.138136E-10	1.102677E-10	1.131630E-10	1.175645E-10	1.100570E-10	1.140197E-10	1.108175E-10	1.139683E-10	1.098298E-10	1.102967E-10	1.083903E-10	1.125070E-10	1.140792E-10	1.105116E-10	1.101522E-10	1.149469E-10	1.117927E-10	1.160550E-10	1.131433E-10	1.122746E-10	1.120914E-10	1.146539E-10	1.166860E-10
0:20:56	1	1.001501E+1	1.527300E+1	1.556100E+1	3.005179E-1	3.912826E-1	1.200000E+2	5.375300E-9	3.889113E-9	1.381085E-10	1.215664E-10	1.245269E-10	1.172696E-10	1.226571E-10	1.246488E-10	1.216588E-10	1.272696E-10	1.230994E-10	1.222186E-10	1.178556E-10	1.197306E-10	1.257362E-10	1.176931E-10	1.203537E-10	1.197405E-10	1.204940E-10	1.168158E-10	1.180441E-10	1.182325E-10	1.212142E-10	1.210074E-10	1.196735E-10	1.179576E-10	1.218192E-10	1.191405E-10	1.242636E-10	1.216272E-10	1.197890E-10	1.195047E-10	1.213028E-10	1.240932E-10
0:21:09	1	1.001638E+1	1.527000E+1	1.557100E+1	3.002012E-1	3.909152E-1	1.400000E+2	5.763500E-9	4.306421E-9	1.504693E-10	1.361947E-10	1.373589E-10	1.305594E-10	1.355183E-10	1.383518E-10	1.394716E-10	1.432497E-10	1.375512E-10	1.356158E-10	1.301846E-10	1.321072E-10	1.366309E-10	1.300624E-10	1.328965E-10	1.310064E-10	1.338613E-10	1.325505E-10	1.310201E-10	1.296422E-10	1.328251E-10	1.334805E-10	1.316793E-10	1.310503E-10	1.356911E-10	1.315756E-10	1.358813E-10	1.339104E-10	1.326077E-10	1.324317E-10	1.335331E-10	1.374524E-10
0:21:23	1	1.001775E+1	1.529000E+1	1.557300E+1	3.008600E-1	3.917006E-1	1.600000E+2	6.500100E-9	4.944141E-9	1.705865E-10	1.566869E-10	1.561962E-10	1.503051E-10	1.559188E-10	1.577756E-10	1.616430E-10	1.661423E-10	1.576458E-10	1.572913E-10	1.508601E-10	1.519367E-10	1.571543E-10	1.501933E-10	1.537363E-10	1.526509E-10	1.548304E-10	1.491665E-10	1.513667E-10	1.483240E-10	1.513133E-10	1.538266E-10	1.516460E-10	1.503743E-10	1.553642E-10	1.507319E-10	1.546350E-10	1.537919E-10	1.523099E-10	1.512505E-10	1.515975E-10	1.568896E-10
0:21:37	1	1.001669E+1	1.530300E+1	1.559900E+1	2.999605E-1	3.906872E-1	1.800000E+2	7.498600E-9	5.905947E-9	2.011720E-10	1.874565E-10	1.876131E-10	1.780874E-10	1.867731E-10	1.890160E-10	1.934792E-10	2.012730E-10	1.874380E-10	1.878148E-10	1.799439E-10	1.809218E-10	1.869254E-10	1.797266E-10	1.840150E-10	1.783458E-10	1.849854E-10	1.781191E-10	1.800275E-10	1.767846E-10	1.826735E-10	1.835591E-10	1.813432E-10	1.812171E-10	1.850620E-10	1.805633E-10	1.850692E-10	1.833599E-10	1.809779E-10	1.802714E-10	1.845261E-10	1.874062E-10
0:21:51	1	1.001562E+1	1.529200E+1	1.558500E+1	2.998339E-1	3.906618E-1	2.000000E+2	8.607500E-9	7.201662E-9	2.421003E-10	2.274324E-10	2.261719E-10	2.171354E-10	2.277641E-10	2.317593E-10	2.365587E-10	2.433151E-10	2.257869E-10	2.302180E-10	2.199674E-10	2.165383E-10	2.265782E-10	2.219450E-10	2.253155E-10	2.208117E-10	2.245803E-10	2.175194E-10	2.204671E-10	2.171577E-10	2.245718E-10	2.229286E-10	2.228556E-10	2.219420E-10	2.259212E-10	2.194400E-10	2.241536E-10	2.241345E-10	2.218975E-10	2.214581E-10	2.236005E-10	2.296358E-10
0:22:04	1	1.001593E+1	1.529300E+1	1.557600E+1	3.006319E-1	3.915613E-1	2.200000E+2	1.015500E-8	8.949876E-9	2.981630E-10	2.832969E-10	2.829364E-10	2.690934E-10	2.818064E-10	2.860067E-10	2.931560E-10	3.012112E-10	2.815047E-10	2.812168E-10	2.733311E-10	2.720461E-10	2.813056E-10	2.753960E-10	2.830219E-10	2.765057E-10	2.804559E-10	2.711441E-10	2.741979E-10	2.687506E-10	2.785860E-10	2.793695E-10	2.771329E-10	2.750670E-10	2.788228E-10	2.746453E-10	2.790870E-10	2.788386E-10	2.759508E-10	2.759518E-10	2.776035E-10	2.842742E-10
0:22:18	1	1.001630E+1	1.530800E+1	1.558200E+1	3.003659E-1	3.911939E-1	2.400000E+2	1.257600E-8	1.134880E-8	3.722632E-10	3.587089E-10	3.568309E-10	3.423796E-10	3.596708E-10	3.658372E-10	3.746411E-10	3.807946E-10	3.542109E-10	3.603997E-10	3.456624E-10	3.462459E-10	3.556703E-10	3.511865E-10	3.580841E-10	3.507420E-10	3.531191E-10	3.424539E-10	3.487785E-10	3.402801E-10	3.532958E-10	3.535750E-10	3.538397E-10	3.502855E-10	3.520276E-10	3.466194E-10	3.527742E-10	3.537400E-10	3.495797E-10	3.495814E-10	3.535592E-10	3.619598E-10
0:22:32	1	1.001646E+1	1.525900E+1	1.562100E+1	3.008980E-1	3.917006E-1	2.600000E+2	1.585300E-8	1.466989E-8	4.753082E-10	4.611697E-10	4.601185E-10	4.426250E-10	4.630676E-10	4.712509E-10	4.858783E-10	4.989964E-10	4.575960E-10	4.653653E-10	4.475217E-10	4.475995E-10	4.599332E-10	4.556277E-10	4.639959E-10	4.535857E-10	4.557483E-10	4.435351E-10	4.544770E-10	4.415241E-10	4.567789E-10	4.571967E-10	4.572113E-10	4.520034E-10	4.529762E-10	4.479868E-10	4.548740E-10	4.564992E-10	4.528874E-10	4.524210E-10	4.549163E-10	4.692116E-10
0:22:46	1	1.001684E+1	1.529300E+1	1.554900E+1	3.005179E-1	3.911685E-1	2.800000E+2	2.040100E-8	1.930541E-8	6.214260E-10	6.088403E-10	6.041153E-10	5.822980E-10	6.100528E-10	6.238723E-10	6.434787E-10	6.571481E-10	6.002826E-10	6.119141E-10	5.874432E-10	5.893698E-10	6.042919E-10	6.028542E-10	6.097513E-10	5.977552E-10	6.005687E-10	5.820651E-10	5.948834E-10	5.815102E-10	6.018454E-10	6.028978E-10	6.051925E-10	5.956425E-10	5.923882E-10	5.874128E-10	5.983958E-10	5.990215E-10	5.971775E-10	5.946737E-10	6.003670E-10	6.164771E-10
0:22:59	1	1.001577E+1	1.529700E+1	1.557600E+1	3.011640E-1	3.918779E-1	3.000000E+2	2.702800E-8	2.578713E-8	8.211474E-10	8.097903E-10	8.078465E-10	7.805108E-10	8.160222E-10	8.360829E-10	8.626674E-10	8.825810E-10	7.981787E-10	8.150854E-10	7.857230E-10	7.861414E-10	8.057228E-10	8.073821E-10	8.142890E-10	7.995810E-10	7.955641E-10	7.785628E-10	7.944371E-10	7.785442E-10	8.047743E-10	8.062987E-10	8.080186E-10	7.943583E-10	7.908174E-10	7.855620E-10	7.985554E-10	8.020080E-10	7.980469E-10	7.957925E-10	8.033327E-10	8.237002E-10
0:23:13	1	1.001745E+1	1.526800E+1	1.558100E+1	3.000999E-1	3.910419E-1	3.200000E+2	3.649700E-8	3.525752E-8	1.114077E-9	1.105635E-9	1.102919E-9	1.069982E-9	1.115885E-9	1.142268E-9	1.175784E-9	1.198440E-9	1.088368E-9	1.112732E-9	1.073407E-9	1.074480E-9	1.099760E-9	1.105496E-9	1.112197E-9	1.091402E-9	1.085902E-9	1.064938E-9	1.087091E-9	1.067481E-9	1.103300E-9	1.106834E-9	1.107645E-9	1.086861E-9	1.077837E-9	1.075092E-9	1.092734E-9	1.097879E-9	1.093573E-9	1.094808E-9	1.102073E-9	1.130640E-9
0:23:27	1	1.001327E+1	1.528700E+1	1.557100E+1	3.002519E-1	3.909659E-1	3.400000E+2	5.087000E-8	4.965511E-8	1.553629E-9	1.554194E-9	1.552103E-9	1.508304E-9	1.570589E-9	1.606792E-9	1.656798E-9	1.677968E-9	1.526948E-9	1.559014E-9	1.508409E-9	1.511660E-9	1.547152E-9	1.556454E-9	1.568782E-9	1.537140E-9	1.525116E-9	1.502493E-9	1.533128E-9	1.508879E-9	1.562540E-9	1.563905E-9	1.565236E-9	1.532633E-9	1.515050E-9	1.518306E-9	1.538200E-9	1.552225E-9	1.545324E-9	1.545899E-9	1.552788E-9	1.597446E-9
0:23:41	1	1.001630E+1	1.528300E+1	1.558500E+1	3.007333E-1	3.915106E-1	3.600000E+2	7.364900E-8	7.247344E-8	2.248462E-9	2.258120E-9	2.261973E-9	2.204900E-9	2.289615E-9	2.344567E-9	2.416506E-9	2.442730E-9	2.213440E-9	2.264268E-9	2.202771E-9	2.209394E-9	2.258368E-9	2.276563E-9	2.296545E-9	2.240081E-9	2.218750E-9	2.193258E-9	2.238814E-9	2.206242E-9	2.286296E-9	2.290457E-9	2.291747E-9	2.241012E-9	2.201958E-9	2.214436E-9	2.244507E-9	2.273952E-9	2.263241E-9	2.264896E-9	2.275337E-9	2.340234E-9
0:23:54	1	1.001691E+1	1.527200E+1	1.558500E+1	3.009486E-1	3.914346E-1	3.610000E+2	7.474500E-8	7.390377E-8	2.290336E-9	2.302194E-9	2.304957E-9	2.247175E-9	2.336561E-9	2.390579E-9	2.462870E-9	2.492827E-9	2.257685E-9	2.309832E-9	2.242858E-9	2.254988E-9	2.301188E-9	2.321936E-9	2.336388E-9	2.286155E-9	2.263665E-9	2.234609E-9	2.281144E-9	2.250501E-9	2.331665E-9	2.337135E-9	2.338757E-9	2.285387E-9	2.245402E-9	2.259593E-9	2.290538E-9	2.318209E-9	2.310664E-9	2.310265E-9	2.320873E-9	2.386832E-9
0:24:08	1	1.001859E+1	1.527100E+1	1.556800E+1	2.999732E-1	3.906745E-1	3.620000E+2	7.624200E-8	7.550998E-8	2.339273E-9	2.349358E-9	2.357170E-9	2.295652E-9	2.385789E-9	2.442374E-9	2.516625E-9	2.546220E-9	2.306240E-9	2.359249E-9	2.292681E-9	2.302729E-9	2.351672E-9	2.373493E-9	2.388774E-9	2.331786E-9	2.308454E-9	2.283954E-9	2.332606E-9	2.298271E-9	2.382713E-9	2.386709E-9	2.388484E-9	2.336750E-9	2.293448E-9	2.309397E-9	2.341999E-9	2.371773E-9	2.360802E-9	2.362351E-9	2.375377E-9	2.437798E-9
0:24:21	1	1.001516E+1	1.529000E+1	1.555900E+1	3.009740E-1	3.917259E-1	3.630000E+2	7.781300E-8	7.703191E-8	2.385499E-9	2.397405E-9	2.401355E-9	2.341471E-9	2.432862E-9	2.492284E-9	2.568484E-9	2.597648E-9	2.350104E-9	2.404371E-9	2.339848E-9	2.348133E-9	2.398926E-9	2.419813E-9	2.439955E-9	2.380138E-9	2.357298E-9	2.330025E-9	2.379472E-9	2.346166E-9	2.433571E-9	2.436914E-9	2.437832E-9	2.384776E-9	2.339540E-9	2.357694E-9	2.389987E-9	2.417804E-9	2.406899E-9	2.409938E-9	2.420035E-9	2.485663E-9
0:24:35	1	1.001813E+1	1.529400E+1	1.555600E+1	2.996312E-1	3.904338E-1	3.640000E+2	7.918600E-8	7.860204E-8	2.431472E-9	2.447974E-9	2.453884E-9	2.388303E-9	2.485384E-9	2.542760E-9	2.620913E-9	2.648315E-9	2.399166E-9	2.453474E-9	2.386636E-9	2.395495E-9	2.450107E-9	2.470488E-9	2.488921E-9	2.426781E-9	2.404622E-9	2.374083E-9	2.427596E-9	2.393246E-9	2.483546E-9	2.485040E-9	2.488254E-9	2.432551E-9	2.385318E-9	2.403981E-9	2.436017E-9	2.469215E-9	2.457669E-9	2.459615E-9	2.470149E-9	2.541062E-9
0:24:48	1	1.001623E+1	1.527500E+1	1.556500E+1	3.017340E-1	3.924100E-1	3.650000E+2	8.089800E-8	8.033604E-8	2.484508E-9	2.499487E-9	2.505338E-9	2.438806E-9	2.537843E-9	2.600338E-9	2.679468E-9	2.703928E-9	2.452095E-9	2.508895E-9	2.437976E-9	2.447403E-9	2.502365E-9	2.525201E-9	2.542003E-9	2.486019E-9	2.460434E-9	2.428841E-9	2.481642E-9	2.446657E-9	2.540273E-9	2.539843E-9	2.542784E-9	2.484795E-9	2.438913E-9	2.457365E-9	2.489056E-9	2.522843E-9	2.512102E-9	2.513919E-9	2.525783E-9	2.599120E-9
0:25:02	1	1.001570E+1	1.528300E+1	1.555800E+1	2.999732E-1	3.910292E-1	3.660000E+2	8.259400E-8	8.202879E-8	2.535842E-9	2.550372E-9	2.556350E-9	2.493168E-9	2.593025E-9	2.656031E-9	2.734234E-9	2.762648E-9	2.502742E-9	2.561410E-9	2.490075E-9	2.502153E-9	2.556840E-9	2.577705E-9	2.598125E-9	2.536649E-9	2.510292E-9	2.480388E-9	2.534492E-9	2.497938E-9	2.588607E-9	2.595025E-9	2.596175E-9	2.539556E-9	2.490428E-9	2.511126E-9	2.542474E-9	2.575711E-9	2.564197E-9	2.565370E-9	2.577653E-9	2.651986E-9
0:25:15	1	1.001699E+1	1.526600E+1	1.556000E+1	2.999479E-1	3.911305E-1	3.670000E+2	8.431800E-8	8.373499E-8	2.588184E-9	2.602453E-9	2.609321E-9	2.546329E-9	2.646308E-9	2.710089E-9	2.790958E-9	2.820100E-9	2.554276E-9	2.611333E-9	2.543124E-9	2.556146E-9	2.607198E-9	2.631156E-9	2.650702E-9	2.589937E-9	2.559895E-9	2.531998E-9	2.583814E-9	2.549782E-9	2.643189E-9	2.649575E-9	2.652221E-9	2.589787E-9	2.541312E-9	2.562375E-9	2.596903E-9	2.630225E-9	2.620083E-9	2.620370E-9	2.635043E-9	2.710803E-9
0:25:29	1	1.001479E+1	1.527700E+1	1.558800E+1	3.008726E-1	3.913332E-1	3.680000E+2	8.611700E-8	8.549465E-8	2.641914E-9	2.657877E-9	2.663430E-9	2.600756E-9	2.698703E-9	2.763519E-9	2.850208E-9	2.881040E-9	2.604543E-9	2.665871E-9	2.593706E-9	2.604770E-9	2.663193E-9	2.689340E-9	2.708091E-9	2.644808E-9	2.614314E-9	2.588519E-9	2.640063E-9	2.605012E-9	2.701682E-9	2.705576E-9	2.709152E-9	2.646374E-9	2.593457E-9	2.615884E-9	2.653036E-9	2.685625E-9	2.675841E-9	2.675560E-9	2.687854E-9	2.764936E-9
0:25:42	1	1.001722E+1	1.528400E+1	1.556500E+1	3.000999E-1	3.908645E-1	3.690000E+2	8.818700E-8	8.744284E-8	2.698230E-9	2.717021E-9	2.725378E-9	2.660814E-9	2.764340E-9	2.828012E-9	2.916975E-9	2.944516E-9	2.665015E-9	2.725210E-9	2.653265E-9	2.665520E-9	2.723179E-9	2.749922E-9	2.766875E-9	2.704932E-9	2.673611E-9	2.644724E-9	2.698834E-9	2.662812E-9	2.764592E-9	2.768757E-9	2.770505E-9	2.707178E-9	2.651971E-9	2.673225E-9	2.714789E-9	2.746977E-9	2.735514E-9	2.739242E-9	2.751704E-9	2.829198E-9
0:25:56	1	1.001608E+1	1.528500E+1	1.557700E+1	3.011386E-1	3.919540E-1	3.700000E+2	9.011700E-8	8.932352E-8	2.757509E-9	2.773768E-9	2.781257E-9	2.717139E-9	2.823007E-9	2.888985E-9	2.979889E-9	3.010212E-9	2.720923E-9	2.783350E-9	2.712825E-9	2.724879E-9	2.781962E-9	2.806971E-9	2.830852E-9	2.762524E-9	2.729549E-9	2.703257E-9	2.760754E-9	2.723056E-9	2.825042E-9	2.826079E-9	2.830595E-9	2.766786E-9	2.707269E-9	2.731194E-9	2.768080E-9	2.805543E-9	2.794872E-9	2.796396E-9	2.810913E-9	2.888080E-9
0:26:09	1	1.001585E+1	1.525500E+1	1.555400E+1	2.996438E-1	3.904212E-1	3.710000E+2	9.206000E-8	9.130721E-8	2.815086E-9	2.834993E-9	2.845228E-9	2.777704E-9	2.883765E-9	2.955301E-9	3.045203E-9	3.072294E-9	2.780380E-9	2.843827E-9	2.771247E-9	2.785566E-9	2.843151E-9	2.870518E-9	2.892233E-9	2.824230E-9	2.790873E-9	2.761917E-9	2.819209E-9	2.782298E-9	2.887447E-9	2.891591E-9	2.896434E-9	2.828031E-9	2.769314E-9	2.792429E-9	2.832611E-9	2.866958E-9	2.857072E-9	2.860204E-9	2.873383E-9	2.956711E-9
0:26:23	1	1.001638E+1	1.528000E+1	1.556500E+1	3.018354E-1	3.922960E-1	3.720000E+2	9.392000E-8	9.331911E-8	2.875312E-9	2.895776E-9	2.906796E-9	2.837890E-9	2.950415E-9	3.018286E-9	3.113739E-9	3.140969E-9	2.840916E-9	2.907527E-9	2.832008E-9	2.843790E-9	2.905543E-9	2.935139E-9	2.958934E-9	2.885810E-9	2.852578E-9	2.820514E-9	2.883837E-9	2.844048E-9	2.950295E-9	2.955528E-9	2.961515E-9	2.891353E-9	2.828962E-9	2.852281E-9	2.893418E-9	2.931602E-9	2.920660E-9	2.925026E-9	2.937923E-9	3.020720E-9
0:26:36	1	1.001395E+1	1.526100E+1	1.559200E+1	3.003786E-1	3.913206E-1	3.730000E+2	9.638000E-8	9.551463E-8	2.940771E-9	2.963306E-9	2.974685E-9	2.902442E-9	3.017572E-9	3.089630E-9	3.187770E-9	3.215479E-9	2.904430E-9	2.975145E-9	2.900167E-9	2.913443E-9	2.978071E-9	3.004178E-9	3.027473E-9	2.956755E-9	2.915422E-9	2.889496E-9	2.951804E-9	2.911816E-9	3.021472E-9	3.026332E-9	3.028998E-9	2.959019E-9	2.893593E-9	2.921556E-9	2.961926E-9	3.002136E-9	2.989869E-9	2.995488E-9	3.004408E-9	3.089984E-9
0:26:50	1	1.001821E+1	1.528500E+1	1.558800E+1	3.001886E-1	3.910545E-1	3.740000E+2	9.835000E-8	9.765297E-8	3.006799E-9	3.028125E-9	3.042196E-9	2.969589E-9	3.087073E-9	3.159654E-9	3.256686E-9	3.287390E-9	2.969847E-9	3.039604E-9	2.963205E-9	2.979938E-9	3.042808E-9	3.072900E-9	3.093604E-9	3.020802E-9	2.982700E-9	2.954512E-9	3.017504E-9	2.974881E-9	3.087916E-9	3.093355E-9	3.097111E-9	3.026243E-9	2.958285E-9	2.987186E-9	3.027972E-9	3.069756E-9	3.057057E-9	3.062146E-9	3.074029E-9	3.162097E-9
0:27:03	1	1.001471E+1	1.528500E+1	1.556900E+1	3.008093E-1	3.912319E-1	3.750000E+2	1.004500E-7	9.984381E-8	3.070682E-9	3.098050E-9	3.109327E-9	3.035976E-9	3.151950E-9	3.229113E-9	3.328696E-9	3.362914E-9	3.036341E-9	3.108423E-9	3.028834E-9	3.044034E-9	3.112295E-9	3.140551E-9	3.167273E-9	3.088710E-9	3.047509E-9	3.018962E-9	3.089250E-9	3.045470E-9	3.159660E-9	3.165292E-9	3.167880E-9	3.092397E-9	3.025627E-9	3.051875E-9	3.096229E-9	3.136299E-9	3.127718E-9	3.130706E-9	3.144025E-9	3.231742E-9
0:27:17	1	1.001752E+1	1.526200E+1	1.557100E+1	3.002392E-1	3.908899E-1	3.760000E+2	1.030800E-7	1.021049E-7	3.137845E-9	3.164256E-9	3.179428E-9	3.105591E-9	3.223162E-9	3.302029E-9	3.407211E-9	3.440722E-9	3.103405E-9	3.176105E-9	3.097309E-9	3.111668E-9	3.184315E-9	3.212744E-9	3.234418E-9	3.161302E-9	3.115295E-9	3.088510E-9	3.154508E-9	3.112109E-9	3.228817E-9	3.236788E-9	3.240859E-9	3.168561E-9	3.094418E-9	3.121086E-9	3.164738E-9	3.211138E-9	3.200147E-9	3.201041E-9	3.215590E-9	3.309743E-9
0:27:30	1	1.001904E+1	1.526900E+1	1.555500E+1	3.008346E-1	3.917386E-1	3.770000E+2	1.046900E-7	1.046211E-7	3.214088E-9	3.241811E-9	3.256547E-9	3.181724E-9	3.304574E-9	3.387643E-9	3.488634E-9	3.524681E-9	3.179090E-9	3.254782E-9	3.174952E-9	3.189530E-9	3.262417E-9	3.291312E-9	3.315816E-9	3.237817E-9	3.189289E-9	3.163660E-9	3.232113E-9	3.187212E-9	3.308513E-9	3.315402E-9	3.321041E-9	3.245038E-9	3.167371E-9	3.197708E-9	3.243286E-9	3.292117E-9	3.278133E-9	3.284555E-9	3.297065E-9	3.393189E-9
0:27:44	1	1.001524E+1	1.528400E+1	1.554200E+1	2.988331E-1	3.895724E-1	3.780000E+2	1.073800E-7	1.070391E-7	3.286359E-9	3.315898E-9	3.331137E-9	3.254377E-9	3.380031E-9	3.463827E-9	3.572456E-9	3.601094E-9	3.253064E-9	3.330047E-9	3.246525E-9	3.262972E-9	3.336719E-9	3.368175E-9	3.398163E-9	3.315092E-9	3.265564E-9	3.234405E-9	3.306945E-9	3.266264E-9	3.389217E-9	3.396158E-9	3.399202E-9	3.317990E-9	3.240386E-9	3.272383E-9	3.315773E-9	3.365815E-9	3.355046E-9	3.358311E-9	3.370386E-9	3.469292E-9
0:27:57	1	1.001828E+1	1.527600E+1	1.556400E+1	2.995932E-1	3.901298E-1	3.790000E+2	1.098800E-7	1.095294E-7	3.363989E-9	3.393454E-9	3.411479E-9	3.326587E-9	3.461570E-9	3.548749E-9	3.655014E-9	3.689110E-9	3.326213E-9	3.406639E-9	3.322524E-9	3.336983E-9	3.411717E-9	3.445607E-9	3.473859E-9	3.391291E-9	3.337974E-9	3.311946E-9	3.383478E-9	3.340802E-9	3.464684E-9	3.473071E-9	3.476352E-9	3.396230E-9	3.316996E-9	3.348817E-9	3.396595E-9	3.445275E-9	3.432401E-9	3.436376E-9	3.453053E-9	3.550521E-9
0:28:11	1	1.001547E+1	1.528700E+1	1.556700E+1	2.987191E-1	3.896991E-1	3.800000E+2	1.131200E-7	1.123027E-7	3.445026E-9	3.477314E-9	3.493401E-9	3.414619E-9	3.546086E-9	3.636500E-9	3.741616E-9	3.781376E-9	3.407159E-9	3.489424E-9	3.407185E-9	3.422613E-9	3.499193E-9	3.534270E-9	3.562794E-9	3.479008E-9	3.423941E-9	3.395026E-9	3.468894E-9	3.426624E-9	3.559271E-9	3.562268E-9	3.570372E-9	3.486052E-9	3.397895E-9	3.435802E-9	3.480700E-9	3.534613E-9	3.519417E-9	3.524389E-9	3.539482E-9	3.640362E-9
0:28:24	1	1.001494E+1	1.527200E+1	1.558400E+1	2.986304E-1	3.892557E-1	3.810000E+2	1.158600E-7	1.149758E-7	3.526819E-9	3.560986E-9	3.575134E-9	3.494232E-9	3.630729E-9	3.723622E-9	3.834723E-9	3.874023E-9	3.485950E-9	3.574926E-9	3.488622E-9	3.505969E-9	3.583946E-9	3.617886E-9	3.648372E-9	3.560396E-9	3.501040E-9	3.475526E-9	3.551475E-9	3.507494E-9	3.641048E-9	3.649197E-9	3.651819E-9	3.567188E-9	3.479234E-9	3.514998E-9	3.563037E-9	3.616732E-9	3.603591E-9	3.611515E-9	3.626414E-9	3.729190E-9
0:28:38	1	1.001585E+1	1.529600E+1	1.559700E+1	2.991118E-1	3.895724E-1	3.820000E+2	1.180600E-7	1.177659E-7	3.606657E-9	3.644531E-9	3.661040E-9	3.578087E-9	3.718984E-9	3.814265E-9	3.925115E-9	3.967874E-9	3.571713E-9	3.658469E-9	3.570880E-9	3.589642E-9	3.667749E-9	3.708192E-9	3.738257E-9	3.649126E-9	3.586691E-9	3.556592E-9	3.639410E-9	3.596074E-9	3.733364E-9	3.741796E-9	3.743880E-9	3.653421E-9	3.561266E-9	3.598591E-9	3.651120E-9	3.705500E-9	3.693512E-9	3.699148E-9	3.714349E-9	3.820614E-9
0:28:51	1	1.001707E+1	1.527900E+1	1.557100E+1	2.991118E-1	3.896484E-1	3.830000E+2	1.211600E-7	1.206551E-7	3.693433E-9	3.732742E-9	3.752128E-9	3.668460E-9	3.811040E-9	3.907044E-9	4.026118E-9	4.064325E-9	3.656337E-9	3.745489E-9	3.660094E-9	3.679503E-9	3.764220E-9	3.801210E-9	3.827889E-9	3.738806E-9	3.672975E-9	3.643134E-9	3.729423E-9	3.681394E-9	3.826688E-9	3.832189E-9	3.835878E-9	3.742550E-9	3.647145E-9	3.689156E-9	3.738571E-9	3.795470E-9	3.781539E-9	3.789886E-9	3.804730E-9	3.915520E-9
0:29:05	1	1.001836E+1	1.526800E+1	1.558100E+1	2.993525E-1	3.899018E-1	3.840000E+2	1.245000E-7	1.238553E-7	3.790172E-9	3.829151E-9	3.846250E-9	3.766238E-9	3.910952E-9	4.011389E-9	4.135144E-9	4.172570E-9	3.750150E-9	3.841292E-9	3.753290E-9	3.775363E-9	3.861008E-9	3.901739E-9	3.934118E-9	3.837028E-9	3.768699E-9	3.741886E-9	3.827688E-9	3.780820E-9	3.929162E-9	3.933040E-9	3.939503E-9	3.844143E-9	3.743113E-9	3.785373E-9	3.838652E-9	3.899116E-9	3.886362E-9	3.893677E-9	3.908345E-9	4.019859E-9
0:29:18	1	1.001600E+1	1.525900E+1	1.556600E+1	2.989978E-1	3.893571E-1	3.850000E+2	1.276100E-7	1.269555E-7	3.881613E-9	3.923919E-9	3.946124E-9	3.861547E-9	4.009533E-9	4.110391E-9	4.236655E-9	4.275492E-9	3.841112E-9	3.937727E-9	3.848447E-9	3.871160E-9	3.958683E-9	3.998923E-9	4.031161E-9	3.934619E-9	3.862838E-9	3.835604E-9	3.923497E-9	3.877300E-9	4.031068E-9	4.033953E-9	4.039968E-9	3.939818E-9	3.832901E-9	3.880836E-9	3.935322E-9	3.996178E-9	3.985186E-9	3.987265E-9	4.006817E-9	4.119830E-9
0:29:32	1	1.001813E+1	1.527300E+1	1.556300E+1	2.995678E-1	3.897878E-1	3.866634E+2	1.326900E-7	1.325457E-7	4.048038E-9	4.092838E-9	4.116607E-9	4.029002E-9	4.186359E-9	4.293437E-9	4.426850E-9	4.464589E-9	4.008329E-9	4.110501E-9	4.017011E-9	4.038063E-9	4.132623E-9	4.176882E-9	4.215748E-9	4.108344E-9	4.030973E-9	4.002834E-9	4.094579E-9	4.048882E-9	4.205414E-9	4.212789E-9	4.220176E-9	4.117762E-9	4.001695E-9	4.050284E-9	4.110793E-9	4.172129E-9	4.159660E-9	4.166523E-9	4.184760E-9	4.301224E-9
0:29:45	1	1.001691E+1	1.526500E+1	1.557800E+1	2.987191E-1	3.890150E-1	3.883267E+2	1.386500E-7	1.381985E-7	4.218626E-9	4.262263E-9	4.291705E-9	4.199625E-9	4.362616E-9	4.478745E-9	4.616161E-9	4.655271E-9	4.173961E-9	4.282266E-9	4.185574E-9	4.209830E-9	4.312203E-9	4.355097E-9	4.397482E-9	4.286818E-9	4.201073E-9	4.170696E-9	4.270577E-9	4.222535E-9	4.384807E-9	4.397419E-9	4.400508E-9	4.296337E-9	4.169417E-9	4.220424E-9	4.281594E-9	4.351122E-9	4.340641E-9	4.345339E-9	4.366588E-9	4.491161E-9
0:29:59	1	1.001539E+1	1.526800E+1	1.556200E+1	2.989091E-1	3.895344E-1	3.899901E+2	1.445000E-7	1.445443E-7	4.402140E-9	4.455963E-9	4.488294E-9	4.392965E-9	4.564848E-9	4.684293E-9	4.825937E-9	4.869544E-9	4.363873E-9	4.474063E-9	4.379305E-9	4.405844E-9	4.506919E-9	4.559498E-9	4.599613E-9	4.485732E-9	4.390428E-9	4.364676E-9	4.465030E-9	4.412861E-9	4.590386E-9	4.601514E-9	4.603713E-9	4.494549E-9	4.358769E-9	4.413548E-9	4.476766E-9	4.551197E-9	4.540942E-9	4.548106E-9	4.567923E-9	4.705096E-9
0:30:12	1	1.001752E+1	1.527300E+1	1.557900E+1	2.993018E-1	3.895344E-1	3.916535E+2	1.519100E-7	1.512956E-7	4.603186E-9	4.662020E-9	4.695123E-9	4.595291E-9	4.776457E-9	4.904298E-9	5.054853E-9	5.101761E-9	4.559234E-9	4.685827E-9	4.582959E-9	4.612152E-9	4.718483E-9	4.771283E-9	4.814920E-9	4.696608E-9	4.589795E-9	4.565578E-9	4.675166E-9	4.622307E-9	4.804358E-9	4.820790E-9	4.822209E-9	4.708623E-9	4.558775E-9	4.618166E-9	4.685576E-9	4.764885E-9	4.754945E-9	4.763924E-9	4.785127E-9	4.920929E-9
0:30:26	1	1.001623E+1	1.529800E+1	1.555200E+1	2.988711E-1	3.895217E-1	3.933168E+2	1.589400E-7	1.582035E-7	4.802971E-9	4.871293E-9	4.904290E-9	4.805908E-9	4.995160E-9	5.130652E-9	5.289518E-9	5.333790E-9	4.765498E-9	4.889946E-9	4.788890E-9	4.824837E-9	4.936447E-9	4.989883E-9	5.031874E-9	4.915331E-9	4.796827E-9	4.773279E-9	4.889208E-9	4.834073E-9	5.030886E-9	5.043844E-9	5.048793E-9	4.926725E-9	4.763762E-9	4.826929E-9	4.897922E-9	4.981674E-9	4.971665E-9	4.986396E-9	5.005215E-9	5.149995E-9
0:30:39	1	1.001714E+1	1.528600E+1	1.556000E+1	2.993145E-1	3.898384E-1	3.949802E+2	1.668700E-7	1.662888E-7	5.042423E-9	5.115057E-9	5.154672E-9	5.050067E-9	5.250738E-9	5.388814E-9	5.562145E-9	5.616739E-9	5.004597E-9	5.138365E-9	5.031239E-9	5.068213E-9	5.189312E-9	5.250072E-9	5.299061E-9	5.167218E-9	5.035344E-9	5.018051E-9	5.138461E-9	5.084143E-9	5.291110E-9	5.298333E-9	5.303685E-9	5.178125E-9	5.001348E-9	5.073563E-9	5.150427E-9	5.239492E-9	5.229304E-9	5.239283E-9	5.261495E-9	5.417873E-9
0:30:53	1	1.001479E+1	1.527800E+1	1.557000E+1	2.984784E-1	3.891797E-1	3.966436E+2	1.747200E-7	1.739194E-7	5.265352E-9	5.340346E-9	5.388811E-9	5.280811E-9	5.491743E-9	5.642259E-9	5.819928E-9	5.867664E-9	5.226010E-9	5.369532E-9	5.258542E-9	5.302371E-9	5.433057E-9	5.494546E-9	5.546609E-9	5.410624E-9	5.264485E-9	5.246209E-9	5.368820E-9	5.318415E-9	5.534486E-9	5.547845E-9	5.552637E-9	5.422602E-9	5.227522E-9	5.308769E-9	5.384431E-9	5.474897E-9	5.468882E-9	5.484757E-9	5.506232E-9	5.670174E-9
0:31:06	1	1.001881E+1	1.527800E+1	1.558000E+1	2.997832E-1	3.900918E-1	3.983069E+2	1.843500E-7	1.832149E-7	5.536777E-9	5.622949E-9	5.669850E-9	5.559460E-9	5.781786E-9	5.946432E-9	6.131087E-9	6.186250E-9	5.503143E-9	5.650243E-9	5.540028E-9	5.586731E-9	5.719493E-9	5.790262E-9	5.847304E-9	5.700927E-9	5.540063E-9	5.523835E-9	5.656372E-9	5.605032E-9	5.833074E-9	5.850459E-9	5.858203E-9	5.715923E-9	5.502373E-9	5.585801E-9	5.671601E-9	5.773806E-9	5.764598E-9	5.778388E-9	5.803091E-9	5.979520E-9
0:31:20	1	1.001676E+1	1.527100E+1	1.556900E+1	2.990865E-1	3.895597E-1	3.999703E+2	1.933200E-7	1.928946E-7	5.816967E-9	5.915074E-9	5.967008E-9	5.856273E-9	6.091152E-9	6.263242E-9	6.460630E-9	6.518218E-9	5.783761E-9	5.944351E-9	5.830620E-9	5.870901E-9	6.022399E-9	6.095696E-9	6.162884E-9	6.011418E-9	5.820012E-9	5.809644E-9	5.956144E-9	5.907511E-9	6.142831E-9	6.163529E-9	6.171541E-9	6.020385E-9	5.784916E-9	5.881737E-9	5.971020E-9	6.082023E-9	6.072059E-9	6.088620E-9	6.115129E-9	6.296910E-9
0:31:33	1	1.001570E+1	1.527600E+1	1.555200E+1	2.989851E-1	3.896357E-1	4.016337E+2	2.029400E-7	2.029429E-7	6.110086E-9	6.211739E-9	6.271499E-9	6.159984E-9	6.410594E-9	6.590107E-9	6.797182E-9	6.863184E-9	6.074901E-9	6.243705E-9	6.133036E-9	6.184815E-9	6.342157E-9	6.415520E-9	6.491707E-9	6.331847E-9	6.124604E-9	6.107284E-9	6.267004E-9	6.211995E-9	6.470447E-9	6.487374E-9	6.504025E-9	6.339326E-9	6.079502E-9	6.177798E-9	6.277197E-9	6.398282E-9	6.392088E-9	6.408674E-9	6.434257E-9	6.630948E-9
0:31:47	1	1.001524E+1	1.526700E+1	1.556600E+1	2.989471E-1	3.894584E-1	4.032970E+2	2.144000E-7	2.142678E-7	6.439531E-9	6.550272E-9	6.619040E-9	6.499581E-9	6.768364E-9	6.955944E-9	7.183699E-9	7.252476E-9	6.406865E-9	6.590962E-9	6.471177E-9	6.532830E-9	6.699601E-9	6.787659E-9	6.853212E-9	6.693981E-9	6.456946E-9	6.443384E-9	6.616287E-9	6.557919E-9	6.834722E-9	6.857705E-9	6.862857E-9	6.698236E-9	6.406374E-9	6.524232E-9	6.623657E-9	6.754301E-9	6.752971E-9	6.770168E-9	6.799796E-9	7.003101E-9
0:32:00	1	1.001691E+1	1.525900E+1	1.559900E+1	2.987444E-1	3.892557E-1	4.049604E+2	2.265200E-7	2.266810E-7	6.799937E-9	6.918313E-9	6.993823E-9	6.873540E-9	7.155404E-9	7.363708E-9	7.604388E-9	7.672587E-9	6.765133E-9	6.962104E-9	6.841308E-9	6.908820E-9	7.090680E-9	7.179044E-9	7.258740E-9	7.084341E-9	6.820519E-9	6.816049E-9	6.998325E-9	6.942395E-9	7.234901E-9	7.259216E-9	7.271795E-9	7.099443E-9	6.776308E-9	6.893838E-9	7.007054E-9	7.147549E-9	7.146564E-9	7.171138E-9	7.203531E-9	7.420459E-9
0:32:14	1	1.001600E+1	1.527500E+1	1.556600E+1	2.992131E-1	3.899144E-1	4.066238E+2	2.405100E-7	2.395946E-7	7.163245E-9	7.299405E-9	7.383903E-9	7.271105E-9	7.564239E-9	7.792215E-9	8.042576E-9	8.124468E-9	7.135190E-9	7.349109E-9	7.227816E-9	7.302364E-9	7.494428E-9	7.596176E-9	7.686186E-9	7.494955E-9	7.198282E-9	7.199225E-9	7.395543E-9	7.342042E-9	7.654892E-9	7.678744E-9	7.697288E-9	7.509778E-9	7.147253E-9	7.280150E-9	7.402891E-9	7.552890E-9	7.554429E-9	7.592510E-9	7.615045E-9	7.846301E-9
0:32:27	1	1.001593E+1	1.527000E+1	1.555400E+1	2.986938E-1	3.893571E-1	4.082871E+2	2.551400E-7	2.543374E-7	7.585328E-9	7.737624E-9	7.836689E-9	7.715756E-9	8.033324E-9	8.283519E-9	8.541595E-9	8.632978E-9	7.556973E-9	7.789512E-9	7.674009E-9	7.752363E-9	7.960126E-9	8.068591E-9	8.166842E-9	7.965247E-9	7.627992E-9	7.635523E-9	7.849643E-9	7.789898E-9	8.134515E-9	8.162838E-9	8.178320E-9	7.980413E-9	7.571603E-9	7.716894E-9	7.860418E-9	8.017748E-9	8.024239E-9	8.052536E-9	8.093043E-9	8.341280E-9
0:32:41	1	1.001676E+1	1.528200E+1	1.556700E+1	2.982631E-1	3.889644E-1	4.099505E+2	2.713700E-7	2.713361E-7	8.071106E-9	8.242238E-9	8.348072E-9	8.226477E-9	8.572358E-9	8.842210E-9	9.124434E-9	9.213967E-9	8.046009E-9	8.298672E-9	8.177993E-9	8.268732E-9	8.495187E-9	8.620332E-9	8.725224E-9	8.515350E-9	8.124792E-9	8.134130E-9	8.373098E-9	8.314801E-9	8.685631E-9	8.717612E-9	8.733726E-9	8.525200E-9	8.065312E-9	8.220463E-9	8.377238E-9	8.550165E-9	8.566798E-9	8.612299E-9	8.642546E-9	8.903945E-9
0:32:54	1	1.001737E+1	1.529700E+1	1.559600E+1	2.989471E-1	3.895091E-1	4.116139E+2	2.880000E-7	2.877291E-7	8.533678E-9	8.719741E-9	8.833605E-9	8.721759E-9	9.090735E-9	9.367016E-9	9.690976E-9	9.791786E-9	8.504370E-9	8.786601E-9	8.666173E-9	8.764265E-9	9.015423E-9	9.151435E-9	9.269414E-9	9.043108E-9	8.598852E-9	8.621348E-9	8.872236E-9	8.823529E-9	9.216426E-9	9.259534E-9	9.276807E-9	9.050911E-9	8.539856E-9	8.716060E-9	8.875932E-9	9.072195E-9	9.087884E-9	9.143736E-9	9.168212E-9	9.455463E-9
0:33:08	1	1.001615E+1	1.527200E+1	1.556700E+1	2.988711E-1	3.896104E-1	4.132772E+2	3.093600E-7	3.085048E-7	9.112599E-9	9.325807E-9	9.462056E-9	9.346585E-9	9.743932E-9	1.005940E-8	1.039768E-8	1.051431E-8	9.102180E-9	9.400349E-9	9.286178E-9	9.398091E-9	9.683753E-9	9.820614E-9	9.954797E-9	9.718202E-9	9.195493E-9	9.229030E-9	9.512408E-9	9.463904E-9	9.896011E-9	9.936510E-9	9.958896E-9	9.723912E-9	9.135964E-9	9.332111E-9	9.513854E-9	9.728452E-9	9.749850E-9	9.807540E-9	9.844660E-9	1.014962E-8
0:33:21	1	1.001562E+1	1.527900E+1	1.557000E+1	2.994665E-1	3.897371E-1	4.149406E+2	3.305500E-7	3.297629E-7	9.712900E-9	9.943790E-9	1.010119E-8	9.976095E-9	1.041975E-8	1.076342E-8	1.112796E-8	1.125466E-8	9.691813E-9	1.002970E-8	9.915604E-9	1.005156E-8	1.034569E-8	1.051674E-8	1.066590E-8	1.041007E-8	9.803347E-9	9.847034E-9	1.016134E-8	1.011688E-8	1.058664E-8	1.063642E-8	1.067157E-8	1.041227E-8	9.743296E-9	9.957521E-9	1.016175E-8	1.039693E-8	1.043474E-8	1.050284E-8	1.053522E-8	1.086823E-8
0:33:35	1	1.001737E+1	1.529200E+1	1.558500E+1	2.989598E-1	3.895597E-1	4.166040E+2	3.548300E-7	3.547635E-7	1.039802E-8	1.066531E-8	1.085923E-8	1.073022E-8	1.121411E-8	1.158914E-8	1.199732E-8	1.214206E-8	1.039808E-8	1.076946E-8	1.066207E-8	1.081787E-8	1.113906E-8	1.133113E-8	1.149083E-8	1.122997E-8	1.052004E-8	1.058463E-8	1.093247E-8	1.089762E-8	1.140669E-8	1.145853E-8	1.148395E-8	1.121186E-8	1.044843E-8	1.069868E-8	1.091839E-8	1.117741E-8	1.122976E-8	1.130864E-8	1.134583E-8	1.170668E-8
0:33:48	1	1.001577E+1	1.525900E+1	1.558600E+1	2.994918E-1	3.899524E-1	4.182673E+2	3.829900E-7	3.830639E-7	1.117301E-8	1.148279E-8	1.170083E-8	1.158370E-8	1.210229E-8	1.253221E-8	1.298272E-8	1.314373E-8	1.118080E-8	1.160085E-8	1.149850E-8	1.167089E-8	1.204689E-8	1.225652E-8	1.244378E-8	1.214391E-8	1.132042E-8	1.141247E-8	1.179387E-8	1.176211E-8	1.233198E-8	1.239075E-8	1.243774E-8	1.215313E-8	1.124215E-8	1.152432E-8	1.177844E-8	1.207471E-8	1.213806E-8	1.222926E-8	1.226677E-8	1.266429E-8
0:34:02	1	1.001767E+1	1.528400E+1	1.555700E+1	2.987318E-1	3.892684E-1	4.199307E+2	4.143800E-7	4.137855E-7	1.201427E-8	1.234983E-8	1.260470E-8	1.249901E-8	1.309261E-8	1.354863E-8	1.404664E-8	1.422981E-8	1.203374E-8	1.249620E-8	1.240758E-8	1.259950E-8	1.302168E-8	1.326471E-8	1.347015E-8	1.316411E-8	1.218732E-8	1.229570E-8	1.272928E-8	1.271080E-8	1.335022E-8	1.342294E-8	1.347512E-8	1.315124E-8	1.210623E-8	1.242644E-8	1.270777E-8	1.304660E-8	1.311172E-8	1.322878E-8	1.327420E-8	1.371801E-8
0:34:15	1	1.001486E+1	1.527900E+1	1.557400E+1	2.985417E-1	3.889644E-1	4.215941E+2	4.509600E-7	4.506036E-7	1.299478E-8	1.339866E-8	1.368664E-8	1.359956E-8	1.424480E-8	1.478211E-8	1.533707E-8	1.556034E-8	1.302931E-8	1.355092E-8	1.347726E-8	1.372860E-8	1.420493E-8	1.447799E-8	1.472772E-8	1.436925E-8	1.320430E-8	1.336102E-8	1.385770E-8	1.386548E-8	1.456414E-8	1.465110E-8	1.471451E-8	1.437419E-8	1.313142E-8	1.349187E-8	1.382292E-8	1.420228E-8	1.429680E-8	1.443809E-8	1.449481E-8	1.496305E-8
0:34:29	1	1.001714E+1	1.527300E+1	1.557500E+1	2.995678E-1	3.899398E-1	4.232574E+2	4.937600E-7	4.933720E-7	1.414178E-8	1.459194E-8	1.494474E-8	1.487890E-8	1.560599E-8	1.621705E-8	1.683868E-8	1.709715E-8	1.418373E-8	1.477848E-8	1.475337E-8	1.502676E-8	1.558486E-8	1.589638E-8	1.618186E-8	1.581348E-8	1.439631E-8	1.459149E-8	1.515026E-8	1.518084E-8	1.596578E-8	1.608449E-8	1.616292E-8	1.577175E-8	1.430680E-8	1.473208E-8	1.510319E-8	1.554937E-8	1.567655E-8	1.583660E-8	1.589940E-8	1.642906E-8
0:34:42	1	1.001760E+1	1.530400E+1	1.556900E+1	2.990485E-1	3.895597E-1	4.249208E+2	5.409400E-7	5.409904E-7	1.538514E-8	1.591574E-8	1.633079E-8	1.628310E-8	1.711032E-8	1.781932E-8	1.852390E-8	1.883105E-8	1.545998E-8	1.613723E-8	1.611921E-8	1.645847E-8	1.711206E-8	1.748142E-8	1.783140E-8	1.744625E-8	1.568633E-8	1.595407E-8	1.661266E-8	1.665989E-8	1.754908E-8	1.769979E-8	1.777795E-8	1.738464E-8	1.560249E-8	1.609589E-8	1.652994E-8	1.705563E-8	1.719068E-8	1.740696E-8	1.747777E-8	1.806121E-8
0:34:56	1	1.001638E+1	1.528200E+1	1.560800E+1	2.992385E-1	3.896104E-1	4.265842E+2	5.998600E-7	6.001915E-7	1.691493E-8	1.755323E-8	1.803770E-8	1.803120E-8	1.899205E-8	1.981446E-8	2.062154E-8	2.102014E-8	1.701090E-8	1.782554E-8	1.786200E-8	1.826845E-8	1.902344E-8	1.947331E-8	1.988350E-8	1.945116E-8	1.729432E-8	1.760731E-8	1.839303E-8	1.848660E-8	1.953458E-8	1.970269E-8	1.983932E-8	1.937589E-8	1.717442E-8	1.776838E-8	1.829779E-8	1.890278E-8	1.911742E-8	1.937430E-8	1.943800E-8	2.010115E-8
0:35:09	1	1.001874E+1	1.530600E+1	1.558000E+1	2.989978E-1	3.894331E-1	4.282475E+2	6.742200E-7	6.747830E-7	1.878502E-8	1.954388E-8	2.017818E-8	2.024749E-8	2.136054E-8	2.233924E-8	2.332205E-8	2.379610E-8	1.893783E-8	1.987135E-8	2.001002E-8	2.052388E-8	2.144827E-8	2.199126E-8	2.251920E-8	2.205964E-8	1.926682E-8	1.971686E-8	2.064507E-8	2.081904E-8	2.203681E-8	2.227007E-8	2.240934E-8	2.190657E-8	1.914895E-8	1.987976E-8	2.051812E-8	2.124290E-8	2.152160E-8	2.182834E-8	2.193525E-8	2.270357E-8
0:35:23	1	1.001608E+1	1.527300E+1	1.558200E+1	2.991118E-1	3.897878E-1	4.299109E+2	7.593500E-7	7.596220E-7	2.088629E-8	2.179671E-8	2.256095E-8	2.272510E-8	2.405950E-8	2.522584E-8	2.641217E-8	2.700062E-8	2.108668E-8	2.222605E-8	2.243883E-8	2.308168E-8	2.422232E-8	2.489428E-8	2.555276E-8	2.505848E-8	2.148152E-8	2.207225E-8	2.315563E-8	2.343722E-8	2.490848E-8	2.520097E-8	2.540277E-8	2.483450E-8	2.134296E-8	2.223827E-8	2.300339E-8	2.389681E-8	2.426489E-8	2.465890E-8	2.481560E-8	2.567959E-8
0:35:36	1	1.001798E+1	1.529700E+1	1.558200E+1	2.989218E-1	3.893191E-1	4.315743E+2	8.697300E-7	8.709451E-7	2.352991E-8	2.468833E-8	2.570328E-8	2.593891E-8	2.762688E-8	2.906085E-8	3.048839E-8	3.132849E-8	2.381071E-8	2.521959E-8	2.561613E-8	2.648769E-8	2.786626E-8	2.870332E-8	2.961547E-8	2.906437E-8	2.432745E-8	2.509323E-8	2.651480E-8	2.689137E-8	2.867694E-8	2.913175E-8	2.934405E-8	2.871698E-8	2.415181E-8	2.526145E-8	2.623784E-8	2.736210E-8	2.789368E-8	2.837998E-8	2.858396E-8	2.962912E-8
0:35:50	1	1.001760E+1	1.526800E+1	1.558500E+1	2.985671E-1	3.890784E-1	4.332376E+2	1.009700E-6	1.010970E-6	2.676595E-8	2.820418E-8	2.952900E-8	3.001747E-8	3.201928E-8	3.394027E-8	3.574810E-8	3.681937E-8	2.716032E-8	2.890157E-8	2.957131E-8	3.070851E-8	3.254699E-8	3.366115E-8	3.476422E-8	3.427223E-8	2.776445E-8	2.886294E-8	3.065341E-8	3.126631E-8	3.347247E-8	3.407557E-8	3.444498E-8	3.372951E-8	2.757840E-8	2.899375E-8	3.028443E-8	3.170309E-8	3.242415E-8	3.307167E-8	3.337750E-8	3.463793E-8
0:36:03	1	1.001608E+1	1.527300E+1	1.556600E+1	2.996058E-1	3.899524E-1	4.349010E+2	1.204900E-6	1.205992E-6	3.102942E-8	3.292560E-8	3.472249E-8	3.555428E-8	3.821340E-8	4.076799E-8	4.319382E-8	4.481531E-8	3.157148E-8	3.389732E-8	3.495739E-8	3.656514E-8	3.906044E-8	4.057951E-8	4.225785E-8	4.172416E-8	3.240410E-8	3.396956E-8	3.636957E-8	3.732510E-8	4.024927E-8	4.112522E-8	4.171596E-8	4.082185E-8	3.220036E-8	3.406155E-8	3.581163E-8	3.771364E-8	3.881119E-8	3.971151E-8	4.017285E-8	4.169340E-8
