APD#	0015	Started	04/26/07 11:49	Sense_ohms	1.004464E+6	1.004628E+6	1.002105E+6	1.000924E+6	9.998282E+5	1.007735E+6	1.002821E+6	9.989270E+5	9.993226E+5	1.002376E+6	1.001862E+6	1.003102E+6	1.000030E+6	1.003780E+6	1.000011E+6	1.000898E+6	9.999006E+5	1.006439E+6	1.005624E+6	1.010450E+6	1.003884E+6	1.005600E+6	1.002519E+6	1.006362E+6	1.004620E+6	1.008599E+6	1.003214E+6	1.000475E+6	1.003139E+6	9.996927E+5	1.009944E+6	1.000506E+6	
ElapTime	Shutter_Open	DegC	BiasV	KE237_Amps	Pixel_Sum	A1	A2	A3	A4	A5	A6	A7	A8	B1	B2	B3	B4	B5	B6	B7	B8	C1	C2	C3	C4	C5	C6	C7	C8	D1	D2	D3	D4	D5	D6	D7	D8
   0:00:00	0	-1.499345E+1	0.000000E+0	-1.535900E-10	-1.299234E-10	-2.518756E-13	-3.152411E-12	-2.528677E-12	-4.177140E-12	-4.688806E-12	-4.965591E-12	-3.853130E-12	-4.819171E-12	-4.691178E-12	-4.486340E-12	-1.327528E-12	-5.556763E-12	-4.560863E-12	-2.713742E-12	-5.003945E-12	-4.556908E-12	-6.334630E-12	-3.461710E-12	-6.929031E-12	-6.958286E-12	-5.741699E-12	-3.905131E-12	-4.360017E-12	-4.658363E-12	-4.980988E-12	-5.652395E-12	-5.114562E-12	-5.635323E-12	9.093456E-12	-4.055246E-12	-4.829971E-12	-5.065437E-12
   0:00:13	0	-1.499238E+1	0.000000E+0	-1.909100E-10	-3.957190E-10	6.272002E-14	-1.116035E-11	-9.986977E-12	-1.297401E-11	-1.254416E-11	-1.150302E-11	-1.136993E-11	-1.128711E-11	-1.204416E-11	-1.263897E-11	-1.340404E-11	-1.193498E-11	-9.184724E-12	-1.211620E-11	-1.133888E-11	-1.563196E-11	-1.488748E-11	-1.346927E-11	-1.448752E-11	-1.485774E-11	-1.419786E-11	-1.285004E-11	-1.270001E-11	-1.302911E-11	-1.311541E-11	-1.180747E-11	-1.262841E-11	-1.468902E-11	-1.907014E-11	-1.267289E-11	-9.094564E-12	-1.310537E-11
   0:00:27	0	-1.499284E+1	1.000000E+1	2.340000E-10	-3.770165E-10	-3.783112E-13	-9.710062E-12	-9.607776E-12	-1.063218E-11	-1.058082E-11	-1.150302E-11	-1.042260E-11	-9.892615E-12	-1.045908E-11	-1.238657E-11	-1.460580E-11	-1.149335E-11	-1.026169E-11	-9.402459E-12	-1.032489E-11	-1.474576E-11	-1.501449E-11	-1.441319E-11	-1.410965E-11	-1.435598E-11	-1.318778E-11	-1.184268E-11	-1.036290E-11	-1.101492E-11	-1.210607E-11	-1.130479E-11	-1.149206E-11	-1.304280E-11	-2.475330E-11	-1.222976E-11	-8.906434E-12	-1.247269E-11
   0:00:41	0	-1.499360E+1	2.000000E+1	2.975900E-10	-3.469771E-10	-1.387805E-12	-1.128676E-11	-9.418175E-12	-9.683053E-12	-1.260817E-11	-1.087488E-11	-1.035978E-11	-9.828546E-12	-1.115656E-11	-1.004813E-11	-9.799753E-12	-1.161896E-11	-9.691709E-12	-9.970312E-12	-1.171887E-11	-1.366972E-11	-1.229022E-11	-1.151784E-11	-1.360548E-11	-1.492009E-11	-1.287201E-11	-1.045644E-11	-9.730489E-12	-1.233751E-11	-1.166511E-11	-1.143071E-11	-1.142827E-11	-1.152353E-11	-4.104117E-12	-1.045521E-11	-1.304627E-11	-1.247269E-11
   0:00:55	0	-1.499284E+1	3.000000E+1	2.393000E-10	-3.390854E-10	5.674668E-13	-1.122306E-11	-1.175725E-11	-9.683053E-12	-9.819687E-12	-9.868666E-12	-9.600916E-12	-1.109691E-11	-1.178999E-11	-1.169122E-11	-1.024293E-11	-1.199878E-11	-8.297751E-12	-1.394628E-11	-1.089488E-11	-1.297435E-11	-1.419041E-11	-1.183281E-11	-1.385806E-11	-1.473205E-11	-1.388208E-11	-1.052009E-11	-1.219528E-11	-8.875534E-12	-1.153869E-11	-1.161909E-11	-1.130267E-11	-8.358030E-12	9.470273E-13	-9.694979E-12	-1.292052E-11	-1.019384E-11
   0:01:09	0	-1.500135E+1	4.000000E+1	2.385200E-10	-3.398215E-10	1.134934E-12	-8.701728E-12	-9.986977E-12	-1.183407E-11	-1.191105E-11	-9.994691E-12	-9.475270E-12	-1.103384E-11	-1.014187E-11	-1.384012E-11	-1.188687E-11	-1.199878E-11	-9.881704E-12	-1.072845E-11	-1.121188E-11	-1.563196E-11	-1.419041E-11	-1.246176E-11	-1.423594E-11	-1.492009E-11	-1.343980E-11	-1.171639E-11	-8.656195E-12	-9.819528E-12	-1.179053E-11	-1.124233E-11	-6.504096E-12	-1.114371E-11	-1.452441E-12	-9.630960E-12	-1.028671E-11	-1.120633E-11
   0:01:23	0	-1.498524E+1	5.000000E+1	1.075900E-9	-3.429574E-10	6.272002E-14	-9.458227E-12	-8.090969E-12	-1.088494E-11	-8.553469E-12	-9.742641E-12	-9.032519E-12	-1.046323E-11	-1.064921E-11	-1.200747E-11	-1.018004E-11	-1.111452E-11	-8.741738E-12	-8.771842E-12	-1.146487E-11	-1.132883E-11	-1.412740E-11	-1.397303E-11	-1.398435E-11	-1.655005E-11	-1.186292E-11	-1.089797E-11	-1.150003E-11	-9.693331E-12	-1.059306E-11	-1.117887E-11	-9.786546E-12	-1.133362E-11	-1.559704E-11	-1.178562E-11	-8.718305E-12	-1.095346E-11
   0:01:37	0	-1.499299E+1	6.000000E+1	9.981000E-10	-3.324127E-10	-5.047468E-13	-1.084481E-11	-9.165706E-12	-8.669989E-12	-1.026376E-11	-9.240525E-12	-9.917024E-12	-1.040016E-11	-1.052213E-11	-9.605178E-12	-1.182299E-11	-1.111452E-11	-9.057728E-12	-9.402459E-12	-1.089488E-11	-1.386055E-11	-1.355735E-11	-1.428701E-11	-1.392071E-11	-1.197387E-11	-1.192568E-11	-8.944909E-12	-9.351444E-12	-1.070092E-11	-1.059306E-11	-1.055127E-11	-8.398009E-12	-1.158650E-11	-7.641015E-12	-1.077231E-11	-1.323440E-11	-9.687098E-12
   0:01:51	0	-1.499246E+1	7.000000E+1	1.106300E-9	-3.240176E-10	1.450525E-12	-9.961896E-12	-1.017758E-11	-9.808937E-12	-1.013674E-11	-9.617608E-12	-9.600916E-12	-1.147732E-11	-9.381355E-12	-1.011098E-11	-8.092931E-12	-1.079850E-11	-7.537774E-12	-1.047540E-11	-1.083188E-11	-1.468281E-11	-1.457045E-11	-1.252535E-11	-1.385806E-11	-1.397991E-11	-1.381933E-11	-1.171639E-11	-1.099431E-11	-9.064333E-12	-1.084490E-11	-1.105395E-11	-1.199744E-11	-1.063695E-11	4.293523E-12	-1.045521E-11	-1.066297E-11	-1.088949E-11
   0:02:05	0	-1.499231E+1	8.000000E+1	1.148800E-9	-3.210034E-10	2.207147E-12	-9.710062E-12	-8.659771E-12	-1.050529E-11	-8.363437E-12	-1.018323E-11	-8.401300E-12	-1.020996E-11	-1.045908E-11	-1.238657E-11	-9.294693E-12	-1.004085E-11	-9.121726E-12	-9.466218E-12	-1.114888E-11	-1.461987E-11	-1.343033E-11	-1.183281E-11	-1.266080E-11	-1.604830E-11	-1.249348E-11	-1.114956E-11	-1.093146E-11	-8.182940E-12	-9.269176E-12	-9.671832E-12	-1.193365E-11	-1.044704E-11	-4.546728E-12	-9.377882E-12	-8.153917E-12	-1.050968E-11
   0:02:19	0	-1.499284E+1	9.000000E+1	1.238900E-9	-3.325720E-10	1.324089E-12	-1.034114E-11	-8.534036E-12	-9.556170E-12	-1.032677E-11	-8.863441E-12	-1.017031E-11	-9.638342E-12	-9.128183E-12	-1.099587E-11	-1.226616E-11	-1.142955E-11	-8.234753E-12	-7.698898E-12	-9.374897E-12	-1.455593E-11	-1.330332E-11	-1.151784E-11	-1.392071E-11	-1.329012E-11	-1.211495E-11	-1.184268E-11	-1.004669E-11	-9.253132E-12	-1.109773E-11	-1.086557E-11	-8.839590E-12	-1.190335E-11	-1.338698E-11	-1.298999E-11	-8.342047E-12	-1.006691E-11
   0:02:33	0	-1.499330E+1	1.000000E+2	1.275100E-9	-3.181759E-10	4.410312E-13	-1.046656E-11	-9.671641E-12	-8.544105E-12	-9.059556E-12	-8.737416E-12	-8.906874E-12	-1.046323E-11	-1.020591E-11	-9.479477E-12	-9.167929E-12	-1.105072E-11	-7.157785E-12	-1.211620E-11	-9.817892E-12	-1.063245E-11	-1.229022E-11	-1.258795E-11	-1.354284E-11	-1.404226E-11	-1.072734E-11	-9.952267E-12	-1.105715E-11	-9.944732E-12	-9.331887E-12	-1.149317E-11	-1.086010E-11	-1.038407E-11	-3.157090E-12	-1.001108E-11	-1.185412E-11	-1.190298E-11
   0:02:48	0	-1.498904E+1	1.200000E+2	1.375500E-9	-3.035211E-10	1.134934E-12	-1.015202E-11	-1.106172E-11	-1.094888E-11	-7.982371E-12	-8.863441E-12	-9.727559E-12	-1.046323E-11	-1.033200E-11	-8.467880E-12	-7.397226E-12	-9.408814E-12	-7.094787E-12	-1.148558E-11	-1.026189E-11	-1.297435E-11	-1.172016E-11	-1.101408E-11	-1.272444E-11	-1.316443E-11	-1.085285E-11	-1.007856E-11	-9.351444E-12	-8.686735E-12	-8.827218E-12	-7.599651E-12	-1.136547E-11	-1.158650E-11	-3.914712E-12	-9.885038E-12	-9.032184E-12	-8.230835E-12
   0:03:02	0	-1.499254E+1	1.400000E+2	1.445200E-9	-3.090801E-10	1.324089E-12	-7.251440E-12	-1.024044E-11	-1.025253E-11	-9.566644E-12	-9.177016E-12	-8.843054E-12	-1.097077E-11	-8.938055E-12	-1.150167E-11	-7.397226E-12	-1.060909E-11	-6.460806E-12	-8.645321E-12	-1.057888E-11	-1.316418E-11	-1.165616E-11	-1.158043E-11	-1.077142E-11	-1.372953E-11	-9.275972E-12	-9.952267E-12	-9.478125E-12	-8.749337E-12	-8.512671E-12	-1.030043E-11	-1.054511E-11	-8.863790E-12	-1.673347E-11	-9.757999E-12	-7.213271E-12	-9.687098E-12
   0:03:16	0	-1.500067E+1	1.600000E+2	1.498600E-9	-2.684248E-10	6.272002E-14	-6.557651E-12	-6.384561E-12	-8.544105E-12	-1.051681E-11	-7.417625E-12	-8.590765E-12	-7.609165E-12	-8.938055E-12	-9.036529E-12	-9.989400E-12	-9.977051E-12	-8.297751E-12	-6.878997E-12	-8.234909E-12	-1.063245E-11	-1.203720E-11	-9.377618E-12	-1.058248E-11	-1.122173E-11	-9.338728E-12	-7.433373E-12	-8.466672E-12	-7.741747E-12	-7.818877E-12	-8.353171E-12	-6.945677E-12	-1.000325E-11	-5.430952E-12	-8.680668E-12	-9.282693E-12	-8.166868E-12
   0:03:30	0	-1.499261E+1	1.800000E+2	1.421900E-9	-2.463598E-10	2.269867E-12	-8.197064E-12	-5.689025E-12	-6.961568E-12	-5.638969E-12	-6.537433E-12	-7.643438E-12	-7.799369E-12	-8.874011E-12	-9.163228E-12	-4.994700E-12	-1.199878E-11	-6.333810E-12	-9.970312E-12	-7.727915E-12	-9.493475E-12	-1.007300E-11	-9.441208E-12	-1.064513E-11	-1.071998E-11	-9.780014E-12	-6.298727E-12	-8.087627E-12	-6.608954E-12	-7.062372E-12	-7.096973E-12	-7.829835E-12	-9.117669E-12	-5.872566E-12	-7.223220E-12	-8.342047E-12	-7.407252E-12
   0:03:45	0	-1.499330E+1	2.000000E+2	1.382400E-9	-2.222085E-10	3.657672E-12	-3.846200E-12	-8.217702E-12	-7.214334E-12	-5.829001E-12	-5.217642E-12	-4.927101E-12	-7.736301E-12	-8.557797E-12	-8.151632E-12	-7.017933E-12	-7.893514E-12	-5.890823E-12	-1.066469E-11	-7.094922E-12	-1.075934E-11	-9.882982E-12	-7.678558E-12	-1.077142E-11	-1.228759E-11	-6.751776E-12	-5.542959E-12	-6.508605E-12	-5.727561E-12	-5.801198E-12	-7.096973E-12	-7.640444E-12	-7.471451E-12	-3.283692E-12	-6.970142E-12	-5.644867E-12	-7.787060E-12
   0:03:59	0	-1.499178E+1	2.200000E+2	1.406200E-9	-1.864175E-10	4.856321E-12	-1.576703E-12	-3.855883E-12	-4.683672E-12	-7.096219E-12	-3.896858E-12	-5.622140E-12	-7.355893E-12	-6.148165E-12	-1.055392E-11	-8.661872E-12	-5.809977E-12	-3.610892E-12	-4.985156E-12	-5.763937E-12	-8.986930E-12	-8.362831E-12	-8.748667E-12	-6.488509E-12	-6.958286E-12	-4.984640E-12	-5.165076E-12	-5.623834E-12	-5.791157E-12	-4.287193E-12	-2.512396E-12	-4.925171E-12	-6.078113E-12	-1.837532E-11	-6.527006E-12	-1.442654E-12	-6.394764E-12
   0:04:13	0	-1.499276E+1	2.400000E+2	1.442500E-9	-1.189533E-10	6.937033E-12	6.937891E-13	-3.349948E-12	-5.632795E-12	-1.140196E-12	-2.451041E-12	-3.790308E-12	-6.722213E-12	-4.246877E-12	-6.572384E-12	-1.896469E-12	-7.388082E-12	-1.963941E-12	-4.354540E-12	-4.180954E-12	-6.202430E-12	-5.258523E-12	-5.664526E-12	-6.109639E-12	-9.340393E-12	-3.029234E-12	-2.393596E-12	-1.011452E-12	-2.895578E-12	-3.467978E-12	-3.015073E-12	-2.209897E-12	-4.558835E-12	-5.809763E-12	-3.358032E-12	-4.264593E-12	-4.304822E-12
   0:04:27	0	-1.499276E+1	2.600000E+2	1.485900E-9	-2.391617E-11	1.103574E-11	6.431236E-12	-2.654412E-12	-2.911310E-12	-3.800653E-13	1.257275E-12	-1.705190E-12	-5.073444E-12	-2.408632E-12	-5.308387E-12	-4.421767E-13	-1.389689E-12	1.266962E-12	-6.120863E-12	-1.329985E-12	-5.822771E-12	-2.407239E-12	-3.021544E-12	-2.897703E-12	-3.949725E-12	-3.091991E-12	-6.931185E-13	-8.847713E-13	1.070191E-12	1.513010E-12	3.142974E-13	-2.588680E-12	-3.102526E-12	1.477662E-11	1.270390E-13	-2.320921E-12	-1.203391E-12
   0:04:42	0	-1.499299E+1	2.800000E+2	1.558500E-9	9.351369E-11	1.463069E-11	1.330443E-11	3.160347E-12	-5.694738E-13	5.070871E-13	2.577066E-12	1.958475E-12	-1.205293E-12	6.334291E-13	-6.129436E-12	2.529290E-12	-1.263082E-12	4.496865E-12	8.199008E-13	2.153976E-12	-3.164159E-12	2.090208E-12	7.551377E-13	3.212930E-12	-4.384185E-13	2.839970E-12	3.464598E-12	2.338110E-12	4.405969E-12	6.557703E-12	4.584577E-12	3.914419E-12	1.456308E-12	1.155573E-11	2.660818E-12	7.902418E-12	1.773103E-12
   0:04:56	0	-1.499314E+1	3.000000E+2	1.737700E-9	2.310557E-10	1.690056E-11	2.635602E-11	8.723637E-12	2.088071E-12	5.829001E-12	1.081137E-11	7.958549E-12	1.521633E-12	4.500048E-12	-1.263997E-12	4.552523E-12	1.704712E-12	9.311721E-12	2.208651E-12	6.650927E-12	3.796591E-13	7.791775E-12	4.720604E-12	7.936366E-12	5.892424E-12	7.508836E-12	8.944909E-12	9.288602E-12	4.847162E-12	1.242161E-11	9.797749E-12	1.060791E-11	5.001624E-12	1.894055E-13	9.250843E-12	1.248188E-11	6.140893E-12
   0:05:10	0	-1.509271E+1	3.200000E+2	1.952700E-9	5.118375E-10	2.686507E-11	4.388490E-11	1.472800E-11	1.050529E-11	1.216409E-11	1.929773E-11	1.339122E-11	6.975485E-12	1.090239E-11	3.096642E-12	1.530051E-11	7.830709E-12	1.836945E-11	7.761661E-12	1.399885E-11	9.746248E-12	1.862485E-11	1.195900E-11	1.770045E-11	1.429363E-11	1.646903E-11	1.530728E-11	1.731239E-11	1.372170E-11	2.030320E-11	1.733395E-11	1.919531E-11	1.234614E-11	3.081527E-11	1.958002E-11	1.787525E-11	1.418182E-11
   0:05:24	0	-1.489335E+1	3.400000E+2	2.308700E-9	9.338732E-10	3.909946E-11	7.951003E-11	2.673872E-11	1.961887E-11	2.318798E-11	3.394345E-11	2.577230E-11	1.578994E-11	2.079108E-11	7.899231E-12	2.655555E-11	1.597644E-11	3.135506E-11	1.489271E-11	2.571772E-11	1.854335E-11	3.237222E-11	2.712733E-11	3.193639E-11	2.614182E-11	2.763766E-11	3.155927E-11	3.273055E-11	2.744341E-11	3.814776E-11	3.278409E-11	3.352824E-11	2.114696E-11	4.969600E-11	3.117558E-11	3.688026E-11	2.817374E-11
   0:05:39	0	-1.499375E+1	3.600000E+2	2.917500E-9	1.588943E-9	6.022515E-11	1.385279E-10	4.810374E-11	3.354201E-11	4.042094E-11	5.569321E-11	4.933283E-11	2.872582E-11	3.885632E-11	1.769496E-11	4.255177E-11	3.031197E-11	5.251142E-11	2.984917E-11	4.567150E-11	3.398548E-11	5.745971E-11	4.808538E-11	5.751056E-11	4.814588E-11	4.896582E-11	5.133850E-11	5.459248E-11	4.475328E-11	6.330553E-11	5.501691E-11	5.000827E-11	4.033184E-11	5.702101E-11	5.595119E-11	6.341144E-11	4.704120E-11
   0:05:53	0	-1.490034E+1	3.620000E+2	2.601400E-9	1.716935E-9	6.407198E-11	1.449591E-10	4.968441E-11	3.626349E-11	4.339846E-11	6.028172E-11	5.066009E-11	2.923337E-11	3.993405E-11	1.870556E-11	4.729394E-11	3.441624E-11	5.783227E-11	3.035426E-11	4.858547E-11	3.556806E-11	6.297126E-11	5.198825E-11	6.059720E-11	5.184423E-11	5.174203E-11	5.618934E-11	5.781536E-11	4.960044E-11	6.607971E-11	5.696417E-11	6.541476E-11	4.178815E-11	8.013346E-11	5.842195E-11	6.824042E-11	4.590177E-11
   0:06:07	0	-1.499368E+1	3.640000E+2	2.630300E-9	1.787116E-9	6.533335E-11	1.534080E-10	5.303436E-11	4.088322E-11	4.498273E-11	6.329839E-11	5.337543E-11	3.183316E-11	4.234268E-11	2.224415E-11	5.032929E-11	3.517389E-11	6.118916E-11	2.997569E-11	5.168843E-11	4.025085E-11	6.575854E-11	5.343593E-11	6.362020E-11	5.397595E-11	5.660016E-11	5.952765E-11	6.116393E-11	5.035564E-11	7.043061E-11	6.092114E-11	5.575480E-11	4.318049E-11	7.255525E-11	6.114679E-11	6.704926E-11	5.229654E-11
   0:06:21	0	-1.499345E+1	3.660000E+2	2.716300E-9	1.882427E-9	6.949577E-11	1.627398E-10	5.670065E-11	4.227494E-11	4.840332E-11	6.914417E-11	5.577665E-11	3.335479E-11	4.627335E-11	2.262325E-11	4.811541E-11	3.788947E-11	6.245613E-11	3.609656E-11	5.441240E-11	4.170655E-11	6.854581E-11	5.683405E-11	6.752623E-11	5.936761E-11	6.133278E-11	6.223648E-11	6.438581E-11	5.344001E-11	7.282654E-11	6.362092E-11	6.074277E-11	4.723256E-11	6.434602E-11	6.393465E-11	7.350903E-11	5.508213E-11
   0:06:35	0	-1.499307E+1	3.680000E+2	2.840500E-9	1.997630E-9	7.296429E-11	1.754769E-10	5.815458E-11	4.297129E-11	5.068471E-11	7.241289E-11	5.817688E-11	3.684253E-11	4.880906E-11	2.331860E-11	5.108787E-11	3.984739E-11	6.885393E-11	3.710674E-11	5.707337E-11	4.309930E-11	7.431139E-11	6.237338E-11	7.149392E-11	6.005641E-11	6.196433E-11	6.456643E-11	6.874583E-11	5.753099E-11	7.749298E-11	6.764036E-11	6.232070E-11	4.932257E-11	7.678597E-11	6.868711E-11	7.996978E-11	5.748791E-11
   0:06:49	0	-1.499276E+1	3.700000E+2	2.922300E-9	2.133456E-9	7.580262E-11	1.860062E-10	6.201047E-11	4.822444E-11	5.524649E-11	7.498995E-11	6.203001E-11	3.925212E-11	4.988579E-11	2.654194E-11	5.956010E-11	4.496253E-11	7.157785E-11	3.685369E-11	6.043034E-11	4.733949E-11	7.887184E-11	6.514255E-11	7.527366E-11	6.356772E-11	6.631742E-11	7.143298E-11	7.215823E-11	6.042657E-11	8.222213E-11	7.084381E-11	6.535196E-11	5.210825E-11	9.011014E-11	7.375567E-11	8.241546E-11	6.274325E-11
   0:07:03	0	-1.499246E+1	3.720000E+2	3.047800E-9	2.254890E-9	7.952301E-11	1.966628E-10	6.618269E-11	5.170522E-11	5.968125E-11	7.983051E-11	6.594597E-11	3.937925E-11	5.533749E-11	2.843743E-11	6.120404E-11	4.641402E-11	7.791166E-11	4.158680E-11	6.372430E-11	5.082036E-11	8.204015E-11	6.803790E-11	8.094278E-11	6.920976E-11	7.111379E-11	7.552705E-11	7.632873E-11	6.307074E-11	8.789692E-11	7.599353E-11	7.147628E-11	5.318474E-11	8.701586E-11	7.730476E-11	8.517502E-11	6.622549E-11
   0:07:17	0	-1.499337E+1	3.740000E+2	3.206900E-9	2.380217E-9	8.437834E-11	2.093989E-10	7.098657E-11	5.480636E-11	6.113850E-11	8.297320E-11	6.998856E-11	4.388209E-11	5.831650E-11	2.957473E-11	6.069798E-11	4.976164E-11	8.063558E-11	4.537349E-11	6.758826E-11	5.303537E-11	8.704465E-11	7.149961E-11	8.598243E-11	7.529022E-11	7.521487E-11	7.993735E-11	8.094111E-11	6.640652E-11	9.357170E-11	7.951128E-11	7.501291E-11	5.767960E-11	8.676365E-11	8.015563E-11	9.201203E-11	7.065725E-11
   0:07:31	0	-1.507690E+1	3.760000E+2	3.325200E-9	2.549615E-9	8.917194E-11	2.235862E-10	7.465286E-11	5.531189E-11	6.379896E-11	9.070539E-11	7.523177E-11	4.622760E-11	6.262742E-11	3.115498E-11	6.822197E-11	5.178237E-11	8.589342E-11	4.916017E-11	7.278220E-11	5.613659E-11	9.287323E-11	7.754171E-11	9.026535E-11	7.911426E-11	7.855888E-11	8.440931E-11	8.757540E-11	7.081249E-11	9.912007E-11	8.528860E-11	7.760159E-11	6.287114E-11	1.057072E-10	8.725281E-11	1.003541E-10	7.382265E-11
   0:07:45	0	-1.501959E+1	3.780000E+2	3.464000E-9	2.739827E-9	9.610897E-11	2.419343E-10	7.920428E-11	6.081780E-11	7.121223E-11	9.416265E-11	8.022169E-11	4.927187E-11	6.528923E-11	3.602141E-11	7.517702E-11	5.708692E-11	9.096027E-11	4.733009E-11	7.677316E-11	6.271868E-11	9.914485E-11	8.383519E-11	9.769854E-11	8.318967E-11	8.531065E-11	9.146480E-11	9.420969E-11	7.672885E-11	1.061824E-10	9.006255E-11	8.378970E-11	6.787376E-11	1.159999E-10	9.428597E-11	1.073159E-10	7.844431E-11
   0:07:59	0	-1.499383E+1	3.800000E+2	3.717000E-9	2.899732E-9	9.938733E-11	2.563735E-10	8.502003E-11	6.613389E-11	7.475984E-11	1.008251E-10	8.464322E-11	5.174452E-11	7.036066E-11	3.804361E-11	7.884419E-11	5.904385E-11	9.666110E-11	5.578613E-11	8.266409E-11	6.778113E-11	1.065566E-10	8.780065E-11	1.032414E-10	8.914444E-11	9.174666E-11	9.694511E-11	9.812782E-11	7.968802E-11	1.134966E-10	9.401853E-11	8.915645E-11	7.293835E-11	1.135376E-10	9.840524E-11	1.123340E-10	8.452223E-11
   0:08:13	0	-1.499390E+1	3.820000E+2	3.893300E-9	3.084626E-9	1.061352E-10	2.743433E-10	9.216300E-11	6.866555E-11	7.868752E-11	1.067969E-10	8.931803E-11	5.700817E-11	7.625566E-11	3.943331E-11	8.326995E-11	6.340133E-11	1.040729E-10	5.906772E-11	8.785803E-11	6.968043E-11	1.125112E-10	9.434650E-11	1.111151E-10	9.666782E-11	9.811990E-11	1.023618E-10	1.050773E-10	8.409399E-11	1.196124E-10	1.020574E-10	9.553395E-11	7.711737E-11	1.122118E-10	1.046782E-10	1.229335E-10	9.003044E-11
   0:08:27	0	-1.499299E+1	3.840000E+2	4.109100E-9	3.312266E-9	1.133878E-10	2.938899E-10	9.627135E-11	7.334923E-11	8.160202E-11	1.128938E-10	9.607697E-11	6.106652E-11	8.120000E-11	4.215085E-11	8.864394E-11	6.845366E-11	1.108497E-10	6.405288E-11	9.431896E-11	7.195838E-11	1.209370E-10	1.028428E-10	1.234617E-10	1.023099E-10	1.036096E-10	1.086615E-10	1.122812E-10	9.145814E-11	1.278095E-10	1.109133E-10	1.014061E-10	8.230890E-11	1.303349E-10	1.132958E-10	1.330311E-10	9.743870E-11
   0:08:41	0	-1.499216E+1	3.860000E+2	4.308600E-9	3.557924E-9	1.201984E-10	3.149504E-10	1.020871E-10	8.031079E-11	9.230886E-11	1.231405E-10	1.032777E-10	6.334997E-11	8.582714E-11	4.714299E-11	9.869723E-11	7.419983E-11	1.183245E-10	6.676662E-11	1.005909E-10	7.910996E-11	1.289198E-10	1.071232E-10	1.288155E-10	1.110238E-10	1.123178E-10	1.173538E-10	1.208745E-10	9.768950E-11	1.370787E-10	1.172567E-10	1.071516E-10	8.921062E-11	1.492156E-10	1.226097E-10	1.376106E-10	1.033897E-10
   0:08:55	0	-1.499269E+1	3.880000E+2	4.559900E-9	3.815579E-9	1.263161E-10	3.399816E-10	1.114424E-10	8.701859E-11	9.750475E-11	1.309977E-10	1.109839E-10	7.019832E-11	9.222948E-11	5.106168E-11	1.037558E-10	7.975759E-11	1.260522E-10	7.358186E-11	1.094588E-10	8.651431E-11	1.407030E-10	1.150532E-10	1.382644E-10	1.193617E-10	1.210249E-10	1.264877E-10	1.288355E-10	1.048658E-10	1.466624E-10	1.274312E-10	1.175701E-10	9.459207E-11	1.515523E-10	1.289466E-10	1.469557E-10	1.104171E-10
   0:09:09	0	-1.499307E+1	3.900000E+2	4.846000E-9	4.073153E-9	1.349556E-10	3.677252E-10	1.197230E-10	9.163833E-11	1.018125E-10	1.405518E-10	1.193214E-10	7.742708E-11	1.005961E-10	5.377822E-11	1.068540E-10	8.544096E-11	1.373279E-10	7.982925E-11	1.159197E-10	9.170465E-11	1.489388E-10	1.252495E-10	1.476496E-10	1.268841E-10	1.280297E-10	1.347405E-10	1.380612E-10	1.115374E-10	1.575710E-10	1.330202E-10	1.242636E-10	1.019366E-10	1.511097E-10	1.376903E-10	1.613812E-10	1.204840E-10
   0:09:23	0	-1.502149E+1	3.920000E+2	5.173500E-9	4.401928E-9	1.458659E-10	3.962253E-10	1.268031E-10	9.916937E-11	1.100489E-10	1.506090E-10	1.286072E-10	8.053441E-11	1.083294E-10	5.858181E-11	1.159581E-10	9.301846E-11	1.484755E-10	8.355317E-11	1.248516E-10	9.917194E-11	1.615451E-10	1.359496E-10	1.579805E-10	1.377921E-10	1.385041E-10	1.445664E-10	1.500660E-10	1.217345E-10	1.704336E-10	1.435714E-10	1.336086E-10	1.113711E-10	1.725165E-10	1.484626E-10	1.751176E-10	1.289048E-10
   0:09:37	0	-1.499368E+1	3.940000E+2	5.480600E-9	4.770698E-9	1.561450E-10	4.271840E-10	1.360317E-10	1.066375E-10	1.213258E-10	1.631183E-10	1.389670E-10	8.706542E-11	1.168241E-10	6.458455E-11	1.293631E-10	9.971269E-11	1.586112E-10	9.074698E-11	1.354295E-10	1.093618E-10	1.737093E-10	1.469011E-10	1.729096E-10	1.488258E-10	1.490421E-10	1.575428E-10	1.626403E-10	1.330644E-10	1.836117E-10	1.550021E-10	1.452262E-10	1.181449E-10	1.946181E-10	1.612626E-10	1.865331E-10	1.405549E-10
   0:09:51	0	-1.499421E+1	3.960000E+2	5.911000E-9	5.176718E-9	1.665505E-10	4.687994E-10	1.484216E-10	1.176493E-10	1.301324E-10	1.765067E-10	1.502731E-10	9.366050E-11	1.270921E-10	7.071498E-11	1.412490E-10	1.079850E-10	1.733698E-10	9.831935E-11	1.478454E-10	1.179051E-10	1.911300E-10	1.572862E-10	1.874597E-10	1.613004E-10	1.622299E-10	1.728500E-10	1.770460E-10	1.416876E-10	1.991858E-10	1.678774E-10	1.575387E-10	1.304280E-10	2.069314E-10	1.745686E-10	2.004567E-10	1.522670E-10
   0:10:05	0	-1.499330E+1	3.980000E+2	6.379800E-9	5.604297E-9	1.797934E-10	5.109822E-10	1.610001E-10	1.263832E-10	1.414733E-10	1.919076E-10	1.628436E-10	1.032358E-10	1.361572E-10	7.564427E-11	1.506066E-10	1.168884E-10	1.881924E-10	1.101207E-10	1.593102E-10	1.277153E-10	2.057014E-10	1.720770E-10	2.045934E-10	1.761581E-10	1.775623E-10	1.863932E-10	1.897470E-10	1.535839E-10	2.150126E-10	1.825106E-10	1.697883E-10	1.396087E-10	2.134360E-10	1.905366E-10	2.202142E-10	1.651194E-10
   0:10:19	0	-1.499117E+1	4.000000E+2	6.861400E-9	6.142957E-9	1.972624E-10	5.630641E-10	1.744648E-10	1.385340E-10	1.531313E-10	2.069939E-10	1.771822E-10	1.131284E-10	1.498485E-10	8.303770E-11	1.640116E-10	1.288872E-10	2.058648E-10	1.185140E-10	1.741331E-10	1.404998E-10	2.254034E-10	1.894481E-10	2.221049E-10	1.913286E-10	1.927065E-10	2.025825E-10	2.081337E-10	1.685020E-10	2.384683E-10	1.987143E-10	1.848798E-10	1.534751E-10	2.448823E-10	2.086591E-10	2.453651E-10	1.797450E-10
   0:10:33	0	-1.499276E+1	4.020000E+2	7.492200E-9	6.728300E-9	2.135328E-10	6.140741E-10	1.910259E-10	1.521404E-10	1.670687E-10	2.280510E-10	1.931003E-10	1.224504E-10	1.648717E-10	9.144273E-11	1.806396E-10	1.415798E-10	2.254372E-10	1.255185E-10	1.902859E-10	1.546761E-10	2.459925E-10	2.071343E-10	2.450329E-10	2.091326E-10	2.118890E-10	2.202834E-10	2.265204E-10	1.849305E-10	2.588352E-10	2.173679E-10	2.019908E-10	1.675944E-10	2.868755E-10	2.295055E-10	2.632403E-10	1.960798E-10
   0:10:47	0	-1.499276E+1	4.040000E+2	8.128400E-9	7.411718E-9	2.337127E-10	6.806579E-10	2.097365E-10	1.666960E-10	1.844287E-10	2.493602E-10	2.114824E-10	1.348797E-10	1.816060E-10	1.037026E-10	2.000505E-10	1.559144E-10	2.491275E-10	1.390863E-10	2.082757E-10	1.711303E-10	2.732332E-10	2.286597E-10	2.704818E-10	2.328299E-10	2.351726E-10	2.435909E-10	2.523633E-10	2.041919E-10	2.849386E-10	2.352035E-10	2.229544E-10	1.870322E-10	3.032302E-10	2.515563E-10	2.892695E-10	2.171631E-10
   0:11:01	0	-1.499231E+1	4.060000E+2	8.912600E-9	8.203160E-9	2.538926E-10	7.589068E-10	2.357797E-10	1.828341E-10	2.016616E-10	2.738756E-10	2.332749E-10	1.479427E-10	1.996713E-10	1.156462E-10	2.173752E-10	1.737231E-10	2.742118E-10	1.574498E-10	2.300665E-10	1.877754E-10	3.011079E-10	2.552832E-10	3.001500E-10	2.564006E-10	2.597183E-10	2.717482E-10	2.818710E-10	2.255302E-10	3.170333E-10	2.645343E-10	2.475165E-10	2.060891E-10	3.291837E-10	2.781065E-10	3.236407E-10	2.411590E-10
   0:11:15	0	-1.507478E+1	4.080000E+2	9.709000E-9	9.154890E-9	2.829648E-10	8.515948E-10	2.589160E-10	2.041614E-10	2.264969E-10	3.049274E-10	2.609419E-10	1.647468E-10	2.243930E-10	1.253781E-10	2.414015E-10	1.934888E-10	3.070238E-10	1.746150E-10	2.576842E-10	2.083439E-10	3.362044E-10	2.852423E-10	3.350467E-10	2.888119E-10	2.875452E-10	3.021102E-10	3.119482E-10	2.509594E-10	3.532888E-10	2.944917E-10	2.749832E-10	2.325555E-10	3.748384E-10	3.123860E-10	3.588902E-10	2.685101E-10
   0:11:29	0	-1.499922E+1	4.100000E+2	1.095400E-8	1.032626E-8	3.129201E-10	9.594785E-10	2.884987E-10	2.283370E-10	2.547538E-10	3.408823E-10	2.906930E-10	1.861798E-10	2.531075E-10	1.421882E-10	2.752275E-10	2.181164E-10	3.440787E-10	1.934836E-10	2.886588E-10	2.381531E-10	3.795367E-10	3.244538E-10	3.804006E-10	3.251720E-10	3.249638E-10	3.405350E-10	3.525759E-10	2.840052E-10	3.994446E-10	3.319238E-10	3.079433E-10	2.667453E-10	4.288917E-10	3.536997E-10	4.077503E-10	3.034585E-10
   0:11:43	0	-1.499945E+1	4.103126E+2	1.104300E-8	1.053966E-8	3.196680E-10	9.763136E-10	2.975377E-10	2.344124E-10	2.595056E-10	3.489280E-10	2.961256E-10	1.899218E-10	2.577346E-10	1.507827E-10	2.855333E-10	2.213374E-10	3.510465E-10	1.985953E-10	2.956267E-10	2.418868E-10	3.891657E-10	3.267193E-10	3.884633E-10	3.320046E-10	3.309586E-10	3.491020E-10	3.597797E-10	2.886625E-10	4.049929E-10	3.365084E-10	3.172254E-10	2.682016E-10	4.393110E-10	3.611770E-10	4.122664E-10	3.101691E-10
   0:11:57	0	-1.489563E+1	4.106251E+2	1.111400E-8	1.072065E-8	3.273617E-10	9.955446E-10	3.006352E-10	2.391590E-10	2.626731E-10	3.548998E-10	2.997255E-10	1.943605E-10	2.635035E-10	1.509094E-10	2.854076E-10	2.255045E-10	3.594082E-10	2.045279E-10	3.032917E-10	2.456844E-10	3.943612E-10	3.321324E-10	3.928725E-10	3.382107E-10	3.409916E-10	3.546460E-10	3.673616E-10	2.919357E-10	4.167835E-10	3.458659E-10	3.225922E-10	2.734561E-10	4.357751E-10	3.639008E-10	4.211729E-10	3.159941E-10
   0:12:11	0	-1.499292E+1	4.109377E+2	1.130400E-8	1.088585E-8	3.315868E-10	1.012884E-9	3.047445E-10	2.422602E-10	2.666008E-10	3.599289E-10	3.064216E-10	1.963897E-10	2.659121E-10	1.523620E-10	2.902755E-10	2.308728E-10	3.640321E-10	2.099544E-10	3.041787E-10	2.478994E-10	4.049403E-10	3.380483E-10	4.017535E-10	3.429759E-10	3.455339E-10	3.600000E-10	3.760178E-10	2.986709E-10	4.219546E-10	3.497594E-10	3.274536E-10	2.779520E-10	4.303441E-10	3.720753E-10	4.323368E-10	3.197302E-10
   0:12:25	0	-1.499231E+1	4.112502E+2	1.171700E-8	1.118643E-8	3.399116E-10	1.043465E-9	3.156166E-10	2.470697E-10	2.750903E-10	3.694205E-10	3.152018E-10	2.014632E-10	2.736454E-10	1.533107E-10	2.988745E-10	2.361774E-10	3.750537E-10	2.127946E-10	3.122866E-10	2.559372E-10	4.129861E-10	3.495035E-10	4.123360E-10	3.526924E-10	3.521602E-10	3.697633E-10	3.829055E-10	3.068538E-10	4.339342E-10	3.596206E-10	3.354100E-10	2.834604E-10	4.516882E-10	3.851283E-10	4.429364E-10	3.297332E-10
   0:12:39	0	-1.499200E+1	4.115628E+2	1.190500E-8	1.140196E-8	3.462175E-10	1.060678E-9	3.201680E-10	2.532090E-10	2.796520E-10	3.779694E-10	3.205707E-10	2.044434E-10	2.783355E-10	1.600727E-10	3.078528E-10	2.399656E-10	3.795506E-10	2.172119E-10	3.193175E-10	2.625183E-10	4.199547E-10	3.557344E-10	4.173757E-10	3.575199E-10	3.594798E-10	3.785193E-10	3.891607E-10	3.134001E-10	4.425096E-10	3.642677E-10	3.405246E-10	2.911217E-10	4.700007E-10	3.901339E-10	4.482684E-10	3.362549E-10
   0:12:53	0	-1.499337E+1	4.118754E+2	1.213600E-8	1.168340E-8	3.523352E-10	1.087980E-9	3.299654E-10	2.602965E-10	2.882685E-10	3.885297E-10	3.266346E-10	2.091995E-10	2.860688E-10	1.640532E-10	3.115199E-10	2.457756E-10	3.926632E-10	2.211242E-10	3.271094E-10	2.670752E-10	4.324980E-10	3.617139E-10	4.277692E-10	3.681766E-10	3.663571E-10	3.882200E-10	3.987645E-10	3.189389E-10	4.549939E-10	3.745681E-10	3.508793E-10	2.972628E-10	4.866075E-10	3.969140E-10	4.591819E-10	3.419530E-10
   0:13:07	0	-1.499307E+1	4.121879E+2	1.237500E-8	1.187609E-8	3.595868E-10	1.109608E-9	3.314194E-10	2.654227E-10	2.890287E-10	3.908547E-10	3.335201E-10	2.147164E-10	2.903797E-10	1.653801E-10	3.151871E-10	2.510801E-10	3.959571E-10	2.286338E-10	3.333173E-10	2.705560E-10	4.369964E-10	3.683850E-10	4.396743E-10	3.768905E-10	3.761381E-10	3.957160E-10	4.074217E-10	3.224645E-10	4.607951E-10	3.811624E-10	3.543521E-10	3.016317E-10	4.839559E-10	4.038211E-10	4.712865E-10	3.507525E-10
   0:13:21	0	-1.499292E+1	4.125005E+2	1.255400E-8	1.209868E-8	3.656408E-10	1.132118E-9	3.388148E-10	2.691573E-10	2.955548E-10	3.977693E-10	3.357309E-10	2.192823E-10	2.966550E-10	1.675928E-10	3.180957E-10	2.560059E-10	4.055218E-10	2.320419E-10	3.393343E-10	2.765057E-10	4.468794E-10	3.779524E-10	4.453434E-10	3.815924E-10	3.825103E-10	4.000626E-10	4.136769E-10	3.312138E-10	4.686767E-10	3.883218E-10	3.607924E-10	3.070771E-10	4.977217E-10	4.125648E-10	4.811970E-10	3.572742E-10
   0:13:35	0	-1.499383E+1	4.128130E+2	1.292700E-8	1.237939E-8	3.730826E-10	1.159987E-9	3.455157E-10	2.741567E-10	3.004326E-10	4.066952E-10	3.434372E-10	2.224527E-10	3.024229E-10	1.715733E-10	3.292869E-10	2.609316E-10	4.143266E-10	2.340612E-10	3.462392E-10	2.851130E-10	4.554313E-10	3.867636E-10	4.569968E-10	3.898045E-10	3.937427E-10	4.082518E-10	4.239760E-10	3.412847E-10	4.824222E-10	3.944769E-10	3.699480E-10	3.149274E-10	5.095934E-10	4.265051E-10	4.895390E-10	3.660118E-10
   0:13:49	0	-1.499390E+1	4.131256E+2	1.316200E-8	1.263776E-8	3.800823E-10	1.180353E-9	3.539859E-10	2.787135E-10	3.096192E-10	4.163128E-10	3.512701E-10	2.256862E-10	3.095227E-10	1.775142E-10	3.382023E-10	2.664884E-10	4.230043E-10	2.368378E-10	3.523831E-10	2.905551E-10	4.663914E-10	3.936870E-10	4.644927E-10	3.985818E-10	4.007465E-10	4.199682E-10	4.335798E-10	3.471385E-10	4.921961E-10	4.023274E-10	3.814401E-10	3.227157E-10	5.176760E-10	4.337923E-10	4.984455E-10	3.740517E-10
   0:14:03	0	-1.499269E+1	4.134381E+2	1.335500E-8	1.291171E-8	3.834881E-10	1.208096E-9	3.626456E-10	2.888391E-10	3.153852E-10	4.255533E-10	3.596075E-10	2.315204E-10	3.154807E-10	1.825064E-10	3.392763E-10	2.720461E-10	4.312391E-10	2.461147E-10	3.621390E-10	2.969473E-10	4.773504E-10	4.022469E-10	4.773424E-10	4.104300E-10	4.104638E-10	4.313067E-10	4.406570E-10	3.543775E-10	5.017798E-10	4.147625E-10	3.903434E-10	3.311997E-10	5.178654E-10	4.419658E-10	5.084807E-10	3.802566E-10
   0:14:17	0	-1.499307E+1	4.137507E+2	1.387900E-8	1.331505E-8	3.988127E-10	1.247000E-9	3.718752E-10	2.949774E-10	3.240017E-10	4.379366E-10	3.709146E-10	2.371004E-10	3.267003E-10	1.854763E-10	3.507838E-10	2.813921E-10	4.443507E-10	2.553279E-10	3.720199E-10	3.040360E-10	4.898307E-10	4.176040E-10	4.943498E-10	4.225919E-10	4.227690E-10	4.400000E-10	4.561370E-10	3.646998E-10	5.175439E-10	4.290199E-10	4.000044E-10	3.395567E-10	5.425559E-10	4.573005E-10	5.272342E-10	3.911471E-10
   0:14:32	0	-1.499231E+1	4.140633E+2	1.413700E-8	1.358788E-8	4.057497E-10	1.273671E-9	3.782598E-10	3.002306E-10	3.294496E-10	4.439074E-10	3.754628E-10	2.435693E-10	3.316447E-10	1.903427E-10	3.600785E-10	2.856230E-10	4.541054E-10	2.566538E-10	3.822188E-10	3.108079E-10	5.005378E-10	4.242125E-10	5.031055E-10	4.290484E-10	4.313496E-10	4.501412E-10	4.665627E-10	3.742043E-10	5.297754E-10	4.354882E-10	4.073288E-10	3.474720E-10	5.655418E-10	4.671215E-10	5.328791E-10	4.013399E-10
   0:14:46	0	-1.499254E+1	4.143758E+2	1.429200E-8	1.389062E-8	4.169119E-10	1.298893E-9	3.842013E-10	3.062430E-10	3.377490E-10	4.535250E-10	3.829158E-10	2.463593E-10	3.390617E-10	1.962198E-10	3.692465E-10	2.924428E-10	4.626571E-10	2.608819E-10	3.854488E-10	3.196050E-10	5.124479E-10	4.352902E-10	5.156410E-10	4.402078E-10	4.433391E-10	4.612908E-10	4.781266E-10	3.812545E-10	5.397384E-10	4.458511E-10	4.164206E-10	3.546895E-10	5.793076E-10	4.791612E-10	5.459877E-10	4.095078E-10
   0:15:00	0	-1.499307E+1	4.146884E+2	1.468800E-8	1.425731E-8	4.238489E-10	1.332752E-9	3.965273E-10	3.161159E-10	3.454153E-10	4.640228E-10	3.936545E-10	2.541587E-10	3.481258E-10	2.021597E-10	3.810066E-10	3.014728E-10	4.769727E-10	2.736287E-10	3.984346E-10	3.234016E-10	5.282215E-10	4.428425E-10	5.297507E-10	4.515543E-10	4.538134E-10	4.756533E-10	4.867190E-10	3.908852E-10	5.552497E-10	4.565908E-10	4.299332E-10	3.662760E-10	5.853695E-10	4.905668E-10	5.620440E-10	4.201434E-10
   0:15:14	0	-1.499314E+1	4.150009E+2	1.514600E-8	1.454155E-8	4.319209E-10	1.367999E-9	4.049975E-10	3.207986E-10	3.515614E-10	4.745196E-10	3.977609E-10	2.576465E-10	3.534504E-10	2.031074E-10	3.841048E-10	3.062091E-10	4.829265E-10	2.808235E-10	4.066065E-10	3.330219E-10	5.386745E-10	4.568156E-10	5.403958E-10	4.636538E-10	4.623951E-10	4.847872E-10	5.005571E-10	3.971165E-10	5.667257E-10	4.666394E-10	4.368161E-10	3.752038E-10	5.868220E-10	4.988673E-10	5.784776E-10	4.301473E-10
   0:15:28	0	-1.499375E+1	4.153135E+2	1.536500E-8	1.485877E-8	4.430831E-10	1.393094E-9	4.149855E-10	3.278231E-10	3.585306E-10	4.831945E-10	4.060984E-10	2.665240E-10	3.628318E-10	2.067727E-10	3.955485E-10	3.127140E-10	4.949622E-10	2.844837E-10	4.130675E-10	3.384641E-10	5.531190E-10	4.643053E-10	5.508530E-10	4.723668E-10	4.720496E-10	4.944879E-10	5.082657E-10	4.076913E-10	5.810386E-10	4.749301E-10	4.474868E-10	3.791919E-10	6.064603E-10	5.119203E-10	5.922754E-10	4.401503E-10
   0:15:42	0	-1.499330E+1	4.156261E+2	1.581400E-8	1.530526E-8	4.523537E-10	1.431557E-9	4.261110E-10	3.348486E-10	3.704406E-10	5.018006E-10	4.208159E-10	2.724213E-10	3.738613E-10	2.126497E-10	4.078785E-10	3.237019E-10	5.111777E-10	2.898474E-10	4.264333E-10	3.463120E-10	5.659793E-10	4.788447E-10	5.659073E-10	4.834005E-10	4.853638E-10	5.101730E-10	5.294334E-10	4.188950E-10	5.978738E-10	4.893749E-10	4.596098E-10	3.956541E-10	6.341185E-10	5.291556E-10	6.065138E-10	4.527499E-10
   0:15:56	0	-1.509248E+1	4.159386E+2	1.610800E-8	1.565629E-8	4.623172E-10	1.466866E-9	4.341381E-10	3.432648E-10	3.780439E-10	5.073953E-10	4.295333E-10	2.764807E-10	3.798833E-10	2.202966E-10	4.148336E-10	3.306483E-10	5.223263E-10	2.979248E-10	4.387852E-10	3.571972E-10	5.797266E-10	4.894186E-10	5.793249E-10	4.989480E-10	4.998765E-10	5.254803E-10	5.387210E-10	4.285257E-10	6.157811E-10	4.998637E-10	4.692708E-10	4.053415E-10	6.434642E-10	5.376462E-10	6.196849E-10	4.652856E-10
   0:16:10	0	-1.499345E+1	4.162512E+2	1.649700E-8	1.613117E-8	4.719034E-10	1.512391E-9	4.473503E-10	3.544675E-10	3.881177E-10	5.248066E-10	4.410927E-10	2.840898E-10	3.937017E-10	2.257945E-10	4.248230E-10	3.400571E-10	5.372749E-10	3.074538E-10	4.479061E-10	3.662481E-10	5.975284E-10	5.057823E-10	5.979064E-10	5.122381E-10	5.167240E-10	5.373230E-10	5.578029E-10	4.418072E-10	6.301567E-10	5.175744E-10	4.872659E-10	4.166741E-10	6.697337E-10	5.581125E-10	6.401949E-10	4.768717E-10
   0:16:24	0	-1.499352E+1	4.165637E+2	1.712800E-8	1.660641E-8	4.871016E-10	1.555644E-9	4.591704E-10	3.654154E-10	4.009149E-10	5.361846E-10	4.518942E-10	2.929674E-10	4.052385E-10	2.303447E-10	4.371520E-10	3.488349E-10	5.546314E-10	3.186236E-10	4.626659E-10	3.794113E-10	6.172934E-10	5.210768E-10	6.168041E-10	5.281607E-10	5.316152E-10	5.548339E-10	5.711982E-10	4.557177E-10	6.484422E-10	5.306380E-10	5.002731E-10	4.297809E-10	6.843199E-10	5.769323E-10	6.628368E-10	4.902949E-10
   0:16:38	0	-1.499162E+1	4.168763E+2	1.742600E-8	1.702331E-8	4.996506E-10	1.596629E-9	4.714336E-10	3.731362E-10	4.052866E-10	5.493220E-10	4.638963E-10	3.001971E-10	4.164581E-10	2.372333E-10	4.501768E-10	3.575499E-10	5.662230E-10	3.210853E-10	4.726108E-10	3.877658E-10	6.368693E-10	5.370003E-10	6.285829E-10	5.389440E-10	5.436046E-10	5.651651E-10	5.837725E-10	4.669214E-10	6.680526E-10	5.460872E-10	5.108182E-10	4.391514E-10	7.156406E-10	5.868803E-10	6.792070E-10	5.079590E-10
   0:16:52	0	-1.499056E+1	4.171889E+2	1.800900E-8	1.745354E-8	5.067767E-10	1.635217E-9	4.842028E-10	3.828193E-10	4.208723E-10	5.651625E-10	4.758347E-10	3.073628E-10	4.253321E-10	2.458908E-10	4.629490E-10	3.687272E-10	5.799676E-10	3.294776E-10	4.847727E-10	3.994103E-10	6.483995E-10	5.500920E-10	6.516382E-10	5.542402E-10	5.588743E-10	5.805350E-10	5.981153E-10	4.815245E-10	6.843831E-10	5.600928E-10	5.206686E-10	4.484590E-10	7.232816E-10	6.088041E-10	6.909363E-10	5.187215E-10
   0:17:06	0	-1.499322E+1	4.175014E+2	1.849900E-8	1.800411E-8	5.217230E-10	1.690200E-9	4.961496E-10	3.940209E-10	4.312621E-10	5.801228E-10	4.899838E-10	3.183966E-10	4.362345E-10	2.518307E-10	4.803366E-10	3.786415E-10	6.015050E-10	3.429825E-10	4.969345E-10	4.087140E-10	6.703816E-10	5.641902E-10	6.718575E-10	5.732347E-10	5.743343E-10	6.034646E-10	6.251592E-10	4.929181E-10	7.081543E-10	5.761080E-10	5.388531E-10	4.669462E-10	7.460143E-10	6.250261E-10	7.153971E-10	5.330303E-10
   0:17:20	0	-1.499451E+1	4.178140E+2	1.894700E-8	1.846529E-8	5.359127E-10	1.730806E-9	5.137855E-10	4.014890E-10	4.429201E-10	5.913737E-10	5.030589E-10	3.210595E-10	4.525255E-10	2.632695E-10	4.868485E-10	3.865350E-10	6.171505E-10	3.524487E-10	5.089074E-10	4.190297E-10	6.882464E-10	5.813099E-10	6.884869E-10	5.873403E-10	5.933275E-10	6.188345E-10	6.390602E-10	5.062622E-10	7.258725E-10	5.930028E-10	5.542596E-10	4.773932E-10	7.557387E-10	6.411840E-10	7.379776E-10	5.498718E-10
   0:17:34	0	-1.499375E+1	4.181265E+2	1.926200E-8	1.899127E-8	5.522458E-10	1.776835E-9	5.244051E-10	4.133870E-10	4.520437E-10	6.083454E-10	5.124075E-10	3.338052E-10	4.624773E-10	2.638381E-10	5.032879E-10	4.007429E-10	6.331130E-10	3.628614E-10	5.262632E-10	4.297890E-10	7.060482E-10	5.982409E-10	7.098409E-10	6.027621E-10	6.075244E-10	6.348339E-10	6.563726E-10	5.225018E-10	7.455456E-10	6.097716E-10	5.733283E-10	4.923361E-10	7.827659E-10	6.640581E-10	7.594906E-10	5.700056E-10
   0:17:48	0	-1.499345E+1	4.184391E+2	2.007200E-8	1.952007E-8	5.651103E-10	1.830619E-9	5.358460E-10	4.232589E-10	4.668682E-10	6.268890E-10	5.281999E-10	3.418588E-10	4.746475E-10	2.730013E-10	5.139101E-10	4.097739E-10	6.500255E-10	3.674052E-10	5.377921E-10	4.409280E-10	7.235339E-10	6.162410E-10	7.284233E-10	6.246405E-10	6.253820E-10	6.553699E-10	6.745708E-10	5.374189E-10	7.671727E-10	6.226469E-10	5.877251E-10	5.124066E-10	8.173703E-10	6.783785E-10	7.811294E-10	5.815277E-10
   0:18:02	0	-1.499383E+1	4.187516E+2	2.086900E-8	2.036195E-8	5.851021E-10	1.903382E-9	5.591081E-10	4.400304E-10	4.837841E-10	6.502096E-10	5.507503E-10	3.542241E-10	4.975310E-10	2.863985E-10	5.367346E-10	4.264452E-10	6.793536E-10	3.850744E-10	5.593288E-10	4.602307E-10	7.615437E-10	6.419833E-10	7.632574E-10	6.490900E-10	6.537140E-10	6.821410E-10	7.066051E-10	5.581908E-10	8.046893E-10	6.551801E-10	6.145598E-10	5.321602E-10	8.510276E-10	7.103143E-10	8.104826E-10	6.093227E-10
   0:18:16	0	-1.499314E+1	4.190642E+2	2.134200E-8	2.094227E-8	5.997328E-10	1.956221E-9	5.761752E-10	4.559147E-10	4.998139E-10	6.668043E-10	5.634465E-10	3.636092E-10	5.098284E-10	2.938558E-10	5.528576E-10	4.408425E-10	6.951251E-10	3.971916E-10	5.732647E-10	4.735208E-10	7.837809E-10	6.586629E-10	7.849892E-10	6.712188E-10	6.718236E-10	7.011655E-10	7.283413E-10	5.745567E-10	8.239842E-10	6.705668E-10	6.369758E-10	5.491921E-10	8.719918E-10	7.335054E-10	8.361988E-10	6.271137E-10
   0:18:30	0	-1.499261E+1	4.193768E+2	2.216200E-8	2.173234E-8	6.231284E-10	2.034721E-9	5.957080E-10	4.663571E-10	5.132452E-10	6.896853E-10	5.820171E-10	3.771797E-10	5.274503E-10	3.037134E-10	5.707513E-10	4.571350E-10	7.243263E-10	4.117058E-10	6.001224E-10	4.869377E-10	8.160891E-10	6.869855E-10	8.179329E-10	6.969222E-10	6.962428E-10	7.286297E-10	7.541214E-10	5.973427E-10	8.555733E-10	6.961914E-10	6.570552E-10	5.721752E-10	9.039445E-10	7.665816E-10	8.713226E-10	6.510456E-10
   0:18:54	1	-1.499284E+1	0.000000E+0	-3.679900E-9	3.166984E-9	1.128831E-10	9.539949E-11	9.633521E-11	9.600529E-11	9.807485E-11	9.774494E-11	9.885613E-11	9.854374E-11	9.729991E-11	9.675112E-11	9.673787E-11	9.466036E-11	9.647111E-11	9.257706E-11	9.571295E-11	9.360294E-11	9.078202E-11	9.642313E-11	9.272253E-11	9.522589E-11	9.679505E-11	1.004097E-10	9.970684E-11	1.017815E-10	1.032818E-10	1.024342E-10	1.010273E-10	9.997451E-11	1.164425E-10	1.046141E-10	1.030513E-10	1.046560E-10
   0:19:08	1	-1.499314E+1	0.000000E+0	2.263600E-9	3.234259E-9	1.117482E-10	9.911928E-11	9.981190E-11	1.022705E-10	1.021926E-10	9.906473E-11	1.018876E-10	9.974803E-11	1.022443E-10	1.014270E-10	1.024912E-10	9.857522E-11	1.009050E-10	9.693160E-11	1.000209E-10	1.002480E-10	9.705365E-11	9.717827E-11	9.549394E-11	9.654213E-11	9.925549E-11	9.977924E-11	1.000859E-10	1.015927E-10	1.023362E-10	1.033771E-10	1.015327E-10	1.009241E-10	1.112647E-10	1.022064E-10	1.027374E-10	1.042133E-10
   0:19:22	1	-1.499010E+1	1.000000E+1	3.739300E-9	3.479758E-9	1.200093E-10	1.058033E-10	1.120112E-10	1.096757E-10	1.087187E-10	1.084938E-10	1.108573E-10	1.100211E-10	1.091539E-10	1.079365E-10	1.074230E-10	1.083639E-10	1.092037E-10	1.060183E-10	1.067978E-10	1.039187E-10	1.075707E-10	1.015849E-10	1.033677E-10	1.033757E-10	1.087207E-10	1.084726E-10	1.081735E-10	1.092082E-10	1.136221E-10	1.111016E-10	1.044363E-10	1.104206E-10	1.100017E-10	1.105070E-10	1.111418E-10	1.136465E-10
   0:19:36	1	-1.499383E+1	2.000000E+1	3.988600E-9	3.503555E-9	1.219018E-10	1.100278E-10	1.092301E-10	1.074607E-10	1.083386E-10	1.095625E-10	1.099099E-10	1.102753E-10	1.096613E-10	1.065458E-10	1.068540E-10	1.064059E-10	1.094567E-10	1.086692E-10	1.080648E-10	1.040456E-10	1.061766E-10	1.057382E-10	1.026746E-10	1.033124E-10	1.079009E-10	1.075278E-10	1.095640E-10	1.103420E-10	1.118572E-10	1.129854E-10	1.116980E-10	1.111812E-10	1.134110E-10	1.116483E-10	1.171006E-10	1.140263E-10
   0:19:50	1	-1.499398E+1	3.000000E+1	4.194700E-9	3.518443E-9	1.224693E-10	1.088293E-10	1.092929E-10	1.088524E-10	1.080216E-10	1.099396E-10	1.104155E-10	1.106557E-10	1.097243E-10	1.081889E-10	1.102677E-10	1.076690E-10	1.093937E-10	1.066499E-10	1.074318E-10	1.042354E-10	1.054165E-10	1.068083E-10	1.041234E-10	1.043782E-10	1.085942E-10	1.068974E-10	1.095012E-10	1.117888E-10	1.117308E-10	1.129854E-10	1.094881E-10	1.114970E-10	1.215574E-10	1.120914E-10	1.166609E-10	1.128869E-10
   0:20:04	1	-1.499368E+1	4.000000E+1	4.382900E-9	3.529217E-9	1.207032E-10	1.084511E-10	1.096721E-10	1.100553E-10	1.089087E-10	1.111969E-10	1.088998E-10	1.107188E-10	1.108021E-10	1.074946E-10	1.110902E-10	1.061537E-10	1.086967E-10	1.050718E-10	1.088248E-10	1.075264E-10	1.063666E-10	1.058643E-10	1.050681E-10	1.062596E-10	1.070801E-10	1.086615E-10	1.107011E-10	1.111598E-10	1.151361E-10	1.117292E-10	1.107510E-10	1.119408E-10	1.241463E-10	1.122185E-10	1.135885E-10	1.142792E-10
   0:20:18	1	-1.499314E+1	5.000000E+1	4.525000E-9	3.533482E-9	1.203249E-10	1.083884E-10	1.099256E-10	1.096117E-10	1.112531E-10	1.101917E-10	1.124368E-10	1.104015E-10	1.108021E-10	1.096425E-10	1.095730E-10	1.073530E-10	1.111667E-10	1.068391E-10	1.094588E-10	1.073366E-10	1.074437E-10	1.063045E-10	1.053207E-10	1.055698E-10	1.079009E-10	1.120625E-10	1.125974E-10	1.109084E-10	1.130547E-10	1.128605E-10	1.148549E-10	1.136500E-10	1.104433E-10	1.131688E-10	1.109537E-10	1.116835E-10
   0:20:32	1	-1.499284E+1	6.000000E+1	4.619100E-9	3.538321E-9	1.208923E-10	1.116035E-10	1.120112E-10	1.115110E-10	1.099859E-10	1.110709E-10	1.134470E-10	1.119241E-10	1.118157E-10	1.102111E-10	1.079290E-10	1.070380E-10	1.101537E-10	1.069019E-10	1.098388E-10	1.064504E-10	1.060495E-10	1.058643E-10	1.051317E-10	1.048177E-10	1.090365E-10	1.116219E-10	1.102593E-10	1.115374E-10	1.139376E-10	1.136140E-10	1.142867E-10	1.116869E-10	1.053284E-10	1.127887E-10	1.137132E-10	1.158624E-10
   0:20:46	1	-1.507622E+1	7.000000E+1	4.770200E-9	3.544079E-9	1.207659E-10	1.121082E-10	1.103677E-10	1.096117E-10	1.105560E-10	1.114480E-10	1.122474E-10	1.123676E-10	1.131476E-10	1.095796E-10	1.058419E-10	1.084895E-10	1.104697E-10	1.087958E-10	1.099658E-10	1.053744E-10	1.080767E-10	1.079410E-10	1.073363E-10	1.059459E-10	1.087207E-10	1.102357E-10	1.112697E-10	1.131114E-10	1.151988E-10	1.154354E-10	1.021636E-10	1.117509E-10	1.098123E-10	1.134859E-10	1.169124E-10	1.155455E-10
   0:21:00	1	-1.499246E+1	8.000000E+1	4.796500E-9	3.590910E-9	1.229730E-10	1.110998E-10	1.127068E-10	1.098015E-10	1.108090E-10	1.130823E-10	1.125635E-10	1.124947E-10	1.134008E-10	1.086947E-10	1.129237E-10	1.089321E-10	1.122436E-10	1.074698E-10	1.100288E-10	1.084756E-10	1.094079E-10	1.088859E-10	1.073990E-10	1.057578E-10	1.084050E-10	1.115593E-10	1.137345E-10	1.124188E-10	1.153879E-10	1.139908E-10	1.141601E-10	1.135231E-10	1.204210E-10	1.151964E-10	1.171006E-10	1.158624E-10
   0:21:14	1	-1.499284E+1	9.000000E+1	4.880700E-9	3.631429E-9	1.233524E-10	1.120455E-10	1.114424E-10	1.124601E-10	1.147377E-10	1.147167E-10	1.147742E-10	1.134457E-10	1.144145E-10	1.110960E-10	1.122909E-10	1.108900E-10	1.120536E-10	1.092998E-10	1.128158E-10	1.122092E-10	1.113081E-10	1.077522E-10	1.067695E-10	1.090178E-10	1.104241E-10	1.120625E-10	1.133555E-10	1.145592E-10	1.160190E-10	1.168799E-10	1.159912E-10	1.142827E-10	1.241463E-10	1.169709E-10	1.120201E-10	1.178254E-10
   0:21:28	1	-1.499390E+1	1.000000E+2	5.002600E-9	3.682391E-9	1.265680E-10	1.157652E-10	1.150458E-10	1.149278E-10	1.137865E-10	1.146542E-10	1.169850E-10	1.153478E-10	1.167601E-10	1.132449E-10	1.111530E-10	1.127841E-10	1.140176E-10	1.135279E-10	1.142727E-10	1.118296E-10	1.119411E-10	1.103336E-10	1.099815E-10	1.105844E-10	1.155990E-10	1.145197E-10	1.158821E-10	1.160696E-10	1.185403E-10	1.173826E-10	1.176967E-10	1.154861E-10	1.156849E-10	1.162737E-10	1.174768E-10	1.182682E-10
   0:21:43	1	-1.499307E+1	1.200000E+2	5.452300E-9	3.898976E-9	1.317389E-10	1.213136E-10	1.212398E-10	1.219533E-10	1.215159E-10	1.231405E-10	1.228594E-10	1.211820E-10	1.232895E-10	1.208918E-10	1.213960E-10	1.185941E-10	1.209214E-10	1.176304E-10	1.208607E-10	1.188553E-10	1.177697E-10	1.173196E-10	1.169731E-10	1.177941E-10	1.219723E-10	1.221420E-10	1.236545E-10	1.233711E-10	1.253509E-10	1.247304E-10	1.245158E-10	1.235903E-10	1.182737E-10	1.250174E-10	1.226197E-10	1.264990E-10
   0:21:58	1	-1.510449E+1	1.400000E+2	5.894500E-9	4.307738E-9	1.430902E-10	1.339879E-10	1.340718E-10	1.331550E-10	1.338070E-10	1.354602E-10	1.365029E-10	1.346885E-10	1.336846E-10	1.313190E-10	1.353061E-10	1.314134E-10	1.344140E-10	1.301879E-10	1.325155E-10	1.294238E-10	1.308830E-10	1.295300E-10	1.291934E-10	1.303944E-10	1.319415E-10	1.329137E-10	1.351545E-10	1.359600E-10	1.382135E-10	1.362861E-10	1.368282E-10	1.373298E-10	1.439113E-10	1.387676E-10	1.377354E-10	1.396683E-10
   0:22:12	1	-1.499345E+1	1.600000E+2	6.506400E-9	4.977790E-9	1.672444E-10	1.556775E-10	1.540467E-10	1.526470E-10	1.535744E-10	1.560777E-10	1.557686E-10	1.547270E-10	1.533349E-10	1.509094E-10	1.562341E-10	1.502310E-10	1.538604E-10	1.509504E-10	1.532933E-10	1.502461E-10	1.526762E-10	1.509292E-10	1.515557E-10	1.489505E-10	1.524489E-10	1.551492E-10	1.565107E-10	1.572347E-10	1.617955E-10	1.594618E-10	1.574759E-10	1.568945E-10	1.643710E-10	1.596781E-10	1.621337E-10	1.617012E-10
   0:22:27	1	-1.499322E+1	1.800000E+2	7.474200E-9	5.978484E-9	1.983974E-10	1.875202E-10	1.849577E-10	1.828980E-10	1.837316E-10	1.865014E-10	1.872887E-10	1.856092E-10	1.872478E-10	1.821901E-10	1.813982E-10	1.817422E-10	1.871154E-10	1.833240E-10	1.845850E-10	1.811933E-10	1.804239E-10	1.836574E-10	1.801528E-10	1.800445E-10	1.858920E-10	1.857011E-10	1.882937E-10	1.885186E-10	1.929436E-10	1.906129E-10	1.887942E-10	1.903876E-10	1.947447E-10	1.920570E-10	1.964426E-10	1.941168E-10
   0:22:41	1	-1.499352E+1	2.000000E+2	8.697800E-9	7.370438E-9	2.395148E-10	2.303330E-10	2.279422E-10	2.260591E-10	2.262429E-10	2.295594E-10	2.300530E-10	2.286033E-10	2.306052E-10	2.257945E-10	2.240139E-10	2.256949E-10	2.275912E-10	2.269930E-10	2.267725E-10	2.226471E-10	2.278737E-10	2.244428E-10	2.244358E-10	2.254946E-10	2.296202E-10	2.306146E-10	2.312595E-10	2.318867E-10	2.383429E-10	2.374026E-10	2.371608E-10	2.346445E-10	2.320636E-10	2.356524E-10	2.406609E-10	2.404623E-10
   0:22:56	1	-1.499390E+1	2.200000E+2	1.036700E-8	9.318474E-9	2.982894E-10	2.902965E-10	2.871715E-10	2.858649E-10	2.880785E-10	2.887723E-10	2.910091E-10	2.875145E-10	2.901896E-10	2.857660E-10	2.886954E-10	2.841705E-10	2.884003E-10	2.841678E-10	2.865058E-10	2.834674E-10	2.895148E-10	2.848012E-10	2.852209E-10	2.864298E-10	2.902586E-10	2.926611E-10	2.941929E-10	2.927545E-10	3.010173E-10	2.977576E-10	2.988505E-10	2.974527E-10	2.933791E-10	3.014236E-10	3.004345E-10	3.039652E-10
   0:23:10	1	-1.499026E+1	2.400000E+2	1.322000E-8	1.202687E-8	3.828579E-10	3.722024E-10	3.688406E-10	3.659848E-10	3.697445E-10	3.712434E-10	3.723676E-10	3.709650E-10	3.744316E-10	3.686152E-10	3.689939E-10	3.659478E-10	3.702399E-10	3.629241E-10	3.691059E-10	3.669435E-10	3.744052E-10	3.702102E-10	3.708255E-10	3.697442E-10	3.736766E-10	3.785193E-10	3.794931E-10	3.784851E-10	3.881577E-10	3.861237E-10	3.823242E-10	3.836238E-10	3.984552E-10	3.887405E-10	3.884948E-10	3.941855E-10
   0:23:25	1	-1.499352E+1	2.600000E+2	1.696400E-8	1.579597E-8	4.970651E-10	4.907418E-10	4.804097E-10	4.780023E-10	4.828340E-10	4.852684E-10	4.876463E-10	4.842206E-10	4.888471E-10	4.833765E-10	4.833081E-10	4.808793E-10	4.874874E-10	4.763892E-10	4.839497E-10	4.814956E-10	4.947092E-10	4.911177E-10	4.898153E-10	4.865347E-10	4.930619E-10	4.967562E-10	5.006838E-10	5.003448E-10	5.134449E-10	5.060178E-10	5.070294E-10	5.068353E-10	5.134453E-10	5.121104E-10	5.154424E-10	5.166956E-10
   0:23:40	1	-1.499413E+1	2.800000E+2	2.227900E-8	2.113102E-8	6.589485E-10	6.570761E-10	6.439385E-10	6.389396E-10	6.416672E-10	6.478836E-10	6.487848E-10	6.450361E-10	6.532745E-10	6.430062E-10	6.446008E-10	6.412778E-10	6.488215E-10	6.403395E-10	6.445269E-10	6.421833E-10	6.626529E-10	6.574040E-10	6.571184E-10	6.561106E-10	6.611591E-10	6.654485E-10	6.726117E-10	6.677140E-10	6.869682E-10	6.828135E-10	6.791542E-10	6.806977E-10	6.835623E-10	6.880734E-10	6.963931E-10	6.928324E-10
   0:23:54	1	-1.499261E+1	3.000000E+2	3.004200E-8	2.887841E-8	8.980222E-10	8.994513E-10	8.813617E-10	8.744280E-10	8.749423E-10	8.856158E-10	8.854073E-10	8.795998E-10	8.947821E-10	8.805548E-10	8.779722E-10	8.772019E-10	8.866114E-10	8.736436E-10	8.823203E-10	8.767926E-10	9.080123E-10	8.998469E-10	8.984352E-10	8.989084E-10	9.057969E-10	9.102983E-10	9.192883E-10	9.114980E-10	9.392457E-10	9.298879E-10	9.300169E-10	9.288908E-10	9.344438E-10	9.380453E-10	9.484070E-10	9.486790E-10
   0:24:09	1	-1.499360E+1	3.200000E+2	4.175900E-8	4.061334E-8	1.258177E-9	1.269573E-9	1.236991E-9	1.228135E-9	1.231001E-9	1.241396E-9	1.243625E-9	1.235790E-9	1.256346E-9	1.237289E-9	1.239820E-9	1.233805E-9	1.247160E-9	1.226724E-9	1.239645E-9	1.235888E-9	1.277919E-9	1.265275E-9	1.264914E-9	1.264891E-9	1.272786E-9	1.281323E-9	1.292211E-9	1.283626E-9	1.320719E-9	1.308287E-9	1.307921E-9	1.305424E-9	1.322101E-9	1.320766E-9	1.330567E-9	1.333241E-9
   0:24:23	1	-1.499398E+1	3.400000E+2	6.033000E-8	5.911787E-8	1.827576E-9	1.854390E-9	1.794267E-9	1.786448E-9	1.790370E-9	1.804483E-9	1.805809E-9	1.792683E-9	1.828928E-9	1.801302E-9	1.804502E-9	1.795389E-9	1.814649E-9	1.783637E-9	1.801571E-9	1.797697E-9	1.863917E-9	1.844193E-9	1.846444E-9	1.843267E-9	1.852167E-9	1.864566E-9	1.880848E-9	1.868378E-9	1.926349E-9	1.904430E-9	1.901519E-9	1.903369E-9	1.925278E-9	1.925832E-9	1.938774E-9	1.944843E-9
   0:24:38	1	-1.499337E+1	3.600000E+2	9.128000E-8	9.006274E-8	2.777500E-9	2.834867E-9	2.730373E-9	2.716443E-9	2.715429E-9	2.743153E-9	2.741498E-9	2.723840E-9	2.787480E-9	2.741388E-9	2.743237E-9	2.732963E-9	2.760424E-9	2.712753E-9	2.741854E-9	2.734994E-9	2.844786E-9	2.816801E-9	2.814862E-9	2.810446E-9	2.822770E-9	2.845103E-9	2.867621E-9	2.846159E-9	2.935586E-9	2.907362E-9	2.898342E-9	2.905137E-9	2.947182E-9	2.938142E-9	2.960127E-9	2.964118E-9
   0:24:52	1	-1.499390E+1	3.620000E+2	9.490000E-8	9.449716E-8	2.912709E-9	2.968981E-9	2.863370E-9	2.851433E-9	2.848982E-9	2.876539E-9	2.877938E-9	2.856246E-9	2.923637E-9	2.877636E-9	2.878543E-9	2.869491E-9	2.899399E-9	2.847232E-9	2.876080E-9	2.866949E-9	2.985235E-9	2.953442E-9	2.956466E-9	2.953002E-9	2.963672E-9	2.985954E-9	3.007262E-9	2.985518E-9	3.084014E-9	3.049803E-9	3.041674E-9	3.047279E-9	3.088504E-9	3.078874E-9	3.109153E-9	3.112143E-9
   0:25:06	1	-1.499421E+1	3.640000E+2	9.957000E-8	9.892390E-8	3.047853E-9	3.113498E-9	2.998390E-9	2.979271E-9	2.983994E-9	3.009486E-9	3.011346E-9	2.991124E-9	3.060935E-9	3.009713E-9	3.010561E-9	3.001410E-9	3.032356E-9	2.980828E-9	3.011827E-9	3.000487E-9	3.124988E-9	3.092979E-9	3.094856E-9	3.095747E-9	3.106152E-9	3.127811E-9	3.151389E-9	3.125947E-9	3.229857E-9	3.192118E-9	3.186396E-9	3.190560E-9	3.219849E-9	3.228478E-9	3.255356E-9	3.258333E-9
   0:25:20	1	-1.499398E+1	3.660000E+2	1.048300E-7	1.039314E-7	3.202862E-9	3.272707E-9	3.150098E-9	3.128817E-9	3.130599E-9	3.162232E-9	3.164020E-9	3.141033E-9	3.214904E-9	3.163466E-9	3.163634E-9	3.154230E-9	3.190713E-9	3.133735E-9	3.161192E-9	3.151492E-9	3.286723E-9	3.251965E-9	3.250569E-9	3.248648E-9	3.263144E-9	3.285607E-9	3.308657E-9	3.284252E-9	3.390706E-9	3.352082E-9	3.345576E-9	3.355305E-9	3.387061E-9	3.388662E-9	3.421065E-9	3.425606E-9
   0:25:34	1	-1.499314E+1	3.680000E+2	1.091100E-7	1.090495E-7	3.358188E-9	3.434754E-9	3.304462E-9	3.286653E-9	3.284236E-9	3.314601E-9	3.315241E-9	3.294619E-9	3.373247E-9	3.318988E-9	3.324737E-9	3.311471E-9	3.345777E-9	3.283613E-9	3.319235E-9	3.307307E-9	3.446748E-9	3.410887E-9	3.407352E-9	3.407942E-9	3.419947E-9	3.445922E-9	3.474520E-9	3.446963E-9	3.556726E-9	3.518075E-9	3.510566E-9	3.518341E-9	3.568040E-9	3.557718E-9	3.587841E-9	3.594777E-9
   0:25:48	1	-1.499383E+1	3.700000E+2	1.149100E-7	1.147060E-7	3.529846E-9	3.612437E-9	3.475955E-9	3.453223E-9	3.455804E-9	3.487085E-9	3.491665E-9	3.465009E-9	3.548324E-9	3.491003E-9	3.497411E-9	3.479826E-9	3.517942E-9	3.457534E-9	3.488302E-9	3.480464E-9	3.629833E-9	3.588503E-9	3.588954E-9	3.582909E-9	3.599087E-9	3.626772E-9	3.654662E-9	3.620313E-9	3.742986E-9	3.698764E-9	3.695319E-9	3.703030E-9	3.747628E-9	3.742109E-9	3.774561E-9	3.778701E-9
   0:26:02	1	-1.499254E+1	3.720000E+2	1.210600E-7	1.205141E-7	3.709135E-9	3.797876E-9	3.652695E-9	3.627830E-9	3.627751E-9	3.664598E-9	3.664552E-9	3.638888E-9	3.728536E-9	3.666685E-9	3.672233E-9	3.658789E-9	3.695683E-9	3.628110E-9	3.663322E-9	3.655012E-9	3.811651E-9	3.770020E-9	3.771815E-9	3.770790E-9	3.784474E-9	3.808693E-9	3.840428E-9	3.804991E-9	3.932021E-9	3.891827E-9	3.884619E-9	3.890949E-9	3.923555E-9	3.934040E-9	3.969248E-9	3.973262E-9
   0:26:16	1	-1.499337E+1	3.740000E+2	1.277400E-7	1.271661E-7	3.909803E-9	4.006708E-9	3.850295E-9	3.827625E-9	3.826561E-9	3.860528E-9	3.865549E-9	3.836483E-9	3.933024E-9	3.868845E-9	3.865835E-9	3.858909E-9	3.899774E-9	3.830113E-9	3.863236E-9	3.853609E-9	4.021787E-9	3.981937E-9	3.982393E-9	3.976726E-9	3.995101E-9	4.022930E-9	4.054375E-9	4.014974E-9	4.154853E-9	4.106996E-9	4.099681E-9	4.108751E-9	4.144758E-9	4.155941E-9	4.193666E-9	4.194352E-9
   0:26:30	1	-1.499322E+1	3.760000E+2	1.345400E-7	1.340537E-7	4.122515E-9	4.227396E-9	4.060412E-9	4.032293E-9	4.035002E-9	4.070664E-9	4.067555E-9	4.043526E-9	4.144105E-9	4.083770E-9	4.082008E-9	4.067111E-9	4.110707E-9	4.035650E-9	4.071954E-9	4.062966E-9	4.241047E-9	4.193794E-9	4.200973E-9	4.192005E-9	4.211725E-9	4.237104E-9	4.270156E-9	4.233770E-9	4.381279E-9	4.329452E-9	4.318343E-9	4.331115E-9	4.379539E-9	4.379620E-9	4.417831E-9	4.418289E-9
   0:26:44	1	-1.499330E+1	3.780000E+2	1.419800E-7	1.417694E-7	4.353455E-9	4.469141E-9	4.289303E-9	4.263481E-9	4.268090E-9	4.301609E-9	4.304307E-9	4.270355E-9	4.388023E-9	4.315318E-9	4.317847E-9	4.303921E-9	4.345458E-9	4.267694E-9	4.303670E-9	4.292830E-9	4.489446E-9	4.439574E-9	4.439833E-9	4.437247E-9	4.455352E-9	4.484789E-9	4.518286E-9	4.477491E-9	4.632107E-9	4.578976E-9	4.569268E-9	4.585830E-9	4.630610E-9	4.632887E-9	4.667524E-9	4.675655E-9
   0:26:58	1	-1.499413E+1	3.800000E+2	1.500900E-7	1.499659E-7	4.604321E-9	4.729739E-9	4.534944E-9	4.511057E-9	4.512770E-9	4.548392E-9	4.545603E-9	4.516587E-9	4.640815E-9	4.563294E-9	4.563612E-9	4.549698E-9	4.598576E-9	4.513809E-9	4.553245E-9	4.541743E-9	4.745449E-9	4.697626E-9	4.699229E-9	4.696595E-9	4.714693E-9	4.747026E-9	4.777411E-9	4.737892E-9	4.902165E-9	4.847341E-9	4.836232E-9	4.852068E-9	4.887301E-9	4.903959E-9	4.941302E-9	4.951447E-9
   0:27:12	1	-1.499330E+1	3.820000E+2	1.593700E-7	1.589185E-7	4.879089E-9	5.013604E-9	4.803532E-9	4.771544E-9	4.773985E-9	4.816170E-9	4.813809E-9	4.778039E-9	4.914903E-9	4.835979E-9	4.830493E-9	4.821238E-9	4.873294E-9	4.779549E-9	4.824928E-9	4.806603E-9	5.035851E-9	4.979595E-9	4.982560E-9	4.977757E-9	4.999336E-9	5.033198E-9	5.067117E-9	5.020512E-9	5.199400E-9	5.135552E-9	5.129843E-9	5.140214E-9	5.189710E-9	5.197969E-9	5.243932E-9	5.249207E-9
   0:27:26	1	-1.499664E+1	3.840000E+2	1.698500E-7	1.690312E-7	5.189108E-9	5.339147E-9	5.112510E-9	5.077786E-9	5.078790E-9	5.126000E-9	5.120230E-9	5.080962E-9	5.230954E-9	5.142662E-9	5.139864E-9	5.130353E-9	5.184054E-9	5.083469E-9	5.128601E-9	5.113296E-9	5.359576E-9	5.299203E-9	5.302427E-9	5.292838E-9	5.314899E-9	5.353136E-9	5.387596E-9	5.339452E-9	5.528981E-9	5.460128E-9	5.449658E-9	5.469705E-9	5.514601E-9	5.528352E-9	5.577860E-9	5.575015E-9
   0:27:40	1	-1.499292E+1	3.860000E+2	1.800100E-7	1.793890E-7	5.505938E-9	5.663492E-9	5.416560E-9	5.383461E-9	5.387144E-9	5.435455E-9	5.427347E-9	5.387311E-9	5.549226E-9	5.456994E-9	5.463461E-9	5.442436E-9	5.497160E-9	5.389915E-9	5.443232E-9	5.423092E-9	5.691219E-9	5.626363E-9	5.628215E-9	5.624153E-9	5.632670E-9	5.681326E-9	5.718183E-9	5.666512E-9	5.865877E-9	5.798709E-9	5.789045E-9	5.809959E-9	5.868600E-9	5.871026E-9	5.920255E-9	5.924628E-9
   0:27:54	1	-1.499292E+1	3.880000E+2	1.916000E-7	1.911777E-7	5.864581E-9	6.033488E-9	5.775666E-9	5.728118E-9	5.735853E-9	5.781806E-9	5.780260E-9	5.737287E-9	5.908762E-9	5.814297E-9	5.815636E-9	5.798659E-9	5.859671E-9	5.747412E-9	5.798402E-9	5.779910E-9	6.061950E-9	5.996763E-9	5.995954E-9	5.996153E-9	6.021048E-9	6.060223E-9	6.096539E-9	6.042983E-9	6.262674E-9	6.187407E-9	6.172380E-9	6.196243E-9	6.245018E-9	6.259006E-9	6.308877E-9	6.314638E-9
   0:28:08	1	-1.499352E+1	3.900000E+2	2.044600E-7	2.041670E-7	6.243275E-9	6.434002E-9	6.157276E-9	6.112330E-9	6.106611E-9	6.160654E-9	6.156102E-9	6.115101E-9	6.307346E-9	6.203639E-9	6.210868E-9	6.189172E-9	6.251701E-9	6.140186E-9	6.188412E-9	6.167865E-9	6.487038E-9	6.417012E-9	6.415725E-9	6.412039E-9	6.432208E-9	6.475406E-9	6.518938E-9	6.452123E-9	6.693014E-9	6.611907E-9	6.604273E-9	6.625392E-9	6.683510E-9	6.693688E-9	6.750496E-9	6.749723E-9
   0:28:22	1	-1.499322E+1	3.920000E+2	2.196100E-7	2.188266E-7	6.699478E-9	6.903685E-9	6.598369E-9	6.552172E-9	6.551624E-9	6.601044E-9	6.599913E-9	6.549100E-9	6.767287E-9	6.651818E-9	6.655041E-9	6.639236E-9	6.703845E-9	6.576063E-9	6.624602E-9	6.600125E-9	6.946778E-9	6.875024E-9	6.878076E-9	6.874000E-9	6.895613E-9	6.943752E-9	6.984363E-9	6.920744E-9	7.166421E-9	7.081876E-9	7.074869E-9	7.103609E-9	7.164498E-9	7.169427E-9	7.238781E-9	7.235396E-9
   0:28:36	1	-1.499276E+1	3.940000E+2	2.351000E-7	2.346802E-7	7.184750E-9	7.406659E-9	7.072332E-9	7.020681E-9	7.011967E-9	7.076884E-9	7.071073E-9	7.020132E-9	7.253916E-9	7.133362E-9	7.132532E-9	7.111780E-9	7.188038E-9	7.048225E-9	7.105575E-9	7.075798E-9	7.452003E-9	7.368407E-9	7.378914E-9	7.367556E-9	7.396184E-9	7.446807E-9	7.493577E-9	7.419579E-9	7.697269E-9	7.606421E-9	7.591560E-9	7.618928E-9	7.699414E-9	7.699659E-9	7.763631E-9	7.766590E-9
   0:28:50	1	-1.499398E+1	3.960000E+2	2.538000E-7	2.533515E-7	7.744626E-9	7.981892E-9	7.620947E-9	7.567349E-9	7.565126E-9	7.631864E-9	7.616264E-9	7.557302E-9	7.826117E-9	7.696995E-9	7.704675E-9	7.684478E-9	7.755211E-9	7.608608E-9	7.658442E-9	7.630581E-9	8.061757E-9	7.968914E-9	7.978018E-9	7.961604E-9	7.992224E-9	8.049515E-9	8.105403E-9	8.012388E-9	8.309518E-9	8.216444E-9	8.196648E-9	8.235550E-9	8.320713E-9	8.315687E-9	8.386205E-9	8.390414E-9
   0:29:04	1	-1.499368E+1	3.980000E+2	2.735700E-7	2.734058E-7	8.344989E-9	8.613308E-9	8.215897E-9	8.162557E-9	8.156488E-9	8.218397E-9	8.202514E-9	8.141272E-9	8.445799E-9	8.307961E-9	8.304889E-9	8.277637E-9	8.371348E-9	8.196129E-9	8.261352E-9	8.227006E-9	8.707689E-9	8.601648E-9	8.607234E-9	8.603864E-9	8.636476E-9	8.696006E-9	8.746994E-9	8.645549E-9	8.986149E-9	8.872946E-9	8.856990E-9	8.910236E-9	8.974157E-9	8.990711E-9	9.061711E-9	9.059948E-9
   0:29:18	1	-1.499352E+1	4.000000E+2	2.975900E-7	2.969712E-7	9.068455E-9	9.374737E-9	8.924819E-9	8.859217E-9	8.844725E-9	8.921034E-9	8.904298E-9	8.829241E-9	9.172921E-9	9.016693E-9	9.019612E-9	8.997032E-9	9.081236E-9	8.905698E-9	8.959217E-9	8.923115E-9	9.457386E-9	9.347419E-9	9.354869E-9	9.348869E-9	9.382820E-9	9.446053E-9	9.497767E-9	9.392322E-9	9.770598E-9	9.633323E-9	9.626184E-9	9.681536E-9	9.754208E-9	9.780357E-9	9.849301E-9	9.846103E-9
   0:29:32	1	-1.499322E+1	4.020000E+2	3.228100E-7	3.230098E-7	9.843566E-9	1.018963E-8	9.692590E-9	9.626184E-9	9.610252E-9	9.690361E-9	9.665078E-9	9.579289E-9	9.976361E-9	9.807322E-9	9.811090E-9	9.784437E-9	9.881954E-9	9.676921E-9	9.735627E-9	9.691368E-9	1.029761E-8	1.017696E-8	1.018609E-8	1.017644E-8	1.021889E-8	1.027931E-8	1.033984E-8	1.021532E-8	1.063109E-8	1.049294E-8	1.048163E-8	1.054205E-8	1.063353E-8	1.063673E-8	1.071366E-8	1.072565E-8
   0:29:46	1	-1.499284E+1	4.040000E+2	3.548800E-7	3.544242E-7	1.079709E-8	1.116564E-8	1.061662E-8	1.053371E-8	1.051428E-8	1.060464E-8	1.057702E-8	1.048521E-8	1.095228E-8	1.076112E-8	1.076348E-8	1.072656E-8	1.082640E-8	1.059398E-8	1.067072E-8	1.061658E-8	1.132036E-8	1.117701E-8	1.119615E-8	1.117985E-8	1.121499E-8	1.129884E-8	1.136655E-8	1.121752E-8	1.168194E-8	1.153003E-8	1.151697E-8	1.158269E-8	1.168296E-8	1.169574E-8	1.177810E-8	1.177917E-8
   0:30:00	1	-1.499284E+1	4.060000E+2	3.909800E-7	3.907256E-7	1.187068E-8	1.229189E-8	1.169318E-8	1.160161E-8	1.157213E-8	1.166457E-8	1.162287E-8	1.152353E-8	1.205580E-8	1.185306E-8	1.185409E-8	1.182421E-8	1.193636E-8	1.167582E-8	1.175409E-8	1.169349E-8	1.249413E-8	1.234958E-8	1.235574E-8	1.234093E-8	1.237855E-8	1.246375E-8	1.253681E-8	1.236273E-8	1.289579E-8	1.271566E-8	1.271250E-8	1.279340E-8	1.290049E-8	1.291259E-8	1.301171E-8	1.301390E-8
   0:30:14	1	-1.499216E+1	4.080000E+2	4.317500E-7	4.323590E-7	1.310584E-8	1.359142E-8	1.289187E-8	1.279019E-8	1.276328E-8	1.285165E-8	1.280788E-8	1.270333E-8	1.333592E-8	1.311026E-8	1.311996E-8	1.306358E-8	1.319549E-8	1.291094E-8	1.298063E-8	1.291179E-8	1.385954E-8	1.368189E-8	1.370438E-8	1.368494E-8	1.373861E-8	1.381122E-8	1.388728E-8	1.369156E-8	1.430277E-8	1.412086E-8	1.409052E-8	1.419361E-8	1.429459E-8	1.431478E-8	1.442187E-8	1.442660E-8
   0:30:28	1	-1.499330E+1	4.100000E+2	4.846900E-7	4.841894E-7	1.464755E-8	1.520350E-8	1.440870E-8	1.430325E-8	1.424834E-8	1.435737E-8	1.430190E-8	1.417229E-8	1.491859E-8	1.465468E-8	1.466732E-8	1.461585E-8	1.476374E-8	1.442404E-8	1.448955E-8	1.442064E-8	1.553454E-8	1.534947E-8	1.537319E-8	1.535807E-8	1.542122E-8	1.549790E-8	1.558698E-8	1.534788E-8	1.604501E-8	1.582030E-8	1.582130E-8	1.594674E-8	1.605973E-8	1.608132E-8	1.618126E-8	1.616720E-8
   0:30:42	1	-1.499436E+1	4.103126E+2	4.919800E-7	4.910484E-7	1.485762E-8	1.540148E-8	1.461926E-8	1.449677E-8	1.444316E-8	1.456606E-8	1.450473E-8	1.436754E-8	1.514032E-8	1.487643E-8	1.488451E-8	1.483516E-8	1.498398E-8	1.463646E-8	1.470606E-8	1.460905E-8	1.575786E-8	1.556089E-8	1.557929E-8	1.556231E-8	1.562049E-8	1.572449E-8	1.579461E-8	1.556604E-8	1.627244E-8	1.603823E-8	1.603548E-8	1.617271E-8	1.629179E-8	1.630899E-8	1.641528E-8	1.641894E-8
   0:30:56	1	-1.499383E+1	4.106251E+2	4.995900E-7	4.994662E-7	1.509896E-8	1.566946E-8	1.485732E-8	1.473752E-8	1.469044E-8	1.481643E-8	1.473705E-8	1.460172E-8	1.539013E-8	1.512991E-8	1.515600E-8	1.509325E-8	1.523292E-8	1.489317E-8	1.495963E-8	1.485043E-8	1.603318E-8	1.582303E-8	1.586061E-8	1.584630E-8	1.591277E-8	1.600090E-8	1.606656E-8	1.584288E-8	1.654540E-8	1.632299E-8	1.631684E-8	1.646104E-8	1.655511E-8	1.658120E-8	1.669727E-8	1.668580E-8
   0:31:10	1	-1.499383E+1	4.109377E+2	5.074800E-7	5.090965E-7	1.534156E-8	1.591322E-8	1.509942E-8	1.498655E-8	1.494361E-8	1.505586E-8	1.498132E-8	1.485855E-8	1.566175E-8	1.540569E-8	1.542592E-8	1.538386E-8	1.554216E-8	1.517090E-8	1.526362E-8	1.515415E-8	1.635995E-8	1.616152E-8	1.618835E-8	1.617918E-8	1.623951E-8	1.632480E-8	1.641023E-8	1.615930E-8	1.689346E-8	1.665297E-8	1.664695E-8	1.678844E-8	1.690431E-8	1.693737E-8	1.702900E-8	1.703307E-8
   0:31:24	1	-1.499337E+1	4.112502E+2	5.220900E-7	5.217473E-7	1.576043E-8	1.636065E-8	1.549728E-8	1.535576E-8	1.531678E-8	1.542748E-8	1.537472E-8	1.522710E-8	1.606103E-8	1.578947E-8	1.579675E-8	1.574994E-8	1.589638E-8	1.553578E-8	1.560232E-8	1.550691E-8	1.676863E-8	1.657101E-8	1.659212E-8	1.656742E-8	1.662719E-8	1.672253E-8	1.680356E-8	1.653942E-8	1.732008E-8	1.709593E-8	1.705105E-8	1.721158E-8	1.732405E-8	1.735507E-8	1.747451E-8	1.746436E-8
   0:31:38	1	-1.499352E+1	4.115628E+2	5.310100E-7	5.324311E-7	1.605330E-8	1.665643E-8	1.579583E-8	1.567232E-8	1.561949E-8	1.573769E-8	1.564533E-8	1.550219E-8	1.638158E-8	1.611044E-8	1.612148E-8	1.607383E-8	1.622671E-8	1.583769E-8	1.591188E-8	1.579855E-8	1.712099E-8	1.689552E-8	1.694222E-8	1.691528E-8	1.697960E-8	1.707183E-8	1.714887E-8	1.688215E-8	1.771195E-8	1.745134E-8	1.743149E-8	1.760520E-8	1.772206E-8	1.773582E-8	1.784200E-8	1.782999E-8
   0:31:52	1	-1.509150E+1	4.118754E+2	5.452700E-7	5.451186E-7	1.646958E-8	1.706243E-8	1.617459E-8	1.605578E-8	1.599316E-8	1.609391E-8	1.603602E-8	1.587164E-8	1.681135E-8	1.650932E-8	1.653246E-8	1.646826E-8	1.661773E-8	1.621437E-8	1.628346E-8	1.617891E-8	1.754158E-8	1.731533E-8	1.734864E-8	1.731267E-8	1.739247E-8	1.747737E-8	1.755762E-8	1.727109E-8	1.810787E-8	1.783897E-8	1.783048E-8	1.800770E-8	1.812071E-8	1.814491E-8	1.823959E-8	1.823867E-8
   0:32:06	1	-1.493416E+1	4.121879E+2	5.538800E-7	5.522461E-7	1.670285E-8	1.731344E-8	1.639969E-8	1.626867E-8	1.619483E-8	1.631486E-8	1.623303E-8	1.608122E-8	1.703828E-8	1.673095E-8	1.672707E-8	1.667874E-8	1.682410E-8	1.642678E-8	1.651194E-8	1.637497E-8	1.776191E-8	1.753203E-8	1.757150E-8	1.753171E-8	1.761615E-8	1.771743E-8	1.778635E-8	1.749680E-8	1.833448E-8	1.808900E-8	1.806720E-8	1.824874E-8	1.834450E-8	1.837536E-8	1.848633E-8	1.846514E-8
   0:32:20	1	-1.499330E+1	4.125005E+2	5.627400E-7	5.629654E-7	1.698241E-8	1.763672E-8	1.670879E-8	1.655289E-8	1.648189E-8	1.662469E-8	1.652436E-8	1.636334E-8	1.733747E-8	1.703883E-8	1.704504E-8	1.698893E-8	1.713911E-8	1.673462E-8	1.679199E-8	1.667496E-8	1.813119E-8	1.788280E-8	1.793345E-8	1.790704E-8	1.795942E-8	1.806591E-8	1.813621E-8	1.787441E-8	1.871388E-8	1.844925E-8	1.844188E-8	1.861248E-8	1.873462E-8	1.875796E-8	1.887414E-8	1.886478E-8
   0:32:34	1	-1.499322E+1	4.128130E+2	5.750700E-7	5.747527E-7	1.732819E-8	1.799499E-8	1.703794E-8	1.689223E-8	1.681799E-8	1.693420E-8	1.685061E-8	1.667235E-8	1.770316E-8	1.738539E-8	1.739716E-8	1.733637E-8	1.750358E-8	1.708991E-8	1.716483E-8	1.702007E-8	1.850040E-8	1.824929E-8	1.830131E-8	1.826832E-8	1.836054E-8	1.843920E-8	1.852272E-8	1.823584E-8	1.911635E-8	1.884617E-8	1.884549E-8	1.903283E-8	1.915752E-8	1.918592E-8	1.928471E-8	1.927713E-8
   0:32:48	1	-1.499428E+1	4.131256E+2	5.856400E-7	5.864230E-7	1.766961E-8	1.833320E-8	1.736392E-8	1.721018E-8	1.712584E-8	1.725692E-8	1.716259E-8	1.698346E-8	1.806250E-8	1.775211E-8	1.774743E-8	1.767788E-8	1.784811E-8	1.742891E-8	1.748561E-8	1.735366E-8	1.890312E-8	1.864852E-8	1.869192E-8	1.867611E-8	1.874066E-8	1.884972E-8	1.892370E-8	1.858379E-8	1.954019E-8	1.925284E-8	1.924372E-8	1.944475E-8	1.956033E-8	1.956585E-8	1.967553E-8	1.966030E-8
   0:33:03	1	-1.499292E+1	4.134381E+2	5.976600E-7	5.981558E-7	1.798619E-8	1.869424E-8	1.770843E-8	1.754927E-8	1.746999E-8	1.760924E-8	1.749258E-8	1.731244E-8	1.842267E-8	1.811826E-8	1.812452E-8	1.804497E-8	1.822462E-8	1.776950E-8	1.783172E-8	1.769118E-8	1.930325E-8	1.902654E-8	1.907981E-8	1.905163E-8	1.912733E-8	1.922502E-8	1.929150E-8	1.897071E-8	1.992230E-8	1.965190E-8	1.963356E-8	1.980862E-8	1.991755E-8	1.996144E-8	2.007832E-8	2.005645E-8
   0:33:17	1	-1.499337E+1	4.137507E+2	6.148200E-7	6.143385E-7	1.848830E-8	1.920346E-8	1.819636E-8	1.802380E-8	1.793844E-8	1.808006E-8	1.797719E-8	1.779641E-8	1.893218E-8	1.860884E-8	1.858083E-8	1.852440E-8	1.871445E-8	1.824904E-8	1.830028E-8	1.816805E-8	1.980740E-8	1.956184E-8	1.957706E-8	1.955409E-8	1.966078E-8	1.976462E-8	1.981190E-8	1.948610E-8	2.044785E-8	2.015484E-8	2.014457E-8	2.035801E-8	2.049692E-8	2.050415E-8	2.061829E-8	2.060803E-8
   0:33:31	1	-1.499261E+1	4.140633E+2	6.262300E-7	6.264975E-7	1.878022E-8	1.951753E-8	1.846691E-8	1.827878E-8	1.821531E-8	1.835864E-8	1.826334E-8	1.806915E-8	1.922611E-8	1.889385E-8	1.890494E-8	1.885296E-8	1.905612E-8	1.858679E-8	1.864544E-8	1.850145E-8	2.020797E-8	1.993092E-8	2.000074E-8	1.998966E-8	2.009188E-8	2.020632E-8	2.028466E-8	1.992999E-8	2.093229E-8	2.063078E-8	2.062066E-8	2.083724E-8	2.099174E-8	2.100511E-8	2.112583E-8	2.109415E-8
   0:33:45	1	-1.499330E+1	4.143758E+2	6.403800E-7	6.406802E-7	1.924002E-8	1.996968E-8	1.891691E-8	1.875292E-8	1.866323E-8	1.877502E-8	1.866426E-8	1.849218E-8	1.968314E-8	1.937312E-8	1.937364E-8	1.930050E-8	1.948514E-8	1.900342E-8	1.905249E-8	1.891701E-8	2.066517E-8	2.039925E-8	2.044734E-8	2.043964E-8	2.053232E-8	2.065123E-8	2.069347E-8	2.035153E-8	2.135337E-8	2.109126E-8	2.108842E-8	2.129906E-8	2.144576E-8	2.143922E-8	2.157316E-8	2.154728E-8
   0:33:59	1	-1.509347E+1	4.146884E+2	6.573300E-7	6.583148E-7	1.976565E-8	2.053678E-8	1.942425E-8	1.925054E-8	1.915855E-8	1.926444E-8	1.916258E-8	1.896492E-8	2.023785E-8	1.990099E-8	1.990987E-8	1.983954E-8	2.001887E-8	1.951117E-8	1.957597E-8	1.942002E-8	2.129419E-8	2.099793E-8	2.102100E-8	2.100699E-8	2.110022E-8	2.120878E-8	2.127686E-8	2.090494E-8	2.199740E-8	2.164376E-8	2.166497E-8	2.190295E-8	2.201800E-8	2.204347E-8	2.215039E-8	2.214097E-8
   0:34:13	1	-1.499352E+1	4.150009E+2	6.717100E-7	6.715717E-7	2.018238E-8	2.095703E-8	1.984726E-8	1.965310E-8	1.955851E-8	1.966642E-8	1.955308E-8	1.933303E-8	2.068454E-8	2.028831E-8	2.031788E-8	2.021679E-8	2.042997E-8	1.987839E-8	1.992329E-8	1.977070E-8	2.172821E-8	2.142466E-8	2.145167E-8	2.143892E-8	2.152286E-8	2.163498E-8	2.168940E-8	2.128908E-8	2.243928E-8	2.210336E-8	2.209882E-8	2.235427E-8	2.245813E-8	2.248835E-8	2.260273E-8	2.258625E-8
   0:34:27	1	-1.499352E+1	4.153135E+2	6.864300E-7	6.855547E-7	2.059557E-8	2.139393E-8	2.023299E-8	2.005080E-8	1.992490E-8	2.005300E-8	1.991206E-8	1.969055E-8	2.109923E-8	2.069282E-8	2.072658E-8	2.066408E-8	2.083144E-8	2.029634E-8	2.036638E-8	2.020258E-8	2.217560E-8	2.185687E-8	2.191471E-8	2.189098E-8	2.199529E-8	2.211448E-8	2.216570E-8	2.175664E-8	2.291067E-8	2.256517E-8	2.258337E-8	2.282938E-8	2.295535E-8	2.298500E-8	2.308838E-8	2.303393E-8
   0:34:41	1	-1.490520E+1	4.156261E+2	7.026800E-7	7.008362E-7	2.104754E-8	2.188120E-8	2.069051E-8	2.048912E-8	2.035680E-8	2.050967E-8	2.037671E-8	2.015296E-8	2.154510E-8	2.120192E-8	2.117473E-8	2.107107E-8	2.128472E-8	2.075967E-8	2.080542E-8	2.065566E-8	2.263679E-8	2.235057E-8	2.239042E-8	2.239043E-8	2.250690E-8	2.258012E-8	2.265400E-8	2.225831E-8	2.340066E-8	2.307923E-8	2.306982E-8	2.335091E-8	2.347139E-8	2.348533E-8	2.361235E-8	2.359615E-8
   0:34:55	1	-1.499314E+1	4.159386E+2	7.174300E-7	7.166281E-7	2.152657E-8	2.235927E-8	2.112977E-8	2.093409E-8	2.080301E-8	2.094289E-8	2.081565E-8	2.055640E-8	2.204111E-8	2.162393E-8	2.163850E-8	2.155953E-8	2.177145E-8	2.121303E-8	2.126580E-8	2.106076E-8	2.318352E-8	2.284175E-8	2.292237E-8	2.291339E-8	2.300009E-8	2.312128E-8	2.319392E-8	2.275481E-8	2.396896E-8	2.359153E-8	2.362218E-8	2.389908E-8	2.401849E-8	2.404648E-8	2.417584E-8	2.413260E-8
   0:35:09	1	-1.499368E+1	4.162512E+2	7.357000E-7	7.394062E-7	2.209711E-8	2.300784E-8	2.177706E-8	2.156499E-8	2.140743E-8	2.157594E-8	2.140412E-8	2.115628E-8	2.272849E-8	2.231162E-8	2.231118E-8	2.223245E-8	2.245967E-8	2.184920E-8	2.191096E-8	2.169814E-8	2.398212E-8	2.362705E-8	2.367889E-8	2.365037E-8	2.378360E-8	2.388072E-8	2.394324E-8	2.348383E-8	2.476280E-8	2.440252E-8	2.441228E-8	2.469660E-8	2.483845E-8	2.484981E-8	2.497303E-8	2.494839E-8
   0:35:23	1	-1.499276E+1	4.165637E+2	7.586800E-7	7.588325E-7	2.268707E-8	2.359392E-8	2.226588E-8	2.205951E-8	2.191744E-8	2.206845E-8	2.190838E-8	2.166308E-8	2.327407E-8	2.285655E-8	2.289982E-8	2.281639E-8	2.303964E-8	2.243212E-8	2.246491E-8	2.225856E-8	2.461734E-8	2.427665E-8	2.432480E-8	2.430466E-8	2.442053E-8	2.454730E-8	2.461408E-8	2.412367E-8	2.545249E-8	2.507209E-8	2.507489E-8	2.540123E-8	2.555169E-8	2.555417E-8	2.564020E-8	2.565097E-8
   0:35:37	1	-1.499314E+1	4.168763E+2	7.771600E-7	7.760628E-7	2.322267E-8	2.413832E-8	2.280242E-8	2.254884E-8	2.243557E-8	2.257653E-8	2.240310E-8	2.215054E-8	2.382503E-8	2.338789E-8	2.338313E-8	2.332038E-8	2.353106E-8	2.292163E-8	2.295969E-8	2.276277E-8	2.518738E-8	2.483090E-8	2.489852E-8	2.487388E-8	2.499272E-8	2.510132E-8	2.517448E-8	2.466839E-8	2.601114E-8	2.560003E-8	2.564222E-8	2.598550E-8	2.611995E-8	2.613370E-8	2.625637E-8	2.621668E-8
   0:35:51	1	-1.498205E+1	4.171889E+2	7.942500E-7	7.931882E-7	2.369432E-8	2.463675E-8	2.327392E-8	2.305178E-8	2.289597E-8	2.301843E-8	2.286472E-8	2.262728E-8	2.434469E-8	2.387272E-8	2.389066E-8	2.381900E-8	2.406225E-8	2.342087E-8	2.347031E-8	2.323946E-8	2.573638E-8	2.539421E-8	2.546877E-8	2.542919E-8	2.556617E-8	2.569395E-8	2.575181E-8	2.521733E-8	2.663430E-8	2.621790E-8	2.622862E-8	2.658516E-8	2.669339E-8	2.672185E-8	2.685272E-8	2.681327E-8
   0:36:05	1	-1.499284E+1	4.175014E+2	8.174700E-7	8.179812E-7	2.438146E-8	2.538671E-8	2.396040E-8	2.372635E-8	2.356881E-8	2.373891E-8	2.354269E-8	2.326147E-8	2.509190E-8	2.463226E-8	2.463490E-8	2.455905E-8	2.479773E-8	2.411580E-8	2.412143E-8	2.390348E-8	2.656970E-8	2.616541E-8	2.626687E-8	2.627620E-8	2.640723E-8	2.652148E-8	2.659768E-8	2.604498E-8	2.748181E-8	2.708430E-8	2.706443E-8	2.742364E-8	2.759973E-8	2.763728E-8	2.773797E-8	2.767914E-8
   0:36:19	1	-1.499375E+1	4.178140E+2	8.401700E-7	8.403498E-7	2.500345E-8	2.603868E-8	2.460030E-8	2.432453E-8	2.416176E-8	2.430251E-8	2.412534E-8	2.383935E-8	2.577523E-8	2.531198E-8	2.532048E-8	2.521833E-8	2.545162E-8	2.475311E-8	2.477223E-8	2.452573E-8	2.733499E-8	2.693969E-8	2.699605E-8	2.697368E-8	2.713048E-8	2.724406E-8	2.729241E-8	2.671994E-8	2.828889E-8	2.788054E-8	2.788421E-8	2.826705E-8	2.841660E-8	2.842496E-8	2.853253E-8	2.849911E-8
   0:36:33	1	-1.499406E+1	4.181265E+2	8.627800E-7	8.639291E-7	2.570680E-8	2.670962E-8	2.522477E-8	2.496347E-8	2.482041E-8	2.493706E-8	2.474425E-8	2.444875E-8	2.647921E-8	2.602583E-8	2.603330E-8	2.594656E-8	2.618830E-8	2.545183E-8	2.546300E-8	2.518912E-8	2.816381E-8	2.773670E-8	2.783187E-8	2.779141E-8	2.791620E-8	2.802523E-8	2.808709E-8	2.749177E-8	2.912164E-8	2.865800E-8	2.868504E-8	2.906976E-8	2.920953E-8	2.922260E-8	2.931974E-8	2.926646E-8
   0:36:47	1	-1.509408E+1	4.184391E+2	8.877300E-7	8.888480E-7	2.644061E-8	2.748909E-8	2.591833E-8	2.565419E-8	2.549230E-8	2.562487E-8	2.539519E-8	2.510374E-8	2.731156E-8	2.680673E-8	2.682187E-8	2.671287E-8	2.693562E-8	2.619598E-8	2.618392E-8	2.592015E-8	2.901842E-8	2.854214E-8	2.865913E-8	2.862005E-8	2.876780E-8	2.888463E-8	2.892487E-8	2.829116E-8	2.995559E-8	2.948106E-8	2.948278E-8	2.992787E-8	3.000657E-8	3.005635E-8	3.014227E-8	3.008035E-8
   0:37:01	1	-1.499436E+1	4.187516E+2	9.259000E-7	9.225691E-7	2.748733E-8	2.860425E-8	2.695393E-8	2.666272E-8	2.644542E-8	2.656819E-8	2.631060E-8	2.600954E-8	2.829141E-8	2.779364E-8	2.780095E-8	2.771221E-8	2.794062E-8	2.710496E-8	2.712870E-8	2.685714E-8	3.013942E-8	2.963616E-8	2.975025E-8	2.969706E-8	2.986208E-8	2.999134E-8	2.999865E-8	2.931137E-8	3.108766E-8	3.062360E-8	3.063676E-8	3.111540E-8	3.121564E-8	3.122060E-8	3.133171E-8	3.127981E-8
   0:37:15	1	-1.489380E+1	4.190642E+2	9.467000E-7	9.447416E-7	2.805018E-8	2.920123E-8	2.751064E-8	2.723977E-8	2.699313E-8	2.716133E-8	2.692180E-8	2.660511E-8	2.896903E-8	2.843848E-8	2.841805E-8	2.831604E-8	2.857133E-8	2.774095E-8	2.775935E-8	2.744603E-8	3.085016E-8	3.036034E-8	3.045865E-8	3.042696E-8	3.057366E-8	3.074252E-8	3.076017E-8	3.006047E-8	3.189670E-8	3.139278E-8	3.143165E-8	3.188860E-8	3.205455E-8	3.209358E-8	3.222060E-8	3.218778E-8
   0:37:29	1	-1.499330E+1	4.193768E+2	9.833000E-7	9.838362E-7	2.912339E-8	3.033714E-8	2.861103E-8	2.828741E-8	2.806340E-8	2.818027E-8	2.793714E-8	2.758497E-8	3.009226E-8	2.957315E-8	2.958497E-8	2.951935E-8	2.977428E-8	2.889819E-8	2.888745E-8	2.855598E-8	3.218003E-8	3.168988E-8	3.181295E-8	3.177617E-8	3.195094E-8	3.205175E-8	3.210129E-8	3.135669E-8	3.328293E-8	3.274189E-8	3.273699E-8	3.331154E-8	3.341934E-8	3.344318E-8	3.354251E-8	3.342777E-8
