APD#	0005	Started	06/22/07 19:48	Sense_ohms	1.004464E+6	1.004628E+6	1.002105E+6	1.000924E+6	9.998282E+5	1.007735E+6	1.002821E+6	9.989270E+5	9.993226E+5	1.002376E+6	1.001862E+6	1.003102E+6	1.000030E+6	1.003780E+6	1.000011E+6	1.000898E+6	9.999006E+5	1.006439E+6	1.005624E+6	1.010450E+6	1.003884E+6	1.005600E+6	1.002519E+6	1.006362E+6	1.004620E+6	1.008599E+6	1.003214E+6	1.000475E+6	1.003139E+6	9.996927E+5	1.009944E+6	1.000506E+6					
ElapTime	Shutter_Open	DegC	H2O_In	H2O_Out	TE_A	TE_V	BiasV	KE237_Amps	Pixel_Sum	A1	A2	A3	A4	A5	A6	A7	A8	B1	B2	B3	B4	B5	B6	B7	B8	C1	C2	C3	C4	C5	C6	C7	C8	D1	D2	D3	D4	D5	D6	D7	D8
0:00:00	0	-1.509507E+1	1.523700E+1	1.567100E+1	1.513067E+0	1.749891E+0	0.000000E+0	-2.538600E-10	-1.763319E-10	6.301868E-13	-6.998610E-12	-5.372690E-12	-5.442971E-12	-4.814827E-12	-6.411408E-12	-4.358704E-12	-2.219381E-12	-4.246877E-12	-5.055987E-12	-4.742170E-12	-4.546896E-12	-4.306871E-12	-6.310148E-12	-1.298586E-11	-3.353988E-12	-1.191018E-11	-6.042095E-12	-1.442487E-11	-5.203622E-12	-1.265086E-13	-2.960422E-12	-5.497153E-12	-1.454049E-11	-6.684119E-12	-4.207817E-12	-2.841866E-12	-4.431895E-12	-2.967684E-12	-4.498382E-12	-4.202213E-12	-5.255341E-12
0:00:13	0	-1.499626E+1	1.522500E+1	1.565800E+1	1.508088E+0	1.744482E+0	0.000000E+0	-1.294900E-10	-4.097198E-10	-1.891556E-13	-1.267335E-11	-1.144092E-11	-1.366937E-11	-1.286121E-11	-1.276030E-11	-1.181168E-11	-1.927768E-11	-1.261455E-11	-1.295522E-11	-1.428939E-11	-1.698731E-11	-1.178165E-11	-1.413557E-11	-7.790914E-12	-1.170849E-11	-1.824481E-11	-1.271413E-11	-1.751152E-11	-1.372953E-11	-7.635344E-12	-1.171639E-11	-1.446955E-11	-1.756128E-11	-1.242161E-11	-1.274937E-11	-1.180705E-11	-1.342262E-11	-1.206114E-11	-1.077231E-11	-1.361066E-11	-1.234575E-11
0:00:26	0	-1.499603E+1	1.524000E+1	1.567200E+1	1.510115E+0	1.747028E+0	1.000000E+1	8.675000E-11	-3.398980E-10	7.566224E-13	-1.311530E-11	-1.099885E-11	-1.177112E-11	-1.051681E-11	-1.219467E-11	-1.105382E-11	-1.439445E-11	-1.039604E-11	-1.156452E-11	-1.112828E-11	-1.250322E-11	-9.437717E-12	-1.388352E-11	-1.121188E-11	-1.088523E-11	-3.041302E-12	-1.258795E-11	-2.078312E-12	-1.222426E-11	-1.558547E-11	-9.700676E-12	-1.270001E-11	-4.594768E-12	-1.122315E-11	-1.080211E-11	-1.054511E-11	-1.291586E-11	-1.149292E-11	-1.153254E-11	-1.248188E-11	-1.209288E-11
0:00:40	0	-1.499634E+1	1.523500E+1	1.565900E+1	1.512218E+0	1.747839E+0	2.000000E+1	1.541600E-10	-2.873493E-10	6.301868E-13	-1.090852E-11	-9.797377E-12	-1.170818E-11	-1.058082E-11	-1.263427E-11	-1.136993E-11	-1.864300E-11	-1.140973E-11	-1.238657E-11	-1.226616E-11	-3.157206E-12	-9.437717E-12	-1.331567E-11	2.153976E-12	-9.873134E-12	8.045800E-12	-1.214778E-11	9.385218E-12	-1.316443E-11	-1.545896E-11	-1.114956E-11	-1.307905E-11	4.972366E-12	-1.147598E-11	-1.205831E-11	-1.086010E-11	-1.209326E-11	-1.136632E-11	-1.140550E-11	-1.103923E-11	-9.750066E-12
0:00:53	0	-1.499558E+1	1.523800E+1	1.567200E+1	1.508152E+0	1.744444E+0	3.000000E+1	2.113700E-10	-2.499606E-10	8.830580E-13	-1.160131E-11	-1.074638E-11	-1.164424E-11	-1.203807E-11	-1.269778E-11	-1.023313E-11	-9.385070E-12	-1.109251E-11	-1.257612E-11	-1.106440E-11	-6.441020E-12	-9.627711E-12	-1.287334E-11	3.799958E-13	-1.063245E-11	1.868886E-11	-1.315430E-11	2.148020E-11	-1.266366E-11	-1.135789E-11	-9.133850E-12	-1.352194E-11	1.114112E-11	-1.116044E-11	-1.224669E-11	-1.123888E-11	-1.120668E-11	-1.193454E-11	-1.229278E-11	-1.072535E-11	-9.243323E-12
0:01:07	0	-1.499634E+1	1.524400E+1	1.567100E+1	1.508620E+0	1.745584E+0	4.000000E+1	2.606900E-10	-2.035181E-10	-5.047468E-13	-1.046656E-11	-1.049291E-11	-1.145442E-11	-1.146697E-11	-1.062283E-11	-1.029596E-11	4.628967E-12	-1.077630E-11	-1.055392E-11	-1.308763E-11	-1.837600E-11	-1.051468E-11	-1.312638E-11	1.703981E-11	-1.012591E-11	2.686067E-11	-1.340568E-11	3.111700E-11	-1.159780E-11	-6.814532E-12	-1.215792E-11	-1.383814E-11	1.504329E-11	-1.223249E-11	-1.105395E-11	-1.022912E-11	-1.418226E-11	-1.161853E-11	-1.191266E-11	-1.172837E-11	-5.571181E-12
0:01:20	0	-1.499634E+1	1.526300E+1	1.566900E+1	1.508316E+0	1.745369E+0	5.000000E+1	3.066300E-10	-1.529167E-10	1.639680E-12	-1.078210E-11	-9.734509E-12	-1.056923E-11	-1.051681E-11	-1.213216E-11	-1.149657E-11	-9.448138E-12	-1.274063E-11	-1.124827E-11	-1.182299E-11	-1.408232E-11	-1.114867E-11	-1.217996E-11	3.806958E-11	-1.056951E-11	4.029100E-11	-1.346927E-11	4.226629E-11	-1.197387E-11	-7.698101E-12	-1.026750E-11	-1.213144E-11	2.051946E-11	-1.059306E-11	-1.168155E-11	-1.010253E-11	-1.152353E-11	-1.237715E-11	-1.159556E-11	-1.172837E-11	-2.088943E-12
0:01:34	0	-1.499626E+1	1.526300E+1	1.568800E+1	1.511395E+0	1.748396E+0	6.000000E+1	3.467800E-10	-1.398810E-10	6.301868E-13	-1.116035E-11	-9.734509E-12	-1.113871E-11	-1.083386E-11	-1.232070E-11	-9.917024E-12	-1.617035E-11	-1.033200E-11	-1.137497E-11	-1.093863E-11	-1.142955E-11	-9.501715E-12	-1.262129E-11	2.394374E-11	-8.100726E-12	5.258123E-11	-1.258795E-11	5.316401E-11	-1.366619E-11	-1.331429E-11	-1.171639E-11	-1.187908E-11	2.360383E-11	-1.141228E-11	-9.986129E-12	-1.206024E-11	-1.152353E-11	-9.345664E-12	-1.108841E-11	-1.066297E-11	1.013487E-12
0:01:47	0	-1.499694E+1	1.528800E+1	1.569200E+1	1.510520E+0	1.746990E+0	7.000000E+1	3.859800E-10	-1.038779E-10	1.639680E-12	-1.015202E-11	-1.024044E-11	-1.037941E-11	-1.026376E-11	-1.043429E-11	-9.727559E-12	-1.838973E-11	-1.064921E-11	-1.112257E-11	-1.138081E-11	-2.020732E-12	-7.790766E-12	-1.135906E-11	2.381774E-11	-1.018985E-11	6.157712E-11	-1.302811E-11	6.336861E-11	-1.272601E-11	-1.148439E-11	-1.133850E-11	-1.320573E-11	2.511522E-11	-1.122315E-11	-1.237261E-11	-1.022912E-11	-1.177641E-11	-1.174513E-11	-1.140550E-11	-1.210562E-11	7.344284E-12
0:02:01	0	-1.499558E+1	1.526600E+1	1.571000E+1	1.508354E+0	1.745660E+0	8.000000E+1	4.205600E-10	-7.047035E-11	2.585459E-12	-9.269103E-12	-1.087211E-11	-1.113871E-11	-9.566644E-12	-8.988474E-12	-1.004367E-11	-5.009375E-12	-1.014187E-11	-1.327047E-11	-9.673987E-12	-1.016746E-11	-8.487745E-12	-1.192692E-11	1.963678E-11	-9.746248E-12	7.012997E-11	-1.208419E-11	7.382481E-11	-1.260033E-11	-1.085285E-11	-1.045644E-11	-1.124667E-11	2.889119E-11	-1.084490E-11	-1.055127E-11	-9.975937E-12	-1.139659E-11	-1.123972E-11	-1.127847E-11	-1.103923E-11	6.330797E-12
0:02:14	0	-1.499626E+1	1.528400E+1	1.571900E+1	1.510774E+0	1.747674E+0	9.000000E+1	4.606400E-10	-2.254263E-11	1.134934E-12	-9.079978E-12	-7.901368E-12	-1.082200E-11	-1.013674E-11	-1.093740E-11	-1.023313E-11	-7.608164E-13	-8.050453E-12	-9.415628E-12	-1.258257E-11	-1.509218E-11	-9.184724E-12	-1.356771E-11	4.244053E-11	-1.082228E-11	7.798575E-11	-1.302811E-11	8.402942E-11	-1.297640E-11	-5.489678E-12	-9.889618E-12	-1.251049E-11	3.115777E-11	-1.097131E-11	-1.136725E-11	-1.029192E-11	-1.101677E-11	-1.149292E-11	-1.001108E-11	-1.204225E-11	1.038375E-11
0:02:28	0	-1.499649E+1	1.528800E+1	1.570600E+1	1.509380E+0	1.746851E+0	1.000000E+2	4.989000E-10	-1.733230E-13	1.639680E-12	-1.134947E-11	-9.607776E-12	-1.063218E-11	-9.123567E-12	-9.554099E-12	-1.023313E-11	-1.420424E-11	-9.824655E-12	-1.232272E-11	-1.232904E-11	-1.477716E-11	-9.754707E-12	-1.205344E-11	5.327241E-11	-9.873134E-12	9.135208E-11	-1.359447E-11	9.328934E-11	-1.134643E-11	-9.401485E-12	-1.052009E-11	-1.320573E-11	3.896212E-11	-9.458303E-12	-1.061373E-11	-1.104949E-11	-1.114371E-11	-1.187173E-11	-1.077231E-11	-1.248188E-11	1.240972E-11
0:02:42	0	-1.499611E+1	1.528500E+1	1.570600E+1	1.508380E+0	1.745128E+0	1.200000E+2	6.380100E-10	6.679673E-11	2.774614E-12	-1.071939E-11	-8.534036E-12	-1.094888E-11	-8.869524E-12	-1.012072E-11	-1.035978E-11	-2.295563E-11	-1.064921E-11	-1.143782E-11	-1.011616E-11	-1.136674E-11	-9.754707E-12	-1.230549E-11	5.827636E-11	-9.556418E-12	1.099779E-10	-1.302811E-11	1.141391E-10	-1.228759E-11	-7.256815E-12	-9.763325E-12	-1.270001E-11	5.010424E-11	-1.116044E-11	-1.017451E-11	-9.155574E-12	-1.177641E-11	-1.060870E-11	-1.153254E-11	-1.223038E-11	2.089343E-11
0:02:55	0	-1.499657E+1	1.526000E+1	1.568900E+1	1.512104E+0	1.748536E+0	1.400000E+2	7.407100E-10	1.458792E-10	1.955272E-12	-1.160131E-11	-1.017758E-11	-1.012564E-11	-1.000972E-11	-1.093740E-11	-7.832903E-12	-1.686810E-11	-9.508441E-12	-1.011098E-11	-1.112828E-11	-8.842570E-13	-7.917762E-12	-1.142183E-11	6.385130E-11	-1.056951E-11	1.251814E-10	-1.309170E-11	1.342331E-10	-1.247563E-11	-1.236796E-11	-9.826969E-12	-1.320573E-11	6.521013E-11	-1.065577E-11	-1.017451E-11	-9.534357E-12	-1.183938E-11	-9.787278E-12	-1.058225E-11	-1.085110E-11	2.893436E-11
0:03:09	0	-1.499558E+1	1.524500E+1	1.567900E+1	1.510141E+0	1.747358E+0	1.600000E+2	7.739800E-10	2.308342E-10	2.648179E-12	-8.764438E-12	-8.534036E-12	-1.164424E-11	-9.946709E-12	-1.112594E-11	-8.969696E-12	3.173405E-13	-9.508441E-12	-9.542327E-12	-1.201363E-11	-1.307145E-11	-9.057728E-12	-1.123254E-11	8.076411E-11	-9.809191E-12	1.382317E-10	-1.239916E-11	1.435556E-10	-1.115839E-11	-1.015954E-11	-1.096062E-11	-1.288953E-11	8.528939E-11	-1.021481E-11	-8.980774E-12	-9.660950E-12	-1.082686E-11	-1.111411E-11	-1.115243E-11	-1.016096E-11	4.292628E-11
0:03:23	0	-1.498995E+1	1.524900E+1	1.568100E+1	1.510609E+0	1.747674E+0	1.800000E+2	9.174000E-10	3.003579E-10	3.783112E-13	-1.046656E-11	-7.774634E-12	-1.044235E-11	-8.933535E-12	-9.868666E-12	-9.664736E-12	-7.418961E-12	-9.571484E-12	-1.042722E-11	-1.100152E-11	-1.793437E-11	-1.045169E-11	-1.079121E-11	1.166167E-10	-8.417441E-12	1.442503E-10	-1.384684E-11	1.511141E-10	-1.178584E-11	-7.950122E-12	-9.322792E-12	-1.187908E-11	1.058724E-10	-1.046664E-11	-1.149317E-11	-2.462087E-12	-1.095380E-11	-1.281876E-11	-1.305301E-11	-1.116399E-11	5.248644E-11
0:03:37	0	-1.499459E+1	1.524900E+1	1.567600E+1	1.506606E+0	1.743190E+0	2.000000E+2	9.798000E-10	3.496597E-10	2.963770E-12	-9.647352E-12	-8.596904E-12	-9.872877E-12	-1.007373E-11	-1.005721E-11	-9.854201E-12	-1.477485E-11	-9.254269E-12	-1.131212E-11	-9.673987E-12	-1.351408E-11	-8.044759E-12	-1.066469E-11	1.339725E-10	-7.278464E-12	1.526762E-10	-1.302811E-11	1.565317E-10	-1.278836E-11	-1.217870E-11	-9.071201E-12	-1.282669E-11	1.263293E-10	-1.084490E-11	-1.073965E-11	-9.155574E-12	-1.278992E-11	-1.022989E-11	-1.077231E-11	-1.085110E-11	5.508213E-11
0:03:50	0	-1.499603E+1	1.523600E+1	1.566400E+1	1.504693E+0	1.742316E+0	2.200000E+2	1.086400E-9	4.221808E-10	2.901050E-12	-8.890853E-12	-7.332565E-12	-1.050529E-11	-9.059556E-12	-1.018323E-11	-7.769083E-12	-9.955682E-12	-8.747926E-12	-9.036529E-12	-1.188687E-11	-5.999390E-12	-7.474776E-12	-1.148558E-11	1.384705E-10	-6.202430E-12	1.586948E-10	-1.397303E-11	1.657916E-10	-1.028156E-11	-1.028505E-11	-8.882259E-12	-1.244764E-11	1.467861E-10	-9.899265E-12	-8.541551E-12	-8.839590E-12	-1.101677E-11	-9.093456E-12	-1.121545E-11	-1.141548E-11	5.995766E-11
0:04:04	0	-1.499664E+1	1.522200E+1	1.566800E+1	1.506822E+0	1.743570E+0	2.400000E+2	1.175400E-9	5.077394E-10	2.522738E-12	-8.323479E-12	-7.269697E-12	-8.986696E-12	-8.933535E-12	-9.114499E-12	-7.895726E-12	-3.044266E-12	-1.014187E-11	-9.289927E-12	-1.074899E-11	-4.862915E-12	-7.347780E-12	-1.148558E-11	1.634912E-10	-7.784010E-12	1.699079E-10	-1.346927E-11	1.788303E-10	-1.046959E-11	-1.060083E-11	-7.622315E-12	-1.383814E-11	1.671804E-10	-1.021481E-11	-9.357535E-12	-9.155574E-12	-1.025713E-11	-1.098751E-11	-1.064527E-11	-1.091348E-11	6.856730E-11
0:04:18	0	-1.499702E+1	1.522700E+1	1.564500E+1	1.503148E+0	1.740162E+0	2.600000E+2	1.256400E-9	6.051078E-10	2.207147E-12	-9.394522E-12	-6.447428E-12	-9.239463E-12	-7.919361E-12	-8.674900E-12	-1.099099E-11	6.336799E-13	-9.381355E-12	-9.731877E-12	-1.087475E-11	-1.086131E-11	-6.587802E-12	-1.022336E-11	2.011808E-10	-6.961748E-12	1.843523E-10	-1.271413E-11	1.924367E-10	-7.083972E-12	-4.921883E-12	-8.378083E-12	-1.295337E-11	1.866297E-10	-1.021481E-11	-8.918311E-12	-9.660950E-12	-1.006722E-11	-1.010329E-11	-9.504921E-12	-9.470822E-12	6.894811E-11
0:04:32	0	-1.499558E+1	1.523800E+1	1.565700E+1	1.505390E+0	1.741531E+0	2.800000E+2	1.361200E-9	6.795333E-10	3.909548E-12	-9.961896E-12	-6.131094E-12	-8.480164E-12	-9.629654E-12	-7.668683E-12	-7.769083E-12	-1.851687E-11	-8.303625E-12	-7.962082E-12	-9.041165E-12	-9.851441E-12	-8.804736E-12	-1.053916E-11	2.234785E-10	-5.632942E-12	2.002529E-10	-1.227297E-11	2.086247E-10	-1.009352E-11	-5.678943E-12	-8.504375E-12	-1.364762E-11	2.063949E-10	-8.827218E-12	-7.850494E-12	-8.208618E-12	-9.750369E-12	-8.588042E-12	-1.083533E-11	-1.016096E-11	7.958373E-11
0:04:45	0	-1.499527E+1	1.522100E+1	1.566400E+1	1.506581E+0	1.743849E+0	3.000000E+2	1.504200E-9	7.843830E-10	3.657672E-12	-7.755109E-12	-3.413814E-12	-8.669989E-12	-7.159230E-12	-8.108282E-12	-4.864278E-12	-1.388790E-11	-6.402337E-12	-7.899231E-12	-8.346459E-12	-4.041463E-12	-5.953821E-12	-1.047540E-11	2.343734E-10	-8.862042E-13	2.135562E-10	-1.202159E-11	2.236164E-10	-9.278044E-12	-1.173642E-11	-7.118138E-12	-1.225812E-11	2.267892E-10	-8.323545E-12	-8.353171E-12	-7.892633E-12	-1.013019E-11	-9.597872E-12	-9.377882E-12	-1.154024E-11	9.788147E-11
0:04:59	0	-1.499520E+1	1.523200E+1	1.565400E+1	1.499386E+0	1.737046E+0	3.200000E+2	1.641300E-9	8.882525E-10	3.909548E-12	-6.998610E-12	-3.224213E-12	-7.593983E-12	-6.145056E-12	-5.845783E-12	-3.537022E-12	-8.306913E-12	-5.007392E-12	-7.141033E-12	-9.926517E-12	4.104269E-12	-6.270812E-12	-7.698898E-12	2.516032E-10	-2.025181E-12	2.290778E-10	-1.283933E-11	2.413795E-10	-6.895937E-12	-9.086707E-12	-6.677605E-12	-1.206860E-11	2.461758E-10	-6.809540E-12	-6.720213E-12	-1.319659E-11	-9.813339E-12	-1.098751E-11	-1.026515E-11	-9.470822E-12	1.065551E-10
0:05:13	0	-1.499641E+1	1.523800E+1	1.565800E+1	1.501729E+0	1.737692E+0	3.400000E+2	1.753900E-9	1.018659E-9	4.603450E-12	-7.251440E-12	1.201471E-12	-5.568854E-12	-5.574958E-12	-4.337450E-12	-1.894655E-13	-2.472653E-12	-6.148165E-12	-5.308387E-12	-8.155814E-12	-7.198670E-12	-6.270812E-12	-6.815238E-12	2.819449E-10	6.294348E-14	2.416850E-10	-1.214778E-11	2.575684E-10	-6.833589E-12	-1.956401E-12	-6.677605E-12	-1.257433E-11	2.693395E-10	-7.187792E-12	-4.898875E-12	-5.934925E-12	-8.863790E-12	-9.156259E-12	-8.110492E-12	-8.153917E-12	1.200413E-10
0:05:27	0	-1.499550E+1	1.525200E+1	1.566400E+1	1.503021E+0	1.739960E+0	3.600000E+2	1.938500E-9	1.180189E-9	5.549228E-12	-6.242112E-12	5.436556E-12	-4.746614E-12	-4.624795E-12	-2.639583E-12	3.853130E-12	-2.599790E-12	-3.486362E-12	-4.044391E-12	-8.219695E-12	-8.336141E-12	-4.370869E-12	-4.290781E-12	3.148835E-10	7.088634E-12	2.627801E-10	-1.277673E-11	2.782292E-10	-4.262457E-12	-3.659785E-12	-3.086714E-12	-1.295337E-11	2.865857E-10	-5.674783E-12	-3.516759E-12	-3.156854E-12	-6.521902E-12	-6.819593E-12	-6.145889E-12	-6.773643E-12	1.447328E-10
0:05:40	0	-1.499558E+1	1.523600E+1	1.568100E+1	1.503642E+0	1.739580E+0	3.610000E+2	1.832100E-9	1.175827E-9	5.549228E-12	-5.926572E-12	7.711767E-12	-4.050258E-12	-2.851490E-12	-3.771825E-12	5.558320E-12	2.472653E-12	-3.423319E-12	-3.602441E-12	-9.167929E-12	2.336751E-12	-4.180875E-12	-5.490247E-12	3.044957E-10	5.443112E-12	2.551154E-10	-1.239916E-11	2.710486E-10	-4.200109E-12	-3.786294E-12	-4.094073E-12	-1.295337E-11	2.865857E-10	-5.170114E-12	-3.203454E-12	-3.094056E-12	-9.053699E-12	-7.198404E-12	-6.399967E-12	-6.397384E-12	1.499251E-10
0:05:54	0	-1.499580E+1	1.524500E+1	1.566100E+1	1.495066E+0	1.732536E+0	3.620000E+2	1.800600E-9	1.184899E-9	5.864819E-12	-6.368526E-12	5.941493E-12	-2.594603E-12	-2.851490E-12	-2.829117E-12	6.253359E-12	1.838973E-12	-2.788889E-12	-4.044391E-12	-6.448992E-12	-4.673503E-12	-5.763827E-12	-4.606587E-12	2.998717E-10	7.024692E-12	2.573956E-10	-1.422441E-11	2.725601E-10	-4.262457E-12	-3.849050E-12	-3.716189E-12	-1.339526E-11	2.842566E-10	-4.476319E-12	-3.580214E-12	-2.588680E-12	-6.584872E-12	-6.819593E-12	-5.575713E-12	-6.209255E-12	1.621440E-10
0:06:07	0	-1.499580E+1	1.524100E+1	1.566400E+1	1.501235E+0	1.737844E+0	3.630000E+2	1.833100E-9	1.166971E-9	6.305851E-12	-5.044653E-12	7.332565E-12	-3.543726E-12	-4.878838E-12	-2.577066E-12	6.126717E-12	-1.192179E-11	-5.134478E-12	-3.854841E-12	-4.236112E-12	-8.209534E-12	-6.333810E-12	-5.931579E-12	3.015177E-10	9.429532E-12	2.577126E-10	-1.114027E-11	2.713002E-10	-4.388144E-12	-1.703384E-12	-2.330947E-12	-1.333242E-11	2.846978E-10	-5.296530E-12	-2.198099E-12	-3.725028E-12	-6.141083E-12	-5.241547E-12	-6.019850E-12	-5.206229E-12	1.509376E-10
0:06:21	0	-1.499626E+1	1.525000E+1	1.567800E+1	1.498284E+0	1.736337E+0	3.640000E+2	1.837000E-9	1.177729E-9	6.432286E-12	-5.737447E-12	9.038973E-12	-2.277895E-12	-2.977512E-12	-2.073958E-12	5.368854E-12	-6.595077E-12	-3.676490E-12	-5.118838E-12	-3.793936E-12	-5.054321E-13	-3.166905E-12	-5.616769E-12	2.844789E-10	8.480385E-12	2.579026E-10	-1.409822E-11	2.702929E-10	-3.510317E-12	-8.960199E-12	-3.968775E-12	-1.345810E-11	2.848230E-10	-5.233820E-12	-3.516759E-12	-3.914419E-12	-6.205053E-12	-6.883393E-12	-4.879499E-12	-6.397384E-12	1.734772E-10
0:06:34	0	-1.499512E+1	1.527200E+1	1.569600E+1	1.503211E+0	1.740669E+0	3.650000E+2	1.845100E-9	1.196724E-9	6.621442E-12	-5.359198E-12	8.659771E-12	-3.164076E-12	-3.991686E-12	-2.262500E-12	7.200687E-12	2.029177E-12	-3.993705E-12	-3.602441E-12	-7.144697E-12	5.115133E-12	-3.863884E-12	-4.606587E-12	2.884688E-10	9.239703E-12	2.583457E-10	-1.126646E-11	2.747647E-10	-4.012074E-12	-8.013874E-12	-3.779833E-12	-1.345810E-11	2.871521E-10	-6.179451E-12	-3.516759E-12	-2.778071E-12	-7.787301E-12	-6.124774E-12	-6.527006E-12	-6.523134E-12	1.670825E-10
0:06:48	0	-1.499618E+1	1.526700E+1	1.568600E+1	1.502046E+0	1.738326E+0	3.660000E+2	1.829000E-9	1.213906E-9	6.180411E-12	-5.548322E-12	1.017758E-11	-2.277895E-12	-3.167544E-12	-1.194759E-12	8.401300E-12	1.141225E-12	-3.993705E-12	-3.223341E-12	-7.207579E-12	7.325277E-12	-3.610892E-12	-4.543824E-12	2.981607E-10	7.531237E-12	2.574586E-10	-1.403562E-11	2.682772E-10	-3.510317E-12	-6.373246E-12	-5.228719E-12	-1.295337E-11	2.843202E-10	-5.170114E-12	-2.448942E-12	-2.841866E-12	-6.964692E-12	-4.546728E-12	-4.372344E-12	-5.330989E-12	1.734772E-10
0:07:01	0	-1.499626E+1	1.526100E+1	1.569900E+1	1.495801E+0	1.734107E+0	3.670000E+2	1.857000E-9	1.210189E-9	6.747877E-12	-5.485613E-12	9.038973E-12	-3.923375E-12	-1.330229E-12	-1.508333E-12	7.264507E-12	1.059036E-11	-1.965331E-12	-2.907093E-12	-7.207579E-12	-7.641297E-12	-5.257842E-12	-4.165255E-12	3.010117E-10	9.873134E-12	2.577126E-10	-1.328049E-11	2.749537E-10	-4.012074E-12	-1.388607E-12	-3.905131E-12	-1.377430E-11	2.859567E-10	-5.801198E-12	-2.826693E-12	-3.031258E-12	-6.647842E-12	-5.493755E-12	-5.069558E-12	-7.025142E-12	1.606877E-10
0:07:15	0	-1.499694E+1	1.525900E+1	1.568700E+1	1.499348E+0	1.736362E+0	3.680000E+2	1.863900E-9	1.214381E-9	5.864819E-12	-4.855529E-12	1.036718E-11	-2.531661E-12	-1.774305E-12	-4.085399E-12	8.590765E-12	-6.087532E-12	-2.281546E-12	-3.349043E-12	-4.679287E-12	-4.041463E-12	-5.067848E-12	-3.722927E-12	3.108296E-10	1.069540E-11	2.591058E-10	-1.422441E-11	2.778514E-10	-3.698352E-12	-7.570596E-13	-3.527247E-12	-1.364762E-11	2.854529E-10	-4.980988E-12	-2.512396E-12	-1.893913E-12	-6.457932E-12	-4.546728E-12	-5.575713E-12	-6.460754E-12	1.563829E-10
0:07:28	0	-1.499603E+1	1.526700E+1	1.567900E+1	1.500437E+0	1.738427E+0	3.690000E+2	1.826300E-9	1.209714E-9	5.927539E-12	-6.304821E-12	1.030331E-11	-2.594603E-12	-3.170545E-13	-1.508333E-12	8.338477E-12	-2.726926E-12	-1.775203E-12	-4.171089E-12	-4.109348E-12	1.263082E-12	-3.736888E-12	-3.722927E-12	2.937898E-10	1.170849E-11	2.632242E-10	-1.283933E-11	2.791113E-10	-5.955762E-12	-9.590750E-12	-3.590891E-12	-1.314289E-11	2.865231E-10	-4.287193E-12	-4.522114E-12	-3.094056E-12	-5.571354E-12	-4.482928E-12	-4.752460E-12	-5.707247E-12	1.580290E-10
0:07:42	0	-1.499641E+1	1.527100E+1	1.569300E+1	1.503427E+0	1.740479E+0	3.700000E+2	1.821200E-9	1.231813E-9	7.504500E-12	-5.296488E-12	1.169438E-11	-1.138948E-12	-1.647283E-12	-3.457258E-12	9.664736E-12	-7.926505E-12	-2.408632E-12	-2.590844E-12	-5.184347E-12	1.319806E-11	-3.420897E-12	-4.922393E-12	2.967037E-10	1.063245E-11	2.610069E-10	-1.334308E-11	2.816311E-10	-2.883864E-12	-6.373246E-12	-3.653540E-12	-1.390098E-11	2.862707E-10	-2.585057E-12	-1.444578E-12	-3.094056E-12	-6.330993E-12	-4.104117E-12	-4.372344E-12	-5.582488E-12	1.591685E-10
0:07:55	0	-1.499657E+1	1.527100E+1	1.568900E+1	1.499386E+0	1.736387E+0	3.710000E+2	1.866300E-9	1.228631E-9	6.180411E-12	-4.224449E-12	1.087211E-11	-1.645480E-12	-1.584272E-12	-3.145668E-13	9.790381E-12	4.248559E-12	-3.043061E-12	-2.590844E-12	-4.994700E-12	1.004085E-11	-3.230903E-12	-4.670346E-12	2.891028E-10	1.189832E-11	2.601199E-10	-1.460198E-11	2.784182E-10	-6.331832E-12	-7.382327E-12	-3.464598E-12	-1.345810E-11	2.885373E-10	-5.296530E-12	-1.382115E-12	-2.399289E-12	-6.711812E-12	-3.978511E-12	-4.372344E-12	-5.080480E-12	1.601809E-10
0:08:09	0	-1.499664E+1	1.526300E+1	1.569700E+1	1.498220E+0	1.736590E+0	3.720000E+2	1.847700E-9	1.244111E-9	6.810597E-12	-4.666404E-12	1.175725E-11	-1.518597E-12	-2.027348E-12	-2.011441E-12	9.538093E-12	1.407811E-11	-1.457988E-12	-3.475742E-12	-4.805053E-12	-7.830709E-12	-1.709949E-12	-4.417303E-12	2.981607E-10	1.297435E-11	2.587257E-10	-1.328049E-11	2.787334E-10	-4.388144E-12	2.520211E-13	-3.779833E-12	-1.314289E-11	2.876559E-10	-5.990325E-12	-1.758875E-12	-2.272696E-12	-4.558835E-12	-4.230720E-12	-3.104954E-12	-4.327963E-12	1.601809E-10
0:08:22	0	-1.499649E+1	1.526000E+1	1.568700E+1	1.497561E+0	1.735475E+0	3.730000E+2	1.862300E-9	1.267882E-9	6.747877E-12	-5.990277E-12	1.321119E-11	-1.835304E-12	-1.140196E-12	-9.427082E-13	1.067489E-11	3.868151E-12	-8.235579E-13	-1.201146E-12	-5.500758E-12	1.957927E-12	-4.370869E-12	-4.733109E-12	3.150735E-10	1.189832E-11	2.605629E-10	-1.296552E-11	2.784818E-10	-5.017566E-13	6.305509E-13	-2.645187E-12	-1.168955E-11	2.887261E-10	-3.783520E-12	-2.324016E-12	-1.136348E-12	-6.330993E-12	-3.725306E-12	-4.942519E-12	-5.080480E-12	1.577122E-10
0:08:36	0	-1.499618E+1	1.526000E+1	1.567000E+1	1.500652E+0	1.738427E+0	3.740000E+2	1.867800E-9	1.266549E-9	6.180411E-12	-4.098034E-12	1.409633E-11	-7.592984E-13	-5.070871E-13	1.885416E-12	1.124328E-11	3.804082E-13	-1.775203E-12	-1.326847E-12	-3.856819E-12	3.031596E-12	-3.166905E-12	-3.912212E-12	3.074096E-10	1.480970E-11	2.633512E-10	-1.265054E-11	2.825131E-10	-3.009550E-12	-8.076630E-12	-1.764121E-12	-1.282669E-11	2.904253E-10	-3.908941E-12	-2.386479E-12	-2.399289E-12	-5.001624E-12	-4.230720E-12	-3.485071E-12	-6.335005E-12	1.566997E-10
0:08:49	0	-1.499618E+1	1.523700E+1	1.566100E+1	1.501007E+0	1.737705E+0	3.750000E+2	1.850400E-9	1.264412E-9	7.315344E-12	-4.855529E-12	1.340079E-11	-3.796492E-13	-1.457250E-12	-3.770833E-13	1.181168E-11	-3.360606E-12	-1.521030E-12	-1.011596E-12	-4.552523E-12	1.692350E-11	-1.583952E-12	-3.344358E-12	3.004417E-10	1.360678E-11	2.648073E-10	-1.271413E-11	2.824495E-10	-6.234846E-14	-7.635344E-12	-2.897772E-12	-1.358478E-11	2.904879E-10	-3.908941E-12	-1.883801E-13	-5.681739E-13	-5.381444E-12	-4.041314E-12	-4.435363E-12	-3.323947E-12	1.443530E-10
0:09:03	0	-1.499573E+1	1.525900E+1	1.566100E+1	1.497612E+0	1.735323E+0	3.760000E+2	1.909600E-9	1.271066E-9	6.937033E-12	-3.530660E-12	1.536067E-11	-1.582538E-12	-1.584272E-12	2.765608E-12	1.307512E-11	1.103384E-11	-1.140773E-12	-1.769795E-12	-3.856819E-12	5.177938E-12	-1.836945E-12	-2.903027E-12	2.929668E-10	1.443004E-11	2.645543E-10	-1.378424E-11	2.865445E-10	-1.316245E-12	-6.878285E-12	-3.149364E-12	-1.377430E-11	2.926283E-10	-3.278852E-12	-3.767602E-13	-1.704522E-12	-4.431895E-12	-4.546728E-12	-4.562402E-12	-3.512076E-12	1.451126E-10
0:09:16	0	-1.498691E+1	1.526000E+1	1.567500E+1	1.499246E+0	1.735982E+0	3.770000E+2	1.924800E-9	1.306245E-9	7.693656E-12	-4.035325E-12	1.630867E-11	5.065320E-13	-1.014174E-12	3.770833E-13	1.099099E-11	1.540953E-11	-1.901288E-13	-1.263997E-12	-4.742170E-12	-2.588969E-12	-2.596922E-12	-3.218833E-12	3.129206E-10	1.556902E-11	2.654414E-10	-1.378424E-11	2.852846E-10	-2.758177E-12	2.397687E-12	-2.582538E-12	-1.314289E-11	2.925657E-10	-2.144094E-12	-1.570495E-12	1.641724E-12	-2.912617E-12	-4.104117E-12	-4.625421E-12	-3.575446E-12	1.499881E-10
0:09:30	0	-1.499527E+1	1.525700E+1	1.566900E+1	1.498347E+0	1.734956E+0	3.780000E+2	1.946500E-9	1.316298E-9	7.063469E-12	-3.908910E-12	1.795221E-11	9.491230E-13	-1.014174E-12	1.194759E-12	1.427573E-11	5.770191E-12	1.204816E-12	-1.011596E-12	-3.793936E-12	-4.357483E-12	-3.420897E-12	-2.649983E-12	3.098796E-10	1.816369E-11	2.684187E-10	-1.409822E-11	2.882449E-10	-1.567618E-12	3.533277E-12	-1.889419E-12	-1.320573E-11	2.934471E-10	-2.522347E-12	0.000000E+0	6.309721E-13	-4.052075E-12	-3.851909E-12	-3.675129E-12	-3.261567E-12	1.538502E-10
0:09:43	0	-1.499603E+1	1.524000E+1	1.565900E+1	1.494736E+0	1.732878E+0	3.790000E+2	1.933400E-9	1.310914E-9	7.188909E-12	-4.729114E-12	1.826854E-11	1.202889E-12	-1.140196E-12	0.000000E+0	1.787657E-11	-6.306767E-14	-1.077730E-12	1.326847E-12	-1.327528E-12	4.168071E-12	-2.343930E-12	-1.767320E-12	3.165305E-10	2.044164E-11	2.678486E-10	-1.328049E-11	2.874265E-10	-3.259934E-12	-3.849050E-12	-3.338305E-12	-1.320573E-11	2.945173E-10	-2.900599E-12	-5.026775E-13	-1.265931E-13	-3.545316E-12	-2.147260E-12	-2.977915E-12	-2.257551E-12	1.379582E-10
0:09:57	0	-1.499542E+1	1.524800E+1	1.565200E+1	1.498258E+0	1.736033E+0	3.800000E+2	1.939900E-9	1.315599E-9	9.144180E-12	-3.972615E-12	1.852101E-11	3.796492E-13	-7.601306E-13	1.131250E-12	1.737100E-11	3.741014E-12	-5.703864E-13	7.581985E-13	-2.149997E-12	1.105072E-11	-5.069848E-13	-1.892845E-12	3.043687E-10	1.841646E-11	2.691158E-10	-1.258795E-11	2.896938E-10	-6.234846E-14	-5.552434E-12	-1.448886E-12	-1.270001E-11	2.936359E-10	-2.711473E-12	-1.130281E-12	5.681739E-13	-4.052075E-12	-2.904882E-12	-2.660818E-12	-3.261567E-12	1.366289E-10
0:10:10	0	-1.499618E+1	1.525900E+1	1.566800E+1	1.499246E+0	1.735767E+0	3.810000E+2	1.973300E-9	1.344620E-9	7.441780E-12	-3.216116E-12	1.984822E-11	1.455655E-12	-1.077185E-12	1.571842E-12	2.154023E-11	7.609165E-12	1.901288E-13	-3.790993E-13	-4.362876E-12	1.585083E-11	-6.299811E-14	-1.830082E-12	3.088026E-10	1.904989E-11	2.679116E-10	-1.283933E-11	2.907647E-10	-1.128210E-12	-3.470520E-12	-2.393596E-12	-1.364762E-11	2.957753E-10	-2.458641E-12	8.159834E-13	6.947670E-13	-4.052075E-12	-2.147260E-12	-2.534779E-12	-2.822929E-12	1.437203E-10
0:10:24	0	-1.499588E+1	1.526400E+1	1.567700E+1	1.495218E+0	1.732612E+0	3.820000E+2	1.939900E-9	1.369544E-9	9.206900E-12	-3.341535E-12	2.060662E-11	2.404778E-12	2.217381E-12	3.583283E-12	1.977123E-11	1.299995E-11	-1.014687E-12	-3.162486E-13	-1.643939E-12	1.263082E-12	-1.456956E-12	-2.019367E-12	3.149475E-10	2.037870E-11	2.700028E-10	-1.409822E-11	2.936624E-10	-1.065862E-12	1.262098E-12	6.264916E-14	-1.295337E-11	2.982933E-10	-2.522347E-12	-3.142974E-13	1.010751E-12	-4.748744E-12	-1.831252E-12	-6.972143E-13	-2.257551E-12	1.481520E-10
0:10:37	0	-1.499679E+1	1.527300E+1	1.568100E+1	1.496307E+0	1.733322E+0	3.830000E+2	1.994300E-9	1.380713E-9	8.198402E-12	-3.026991E-12	1.978535E-11	2.531661E-12	9.501632E-13	2.639583E-12	2.033962E-11	7.609165E-12	-1.270861E-13	9.477482E-13	-3.035348E-12	2.272949E-12	-1.139966E-12	-3.029548E-12	3.223585E-10	2.316320E-11	2.710799E-10	-1.372065E-11	2.940403E-10	6.234846E-14	2.019158E-12	1.386237E-12	-1.390098E-11	2.959015E-10	-8.192152E-13	1.695421E-12	0.000000E+0	-3.292436E-12	-6.310192E-13	-4.431362E-13	-1.316905E-12	1.482150E-10
0:10:51	0	-1.499588E+1	1.527400E+1	1.567100E+1	1.496016E+0	1.734158E+0	3.840000E+2	2.010000E-9	1.393596E-9	8.703149E-12	-1.828538E-12	2.439964E-11	3.923375E-12	0.000000E+0	3.896858E-12	2.160306E-11	5.770191E-12	4.433003E-13	2.844242E-12	-1.201762E-12	1.970288E-11	-7.599772E-13	-6.306163E-13	3.170375E-10	2.291043E-11	2.752604E-10	-1.258795E-11	2.974412E-10	-6.234846E-14	-2.839970E-12	9.447096E-13	-1.465907E-11	2.975381E-10	-3.782525E-13	8.794377E-13	1.325739E-12	-3.482346E-12	-2.526071E-12	-1.140350E-12	-1.254525E-12	1.323240E-10
0:11:04	0	-1.499634E+1	1.525800E+1	1.566900E+1	1.499766E+0	1.736932E+0	3.850000E+2	2.009500E-9	1.410285E-9	9.081460E-12	-2.017662E-12	2.446251E-11	3.987316E-12	8.871524E-13	3.708316E-12	2.463451E-11	8.434050E-12	-8.876013E-13	1.705947E-12	-2.718937E-12	2.071275E-11	1.899943E-13	-4.413318E-13	3.133636E-10	2.442906E-11	2.750073E-10	-1.302811E-11	2.980080E-10	-8.144886E-13	-3.786294E-12	1.386237E-12	-1.270001E-11	2.996149E-10	-3.155422E-13	6.276032E-13	1.893913E-12	-2.912617E-12	-1.136433E-12	-1.014312E-12	-3.138788E-13	1.402380E-10
0:11:18	0	-1.499550E+1	1.524300E+1	1.568300E+1	1.497283E+0	1.733930E+0	3.858156E+2	2.091600E-9	1.430730E-9	1.021639E-11	-2.017662E-12	2.579071E-11	3.290959E-12	1.394240E-12	4.337450E-12	2.463451E-11	1.464872E-11	1.140773E-12	2.401295E-12	-2.402526E-12	1.970288E-11	-1.899943E-13	-5.050908E-13	3.160235E-10	2.582181E-11	2.714600E-10	-1.353187E-11	2.962449E-10	1.128210E-12	-1.451363E-12	-2.515911E-13	-1.630194E-11	2.998046E-10	-2.518365E-13	2.889156E-12	1.957708E-12	-2.278918E-12	-1.515244E-12	-4.431362E-13	-8.782665E-13	1.498612E-10
0:11:31	0	-1.508838E+1	1.524800E+1	1.566300E+1	1.499728E+0	1.736109E+0	3.866312E+2	2.061700E-9	1.432354E-9	9.081460E-12	-1.576703E-12	2.718078E-11	4.936439E-12	2.344403E-12	5.029100E-12	2.532955E-11	1.667790E-11	-9.506440E-13	2.527993E-12	-9.482344E-13	3.094401E-12	-8.869734E-13	1.265217E-13	3.219785E-10	2.740339E-11	2.738032E-10	-1.359447E-11	2.997721E-10	1.755653E-12	5.048392E-12	3.152347E-13	-1.295337E-11	3.007486E-10	0.000000E+0	2.324016E-12	1.578925E-12	-1.269397E-13	5.682164E-13	3.170974E-13	-1.316905E-12	1.327668E-10
0:11:45	0	-1.499596E+1	1.526600E+1	1.566600E+1	1.489809E+0	1.727875E+0	3.874469E+2	2.064200E-9	1.451366E-9	9.838083E-12	-1.954952E-12	2.964659E-11	4.936439E-12	1.774305E-12	4.903075E-12	2.772977E-11	9.257934E-12	1.077730E-12	2.274596E-12	-4.421767E-13	8.398946E-12	6.329810E-13	3.785690E-13	3.242584E-10	2.898597E-11	2.762745E-10	-1.346927E-11	3.014099E-10	4.384185E-13	2.019158E-12	6.294749E-13	-1.257433E-11	3.016926E-10	-5.673787E-13	3.768594E-12	3.410040E-12	-9.495490E-13	-1.894055E-13	1.394429E-12	-6.901373E-13	1.370726E-10
0:11:58	0	-1.499634E+1	1.525500E+1	1.568500E+1	1.494496E+0	1.731738E+0	3.882625E+2	2.116200E-9	1.469248E-9	8.892305E-12	-1.009329E-12	2.939313E-11	6.328153E-12	2.154370E-12	6.348891E-12	2.886756E-11	1.015089E-12	4.627134E-12	2.969943E-12	0.000000E+0	1.761835E-11	4.429867E-13	2.271414E-12	3.219785E-10	3.094821E-11	2.786187E-10	-1.296552E-11	3.029850E-10	1.818002E-12	-9.463245E-13	2.393596E-12	-1.320573E-11	3.015038E-10	1.198463E-12	4.081900E-12	2.967463E-12	-1.013519E-12	2.020657E-12	9.502920E-13	1.881292E-13	1.358063E-10
0:12:12	0	-1.499603E+1	1.525800E+1	1.569200E+1	1.493634E+0	1.731878E+0	3.890781E+2	2.103000E-9	1.508700E-9	1.091030E-11	-1.264150E-13	3.255447E-11	6.075386E-12	2.280392E-12	6.725975E-12	3.133062E-11	1.889728E-11	3.106104E-12	-6.285067E-14	5.689406E-13	1.957627E-11	1.393958E-12	1.324992E-12	3.170375E-10	3.094821E-11	2.795048E-10	-1.290292E-11	3.053786E-10	2.695829E-12	-1.640628E-12	2.835123E-12	-1.118383E-11	3.063500E-10	5.673787E-13	3.516759E-12	4.103810E-12	-8.865789E-13	6.948190E-13	1.140350E-12	1.568404E-12	1.444169E-10
0:12:25	0	-1.499672E+1	1.527000E+1	1.569000E+1	1.497333E+0	1.734525E+0	3.898937E+2	2.123000E-9	1.536040E-9	9.585212E-12	1.264150E-13	3.419801E-11	7.973632E-12	3.737642E-12	7.229083E-12	3.246741E-11	2.143400E-11	2.788889E-12	5.181688E-12	-1.517175E-12	2.020732E-11	2.850914E-12	1.830082E-12	3.251454E-10	3.183341E-11	2.761474E-10	-1.221038E-11	3.038671E-10	2.695829E-12	2.397687E-12	2.645187E-12	-1.301621E-11	3.035806E-10	1.828552E-12	4.458660E-12	3.472838E-12	3.168495E-13	1.010827E-12	1.964604E-12	1.693163E-12	1.501150E-10
0:12:39	0	-1.499558E+1	1.527400E+1	1.568100E+1	1.494965E+0	1.731637E+0	3.907094E+2	2.200200E-9	1.551459E-9	1.065743E-11	-1.009329E-12	3.476682E-11	6.771743E-12	4.054697E-12	8.234308E-12	3.360420E-11	1.414117E-11	1.711159E-12	3.665291E-12	1.264645E-12	1.850260E-11	6.969791E-13	2.397936E-12	3.408553E-10	3.474480E-11	2.789987E-10	-1.447579E-11	3.071426E-10	3.698352E-12	2.902726E-12	2.267303E-12	-1.371146E-11	3.082390E-10	1.891262E-12	7.159436E-12	5.809329E-12	-2.528799E-13	1.768449E-12	1.774545E-12	2.697179E-12	1.404909E-10
0:12:52	0	-1.499611E+1	1.526300E+1	1.566500E+1	1.493305E+0	1.731156E+0	3.915250E+2	2.215400E-9	1.584096E-9	1.229711E-11	1.702123E-12	3.805390E-11	9.745995E-12	4.054697E-12	8.611391E-12	3.632054E-11	1.674096E-11	5.514736E-12	6.888633E-12	2.908584E-12	1.212439E-11	2.659920E-12	3.029548E-12	3.331273E-10	3.828962E-11	2.795048E-10	-1.428701E-11	3.064495E-10	3.510317E-12	6.689020E-12	3.527247E-12	-1.263717E-11	3.065388E-10	2.269515E-12	6.217535E-12	6.945677E-12	1.456308E-12	3.978511E-12	2.660818E-12	2.759559E-12	1.464429E-10
0:13:06	0	-1.499535E+1	1.526100E+1	1.566500E+1	1.492824E+0	1.730282E+0	3.923406E+2	2.256900E-9	1.594162E-9	1.116217E-11	1.264150E-13	3.881230E-11	9.683053E-12	5.194892E-12	8.988474E-12	3.903688E-11	4.883240E-12	4.056748E-12	4.613039E-12	1.833586E-12	2.841685E-11	3.356899E-12	3.912212E-12	3.324303E-10	4.025085E-11	2.814060E-10	-1.315430E-11	3.115518E-10	4.889901E-12	3.533277E-12	2.835123E-12	-1.276385E-11	3.069174E-10	4.161773E-12	8.667468E-12	6.756285E-12	1.266398E-12	3.535901E-12	4.182285E-12	4.014084E-12	1.396044E-10
0:13:19	0	-1.499535E+1	1.525200E+1	1.566700E+1	1.495281E+0	1.733347E+0	3.931562E+2	2.299600E-9	1.644163E-9	1.185607E-11	1.512998E-12	4.146671E-11	9.366345E-12	3.611620E-12	9.554099E-12	4.112100E-11	2.225788E-11	5.324607E-12	7.646831E-12	1.896469E-12	2.860626E-11	3.990880E-12	3.849449E-12	3.274894E-10	4.044068E-11	2.845733E-10	-1.290292E-11	3.144495E-10	4.262457E-12	2.460444E-12	5.417661E-12	-1.320573E-11	3.133375E-10	4.855567E-12	8.604014E-12	7.387257E-12	2.468827E-12	4.420125E-12	6.209908E-12	5.644867E-12	1.461890E-10
0:13:33	0	-1.499649E+1	1.525500E+1	1.567800E+1	1.497422E+0	1.734095E+0	3.939719E+2	2.323300E-9	1.667952E-9	1.229711E-11	2.269497E-12	4.488053E-11	1.291007E-11	5.892012E-12	8.297816E-12	4.598528E-11	2.422399E-11	5.451693E-12	8.531729E-12	4.421767E-13	3.062700E-11	4.496865E-12	4.733109E-12	3.378773E-10	4.385861E-11	2.838132E-10	-1.315430E-11	3.198661E-10	6.895937E-12	5.805452E-12	6.740255E-12	-1.314289E-11	3.117010E-10	3.089725E-12	9.734295E-12	8.144823E-12	4.115045E-12	5.367153E-12	5.702752E-12	5.519118E-12	1.249798E-10
0:13:46	0	-1.499679E+1	1.525900E+1	1.566000E+1	1.492976E+0	1.730472E+0	3.947875E+2	2.335800E-9	1.698666E-9	1.210795E-11	1.576703E-12	4.677654E-11	1.373331E-11	7.222241E-12	1.118846E-11	4.630138E-11	2.809214E-11	5.767907E-12	8.025930E-12	5.689406E-13	2.424878E-11	3.800886E-12	7.257566E-12	3.411082E-10	4.784603E-11	2.845733E-10	-1.472817E-11	3.199924E-10	7.334356E-12	9.401485E-12	5.920843E-12	-1.263717E-11	3.162957E-10	4.855567E-12	9.671832E-12	9.155574E-12	5.888203E-12	6.124774E-12	6.653044E-12	6.648884E-12	1.278923E-10
0:14:00	0	-1.499611E+1	1.525400E+1	1.566800E+1	1.494749E+0	1.732891E+0	3.956031E+2	2.354200E-9	1.737492E-9	1.254998E-11	2.585036E-12	5.044282E-11	1.417590E-11	6.399099E-12	1.364049E-11	4.996505E-11	2.504788E-11	6.022079E-12	1.225987E-11	5.373994E-12	2.159701E-11	5.383838E-12	5.931579E-12	3.493432E-10	5.208623E-11	2.879946E-10	-1.359447E-11	3.240237E-10	8.776288E-12	9.590750E-12	8.125497E-12	-1.333242E-11	3.168621E-10	3.594394E-12	1.155563E-11	9.975937E-12	5.571354E-12	8.019826E-12	7.920434E-12	6.335005E-12	1.232696E-10
0:14:13	0	-1.499618E+1	1.524700E+1	1.567900E+1	1.491696E+0	1.729483E+0	3.964187E+2	2.420500E-9	1.783974E-9	1.463069E-11	1.828538E-12	5.423583E-11	1.468243E-11	6.969197E-12	1.364049E-11	5.381818E-11	1.889728E-11	7.986410E-12	9.352778E-12	4.931817E-12	3.908875E-11	6.460806E-12	6.373907E-12	3.512431E-10	5.468090E-11	2.895148E-10	-1.296552E-11	3.247168E-10	9.842150E-12	3.786294E-12	7.307080E-12	-1.307905E-11	3.167995E-10	8.323545E-12	1.205831E-11	1.079730E-11	5.571354E-12	8.525239E-12	8.617648E-12	9.721331E-12	1.356164E-10
0:14:27	0	-1.499634E+1	1.522700E+1	1.566900E+1	1.496890E+0	1.734601E+0	3.972343E+2	2.474900E-9	1.822386E-9	1.469341E-11	4.666404E-12	5.550017E-11	1.626497E-11	7.982371E-12	1.546339E-11	5.956596E-11	2.834541E-11	7.923367E-12	1.017482E-11	3.983583E-12	4.388886E-11	6.650800E-12	8.330511E-12	3.364213E-10	5.847849E-11	2.909089E-10	-1.265054E-11	3.308901E-10	1.071998E-11	3.975559E-12	8.189141E-12	-1.238480E-11	3.187501E-10	1.021481E-11	1.312613E-11	1.275501E-11	8.483970E-12	1.029269E-11	1.102539E-11	1.091348E-11	1.288418E-10
0:14:40	0	-1.499588E+1	1.525000E+1	1.566900E+1	1.495636E+0	1.732486E+0	3.980500E+2	2.503800E-9	1.903699E-9	1.564018E-11	4.791823E-12	6.251640E-11	1.885957E-11	1.058082E-11	1.596650E-11	6.322963E-11	3.392540E-11	9.318312E-12	1.175407E-11	6.702520E-12	4.388886E-11	7.284781E-12	8.961127E-12	3.551071E-10	6.259179E-11	2.917950E-10	-1.233656E-11	3.375665E-10	1.272601E-11	1.400859E-11	1.070903E-11	-1.288953E-11	3.199465E-10	1.034122E-11	1.438233E-11	1.420734E-11	1.120668E-11	1.332418E-11	1.241982E-11	1.335916E-11	1.218134E-10
0:14:54	0	-1.499717E+1	1.525900E+1	1.568000E+1	1.493204E+0	1.731244E+0	3.988656E+2	2.584800E-9	1.959622E-9	1.627037E-11	5.233778E-12	6.643515E-11	2.031523E-11	1.096088E-11	1.778940E-11	6.670383E-11	4.451577E-11	9.761613E-12	1.415537E-11	8.536106E-12	3.511109E-11	1.019869E-11	9.844787E-12	3.552971E-10	6.917388E-11	2.942663E-10	-1.309170E-11	3.398974E-10	1.322777E-11	1.369282E-11	1.329157E-11	-1.428003E-11	3.212681E-10	1.324083E-11	1.865261E-11	1.692161E-11	1.266299E-11	1.382959E-11	1.381324E-11	1.574345E-11	1.261822E-10
0:15:07	0	-1.499611E+1	1.525400E+1	1.567000E+1	1.496586E+0	1.734107E+0	3.996812E+2	2.691900E-9	2.049885E-9	1.696427E-11	6.052987E-12	7.395732E-11	2.411172E-11	1.083386E-11	2.005190E-11	7.346276E-11	3.658926E-11	1.229733E-11	1.579846E-11	1.043257E-11	4.212034E-11	1.095867E-11	1.249477E-11	3.725269E-10	7.708478E-11	2.971165E-10	-1.265054E-11	3.434872E-10	1.623633E-11	1.792040E-11	1.536993E-11	-1.491144E-11	3.253601E-10	1.563775E-11	1.821338E-11	1.711101E-11	1.582848E-11	1.660787E-11	1.628500E-11	1.699698E-11	1.295385E-10
0:15:21	0	-1.499573E+1	1.525200E+1	1.566100E+1	1.494939E+0	1.732055E+0	4.004968E+2	2.751100E-9	2.118851E-9	1.797277E-11	7.314150E-12	7.749787E-11	2.480808E-11	1.324127E-11	2.137169E-11	8.079009E-11	2.961378E-11	1.318493E-11	1.649381E-11	1.119116E-11	5.872882E-11	1.133866E-11	1.407280E-11	3.679660E-10	8.309738E-11	3.006009E-10	-1.302811E-11	3.508578E-10	1.686377E-11	1.167366E-11	1.770088E-11	-1.333242E-11	3.280032E-10	1.670881E-11	2.085070E-11	2.222557E-11	1.810840E-11	1.982776E-11	2.015019E-11	2.088631E-11	1.320702E-10
0:15:34	0	-1.499573E+1	1.524800E+1	1.567600E+1	1.496953E+0	1.734221E+0	4.013125E+2	2.889300E-9	2.239346E-9	1.999076E-11	8.953563E-12	8.672644E-11	3.069364E-11	1.476154E-11	2.382372E-11	9.064429E-11	4.242352E-11	1.362823E-11	1.788451E-11	1.258257E-11	7.300055E-11	1.399858E-11	1.577637E-11	3.582111E-10	9.240002E-11	3.014250E-10	-1.409822E-11	3.583536E-10	2.068781E-11	1.634253E-11	2.122812E-11	-1.371146E-11	3.317802E-10	1.979853E-11	2.845036E-11	2.576220E-11	2.102002E-11	2.500650E-11	2.426846E-11	2.571529E-11	1.318173E-10
0:15:48	0	-1.499725E+1	1.526800E+1	1.567000E+1	1.493660E+0	1.731080E+0	4.021281E+2	2.996200E-9	2.366351E-9	2.144129E-11	1.153860E-11	9.766242E-11	3.214929E-11	1.476154E-11	2.671536E-11	9.727658E-11	5.605715E-11	1.819232E-11	2.205460E-11	1.384722E-11	7.704202E-11	1.760947E-11	1.785949E-11	3.677130E-10	9.974143E-11	3.031981E-10	-1.416181E-11	3.654079E-10	2.413578E-11	2.347283E-11	2.261436E-11	-1.276385E-11	3.329756E-10	2.408672E-11	2.951817E-11	2.992881E-11	2.399660E-11	2.967884E-11	2.965411E-11	2.897685E-11	1.339702E-10
0:16:01	0	-1.499603E+1	1.525800E+1	1.567000E+1	1.494382E+0	1.731270E+0	4.029437E+2	3.177500E-9	2.548886E-9	2.263994E-11	1.210597E-11	1.039831E-10	3.740244E-11	1.831015E-11	2.973202E-11	1.072574E-10	7.140262E-11	1.876271E-11	2.578374E-11	1.726086E-11	6.851646E-11	1.868644E-11	1.994162E-11	3.853858E-10	1.163235E-10	3.067465E-10	-1.365806E-11	3.806522E-10	2.752041E-11	3.205450E-11	2.897673E-11	-1.364762E-11	3.392070E-10	2.837391E-11	3.831057E-11	3.788524E-11	3.210075E-11	3.574081E-11	3.725845E-11	3.775853E-11	1.401111E-10
0:16:15	0	-1.499702E+1	1.527500E+1	1.567900E+1	1.491063E+0	1.729648E+0	4.037593E+2	3.406900E-9	2.802153E-9	2.440506E-11	1.431276E-11	1.192809E-10	4.221200E-11	2.122465E-11	3.413199E-11	1.232383E-10	6.924730E-11	2.218603E-11	2.856413E-11	2.130733E-11	8.436729E-11	2.217033E-11	2.379107E-11	4.177544E-10	1.356262E-10	3.140952E-10	-1.409822E-11	3.968412E-10	3.360186E-11	3.729216E-11	3.244133E-11	-1.225812E-11	3.494677E-10	3.663375E-11	4.302106E-11	4.438834E-11	3.887553E-11	4.477146E-11	4.562202E-11	4.986316E-11	1.577752E-10
0:16:28	0	-1.499641E+1	1.524800E+1	1.567900E+1	1.495357E+0	1.733524E+0	4.045750E+2	3.775600E-9	3.130165E-9	2.932410E-11	1.954654E-11	1.366005E-10	5.024957E-11	2.439219E-11	3.872050E-11	1.418728E-10	7.152975E-11	2.643291E-11	3.260852E-11	2.649167E-11	1.094375E-10	2.546424E-11	2.846142E-11	4.175014E-10	1.561318E-10	3.222040E-10	-1.353187E-11	4.260688E-10	4.244050E-11	3.886903E-11	4.201571E-11	-1.257433E-11	3.573356E-10	5.101033E-11	6.073177E-11	6.017460E-11	5.445114E-11	5.897887E-11	6.260424E-11	6.918106E-11	1.754402E-10
0:16:42	0	-1.499702E+1	1.526900E+1	1.569000E+1	1.494610E+0	1.731650E+0	4.053906E+2	4.191900E-9	3.574584E-9	3.197327E-11	2.257253E-11	1.544259E-10	5.683149E-11	2.698964E-11	4.481833E-11	1.610746E-10	8.833378E-11	3.150334E-11	3.905421E-11	3.079167E-11	1.405061E-10	3.148106E-11	3.306800E-11	4.244693E-10	1.860669E-10	3.337972E-10	-1.340568E-11	4.565553E-10	5.560592E-11	5.010141E-11	5.713405E-11	-1.371146E-11	3.644484E-10	6.980052E-11	7.122057E-11	8.183199E-11	7.876359E-11	8.815229E-11	8.547827E-11	1.007303E-10	2.041207E-10
0:16:55	0	-1.499558E+1	1.526600E+1	1.567800E+1	1.491823E+0	1.729939E+0	4.062062E+2	4.998900E-9	4.361653E-9	3.670316E-11	2.837369E-11	1.779414E-10	6.714696E-11	3.085430E-11	5.305264E-11	1.852674E-10	1.162357E-10	3.765251E-11	4.606854E-11	3.603989E-11	1.617881E-10	3.756187E-11	4.177609E-11	4.441691E-10	2.298626E-10	3.429201E-10	-1.290292E-11	5.176567E-10	7.203028E-11	7.452056E-11	7.974841E-11	-1.307905E-11	3.905066E-10	1.063716E-10	1.144300E-10	1.310199E-10	1.234634E-10	1.347550E-10	1.468781E-10	1.572424E-10	2.655976E-10
0:17:09	0	-1.499626E+1	1.525700E+1	1.568100E+1	1.492330E+0	1.729585E+0	4.070218E+2	7.148000E-9	6.571002E-9	4.256798E-11	3.367017E-11	2.150463E-10	8.151268E-11	3.788651E-11	6.241820E-11	2.287896E-10	1.412205E-10	4.468827E-11	5.940286E-11	4.381641E-11	2.037181E-10	5.168745E-11	5.218873E-11	4.961745E-10	2.987197E-10	3.848583E-10	-1.390944E-11	6.525192E-10	1.127785E-10	1.255055E-10	1.249761E-10	-1.364762E-11	4.404846E-10	2.569429E-10	2.686162E-10	2.752992E-10	2.730133E-10	2.996943E-10	3.407097E-10	3.733167E-10	5.763364E-10
0:17:22	0	-1.499558E+1	1.526700E+1	1.567000E+1	1.496320E+0	1.733664E+0	4.078374E+2	3.370000E-7	3.179766E-7	3.916218E-11	1.904187E-11	2.594848E-10	8.372764E-11	4.377852E-11	2.269148E-11	3.795054E-10	1.778098E-10	-1.386289E-10	2.407679E-11	-9.831793E-11	3.203543E-10	7.784866E-11	9.535356E-11	5.381091E-10	3.659943E-10	4.547982E-10	2.700114E-11	1.113611E-9	2.343966E-10	2.310715E-10	2.438425E-10	3.733645E-10	5.729827E-10	2.830068E-8	5.125252E-9	9.414785E-9	1.204989E-8	3.895618E-8	1.858833E-8	5.003602E-8	1.500444E-7
0:17:37	0	-1.499596E+1	1.525400E+1	1.567200E+1	1.491506E+0	1.729724E+0	4.086531E+2	5.462400E-6	5.276217E-6	8.828888E-11	5.832408E-11	3.527215E-10	6.569130E-11	1.697932E-10	4.671030E-10	8.665205E-10	2.026044E-10	9.931598E-10	2.500619E-10	6.716614E-10	4.986871E-10	2.559023E-11	1.361205E-10	6.757556E-10	7.323693E-10	1.099016E-9	8.817822E-11	6.881729E-9	1.700145E-9	1.311592E-9	2.020913E-9	-6.716681E-11	3.280916E-9	6.116590E-7	5.564921E-7	5.518073E-7	5.988903E-7	6.554291E-7	6.646657E-7	7.131940E-7	9.015095E-7
0:17:54	0	-1.499573E+1	1.528100E+1	1.568100E+1	1.490594E+0	1.728951E+0	4.094687E+2	1.321400E-5	1.295033E-5	9.711647E-12	1.180357E-10	4.885007E-10	3.647829E-10	3.028400E-10	5.970310E-10	6.769573E-10	4.453489E-10	1.857899E-10	1.737851E-10	-3.222051E-10	1.234878E-9	4.067248E-10	4.652832E-10	7.145851E-10	1.410436E-9	2.584507E-7	3.738627E-11	3.416182E-7	3.553371E-7	3.195861E-7	4.214278E-7	-8.795444E-11	4.637290E-7	1.313063E-6	1.226796E-6	1.287616E-6	1.310171E-6	1.341230E-6	1.366813E-6	1.391653E-6	1.545614E-6
0:18:22	1	-1.499580E+1	1.527300E+1	1.567500E+1	1.493900E+0	1.732384E+0	0.000000E+0	1.639700E-9	2.290941E-9	8.872991E-11	7.541100E-11	7.945674E-11	7.803190E-11	8.020878E-11	7.731596E-11	8.123184E-11	8.611440E-11	7.733339E-11	7.602337E-11	8.086742E-11	7.249512E-11	7.803866E-11	7.597980E-11	3.103866E-11	7.841358E-11	4.884386E-11	-1.416181E-11	4.535294E-11	7.949033E-11	8.606771E-11	8.529137E-11	-1.484860E-11	5.255862E-11	8.373514E-11	8.880635E-11	8.663057E-11	8.978035E-11	8.745847E-11	9.023073E-11	9.094564E-11	8.806844E-11
0:18:35	1	-1.499672E+1	1.525100E+1	1.568000E+1	1.496206E+0	1.733347E+0	0.000000E+0	2.436200E-9	2.275170E-9	9.106349E-11	7.900536E-11	7.812954E-11	8.043668E-11	7.932163E-11	7.983051E-11	8.047398E-11	7.463709E-11	7.758656E-11	7.823511E-11	7.713737E-11	7.603115E-11	7.829165E-11	7.642212E-11	5.986034E-11	7.999616E-11	6.259122E-11	-1.283933E-11	5.952622E-11	7.265773E-11	8.108307E-11	8.031523E-11	-1.409051E-11	5.828618E-11	7.856503E-11	7.806670E-11	8.120002E-11	8.053675E-11	7.899603E-11	8.256337E-11	8.103618E-11	8.021741E-11
0:18:49	1	-1.499657E+1	1.528700E+1	1.569200E+1	1.492887E+0	1.730320E+0	1.000000E+1	3.021800E-9	2.742548E-9	1.061352E-10	9.060767E-11	9.108826E-11	9.366345E-11	9.142271E-11	9.309392E-11	9.525528E-11	8.814358E-11	9.260973E-11	9.049498E-11	9.307070E-11	1.006598E-10	9.273422E-11	8.626591E-11	8.203110E-11	9.176759E-11	9.040199E-11	-1.397303E-11	8.510040E-11	8.701371E-11	8.644624E-11	9.266110E-11	-1.377430E-11	8.906636E-11	9.565209E-11	9.263741E-11	9.218671E-11	9.579550E-11	9.490908E-11	9.720087E-11	9.790741E-11	9.427230E-11
0:19:02	1	-1.499679E+1	1.527500E+1	1.568500E+1	1.492469E+0	1.731029E+0	2.000000E+1	3.150800E-9	2.826635E-9	1.068291E-10	9.205696E-11	9.216300E-11	9.322086E-11	9.123267E-11	9.277935E-11	9.588650E-11	1.030456E-10	9.343329E-11	9.163228E-11	9.718005E-11	9.554462E-11	9.419117E-11	8.778119E-11	8.747804E-11	9.360294E-11	1.030722E-10	-1.309170E-11	1.014146E-10	8.870602E-11	9.319802E-11	9.316527E-11	-1.440671E-11	1.027255E-10	9.451733E-11	9.144368E-11	9.363904E-11	9.573153E-11	9.547730E-11	9.783406E-11	9.840942E-11	9.674205E-11
0:19:16	1	-1.498509E+1	1.527600E+1	1.568900E+1	1.491291E+0	1.728926E+0	3.000000E+1	3.222400E-9	2.909394E-9	1.077749E-10	9.363366E-11	9.222586E-11	9.486634E-11	9.237287E-11	9.303041E-11	9.752887E-11	1.018413E-10	9.406772E-11	9.226378E-11	9.262753E-11	9.579684E-11	9.482416E-11	8.967403E-11	1.150967E-10	9.259085E-11	1.139053E-10	-1.334308E-11	1.151464E-10	8.908209E-11	9.420810E-11	9.379475E-11	-1.390098E-11	1.155032E-10	9.584121E-11	9.238558E-11	1.002059E-10	9.611135E-11	9.522509E-11	9.669371E-11	9.809554E-11	1.002243E-10
0:19:29	1	-1.499687E+1	1.526400E+1	1.569600E+1	1.494065E+0	1.732232E+0	4.000000E+1	3.323500E-9	2.963170E-9	1.079640E-10	9.483212E-11	9.469167E-11	9.429687E-11	9.446323E-11	9.315643E-11	9.632926E-11	1.092602E-10	9.463811E-11	9.314868E-11	9.427147E-11	8.253597E-11	9.488815E-11	9.055769E-11	1.348595E-10	9.328623E-11	1.254985E-10	-1.491695E-11	1.245953E-10	8.939581E-11	9.528093E-11	9.354316E-11	-1.257433E-11	1.281547E-10	9.558938E-11	9.150614E-11	9.408162E-11	9.522577E-11	9.478347E-11	9.846826E-11	9.815891E-11	1.031998E-10
0:19:43	1	-1.499565E+1	1.527900E+1	1.568400E+1	1.495142E+0	1.732118E+0	5.000000E+1	3.376900E-9	3.022634E-9	1.080905E-10	9.457929E-11	9.450207E-11	9.682853E-11	9.623753E-11	9.403663E-11	9.626643E-11	8.719256E-11	9.527154E-11	9.384403E-11	9.420858E-11	9.339728E-11	9.368419E-11	9.005260E-11	1.523423E-10	9.581796E-11	1.362045E-10	-1.227297E-11	1.360598E-10	8.989757E-11	9.635376E-11	9.442522E-11	-1.415335E-11	1.383518E-10	9.748064E-11	9.489797E-11	9.439761E-11	9.623829E-11	9.781396E-11	9.739093E-11	9.803316E-11	1.051628E-10
0:19:56	1	-1.499702E+1	1.527500E+1	1.568500E+1	1.491012E+0	1.729509E+0	6.000000E+1	3.433300E-9	3.073636E-9	1.094783E-10	9.634511E-11	9.519661E-11	9.575252E-11	9.490731E-11	9.579701E-11	9.689765E-11	9.150519E-11	9.438394E-11	9.460223E-11	9.825505E-11	9.933287E-11	9.666110E-11	9.112555E-11	1.443614E-10	9.683105E-11	1.481147E-10	-1.447579E-11	1.482801E-10	9.039834E-11	9.023254E-11	9.404733E-11	-1.263717E-11	1.493667E-10	9.621947E-11	9.722199E-11	9.597553E-11	9.731478E-11	9.610931E-11	9.853128E-11	9.778265E-11	1.097215E-10
0:20:10	1	-1.499596E+1	1.526400E+1	1.567700E+1	1.494458E+0	1.733030E+0	7.000000E+1	3.545000E-9	3.134550E-9	1.095410E-10	9.628241E-11	9.437534E-11	9.727112E-11	9.655459E-11	9.592204E-11	9.904559E-11	1.016511E-10	9.710978E-11	9.422313E-11	9.692752E-11	9.718653E-11	9.678810E-11	9.131483E-11	1.518363E-10	9.518552E-11	1.575547E-10	-1.290292E-11	1.593657E-10	8.983423E-11	9.521718E-11	9.474045E-11	-1.219528E-11	1.581797E-10	9.855269E-11	9.577741E-11	9.629152E-11	9.604838E-11	9.655093E-11	9.821518E-11	9.985207E-11	1.122532E-10
0:20:23	1	-1.499748E+1	1.525900E+1	1.568200E+1	1.495547E+0	1.732549E+0	8.000000E+1	3.595300E-9	3.208626E-9	1.101712E-10	9.766899E-11	9.721935E-11	9.752389E-11	9.661760E-11	9.680223E-11	9.936070E-11	1.022848E-10	9.761713E-11	9.586622E-11	9.458788E-11	1.001543E-10	9.640811E-11	9.358624E-11	1.695091E-10	9.569107E-11	1.685138E-10	-1.384684E-11	1.698856E-10	9.240437E-11	9.692156E-11	9.669252E-11	-1.326858E-11	1.656700E-10	9.880452E-11	1.002995E-10	9.685969E-11	9.750469E-11	9.648812E-11	9.891140E-11	9.960156E-11	1.161152E-10
0:20:37	1	-1.499466E+1	1.527900E+1	1.568600E+1	1.496257E+0	1.733753E+0	9.000000E+1	3.685600E-9	3.273322E-9	1.098566E-10	9.968665E-11	9.936883E-11	1.000555E-10	9.883498E-11	9.956784E-11	9.917124E-11	1.039976E-10	9.806043E-11	9.700352E-11	9.781187E-11	9.049229E-11	9.691509E-11	9.446990E-11	1.792640E-10	9.834968E-11	1.786498E-10	-1.441319E-11	1.814764E-10	9.347024E-11	9.811990E-11	9.795247E-11	-1.314289E-11	1.749221E-10	1.006331E-10	9.822635E-11	9.755446E-11	9.851820E-11	9.825657E-11	1.009390E-10	1.004788E-10	1.187749E-10
0:20:50	1	-1.499900E+1	1.526200E+1	1.569000E+1	1.493356E+0	1.730953E+0	1.000000E+2	3.785500E-9	3.357415E-9	1.125685E-10	1.001913E-10	1.003807E-10	1.007519E-10	1.014324E-10	1.003220E-10	1.016981E-10	9.258234E-11	1.006602E-10	9.864662E-11	1.013533E-10	9.983830E-11	9.691509E-11	9.629999E-11	1.904129E-10	1.015768E-10	1.896098E-10	-1.340568E-11	1.909242E-10	9.510020E-11	1.002028E-10	9.833035E-11	-1.541716E-11	1.799581E-10	1.022098E-10	1.009906E-10	1.004591E-10	1.007971E-10	1.014765E-10	1.022704E-10	1.035523E-10	1.247259E-10
0:21:04	1	-1.499520E+1	1.526300E+1	1.570100E+1	1.496067E+0	1.734171E+0	1.200000E+2	4.101900E-9	3.612182E-9	1.184333E-10	1.066226E-10	1.065118E-10	1.067643E-10	1.073244E-10	1.061053E-10	1.084570E-10	1.017772E-10	1.072517E-10	1.062934E-10	1.057790E-10	1.108262E-10	1.071758E-10	1.012224E-10	1.984568E-10	1.074635E-10	2.183077E-10	-1.283933E-11	2.205297E-10	1.009303E-10	1.006441E-10	1.049453E-10	-1.288953E-11	1.967016E-10	1.077582E-10	1.067054E-10	1.063940E-10	1.065584E-10	1.075384E-10	1.096837E-10	1.093229E-10	1.354265E-10
0:21:18	1	-1.500743E+1	1.529200E+1	1.573100E+1	1.491240E+0	1.730206E+0	1.400000E+2	4.527400E-9	4.023355E-9	1.307304E-10	1.181612E-10	1.184586E-10	1.177122E-10	1.200586E-10	1.191801E-10	1.213427E-10	1.286651E-10	1.183452E-10	1.170998E-10	1.177917E-10	1.153731E-10	1.176915E-10	1.170625E-10	2.054887E-10	1.192349E-10	2.492238E-10	-1.252535E-11	2.520883E-10	1.118383E-10	1.152832E-10	1.197484E-10	-1.371146E-11	2.150181E-10	1.201171E-10	1.199575E-10	1.081624E-10	1.193483E-10	1.194102E-10	1.219765E-10	1.215533E-10	1.534703E-10
0:21:31	1	-1.499603E+1	1.531400E+1	1.573300E+1	1.492912E+0	1.730307E+0	1.600000E+2	5.224500E-9	4.729639E-9	1.499646E-10	1.392844E-10	1.404563E-10	1.387868E-10	1.391289E-10	1.408029E-10	1.379558E-10	1.457864E-10	1.404672E-10	1.382066E-10	1.363811E-10	1.367807E-10	1.394808E-10	1.356781E-10	2.498293E-10	1.389802E-10	2.864105E-10	-1.302811E-11	2.928431E-10	1.371023E-10	1.390091E-10	1.387719E-10	-1.364762E-11	2.435952E-10	1.416187E-10	1.411225E-10	1.400489E-10	1.401154E-10	1.412586E-10	1.431400E-10	1.440704E-10	1.792383E-10
0:21:45	1	-1.499596E+1	1.528000E+1	1.571600E+1	1.493584E+0	1.731472E+0	1.800000E+2	6.296900E-9	5.768618E-9	1.820643E-10	1.703058E-10	1.709242E-10	1.708731E-10	1.712504E-10	1.727984E-10	1.726978E-10	1.715321E-10	1.724778E-10	1.699941E-10	1.691960E-10	1.624820E-10	1.715329E-10	1.675477E-10	3.020887E-10	1.725231E-10	3.364584E-10	-1.290292E-11	3.422910E-10	1.660023E-10	1.734613E-10	1.708343E-10	-1.352194E-11	2.852641E-10	1.754783E-10	1.748485E-10	1.763552E-10	1.732927E-10	1.753585E-10	1.767863E-10	1.788812E-10	2.194420E-10
0:21:59	1	-1.499634E+1	1.527800E+1	1.568600E+1	1.494078E+0	1.731738E+0	2.000000E+2	7.820100E-9	7.237387E-9	2.292357E-10	2.170286E-10	2.167537E-10	2.175790E-10	2.181335E-10	2.184969E-10	2.197571E-10	2.207399E-10	2.198920E-10	2.173895E-10	2.180071E-10	2.178004E-10	2.182165E-10	2.160125E-10	3.415512E-10	2.232805E-10	3.982256E-10	-1.334308E-11	4.024466E-10	2.113900E-10	2.135924E-10	2.185193E-10	-1.333242E-11	3.494041E-10	2.239663E-10	2.221408E-10	2.232694E-10	2.225513E-10	2.239181E-10	2.250071E-10	2.251065E-10	2.746510E-10
0:22:13	1	-1.499694E+1	1.527000E+1	1.569900E+1	1.493128E+0	1.731941E+0	2.200000E+2	9.809000E-9	9.340183E-9	2.943162E-10	2.820367E-10	2.833156E-10	2.816877E-10	2.847209E-10	2.843724E-10	2.849452E-10	2.899872E-10	2.852452E-10	2.829856E-10	2.837636E-10	2.948424E-10	2.843465E-10	2.816434E-10	4.294733E-10	2.867585E-10	4.777315E-10	-1.252535E-11	4.812485E-10	2.790945E-10	2.764403E-10	2.843467E-10	-1.257433E-11	4.364563E-10	2.953425E-10	2.931730E-10	2.939253E-10	2.928309E-10	2.928737E-10	2.964821E-10	2.976116E-10	3.532852E-10
0:22:26	1	-1.499527E+1	1.525600E+1	1.569400E+1	1.490569E+0	1.728939E+0	2.400000E+2	1.263400E-8	1.228228E-8	3.858844E-10	3.749766E-10	3.765524E-10	3.766170E-10	3.769668E-10	3.784715E-10	3.801366E-10	3.900525E-10	3.803266E-10	3.768935E-10	3.755058E-10	3.746000E-10	3.779037E-10	3.764291E-10	5.548319E-10	3.803614E-10	5.779524E-10	-1.302811E-11	5.851193E-10	3.735682E-10	3.792301E-10	3.824254E-10	-1.244764E-11	5.538474E-10	3.951564E-10	3.942261E-10	3.928055E-10	3.919818E-10	3.926455E-10	3.978643E-10	4.009133E-10	4.535095E-10
0:22:40	1	-1.499748E+1	1.526500E+1	1.568200E+1	1.494103E+0	1.731320E+0	2.600000E+2	1.697600E-8	1.653492E-8	5.207135E-10	5.089008E-10	5.118895E-10	5.092654E-10	5.140683E-10	5.148119E-10	5.154399E-10	5.211902E-10	5.176877E-10	5.118768E-10	5.092308E-10	5.094856E-10	5.135846E-10	5.150740E-10	7.203501E-10	5.224428E-10	7.212527E-10	-1.428701E-11	7.303764E-10	5.109219E-10	5.206996E-10	5.246609E-10	-1.238480E-11	7.157405E-10	5.408105E-10	5.393045E-10	5.392319E-10	5.382393E-10	5.401564E-10	5.449335E-10	5.514444E-10	6.078035E-10
0:22:54	1	-1.499733E+1	1.526300E+1	1.568000E+1	1.492507E+0	1.731232E+0	2.800000E+2	2.334600E-8	2.278682E-8	7.159580E-10	7.051217E-10	7.065178E-10	7.070357E-10	7.109781E-10	7.123768E-10	7.126466E-10	7.194830E-10	7.185638E-10	7.143527E-10	7.127598E-10	7.046791E-10	7.160925E-10	7.166351E-10	9.388237E-10	7.240778E-10	9.365831E-10	-1.164402E-11	9.447955E-10	7.164184E-10	7.257731E-10	7.340473E-10	-1.326858E-11	9.469356E-10	7.608041E-10	7.573634E-10	7.587135E-10	7.571813E-10	7.574444E-10	7.686722E-10	7.757975E-10	8.350964E-10
0:23:08	1	-1.499596E+1	1.527900E+1	1.568900E+1	1.490429E+0	1.728913E+0	3.000000E+2	3.283300E-8	3.224740E-8	1.013806E-9	1.002039E-9	1.005321E-9	1.005557E-9	1.010081E-9	1.013470E-9	1.017362E-9	1.023737E-9	1.025044E-9	1.018761E-9	1.019158E-9	1.023392E-9	1.019124E-9	1.024846E-9	1.247056E-9	1.031405E-9	1.257647E-9	-1.472817E-11	1.266930E-9	1.026983E-9	1.029599E-9	1.052157E-9	-1.213144E-11	1.288094E-9	1.093538E-9	1.087214E-9	1.088945E-9	1.088191E-9	1.091806E-9	1.104821E-9	1.115559E-9	1.182621E-9
0:23:21	1	-1.499634E+1	1.525900E+1	1.569100E+1	1.494116E+0	1.731257E+0	3.200000E+2	4.783200E-8	4.736002E-8	1.487097E-9	1.475126E-9	1.479346E-9	1.479826E-9	1.485755E-9	1.491699E-9	1.497176E-9	1.516012E-9	1.512940E-9	1.503971E-9	1.498925E-9	1.514249E-9	1.506422E-9	1.515498E-9	1.763248E-9	1.521191E-9	1.765089E-9	-1.233656E-11	1.777153E-9	1.525555E-9	1.532693E-9	1.562456E-9	-1.270001E-11	1.821233E-9	1.627097E-9	1.618606E-9	1.619337E-9	1.619719E-9	1.624763E-9	1.642024E-9	1.663992E-9	1.736860E-9
0:23:35	1	-1.499672E+1	1.526600E+1	1.567000E+1	1.492013E+0	1.729382E+0	3.400000E+2	7.368600E-8	7.321090E-8	2.292165E-9	2.276784E-9	2.284224E-9	2.284577E-9	2.296585E-9	2.302137E-9	2.308870E-9	2.354142E-9	2.347759E-9	2.329548E-9	2.326444E-9	2.321358E-9	2.336407E-9	2.349134E-9	2.624730E-9	2.363936E-9	2.633700E-9	-1.428701E-11	2.646930E-9	2.383654E-9	2.403851E-9	2.441008E-9	-1.219528E-11	2.730089E-9	2.550328E-9	2.534238E-9	2.540011E-9	2.539748E-9	2.546516E-9	2.577409E-9	2.613342E-9	2.697761E-9
0:23:49	1	-1.498760E+1	1.526500E+1	1.569000E+1	1.494584E+0	1.732321E+0	3.600000E+2	1.231000E-7	1.223821E-7	3.799127E-9	3.780726E-9	3.785187E-9	3.791046E-9	3.805781E-9	3.821807E-9	3.833903E-9	3.881061E-9	3.920029E-9	3.893870E-9	3.890873E-9	3.895031E-9	3.900661E-9	3.923069E-9	4.218662E-9	3.950503E-9	4.294389E-9	-1.340568E-11	4.309694E-9	4.030451E-9	4.058453E-9	4.129764E-9	-1.396383E-11	4.460433E-9	4.338907E-9	4.309606E-9	4.328698E-9	4.327316E-9	4.335274E-9	4.391088E-9	4.454084E-9	4.549980E-9
0:24:02	1	-1.499694E+1	1.528300E+1	1.567900E+1	1.493432E+0	1.730510E+0	3.610000E+2	1.260300E-7	1.259025E-7	3.904505E-9	3.884700E-9	3.891952E-9	3.893443E-9	3.915260E-9	3.931935E-9	3.941412E-9	3.993112E-9	4.029310E-9	4.001490E-9	3.998549E-9	4.011603E-9	4.015439E-9	4.035146E-9	4.338825E-9	4.064232E-9	4.407787E-9	-1.428701E-11	4.428684E-9	4.149185E-9	4.180554E-9	4.254742E-9	-1.314289E-11	4.580217E-9	4.469492E-9	4.439110E-9	4.454098E-9	4.450146E-9	4.466176E-9	4.520668E-9	4.590942E-9	4.687241E-9
0:24:16	1	-1.499603E+1	1.527100E+1	1.567800E+1	1.490176E+0	1.728115E+0	3.620000E+2	1.299300E-7	1.298423E-7	4.025840E-9	4.008221E-9	4.011928E-9	4.015902E-9	4.030820E-9	4.048350E-9	4.068314E-9	4.117528E-9	4.155009E-9	4.127753E-9	4.124433E-9	4.130576E-9	4.137817E-9	4.162494E-9	4.452971E-9	4.191063E-9	4.542028E-9	-1.422441E-11	4.557940E-9	4.281713E-9	4.307699E-9	4.389671E-9	-1.263717E-11	4.717498E-9	4.618046E-9	4.586198E-9	4.594336E-9	4.596467E-9	4.612613E-9	4.671095E-9	4.740595E-9	4.844258E-9
0:24:29	1	-1.499687E+1	1.528400E+1	1.569900E+1	1.492583E+0	1.731029E+0	3.630000E+2	1.341800E-7	1.336625E-7	4.139984E-9	4.123734E-9	4.126847E-9	4.132476E-9	4.148663E-9	4.167280E-9	4.178160E-9	4.229835E-9	4.274052E-9	4.251238E-9	4.247349E-9	4.257823E-9	4.258931E-9	4.284670E-9	4.571045E-9	4.314981E-9	4.672341E-9	-1.359447E-11	4.687953E-9	4.413237E-9	4.438190E-9	4.521577E-9	-1.383814E-11	4.854402E-9	4.758025E-9	4.728954E-9	4.734258E-9	4.734113E-9	4.751662E-9	4.813221E-9	4.887550E-9	4.987407E-9
0:24:43	1	-1.499596E+1	1.526800E+1	1.569200E+1	1.488998E+0	1.727127E+0	3.640000E+2	1.381200E-7	1.376993E-7	4.263717E-9	4.243852E-9	4.250428E-9	4.249621E-9	4.267203E-9	4.287340E-9	4.305697E-9	4.350699E-9	4.406280E-9	4.377880E-9	4.370263E-9	4.396056E-9	4.390684E-9	4.412713E-9	4.698620E-9	4.439658E-9	4.807089E-9	-1.328049E-11	4.827918E-9	4.549461E-9	4.573034E-9	4.660348E-9	-1.244764E-11	4.994327E-9	4.904372E-9	4.876859E-9	4.885041E-9	4.885119E-9	4.905108E-9	4.965929E-9	5.043098E-9	5.136573E-9
0:24:56	1	-1.499641E+1	1.527000E+1	1.569300E+1	1.494521E+0	1.732068E+0	3.650000E+2	1.422500E-7	1.421898E-7	4.402519E-9	4.381118E-9	4.384501E-9	4.387015E-9	4.409754E-9	4.424435E-9	4.441442E-9	4.503017E-9	4.548015E-9	4.518425E-9	4.513536E-9	4.529553E-9	4.531052E-9	4.559372E-9	4.833227E-9	4.580285E-9	4.957422E-9	-1.390944E-11	4.972922E-9	4.697283E-9	4.725862E-9	4.818395E-9	-1.383814E-11	5.153955E-9	5.068248E-9	5.044109E-9	5.053504E-9	5.053220E-9	5.068026E-9	5.132831E-9	5.209561E-9	5.314990E-9
0:25:10	1	-1.499573E+1	1.525300E+1	1.569400E+1	1.492482E+0	1.729648E+0	3.660000E+2	1.468800E-7	1.466805E-7	4.533817E-9	4.512206E-9	4.520153E-9	4.521436E-9	4.543878E-9	4.561656E-9	4.574976E-9	4.635994E-9	4.689940E-9	4.658970E-9	4.652382E-9	4.669302E-9	4.669837E-9	4.698079E-9	4.994437E-9	4.726480E-9	5.111618E-9	-1.265054E-11	5.127754E-9	4.846485E-9	4.886829E-9	4.975183E-9	-1.307905E-11	5.309680E-9	5.237548E-9	5.206586E-9	5.214326E-9	5.218851E-9	5.235429E-9	5.301825E-9	5.381856E-9	5.488720E-9
0:25:23	1	-1.499687E+1	1.530200E+1	1.570500E+1	1.490265E+0	1.728812E+0	3.670000E+2	1.512200E-7	1.513021E-7	4.674448E-9	4.650733E-9	4.651633E-9	4.656679E-9	4.679459E-9	4.701265E-9	4.715143E-9	4.782541E-9	4.839028E-9	4.804318E-9	4.800207E-9	4.808103E-9	4.817108E-9	4.844107E-9	5.139242E-9	4.878244E-9	5.265562E-9	-1.378424E-11	5.286113E-9	5.008037E-9	5.040666E-9	5.135939E-9	-1.421719E-11	5.475727E-9	5.410756E-9	5.371385E-9	5.391504E-9	5.387333E-9	5.404599E-9	5.476584E-9	5.555782E-9	5.677898E-9
0:25:37	1	-1.499573E+1	1.529200E+1	1.570000E+1	1.494027E+0	1.731992E+0	3.680000E+2	1.563800E-7	1.561604E-7	4.819619E-9	4.796827E-9	4.802836E-9	4.806351E-9	4.825810E-9	4.849171E-9	4.863648E-9	4.920273E-9	4.986025E-9	4.954722E-9	4.954039E-9	4.970144E-9	4.971856E-9	5.000611E-9	5.294753E-9	5.030453E-9	5.433190E-9	-1.384684E-11	5.447810E-9	5.169087E-9	5.203337E-9	5.307845E-9	-1.314289E-11	5.645236E-9	5.592665E-9	5.556974E-9	5.568995E-9	5.569742E-9	5.590124E-9	5.661734E-9	5.745890E-9	5.847577E-9
0:25:50	1	-1.499740E+1	1.527800E+1	1.568200E+1	1.492558E+0	1.730193E+0	3.690000E+2	1.624500E-7	1.616182E-7	4.983395E-9	4.957676E-9	4.964658E-9	4.972858E-9	4.992563E-9	5.012100E-9	5.026996E-9	5.090918E-9	5.158947E-9	5.127748E-9	5.128229E-9	5.153022E-9	5.141932E-9	5.171692E-9	5.456091E-9	5.208797E-9	5.619316E-9	-1.271413E-11	5.638293E-9	5.354775E-9	5.390744E-9	5.493105E-9	-1.478575E-11	5.835706E-9	5.795320E-9	5.753552E-9	5.767766E-9	5.770704E-9	5.792635E-9	5.869316E-9	5.956194E-9	6.060624E-9
0:26:04	1	-1.499793E+1	1.528200E+1	1.569400E+1	1.493229E+0	1.730396E+0	3.700000E+2	1.671100E-7	1.670556E-7	5.145468E-9	5.120478E-9	5.123888E-9	5.128542E-9	5.154817E-9	5.174842E-9	5.189335E-9	5.265812E-9	5.328192E-9	5.295595E-9	5.292052E-9	5.318664E-9	5.311439E-9	5.339303E-9	5.640422E-9	5.375056E-9	5.804301E-9	-1.321690E-11	5.819265E-9	5.541716E-9	5.581306E-9	5.686680E-9	-1.295337E-11	6.029197E-9	5.993497E-9	5.962064E-9	5.970894E-9	5.974387E-9	5.995525E-9	6.068533E-9	6.170575E-9	6.279876E-9
0:26:17	1	-1.499618E+1	1.527300E+1	1.568900E+1	1.488935E+0	1.726887E+0	3.710000E+2	1.731000E-7	1.727024E-7	5.314353E-9	5.289525E-9	5.293677E-9	5.301758E-9	5.319986E-9	5.342549E-9	5.354769E-9	5.444573E-9	5.510559E-9	5.473109E-9	5.469720E-9	5.481272E-9	5.491459E-9	5.522690E-9	5.816455E-9	5.556566E-9	5.991694E-9	-1.428701E-11	6.012710E-9	5.730976E-9	5.772120E-9	5.884033E-9	-1.263717E-11	6.231186E-9	6.209707E-9	6.168817E-9	6.182356E-9	6.186049E-9	6.212055E-9	6.284415E-9	6.381194E-9	6.498941E-9
0:26:31	1	-1.499657E+1	1.527900E+1	1.568100E+1	1.490784E+0	1.729180E+0	3.720000E+2	1.790300E-7	1.786893E-7	5.492065E-9	5.465065E-9	5.468836E-9	5.476429E-9	5.496368E-9	5.521131E-9	5.540858E-9	5.618705E-9	5.696793E-9	5.661871E-9	5.658138E-9	5.666551E-9	5.677371E-9	5.712451E-9	6.004461E-9	5.752696E-9	6.191946E-9	-1.334308E-11	6.212515E-9	5.934969E-9	5.978835E-9	6.096254E-9	-1.213144E-11	6.439786E-9	6.435063E-9	6.394414E-9	6.407522E-9	6.406323E-9	6.434712E-9	6.514810E-9	6.618782E-9	6.739023E-9
0:26:44	1	-1.499603E+1	1.528400E+1	1.568600E+1	1.486959E+0	1.725442E+0	3.730000E+2	1.854200E-7	1.854791E-7	5.697336E-9	5.663430E-9	5.672252E-9	5.675274E-9	5.694735E-9	5.726113E-9	5.742802E-9	5.811036E-9	5.910917E-9	5.872372E-9	5.867735E-9	5.901907E-9	5.892673E-9	5.922785E-9	6.221098E-9	5.964964E-9	6.423624E-9	-1.290292E-11	6.448291E-9	6.169679E-9	6.203723E-9	6.329831E-9	-1.080478E-11	6.680548E-9	6.690240E-9	6.641991E-9	6.660974E-9	6.661038E-9	6.692982E-9	6.776694E-9	6.888734E-9	6.997023E-9
0:26:58	1	-1.499573E+1	1.527600E+1	1.570100E+1	1.493090E+0	1.731333E+0	3.740000E+2	1.923300E-7	1.921836E-7	5.891446E-9	5.864631E-9	5.868082E-9	5.873044E-9	5.897727E-9	5.924809E-9	5.944177E-9	6.028542E-9	6.124280E-9	6.085908E-9	6.083782E-9	6.106510E-9	6.103605E-9	6.137788E-9	6.409612E-9	6.171790E-9	6.654791E-9	-1.378424E-11	6.674680E-9	6.397370E-9	6.435490E-9	6.565736E-9	-1.522764E-11	6.925717E-9	6.940689E-9	6.893650E-9	6.913099E-9	6.915374E-9	6.940390E-9	7.028315E-9	7.146078E-9	7.265470E-9
0:27:11	1	-1.499649E+1	1.527800E+1	1.569200E+1	1.491481E+0	1.728736E+0	3.750000E+2	1.991900E-7	1.992792E-7	6.099680E-9	6.070184E-9	6.074153E-9	6.074168E-9	6.104521E-9	6.138528E-9	6.154712E-9	6.246873E-9	6.342146E-9	6.299003E-9	6.293698E-9	6.328860E-9	6.324420E-9	6.362764E-9	6.657668E-9	6.396021E-9	6.899961E-9	-1.422441E-11	6.919775E-9	6.639791E-9	6.687258E-9	6.809200E-9	-1.238480E-11	7.178942E-9	7.209045E-9	7.160444E-9	7.178485E-9	7.184145E-9	7.212300E-9	7.304773E-9	7.419794E-9	7.534486E-9
0:27:25	1	-1.499679E+1	1.528700E+1	1.568900E+1	1.489099E+0	1.727609E+0	3.760000E+2	2.071800E-7	2.068481E-7	6.325007E-9	6.292133E-9	6.293816E-9	6.299976E-9	6.326331E-9	6.355644E-9	6.374660E-9	6.475922E-9	6.578138E-9	6.538510E-9	6.539651E-9	6.549628E-9	6.562590E-9	6.596952E-9	6.889951E-9	6.639680E-9	7.157356E-9	-1.378424E-11	7.177848E-9	6.891491E-9	6.946408E-9	7.072571E-9	-1.421719E-11	7.447588E-9	7.500731E-9	7.446771E-9	7.469064E-9	7.469568E-9	7.498480E-9	7.598023E-9	7.726187E-9	7.835474E-9
0:27:38	1	-1.499542E+1	1.525500E+1	1.568800E+1	1.493115E+0	1.731080E+0	3.770000E+2	2.156800E-7	2.154521E-7	6.573982E-9	6.538040E-9	6.544766E-9	6.555337E-9	6.579310E-9	6.609404E-9	6.630485E-9	6.716257E-9	6.851847E-9	6.802853E-9	6.800906E-9	6.824390E-9	6.827554E-9	6.868309E-9	7.169108E-9	6.908717E-9	7.452003E-9	-1.340568E-11	7.476172E-9	7.196476E-9	7.243041E-9	7.384508E-9	-1.282669E-11	7.754127E-9	7.815179E-9	7.771849E-9	7.790330E-9	7.799881E-9	7.829243E-9	7.931573E-9	8.063125E-9	8.169576E-9
0:27:52	1	-1.499641E+1	1.528700E+1	1.569300E+1	1.491544E+0	1.729053E+0	3.780000E+2	2.244300E-7	2.239942E-7	6.823271E-9	6.792522E-9	6.797740E-9	6.800002E-9	6.829882E-9	6.857822E-9	6.882078E-9	6.968006E-9	7.114082E-9	7.068524E-9	7.070064E-9	7.103571E-9	7.089983E-9	7.132724E-9	7.429516E-9	7.175919E-9	7.746712E-9	-1.233656E-11	7.767188E-9	7.479834E-9	7.528946E-9	7.679689E-9	-1.402766E-11	8.057960E-9	8.151065E-9	8.095231E-9	8.115890E-9	8.123799E-9	8.159437E-9	8.258660E-9	8.403641E-9	8.516850E-9
0:28:05	1	-1.499664E+1	1.527900E+1	1.569200E+1	1.486452E+0	1.725569E+0	3.790000E+2	2.332100E-7	2.331113E-7	7.090848E-9	7.051544E-9	7.061649E-9	7.066501E-9	7.095153E-9	7.127234E-9	7.147188E-9	7.258945E-9	7.392735E-9	7.350625E-9	7.349022E-9	7.378395E-9	7.381552E-9	7.417018E-9	7.699045E-9	7.463310E-9	8.051874E-9	-1.453938E-11	8.080252E-9	7.797859E-9	7.847725E-9	8.006618E-9	-1.257433E-11	8.389113E-9	8.496538E-9	8.437708E-9	8.465446E-9	8.472983E-9	8.503588E-9	8.615784E-9	8.751994E-9	8.890206E-9
0:28:19	1	-1.499679E+1	1.528000E+1	1.569000E+1	1.489302E+0	1.727013E+0	3.800000E+2	2.436700E-7	2.436023E-7	7.395634E-9	7.358675E-9	7.352866E-9	7.364010E-9	7.394698E-9	7.425184E-9	7.454304E-9	7.564468E-9	7.722161E-9	7.668432E-9	7.667687E-9	7.693634E-9	7.704537E-9	7.743972E-9	8.050605E-9	7.792028E-9	8.409749E-9	-1.384684E-11	8.442009E-9	8.158576E-9	8.228596E-9	8.377958E-9	-1.276385E-11	8.755513E-9	8.907584E-9	8.837587E-9	8.867155E-9	8.870348E-9	8.914862E-9	9.029997E-9	9.181007E-9	9.295092E-9
0:28:32	1	-1.499778E+1	1.527100E+1	1.568000E+1	1.490417E+0	1.729078E+0	3.810000E+2	2.543400E-7	2.540541E-7	7.701050E-9	7.651557E-9	7.663236E-9	7.664303E-9	7.696398E-9	7.734448E-9	7.749229E-9	7.880200E-9	8.045312E-9	7.990788E-9	7.994192E-9	8.007990E-9	8.024419E-9	8.066634E-9	8.367643E-9	8.118974E-9	8.768000E-9	-1.353187E-11	8.804079E-9	8.523183E-9	8.577289E-9	8.744825E-9	-1.282669E-11	9.135698E-9	9.309992E-9	9.235769E-9	9.269875E-9	9.279740E-9	9.313192E-9	9.440344E-9	9.598855E-9	9.723212E-9
0:28:46	1	-1.499702E+1	1.525900E+1	1.568400E+1	1.493356E+0	1.730776E+0	3.820000E+2	2.651100E-7	2.653303E-7	8.020339E-9	7.980190E-9	7.981254E-9	7.987001E-9	8.015585E-9	8.056411E-9	8.076496E-9	8.194539E-9	8.395723E-9	8.339243E-9	8.339602E-9	8.373310E-9	8.372805E-9	8.417256E-9	8.722310E-9	8.465922E-9	9.157418E-9	-1.353187E-11	9.189771E-9	8.901076E-9	8.972987E-9	9.150557E-9	-1.326858E-11	9.538982E-9	9.742855E-9	9.672513E-9	9.701639E-9	9.708319E-9	9.765763E-9	9.887569E-9	1.004606E-8	1.018356E-8
0:28:59	1	-1.499596E+1	1.526100E+1	1.568800E+1	1.489365E+0	1.727343E+0	3.830000E+2	2.773200E-7	2.774783E-7	8.368074E-9	8.321559E-9	8.325569E-9	8.333684E-9	8.359226E-9	8.399558E-9	8.428338E-9	8.542488E-9	8.765781E-9	8.710136E-9	8.714225E-9	8.749931E-9	8.740768E-9	8.791098E-9	9.076531E-9	8.851916E-9	9.575473E-9	-1.309170E-11	9.604500E-9	9.332319E-9	9.381432E-9	9.584132E-9	-1.206860E-11	9.984125E-9	1.021809E-8	1.014173E-8	1.018152E-8	1.018831E-8	1.023223E-8	1.037497E-8	1.054821E-8	1.067753E-8
0:29:13	1	-1.499763E+1	1.527000E+1	1.569200E+1	1.490645E+0	1.729268E+0	3.840000E+2	2.917500E-7	2.915773E-7	8.774643E-9	8.714634E-9	8.723111E-9	8.731758E-9	8.766797E-9	8.805374E-9	8.825087E-9	8.981052E-9	9.197261E-9	9.133224E-9	9.138858E-9	9.178459E-9	9.182838E-9	9.229812E-9	9.514682E-9	9.280819E-9	1.005580E-8	-1.453938E-11	1.009696E-8	9.817224E-9	9.888376E-9	1.008316E-8	-1.301621E-11	1.048837E-8	1.077025E-8	1.069121E-8	1.071854E-8	1.072832E-8	1.078559E-8	1.092763E-8	1.111652E-8	1.125849E-8
0:29:26	1	-1.499611E+1	1.529000E+1	1.569800E+1	1.484045E+0	1.722668E+0	3.850000E+2	3.057400E-7	3.058613E-7	9.171249E-9	9.122083E-9	9.119892E-9	9.126412E-9	9.161440E-9	9.211063E-9	9.232828E-9	9.371422E-9	9.637680E-9	9.564718E-9	9.566780E-9	9.613114E-9	9.616990E-9	9.665246E-9	9.964932E-9	9.719151E-9	1.055115E-8	-1.447579E-11	1.058898E-8	1.032050E-8	1.040750E-8	1.060026E-8	-1.326858E-11	1.100213E-8	1.132538E-8	1.124973E-8	1.128297E-8	1.129898E-8	1.134557E-8	1.150742E-8	1.169970E-8	1.184375E-8
0:29:40	1	-1.499687E+1	1.527900E+1	1.571700E+1	1.492469E+0	1.730712E+0	3.858156E+2	3.177200E-7	3.178282E-7	9.506430E-9	9.445797E-9	9.452322E-9	9.460248E-9	9.500519E-9	9.542392E-9	9.565589E-9	9.714359E-9	9.999180E-9	9.941548E-9	9.943360E-9	9.965422E-9	9.976525E-9	1.003278E-8	1.033556E-8	1.008173E-8	1.097294E-8	-1.340568E-11	1.100724E-8	1.072999E-8	1.081001E-8	1.102520E-8	-1.314289E-11	1.144941E-8	1.179178E-8	1.171549E-8	1.176152E-8	1.177308E-8	1.182176E-8	1.198886E-8	1.219583E-8	1.234791E-8
0:29:53	1	-1.499725E+1	1.527700E+1	1.569100E+1	1.491468E+0	1.729065E+0	3.866312E+2	3.318700E-7	3.319383E-7	9.912432E-9	9.847571E-9	9.845310E-9	9.846674E-9	9.887940E-9	9.930984E-9	9.964424E-9	1.010048E-8	1.042293E-8	1.036078E-8	1.036022E-8	1.041308E-8	1.040909E-8	1.045080E-8	1.076085E-8	1.052728E-8	1.145434E-8	-1.416181E-11	1.149819E-8	1.122411E-8	1.129803E-8	1.153802E-8	-1.276385E-11	1.197109E-8	1.235737E-8	1.227741E-8	1.231344E-8	1.233304E-8	1.239443E-8	1.257061E-8	1.278014E-8	1.291412E-8
0:30:07	1	-1.499687E+1	1.527700E+1	1.569300E+1	1.488795E+0	1.727723E+0	3.874469E+2	3.486400E-7	3.483174E-7	1.036478E-8	1.029386E-8	1.029753E-8	1.029411E-8	1.033244E-8	1.040085E-8	1.041720E-8	1.058084E-8	1.091539E-8	1.084290E-8	1.085952E-8	1.091178E-8	1.090279E-8	1.095060E-8	1.124867E-8	1.101238E-8	1.202267E-8	-1.409822E-11	1.206032E-8	1.179014E-8	1.188479E-8	1.212782E-8	-1.232096E-11	1.256542E-8	1.301685E-8	1.291984E-8	1.297303E-8	1.299348E-8	1.304706E-8	1.322257E-8	1.346612E-8	1.362810E-8
0:30:20	1	-1.499649E+1	1.526400E+1	1.569700E+1	1.492849E+0	1.731118E+0	3.882625E+2	3.631100E-7	3.633868E-7	1.077703E-8	1.070232E-8	1.070367E-8	1.071433E-8	1.074350E-8	1.080692E-8	1.083221E-8	1.100602E-8	1.136760E-8	1.130188E-8	1.130395E-8	1.135066E-8	1.135645E-8	1.141184E-8	1.170462E-8	1.146660E-8	1.254183E-8	-1.346927E-11	1.259391E-8	1.233171E-8	1.241792E-8	1.267333E-8	-1.383814E-11	1.311014E-8	1.361902E-8	1.353363E-8	1.357742E-8	1.359015E-8	1.366609E-8	1.385095E-8	1.409672E-8	1.426167E-8
0:30:34	1	-1.499618E+1	1.524900E+1	1.568000E+1	1.492482E+0	1.729306E+0	3.890781E+2	3.800000E-7	3.797337E-7	1.122447E-8	1.114540E-8	1.114021E-8	1.115000E-8	1.117939E-8	1.125196E-8	1.127179E-8	1.145466E-8	1.185283E-8	1.177963E-8	1.179174E-8	1.184019E-8	1.184635E-8	1.189303E-8	1.221777E-8	1.196911E-8	1.312435E-8	-1.328049E-11	1.316530E-8	1.290671E-8	1.300412E-8	1.326886E-8	-1.251049E-11	1.371264E-8	1.427503E-8	1.418159E-8	1.424572E-8	1.427231E-8	1.434314E-8	1.452977E-8	1.478220E-8	1.493918E-8
0:30:47	1	-1.499657E+1	1.525200E+1	1.567500E+1	1.484780E+0	1.724239E+0	3.898937E+2	3.984100E-7	3.988800E-7	1.174398E-8	1.165379E-8	1.166113E-8	1.165306E-8	1.170682E-8	1.177105E-8	1.179689E-8	1.198568E-8	1.242605E-8	1.234895E-8	1.236363E-8	1.241396E-8	1.242410E-8	1.247335E-8	1.277603E-8	1.255718E-8	1.378675E-8	-1.353187E-11	1.383357E-8	1.358043E-8	1.368301E-8	1.396178E-8	-1.345810E-11	1.442901E-8	1.505948E-8	1.495051E-8	1.502262E-8	1.503905E-8	1.511391E-8	1.533780E-8	1.559996E-8	1.575345E-8
0:31:01	1	-1.499618E+1	1.525400E+1	1.567800E+1	1.489593E+0	1.727495E+0	3.907094E+2	4.176400E-7	4.180251E-7	1.226053E-8	1.217631E-8	1.216961E-8	1.217549E-8	1.221113E-8	1.228636E-8	1.230646E-8	1.248240E-8	1.298653E-8	1.291278E-8	1.291833E-8	1.298679E-8	1.299166E-8	1.304725E-8	1.333466E-8	1.312298E-8	1.444883E-8	-1.397303E-11	1.451746E-8	1.424413E-8	1.437288E-8	1.468234E-8	-1.270001E-11	1.513513E-8	1.584979E-8	1.572904E-8	1.581650E-8	1.582118E-8	1.590634E-8	1.614120E-8	1.642519E-8	1.659254E-8
0:31:14	1	-1.499664E+1	1.526400E+1	1.567600E+1	1.490049E+0	1.728951E+0	3.915250E+2	4.409900E-7	4.409074E-7	1.287452E-8	1.276555E-8	1.276507E-8	1.276659E-8	1.280332E-8	1.288711E-8	1.291993E-8	1.313061E-8	1.367346E-8	1.358536E-8	1.359499E-8	1.367019E-8	1.365651E-8	1.372690E-8	1.401624E-8	1.379333E-8	1.525776E-8	-1.340568E-11	1.532336E-8	1.506035E-8	1.517962E-8	1.550918E-8	-1.314289E-11	1.597053E-8	1.681098E-8	1.667250E-8	1.674804E-8	1.676634E-8	1.686832E-8	1.711118E-8	1.744083E-8	1.758528E-8
0:31:28	1	-1.499634E+1	1.527800E+1	1.568100E+1	1.493989E+0	1.731295E+0	3.923406E+2	4.635900E-7	4.638056E-7	1.346984E-8	1.337464E-8	1.336880E-8	1.335692E-8	1.341173E-8	1.349143E-8	1.351313E-8	1.374229E-8	1.433428E-8	1.423835E-8	1.427044E-8	1.434911E-8	1.434048E-8	1.440555E-8	1.469194E-8	1.446747E-8	1.606353E-8	-1.441319E-11	1.613569E-8	1.589563E-8	1.600881E-8	1.634527E-8	-1.206860E-11	1.684464E-8	1.773951E-8	1.761199E-8	1.769580E-8	1.772240E-8	1.783503E-8	1.807996E-8	1.842198E-8	1.860538E-8
0:31:41	1	-1.499679E+1	1.528700E+1	1.567500E+1	1.490404E+0	1.727710E+0	3.931562E+2	4.938200E-7	4.935315E-7	1.424224E-8	1.414130E-8	1.412115E-8	1.412471E-8	1.417669E-8	1.425623E-8	1.428838E-8	1.451675E-8	1.521277E-8	1.510437E-8	1.512736E-8	1.520016E-8	1.520663E-8	1.526354E-8	1.555722E-8	1.534629E-8	1.712587E-8	-1.403562E-11	1.719463E-8	1.693020E-8	1.707943E-8	1.746754E-8	-1.428003E-11	1.794573E-8	1.898097E-8	1.884310E-8	1.897613E-8	1.900402E-8	1.908673E-8	1.937259E-8	1.975061E-8	1.991647E-8
0:31:55	1	-1.499657E+1	1.527700E+1	1.570000E+1	1.490037E+0	1.728787E+0	3.939719E+2	5.217600E-7	5.220432E-7	1.498355E-8	1.486515E-8	1.484600E-8	1.483726E-8	1.489489E-8	1.499017E-8	1.500816E-8	1.526655E-8	1.601932E-8	1.591529E-8	1.594786E-8	1.601915E-8	1.601907E-8	1.608450E-8	1.638392E-8	1.617796E-8	1.810635E-8	-1.353187E-11	1.822289E-8	1.796929E-8	1.811824E-8	1.849633E-8	-1.333242E-11	1.902699E-8	2.021500E-8	2.006666E-8	2.015947E-8	2.019611E-8	2.034689E-8	2.063019E-8	2.102015E-8	2.123667E-8
0:32:08	1	-1.499702E+1	1.526200E+1	1.567700E+1	1.493318E+0	1.730953E+0	3.947875E+2	5.562000E-7	5.563780E-7	1.584235E-8	1.570565E-8	1.569987E-8	1.568827E-8	1.575026E-8	1.585096E-8	1.588562E-8	1.614209E-8	1.699708E-8	1.689405E-8	1.692314E-8	1.703199E-8	1.700621E-8	1.708290E-8	1.736747E-8	1.716721E-8	1.933841E-8	-1.265054E-11	1.942828E-8	1.922177E-8	1.936030E-8	1.979819E-8	-1.232096E-11	2.031319E-8	2.167387E-8	2.151532E-8	2.164293E-8	2.169186E-8	2.182035E-8	2.217666E-8	2.257400E-8	2.281265E-8
0:32:22	1	-1.499588E+1	1.526000E+1	1.568900E+1	1.485869E+0	1.724353E+0	3.956031E+2	5.913500E-7	5.915433E-7	1.673703E-8	1.656834E-8	1.656296E-8	1.655865E-8	1.660930E-8	1.671910E-8	1.674380E-8	1.705067E-8	1.799278E-8	1.786864E-8	1.790904E-8	1.802634E-8	1.801622E-8	1.806724E-8	1.835057E-8	1.816527E-8	2.060125E-8	-1.422441E-11	2.071392E-8	2.047281E-8	2.064028E-8	2.111416E-8	-1.187908E-11	2.164239E-8	2.323211E-8	2.304330E-8	2.315291E-8	2.323447E-8	2.338557E-8	2.374962E-8	2.421360E-8	2.442707E-8
0:32:35	1	-1.499672E+1	1.527900E+1	1.570800E+1	1.492710E+0	1.729724E+0	3.964187E+2	6.343000E-7	6.346295E-7	1.779108E-8	1.762612E-8	1.759888E-8	1.758566E-8	1.764637E-8	1.775357E-8	1.778851E-8	1.810967E-8	1.920995E-8	1.906410E-8	1.911706E-8	1.922737E-8	1.922911E-8	1.928172E-8	1.955633E-8	1.937496E-8	2.210686E-8	-1.265054E-11	2.224995E-8	2.202300E-8	2.225293E-8	2.276513E-8	-1.358478E-11	2.328644E-8	2.513924E-8	2.489925E-8	2.509731E-8	2.514537E-8	2.530908E-8	2.571170E-8	2.622764E-8	2.648139E-8
0:32:49	1	-1.499596E+1	1.528200E+1	1.568600E+1	1.488631E+0	1.726975E+0	3.972343E+2	6.787300E-7	6.793879E-7	1.884732E-8	1.867022E-8	1.865604E-8	1.864293E-8	1.870384E-8	1.881789E-8	1.885616E-8	1.919219E-8	2.043879E-8	2.029412E-8	2.034829E-8	2.045922E-8	2.045150E-8	2.052454E-8	2.081289E-8	2.062768E-8	2.375158E-8	-1.309170E-11	2.387536E-8	2.368554E-8	2.388633E-8	2.445105E-8	-1.257433E-11	2.499268E-8	2.712391E-8	2.689400E-8	2.709121E-8	2.714638E-8	2.734462E-8	2.779379E-8	2.840464E-8	2.862884E-8
0:33:02	1	-1.499679E+1	1.527000E+1	1.568200E+1	1.491912E+0	1.730611E+0	3.980500E+2	7.406200E-7	7.408334E-7	2.030308E-8	2.009951E-8	2.008773E-8	2.003890E-8	2.011434E-8	2.024051E-8	2.028436E-8	2.064080E-8	2.211337E-8	2.193295E-8	2.200845E-8	2.215433E-8	2.216994E-8	2.222374E-8	2.246364E-8	2.232210E-8	2.595152E-8	-1.334308E-11	2.613522E-8	2.592532E-8	2.619553E-8	2.678466E-8	-1.352194E-11	2.735990E-8	2.990471E-8	2.965584E-8	2.987893E-8	2.996706E-8	3.017764E-8	3.070007E-8	3.138170E-8	3.164437E-8
0:33:16	1	-1.499626E+1	1.525400E+1	1.568800E+1	1.493090E+0	1.730472E+0	3.988656E+2	8.004100E-7	8.011951E-7	2.169426E-8	2.145068E-8	2.141593E-8	2.139614E-8	2.145330E-8	2.160995E-8	2.164137E-8	2.205732E-8	2.370130E-8	2.354752E-8	2.362890E-8	2.376381E-8	2.374946E-8	2.383314E-8	2.405289E-8	2.394328E-8	2.811592E-8	-1.353187E-11	2.832087E-8	2.814354E-8	2.842757E-8	2.912658E-8	-1.200576E-11	2.972812E-8	3.271520E-8	3.243754E-8	3.272171E-8	3.277596E-8	3.308914E-8	3.363441E-8	3.435758E-8	3.468725E-8
0:33:29	1	-1.499649E+1	1.527700E+1	1.568800E+1	1.488833E+0	1.726963E+0	3.996812E+2	8.783900E-7	8.787817E-7	2.341161E-8	2.314479E-8	2.309958E-8	2.306457E-8	2.311246E-8	2.329677E-8	2.332218E-8	2.374144E-8	2.570043E-8	2.554941E-8	2.565482E-8	2.581010E-8	2.578765E-8	2.587445E-8	2.610847E-8	2.597211E-8	3.093790E-8	-1.309170E-11	3.115558E-8	3.102715E-8	3.135319E-8	3.212495E-8	-1.156287E-11	3.273731E-8	3.641222E-8	3.606220E-8	3.643086E-8	3.649692E-8	3.687334E-8	3.748786E-8	3.834596E-8	3.871009E-8
0:33:43	1	-1.499694E+1	1.528400E+1	1.568100E+1	1.490962E+0	1.729294E+0	4.004968E+2	9.670000E-7	9.673244E-7	2.529947E-8	2.497465E-8	2.492331E-8	2.486373E-8	2.495149E-8	2.512527E-8	2.514732E-8	2.565918E-8	2.793460E-8	2.775446E-8	2.788788E-8	2.806629E-8	2.806553E-8	2.810968E-8	2.834789E-8	2.826808E-8	3.415171E-8	-1.252535E-11	3.444382E-8	3.434056E-8	3.473428E-8	3.558965E-8	-1.402766E-11	3.623797E-8	4.073084E-8	4.033589E-8	4.076544E-8	4.085811E-8	4.128680E-8	4.200701E-8	4.304109E-8	4.344894E-8
0:33:56	1	-1.499588E+1	1.527700E+1	1.568200E+1	1.489555E+0	1.728343E+0	4.013125E+2	1.068500E-6	1.070533E-6	2.740239E-8	2.702867E-8	2.696411E-8	2.687289E-8	2.696272E-8	2.717786E-8	2.718710E-8	2.774420E-8	3.048191E-8	3.028662E-8	3.045232E-8	3.064605E-8	3.063188E-8	3.069382E-8	3.088729E-8	3.083062E-8	3.786727E-8	-1.315430E-11	3.826931E-8	3.818295E-8	3.859397E-8	3.964988E-8	-1.029906E-11	4.038470E-8	4.590464E-8	4.544701E-8	4.593936E-8	4.609470E-8	4.659612E-8	4.747822E-8	4.869749E-8	4.920067E-8
0:34:10	1	-1.499489E+1	1.526500E+1	1.567800E+1	1.493039E+0	1.730953E+0	4.021281E+2	1.207800E-6	1.209430E-6	3.005906E-8	2.962237E-8	2.956218E-8	2.947169E-8	2.954460E-8	2.979492E-8	2.979557E-8	3.040355E-8	3.374119E-8	3.352289E-8	3.375379E-8	3.396555E-8	3.395429E-8	3.401436E-8	3.413198E-8	3.411065E-8	4.293448E-8	-1.365806E-11	4.341402E-8	4.342119E-8	4.400599E-8	4.517757E-8	-1.428003E-11	4.588309E-8	5.307669E-8	5.246873E-8	5.320796E-8	5.341011E-8	5.408829E-8	5.510147E-8	5.661204E-8	5.720723E-8
0:34:23	1	-1.499687E+1	1.527600E+1	1.567700E+1	1.491215E+0	1.728736E+0	4.029437E+2	1.370400E-6	1.372005E-6	3.301340E-8	3.243694E-8	3.237239E-8	3.225826E-8	3.232827E-8	3.261608E-8	3.260346E-8	3.329893E-8	3.737116E-8	3.710787E-8	3.736540E-8	3.764493E-8	3.765745E-8	3.763219E-8	3.774362E-8	3.776586E-8	4.894431E-8	-1.189541E-11	4.946195E-8	4.949659E-8	5.021092E-8	5.164688E-8	-8.656195E-12	5.236934E-8	6.185137E-8	6.119473E-8	6.201982E-8	6.241178E-8	6.318308E-8	6.447112E-8	6.630117E-8	6.724602E-8
0:34:37	1	-1.499641E+1	1.527300E+1	1.567800E+1	1.489669E+0	1.728432E+0	4.037593E+2	1.625400E-6	1.628669E-6	3.716663E-8	3.648734E-8	3.637927E-8	3.622866E-8	3.629245E-8	3.663150E-8	3.661335E-8	3.744202E-8	4.262868E-8	4.238900E-8	4.276602E-8	4.306237E-8	4.303522E-8	4.304313E-8	4.310597E-8	4.318776E-8	5.810548E-8	-1.095148E-11	5.889847E-8	5.919586E-8	6.013194E-8	6.195840E-8	-1.143619E-11	6.284118E-8	7.636243E-8	7.540423E-8	7.673837E-8	7.728858E-8	7.836666E-8	8.015465E-8	8.276878E-8	8.401693E-8
0:34:50	1	-1.499649E+1	1.526800E+1	1.569200E+1	1.494154E+0	1.731586E+0	4.045750E+2	1.968500E-6	1.971735E-6	4.200430E-8	4.118960E-8	4.103097E-8	4.081744E-8	4.089481E-8	4.131800E-8	4.119453E-8	4.220383E-8	4.897027E-8	4.869009E-8	4.916658E-8	4.960860E-8	4.959212E-8	4.951766E-8	4.948772E-8	4.958930E-8	7.034349E-8	-1.258795E-11	7.127212E-8	7.193864E-8	7.317735E-8	7.566136E-8	-1.055242E-11	7.652967E-8	9.709310E-8	9.557492E-8	9.781191E-8	9.868087E-8	1.004779E-7	1.028490E-7	1.065571E-7	1.085152E-7
0:35:06	1	-1.499672E+1	1.528200E+1	1.569500E+1	1.490835E+0	1.729357E+0	4.053906E+2	2.439800E-6	2.443365E-6	4.762924E-8	4.662794E-8	4.633484E-8	4.600903E-8	4.615696E-8	4.667181E-8	4.648589E-8	4.762857E-8	5.647160E-8	5.618292E-8	5.690136E-8	5.743018E-8	5.740973E-8	5.721577E-8	5.711425E-8	5.723957E-8	8.633679E-8	-1.252535E-11	8.816908E-8	8.905945E-8	9.088779E-8	9.418064E-8	-1.219528E-11	9.520816E-8	1.274504E-7	1.253823E-7	1.286710E-7	1.301383E-7	1.330432E-7	1.367262E-7	1.426900E-7	1.459369E-7
0:35:20	1	-1.499596E+1	1.529600E+1	1.569600E+1	1.489429E+0	1.728153E+0	4.062062E+2	3.204000E-6	3.202454E-6	5.477169E-8	5.337028E-8	5.310066E-8	5.270234E-8	5.278361E-8	5.342511E-8	5.315257E-8	5.465042E-8	6.670045E-8	6.620297E-8	6.712086E-8	6.780483E-8	6.783753E-8	6.738607E-8	6.696030E-8	6.747188E-8	1.109909E-7	-1.466457E-11	1.137818E-7	1.156364E-7	1.180784E-7	1.229522E-7	-3.791449E-12	1.243649E-7	1.800436E-7	1.761947E-7	1.821184E-7	1.853379E-7	1.905642E-7	1.966242E-7	2.069506E-7	2.133921E-7
0:35:34	1	-1.499657E+1	1.527700E+1	1.571100E+1	1.491139E+0	1.728622E+0	4.070218E+2	4.797800E-6	4.794009E-6	6.515465E-8	6.328338E-8	6.281021E-8	6.224146E-8	6.228180E-8	6.312152E-8	6.280529E-8	6.470361E-8	8.209245E-8	8.154738E-8	8.294052E-8	8.419424E-8	8.381457E-8	8.330903E-8	8.239700E-8	8.314666E-8	1.577895E-7	-1.479076E-11	1.624654E-7	1.667628E-7	1.711376E-7	1.796093E-7	-2.243050E-11	1.814940E-7	3.010532E-7	2.917321E-7	3.043875E-7	3.134057E-7	3.247797E-7	3.365735E-7	3.578003E-7	3.752115E-7
0:35:48	1	-1.499618E+1	1.530100E+1	1.570900E+1	1.487833E+0	1.726963E+0	4.078374E+2	7.802800E-6	7.799297E-6	7.830251E-8	7.574389E-8	7.503629E-8	7.410104E-8	7.434413E-8	7.533725E-8	7.485625E-8	7.718964E-8	1.031109E-7	1.026380E-7	1.049753E-7	1.065617E-7	1.064528E-7	1.052185E-7	1.035861E-7	1.048483E-7	2.427235E-7	-1.982634E-11	2.508741E-7	2.608703E-7	2.698237E-7	2.856043E-7	7.140014E-12	2.889529E-7	5.501162E-7	5.272427E-7	5.502942E-7	5.724213E-7	5.945659E-7	6.151281E-7	6.506220E-7	6.977676E-7
0:36:04	1	-1.499634E+1	1.529400E+1	1.569600E+1	1.489758E+0	1.727178E+0	4.086531E+2	1.492500E-5	1.482262E-5	1.035065E-7	9.895775E-8	9.801478E-8	9.633923E-8	9.633129E-8	9.784781E-8	9.722262E-8	1.006099E-7	1.478074E-7	1.471587E-7	1.519697E-7	1.552611E-7	1.546377E-7	1.521268E-7	1.482378E-7	1.502666E-7	4.902040E-7	-5.160770E-12	5.098895E-7	5.362149E-7	5.521357E-7	5.886266E-7	-2.009338E-11	6.025677E-7	1.156044E-6	1.094486E-6	1.112754E-6	1.155028E-6	1.185879E-6	1.213016E-6	1.254200E-6	1.375299E-6
0:36:22	1	-1.499694E+1	1.529700E+1	1.572100E+1	1.492684E+0	1.729661E+0	4.094687E+2	2.348700E-5	2.321376E-5	1.373482E-7	1.299711E-7	1.283045E-7	1.251437E-7	1.248842E-7	1.276568E-7	1.259879E-7	1.311505E-7	2.167619E-7	2.166072E-7	2.275212E-7	2.338870E-7	2.323661E-7	2.260577E-7	2.178854E-7	2.215109E-7	8.922590E-7	2.486092E-11	9.198447E-7	9.641237E-7	9.834069E-7	1.036483E-6	-2.906678E-12	1.061386E-6	1.801683E-6	1.720441E-6	1.717105E-6	1.766540E-6	1.799639E-6	1.826440E-6	1.860651E-6	2.040693E-6
