APD#	0008	Started	06/25/07 14:44	Sense_ohms	1.004464E+6	1.004628E+6	1.002105E+6	1.000924E+6	9.998282E+5	1.007735E+6	1.002821E+6	9.989270E+5	9.993226E+5	1.002376E+6	1.001862E+6	1.003102E+6	1.000030E+6	1.003780E+6	1.000011E+6	1.000898E+6	9.999006E+5	1.006439E+6	1.005624E+6	1.010450E+6	1.003884E+6	1.005600E+6	1.002519E+6	1.006362E+6	1.004620E+6	1.008599E+6	1.003214E+6	1.000475E+6	1.003139E+6	9.996927E+5	1.009944E+6	1.000506E+6	
ElapTime	Shutter_Open	DegC	BiasV	KE237_Amps	Pixel_Sum	A1	A2	A3	A4	A5	A6	A7	A8	B1	B2	B3	B4	B5	B6	B7	B8	C1	C2	C3	C4	C5	C6	C7	C8	D1	D2	D3	D4	D5	D6	D7	D8
0:00:00	0	-1.499535E+1	0.000000E+0	2.460000E-12	-4.169551E-10	0.000000E+0	-1.264150E-11	-1.267332E-11	-2.527664E-11	-1.270218E-11	0.000000E+0	1.266427E-11	-2.532718E-11	0.000000E+0	1.266990E-11	0.000000E+0	-1.266073E-11	-1.269962E-11	0.000000E+0	-2.529972E-11	0.000000E+0	-2.530252E-11	-1.261875E-11	-1.262897E-11	-1.256866E-11	-1.265086E-11	0.000000E+0	-2.523643E-11	-1.261971E-11	-1.264160E-11	-2.508430E-11	-3.787826E-11	-1.269397E-11	-2.522083E-11	-2.530778E-11	-1.257495E-11	-3.798078E-11
0:00:08	0	-1.499459E+1	5.000000E+1	4.463800E-10	-2.150081E-10	0.000000E+0	-2.518345E-11	-1.267332E-11	-1.268828E-11	-1.270218E-11	-2.510581E-11	-1.266427E-11	-2.532718E-11	-2.531715E-11	3.790993E-11	-2.525298E-11	3.788249E-11	0.000000E+0	-2.520473E-11	-2.529972E-11	-1.268861E-11	-1.270126E-11	-1.261875E-11	3.778748E-11	0.000000E+0	2.520211E-11	-1.262928E-11	0.000000E+0	-1.261971E-11	-1.264160E-11	-1.259172E-11	-1.265931E-11	0.000000E+0	-2.522083E-11	0.000000E+0	0.000000E+0	0.000000E+0
0:00:17	0	-1.499694E+1	1.000000E+2	9.374000E-10	-1.288987E-11	2.518756E-11	-1.264150E-11	-1.267332E-11	-1.268828E-11	-1.270218E-11	0.000000E+0	-1.266427E-11	-1.271364E-11	-2.531715E-11	3.790993E-11	0.000000E+0	3.788249E-11	1.269962E-11	-1.265217E-11	1.269986E-11	0.000000E+0	-1.270126E-11	0.000000E+0	8.820394E-11	-2.503835E-11	7.570596E-11	-1.262928E-11	0.000000E+0	-1.261971E-11	-1.264160E-11	-2.508430E-11	-2.521895E-11	0.000000E+0	-2.522083E-11	-1.270390E-11	-1.257495E-11	-1.269358E-11
0:00:26	0	-1.499558E+1	1.500000E+2	1.132600E-9	1.005068E-10	0.000000E+0	-1.264150E-11	0.000000E+0	-1.268828E-11	-1.270218E-11	0.000000E+0	-1.266427E-11	1.271364E-11	-2.531715E-11	6.314996E-11	-2.525298E-11	5.054321E-11	-1.269962E-11	-1.265217E-11	1.269986E-11	-1.268861E-11	-1.270126E-11	-1.261875E-11	1.259914E-10	0.000000E+0	1.262098E-10	0.000000E+0	0.000000E+0	-1.261971E-11	-2.518365E-11	0.000000E+0	0.000000E+0	-2.528799E-11	-2.522083E-11	0.000000E+0	-1.257495E-11	-2.528720E-11
0:00:35	0	-1.499535E+1	2.000000E+2	1.429000E-9	3.025123E-10	0.000000E+0	0.000000E+0	0.000000E+0	-1.268828E-11	1.270218E-11	1.260252E-11	-1.266427E-11	0.000000E+0	-2.531715E-11	7.581985E-11	-1.267640E-11	8.842570E-11	0.000000E+0	0.000000E+0	0.000000E+0	-2.527730E-11	-2.530252E-11	0.000000E+0	1.763084E-10	-2.503835E-11	1.766140E-10	1.262928E-11	-1.266809E-11	1.261971E-11	-2.518365E-11	-1.259172E-11	-1.265931E-11	-1.269397E-11	0.000000E+0	-1.270390E-11	-2.505089E-11	-1.269358E-11
0:00:43	0	-1.499436E+1	2.500000E+2	1.857200E-9	6.059504E-10	1.264356E-11	-1.264150E-11	0.000000E+0	0.000000E+0	1.270218E-11	1.260252E-11	0.000000E+0	1.271364E-11	-2.531715E-11	1.137298E-10	-3.792938E-11	1.388692E-10	0.000000E+0	-1.265217E-11	1.269986E-11	1.268861E-11	-1.270126E-11	-1.261875E-11	2.141954E-10	-2.503835E-11	2.145666E-10	0.000000E+0	1.266809E-11	1.261971E-11	-1.264160E-11	0.000000E+0	-2.521895E-11	0.000000E+0	0.000000E+0	1.270390E-11	0.000000E+0	-1.269358E-11
0:00:52	0	-1.499269E+1	3.000000E+2	2.598500E-9	1.186273E-9	0.000000E+0	0.000000E+0	1.267332E-11	1.268828E-11	3.800653E-11	5.031085E-11	3.789310E-11	-1.271364E-11	0.000000E+0	1.516397E-10	-2.525298E-11	1.641907E-10	6.329810E-11	3.785690E-11	3.799958E-11	3.796591E-11	-1.270126E-11	1.261875E-11	2.519828E-10	-1.256866E-11	2.649709E-10	3.778839E-11	2.523643E-11	2.514006E-11	-1.264160E-11	0.000000E+0	0.000000E+0	-1.269397E-11	0.000000E+0	1.270390E-11	1.257495E-11	-1.269358E-11
0:01:01	0	-1.499535E+1	3.500000E+2	4.178500E-9	2.651770E-9	3.783112E-11	3.782495E-11	3.792018E-11	7.592984E-11	1.140196E-10	1.382308E-10	1.389081E-10	6.336799E-11	1.270861E-11	2.148894E-10	-1.267640E-11	2.526164E-10	1.392958E-10	7.571380E-11	1.392985E-10	6.324321E-11	1.270126E-11	-1.261875E-11	2.897703E-10	-2.503835E-11	3.154747E-10	1.511535E-10	1.137136E-10	8.813926E-11	-1.264160E-11	0.000000E+0	-1.265931E-11	1.269397E-11	0.000000E+0	8.872727E-11	7.525170E-11	3.798078E-11
0:01:10	0	-1.499618E+1	4.000000E+2	2.359500E-8	2.215798E-8	3.783112E-10	2.774161E-10	6.447428E-10	8.479165E-10	1.406342E-9	1.558743E-9	1.503259E-9	7.989573E-10	2.155460E-10	6.066586E-10	-2.525298E-11	9.218405E-10	1.570753E-9	1.034888E-9	1.304786E-9	7.973839E-10	2.530252E-11	6.289502E-11	4.660788E-10	-1.256866E-11	1.123038E-9	1.259745E-9	1.528949E-9	7.552948E-10	1.264160E-11	2.508430E-11	1.265931E-11	2.532797E-10	1.136433E-10	1.077131E-9	8.654935E-10	7.470220E-10
0:01:18	0	-1.499588E+1	4.100000E+2	4.271800E-5	4.188095E-5	1.114995E-6	9.989699E-7	8.602073E-7	8.479587E-7	9.064983E-7	8.501973E-7	8.671345E-7	8.676614E-7	1.316315E-6	1.290089E-6	-6.318235E-11	1.291731E-6	1.388539E-6	1.216135E-6	1.277520E-6	1.326609E-6	1.392887E-6	1.582683E-6	1.585100E-6	7.521401E-11	1.728710E-6	1.775683E-6	1.864298E-6	1.960964E-6	1.390265E-6	1.376051E-6	1.476992E-6	1.653439E-6	1.677587E-6	1.853906E-6	1.894492E-6	2.247321E-6
