APD#	0007	Started	03/21/07 18:32	Sense_ohms	1.004464E+6	1.004628E+6	1.002105E+6	1.000924E+6	9.998282E+5	1.007735E+6	1.002821E+6	9.989270E+5	9.993226E+5	1.002376E+6	1.001862E+6	1.003102E+6	1.000030E+6	1.003780E+6	1.000011E+6	1.000898E+6	9.999006E+5	1.006439E+6	1.005624E+6	1.010450E+6	1.003884E+6	1.005600E+6	1.002519E+6	1.006362E+6	1.004620E+6	1.008599E+6	1.003214E+6	1.000475E+6	1.003139E+6	9.996927E+5	1.009944E+6	1.000506E+6	
ElapTime	Shutter_Open	DegC	BiasV	KE237_Amps	Pixel_Sum	A1	A2	A3	A4	A5	A6	A7	A8	B1	B2	B3	B4	B5	B6	B7	B8	C1	C2	C3	C4	C5	C6	C7	C8	D1	D2	D3	D4	D5	D6	D7	D8
   0:00:00	0	2.732400E+1	0.000000E+0	2.480300E-10	-1.262213E-10	6.272002E-12	0.000000E+0	0.000000E+0	-6.294184E-12	-6.301083E-12	6.251644E-12	-6.282278E-12	0.000000E+0	-6.304271E-12	-6.285067E-12	0.000000E+0	-6.280518E-12	0.000000E+0	0.000000E+0	0.000000E+0	0.000000E+0	-6.300626E-12	6.259694E-12	-1.889374E-11	0.000000E+0	-6.275625E-12	-6.264916E-12	0.000000E+0	-1.261971E-11	0.000000E+0	0.000000E+0	-6.279817E-12	-1.269397E-11	-1.266026E-11	0.000000E+0	-1.257495E-11	-1.269358E-11
   0:00:13	0	2.726300E+1	0.000000E+0	2.867300E-10	-1.764724E-10	6.272002E-12	-1.264150E-11	0.000000E+0	0.000000E+0	-1.900326E-11	-6.251644E-12	0.000000E+0	-6.306767E-12	-6.304271E-12	-6.285067E-12	-6.288291E-12	-6.280518E-12	0.000000E+0	-6.276276E-12	-6.299931E-12	-1.268861E-11	-1.270126E-11	-1.261875E-11	-1.262897E-11	-1.880350E-11	-6.275625E-12	0.000000E+0	-6.284170E-12	0.000000E+0	-6.271028E-12	0.000000E+0	0.000000E+0	-6.297009E-12	0.000000E+0	0.000000E+0	-6.237970E-12	0.000000E+0
   0:00:26	0	2.726300E+1	1.000000E+1	2.027800E-9	1.496099E-9	5.674668E-11	3.782495E-11	4.420694E-11	4.425910E-11	4.430761E-11	5.656249E-11	5.055738E-11	6.336799E-11	4.433003E-11	3.162486E-11	5.689406E-11	5.682373E-11	3.799886E-11	5.050908E-11	5.699937E-11	5.065451E-11	4.430440E-11	3.775688E-11	-1.262897E-11	5.017566E-11	5.050384E-11	5.668258E-11	5.057261E-11	6.289983E-11	4.409628E-11	5.651404E-11	5.053757E-11	4.427897E-11	3.788109E-11	5.071558E-11	4.386382E-11	4.427760E-11
   0:00:40	0	2.726300E+1	2.000000E+1	2.756800E-9	2.051730E-9	8.193425E-11	3.155397E-11	5.059350E-11	5.694738E-11	5.700979E-11	6.916501E-11	5.683966E-11	6.336799E-11	5.073437E-11	9.477482E-11	7.585875E-11	8.842570E-11	5.069848E-11	8.836598E-11	6.969923E-11	8.862042E-11	7.600756E-11	9.439221E-11	-2.515851E-11	8.144886E-11	6.305509E-11	6.294749E-11	6.952487E-11	5.663966E-11	7.565049E-11	6.276032E-11	6.309721E-11	5.067593E-11	6.310192E-11	5.071558E-11	6.901373E-11	6.326799E-11
   0:00:53	0	2.726300E+1	3.000000E+1	3.105900E-9	2.171598E-9	8.830580E-11	5.046644E-11	5.688027E-11	4.425910E-11	5.700979E-11	7.541665E-11	5.683966E-11	6.977487E-11	5.703864E-11	1.010599E-10	6.957046E-11	9.470622E-11	6.329810E-11	9.464225E-11	6.969923E-11	9.491477E-11	9.500944E-11	1.006519E-10	-2.515851E-11	8.144886E-11	5.677947E-11	6.931185E-11	7.580904E-11	6.925937E-11	8.829209E-11	6.276032E-11	6.309721E-11	6.326995E-11	5.682164E-11	5.071558E-11	6.267674E-11	5.697117E-11
   0:01:07	0	2.726300E+1	4.000000E+1	3.454700E-9	2.455357E-9	1.008498E-10	5.673742E-11	5.688027E-11	6.324156E-11	5.700979E-11	8.801917E-11	8.206848E-11	7.608164E-11	6.334291E-11	1.074447E-10	6.957046E-11	1.009867E-10	6.969791E-11	1.135707E-10	7.599916E-11	1.012091E-10	1.077107E-10	1.132707E-10	-2.515851E-11	1.002524E-10	6.943033E-11	7.557677E-11	8.847713E-11	7.551954E-11	1.008341E-10	8.159834E-11	6.309721E-11	6.326995E-11	6.310192E-11	6.972143E-11	6.267674E-11	6.326799E-11
   0:01:20	0	2.726300E+1	5.000000E+1	3.861900E-9	2.644639E-9	1.134934E-10	6.300840E-11	6.955359E-11	6.963566E-11	6.971198E-11	9.427082E-11	8.206848E-11	8.238840E-11	6.334291E-11	1.137298E-10	9.482344E-11	1.199280E-10	6.329810E-11	1.072944E-10	7.599916E-11	1.138977E-10	1.140113E-10	1.321491E-10	-1.889374E-11	1.065862E-10	8.198158E-11	8.184169E-11	8.209321E-11	8.177972E-11	9.456312E-11	8.159834E-11	7.575652E-11	6.326995E-11	7.576218E-11	5.701752E-11	6.901373E-11	6.966475E-11
   0:01:34	0	2.726300E+1	6.000000E+1	4.509500E-9	3.156055E-9	1.386809E-10	6.937891E-11	8.851368E-11	8.222403E-11	8.231414E-11	9.427082E-11	1.010150E-10	1.014088E-10	7.605152E-11	1.263997E-10	1.137881E-10	1.325887E-10	8.229753E-11	1.324992E-10	9.499896E-11	1.328807E-10	1.267126E-10	1.572872E-10	-1.262897E-11	1.253897E-10	8.835682E-11	1.007359E-10	1.074294E-10	9.439943E-11	1.134757E-10	1.004363E-10	9.469565E-11	8.226093E-11	8.842244E-11	7.602336E-11	8.148967E-11	8.225838E-11
   0:01:47	0	2.726300E+1	7.000000E+1	4.747600E-9	3.244718E-9	1.324089E-10	7.564989E-11	7.584036E-11	7.592984E-11	8.871524E-11	1.005225E-10	1.073970E-10	1.014088E-10	8.876013E-11	1.516397E-10	1.074998E-10	1.388692E-10	9.499715E-11	1.387754E-10	1.076988E-10	1.328807E-10	1.393138E-10	1.636463E-10	-1.262897E-11	1.378594E-10	8.198158E-11	1.071002E-10	1.137136E-10	9.439943E-11	1.072047E-10	1.067818E-10	8.841583E-11	7.596392E-11	8.204247E-11	7.602336E-11	7.525170E-11	8.865514E-11
   0:02:01	0	2.726300E+1	8.000000E+1	5.029000E-9	3.339230E-9	1.324089E-10	8.192087E-11	8.212712E-11	8.861812E-11	8.231414E-11	1.005225E-10	1.073970E-10	1.014088E-10	8.876013E-11	1.389698E-10	1.011117E-10	1.388692E-10	9.499715E-11	1.387754E-10	8.869902E-11	1.455693E-10	1.457145E-10	1.825247E-10	-1.889374E-11	1.504280E-10	8.835682E-11	1.007359E-10	1.074294E-10	1.070191E-10	1.323884E-10	1.004363E-10	9.469565E-11	9.495490E-11	7.576218E-11	8.872727E-11	8.782665E-11	8.865514E-11
   0:02:14	0	2.726300E+1	9.000000E+1	5.294700E-9	3.491026E-9	1.386809E-10	8.829139E-11	8.212712E-11	8.222403E-11	1.013174E-10	1.131250E-10	1.073970E-10	1.078157E-10	9.506440E-11	1.453546E-10	1.074998E-10	1.452494E-10	9.499715E-11	1.451513E-10	1.139987E-10	1.455693E-10	1.457145E-10	1.761657E-10	-1.262897E-11	1.504280E-10	1.009081E-10	1.133652E-10	1.137136E-10	1.070191E-10	1.261173E-10	1.067818E-10	9.469565E-11	8.865789E-11	8.842244E-11	8.872727E-11	8.782665E-11	1.012488E-10
   0:02:28	0	2.726300E+1	1.000000E+2	5.550200E-9	3.534859E-9	1.450525E-10	1.008333E-10	9.480045E-11	8.861812E-11	8.871524E-11	1.193766E-10	1.010150E-10	1.078157E-10	1.013687E-10	1.579248E-10	1.137881E-10	1.388692E-10	1.012970E-10	1.451513E-10	1.076988E-10	1.391750E-10	1.520151E-10	1.887844E-10	-1.889374E-11	1.566629E-10	9.463245E-11	1.071002E-10	1.074294E-10	1.070191E-10	1.323884E-10	1.067818E-10	1.073550E-10	8.226093E-11	8.842244E-11	8.232530E-11	8.782665E-11	1.012488E-10
   0:02:42	0	2.726300E+1	1.200000E+2	6.140200E-9	3.730369E-9	1.513245E-10	8.829139E-11	8.851368E-11	8.222403E-11	1.013174E-10	1.193766E-10	1.073970E-10	1.141225E-10	9.506440E-11	1.643096E-10	1.200764E-10	1.578105E-10	1.012970E-10	1.451513E-10	1.076988E-10	1.581580E-10	1.583157E-10	2.014032E-10	-1.889374E-11	1.692315E-10	1.009081E-10	1.259944E-10	1.389500E-10	1.070191E-10	1.323884E-10	1.130281E-10	1.199146E-10	9.495490E-11	9.470273E-11	8.872727E-11	1.066396E-10	9.495195E-11
   0:02:55	0	2.726300E+1	1.400000E+2	6.684800E-9	4.014488E-9	1.575965E-10	1.072039E-10	1.010872E-10	1.012065E-10	9.501632E-11	1.257275E-10	1.263436E-10	1.078157E-10	1.013687E-10	1.705947E-10	1.327528E-10	1.704712E-10	1.076968E-10	1.703561E-10	1.139987E-10	1.708466E-10	1.647164E-10	2.202816E-10	-1.262897E-11	1.943688E-10	1.135589E-10	1.196301E-10	1.326658E-10	1.070191E-10	1.450300E-10	1.192744E-10	1.136348E-10	9.495490E-11	1.136433E-10	1.077331E-10	1.128775E-10	1.076455E-10
   0:03:09	0	2.726300E+1	1.600000E+2	7.318500E-9	4.336372E-9	1.765121E-10	1.072039E-10	1.074738E-10	1.076006E-10	1.077185E-10	1.319791E-10	1.263436E-10	1.331429E-10	1.077730E-10	1.768797E-10	1.390411E-10	1.831319E-10	1.266962E-10	1.703561E-10	1.329985E-10	1.771409E-10	1.964195E-10	2.517788E-10	-1.889374E-11	2.068385E-10	1.135589E-10	1.385243E-10	1.389500E-10	1.132793E-10	1.575720E-10	1.318661E-10	1.199146E-10	1.202429E-10	1.136433E-10	1.013311E-10	1.191155E-10	1.202392E-10
   0:03:23	0	2.726300E+1	1.800000E+2	7.962100E-9	4.645808E-9	1.891556E-10	1.134748E-10	1.074738E-10	1.138948E-10	1.203207E-10	1.382308E-10	1.452901E-10	1.458565E-10	1.140773E-10	2.022195E-10	1.454292E-10	1.831319E-10	1.329960E-10	1.892845E-10	1.392985E-10	1.962238E-10	2.027202E-10	2.706572E-10	-1.262897E-11	2.256420E-10	1.198346E-10	1.448886E-10	1.453339E-10	1.384194E-10	1.702136E-10	1.444578E-10	1.262941E-10	1.139459E-10	1.136433E-10	1.203370E-10	1.254525E-10	1.202392E-10
   0:03:37	0	2.726200E+1	2.000000E+2	8.635800E-9	4.961489E-9	2.017992E-10	1.197458E-10	1.200473E-10	1.265830E-10	1.330229E-10	1.570849E-10	1.578547E-10	1.584700E-10	1.203815E-10	2.211745E-10	1.706822E-10	2.020732E-10	1.329960E-10	1.956604E-10	1.519983E-10	2.152067E-10	2.154214E-10	2.831766E-10	-1.262897E-11	2.444455E-10	1.324854E-10	1.574185E-10	1.516181E-10	1.384194E-10	1.702136E-10	1.318661E-10	1.388537E-10	1.266398E-10	1.073630E-10	1.203370E-10	1.254525E-10	1.456263E-10
   0:03:50	0	2.726200E+1	2.200000E+2	9.282300E-9	5.283354E-9	2.017992E-10	1.261163E-10	1.264339E-10	1.391714E-10	1.393239E-10	1.570849E-10	1.515724E-10	1.584700E-10	1.330902E-10	2.274596E-10	1.706822E-10	2.083537E-10	1.519954E-10	2.208651E-10	1.582983E-10	2.341897E-10	2.344233E-10	3.084141E-10	-1.262897E-11	2.632490E-10	1.514119E-10	1.700477E-10	1.642862E-10	1.510391E-10	1.891262E-10	1.507041E-10	1.452332E-10	1.266398E-10	1.263035E-10	1.330409E-10	1.379284E-10	1.392295E-10
   0:04:04	0	2.726200E+1	2.400000E+2	9.883000E-9	5.700099E-9	2.207147E-10	1.386583E-10	1.327206E-10	1.455655E-10	1.457250E-10	1.759391E-10	1.705190E-10	1.902041E-10	1.393944E-10	2.464145E-10	1.960350E-10	2.399557E-10	1.646951E-10	2.335173E-10	1.582983E-10	2.531727E-10	2.470246E-10	3.335523E-10	-1.889374E-11	2.820526E-10	1.576875E-10	1.763126E-10	1.895226E-10	1.636588E-10	1.954968E-10	1.569504E-10	1.452332E-10	1.392339E-10	1.388641E-10	1.457448E-10	1.505034E-10	1.456263E-10
   0:04:18	0	2.726200E+1	2.600000E+2	1.034000E-8	5.990791E-9	2.333583E-10	1.450288E-10	1.453939E-10	1.518597E-10	1.520261E-10	1.759391E-10	1.768012E-10	1.902041E-10	1.648116E-10	2.717543E-10	1.960350E-10	2.399557E-10	1.582953E-10	2.397936E-10	1.709981E-10	2.721556E-10	2.534252E-10	3.461710E-10	-1.889374E-11	3.008561E-10	1.576875E-10	1.826770E-10	1.959065E-10	1.699190E-10	2.144094E-10	1.632958E-10	1.641724E-10	1.519278E-10	1.452441E-10	1.520467E-10	1.693163E-10	1.582199E-10
   0:04:32	0	2.726200E+1	2.800000E+2	1.110100E-8	6.407648E-9	2.459023E-10	1.450288E-10	1.579675E-10	1.581539E-10	1.647283E-10	1.885416E-10	1.958475E-10	2.029177E-10	2.345589E-10	2.843244E-10	2.149997E-10	2.399557E-10	1.709949E-10	2.649983E-10	1.899979E-10	2.974329E-10	2.787277E-10	3.775688E-10	-1.889374E-11	3.196596E-10	1.766140E-10	2.015712E-10	2.021907E-10	1.825387E-10	2.206805E-10	1.821338E-10	1.641724E-10	1.582248E-10	1.452441E-10	1.457448E-10	1.505034E-10	1.646167E-10
   0:04:45	0	2.726100E+1	3.000000E+2	1.207200E-8	6.969958E-9	2.648179E-10	1.575708E-10	1.643540E-10	1.708421E-10	1.647283E-10	2.011441E-10	1.958475E-10	2.156314E-10	3.232189E-10	3.096642E-10	2.339644E-10	2.778381E-10	1.899943E-10	2.903027E-10	1.963978E-10	3.164159E-10	2.977296E-10	4.028063E-10	-1.889374E-11	3.384631E-10	1.892649E-10	2.142005E-10	2.084749E-10	1.951584E-10	2.522347E-10	2.009718E-10	1.831115E-10	1.709188E-10	1.578047E-10	1.647506E-10	1.693163E-10	1.709135E-10
   0:04:59	0	2.726100E+1	3.200000E+2	1.296100E-8	7.601806E-9	2.837334E-10	1.702123E-10	1.833141E-10	1.771363E-10	1.900326E-10	2.073958E-10	1.958475E-10	2.346518E-10	5.070435E-10	3.349043E-10	2.465409E-10	2.841187E-10	2.026939E-10	3.092311E-10	1.963978E-10	3.543818E-10	3.230321E-10	4.342042E-10	-1.262897E-11	3.572666E-10	1.892649E-10	2.204654E-10	2.211429E-10	2.140383E-10	2.647767E-10	2.009718E-10	2.020506E-10	1.772158E-10	1.831252E-10	1.710526E-10	1.818913E-10	1.963007E-10
   0:05:13	0	2.726100E+1	3.400000E+2	1.479200E-8	9.125465E-9	3.468517E-10	2.017662E-10	1.896009E-10	2.025129E-10	2.154370E-10	2.326008E-10	2.337406E-10	2.662857E-10	9.443397E-10	4.170092E-10	2.844703E-10	3.283814E-10	2.216933E-10	3.660165E-10	2.406974E-10	4.366079E-10	4.117409E-10	5.223367E-10	-2.515851E-11	3.948736E-10	2.145666E-10	2.393596E-10	2.463794E-10	2.265586E-10	2.963310E-10	2.386479E-10	2.272696E-10	1.963068E-10	1.957854E-10	1.964604E-10	2.007042E-10	2.152911E-10
   0:05:27	0	2.726000E+1	3.600000E+2	1.681300E-8	1.106732E-8	3.846828E-10	2.269497E-10	2.212343E-10	2.214953E-10	2.280392E-10	2.577066E-10	2.716337E-10	3.043265E-10	1.857058E-9	4.928290E-10	3.098231E-10	3.662638E-10	2.343930E-10	4.353544E-10	2.533972E-10	5.125397E-10	5.004497E-10	5.915907E-10	-1.889374E-11	4.262457E-10	2.397687E-10	2.771480E-10	2.717155E-10	2.391783E-10	3.467978E-10	2.574859E-10	2.399289E-10	2.215947E-10	2.147260E-10	2.154662E-10	2.195171E-10	2.468751E-10
   0:05:40	0	2.726000E+1	3.620000E+2	1.724300E-8	1.144111E-8	3.783112E-10	2.206787E-10	2.149475E-10	2.152012E-10	2.217381E-10	2.639583E-10	2.716337E-10	3.107334E-10	2.142351E-9	4.992139E-10	3.223997E-10	3.662638E-10	2.533924E-10	4.353544E-10	2.406974E-10	5.252283E-10	5.067504E-10	5.915907E-10	-1.262897E-11	4.262457E-10	2.334931E-10	2.708831E-10	2.779997E-10	2.580582E-10	3.467978E-10	2.700776E-10	2.525882E-10	2.152977E-10	2.210063E-10	2.344721E-10	2.320921E-10	2.342815E-10
   0:05:53	0	2.725900E+1	3.640000E+2	1.756300E-8	1.225117E-8	3.909548E-10	2.333202E-10	2.275211E-10	2.277895E-10	2.344403E-10	2.639583E-10	2.652517E-10	3.043265E-10	2.776081E-9	5.054989E-10	3.161114E-10	3.788249E-10	2.469926E-10	4.669350E-10	2.533972E-10	5.442113E-10	5.194516E-10	6.104692E-10	-1.262897E-11	4.262457E-10	2.334931E-10	2.834129E-10	2.779997E-10	2.517981E-10	3.530688E-10	2.700776E-10	2.588680E-10	2.215947E-10	2.210063E-10	2.280701E-10	2.257551E-10	2.468751E-10
   0:06:06	0	2.725900E+1	3.660000E+2	1.874600E-8	1.314430E-8	3.972268E-10	2.269497E-10	2.275211E-10	2.277895E-10	2.280392E-10	2.639583E-10	2.779160E-10	3.107334E-10	3.549404E-9	4.928290E-10	3.223997E-10	3.852051E-10	2.659920E-10	4.542828E-10	2.659971E-10	5.505056E-10	5.320529E-10	6.042095E-10	-1.889374E-11	4.324806E-10	2.397687E-10	2.834129E-10	2.842839E-10	2.706779E-10	3.530688E-10	2.763239E-10	2.651478E-10	2.215947E-10	2.272865E-10	2.407740E-10	2.320921E-10	2.532718E-10
   0:06:20	0	2.725900E+1	3.680000E+2	1.936700E-8	1.393015E-8	4.098703E-10	2.269497E-10	2.275211E-10	2.341836E-10	2.344403E-10	2.765608E-10	2.905803E-10	3.170402E-10	4.227564E-9	5.181688E-10	3.350761E-10	3.852051E-10	2.596922E-10	4.669350E-10	2.596971E-10	5.568999E-10	5.194516E-10	6.104692E-10	-1.262897E-11	4.324806E-10	2.460444E-10	2.834129E-10	2.906678E-10	2.580582E-10	3.593398E-10	2.763239E-10	2.651478E-10	2.278918E-10	2.336665E-10	2.344721E-10	2.320921E-10	2.468751E-10
   0:06:33	0	2.725800E+1	3.700000E+2	1.998500E-8	1.472186E-8	4.098703E-10	2.395912E-10	2.339076E-10	2.277895E-10	2.407414E-10	2.765608E-10	2.841983E-10	3.233470E-10	4.874102E-9	5.181688E-10	3.287878E-10	3.914856E-10	2.533924E-10	4.795872E-10	2.659971E-10	5.821772E-10	5.384535E-10	6.104692E-10	-1.889374E-11	4.388144E-10	2.524196E-10	2.834129E-10	2.906678E-10	2.769381E-10	3.593398E-10	2.763239E-10	2.778071E-10	2.278918E-10	2.462271E-10	2.470759E-10	2.383300E-10	2.468751E-10
   0:06:46	0	2.725800E+1	3.720000E+2	2.146200E-8	1.605862E-8	4.161423E-10	2.333202E-10	2.339076E-10	2.467720E-10	2.407414E-10	2.828124E-10	2.905803E-10	3.233470E-10	6.065609E-9	5.307390E-10	3.413644E-10	3.977661E-10	2.723918E-10	4.858634E-10	2.723970E-10	5.885715E-10	5.510548E-10	6.293476E-10	-1.889374E-11	4.512841E-10	2.524196E-10	2.834129E-10	2.906678E-10	2.706779E-10	3.719814E-10	2.763239E-10	2.715273E-10	2.342887E-10	2.462271E-10	2.407740E-10	2.383300E-10	2.468751E-10
   0:06:59	0	2.725700E+1	3.740000E+2	2.190600E-8	1.757280E-8	4.161423E-10	2.458621E-10	2.401944E-10	2.404778E-10	2.470424E-10	2.765608E-10	2.968626E-10	3.423674E-10	7.403015E-9	5.434089E-10	3.477525E-10	3.977661E-10	2.723918E-10	4.921397E-10	2.596971E-10	6.011602E-10	5.574554E-10	6.419664E-10	-1.889374E-11	4.450492E-10	2.649709E-10	3.086714E-10	2.969520E-10	2.769381E-10	3.719814E-10	2.889156E-10	2.778071E-10	2.342887E-10	2.526071E-10	2.470759E-10	2.509050E-10	2.532718E-10
   0:07:13	0	2.725800E+1	3.760000E+2	2.456800E-8	1.950527E-8	4.287859E-10	2.458621E-10	2.339076E-10	2.404778E-10	2.597446E-10	2.891633E-10	3.031448E-10	3.360606E-10	9.184021E-9	5.496939E-10	3.477525E-10	4.167074E-10	2.786916E-10	5.047919E-10	2.723970E-10	6.138488E-10	5.637560E-10	6.419664E-10	-1.889374E-11	4.576179E-10	2.713461E-10	3.023071E-10	3.032361E-10	2.769381E-10	3.782525E-10	2.951619E-10	2.840869E-10	2.405857E-10	2.399468E-10	2.534779E-10	2.445680E-10	2.658655E-10
   0:07:26	0	2.725800E+1	3.780000E+2	2.710300E-8	2.107069E-8	4.350579E-10	2.458621E-10	2.528677E-10	2.531661E-10	2.534435E-10	2.891633E-10	2.905803E-10	3.487742E-10	1.062910E-8	5.623638E-10	3.540408E-10	4.041463E-10	2.723918E-10	5.174441E-10	2.786969E-10	6.265374E-10	5.764573E-10	6.419664E-10	-1.889374E-11	4.576179E-10	2.713461E-10	3.149364E-10	2.969520E-10	2.831983E-10	3.846230E-10	3.014082E-10	2.840869E-10	2.405857E-10	2.462271E-10	2.470759E-10	2.509050E-10	2.785590E-10
   0:07:39	0	2.725700E+1	3.800000E+2	3.056400E-8	2.519594E-8	4.350579E-10	2.647746E-10	2.718278E-10	2.531661E-10	2.660457E-10	2.891633E-10	3.095268E-10	3.550810E-10	1.455246E-8	5.623638E-10	3.603291E-10	4.230876E-10	2.849915E-10	5.363725E-10	2.786969E-10	6.455203E-10	5.827579E-10	6.608448E-10	-1.889374E-11	4.638527E-10	2.713461E-10	3.086714E-10	3.032361E-10	2.831983E-10	3.908941E-10	3.014082E-10	2.840869E-10	2.405857E-10	2.526071E-10	2.534779E-10	2.571430E-10	2.722622E-10
   0:07:52	0	2.725700E+1	3.820000E+2	3.518500E-8	3.226865E-8	4.539735E-10	2.711451E-10	2.654412E-10	2.594603E-10	2.660457E-10	3.016666E-10	3.095268E-10	3.550810E-10	2.144843E-8	5.750337E-10	3.603291E-10	4.230876E-10	2.913913E-10	5.237203E-10	2.913968E-10	6.707976E-10	5.891586E-10	6.733642E-10	-1.262897E-11	4.638527E-10	2.713461E-10	3.149364E-10	3.159042E-10	2.895578E-10	3.971651E-10	3.077536E-10	2.904664E-10	2.468827E-10	2.526071E-10	2.597798E-10	2.697179E-10	2.722622E-10
   0:08:06	0	2.725700E+1	3.840000E+2	4.360900E-8	4.142019E-8	4.539735E-10	2.711451E-10	2.591545E-10	2.721485E-10	2.724468E-10	3.142691E-10	3.284734E-10	3.741014E-10	3.038528E-8	5.750337E-10	3.667172E-10	4.230876E-10	2.849915E-10	5.426488E-10	2.976967E-10	6.770920E-10	6.081605E-10	6.797233E-10	-1.262897E-11	4.700876E-10	2.776217E-10	3.212013E-10	3.096201E-10	3.020782E-10	4.035357E-10	3.139999E-10	3.030261E-10	2.595767E-10	2.651676E-10	2.724837E-10	2.697179E-10	2.785590E-10
   0:08:19	0	2.725700E+1	3.860000E+2	5.179000E-8	4.820144E-8	4.728890E-10	2.711451E-10	2.591545E-10	2.721485E-10	2.787479E-10	3.080175E-10	3.347557E-10	3.741014E-10	3.698325E-8	5.877036E-10	3.792938E-10	4.420288E-10	3.039909E-10	5.553010E-10	2.849969E-10	7.024692E-10	6.144611E-10	6.859830E-10	-1.889374E-11	4.700876E-10	2.838973E-10	3.275656E-10	3.221884E-10	3.020782E-10	4.035357E-10	3.202462E-10	3.030261E-10	2.722707E-10	2.715476E-10	2.724837E-10	2.697179E-10	2.912526E-10
   0:08:32	0	2.725700E+1	3.880000E+2	6.640800E-8	6.293684E-8	4.792606E-10	2.836871E-10	2.718278E-10	2.721485E-10	2.660457E-10	3.205208E-10	3.284734E-10	3.931218E-10	5.149138E-8	6.002737E-10	3.856819E-10	4.356486E-10	3.103907E-10	5.805057E-10	2.976967E-10	7.277465E-10	6.207617E-10	6.986017E-10	-1.889374E-11	4.888911E-10	2.902726E-10	3.275656E-10	3.411407E-10	3.084377E-10	4.160777E-10	3.265916E-10	3.094056E-10	2.722707E-10	2.715476E-10	2.787857E-10	2.697179E-10	2.912526E-10
   0:08:45	0	2.725600E+1	3.900000E+2	8.447000E-8	1.011550E-7	4.792606E-10	2.900576E-10	2.718278E-10	2.911310E-10	2.850490E-10	3.142691E-10	3.410379E-10	4.058355E-10	8.944439E-8	6.256135E-10	3.982584E-10	4.545899E-10	3.039909E-10	5.868816E-10	3.039967E-10	7.530238E-10	6.461642E-10	7.048614E-10	-6.264767E-12	4.888911E-10	2.965482E-10	3.400955E-10	3.348565E-10	3.084377E-10	4.224483E-10	3.516759E-10	3.094056E-10	2.595767E-10	2.715476E-10	2.787857E-10	2.821939E-10	3.165398E-10
   0:08:59	0	2.725600E+1	3.920000E+2	1.277700E-7	1.394049E-7	4.981761E-10	2.900576E-10	2.844013E-10	2.847369E-10	2.850490E-10	3.268716E-10	3.537022E-10	4.058355E-10	1.274101E-7	6.381837E-10	4.109348E-10	4.609701E-10	3.229903E-10	6.058100E-10	3.229964E-10	7.657124E-10	6.524649E-10	7.174801E-10	-6.264767E-12	5.014597E-10	3.091991E-10	3.464598E-10	3.348565E-10	3.209581E-10	4.224483E-10	3.454297E-10	3.219652E-10	2.912617E-10	2.778279E-10	2.977915E-10	2.885308E-10	3.165398E-10
   0:09:12	0	2.725600E+1	3.940000E+2	1.857200E-7	1.872945E-7	5.044481E-10	3.025996E-10	2.970747E-10	2.974252E-10	2.914501E-10	3.519775E-10	3.537022E-10	4.184490E-10	1.750100E-7	6.508536E-10	4.172231E-10	4.735311E-10	3.229903E-10	6.247385E-10	3.229964E-10	8.036783E-10	6.777674E-10	7.237398E-10	-1.889374E-11	5.140284E-10	3.028238E-10	3.527247E-10	3.538088E-10	3.273176E-10	4.539030E-10	3.642677E-10	3.219652E-10	2.975587E-10	2.841082E-10	2.850876E-10	3.010068E-10	3.102430E-10
   0:09:25	0	2.725600E+1	3.960000E+2	3.117100E-7	2.954299E-7	5.107201E-10	3.089701E-10	2.970747E-10	3.037194E-10	3.104533E-10	3.645800E-10	3.599845E-10	4.374694E-10	2.829176E-7	6.508536E-10	4.172231E-10	4.799113E-10	3.546894E-10	6.372910E-10	3.293964E-10	8.226613E-10	6.777674E-10	7.426183E-10	-1.889374E-11	5.202632E-10	3.091991E-10	3.716189E-10	3.538088E-10	3.273176E-10	4.476319E-10	3.454297E-10	3.409043E-10	2.848647E-10	2.967684E-10	3.040934E-10	3.073438E-10	3.165398E-10
   0:09:38	0	2.725600E+1	3.980000E+2	4.033500E-7	3.941903E-7	5.233637E-10	3.215120E-10	3.033614E-10	3.101135E-10	3.167544E-10	3.457258E-10	3.915953E-10	4.438763E-10	3.813496E-7	6.760936E-10	4.236112E-10	4.988526E-10	3.229903E-10	6.562195E-10	3.356963E-10	8.543328E-10	6.967693E-10	7.488780E-10	-1.889374E-11	5.202632E-10	3.154747E-10	3.653540E-10	3.664768E-10	3.398380E-10	4.602735E-10	4.081900E-10	3.472838E-10	3.292436E-10	2.967684E-10	3.104954E-10	3.135817E-10	3.165398E-10
   0:09:52	0	2.725600E+1	4.000000E+2	5.120900E-7	5.632036E-7	5.422793E-10	3.341535E-10	3.223215E-10	3.227018E-10	3.230555E-10	3.582291E-10	3.663665E-10	4.564898E-10	5.501040E-7	6.950486E-10	4.488642E-10	4.988526E-10	3.103907E-10	6.751479E-10	3.483962E-10	8.859045E-10	7.094705E-10	7.677564E-10	-2.515851E-11	5.202632E-10	3.281256E-10	3.716189E-10	3.790452E-10	3.524577E-10	4.665446E-10	3.831057E-10	3.472838E-10	3.292436E-10	3.094287E-10	3.167974E-10	3.261567E-10	3.292334E-10
   0:10:05	0	2.725700E+1	4.020000E+2	6.459700E-7	6.687453E-7	5.485513E-10	3.467950E-10	3.287081E-10	3.227018E-10	3.357577E-10	3.770833E-10	3.853130E-10	4.755102E-10	6.552230E-7	7.077185E-10	4.615406E-10	5.177938E-10	3.799886E-10	7.004523E-10	3.483962E-10	9.302646E-10	7.284724E-10	7.866349E-10	-1.889374E-11	5.453016E-10	3.344012E-10	3.778839E-10	3.790452E-10	3.650774E-10	4.854572E-10	3.955983E-10	3.598435E-10	2.722707E-10	3.219893E-10	3.230993E-10	3.386326E-10	3.608174E-10
   0:10:18	0	2.725700E+1	4.040000E+2	9.527200E-7	8.462761E-7	5.738384E-10	3.530660E-10	3.539549E-10	3.416843E-10	3.484599E-10	4.085399E-10	4.610992E-10	4.882239E-10	8.321471E-7	7.329585E-10	4.741172E-10	5.303548E-10	4.369869E-10	7.256570E-10	3.736959E-10	9.682305E-10	7.474743E-10	8.055133E-10	-1.889374E-11	5.516354E-10	3.596033E-10	3.905131E-10	3.979974E-10	3.775977E-10	4.917282E-10	3.516759E-10	3.787826E-10	3.608286E-10	3.283692E-10	3.358032E-10	3.449696E-10	3.545206E-10
   0:10:31	0	2.725800E+1	4.060000E+2	1.068300E-6	1.165993E-6	5.864819E-10	3.593370E-10	3.602417E-10	3.480784E-10	3.547609E-10	3.519775E-10	4.926103E-10	5.135510E-10	1.151554E-6	7.582983E-10	4.805053E-10	5.556763E-10	3.166905E-10	7.572376E-10	3.863957E-10	1.006196E-9	7.791775E-10	8.181320E-10	-6.264767E-12	5.642041E-10	3.722542E-10	4.156722E-10	4.043814E-10	3.839573E-10	5.106408E-10	3.893520E-10	3.977217E-10	3.228466E-10	3.473098E-10	3.485071E-10	3.449696E-10	4.177886E-10
   0:10:45	0	2.725800E+1	4.080000E+2	1.244200E-6	1.302546E-6	6.179415E-10	3.657075E-10	3.666282E-10	3.733550E-10	3.610620E-10	4.651024E-10	4.673815E-10	5.325714E-10	1.287597E-6	7.835383E-10	5.120466E-10	5.556763E-10	3.609892E-10	7.887186E-10	3.926957E-10	1.069440E-9	7.981793E-10	8.496292E-10	-1.262897E-11	5.892424E-10	3.722542E-10	4.156722E-10	4.169497E-10	3.964776E-10	5.359240E-10	3.831057E-10	4.041012E-10	3.545316E-10	3.535901E-10	3.675129E-10	3.762585E-10	3.355302E-10
   0:10:58	0	2.726000E+1	4.100000E+2	1.282700E-6	1.391464E-6	6.305851E-10	3.846200E-10	3.792018E-10	3.860433E-10	3.800653E-10	3.959374E-10	5.115569E-10	5.515919E-10	1.375945E-6	8.024933E-10	5.247230E-10	5.872783E-10	4.053878E-10	8.202993E-10	4.116955E-10	1.126389E-9	8.234819E-10	8.621486E-10	-1.262897E-11	6.018111E-10	3.911807E-10	4.345664E-10	4.359020E-10	4.028372E-10	5.548367E-10	3.831057E-10	4.166609E-10	3.608286E-10	3.598704E-10	3.675129E-10	3.825955E-10	4.557694E-10
   0:11:11	0	2.726000E+1	4.110000E+2	1.608800E-6	1.504256E-6	6.432286E-10	4.098034E-10	3.855883E-10	3.986317E-10	3.927675E-10	3.959374E-10	5.052746E-10	5.643055E-10	1.488359E-6	8.214482E-10	5.310113E-10	5.935588E-10	3.673890E-10	8.392277E-10	4.116955E-10	1.151766E-9	8.361831E-10	8.685077E-10	-6.264767E-12	6.142808E-10	3.974563E-10	4.409308E-10	4.422859E-10	4.279772E-10	5.611077E-10	4.961337E-10	4.230403E-10	3.862165E-10	3.598704E-10	3.865188E-10	3.825955E-10	4.684630E-10
   0:11:24	0	2.726100E+1	4.120000E+2	1.720800E-6	1.745260E-6	6.621442E-10	4.035325E-10	4.045484E-10	3.986317E-10	4.117707E-10	3.959374E-10	4.168241E-10	5.833259E-10	1.729312E-6	8.277333E-10	5.373994E-10	5.998393E-10	3.926882E-10	8.581562E-10	4.243953E-10	1.177043E-9	8.424837E-10	8.999055E-10	-6.264767E-12	6.206146E-10	4.101071E-10	4.534606E-10	4.548542E-10	4.217170E-10	5.674783E-10	4.332743E-10	4.230403E-10	2.912617E-10	3.851909E-10	3.738149E-10	3.950714E-10	4.874533E-10
   0:11:38	0	2.726100E+1	4.130000E+2	1.477600E-6	1.633433E-6	6.684162E-10	4.224449E-10	4.045484E-10	4.113199E-10	4.054697E-10	4.085399E-10	5.431677E-10	6.023463E-10	1.617006E-6	8.404032E-10	5.499759E-10	6.125000E-10	3.926882E-10	8.770846E-10	4.306953E-10	1.215009E-9	8.614856E-10	8.999055E-10	-2.515851E-11	6.330843E-10	4.227580E-10	4.598250E-10	4.612381E-10	4.342374E-10	5.800203E-10	4.897883E-10	4.482593E-10	3.418376E-10	3.914712E-10	3.865188E-10	4.014084E-10	4.557694E-10
   0:11:51	0	2.726200E+1	4.140000E+2	1.802600E-6	1.884810E-6	6.746882E-10	4.287159E-10	4.297953E-10	4.176141E-10	4.180718E-10	5.845783E-10	4.168241E-10	6.150600E-10	1.868017E-6	8.656432E-10	5.753287E-10	6.251608E-10	4.749858E-10	8.897368E-10	4.496951E-10	1.246680E-9	8.741869E-10	9.187840E-10	-1.262897E-11	6.456529E-10	4.227580E-10	4.723548E-10	4.738065E-10	4.279772E-10	5.989329E-10	3.955983E-10	4.482593E-10	4.304955E-10	3.725306E-10	4.055246E-10	4.138843E-10	3.925014E-10
   0:12:04	0	2.726200E+1	4.150000E+2	1.644600E-6	1.526847E-6	6.999753E-10	4.413574E-10	4.297953E-10	4.176141E-10	4.370751E-10	4.524999E-10	4.610992E-10	6.340804E-10	1.509599E-6	8.783131E-10	5.753287E-10	6.441020E-10	4.116876E-10	9.212178E-10	4.433951E-10	1.297235E-9	8.994894E-10	9.251430E-10	-1.889374E-11	6.456529E-10	4.353093E-10	4.723548E-10	4.801904E-10	4.594768E-10	6.053035E-10	5.086263E-10	4.609186E-10	4.874685E-10	4.041314E-10	4.055246E-10	4.138843E-10	5.191373E-10
   0:12:17	0	2.726400E+1	4.160000E+2	1.802500E-6	1.802298E-6	7.125193E-10	4.538994E-10	4.360820E-10	4.429907E-10	4.434762E-10	4.399966E-10	5.305034E-10	6.403871E-10	1.784645E-6	8.972681E-10	6.005817E-10	6.566630E-10	5.763827E-10	9.401462E-10	4.686948E-10	1.322612E-9	9.184913E-10	9.566402E-10	-6.264767E-12	6.644564E-10	4.416845E-10	4.912490E-10	4.991427E-10	4.594768E-10	6.115745E-10	4.647040E-10	4.671984E-10	3.482346E-10	4.166920E-10	4.181285E-10	4.264593E-10	5.127406E-10
   0:12:31	0	2.726500E+1	4.170000E+2	2.227400E-6	2.048318E-6	7.251629E-10	4.665408E-10	4.550421E-10	4.619731E-10	4.434762E-10	5.342674E-10	4.863281E-10	6.658144E-10	2.030072E-6	9.288930E-10	6.259345E-10	6.693238E-10	6.143816E-10	9.781028E-10	4.749948E-10	1.366873E-9	9.311926E-10	9.566402E-10	-1.262897E-11	6.706913E-10	4.542357E-10	5.038783E-10	5.117110E-10	4.783567E-10	6.304871E-10	5.400561E-10	4.798577E-10	3.862165E-10	4.230720E-10	4.245305E-10	4.390342E-10	5.317309E-10
   0:12:44	0	2.726500E+1	4.180000E+2	1.910600E-6	2.002289E-6	7.440784E-10	4.854533E-10	4.740022E-10	4.682673E-10	4.624795E-10	5.657241E-10	5.621143E-10	6.911416E-10	1.983854E-6	9.478479E-10	6.259345E-10	6.819845E-10	4.939852E-10	1.003307E-9	4.813947E-10	1.430216E-9	9.437938E-10	9.943971E-10	-1.262897E-11	6.894948E-10	4.606110E-10	5.038783E-10	4.864746E-10	4.908770E-10	6.493998E-10	4.521123E-10	4.861376E-10	4.557835E-10	4.356325E-10	4.435363E-10	4.515102E-10	3.862046E-10
   0:12:57	0	2.726500E+1	4.190000E+2	1.872800E-6	1.946788E-6	7.692660E-10	5.043658E-10	4.803888E-10	4.872498E-10	4.814827E-10	6.159357E-10	5.937251E-10	7.164688E-10	1.927419E-6	9.541330E-10	6.448992E-10	7.134868E-10	4.116876E-10	1.041164E-9	4.939946E-10	1.474476E-9	9.691963E-10	1.000657E-9	-1.262897E-11	6.958286E-10	4.795375E-10	5.354018E-10	5.496155E-10	4.972366E-10	6.620414E-10	6.468378E-10	5.050767E-10	5.444414E-10	4.420125E-10	4.625421E-10	4.578472E-10	5.507213E-10
   0:13:10	0	2.726600E+1	4.200000E+2	2.141700E-6	2.084713E-6	7.819096E-10	5.170073E-10	4.993489E-10	4.935440E-10	5.004860E-10	5.090624E-10	6.316182E-10	7.354892E-10	2.064983E-6	9.857578E-10	6.701522E-10	7.198670E-10	5.256842E-10	1.072745E-9	5.066944E-10	1.531425E-9	1.000899E-9	1.019535E-9	-1.889374E-11	7.208669E-10	4.920887E-10	5.416667E-10	5.243791E-10	5.161165E-10	6.872250E-10	5.714858E-10	5.113565E-10	5.824233E-10	4.672334E-10	4.751460E-10	4.828981E-10	4.747598E-10
   0:13:24	0	2.726600E+1	4.210000E+2	2.228800E-6	2.055815E-6	8.070971E-10	5.295492E-10	5.119224E-10	5.189205E-10	5.130881E-10	5.970816E-10	5.747785E-10	7.609165E-10	2.035605E-6	1.017383E-9	6.954052E-10	7.388082E-10	6.016819E-10	1.097950E-9	5.256942E-10	1.594668E-9	1.026202E-9	1.038414E-9	-1.889374E-11	7.334356E-10	5.047396E-10	5.605609E-10	5.622836E-10	5.286368E-10	7.061376E-10	5.903238E-10	5.366751E-10	4.178015E-10	4.798936E-10	4.878499E-10	4.891360E-10	4.811565E-10
   0:13:37	0	2.726700E+1	4.220000E+2	2.113400E-6	2.227928E-6	8.386562E-10	5.548322E-10	5.372690E-10	5.315089E-10	5.257903E-10	5.908299E-10	5.179389E-10	7.862436E-10	2.207295E-6	1.036338E-9	7.143698E-10	7.703105E-10	6.080818E-10	1.161011E-9	5.383941E-10	1.664305E-9	1.057905E-9	1.063552E-9	-1.262897E-11	7.459053E-10	5.173905E-10	5.731901E-10	5.686675E-10	5.412565E-10	7.187792E-10	4.961337E-10	5.556143E-10	4.874685E-10	4.924542E-10	5.068558E-10	5.017110E-10	4.431758E-10
   0:13:50	0	2.726700E+1	4.230000E+2	2.256900E-6	2.077100E-6	8.575718E-10	5.800157E-10	5.562291E-10	5.568854E-10	5.447936E-10	5.908299E-10	7.200687E-10	8.179777E-10	2.055634E-6	1.067863E-9	7.333345E-10	7.829712E-10	5.003850E-10	1.192592E-9	5.573939E-10	1.721254E-9	1.076907E-9	1.101309E-9	-6.264767E-12	7.647088E-10	5.425926E-10	5.983492E-10	5.876198E-10	5.601364E-10	7.502339E-10	5.965701E-10	5.682736E-10	4.621805E-10	5.177747E-10	5.258616E-10	5.267619E-10	5.127406E-10
   0:14:03	0	2.726700E+1	4.240000E+2	1.804500E-6	2.257914E-6	8.891309E-10	5.926572E-10	5.751892E-10	5.695737E-10	5.637969E-10	6.285383E-10	7.011221E-10	8.433049E-10	2.235734E-6	1.093203E-9	7.586873E-10	8.019125E-10	5.256842E-10	1.236725E-9	5.763937E-10	1.803580E-9	1.108510E-9	1.120187E-9	-1.262897E-11	7.835123E-10	5.678943E-10	6.172434E-10	6.065720E-10	5.790163E-10	7.628755E-10	6.594296E-10	5.997723E-10	5.571354E-10	4.924542E-10	5.321635E-10	5.267619E-10	5.191373E-10
   0:14:17	0	2.726700E+1	4.250000E+2	2.137300E-6	1.988296E-6	9.269620E-10	6.242112E-10	6.068226E-10	6.011445E-10	5.828001E-10	6.851007E-10	6.757936E-10	8.750389E-10	1.965131E-6	1.124728E-9	7.966167E-10	8.397950E-10	6.650800E-10	1.287234E-9	6.143932E-10	1.898495E-9	1.146514E-9	1.151684E-9	-1.889374E-11	8.023158E-10	5.804455E-10	6.361376E-10	6.128562E-10	6.042557E-10	8.007008E-10	5.840775E-10	6.187115E-10	6.647842E-10	5.556558E-10	5.511694E-10	5.644867E-10	5.064437E-10
   0:14:30	0	2.726800E+1	4.260000E+2	2.106500E-6	2.234684E-6	9.647932E-10	6.620361E-10	6.383563E-10	6.265211E-10	6.208067E-10	5.908299E-10	7.705263E-10	9.256933E-10	2.210781E-6	1.181593E-9	8.408344E-10	8.713969E-10	5.193844E-10	1.356672E-9	6.206932E-10	1.980721E-9	1.178217E-9	1.183181E-9	-1.889374E-11	8.336880E-10	6.120229E-10	6.613962E-10	6.507607E-10	6.231356E-10	8.322550E-10	6.845139E-10	6.376506E-10	4.874685E-10	5.745963E-10	5.702752E-10	5.832997E-10	6.393765E-10
   0:14:43	0	2.726900E+1	4.270000E+2	2.372800E-6	2.383151E-6	1.008896E-9	6.998610E-10	6.637029E-10	6.580919E-10	6.525121E-10	7.102066E-10	8.905877E-10	9.638342E-10	2.357808E-6	1.213217E-9	8.660873E-10	9.092794E-10	7.220783E-10	1.426109E-9	6.586928E-10	2.107308E-9	1.222522E-9	1.220938E-9	-1.262897E-11	8.650601E-10	6.372250E-10	6.928202E-10	6.759972E-10	6.482757E-10	8.637097E-10	6.656759E-10	6.565897E-10	6.393963E-10	5.998172E-10	5.828791E-10	6.083506E-10	6.267828E-10
   0:14:56	0	2.727000E+1	4.280000E+2	2.286100E-6	2.566424E-6	1.053099E-9	7.439570E-10	7.079098E-10	6.834685E-10	6.842175E-10	7.542658E-10	7.515798E-10	1.033509E-9	2.540462E-6	1.263797E-9	9.040167E-10	9.534424E-10	6.206814E-10	1.489171E-9	6.776925E-10	2.233894E-9	1.273227E-9	1.264955E-9	-2.515851E-11	8.963333E-10	6.625267E-10	7.243437E-10	7.013333E-10	6.671556E-10	9.141765E-10	6.279998E-10	6.944680E-10	5.888203E-10	6.314180E-10	6.272928E-10	6.334015E-10	5.254341E-10
   0:15:10	0	2.727100E+1	4.290000E+2	2.747900E-6	2.655527E-6	1.109846E-9	7.944234E-10	7.647901E-10	7.340218E-10	7.285252E-10	6.473924E-10	7.705263E-10	1.096977E-9	2.627720E-6	1.326947E-9	9.672989E-10	9.977051E-10	8.170755E-10	1.583813E-9	7.156921E-10	2.366775E-9	1.323932E-9	1.321590E-9	-1.889374E-11	9.402741E-10	7.129310E-10	7.432379E-10	7.328539E-10	6.986552E-10	9.646433E-10	8.289717E-10	7.260664E-10	7.343512E-10	6.503585E-10	6.589025E-10	6.585514E-10	7.090412E-10
   0:15:23	0	2.727100E+1	4.300000E+2	2.447100E-6	2.530557E-6	1.179136E-9	8.447903E-10	8.089971E-10	7.846750E-10	7.665317E-10	8.044774E-10	9.726561E-10	1.154038E-9	2.501456E-6	1.390197E-9	1.043158E-9	1.054529E-9	7.663770E-10	1.684732E-9	7.600916E-10	2.518638E-9	1.399939E-9	1.371966E-9	-1.889374E-11	9.716463E-10	7.445083E-10	7.872912E-10	7.771424E-10	7.426751E-10	1.015110E-9	7.284362E-10	7.828838E-10	5.761263E-10	7.008999E-10	6.843103E-10	7.024152E-10	6.013957E-10
   0:15:36	0	2.727200E+1	4.310000E+2	2.962200E-6	2.936345E-6	1.261170E-9	9.141692E-10	8.658773E-10	8.416223E-10	8.235415E-10	8.108282E-10	9.790381E-10	1.230120E-9	2.904883E-6	1.478587E-9	1.125305E-9	1.098692E-9	8.866734E-10	1.798402E-9	7.980912E-10	2.727451E-9	1.469646E-9	1.447480E-9	-6.264767E-12	1.034292E-9	7.950122E-10	8.439737E-10	8.276152E-10	7.866950E-10	1.078119E-9	9.796758E-10	8.270419E-10	7.407481E-10	7.261207E-10	7.349258E-10	7.400410E-10	7.976964E-10
   0:15:49	0	2.727300E+1	4.320000E+2	2.735700E-6	2.731708E-6	1.368392E-9	1.008732E-9	9.481042E-10	9.175522E-10	8.868524E-10	9.239532E-10	9.790381E-10	1.331529E-9	2.697744E-6	1.567077E-9	1.213840E-9	1.174457E-9	1.083068E-9	1.943454E-9	8.676905E-10	2.955246E-9	1.577257E-9	1.522993E-9	-1.889374E-11	1.103271E-9	8.707181E-10	8.943914E-10	8.655198E-10	8.370745E-10	1.166411E-9	9.670840E-10	8.712996E-10	8.609910E-10	7.766621E-10	7.919434E-10	7.902418E-10	9.179355E-10
   0:16:03	0	2.727500E+1	4.330000E+2	2.438700E-6	2.857846E-6	1.507072E-9	1.128577E-9	1.049191E-9	9.871878E-10	9.565643E-10	9.364565E-10	1.149557E-9	1.445651E-9	2.821370E-6	1.712431E-9	1.321340E-9	1.288104E-9	9.373719E-10	2.113909E-9	9.120900E-10	3.202025E-9	1.691268E-9	1.667761E-9	-1.889374E-11	1.209758E-9	9.337732E-10	9.699682E-10	9.477127E-10	8.999744E-10	1.279887E-9	1.042436E-9	9.470562E-10	8.799820E-10	8.460443E-10	8.489609E-10	8.529186E-10	8.292804E-10
   0:16:16	0	2.727500E+1	4.340000E+2	2.769000E-6	3.100823E-6	1.683584E-9	1.254594E-9	1.150378E-9	1.094788E-9	1.051581E-9	1.074787E-9	1.162122E-9	1.572487E-9	3.061284E-6	1.864071E-9	1.447804E-9	1.382811E-9	1.133766E-9	2.303194E-9	9.943891E-10	3.524835E-9	1.824381E-9	1.749535E-9	-1.889374E-11	1.259934E-9	1.009479E-9	1.045545E-9	1.029806E-9	9.692337E-10	1.406004E-9	9.922675E-10	1.041752E-9	9.116670E-10	9.155262E-10	9.123804E-10	9.155953E-10	8.799547E-10
   0:16:29	0	2.727600E+1	4.350000E+2	2.947200E-6	3.062432E-6	1.935858E-9	1.462730E-9	1.314633E-9	1.233960E-9	1.165600E-9	1.206766E-9	1.452702E-9	1.724651E-9	3.018089E-6	2.053621E-9	1.650028E-9	1.515399E-9	1.102067E-9	2.568192E-9	1.089388E-9	3.917182E-9	2.039703E-9	1.913181E-9	-3.152272E-11	1.372755E-9	1.110487E-9	1.133751E-9	1.105615E-9	1.044753E-9	1.651868E-9	1.331352E-9	1.142727E-9	1.076289E-9	1.029169E-9	1.007410E-9	1.009759E-9	1.012887E-9
   0:16:42	0	2.727600E+1	4.360000E+2	2.994200E-6	2.935246E-6	2.326813E-9	1.771601E-9	1.548540E-9	1.430179E-9	1.317626E-9	1.275931E-9	1.446420E-9	1.933875E-9	2.884810E-6	2.375855E-9	1.934598E-9	1.736414E-9	1.273062E-9	2.927833E-9	1.222387E-9	4.455099E-9	2.343733E-9	2.158601E-9	-3.152272E-11	1.554555E-9	1.261899E-9	1.272275E-9	1.238281E-9	1.183272E-9	1.891461E-9	1.482056E-9	1.294240E-9	1.177541E-9	1.130252E-9	1.121445E-9	1.110062E-9	1.272456E-9
   0:16:56	0	2.727800E+1	4.370000E+2	3.237700E-6	3.039647E-6	3.007873E-9	2.219229E-9	1.864575E-9	1.683245E-9	1.533063E-9	1.527286E-9	1.642167E-9	2.219281E-9	2.980358E-6	2.862499E-9	2.326568E-9	2.020532E-9	1.615052E-9	3.382215E-9	1.387085E-9	5.138486E-9	2.831481E-9	2.523650E-9	-2.515851E-11	1.761393E-9	1.451164E-9	1.442422E-9	1.383615E-9	1.328051E-9	2.339093E-9	1.777218E-9	1.502670E-9	1.462405E-9	1.288057E-9	1.267189E-9	1.254327E-9	1.272456E-9
   0:17:09	0	2.727800E+1	4.380000E+2	3.357300E-6	3.397570E-6	4.376165E-9	3.038836E-9	2.420804E-9	2.062894E-9	1.843517E-9	1.697073E-9	1.907419E-9	2.580669E-9	3.324858E-6	3.677562E-9	2.971367E-9	2.449900E-9	1.678450E-9	4.044711E-9	1.602482E-9	6.056062E-9	3.724670E-9	3.121501E-9	-2.515851E-11	2.099955E-9	1.716135E-9	1.681683E-9	1.592090E-9	1.516850E-9	3.152336E-9	2.116302E-9	1.824636E-9	1.804343E-9	1.521723E-9	1.469952E-9	1.442456E-9	1.544718E-9
   0:17:22	0	2.728000E+1	4.390000E+2	3.448600E-6	3.630020E-6	8.777617E-9	4.961837E-9	3.451036E-9	2.771639E-9	2.356605E-9	2.168427E-9	2.419076E-9	3.119647E-9	3.529385E-6	5.554303E-9	4.254778E-9	3.163487E-9	2.394128E-9	5.066947E-9	1.931779E-9	7.365985E-9	6.036800E-9	4.436831E-9	-2.515851E-11	2.676629E-9	2.176746E-9	2.065931E-9	1.876473E-9	1.800048E-9	5.157273E-9	2.888760E-9	2.304493E-9	2.006847E-9	1.831052E-9	1.761341E-9	1.749800E-9	2.133420E-9
   0:17:35	0	2.728100E+1	4.400000E+2	3.755600E-6	3.853004E-6	1.032943E-7	1.457654E-8	6.535443E-9	4.410625E-9	3.414587E-9	2.815820E-9	3.278053E-9	4.115116E-9	3.571110E-6	1.388890E-8	7.978544E-9	4.963005E-9	3.407498E-9	7.136624E-9	2.514572E-9	9.694794E-9	2.558514E-8	9.156839E-9	-6.264767E-12	3.898956E-9	3.091592E-9	2.758751E-9	2.463993E-9	2.272045E-9	1.982212E-8	5.199787E-9	3.478819E-9	2.931208E-9	2.437249E-9	2.299907E-9	2.232698E-9	2.247363E-9
   0:18:00	1	2.726700E+1	0.000000E+0	2.381300E-9	2.620291E-9	8.830580E-11	9.456237E-11	9.480045E-11	7.592984E-11	9.501632E-11	8.166830E-11	8.206848E-11	1.014088E-10	1.013687E-10	7.581985E-11	8.853515E-11	8.842570E-11	9.499715E-11	8.199008E-11	1.012989E-10	8.862042E-11	6.970693E-11	4.401658E-11	-1.889374E-11	4.384185E-11	8.198158E-11	7.557677E-11	8.209321E-11	9.439943E-11	9.456312E-11	1.004363E-10	9.469565E-11	7.596392E-11	8.204247E-11	8.872727E-11	9.406462E-11	8.225838E-11
   0:18:13	1	2.726500E+1	0.000000E+0	2.890300E-9	2.715348E-9	1.008498E-10	8.829139E-11	8.851368E-11	1.012065E-10	8.871524E-11	8.801917E-11	8.845048E-11	8.879528E-11	1.013687E-10	9.477482E-11	1.011117E-10	8.204549E-11	8.869734E-11	8.836598E-11	8.229909E-11	9.491477E-11	7.600756E-11	5.037563E-11	-2.515851E-11	6.264536E-11	8.835682E-11	9.447096E-11	8.847713E-11	9.439943E-11	8.829209E-11	8.794377E-11	9.469565E-11	9.495490E-11	8.842244E-11	8.232530E-11	9.406462E-11	8.865514E-11
   0:18:26	1	2.726300E+1	1.000000E+1	4.993700E-9	4.671541E-9	1.513245E-10	1.386583E-10	1.516807E-10	1.518597E-10	1.520261E-10	1.570849E-10	1.515724E-10	1.584700E-10	1.457988E-10	1.453546E-10	1.580058E-10	1.515300E-10	1.392958E-10	1.766323E-10	1.582983E-10	1.708466E-10	1.457145E-10	1.258894E-10	-1.262897E-11	1.566629E-10	1.514119E-10	1.574185E-10	1.579022E-10	1.510391E-10	1.386594E-10	1.507041E-10	1.452332E-10	1.519278E-10	1.388641E-10	1.393428E-10	1.567414E-10	1.582199E-10
   0:18:40	1	2.726200E+1	2.000000E+1	5.592600E-9	5.227622E-9	1.891556E-10	1.512998E-10	1.516807E-10	1.581539E-10	1.583272E-10	1.570849E-10	1.642367E-10	1.648769E-10	1.648116E-10	2.022195E-10	1.706822E-10	1.957927E-10	1.582953E-10	1.956604E-10	1.646982E-10	1.898295E-10	1.837183E-10	1.825247E-10	-1.262897E-11	1.566629E-10	1.576875E-10	1.637828E-10	1.705703E-10	1.636588E-10	1.764846E-10	1.632958E-10	1.704522E-10	1.582248E-10	1.578047E-10	1.583487E-10	1.693163E-10	1.709135E-10
   0:18:53	1	2.726100E+1	3.000000E+1	5.810800E-9	5.360146E-9	1.955272E-10	1.512998E-10	1.579675E-10	1.645480E-10	1.457250E-10	1.696875E-10	1.705190E-10	1.711837E-10	1.584073E-10	2.085046E-10	1.706822E-10	1.957927E-10	1.709949E-10	1.892845E-10	1.772980E-10	2.025181E-10	1.964195E-10	2.014032E-10	-3.152272E-11	1.818002E-10	1.640628E-10	1.763126E-10	1.768545E-10	1.699190E-10	1.828552E-10	1.569504E-10	1.641724E-10	1.646218E-10	1.452441E-10	1.583487E-10	1.755543E-10	1.772103E-10
   0:19:07	1	2.726100E+1	4.000000E+1	6.059700E-9	5.587168E-9	2.080712E-10	1.575708E-10	1.643540E-10	1.581539E-10	1.710294E-10	1.822900E-10	1.768012E-10	1.711837E-10	1.711159E-10	2.085046E-10	1.769705E-10	2.020732E-10	1.709949E-10	2.082130E-10	1.772980E-10	2.025181E-10	2.090208E-10	2.076629E-10	-1.889374E-11	1.880350E-10	1.640628E-10	1.826770E-10	1.768545E-10	1.761791E-10	2.017678E-10	1.695421E-10	1.767320E-10	1.582248E-10	1.641846E-10	1.710526E-10	1.693163E-10	1.836071E-10
   0:19:20	1	2.726000E+1	5.000000E+1	6.433400E-9	5.871784E-9	2.144427E-10	1.702123E-10	1.643540E-10	1.708421E-10	1.710294E-10	1.885416E-10	1.894655E-10	1.838973E-10	1.774202E-10	2.211745E-10	1.896469E-10	2.083537E-10	1.836945E-10	2.145889E-10	1.836980E-10	2.277954E-10	2.154214E-10	2.329004E-10	-1.889374E-11	2.006037E-10	1.703384E-10	1.889419E-10	1.895226E-10	1.825387E-10	1.954968E-10	1.821338E-10	1.831115E-10	1.772158E-10	1.767452E-10	1.710526E-10	1.818913E-10	1.836071E-10
   0:19:34	1	2.726000E+1	6.000000E+1	6.955800E-9	6.307109E-9	2.333583E-10	1.891247E-10	1.706408E-10	1.898246E-10	1.837316E-10	2.073958E-10	2.084121E-10	1.966110E-10	1.774202E-10	2.401295E-10	2.023233E-10	2.272949E-10	1.963941E-10	2.271414E-10	1.963978E-10	2.404840E-10	2.344233E-10	2.580385E-10	-1.262897E-11	2.256420E-10	1.829893E-10	2.078361E-10	2.084749E-10	1.887989E-10	2.080389E-10	2.009718E-10	1.893913E-10	1.709188E-10	1.767452E-10	1.900584E-10	1.881292E-10	2.025975E-10
   0:19:47	1	2.725900E+1	7.000000E+1	7.111500E-9	6.471348E-9	2.459023E-10	1.764832E-10	1.896009E-10	1.898246E-10	1.837316E-10	2.137467E-10	2.084121E-10	2.029177E-10	1.901288E-10	2.464145E-10	2.086116E-10	2.462362E-10	1.899943E-10	2.460699E-10	2.026978E-10	2.404840E-10	2.470246E-10	2.642982E-10	-1.889374E-11	2.256420E-10	1.956401E-10	2.078361E-10	2.148588E-10	1.951584E-10	2.206805E-10	2.009718E-10	2.020506E-10	1.899098E-10	1.831252E-10	1.837565E-10	1.881292E-10	1.899039E-10
   0:20:01	1	2.725900E+1	8.000000E+1	7.322800E-9	6.566313E-9	2.333583E-10	1.891247E-10	1.896009E-10	1.962187E-10	1.964337E-10	2.199983E-10	2.147941E-10	2.092245E-10	1.901288E-10	2.464145E-10	2.086116E-10	2.336751E-10	1.899943E-10	2.397936E-10	2.026978E-10	2.404840E-10	2.534252E-10	2.706572E-10	-1.262897E-11	2.444455E-10	1.892649E-10	2.142005E-10	2.211429E-10	1.951584E-10	2.395931E-10	2.135636E-10	1.957708E-10	1.836128E-10	1.831252E-10	1.900584E-10	1.944662E-10	1.899039E-10
   0:20:14	1	2.725900E+1	9.000000E+1	7.506600E-9	6.742948E-9	2.459023E-10	1.891247E-10	1.896009E-10	1.898246E-10	1.900326E-10	2.137467E-10	2.147941E-10	2.092245E-10	1.901288E-10	2.527993E-10	2.212880E-10	2.462362E-10	2.026939E-10	2.460699E-10	2.153976E-10	2.467784E-10	2.534252E-10	2.831766E-10	-1.889374E-11	2.570142E-10	2.019158E-10	2.142005E-10	2.274271E-10	2.076787E-10	2.333221E-10	2.072181E-10	2.083304E-10	2.026038E-10	2.020657E-10	1.964604E-10	1.944662E-10	2.088943E-10
   0:20:28	1	2.725900E+1	1.000000E+2	7.675100E-9	6.907199E-9	2.585459E-10	1.954952E-10	1.896009E-10	2.025129E-10	2.027348E-10	2.199983E-10	2.210763E-10	2.156314E-10	2.028374E-10	2.653695E-10	2.275763E-10	2.526164E-10	2.153935E-10	2.524458E-10	2.089977E-10	2.531727E-10	2.597258E-10	2.957954E-10	-6.264767E-12	2.632490E-10	2.145666E-10	2.267303E-10	2.274271E-10	2.076787E-10	2.333221E-10	2.072181E-10	2.083304E-10	1.963068E-10	1.894055E-10	1.964604E-10	2.069422E-10	1.963007E-10
   0:20:42	1	2.725900E+1	1.200000E+2	8.212000E-9	7.172360E-9	2.648179E-10	2.017662E-10	1.959874E-10	2.025129E-10	2.027348E-10	2.326008E-10	2.337406E-10	2.282449E-10	2.155460E-10	2.780394E-10	2.402526E-10	2.715576E-10	2.153935E-10	2.649983E-10	2.153976E-10	2.594670E-10	2.660264E-10	3.146738E-10	-1.889374E-11	2.758177E-10	2.081914E-10	2.204654E-10	2.211429E-10	2.140383E-10	2.458641E-10	2.324016E-10	2.209897E-10	2.026038E-10	2.083460E-10	2.090642E-10	2.132792E-10	2.152911E-10
   0:20:55	1	2.725900E+1	1.400000E+2	8.817100E-9	7.664908E-9	2.774614E-10	2.080372E-10	2.149475E-10	2.152012E-10	2.217381E-10	2.514550E-10	2.337406E-10	2.409585E-10	2.281546E-10	2.907093E-10	2.529290E-10	2.778381E-10	2.279932E-10	2.903027E-10	2.343974E-10	2.911386E-10	2.850283E-10	3.335523E-10	-1.889374E-11	3.071899E-10	2.271179E-10	2.393596E-10	2.527633E-10	2.329182E-10	2.647767E-10	2.448942E-10	2.336491E-10	2.278918E-10	2.147260E-10	2.217681E-10	2.132792E-10	2.278847E-10
   0:21:09	1	2.725900E+1	1.600000E+2	9.426000E-9	8.390556E-9	3.026490E-10	2.333202E-10	2.401944E-10	2.404778E-10	2.534435E-10	2.577066E-10	2.652517E-10	2.599790E-10	2.471674E-10	3.159493E-10	2.718937E-10	3.030599E-10	2.469926E-10	3.028552E-10	2.596971E-10	3.227102E-10	3.167315E-10	3.775688E-10	-1.889374E-11	3.384631E-10	2.397687E-10	2.771480E-10	2.717155E-10	2.517981E-10	2.900599E-10	2.574859E-10	2.651478E-10	2.342887E-10	2.399468E-10	2.407740E-10	2.383300E-10	2.468751E-10
   0:21:23	1	2.725900E+1	1.800000E+2	1.049400E-8	9.457278E-9	3.404801E-10	2.647746E-10	2.654412E-10	2.721485E-10	2.787479E-10	3.016666E-10	2.905803E-10	3.043265E-10	2.851932E-10	3.538592E-10	3.161114E-10	3.409424E-10	2.786916E-10	3.344358E-10	2.913968E-10	3.480874E-10	3.420340E-10	4.090660E-10	-1.889374E-11	3.824039E-10	2.776217E-10	3.023071E-10	3.096201E-10	2.831983E-10	3.278852E-10	3.014082E-10	2.904664E-10	2.658737E-10	2.841082E-10	2.724837E-10	2.759559E-10	2.848559E-10
   0:21:37	1	2.725900E+1	2.000000E+2	1.210700E-8	1.072000E-8	3.846828E-10	3.025996E-10	3.033614E-10	2.974252E-10	3.104533E-10	3.331233E-10	3.284734E-10	3.423674E-10	3.232189E-10	3.980542E-10	3.603291E-10	3.725444E-10	3.293901E-10	3.849449E-10	3.166965E-10	4.050363E-10	3.927390E-10	4.594417E-10	-1.262897E-11	4.324806E-10	3.154747E-10	3.400955E-10	3.411407E-10	3.084377E-10	3.782525E-10	3.328379E-10	3.346245E-10	3.165496E-10	3.157090E-10	3.167974E-10	3.198197E-10	3.355302E-10
   0:21:50	1	2.725900E+1	2.200000E+2	1.398100E-8	1.239940E-8	4.414295E-10	3.593370E-10	3.602417E-10	3.733550E-10	3.674631E-10	3.834341E-10	3.853130E-10	3.868151E-10	3.676490E-10	4.675890E-10	4.109348E-10	4.420288E-10	3.736888E-10	4.417303E-10	3.799958E-10	4.555909E-10	4.560453E-10	5.285964E-10	-1.889374E-11	4.764214E-10	3.722542E-10	4.031424E-10	3.854291E-10	3.839573E-10	4.160777E-10	3.893520E-10	3.787826E-10	3.608286E-10	3.598704E-10	3.611110E-10	3.700205E-10	3.798078E-10
   0:22:04	1	2.726000E+1	2.400000E+2	1.628300E-8	1.453968E-8	5.170917E-10	4.224449E-10	4.235085E-10	4.303024E-10	4.244729E-10	4.524999E-10	4.610992E-10	4.628967E-10	4.372962E-10	5.434089E-10	4.741172E-10	5.051331E-10	4.369869E-10	5.174441E-10	4.559950E-10	5.315227E-10	5.194516E-10	6.167289E-10	-1.889374E-11	5.642041E-10	4.416845E-10	4.534606E-10	4.612381E-10	4.531173E-10	4.917282E-10	4.584577E-10	4.482593E-10	4.241985E-10	4.293523E-10	4.308324E-10	4.264593E-10	4.431758E-10
   0:22:18	1	2.726000E+1	2.600000E+2	1.941300E-8	1.753229E-8	6.179415E-10	5.295492E-10	5.119224E-10	5.125264E-10	5.257903E-10	5.405191E-10	5.494500E-10	5.707124E-10	5.513735E-10	6.381837E-10	5.880051E-10	5.998393E-10	5.383838E-10	6.120863E-10	5.446940E-10	6.328317E-10	6.334630E-10	7.111211E-10	-1.262897E-11	6.582216E-10	5.299417E-10	5.479316E-10	5.496155E-10	5.349964E-10	5.926619E-10	5.463023E-10	5.429549E-10	5.191534E-10	5.240550E-10	5.258616E-10	5.330989E-10	5.317309E-10
   0:22:32	1	2.726000E+1	2.800000E+2	2.379500E-8	2.154193E-8	7.440784E-10	6.556656E-10	6.383563E-10	6.517977E-10	6.525121E-10	6.724982E-10	6.757936E-10	6.784280E-10	7.098809E-10	7.772532E-10	7.080816E-10	7.324280E-10	6.586802E-10	7.508617E-10	6.586928E-10	7.657124E-10	7.664762E-10	8.685077E-10	-1.889374E-11	7.835123E-10	6.498759E-10	6.739260E-10	6.886653E-10	6.608954E-10	7.439629E-10	6.782676E-10	6.755289E-10	6.457932E-10	6.503585E-10	6.335947E-10	6.459764E-10	6.647636E-10
   0:22:45	1	2.726000E+1	3.000000E+2	2.982300E-8	2.731319E-8	9.332340E-10	8.385193E-10	8.216704E-10	8.226399E-10	8.235415E-10	8.359341E-10	8.526945E-10	8.750389E-10	9.634526E-10	9.730879E-10	9.040167E-10	9.345012E-10	8.423747E-10	9.338700E-10	8.550906E-10	9.682305E-10	9.564951E-10	1.057292E-9	-1.889374E-11	9.716463E-10	8.328652E-10	8.503381E-10	8.529514E-10	8.433347E-10	9.268181E-10	8.728940E-10	8.459810E-10	8.230091E-10	8.271037E-10	8.236531E-10	8.215307E-10	8.482708E-10
   0:22:59	1	2.726000E+1	3.200000E+2	3.823000E-8	3.556592E-8	1.216967E-9	1.090752E-9	1.093498E-9	1.075806E-9	1.083286E-9	1.106243E-9	1.105282E-9	1.122304E-9	1.381736E-9	1.244842E-9	1.163234E-9	1.180737E-9	1.102067E-9	1.198868E-9	1.095788E-9	1.246680E-9	1.235223E-9	1.327949E-9	-1.262897E-11	1.241130E-9	1.085185E-9	1.108592E-9	1.105615E-9	1.088873E-9	1.191595E-9	1.130380E-9	1.111229E-9	1.088883E-9	1.085991E-9	1.070729E-9	1.091249E-9	1.107839E-9
   0:23:13	1	2.726100E+1	3.400000E+2	5.154900E-8	4.861749E-8	1.658397E-9	1.513097E-9	1.478987E-9	1.474438E-9	1.476054E-9	1.508432E-9	1.503259E-9	1.534446E-9	2.034578E-9	1.731386E-9	1.586845E-9	1.610105E-9	1.488455E-9	1.640599E-9	1.482084E-9	1.683288E-9	1.722971E-9	1.793651E-9	-1.262897E-11	1.654807E-9	1.476366E-9	1.499105E-9	1.497328E-9	1.466470E-9	1.645498E-9	1.551162E-9	1.521610E-9	1.475099E-9	1.477462E-9	1.469952E-9	1.473844E-9	1.500341E-9
   0:23:27	1	2.726100E+1	3.600000E+2	7.182800E-8	6.895789E-8	2.326813E-9	2.156221E-9	2.111056E-9	2.113547E-9	2.090559E-9	2.111865E-9	2.122213E-9	2.143200E-9	3.409910E-9	2.439105E-9	2.238033E-9	2.247927E-9	2.115437E-9	2.277890E-9	2.071177E-9	2.347792E-9	2.426141E-9	2.485893E-9	-1.889374E-11	2.275422E-9	2.075738E-9	2.103719E-9	2.097616E-9	2.070627E-9	2.307539E-9	2.179161E-9	2.152980E-9	2.089208E-9	2.102600E-9	2.078139E-9	2.088433E-9	2.120827E-9
   0:23:40	1	2.726200E+1	3.620000E+2	7.472400E-8	7.158466E-8	2.434034E-9	2.231871E-9	2.212243E-9	2.176889E-9	2.172873E-9	2.187281E-9	2.204282E-9	2.225588E-9	3.562013E-9	2.527594E-9	2.301215E-9	2.336253E-9	2.185134E-9	2.366256E-9	2.166176E-9	2.436312E-9	2.508449E-9	2.561407E-9	-1.889374E-11	2.356871E-9	2.157819E-9	2.185660E-9	2.173425E-9	2.146246E-9	2.408373E-9	2.273351E-9	2.228737E-9	2.190460E-9	2.165702E-9	2.160564E-9	2.163684E-9	2.196788E-9
   0:23:53	1	2.726200E+1	3.640000E+2	7.716800E-8	7.446431E-8	2.528612E-9	2.313792E-9	2.307044E-9	2.271801E-9	2.261589E-9	2.268950E-9	2.292732E-9	2.307976E-9	3.752242E-9	2.622369E-9	2.396039E-9	2.424679E-9	2.286431E-9	2.460898E-9	2.235875E-9	2.531327E-9	2.616160E-9	2.668418E-9	-1.889374E-11	2.438419E-9	2.246176E-9	2.261237E-9	2.255518E-9	2.240645E-9	2.496665E-9	2.367542E-9	2.323432E-9	2.272820E-9	2.260405E-9	2.249191E-9	2.245174E-9	2.279047E-9
   0:24:06	1	2.726200E+1	3.660000E+2	8.035600E-8	7.739427E-8	2.616918E-9	2.433637E-9	2.389171E-9	2.347731E-9	2.356605E-9	2.369571E-9	2.374801E-9	2.390465E-9	3.929662E-9	2.717144E-9	2.490962E-9	2.513104E-9	2.375129E-9	2.542988E-9	2.337174E-9	2.619847E-9	2.711169E-9	2.769070E-9	-6.264767E-12	2.526201E-9	2.334433E-9	2.355708E-9	2.350280E-9	2.328685E-9	2.603870E-9	2.461732E-9	2.405469E-9	2.367775E-9	2.342547E-9	2.344220E-9	2.326763E-9	2.367702E-9
   0:24:20	1	2.726200E+1	3.680000E+2	8.350200E-8	8.046279E-8	2.724040E-9	2.515558E-9	2.477684E-9	2.455231E-9	2.451621E-9	2.463842E-9	2.463251E-9	2.498281E-9	4.138804E-9	2.818204E-9	2.604750E-9	2.614091E-9	2.470126E-9	2.643906E-9	2.425873E-9	2.733745E-9	2.806179E-9	2.857202E-9	-2.515851E-11	2.613885E-9	2.429066E-9	2.456444E-9	2.432373E-9	2.416824E-9	2.698433E-9	2.555922E-9	2.512824E-9	2.450036E-9	2.456190E-9	2.420244E-9	2.427065E-9	2.456257E-9
   0:24:33	1	2.726200E+1	3.700000E+2	8.699400E-8	8.397383E-8	2.843905E-9	2.629033E-9	2.585158E-9	2.556538E-9	2.546638E-9	2.564365E-9	2.570648E-9	2.593383E-9	4.386071E-9	2.950889E-9	2.712150E-9	2.727739E-9	2.571523E-9	2.763753E-9	2.527172E-9	2.828660E-9	2.932892E-9	2.976733E-9	-1.262897E-11	2.739275E-9	2.523798E-9	2.557279E-9	2.546186E-9	2.504963E-9	2.818180E-9	2.668950E-9	2.613799E-9	2.557685E-9	2.538232E-9	2.540681E-9	2.546280E-9	2.563903E-9
   0:24:46	1	2.726200E+1	3.720000E+2	9.031300E-8	8.734612E-8	2.951126E-9	2.742508E-9	2.692532E-9	2.670433E-9	2.648055E-9	2.671238E-9	2.671663E-9	2.701098E-9	4.595213E-9	3.064618E-9	2.813362E-9	2.835106E-9	2.685519E-9	2.871047E-9	2.628571E-9	2.948952E-9	3.046903E-9	3.090003E-9	-1.262897E-11	2.839626E-9	2.630981E-9	2.651750E-9	2.647232E-9	2.611983E-9	2.925385E-9	2.775731E-9	2.702215E-9	2.665334E-9	2.645595E-9	2.635710E-9	2.634007E-9	2.665251E-9
   0:24:59	1	2.726300E+1	3.740000E+2	9.360000E-8	9.125514E-8	3.077164E-9	2.862353E-9	2.825253E-9	2.784327E-9	2.762075E-9	2.790615E-9	2.785343E-9	2.821628E-9	4.893115E-9	3.184733E-9	2.946114E-9	2.961414E-9	2.799516E-9	2.997270E-9	2.755170E-9	3.062850E-9	3.186217E-9	3.209633E-9	-1.889374E-11	2.952447E-9	2.744540E-9	2.765115E-9	2.754661E-9	2.725262E-9	3.057773E-9	2.895006E-9	2.841168E-9	2.791874E-9	2.765519E-9	2.749745E-9	2.740647E-9	2.785491E-9
   0:25:13	1	2.726300E+1	3.760000E+2	9.810000E-8	9.525272E-8	3.215944E-9	2.988469E-9	2.945400E-9	2.910910E-9	2.895097E-9	2.903839E-9	2.905404E-9	2.929443E-9	5.172004E-9	3.323703E-9	3.072579E-9	3.081342E-9	2.919812E-9	3.110841E-9	2.869268E-9	3.195730E-9	3.312929E-9	3.335523E-9	-1.262897E-11	3.071503E-9	2.858199E-9	2.884745E-9	2.874659E-9	2.838541E-9	3.190161E-9	3.033217E-9	2.961083E-9	2.918514E-9	2.885542E-9	2.876484E-9	2.872337E-9	2.912126E-9
   0:25:26	1	2.726300E+1	3.780000E+2	1.025700E-7	9.976130E-8	3.373541E-9	3.139769E-9	3.084407E-9	3.043788E-9	3.034421E-9	3.042070E-9	3.044312E-9	3.062586E-9	5.552261E-9	3.456388E-9	3.230585E-9	3.226591E-9	3.052808E-9	3.249716E-9	2.995867E-9	3.341300E-9	3.458644E-9	3.480191E-9	-1.889374E-11	3.215696E-9	2.996960E-9	3.017005E-9	3.019993E-9	2.964440E-9	3.341562E-9	3.158738E-9	3.093657E-9	3.032460E-9	3.018126E-9	3.009525E-9	3.004028E-9	3.038762E-9
   0:25:39	1	2.726400E+1	3.800000E+2	1.073600E-7	1.045546E-7	3.518593E-9	3.291069E-9	3.236188E-9	3.189353E-9	3.173845E-9	3.180300E-9	3.195884E-9	3.208343E-9	5.964240E-9	3.620697E-9	3.363337E-9	3.378121E-9	3.192204E-9	3.401144E-9	3.128866E-9	3.486869E-9	3.617060E-9	3.637578E-9	-1.262897E-11	3.353555E-9	3.154647E-9	3.155628E-9	3.139990E-9	3.102860E-9	3.499134E-9	3.315788E-9	3.251550E-9	3.197081E-9	3.156990E-9	3.142566E-9	3.135718E-9	3.177992E-9
   0:25:52	1	2.726400E+1	3.820000E+2	1.128900E-7	1.104316E-7	3.669917E-9	3.448640E-9	3.381482E-9	3.341213E-9	3.319570E-9	3.318630E-9	3.322228E-9	3.360606E-9	7.339572E-9	3.785007E-9	3.521443E-9	3.523371E-9	3.344200E-9	3.552571E-9	3.280964E-9	3.651421E-9	3.775375E-9	3.794865E-9	-1.889374E-11	3.497749E-9	3.280857E-9	3.294153E-9	3.291708E-9	3.260258E-9	3.656806E-9	3.472738E-9	3.403063E-9	3.330018E-9	3.308614E-9	3.294612E-9	3.292559E-9	3.336312E-9
   0:26:06	1	2.726400E+1	3.840000E+2	1.189100E-7	1.171231E-7	3.871717E-9	3.625222E-9	3.558509E-9	3.499367E-9	3.490600E-9	3.500920E-9	3.486465E-9	3.525383E-9	8.879815E-9	3.974556E-9	3.692125E-9	3.700222E-9	3.521494E-9	3.729204E-9	3.451962E-9	3.822268E-9	3.959094E-9	3.977390E-9	-1.889374E-11	3.660745E-9	3.444920E-9	3.464200E-9	3.443326E-9	3.411297E-9	3.845932E-9	3.654872E-9	3.567135E-9	3.500937E-9	3.479079E-9	3.459363E-9	3.443062E-9	3.500829E-9
   0:26:19	1	2.726400E+1	3.860000E+2	1.266500E-7	1.244227E-7	4.060872E-9	3.801706E-9	3.741823E-9	3.689291E-9	3.655328E-9	3.664356E-9	3.669648E-9	3.696667E-9	1.088898E-8	4.157821E-9	3.881772E-9	3.876974E-9	3.679890E-9	3.905936E-9	3.597560E-9	3.993114E-9	4.168114E-9	4.159914E-9	-1.262897E-11	3.848780E-9	3.621634E-9	3.640613E-9	3.607612E-9	3.574857E-9	4.035058E-9	3.830759E-9	3.750247E-9	3.678253E-9	3.643264E-9	3.624114E-9	3.624953E-9	3.665445E-9
   0:26:32	1	2.726400E+1	3.880000E+2	1.354400E-7	1.359982E-7	4.275315E-9	4.016113E-9	3.937711E-9	3.879116E-9	3.851662E-9	3.852898E-9	3.859113E-9	3.886871E-9	1.656802E-8	4.372710E-9	4.090384E-9	4.079047E-9	3.876184E-9	4.095220E-9	3.787658E-9	4.201927E-9	4.370834E-9	4.367577E-9	-1.889374E-11	4.036815E-9	3.810898E-9	3.823290E-9	3.797135E-9	3.763755E-9	4.249368E-9	4.025386E-9	3.946017E-9	3.868163E-9	3.832669E-9	3.826876E-9	3.819321E-9	3.849052E-9
   0:26:45	1	2.726500E+1	3.900000E+2	1.485100E-7	1.457218E-7	4.502302E-9	4.236792E-9	4.152659E-9	4.094217E-9	4.048095E-9	4.047691E-9	4.061243E-9	4.083381E-9	2.015545E-8	4.593785E-9	4.292707E-9	4.281120E-9	4.078878E-9	4.309709E-9	3.990356E-9	4.410739E-9	4.592557E-9	4.587859E-9	-1.889374E-11	4.243654E-9	3.993888E-9	4.018496E-9	3.986658E-9	3.946194E-9	4.476419E-9	4.245196E-9	4.141689E-9	4.070766E-9	4.034735E-9	4.004231E-9	4.007549E-9	4.051650E-9
   0:26:59	1	2.726500E+1	3.920000E+2	1.593800E-7	1.562158E-7	4.741932E-9	4.470013E-9	4.380180E-9	4.315712E-9	4.276135E-9	4.273941E-9	4.275938E-9	4.299013E-9	2.373648E-8	4.846585E-9	4.545636E-9	4.514695E-9	4.300571E-9	4.536950E-9	4.218354E-9	4.651223E-9	4.839581E-9	4.820759E-9	-1.262897E-11	4.456826E-9	4.227281E-9	4.238962E-9	4.214085E-9	4.153972E-9	4.715912E-9	4.483843E-9	4.387997E-9	4.298658E-9	4.255642E-9	4.245004E-9	4.226967E-9	4.279535E-9
   0:27:12	1	2.726500E+1	3.940000E+2	1.718200E-7	1.696808E-7	5.019393E-9	4.734887E-9	4.626661E-9	4.568878E-9	4.516876E-9	4.512794E-9	4.509678E-9	4.552585E-9	2.987824E-8	5.118339E-9	4.798465E-9	4.773592E-9	4.547564E-9	4.776744E-9	4.452651E-9	4.904396E-9	5.092906E-9	5.078698E-9	-1.889374E-11	4.707606E-9	4.454399E-9	4.465692E-9	4.428943E-9	4.393151E-9	4.980789E-9	4.728738E-9	4.627826E-9	4.526550E-9	4.495588E-9	4.473075E-9	4.452821E-9	4.501122E-9
   0:27:25	1	2.726600E+1	3.960000E+2	1.875600E-7	1.870463E-7	5.340958E-9	5.024845E-9	4.917449E-9	4.828339E-9	4.795624E-9	4.776851E-9	4.768648E-9	4.799950E-9	3.905586E-8	5.402663E-9	5.063971E-9	5.057711E-9	4.807256E-9	5.066947E-9	4.693348E-9	5.176452E-9	5.397036E-9	5.368234E-9	-2.515851E-11	4.970855E-9	4.713094E-9	4.723946E-9	4.694275E-9	4.663729E-9	5.289662E-9	5.017653E-9	4.893074E-9	4.798821E-9	4.760856E-9	4.726552E-9	4.722440E-9	4.754394E-9
   0:27:38	1	2.726600E+1	3.980000E+2	2.083800E-7	2.081553E-7	5.637335E-9	5.327445E-9	5.208137E-9	5.125764E-9	5.061670E-9	5.053313E-9	5.052846E-9	5.097870E-9	5.139001E-8	5.750138E-9	5.386470E-9	5.329269E-9	5.111247E-9	5.338321E-9	4.959345E-9	5.473884E-9	5.713768E-9	5.689167E-9	-2.515851E-11	5.259142E-9	5.009643E-9	5.001094E-9	4.984843E-9	4.909168E-9	5.617547E-9	5.306470E-9	5.183440E-9	5.089982E-9	5.057524E-9	5.011640E-9	4.992158E-9	5.051844E-9
   0:27:52	1	2.726600E+1	4.000000E+2	2.324100E-7	2.317697E-7	6.022018E-9	5.680511E-9	5.549518E-9	5.461054E-9	5.391026E-9	5.386436E-9	5.362373E-9	5.395890E-9	6.505507E-8	6.103997E-9	5.734123E-9	5.676591E-9	5.421637E-9	5.672757E-9	5.288742E-9	5.809283E-9	6.074804E-9	6.035338E-9	-6.264767E-12	5.578900E-9	5.331393E-9	5.303401E-9	5.281795E-9	5.223866E-9	5.957974E-9	5.670737E-9	5.524444E-9	5.419226E-9	5.354293E-9	5.328437E-9	5.311978E-9	5.368384E-9
   0:28:05	1	2.726700E+1	4.020000E+2	2.597700E-7	2.588935E-7	6.400329E-9	6.065131E-9	5.916047E-9	5.821821E-9	5.726784E-9	5.713308E-9	5.690746E-9	5.744664E-9	8.164210E-8	6.495766E-9	6.100840E-9	6.036475E-9	5.770027E-9	6.038674E-9	5.605438E-9	6.157371E-9	6.461242E-9	6.406648E-9	-1.889374E-11	5.923598E-9	5.665794E-9	5.643596E-9	5.616652E-9	5.557444E-9	6.367781E-9	6.022413E-9	5.858969E-9	5.767460E-9	5.695322E-9	5.664241E-9	5.631797E-9	5.703914E-9
   0:28:18	1	2.726800E+1	4.040000E+2	2.947000E-7	2.960248E-7	6.866946E-9	6.500117E-9	6.333268E-9	6.233141E-9	6.138555E-9	6.096742E-9	6.082342E-9	6.106052E-9	1.065639E-7	6.950785E-9	6.530740E-9	6.446902E-9	6.181715E-9	6.417342E-9	5.998134E-9	6.562307E-9	6.910987E-9	6.834592E-9	-1.262897E-11	6.337374E-9	6.063350E-9	6.034109E-9	5.983128E-9	5.916261E-9	6.815413E-9	6.462033E-9	6.282010E-9	6.166271E-9	6.086794E-9	6.044357E-9	6.020631E-9	6.071128E-9
   0:28:31	1	2.726800E+1	4.060000E+2	3.334000E-7	3.331633E-7	7.377766E-9	6.991941E-9	6.813557E-9	6.676131E-9	6.563028E-9	6.536639E-9	6.511830E-9	6.537214E-9	1.302053E-7	7.437329E-9	7.011245E-9	6.907872E-9	6.612402E-9	6.877902E-9	6.422529E-9	7.011604E-9	7.405036E-9	7.319172E-9	-1.889374E-11	6.782424E-9	6.486008E-9	6.456046E-9	6.412746E-9	6.325358E-9	7.319783E-9	6.920392E-9	6.730269E-9	6.603064E-9	6.516146E-9	6.475190E-9	6.434614E-9	6.501610E-9
   0:28:45	1	2.726900E+1	4.080000E+2	3.936900E-7	4.006884E-7	7.932589E-9	7.521491E-9	7.325580E-9	7.169675E-9	7.057212E-9	7.008092E-9	6.972929E-9	7.006418E-9	1.829516E-7	7.987023E-9	7.523292E-9	7.413005E-9	7.106387E-9	7.376417E-9	6.878524E-9	7.517949E-9	7.962491E-9	7.841509E-9	-1.262897E-11	7.258746E-9	6.946619E-9	6.915871E-9	6.861316E-9	6.784736E-9	7.868348E-9	7.441709E-9	7.210127E-9	7.065244E-9	6.983379E-9	6.937732E-9	6.904937E-9	6.970073E-9
   0:28:58	1	2.726900E+1	4.100000E+2	4.515200E-7	4.890190E-7	8.594733E-9	8.164614E-9	7.907056E-9	7.745543E-9	7.627310E-9	7.567466E-9	7.509815E-9	7.539089E-9	2.541043E-7	8.631591E-9	8.130261E-9	8.000183E-9	7.651070E-9	7.931718E-9	7.404219E-9	8.074749E-9	8.589654E-9	8.470856E-9	-1.262897E-11	7.822950E-9	7.495587E-9	7.451273E-9	7.385695E-9	7.294592E-9	8.524019E-9	8.031933E-9	7.797339E-9	7.635073E-9	7.526375E-9	7.482599E-9	7.425461E-9	7.514498E-9
   0:29:11	1	2.727000E+1	4.110000E+2	5.234000E-7	5.356883E-7	8.935213E-9	8.473485E-9	8.229377E-9	8.055557E-9	7.925062E-9	7.844026E-9	7.787731E-9	7.843416E-9	2.915756E-7	8.960211E-9	8.458949E-9	8.309624E-9	7.948762E-9	8.234573E-9	7.689215E-9	8.365887E-9	8.931688E-9	8.791790E-9	-1.262897E-11	8.130140E-9	7.792135E-9	7.753580E-9	7.669979E-9	7.590410E-9	8.858175E-9	8.352279E-9	8.119305E-9	7.951623E-9	7.835803E-9	7.767687E-9	7.720230E-9	7.799453E-9
   0:29:24	1	2.727100E+1	4.120000E+2	6.047300E-7	6.306778E-7	9.319896E-9	8.845463E-9	8.589719E-9	8.384653E-9	8.248117E-9	8.164547E-9	8.103540E-9	8.141436E-9	3.767481E-7	9.339310E-9	8.800414E-9	8.644285E-9	8.278152E-9	8.556457E-9	7.999612E-9	8.676009E-9	9.311726E-9	9.137961E-9	-1.262897E-11	8.449800E-9	8.094959E-9	8.055887E-9	7.966931E-9	7.879868E-9	9.217515E-9	8.703955E-9	8.434990E-9	8.255479E-9	8.145132E-9	8.071880E-9	8.014999E-9	8.109597E-9
   0:29:38	1	2.727200E+1	4.130000E+2	6.958600E-7	6.854681E-7	9.729766E-9	9.223812E-9	8.949960E-9	8.732731E-9	8.583875E-9	8.504021E-9	8.431914E-9	8.452169E-9	4.211410E-7	9.718409E-9	9.173419E-9	9.004169E-9	8.613842E-9	8.890892E-9	8.316309E-9	9.030391E-9	9.704465E-9	9.521889E-9	-1.262897E-11	8.788263E-9	8.429360E-9	8.383453E-9	8.276551E-9	8.194566E-9	9.621051E-9	9.068123E-9	8.775894E-9	8.610010E-9	8.479782E-9	8.382276E-9	8.328581E-9	8.419840E-9
   0:29:51	1	2.727200E+1	4.140000E+2	7.861600E-7	7.985698E-7	1.018374E-8	9.658799E-9	9.367082E-9	9.131363E-9	8.957639E-9	8.874853E-9	8.817227E-9	8.819864E-9	5.222667E-7	1.017971E-8	9.590642E-9	9.420976E-9	9.012830E-9	9.294666E-9	8.690004E-9	9.410050E-9	1.014791E-8	9.956093E-9	-1.262897E-11	9.183136E-9	8.807890E-9	8.742442E-9	8.649312E-9	8.534503E-9	1.007505E-8	9.463821E-9	9.179995E-9	9.027812E-9	8.858593E-9	8.768795E-9	8.698601E-9	8.812341E-9
   0:30:04	1	2.727300E+1	4.150000E+2	9.010600E-7	9.291841E-7	1.066927E-8	1.010016E-8	9.790591E-9	9.536388E-9	9.363109E-9	9.214228E-9	9.177211E-9	9.187658E-9	6.409305E-7	1.063463E-8	1.002054E-8	9.812462E-9	9.418217E-9	9.685887E-9	9.051000E-9	9.802397E-9	1.060395E-8	1.037778E-8	-1.262897E-11	9.571775E-9	9.180144E-9	9.120426E-9	9.015789E-9	8.899481E-9	1.054160E-8	9.909687E-9	9.577717E-9	9.388740E-9	9.231124E-9	9.123604E-9	9.081197E-9	9.179455E-9
   0:30:17	1	2.727400E+1	4.160000E+2	1.022800E-6	1.039763E-6	1.119901E-8	1.061079E-8	1.025831E-8	9.998262E-9	9.800184E-9	9.666728E-9	9.568806E-9	9.612514E-9	7.380377E-7	1.116547E-8	1.050734E-8	1.027333E-8	9.842605E-9	1.011497E-8	9.450096E-9	1.022642E-8	1.112341E-8	1.088750E-8	-1.889374E-11	1.001059E-8	9.621829E-9	9.536098E-9	9.413787E-9	9.289699E-9	1.105851E-8	1.036180E-8	1.002598E-8	9.857218E-9	9.635255E-9	9.548134E-9	9.482506E-9	9.597344E-9
   0:30:31	1	2.727500E+1	4.170000E+2	1.164100E-6	1.159924E-6	1.175393E-8	1.114044E-8	1.076394E-8	1.047292E-8	1.025636E-8	1.010047E-8	9.998295E-9	1.002466E-8	8.441900E-7	1.168364E-8	1.100052E-8	1.075952E-8	1.032389E-8	1.057562E-8	9.868091E-9	1.069470E-8	1.164286E-8	1.137208E-8	-1.889374E-11	1.047444E-8	1.005714E-8	9.964399E-9	9.849689E-9	9.717676E-9	1.160080E-8	1.086418E-8	1.049317E-8	1.031930E-8	1.008993E-8	9.978967E-9	9.890152E-9	1.002143E-8
   0:30:44	1	2.727600E+1	4.180000E+2	1.312700E-6	1.338379E-6	1.242235E-8	1.175201E-8	1.135180E-8	1.102341E-8	1.078845E-8	1.064099E-8	1.050367E-8	1.052559E-8	1.006150E-6	1.230287E-8	1.161378E-8	1.131520E-8	1.081798E-8	1.110562E-8	1.036849E-8	1.120724E-8	1.228262E-8	1.198890E-8	0.000000E+0	1.103231E-8	1.059346E-8	1.046828E-8	1.034255E-8	1.018977E-8	1.223756E-8	1.148593E-8	1.104879E-8	1.079417E-8	1.059504E-8	1.049212E-8	1.039820E-8	1.054057E-8
   0:30:57	1	2.727800E+1	4.190000E+2	1.452600E-6	1.513507E-6	1.307812E-8	1.238249E-8	1.194595E-8	1.157401E-8	1.132695E-8	1.113755E-8	1.102789E-8	1.103284E-8	1.164636E-6	1.296001E-8	1.220797E-8	1.188982E-8	1.142596E-8	1.163572E-8	1.087518E-8	1.174515E-8	1.292879E-8	1.258675E-8	-1.889374E-11	1.157148E-8	1.111712E-8	1.098479E-8	1.083531E-8	1.068065E-8	1.288696E-8	1.206366E-8	1.161068E-8	1.133232E-8	1.112538E-8	1.098638E-8	1.089367E-8	1.104071E-8
   0:31:10	1	2.728000E+1	4.200000E+2	1.686000E-6	1.704442E-6	1.383484E-8	1.305707E-8	1.257792E-8	1.220043E-8	1.191605E-8	1.171578E-8	1.159000E-8	1.157172E-8	1.337472E-6	1.364877E-8	1.286554E-8	1.251498E-8	1.197074E-8	1.222887E-8	1.141987E-8	1.230205E-8	1.365726E-8	1.326012E-8	-1.889374E-11	1.216062E-8	1.167864E-8	1.155171E-8	1.137235E-8	1.122191E-8	1.359937E-8	1.278585E-8	1.220418E-8	1.187036E-8	1.167475E-8	1.155025E-8	1.144549E-8	1.154086E-8
   0:31:24	1	2.728100E+1	4.210000E+2	1.897900E-6	1.928963E-6	1.469869E-8	1.390186E-8	1.334910E-8	1.293455E-8	1.261297E-8	1.236317E-8	1.220268E-8	1.221220E-8	1.540523E-6	1.448917E-8	1.365577E-8	1.325369E-8	1.270542E-8	1.291030E-8	1.207227E-8	1.298544E-8	1.449334E-8	1.405937E-8	-1.889374E-11	1.286902E-8	1.236009E-8	1.220674E-8	1.201045E-8	1.183242E-8	1.444417E-8	1.349545E-8	1.293024E-8	1.257313E-8	1.235661E-8	1.220915E-8	1.206641E-8	1.220552E-8
   0:31:37	1	2.728300E+1	4.220000E+2	2.144600E-6	1.991662E-6	1.562565E-8	1.476566E-8	1.414542E-8	1.366228E-8	1.332249E-8	1.299161E-8	1.285324E-8	1.287792E-8	1.581239E-6	1.536120E-8	1.445239E-8	1.401144E-8	1.345280E-8	1.362340E-8	1.271836E-8	1.368161E-8	1.535483E-8	1.488376E-8	-1.262897E-11	1.358355E-8	1.305410E-8	1.286804E-8	1.268016E-8	1.245556E-8	1.532689E-8	1.424907E-8	1.366259E-8	1.331388E-8	1.304485E-8	1.286805E-8	1.272496E-8	1.281961E-8
   0:31:50	1	2.728400E+1	4.230000E+2	2.208700E-6	2.161642E-6	1.665346E-8	1.570502E-8	1.503665E-8	1.451019E-8	1.412703E-8	1.382764E-8	1.354798E-8	1.360079E-8	1.726764E-6	1.632162E-8	1.537537E-8	1.485751E-8	1.415578E-8	1.440585E-8	1.344665E-8	1.443464E-8	1.632402E-8	1.580891E-8	-1.889374E-11	1.439844E-8	1.381753E-8	1.359875E-8	1.336882E-8	1.315411E-8	1.631045E-8	1.517223E-8	1.447079E-8	1.411150E-8	1.378991E-8	1.358407E-8	1.343362E-8	1.354764E-8
   0:32:03	1	2.728600E+1	4.240000E+2	2.422300E-6	2.376495E-6	1.780114E-8	1.673903E-8	1.602267E-8	1.543414E-8	1.497587E-8	1.465723E-8	1.439429E-8	1.438073E-8	1.914793E-6	1.740215E-8	1.634896E-8	1.576679E-8	1.502985E-8	1.525763E-8	1.423844E-8	1.524461E-8	1.741363E-8	1.682218E-8	-2.515851E-11	1.526350E-8	1.466305E-8	1.442383E-8	1.416492E-8	1.389679E-8	1.742639E-8	1.609540E-8	1.537997E-8	1.494090E-8	1.461712E-8	1.440133E-8	1.421752E-8	1.430736E-8
   0:32:17	1	2.728700E+1	4.250000E+2	2.560000E-6	2.599539E-6	1.922617E-8	1.805036E-8	1.720458E-8	1.653522E-8	1.602115E-8	1.559378E-8	1.531011E-8	1.531914E-8	2.105104E-6	1.870386E-8	1.753755E-8	1.690337E-8	1.610662E-8	1.629251E-8	1.518213E-8	1.624451E-8	1.874386E-8	1.804938E-8	-6.264767E-12	1.634173E-8	1.567253E-8	1.539379E-8	1.512520E-8	1.482826E-8	1.874410E-8	1.728854E-8	1.645960E-8	1.608676E-8	1.560203E-8	1.536442E-8	1.517084E-8	1.533924E-8
   0:32:30	1	2.728800E+1	4.260000E+2	2.655900E-6	2.649968E-6	2.073962E-8	1.942480E-8	1.846244E-8	1.769325E-8	1.712974E-8	1.663086E-8	1.642177E-8	1.628928E-8	2.121253E-6	2.007510E-8	1.880828E-8	1.809048E-8	1.727198E-8	1.735888E-8	1.617662E-8	1.726969E-8	2.015010E-8	1.936471E-8	-1.889374E-11	1.744490E-8	1.671986E-8	1.641418E-8	1.609825E-8	1.577872E-8	2.015001E-8	1.853194E-8	1.760233E-8	1.715035E-8	1.664385E-8	1.635913E-8	1.614921E-8	1.633314E-8
   0:32:43	1	2.729000E+1	4.270000E+2	2.826200E-6	2.804901E-6	2.246103E-8	2.101365E-8	1.990350E-8	1.903471E-8	1.836506E-8	1.783128E-8	1.745127E-8	1.742420E-8	2.237414E-6	2.168009E-8	2.027505E-8	1.945435E-8	1.838035E-8	1.856413E-8	1.731031E-8	1.841506E-8	2.177806E-8	2.087509E-8	-1.889374E-11	1.876124E-8	1.795646E-8	1.757946E-8	1.720386E-8	1.684861E-8	2.181452E-8	1.993240E-8	1.889657E-8	1.830261E-8	1.783093E-8	1.749328E-8	1.725294E-8	1.741569E-8
   0:32:56	1	2.729100E+1	4.280000E+2	3.011500E-6	2.903992E-6	2.449147E-8	2.284199E-8	2.155323E-8	2.054082E-8	1.977780E-8	1.909470E-8	1.881562E-8	1.864160E-8	2.292182E-6	2.354416E-8	2.193146E-8	2.095081E-8	1.981181E-8	1.994600E-8	1.856440E-8	1.971869E-8	2.366575E-8	2.258686E-8	-2.515851E-11	2.019051E-8	1.931299E-8	1.887062E-8	1.841062E-8	1.805076E-8	2.371225E-8	2.162168E-8	2.036764E-8	1.975871E-8	1.915059E-8	1.879207E-8	1.846964E-8	1.865016E-8
   0:33:10	1	2.729300E+1	4.290000E+2	3.093000E-6	3.184158E-6	2.704537E-8	2.511795E-8	2.362637E-8	2.243927E-8	2.153260E-8	2.087334E-8	2.033144E-8	2.015703E-8	2.516979E-6	2.581257E-8	2.403036E-8	2.288302E-8	2.174995E-8	2.164339E-8	2.009088E-8	2.132605E-8	2.604119E-8	2.475182E-8	-1.262897E-11	2.198327E-8	2.100392E-8	2.047047E-8	1.999005E-8	1.951723E-8	2.605761E-8	2.370030E-8	2.221121E-8	2.147440E-8	2.076063E-8	2.035706E-8	1.999358E-8	2.022017E-8
   0:33:23	1	2.729500E+1	4.300000E+2	3.349400E-6	3.334735E-6	2.999640E-8	2.774072E-8	2.590178E-8	2.450216E-8	2.344573E-8	2.255156E-8	2.191677E-8	2.180560E-8	2.607488E-6	2.843494E-8	2.634425E-8	2.500464E-8	2.364369E-8	2.345444E-8	2.180096E-8	2.300934E-8	2.872075E-8	2.717472E-8	-1.889374E-11	2.398288E-8	2.284627E-8	2.220893E-8	2.163271E-8	2.110960E-8	2.878123E-8	2.582295E-8	2.418736E-8	2.337999E-8	2.249698E-8	2.204868E-8	2.163051E-8	2.168893E-8
   0:33:36	1	2.729700E+1	4.310000E+2	3.566800E-6	3.630624E-6	3.355919E-8	3.081748E-8	2.865119E-8	2.697647E-8	2.568201E-8	2.454395E-8	2.394425E-8	2.368882E-8	2.831828E-6	3.152490E-8	2.916390E-8	2.748614E-8	2.571483E-8	2.561248E-8	2.371384E-8	2.500904E-8	3.194498E-8	3.008230E-8	-2.515851E-11	2.630838E-8	2.500408E-8	2.424970E-8	2.355337E-8	2.292217E-8	3.202823E-8	2.853582E-8	2.660549E-8	2.557045E-8	2.458064E-8	2.401278E-8	2.351823E-8	2.381605E-8
   0:33:49	1	2.729800E+1	4.320000E+2	3.735900E-6	3.811210E-6	3.838933E-8	3.497852E-8	3.226658E-8	3.015943E-8	2.860871E-8	2.730956E-8	2.650224E-8	2.607928E-8	2.919106E-6	3.571424E-8	3.278016E-8	3.075699E-8	2.878034E-8	2.838251E-8	2.618401E-8	2.750240E-8	3.629681E-8	3.393380E-8	-1.889374E-11	2.933604E-8	2.774235E-8	2.685730E-8	2.601108E-8	2.521945E-8	3.634061E-8	3.201490E-8	2.966127E-8	2.845728E-8	2.726412E-8	2.657247E-8	2.590144E-8	2.612038E-8
   0:34:03	1	2.730000E+1	4.330000E+2	3.852000E-6	4.057749E-6	4.423474E-8	3.988362E-8	3.638760E-8	3.380436E-8	3.183957E-8	3.021330E-8	2.918028E-8	2.869169E-8	3.059788E-6	4.060512E-8	3.705391E-8	3.446349E-8	3.194714E-8	3.146815E-8	2.892658E-8	3.028680E-8	4.140872E-8	3.846502E-8	-1.262897E-11	3.278361E-8	3.089072E-8	2.972951E-8	2.871517E-8	2.780620E-8	4.147270E-8	3.612823E-8	3.310221E-8	3.164177E-8	3.015604E-8	2.931591E-8	2.855426E-8	2.881732E-8
   0:34:16	1	2.730200E+1	4.340000E+2	4.233900E-6	3.930336E-6	5.204129E-8	4.629554E-8	4.180430E-8	3.844917E-8	3.591297E-8	3.384620E-8	3.231304E-8	3.197611E-8	2.798173E-6	4.708822E-8	4.246563E-8	3.913600E-8	3.610212E-8	3.524786E-8	3.231514E-8	3.370403E-8	4.820569E-8	4.426120E-8	-1.262897E-11	3.710258E-8	3.480253E-8	3.334487E-8	3.204478E-8	3.089018E-8	4.821256E-8	4.109562E-8	3.746489E-8	3.554162E-8	3.380548E-8	3.272456E-8	3.180295E-8	3.217892E-8
   0:34:29	1	2.730500E+1	4.350000E+2	4.565400E-6	4.607550E-6	6.293765E-8	5.498971E-8	4.883281E-8	4.432794E-8	4.115837E-8	3.844701E-8	3.648159E-8	3.592635E-8	3.301039E-6	5.567561E-8	4.959705E-8	4.519780E-8	4.139706E-8	4.003088E-8	3.644480E-8	3.781734E-8	5.756182E-8	5.194542E-8	-2.515851E-11	4.261873E-8	3.967341E-8	3.778540E-8	3.613248E-8	3.474833E-8	5.742380E-8	4.808512E-8	4.308403E-8	4.085319E-8	3.830117E-8	3.701397E-8	3.581040E-8	3.623686E-8
   0:34:42	1	2.730700E+1	4.360000E+2	4.897300E-6	4.875169E-6	8.068831E-8	6.857633E-8	5.938190E-8	5.300372E-8	4.848163E-8	4.473855E-8	4.235561E-8	4.131593E-8	3.314254E-6	6.897681E-8	6.026239E-8	5.400627E-8	4.857314E-8	4.666899E-8	4.220224E-8	4.346847E-8	7.213117E-8	6.387769E-8	-2.515851E-11	5.060468E-8	4.658845E-8	4.402108E-8	4.191342E-8	4.002258E-8	7.177341E-8	5.794453E-8	5.117173E-8	4.784247E-8	4.462153E-8	4.276694E-8	4.129170E-8	4.166862E-8
   0:34:56	1	2.731000E+1	4.370000E+2	5.178700E-6	5.055918E-6	1.084209E-7	8.819026E-8	7.388128E-8	6.450170E-8	5.788264E-8	5.295976E-8	4.938538E-8	4.791661E-8	3.150012E-6	8.833791E-8	7.497400E-8	6.570030E-8	5.835875E-8	5.506774E-8	4.935946E-8	5.041053E-8	9.387753E-8	8.055511E-8	-6.264767E-12	6.095373E-8	5.549735E-8	5.185650E-8	4.891379E-8	4.641083E-8	9.302672E-8	7.174774E-8	6.162075E-8	5.714256E-8	5.258992E-8	5.009749E-8	4.790186E-8	4.837272E-8
   0:35:09	1	2.731300E+1	4.380000E+2	5.974400E-6	5.759940E-6	1.606576E-7	1.217629E-7	9.702097E-8	8.173298E-8	7.152189E-8	6.414117E-8	5.913109E-8	5.686331E-8	3.316992E-6	1.213098E-7	9.825834E-8	8.343718E-8	7.227383E-8	6.697474E-8	5.908825E-8	5.972557E-8	1.317897E-7	1.080823E-7	-2.515851E-11	7.627997E-8	6.813506E-8	6.282239E-8	5.852338E-8	5.493272E-8	1.300609E-7	9.293604E-8	7.706382E-8	7.026013E-8	6.367104E-8	6.013338E-8	5.703950E-8	5.734338E-8
   0:35:22	1	2.731900E+1	4.390000E+2	6.956500E-6	6.980224E-6	2.804039E-7	1.890782E-7	1.386357E-7	1.104117E-7	9.306719E-8	8.109890E-8	7.281170E-8	6.946864E-8	3.573746E-6	1.861035E-7	1.400981E-7	1.128239E-7	9.410608E-8	8.478163E-8	7.340259E-8	7.297057E-8	2.129098E-7	1.603927E-7	-1.262897E-11	1.012156E-7	8.783296E-8	7.908542E-8	7.260620E-8	6.727490E-8	2.071493E-7	1.305714E-7	1.020467E-7	9.069622E-8	8.011921E-8	7.469315E-8	6.999646E-8	7.063776E-8
   0:35:35	1	2.732900E+1	4.400000E+2	9.291000E-6	9.417923E-6	6.409288E-7	3.814226E-7	2.409093E-7	1.727809E-7	1.355432E-7	1.123052E-7	9.761493E-8	9.123620E-8	3.645127E-6	3.675503E-7	2.430730E-7	1.771730E-7	1.374666E-7	1.180860E-7	9.875691E-8	9.577110E-8	4.525195E-7	2.992750E-7	-2.515851E-11	1.531868E-7	1.257776E-7	1.094196E-7	9.754957E-8	8.813906E-8	4.352875E-7	2.190490E-7	1.542728E-7	1.307644E-7	1.104647E-7	1.007905E-7	9.229809E-8	9.340923E-8
