APD#	0017	Started	08/09/07 16:57	Sense_ohms	1.004464E+6	1.004628E+6	1.002105E+6	1.000924E+6	9.998282E+5	1.007735E+6	1.002821E+6	9.989270E+5	9.993226E+5	1.002376E+6	1.001862E+6	1.003102E+6	1.000030E+6	1.003780E+6	1.000011E+6	1.000898E+6	9.999006E+5	1.006439E+6	1.005624E+6	1.010450E+6	1.003884E+6	1.005600E+6	1.002519E+6	1.006362E+6	1.004620E+6	1.008599E+6	1.003214E+6	1.000475E+6	1.003139E+6	9.996927E+5	1.009944E+6	1.000506E+6					
ElapTime	Shutter_Open	DegC	H2O_In	H2O_Out	TE_A	TE_V	BiasV	KE237_Amps	Pixel_Sum	A1	A2	A3	A4	A5	A6	A7	A8	B1	B2	B3	B4	B5	B6	B7	B8	C1	C2	C3	C4	C5	C6	C7	C8	D1	D2	D3	D4	D5	D6	D7	D8
0:00:00	0	2.733432E+1	2.559100E+1	2.560900E+1	5.320000E-4	-1.824200E-3	0.000000E+0	-6.719000E-11	1.358474E-11	3.846828E-12	-8.829139E-13	5.059350E-13	6.324156E-13	4.430761E-13	-7.541665E-13	3.789310E-13	2.532718E-13	5.073437E-13	3.162486E-13	-1.896469E-13	-1.136475E-12	4.687859E-12	-2.587220E-12	-1.203987E-12	1.582579E-12	-2.914290E-12	0.000000E+0	-6.931020E-13	-8.144886E-13	8.198158E-13	2.515911E-13	3.162035E-13	6.289983E-13	1.765842E-12	-9.419006E-13	3.094056E-12	-6.966691E-13	1.704649E-12	7.602336E-13	2.257551E-12	1.646167E-12
0:00:13	0	2.731844E+1	2.556400E+1	2.558500E+1	5.320000E-4	-1.887500E-3	0.000000E+0	-7.075000E-11	-2.309360E-10	4.351575E-12	-8.448898E-12	-6.131094E-12	-8.163457E-12	-6.716154E-12	-8.108282E-12	-8.464123E-12	-6.658144E-12	-7.099809E-12	-8.342179E-12	-8.346459E-12	-7.956319E-12	1.899943E-13	-1.281058E-11	-9.437896E-12	-6.328317E-12	-1.051605E-11	-8.811264E-12	-9.700445E-12	-8.149834E-12	-8.644425E-12	-8.315434E-12	-7.013333E-12	-6.042557E-12	-7.376919E-12	-9.044229E-12	-4.419795E-12	-7.787301E-12	-6.251377E-12	-5.892811E-12	-6.523134E-12	-7.976964E-12
0:00:26	0	2.732026E+1	2.555800E+1	2.558100E+1	5.447000E-4	-1.874800E-3	1.000000E+1	2.553800E-10	1.768099E-10	1.708971E-11	5.801152E-12	6.068226E-12	4.366965E-12	5.701980E-12	4.399966E-12	4.927101E-12	5.960396E-12	6.022079E-12	2.590844E-12	4.362876E-12	3.852051E-12	1.292161E-11	1.010182E-12	1.773980E-12	3.860533E-12	3.357334E-12	4.658007E-12	5.417532E-12	5.328319E-12	6.120229E-12	4.409308E-12	4.991427E-12	4.028372E-12	7.376919E-12	3.580214E-12	8.271416E-12	5.128564E-12	7.387810E-12	6.843103E-12	4.516092E-12	4.685629E-12
0:00:40	0	2.731555E+1	2.555200E+1	2.557600E+1	5.067000E-4	-1.887500E-3	2.000000E+1	1.031100E-9	3.155023E-10	2.112669E-11	9.520937E-12	9.102839E-12	8.986696E-12	1.108690E-11	9.303041E-12	7.895726E-12	1.154138E-11	1.083934E-11	9.415628E-12	7.903284E-12	1.004085E-11	1.716549E-11	4.606587E-12	6.714926E-12	9.239703E-12	9.248919E-12	9.252424E-12	8.566820E-12	8.086496E-12	8.833690E-12	9.322792E-12	8.909557E-12	1.007093E-11	8.008003E-12	5.778312E-12	1.414354E-11	1.082686E-11	1.054590E-11	9.948057E-12	9.972830E-12	9.497194E-12
0:00:53	0	2.731836E+1	2.555200E+1	2.557400E+1	5.320000E-4	-1.887500E-3	3.000000E+1	1.339800E-9	4.904933E-10	2.926138E-11	1.431276E-11	1.485473E-11	1.240454E-11	1.697892E-11	1.628007E-11	1.516023E-11	1.877014E-11	1.667129E-11	1.801021E-11	1.258257E-11	1.667129E-11	2.407028E-11	1.110702E-11	1.418884E-11	1.632834E-11	1.457045E-11	1.435060E-11	1.385806E-11	1.397991E-11	1.388208E-11	1.536993E-11	1.326858E-11	1.101492E-11	1.071948E-11	9.232609E-12	1.970068E-11	1.437217E-11	1.452341E-11	1.298999E-11	1.498994E-11	1.601789E-11
0:01:07	0	2.731646E+1	2.554500E+1	2.557000E+1	5.320000E-4	-1.887500E-3	4.000000E+1	1.631200E-9	6.759962E-10	3.481061E-11	2.087041E-11	1.852101E-11	1.810028E-11	2.103361E-11	2.212586E-11	1.977123E-11	2.758460E-11	2.332680E-11	2.287665E-11	1.624974E-11	2.203864E-11	2.793416E-11	1.703859E-11	1.969978E-11	2.183439E-11	2.172916E-11	1.787490E-11	1.984241E-11	2.049978E-11	1.855095E-11	2.066130E-11	2.028291E-11	2.064565E-11	1.954669E-11	1.494747E-11	2.544622E-11	2.127389E-11	2.096419E-11	1.983309E-11	1.975753E-11	2.032372E-11
0:01:20	0	2.731806E+1	2.554700E+1	2.557300E+1	5.194000E-4	-1.862200E-3	5.000000E+1	2.015300E-9	8.627232E-10	3.985608E-11	2.597777E-11	2.541151E-11	2.284589E-11	2.717967E-11	2.816018E-11	2.602458E-11	3.335479E-11	2.903167E-11	2.951188E-11	2.231944E-11	2.652273E-11	3.540894E-11	2.208751E-11	2.457773E-11	2.790994E-11	2.844483E-11	2.498711E-11	2.525894E-11	2.451185E-11	2.751115E-11	2.777944E-11	2.609527E-11	2.429643E-11	2.547331E-11	2.091416E-11	3.182372E-11	2.716210E-11	2.494270E-11	2.439550E-11	2.508852E-11	2.785790E-11
0:01:34	0	2.731783E+1	2.554200E+1	2.556900E+1	5.320000E-4	-1.925500E-3	6.000000E+1	2.280300E-9	1.054553E-9	4.729786E-11	3.108514E-11	3.021540E-11	2.828886E-11	3.256459E-11	3.639548E-11	3.240459E-11	4.052048E-11	3.581426E-11	3.722156E-11	2.642879E-11	3.605815E-11	4.091977E-11	3.029150E-11	3.135566E-11	3.506151E-11	3.363934E-11	3.090302E-11	3.281843E-11	2.971448E-11	3.211825E-11	3.199980E-11	3.197146E-11	2.964639E-11	3.076984E-11	2.612634E-11	3.839061E-11	3.349309E-11	2.847960E-11	2.889388E-11	2.979274E-11	3.387186E-11
0:01:47	0	2.731646E+1	2.554000E+1	2.556000E+1	5.320000E-4	-1.925500E-3	7.000000E+1	2.506600E-9	1.187289E-9	5.221690E-11	3.505775E-11	3.350248E-11	3.107329E-11	3.788651E-11	4.041836E-11	3.587879E-11	4.825678E-11	4.088470E-11	4.063445E-11	3.047526E-11	3.807888E-11	4.598662E-11	3.350933E-11	3.414262E-11	3.873222E-11	3.845382E-11	3.543484E-11	3.792073E-11	3.378990E-11	3.621932E-11	3.892900E-11	3.708957E-11	3.380096E-11	3.549899E-11	2.826198E-11	4.179966E-11	3.501337E-11	3.289973E-11	3.263303E-11	3.374445E-11	3.906423E-11
0:02:01	0	2.731806E+1	2.553700E+1	2.556200E+1	5.194000E-4	-1.887500E-3	8.000000E+1	2.738200E-9	1.303573E-9	5.436034E-11	3.959774E-11	3.767469E-11	3.474390E-11	4.149813E-11	4.431522E-11	3.998420E-11	5.237920E-11	4.367459E-11	4.442545E-11	3.648207E-11	4.142550E-11	4.959751E-11	3.603379E-11	4.117355E-11	4.328913E-11	4.244522E-11	3.776384E-11	4.100638E-11	3.730021E-11	3.981635E-11	4.107100E-11	4.126007E-11	3.713674E-11	3.745396E-11	3.102521E-11	4.558848E-11	4.159824E-11	3.529920E-11	3.694135E-11	3.662876E-11	4.058346E-11
0:02:14	0	2.731654E+1	2.553800E+1	2.556100E+1	5.320000E-4	-1.874800E-3	9.000000E+1	2.884700E-9	1.438483E-9	6.079262E-11	4.243461E-11	4.222512E-11	3.708573E-11	4.479270E-11	4.733288E-11	4.623756E-11	5.827653E-11	4.766729E-11	4.910233E-11	3.787348E-11	4.464651E-11	5.346140E-11	4.026181E-11	4.516450E-11	4.683294E-11	4.909688E-11	4.116295E-11	4.598339E-11	4.256618E-11	4.328687E-11	4.667761E-11	4.498867E-11	4.160630E-11	4.211941E-11	3.718029E-11	5.064024E-11	4.324446E-11	4.028754E-11	4.144073E-11	4.058047E-11	4.343302E-11
0:02:28	0	2.731646E+1	2.553200E+1	2.555900E+1	5.320000E-4	-1.900200E-3	1.000000E+2	2.939200E-9	1.576119E-9	6.451401E-11	4.634352E-11	4.589140E-11	4.119893E-11	5.017762E-11	5.368177E-11	5.192253E-11	6.290550E-11	5.204125E-11	5.447357E-11	4.558712E-11	5.127694E-11	5.764227E-11	4.455259E-11	4.928146E-11	5.265572E-11	5.245521E-11	4.563118E-11	5.102205E-11	4.457222E-11	4.801850E-11	4.982697E-11	5.004294E-11	4.462808E-11	4.464176E-11	3.718029E-11	5.430247E-11	4.824608E-11	4.407664E-11	4.530592E-11	4.384203E-11	4.818062E-11
0:02:42	0	2.731790E+1	2.554000E+1	2.555900E+1	5.194000E-4	-1.862200E-3	1.200000E+2	3.460000E-9	1.896177E-9	7.473040E-11	5.794583E-11	5.676451E-11	4.993286E-11	5.917417E-11	6.367547E-11	6.158726E-11	7.514463E-11	6.326085E-11	6.584854E-11	5.260505E-11	5.942367E-11	6.796696E-11	5.597541E-11	5.967034E-11	6.290851E-11	6.468143E-11	5.538637E-11	5.984145E-11	5.522985E-11	5.761024E-11	5.990553E-11	6.059536E-11	5.299882E-11	5.460473E-11	4.905022E-11	6.352084E-11	5.907294E-11	5.222207E-11	5.341641E-11	5.412874E-11	5.729801E-11
0:02:55	0	2.731836E+1	2.554300E+1	2.556100E+1	5.320000E-4	-1.849500E-3	1.400000E+2	3.986100E-9	2.297630E-9	8.828888E-11	7.200675E-11	6.763662E-11	6.062798E-11	7.045110E-11	7.568160E-11	7.447391E-11	9.175846E-11	7.467058E-11	7.962581E-11	6.487121E-11	7.104263E-11	8.063558E-11	6.777581E-11	7.246620E-11	7.613563E-11	7.773173E-11	6.659023E-11	7.363587E-11	6.657628E-11	6.959868E-11	7.231504E-11	7.367441E-11	6.842071E-11	6.671080E-11	6.242818E-11	7.671743E-11	7.122917E-11	6.548345E-11	6.469488E-11	6.491647E-11	6.875821E-11
0:03:09	0	2.731775E+1	2.555200E+1	2.556900E+1	5.320000E-4	-1.798800E-3	1.600000E+2	4.462100E-9	2.817367E-9	1.054423E-10	8.713972E-11	8.343936E-11	7.486782E-11	8.514963E-11	9.227624E-11	9.443460E-11	1.106557E-10	9.273682E-11	9.605577E-11	8.080454E-11	8.676685E-11	9.596412E-11	8.380522E-11	8.931502E-11	9.410949E-11	9.718066E-11	8.509408E-11	8.856491E-11	8.162205E-11	8.512139E-11	8.655131E-11	9.149253E-11	8.579318E-11	8.499632E-11	7.762649E-11	9.123976E-11	8.718459E-11	7.893323E-11	7.907830E-11	7.971828E-11	8.420639E-11
0:03:23	0	2.731585E+1	2.554800E+1	2.557500E+1	5.320000E-4	-1.798800E-3	1.800000E+2	5.135400E-9	3.503344E-9	1.276402E-10	1.112890E-10	1.008228E-10	9.398016E-11	1.080846E-10	1.154708E-10	1.186902E-10	1.381132E-10	1.129575E-10	1.230397E-10	1.016058E-10	1.063431E-10	1.156005E-10	1.043147E-10	1.112328E-10	1.197405E-10	1.212541E-10	1.050466E-10	1.116193E-10	1.018081E-10	1.067643E-10	1.067721E-10	1.123440E-10	1.063126E-10	1.046057E-10	9.646847E-11	1.128981E-10	1.086484E-10	1.008454E-10	9.827820E-11	9.527360E-11	1.054796E-10
0:03:37	0	2.731578E+1	2.555600E+1	2.557500E+1	5.194000E-4	-1.836800E-3	2.000000E+2	5.963800E-9	4.329691E-9	1.537487E-10	1.378341E-10	1.293318E-10	1.167002E-10	1.318437E-10	1.413060E-10	1.475577E-10	1.697561E-10	1.391363E-10	1.505293E-10	1.264545E-10	1.305291E-10	1.422687E-10	1.321445E-10	1.366965E-10	1.452456E-10	1.495089E-10	1.318580E-10	1.387049E-10	1.248780E-10	1.325093E-10	1.307717E-10	1.377450E-10	1.326242E-10	1.306474E-10	1.205851E-10	1.380284E-10	1.345441E-10	1.225045E-10	1.220395E-10	1.217414E-10	1.299183E-10
0:03:50	0	2.731699E+1	2.555500E+1	2.557600E+1	5.320000E-4	-1.824200E-3	2.200000E+2	6.980600E-9	5.354530E-9	1.879918E-10	1.711260E-10	1.597996E-10	1.444196E-10	1.620638E-10	1.767588E-10	1.840677E-10	2.104038E-10	1.723518E-10	1.869927E-10	1.588901E-10	1.651348E-10	1.742568E-10	1.613630E-10	1.702061E-10	1.775226E-10	1.851754E-10	1.619432E-10	1.719012E-10	1.539661E-10	1.643118E-10	1.620157E-10	1.726860E-10	1.631520E-10	1.616064E-10	1.504176E-10	1.666314E-10	1.644289E-10	1.540145E-10	1.511234E-10	1.497786E-10	1.580290E-10
0:04:04	0	2.731821E+1	2.555300E+1	2.558000E+1	5.320000E-4	-1.824200E-3	2.400000E+2	8.328000E-9	6.656011E-9	2.304961E-10	2.141280E-10	1.974733E-10	1.785310E-10	2.026118E-10	2.203823E-10	2.316954E-10	2.620852E-10	2.119055E-10	2.338833E-10	1.982798E-10	1.994244E-10	2.134026E-10	2.033284E-10	2.134067E-10	2.191662E-10	2.287607E-10	2.025398E-10	2.134118E-10	1.920817E-10	2.061473E-10	2.020784E-10	2.155899E-10	2.035619E-10	1.985557E-10	1.860908E-10	2.084311E-10	2.045698E-10	1.911450E-10	1.892692E-10	1.849647E-10	1.986125E-10
0:04:18	0	2.731806E+1	2.555800E+1	2.557800E+1	5.194000E-4	-1.836800E-3	2.600000E+2	9.823000E-9	8.372401E-9	2.853611E-10	2.714438E-10	2.458305E-10	2.249831E-10	2.562110E-10	2.783381E-10	2.957467E-10	3.328542E-10	2.669899E-10	2.951826E-10	2.493677E-10	2.503225E-10	2.669270E-10	2.567166E-10	2.694660E-10	2.758723E-10	2.878046E-10	2.541505E-10	2.701039E-10	2.394745E-10	2.570058E-10	2.526611E-10	2.724567E-10	2.532250E-10	2.494396E-10	2.359580E-10	2.622920E-10	2.561713E-10	2.395152E-10	2.381232E-10	2.321941E-10	2.502124E-10
0:04:32	0	2.731555E+1	2.555600E+1	2.557700E+1	5.194000E-4	-1.824200E-3	2.800000E+2	1.216200E-8	1.069048E-8	3.605963E-10	3.486833E-10	3.157434E-10	2.870038E-10	3.278023E-10	3.531395E-10	3.814001E-10	4.268320E-10	3.389346E-10	3.785994E-10	3.178432E-10	3.193444E-10	3.380609E-10	3.290990E-10	3.424382E-10	3.512486E-10	3.652823E-10	3.243903E-10	3.451887E-10	3.054243E-10	3.282451E-10	3.237798E-10	3.521968E-10	3.235973E-10	3.138172E-10	3.031591E-10	3.333895E-10	3.268937E-10	3.059456E-10	3.070003E-10	2.956679E-10	3.197302E-10
0:04:45	0	2.731570E+1	2.555900E+1	2.558700E+1	5.194000E-4	-1.798800E-3	3.000000E+2	1.514800E-8	1.377776E-8	4.598582E-10	4.524690E-10	4.071470E-10	3.730103E-10	4.230267E-10	4.599999E-10	4.934580E-10	5.440828E-10	4.322418E-10	4.828078E-10	4.072457E-10	4.090790E-10	4.288321E-10	4.217398E-10	4.359342E-10	4.414336E-10	4.712058E-10	4.209396E-10	4.464770E-10	3.980167E-10	4.249774E-10	4.181414E-10	4.546846E-10	4.109644E-10	4.055603E-10	3.978687E-10	4.322069E-10	4.297809E-10	3.988341E-10	4.022366E-10	3.829123E-10	4.105832E-10
0:04:59	0	2.731669E+1	2.556200E+1	2.558700E+1	5.320000E-4	-1.773500E-3	3.200000E+2	1.954700E-8	1.813280E-8	5.979040E-10	5.980582E-10	5.418514E-10	5.041392E-10	5.584809E-10	6.025632E-10	6.403207E-10	6.923419E-10	5.680818E-10	6.327685E-10	5.392010E-10	5.403030E-10	5.622951E-10	5.507920E-10	5.736447E-10	5.700981E-10	6.174834E-10	5.616724E-10	5.887101E-10	5.242120E-10	5.642385E-10	5.548339E-10	5.979897E-10	5.338944E-10	5.289562E-10	5.319567E-10	5.714344E-10	5.722392E-10	5.313162E-10	5.326407E-10	5.051557E-10	5.432241E-10
0:05:13	0	2.731851E+1	2.556000E+1	2.559000E+1	5.194000E-4	-1.811500E-3	3.400000E+2	2.595500E-8	2.445712E-8	7.962376E-10	8.123753E-10	7.352164E-10	6.894420E-10	7.527293E-10	8.049051E-10	8.516764E-10	9.024924E-10	7.633791E-10	8.470614E-10	7.290086E-10	7.300015E-10	7.545414E-10	7.394170E-10	7.632966E-10	7.509127E-10	8.356021E-10	7.667926E-10	7.988463E-10	7.138483E-10	7.687442E-10	7.534487E-10	8.068176E-10	7.127197E-10	7.160986E-10	7.321780E-10	7.753829E-10	7.788351E-10	7.268813E-10	7.310977E-10	6.840993E-10	7.330361E-10
0:05:27	0	2.731699E+1	2.556400E+1	2.559400E+1	5.320000E-4	-1.811500E-3	3.600000E+2	3.550300E-8	3.406760E-8	1.096230E-9	1.134829E-9	1.028329E-9	9.710657E-10	1.046384E-9	1.114987E-9	1.172942E-9	1.221523E-9	1.059274E-9	1.172768E-9	1.019601E-9	1.016509E-9	1.040662E-9	1.023143E-9	1.055187E-9	1.021596E-9	1.166231E-9	1.081680E-9	1.118524E-9	9.999644E-10	1.079700E-9	1.054235E-9	1.127106E-9	9.838835E-10	9.993361E-10	1.034458E-9	1.089072E-9	1.102058E-9	1.022470E-9	1.030811E-9	9.579402E-10	1.025098E-9
0:05:40	0	2.731563E+1	2.557200E+1	2.559100E+1	5.194000E-4	-1.824200E-3	3.620000E+2	3.650000E-8	3.530287E-8	1.135393E-9	1.175561E-9	1.067963E-9	1.004862E-9	1.086361E-9	1.153645E-9	1.213432E-9	1.261727E-9	1.095784E-9	1.213402E-9	1.052984E-9	1.053830E-9	1.078097E-9	1.059681E-9	1.092877E-9	1.057290E-9	1.206966E-9	1.122402E-9	1.160728E-9	1.036449E-9	1.119075E-9	1.093291E-9	1.167545E-9	1.021776E-9	1.037861E-9	1.075469E-9	1.127777E-9	1.144921E-9	1.061747E-9	1.069843E-9	9.920609E-10	1.062073E-9
0:05:54	0	2.743222E+1	2.556300E+1	2.559100E+1	5.194000E-4	-1.849500E-3	3.640000E+2	3.773600E-8	3.656852E-8	1.173293E-9	1.218815E-9	1.105574E-9	1.043213E-9	1.123994E-9	1.196389E-9	1.254932E-9	1.302755E-9	1.135529E-9	1.258269E-9	1.091110E-9	1.090898E-9	1.115216E-9	1.096599E-9	1.132721E-9	1.094250E-9	1.250298E-9	1.163186E-9	1.203372E-9	1.076445E-9	1.159332E-9	1.131590E-9	1.210006E-9	1.056963E-9	1.073424E-9	1.115538E-9	1.167999E-9	1.186899E-9	1.101404E-9	1.108559E-9	1.029380E-9	1.100567E-9
0:06:07	0	2.731646E+1	2.556500E+1	2.558700E+1	5.447000E-4	-1.862200E-3	3.660000E+2	3.902100E-8	3.794971E-8	1.216744E-9	1.263961E-9	1.148306E-9	1.084919E-9	1.167012E-9	1.241521E-9	1.299843E-9	1.348031E-9	1.178759E-9	1.305287E-9	1.132082E-9	1.132450E-9	1.156832E-9	1.139132E-9	1.175287E-9	1.131210E-9	1.298825E-9	1.206237E-9	1.246962E-9	1.115627E-9	1.202745E-9	1.175370E-9	1.254931E-9	1.097561E-9	1.115732E-9	1.160570E-9	1.214661E-9	1.233435E-9	1.144028E-9	1.152090E-9	1.066949E-9	1.142607E-9
0:06:21	0	2.736951E+1	2.556300E+1	2.559000E+1	5.194000E-4	-1.849500E-3	3.680000E+2	4.035100E-8	3.933879E-8	1.259943E-9	1.310369E-9	1.190594E-9	1.123016E-9	1.209968E-9	1.285962E-9	1.342481E-9	1.392230E-9	1.221292E-9	1.352367E-9	1.174128E-9	1.172803E-9	1.200032E-9	1.179835E-9	1.218615E-9	1.170512E-9	1.346846E-9	1.253378E-9	1.294268E-9	1.159761E-9	1.250007E-9	1.218582E-9	1.303963E-9	1.134321E-9	1.156150E-9	1.203528E-9	1.262459E-9	1.277629E-9	1.186272E-9	1.195241E-9	1.107906E-9	1.184330E-9
0:06:34	0	2.731851E+1	2.555700E+1	2.558500E+1	5.320000E-4	-1.887500E-3	3.700000E+2	4.190200E-8	4.086783E-8	1.308249E-9	1.362387E-9	1.237055E-9	1.169405E-9	1.257358E-9	1.336752E-9	1.397057E-9	1.443911E-9	1.267693E-9	1.402480E-9	1.219398E-9	1.219406E-9	1.246336E-9	1.224767E-9	1.262702E-9	1.212852E-9	1.398160E-9	1.303856E-9	1.346109E-9	1.202703E-9	1.298088E-9	1.267086E-9	1.352174E-9	1.177816E-9	1.200350E-9	1.251511E-9	1.308679E-9	1.330877E-9	1.236032E-9	1.243778E-9	1.151874E-9	1.230928E-9
0:06:48	0	2.731608E+1	2.555800E+1	2.557900E+1	5.320000E-4	-1.900200E-3	3.720000E+2	4.346500E-8	4.243162E-8	1.354979E-9	1.415478E-9	1.284337E-9	1.214466E-9	1.304558E-9	1.384902E-9	1.447590E-9	1.494959E-9	1.316248E-9	1.455058E-9	1.264795E-9	1.266515E-9	1.294350E-9	1.268563E-9	1.311921E-9	1.258039E-9	1.453022E-9	1.350620E-9	1.397509E-9	1.250535E-9	1.351408E-9	1.316723E-9	1.404934E-9	1.222884E-9	1.248334E-9	1.303639E-9	1.359382E-9	1.385011E-9	1.284718E-9	1.292252E-9	1.194337E-9	1.279552E-9
0:07:01	0	2.741139E+1	2.555500E+1	2.557300E+1	5.320000E-4	-1.925500E-3	3.740000E+2	4.516200E-8	4.413331E-8	1.408457E-9	1.469514E-9	1.336234E-9	1.264526E-9	1.355813E-9	1.440405E-9	1.503493E-9	1.550572E-9	1.366197E-9	1.512376E-9	1.317210E-9	1.317792E-9	1.344011E-9	1.320815E-9	1.363420E-9	1.304366E-9	1.509404E-9	1.409092E-9	1.453760E-9	1.300311E-9	1.408765E-9	1.369700E-9	1.462180E-9	1.270470E-9	1.298147E-9	1.357275E-9	1.420630E-9	1.440475E-9	1.336120E-9	1.346936E-9	1.244450E-9	1.330392E-9
0:07:15	0	2.731798E+1	2.554500E+1	2.557000E+1	5.447000E-4	-1.912800E-3	3.760000E+2	4.683600E-8	4.585352E-8	1.461998E-9	1.527523E-9	1.388637E-9	1.314964E-9	1.408588E-9	1.497858E-9	1.564133E-9	1.605551E-9	1.419507E-9	1.570389E-9	1.370195E-9	1.368059E-9	1.395762E-9	1.370606E-9	1.416375E-9	1.355123E-9	1.569335E-9	1.465800E-9	1.512908E-9	1.352845E-9	1.462905E-9	1.424000E-9	1.519173E-9	1.318748E-9	1.347580E-9	1.410407E-9	1.468681E-9	1.496255E-9	1.390110E-9	1.401556E-9	1.294565E-9	1.383385E-9
0:07:28	0	2.731639E+1	2.554800E+1	2.556900E+1	5.320000E-4	-1.912800E-3	3.780000E+2	4.872100E-8	4.775390E-8	1.518187E-9	1.589000E-9	1.447297E-9	1.372238E-9	1.468206E-9	1.558769E-9	1.626731E-9	1.667695E-9	1.477633E-9	1.634910E-9	1.425519E-9	1.423694E-9	1.453594E-9	1.426076E-9	1.472752E-9	1.406766E-9	1.634459E-9	1.527040E-9	1.574639E-9	1.407573E-9	1.526132E-9	1.484787E-9	1.582232E-9	1.374014E-9	1.406725E-9	1.471579E-9	1.531255E-9	1.561089E-9	1.449594E-9	1.462005E-9	1.349320E-9	1.442392E-9
0:07:42	0	2.731775E+1	2.554900E+1	2.556800E+1	5.194000E-4	-1.912800E-3	3.800000E+2	5.071000E-8	4.977061E-8	1.580935E-9	1.659493E-9	1.510320E-9	1.430208E-9	1.527760E-9	1.624895E-9	1.695772E-9	1.733772E-9	1.538105E-9	1.701454E-9	1.486343E-9	1.486211E-9	1.515544E-9	1.486910E-9	1.535209E-9	1.464612E-9	1.703639E-9	1.593316E-9	1.641409E-9	1.468445E-9	1.590682E-9	1.546393E-9	1.648831E-9	1.430097E-9	1.464671E-9	1.538341E-9	1.598311E-9	1.627190E-9	1.510846E-9	1.524038E-9	1.405017E-9	1.501843E-9
0:07:55	0	2.731684E+1	2.555000E+1	2.557300E+1	5.320000E-4	-1.874800E-3	3.820000E+2	5.280300E-8	5.181830E-8	1.643809E-9	1.725636E-9	1.571256E-9	1.489824E-9	1.591939E-9	1.689954E-9	1.761845E-9	1.799721E-9	1.600858E-9	1.772043E-9	1.547673E-9	1.546707E-9	1.575086E-9	1.546231E-9	1.596906E-9	1.521381E-9	1.774782E-9	1.660095E-9	1.709375E-9	1.528627E-9	1.656747E-9	1.612661E-9	1.717766E-9	1.488509E-9	1.524320E-9	1.602527E-9	1.667325E-9	1.698609E-9	1.576203E-9	1.588670E-9	1.464476E-9	1.566739E-9
0:08:09	0	2.731555E+1	2.554900E+1	2.557400E+1	5.194000E-4	-1.887500E-3	3.840000E+2	5.514900E-8	5.409917E-8	1.716017E-9	1.800669E-9	1.639145E-9	1.556908E-9	1.661567E-9	1.765196E-9	1.835118E-9	1.873090E-9	1.671536E-9	1.849014E-9	1.616212E-9	1.613393E-9	1.643687E-9	1.612429E-9	1.668042E-9	1.585555E-9	1.851881E-9	1.734552E-9	1.786162E-9	1.599529E-9	1.733540E-9	1.683653E-9	1.793841E-9	1.553468E-9	1.593237E-9	1.675380E-9	1.738865E-9	1.772877E-9	1.648001E-9	1.659068E-9	1.530083E-9	1.637459E-9
0:08:22	0	2.731836E+1	2.555100E+1	2.557200E+1	5.320000E-4	-1.874800E-3	3.860000E+2	5.743700E-8	5.644656E-8	1.786396E-9	1.880116E-9	1.711270E-9	1.626396E-9	1.733793E-9	1.839809E-9	1.915782E-9	1.951975E-9	1.744369E-9	1.927249E-9	1.685256E-9	1.683677E-9	1.714187E-9	1.681531E-9	1.739621E-9	1.652450E-9	1.931387E-9	1.809199E-9	1.863891E-9	1.668801E-9	1.807367E-9	1.758425E-9	1.870422E-9	1.619622E-9	1.662722E-9	1.750055E-9	1.816971E-9	1.853287E-9	1.718789E-9	1.734978E-9	1.597383E-9	1.709383E-9
0:08:36	0	2.731661E+1	2.555800E+1	2.557500E+1	5.320000E-4	-1.874800E-3	3.880000E+2	5.986500E-8	5.900543E-8	1.864531E-9	1.963597E-9	1.788957E-9	1.700695E-9	1.812671E-9	1.924418E-9	1.996130E-9	2.033651E-9	1.819293E-9	2.013131E-9	1.763088E-9	1.759646E-9	1.790768E-9	1.757700E-9	1.815317E-9	1.722700E-9	2.020902E-9	1.896369E-9	1.949118E-9	1.746537E-9	1.891542E-9	1.842708E-9	1.956419E-9	1.693834E-9	1.738512E-9	1.831137E-9	1.898678E-9	1.939015E-9	1.801763E-9	1.816148E-9	1.669700E-9	1.786751E-9
0:08:49	0	2.740318E+1	2.555800E+1	2.557600E+1	5.447000E-4	-1.874800E-3	3.900000E+2	6.263400E-8	6.164845E-8	1.945441E-9	2.050359E-9	1.871828E-9	1.780182E-9	1.892119E-9	2.005505E-9	2.085636E-9	2.123510E-9	1.899479E-9	2.102869E-9	1.840984E-9	1.838898E-9	1.872925E-9	1.835006E-9	1.899248E-9	1.798772E-9	2.110482E-9	1.981087E-9	2.036864E-9	1.825901E-9	1.980261E-9	1.923464E-9	2.043678E-9	1.767605E-9	1.815122E-9	1.914102E-9	1.986255E-9	2.026326E-9	1.882591E-9	1.896368E-9	1.747286E-9	1.868298E-9
0:09:03	0	2.731509E+1	2.555200E+1	2.557900E+1	5.320000E-4	-1.874800E-3	3.920000E+2	6.564500E-8	6.458616E-8	2.033036E-9	2.150426E-9	1.960704E-9	1.865936E-9	1.981894E-9	2.106144E-9	2.184495E-9	2.214951E-9	1.986637E-9	2.200948E-9	1.931273E-9	1.923517E-9	1.957487E-9	1.922029E-9	1.989450E-9	1.881426E-9	2.208424E-9	2.076880E-9	2.136454E-9	1.912225E-9	2.075289E-9	2.017259E-9	2.145030E-9	1.851698E-9	1.902073E-9	2.010821E-9	2.077559E-9	2.126809E-9	1.973458E-9	1.991477E-9	1.832085E-9	1.958265E-9
0:09:16	0	2.742082E+1	2.555100E+1	2.557700E+1	5.320000E-4	-1.874800E-3	3.940000E+2	6.861000E-8	6.761976E-8	2.128957E-9	2.247527E-9	2.051033E-9	1.954663E-9	2.073950E-9	2.199363E-9	2.284993E-9	2.316284E-9	2.081528E-9	2.299910E-9	2.021940E-9	2.017420E-9	2.050854E-9	2.012019E-9	2.079525E-9	1.967119E-9	2.312192E-9	2.172740E-9	2.239507E-9	2.003376E-9	2.172527E-9	2.111371E-9	2.244800E-9	1.937995E-9	1.992555E-9	2.107291E-9	2.188437E-9	2.226213E-9	2.068052E-9	2.087602E-9	1.918326E-9	2.049689E-9
0:09:30	0	2.731806E+1	2.556200E+1	2.558000E+1	5.194000E-4	-1.849500E-3	3.960000E+2	7.193300E-8	7.096083E-8	2.229481E-9	2.359573E-9	2.155398E-9	2.050542E-9	2.176082E-9	2.307920E-9	2.393071E-9	2.421106E-9	2.182317E-9	2.412775E-9	2.121525E-9	2.115934E-9	2.152332E-9	2.108321E-9	2.185185E-9	2.059772E-9	2.426161E-9	2.283702E-9	2.349425E-9	2.104121E-9	2.285098E-9	2.216694E-9	2.358092E-9	2.031279E-9	2.091299E-9	2.215818E-9	2.289527E-9	2.339293E-9	2.174330E-9	2.195513E-9	2.014102E-9	2.155044E-9
0:09:43	0	2.744377E+1	2.556000E+1	2.558700E+1	5.194000E-4	-1.849500E-3	3.980000E+2	7.543800E-8	7.442213E-8	2.332967E-9	2.472501E-9	2.259254E-9	2.153132E-9	2.285054E-9	2.420060E-9	2.505887E-9	2.536518E-9	2.284942E-9	2.527727E-9	2.223510E-9	2.221014E-9	2.257228E-9	2.212194E-9	2.290654E-9	2.157933E-9	2.545008E-9	2.395356E-9	2.462934E-9	2.207809E-9	2.398298E-9	2.326048E-9	2.473595E-9	2.131802E-9	2.192059E-9	2.327673E-9	2.401289E-9	2.455033E-9	2.283006E-9	2.305386E-9	2.113517E-9	2.262739E-9
0:09:57	0	2.741709E+1	2.555700E+1	2.557900E+1	5.194000E-4	-1.900200E-3	4.000000E+2	7.923400E-8	7.830816E-8	2.452977E-9	2.600877E-9	2.376639E-9	2.266920E-9	2.402895E-9	2.550177E-9	2.637904E-9	2.661187E-9	2.407407E-9	2.656833E-9	2.341619E-9	2.334240E-9	2.372259E-9	2.325786E-9	2.412527E-9	2.267675E-9	2.678742E-9	2.523061E-9	2.591939E-9	2.321591E-9	2.525885E-9	2.450773E-9	2.602620E-9	2.240193E-9	2.304924E-9	2.450645E-9	2.524479E-9	2.587550E-9	2.404374E-9	2.427236E-9	2.226352E-9	2.379868E-9
0:10:10	0	2.731904E+1	2.556500E+1	2.559600E+1	5.320000E-4	-1.862200E-3	4.020000E+2	8.330300E-8	8.231792E-8	2.569391E-9	2.731649E-9	2.498512E-9	2.384506E-9	2.524095E-9	2.678786E-9	2.771186E-9	2.792262E-9	2.526069E-9	2.790048E-9	2.461623E-9	2.452139E-9	2.493434E-9	2.442974E-9	2.534655E-9	2.380644E-9	2.812730E-9	2.653284E-9	2.727684E-9	2.442708E-9	2.657070E-9	2.577324E-9	2.738217E-9	2.356955E-9	2.424537E-9	2.578830E-9	2.655498E-9	2.721904E-9	2.530098E-9	2.559604E-9	2.342700E-9	2.506810E-9
0:10:24	0	2.740030E+1	2.556600E+1	2.559200E+1	5.194000E-4	-1.874800E-3	4.040000E+2	8.793500E-8	8.682579E-8	2.705608E-9	2.876860E-9	2.635933E-9	2.515825E-9	2.659042E-9	2.823801E-9	2.916786E-9	2.941346E-9	2.663747E-9	2.938492E-9	2.595349E-9	2.588541E-9	2.628228E-9	2.579851E-9	2.674203E-9	2.506271E-9	2.966420E-9	2.799428E-9	2.877035E-9	2.578494E-9	2.806175E-9	2.720315E-9	2.887335E-9	2.480389E-9	2.557013E-9	2.720706E-9	2.814616E-9	2.871580E-9	2.673693E-9	2.703378E-9	2.472282E-9	2.647048E-9
0:10:37	0	2.741808E+1	2.557100E+1	2.559200E+1	5.320000E-4	-1.824200E-3	4.060000E+2	9.250000E-8	9.175329E-8	2.853681E-9	3.041870E-9	2.784734E-9	2.662017E-9	2.808562E-9	2.984844E-9	3.084683E-9	3.100322E-9	2.810110E-9	3.103241E-9	2.742416E-9	2.734036E-9	2.778414E-9	2.722598E-9	2.824075E-9	2.645631E-9	3.132716E-9	2.961562E-9	3.040054E-9	2.728573E-9	2.966323E-9	2.878111E-9	3.052503E-9	2.624783E-9	2.700081E-9	2.879602E-9	2.966662E-9	3.038669E-9	2.825372E-9	2.862866E-9	2.612464E-9	2.801720E-9
0:10:51	0	2.741785E+1	2.557000E+1	2.559100E+1	5.320000E-4	-1.874800E-3	4.080000E+2	9.792000E-8	9.687528E-8	3.009132E-9	3.207636E-9	2.936443E-9	2.810803E-9	2.965303E-9	3.148780E-9	3.250495E-9	3.267795E-9	2.961226E-9	3.273930E-9	2.896752E-9	2.888372E-9	2.931704E-9	2.871591E-9	2.983448E-9	2.790181E-9	3.306172E-9	3.125393E-9	3.211137E-9	2.883542E-9	3.139279E-9	3.040064E-9	3.221082E-9	2.772199E-9	2.855697E-9	3.043146E-9	3.131967E-9	3.213417E-9	2.989490E-9	3.031859E-9	2.761740E-9	2.955508E-9
0:11:04	0	2.741572E+1	2.556700E+1	2.558600E+1	5.320000E-4	-1.912800E-3	4.100000E+2	1.033400E-7	1.026325E-7	3.178962E-9	3.399822E-9	3.112171E-9	2.979145E-9	3.142003E-9	3.334905E-9	3.442964E-9	3.450679E-9	3.134021E-9	3.465600E-9	3.068794E-9	3.060075E-9	3.108304E-9	3.041789E-9	3.163536E-9	2.954667E-9	3.498379E-9	3.311505E-9	3.401746E-9	3.054372E-9	3.325739E-9	3.223685E-9	3.417400E-9	2.937932E-9	3.020897E-9	3.225845E-9	3.317731E-9	3.405957E-9	3.172931E-9	3.216375E-9	2.928704E-9	3.135886E-9
0:11:18	0	2.733478E+1	2.556600E+1	2.558200E+1	5.067000E-4	-1.912800E-3	4.108663E+2	1.061700E-7	1.051287E-7	3.251295E-9	3.482296E-9	3.189858E-9	3.052937E-9	3.224366E-9	3.416935E-9	3.529250E-9	3.535525E-9	3.207298E-9	3.544656E-9	3.141694E-9	3.131623E-9	3.181212E-9	3.117012E-9	3.239422E-9	3.024790E-9	3.585297E-9	3.392886E-9	3.485839E-9	3.128596E-9	3.406822E-9	3.303749E-9	3.503206E-9	3.009941E-9	3.095427E-9	3.308244E-9	3.386492E-9	3.490926E-9	3.246876E-9	3.299066E-9	3.000519E-9	3.214647E-9
0:11:31	0	2.741626E+1	2.556200E+1	2.558300E+1	5.320000E-4	-1.925500E-3	4.117325E+2	1.084500E-7	1.077609E-7	3.329621E-9	3.565715E-9	3.269379E-9	3.128310E-9	3.301849E-9	3.500474E-9	3.614778E-9	3.622210E-9	3.286722E-9	3.636731E-9	3.221171E-9	3.212201E-9	3.265204E-9	3.193750E-9	3.318919E-9	3.096306E-9	3.671455E-9	3.479050E-9	3.574970E-9	3.206520E-9	3.498695E-9	3.386457E-9	3.590718E-9	3.083648E-9	3.172605E-9	3.390205E-9	3.481584E-9	3.575705E-9	3.329408E-9	3.383024E-9	3.075346E-9	3.298220E-9
0:11:45	0	2.741611E+1	2.556400E+1	2.558200E+1	5.320000E-4	-1.900200E-3	4.125988E+2	1.114300E-7	1.107208E-7	3.420053E-9	3.659411E-9	3.357939E-9	3.215836E-9	3.390611E-9	3.596207E-9	3.716855E-9	3.720627E-9	3.371472E-9	3.733482E-9	3.304568E-9	3.300293E-9	3.351287E-9	3.282477E-9	3.414758E-9	3.183199E-9	3.770789E-9	3.577362E-9	3.674685E-9	3.296166E-9	3.594228E-9	3.480442E-9	3.688467E-9	3.171330E-9	3.255519E-9	3.481648E-9	3.578949E-9	3.676944E-9	3.422991E-9	3.478323E-9	3.164033E-9	3.389897E-9
0:11:58	0	2.741770E+1	2.556200E+1	2.558500E+1	5.320000E-4	-1.874800E-3	4.134650E+2	1.144900E-7	1.138433E-7	3.511873E-9	3.757649E-9	3.452630E-9	3.307221E-9	3.488685E-9	3.697788E-9	3.818363E-9	3.820819E-9	3.464399E-9	3.835351E-9	3.402000E-9	3.391165E-9	3.448773E-9	3.376001E-9	3.512815E-9	3.271803E-9	3.872975E-9	3.680331E-9	3.775469E-9	3.390702E-9	3.694936E-9	3.579276E-9	3.789816E-9	3.260270E-9	3.353189E-9	3.585653E-9	3.679155E-9	3.782553E-9	3.519038E-9	3.584141E-9	3.252031E-9	3.486449E-9
0:12:12	0	2.741823E+1	2.556500E+1	2.558500E+1	5.067000E-4	-1.887500E-3	4.143313E+2	1.169600E-7	1.165310E-7	3.592657E-9	3.848255E-9	3.534932E-9	3.383924E-9	3.567754E-9	3.790064E-9	3.903639E-9	3.905031E-9	3.548958E-9	3.924898E-9	3.482172E-9	3.466880E-9	3.527634E-9	3.457849E-9	3.594402E-9	3.345976E-9	3.966861E-9	3.764355E-9	3.865042E-9	3.473264E-9	3.785988E-9	3.668221E-9	3.884595E-9	3.334167E-9	3.430556E-9	3.667865E-9	3.768628E-9	3.872334E-9	3.603465E-9	3.671204E-9	3.327736E-9	3.571732E-9
0:12:25	0	2.742644E+1	2.556000E+1	2.558600E+1	5.320000E-4	-1.900200E-3	4.151975E+2	1.210200E-7	1.198825E-7	3.692613E-9	3.953176E-9	3.638473E-9	3.483980E-9	3.671657E-9	3.895604E-9	4.014938E-9	4.014102E-9	3.646765E-9	4.034099E-9	3.578847E-9	3.568361E-9	3.629173E-9	3.550552E-9	3.702151E-9	3.443187E-9	4.080007E-9	3.872360E-9	3.979873E-9	3.574007E-9	3.897675E-9	3.773354E-9	3.997887E-9	3.431353E-9	3.526461E-9	3.777145E-9	3.879631E-9	3.985287E-9	3.710751E-9	3.780318E-9	3.425580E-9	3.673158E-9
0:12:39	0	2.741656E+1	2.556400E+1	2.558900E+1	5.320000E-4	-1.887500E-3	4.160638E+2	1.240800E-7	1.233528E-7	3.795091E-9	4.071274E-9	3.737905E-9	3.583847E-9	3.776828E-9	4.009000E-9	4.126490E-9	4.128562E-9	3.752243E-9	4.149745E-9	3.686270E-9	3.673061E-9	3.735273E-9	3.657202E-9	3.806669E-9	3.540903E-9	4.200185E-9	3.984770E-9	4.091682E-9	3.674374E-9	4.011633E-9	3.888378E-9	4.112000E-9	3.530112E-9	3.629301E-9	3.881778E-9	3.989434E-9	4.100077E-9	3.821636E-9	3.894120E-9	3.530388E-9	3.782563E-9
0:12:52	0	2.741831E+1	2.555700E+1	2.558800E+1	5.320000E-4	-1.900200E-3	4.169300E+2	1.271400E-7	1.264504E-7	3.885901E-9	4.169195E-9	3.831522E-9	3.674536E-9	3.871924E-9	4.108757E-9	4.238361E-9	4.228059E-9	3.842190E-9	4.249974E-9	3.778834E-9	3.762102E-9	3.826866E-9	3.748138E-9	3.904789E-9	3.627734E-9	4.301674E-9	4.083396E-9	4.199398E-9	3.767844E-9	4.116568E-9	3.984819E-9	4.219481E-9	3.622452E-9	3.717260E-9	3.984024E-9	4.089198E-9	4.202396E-9	3.919703E-9	3.999558E-9	3.616379E-9	3.877342E-9
0:13:06	0	2.741884E+1	2.556100E+1	2.558400E+1	5.194000E-4	-1.925500E-3	4.177963E+2	1.309900E-7	1.302372E-7	3.993929E-9	4.293664E-9	3.945618E-9	3.786869E-9	3.986979E-9	4.231899E-9	4.359703E-9	4.351968E-9	3.952611E-9	4.374467E-9	3.888913E-9	3.877032E-9	3.941454E-9	3.862487E-9	4.020076E-9	3.734501E-9	4.427046E-9	4.206067E-9	4.325316E-9	3.883381E-9	4.242896E-9	4.106583E-9	4.345599E-9	3.730780E-9	3.828361E-9	4.100402E-9	4.213780E-9	4.333837E-9	4.039050E-9	4.120964E-9	3.728837E-9	4.002132E-9
0:13:19	0	2.741679E+1	2.556000E+1	2.558000E+1	5.194000E-4	-1.938200E-3	4.186625E+2	1.349500E-7	1.341964E-7	4.109399E-9	4.419077E-9	4.066543E-9	3.902430E-9	4.107798E-9	4.364594E-9	4.490648E-9	4.479110E-9	4.067977E-9	4.503637E-9	4.009171E-9	3.994742E-9	4.064149E-9	3.979928E-9	4.146130E-9	3.849306E-9	4.556155E-9	4.331821E-9	4.451990E-9	4.001739E-9	4.371998E-9	4.238868E-9	4.478984E-9	3.844269E-9	3.944569E-9	4.224380E-9	4.343473E-9	4.468255E-9	4.161996E-9	4.255109E-9	3.845686E-9	4.122489E-9
0:13:33	0	2.742583E+1	2.555700E+1	2.557900E+1	5.320000E-4	-1.963500E-3	4.195288E+2	1.384300E-7	1.377316E-7	4.214023E-9	4.536166E-9	4.169388E-9	4.001600E-9	4.216771E-9	4.479186E-9	4.613507E-9	4.594585E-9	4.170095E-9	4.619031E-9	4.115013E-9	4.096791E-9	4.167018E-9	4.084873E-9	4.254451E-9	3.945631E-9	4.678296E-9	4.448196E-9	4.568523E-9	4.109691E-9	4.488606E-9	4.345136E-9	4.598343E-9	3.947686E-9	4.046779E-9	4.336549E-9	4.471020E-9	4.583234E-9	4.277242E-9	4.370051E-9	3.946919E-9	4.237214E-9
0:13:46	0	2.742971E+1	2.555200E+1	2.557700E+1	5.447000E-4	-1.976200E-3	4.203950E+2	1.428900E-7	1.420776E-7	4.341852E-9	4.677342E-9	4.300176E-9	4.128742E-9	4.350262E-9	4.614080E-9	4.748432E-9	4.737264E-9	4.299852E-9	4.758628E-9	4.244188E-9	4.231427E-9	4.302131E-9	4.216830E-9	4.389501E-9	4.072396E-9	4.831036E-9	4.587292E-9	4.712141E-9	4.238081E-9	4.637206E-9	4.489514E-9	4.742658E-9	4.070491E-9	4.172949E-9	4.474281E-9	4.600713E-9	4.732340E-9	4.420900E-9	4.512811E-9	4.070855E-9	4.371247E-9
0:14:00	0	2.743845E+1	2.555500E+1	2.557400E+1	5.320000E-4	-1.963500E-3	4.212613E+2	1.476200E-7	1.466330E-7	4.475420E-9	4.821039E-9	4.436460E-9	4.262784E-9	4.486351E-9	4.765820E-9	4.902179E-9	4.887236E-9	4.430620E-9	4.908842E-9	4.379874E-9	4.358861E-9	4.440725E-9	4.347146E-9	4.530568E-9	4.206189E-9	4.976111E-9	4.734382E-9	4.868295E-9	4.374181E-9	4.788962E-9	4.637986E-9	4.899296E-9	4.208971E-9	4.304480E-9	4.617601E-9	4.742531E-9	4.884993E-9	4.563864E-9	4.665900E-9	4.205520E-9	4.519843E-9
0:14:13	0	2.741747E+1	2.555400E+1	2.557300E+1	5.447000E-4	-1.976200E-3	4.221275E+2	1.514200E-7	1.506569E-7	4.584834E-9	4.950487E-9	4.558585E-9	4.379042E-9	4.614646E-9	4.892418E-9	5.036092E-9	5.016091E-9	4.549663E-9	5.041804E-9	4.497349E-9	4.482381E-9	4.563800E-9	4.469508E-9	4.659410E-9	4.324095E-9	5.109021E-9	4.863220E-9	5.002591E-9	4.501003E-9	4.924815E-9	4.766238E-9	5.036535E-9	4.320759E-9	4.424408E-9	4.745723E-9	4.870393E-9	5.023525E-9	4.681506E-9	4.796240E-9	4.328830E-9	4.641846E-9
0:14:27	0	2.731730E+1	2.554400E+1	2.557500E+1	5.194000E-4	-1.976200E-3	4.229938E+2	1.560600E-7	1.556626E-7	4.733349E-9	5.104526E-9	4.708081E-9	4.525676E-9	4.767396E-9	5.055033E-9	5.209675E-9	5.179633E-9	4.696152E-9	5.206615E-9	4.643910E-9	4.632675E-9	4.718673E-9	4.623172E-9	4.815173E-9	4.462948E-9	5.278233E-9	5.028185E-9	5.166240E-9	4.648135E-9	5.085467E-9	4.928821E-9	5.206252E-9	4.468553E-9	4.564702E-9	4.909581E-9	5.033299E-9	5.186497E-9	4.842783E-9	4.963521E-9	4.472900E-9	4.796710E-9
0:14:40	0	2.741611E+1	2.555500E+1	2.557200E+1	5.447000E-4	-1.938200E-3	4.238600E+2	1.618300E-7	1.609347E-7	4.884007E-9	5.271681E-9	4.864341E-9	4.678386E-9	4.929081E-9	5.229781E-9	5.390459E-9	5.353956E-9	4.843465E-9	5.373893E-9	4.801978E-9	4.788148E-9	4.877918E-9	4.777656E-9	4.981262E-9	4.616169E-9	5.448141E-9	5.192583E-9	5.343119E-9	4.807617E-9	5.260633E-9	5.093545E-9	5.385384E-9	4.618864E-9	4.723913E-9	5.074004E-9	5.212559E-9	5.366756E-9	5.015110E-9	5.133148E-9	4.628198E-9	4.968921E-9
0:14:54	0	2.741831E+1	2.555300E+1	2.558400E+1	5.320000E-4	-1.938200E-3	4.247263E+2	1.660300E-7	1.656331E-7	5.022746E-9	5.423702E-9	5.002586E-9	4.817427E-9	5.071947E-9	5.377562E-9	5.546038E-9	5.505767E-9	4.987989E-9	5.528404E-9	4.941393E-9	4.927328E-9	5.022466E-9	4.917942E-9	5.132528E-9	4.749073E-9	5.602464E-9	5.342568E-9	5.500469E-9	4.949923E-9	5.425134E-9	5.245105E-9	5.544739E-9	4.756460E-9	4.855127E-9	5.220339E-9	5.358291E-9	5.525675E-9	5.157884E-9	5.288581E-9	4.765620E-9	5.119858E-9
0:15:07	0	2.741656E+1	2.554900E+1	2.557200E+1	5.447000E-4	-1.950800E-3	4.255925E+2	1.721400E-7	1.714681E-7	5.189927E-9	5.610149E-9	5.176734E-9	4.987097E-9	5.248838E-9	5.578333E-9	5.736864E-9	5.695497E-9	5.154255E-9	5.720200E-9	5.114762E-9	5.100546E-9	5.196026E-9	5.087256E-9	5.317367E-9	4.912040E-9	5.797522E-9	5.528681E-9	5.694229E-9	5.129781E-9	5.617715E-9	5.432065E-9	5.750913E-9	4.929872E-9	5.021399E-9	5.406493E-9	5.545633E-9	5.723977E-9	5.339117E-9	5.483237E-9	4.938228E-9	5.303340E-9
0:15:21	0	2.740470E+1	2.555700E+1	2.558200E+1	5.194000E-4	-1.938200E-3	4.264588E+2	1.781500E-7	1.776453E-7	5.365371E-9	5.806875E-9	5.363272E-9	5.165881E-9	5.440172E-9	5.777531E-9	5.943482E-9	5.902287E-9	5.331616E-9	5.921601E-9	5.298691E-9	5.282100E-9	5.386816E-9	5.277902E-9	5.511136E-9	5.087791E-9	5.999232E-9	5.726374E-9	5.898318E-9	5.308698E-9	5.830234E-9	5.634459E-9	5.955635E-9	5.103536E-9	5.199589E-9	5.605333E-9	5.733291E-9	5.932093E-9	5.552047E-9	5.685812E-9	5.117360E-9	5.500750E-9
0:15:34	0	2.731828E+1	2.556000E+1	2.558500E+1	5.320000E-4	-1.887500E-3	4.273250E+2	1.837900E-7	1.831712E-7	5.522776E-9	5.979073E-9	5.530342E-9	5.324098E-9	5.609269E-9	5.956993E-9	6.134561E-9	6.080033E-9	5.492113E-9	6.097725E-9	5.465990E-9	5.444962E-9	5.557145E-9	5.447153E-9	5.688690E-9	5.251582E-9	6.183078E-9	5.908396E-9	6.080991E-9	5.474575E-9	6.005841E-9	5.806742E-9	6.141275E-9	5.266248E-9	5.360124E-9	5.784515E-9	5.922211E-9	6.119061E-9	5.714207E-9	5.872548E-9	5.277802E-9	5.671060E-9
0:15:48	0	2.731502E+1	2.555900E+1	2.558400E+1	5.194000E-4	-1.900200E-3	4.281913E+2	1.906100E-7	1.899656E-7	5.714868E-9	6.195850E-9	5.725161E-9	5.527817E-9	5.813654E-9	6.173164E-9	6.363480E-9	6.308069E-9	5.685699E-9	6.310946E-9	5.665535E-9	5.644765E-9	5.761870E-9	5.648714E-9	5.908685E-9	5.448850E-9	6.405315E-9	6.123209E-9	6.304357E-9	5.684836E-9	6.239816E-9	6.035971E-9	6.371968E-9	5.468173E-9	5.555968E-9	5.991520E-9	6.138662E-9	6.347187E-9	5.936673E-9	6.091724E-9	5.482712E-9	5.890376E-9
0:16:01	0	2.736115E+1	2.556200E+1	2.558500E+1	5.320000E-4	-1.874800E-3	4.290575E+2	1.975600E-7	1.972938E-7	5.915030E-9	6.426436E-9	5.942419E-9	5.732485E-9	6.043889E-9	6.417560E-9	6.606355E-9	6.551066E-9	5.897288E-9	6.545461E-9	5.883163E-9	5.866355E-9	5.987561E-9	5.874887E-9	6.140017E-9	5.659663E-9	6.638257E-9	6.353254E-9	6.553800E-9	5.903686E-9	6.486285E-9	6.268854E-9	6.619403E-9	5.683759E-9	5.767260E-9	6.222076E-9	6.382581E-9	6.598294E-9	6.160591E-9	6.341129E-9	5.696277E-9	6.128622E-9
0:16:15	0	2.741687E+1	2.556800E+1	2.558900E+1	5.194000E-4	-1.900200E-3	4.299238E+2	2.048300E-7	2.045556E-7	6.122509E-9	6.650275E-9	6.156707E-9	5.945318E-9	6.262213E-9	6.659126E-9	6.855674E-9	6.793557E-9	6.103806E-9	6.780483E-9	6.094404E-9	6.078598E-9	6.208818E-9	6.091910E-9	6.362421E-9	5.878196E-9	6.884630E-9	6.590537E-9	6.790141E-9	6.121596E-9	6.733637E-9	6.504823E-9	6.862604E-9	5.895251E-9	5.971554E-9	6.448678E-9	6.613618E-9	6.843638E-9	6.397582E-9	6.582040E-9	5.914422E-9	6.356803E-9
0:16:28	0	2.741641E+1	2.557300E+1	2.559300E+1	5.320000E-4	-1.887500E-3	4.307900E+2	2.125200E-7	2.121509E-7	6.340521E-9	6.893596E-9	6.378392E-9	6.161567E-9	6.492703E-9	6.906600E-9	7.107646E-9	7.038331E-9	6.324524E-9	7.027132E-9	6.321075E-9	6.304547E-9	6.441796E-9	6.327551E-9	6.609083E-9	6.092236E-9	7.121373E-9	6.823035E-9	7.044560E-9	6.350353E-9	6.991084E-9	6.760508E-9	7.127037E-9	6.118075E-9	6.184107E-9	6.681306E-9	6.858419E-9	7.088856E-9	6.639939E-9	6.837334E-9	6.147243E-9	6.610371E-9
0:16:42	0	2.741884E+1	2.557000E+1	2.559600E+1	5.320000E-4	-1.887500E-3	4.316563E+2	2.213900E-7	2.209293E-7	6.579657E-9	7.172669E-9	6.638699E-9	6.417815E-9	6.762599E-9	7.198264E-9	7.395055E-9	7.340493E-9	6.571673E-9	7.300196E-9	6.584543E-9	6.558090E-9	6.706696E-9	6.588937E-9	6.891724E-9	6.348365E-9	7.408163E-9	7.098585E-9	7.335577E-9	6.618038E-9	7.286327E-9	7.049074E-9	7.427548E-9	6.383513E-9	6.436513E-9	6.961039E-9	7.143252E-9	7.388651E-9	6.918100E-9	7.126593E-9	6.402081E-9	6.890784E-9
0:16:55	0	2.741626E+1	2.557500E+1	2.559300E+1	5.194000E-4	-1.900200E-3	4.325225E+2	2.300300E-7	2.295973E-7	6.824091E-9	7.433898E-9	6.892242E-9	6.673049E-9	7.032494E-9	7.470819E-9	7.697559E-9	7.618433E-9	6.818568E-9	7.576862E-9	6.833595E-9	6.815991E-9	6.978564E-9	6.852532E-9	7.167651E-9	6.606011E-9	7.693878E-9	7.380806E-9	7.623695E-9	6.879831E-9	7.585862E-9	7.331090E-9	7.727237E-9	6.632647E-9	6.680341E-9	7.237066E-9	7.418172E-9	7.678254E-9	7.197587E-9	7.408121E-9	6.664255E-9	7.166068E-9
0:17:09	0	2.741732E+1	2.556500E+1	2.559200E+1	5.320000E-4	-1.925500E-3	4.333888E+2	2.396800E-7	2.388444E-7	7.081768E-9	7.711709E-9	7.164558E-9	6.938346E-9	7.318165E-9	7.789387E-9	8.016804E-9	7.925922E-9	7.071993E-9	7.876405E-9	7.105155E-9	7.092204E-9	7.266140E-9	7.135058E-9	7.462582E-9	6.867833E-9	7.979591E-9	7.675741E-9	7.936885E-9	7.155164E-9	7.900162E-9	7.632948E-9	8.049042E-9	6.907210E-9	6.939112E-9	7.523142E-9	7.721316E-9	7.987990E-9	7.498607E-9	7.719746E-9	6.935712E-9	7.458003E-9
0:17:22	0	2.741740E+1	2.556400E+1	2.559300E+1	5.194000E-4	-1.950800E-3	4.342550E+2	2.503100E-7	2.496254E-7	7.374318E-9	8.053961E-9	7.478784E-9	7.250538E-9	7.648438E-9	8.140201E-9	8.369213E-9	8.291116E-9	7.381960E-9	8.216708E-9	7.424199E-9	7.402392E-9	7.589443E-9	7.461003E-9	7.811165E-9	7.185855E-9	8.330556E-9	8.014357E-9	8.293286E-9	7.487482E-9	8.265699E-9	7.985452E-9	8.418808E-9	7.235277E-9	7.247129E-9	7.857327E-9	8.063166E-9	8.355722E-9	7.841556E-9	8.084217E-9	7.254148E-9	7.811922E-9
0:17:36	0	2.741618E+1	2.557300E+1	2.559100E+1	5.447000E-4	-1.925500E-3	4.351213E+2	2.603900E-7	2.603058E-7	7.665229E-9	8.376481E-9	7.786309E-9	7.555135E-9	7.971996E-9	8.490326E-9	8.747518E-9	8.655236E-9	7.673226E-9	8.551897E-9	7.739134E-9	7.718894E-9	7.922753E-9	7.782782E-9	8.155820E-9	7.496536E-9	8.672086E-9	8.351400E-9	8.644776E-9	7.811776E-9	8.622026E-9	8.338334E-9	8.781747E-9	7.546033E-9	7.548021E-9	8.196723E-9	8.409060E-9	8.713770E-9	8.195493E-9	8.441025E-9	7.582743E-9	8.161472E-9
0:17:49	0	2.741854E+1	2.556300E+1	2.559000E+1	5.447000E-4	-1.963500E-3	4.359875E+2	2.733600E-7	2.727471E-7	8.011006E-9	8.762680E-9	8.148702E-9	7.910740E-9	8.356629E-9	8.901611E-9	9.179010E-9	9.073634E-9	8.013872E-9	8.940038E-9	8.101615E-9	8.090778E-9	8.300087E-9	8.162241E-9	8.560213E-9	7.874049E-9	9.069107E-9	8.744143E-9	9.057364E-9	8.185908E-9	9.054323E-9	8.741109E-9	9.220697E-9	7.912811E-9	7.896833E-9	8.573681E-9	8.800983E-9	9.132597E-9	8.595530E-9	8.855554E-9	7.956687E-9	8.562878E-9
0:18:14	1	2.741702E+1	2.556500E+1	2.558300E+1	5.194000E-4	-1.963500E-3	0.000000E+0	-2.272700E-9	2.839728E-9	1.020365E-10	8.455369E-11	8.925512E-11	8.746218E-11	8.901529E-11	8.749919E-11	8.975979E-11	8.947601E-11	8.703095E-11	8.316440E-11	8.289066E-11	8.272539E-11	9.273422E-11	7.976648E-11	9.070900E-11	8.347704E-11	8.710766E-11	8.679413E-11	8.377783E-11	9.027364E-11	8.991676E-11	8.944909E-11	9.117732E-11	8.994775E-11	9.161673E-11	8.346726E-11	9.275588E-11	8.940053E-11	9.162539E-11	9.295557E-11	9.458346E-11	9.332278E-11
0:18:27	1	2.741778E+1	2.555800E+1	2.558000E+1	5.320000E-4	-1.976200E-3	0.000000E+0	2.183800E-9	2.903521E-9	1.053159E-10	8.896825E-11	9.209913E-11	9.201798E-11	9.446323E-11	9.259081E-11	9.064429E-11	9.302682E-11	9.070745E-11	9.175898E-11	8.864394E-11	8.714567E-11	9.868804E-11	8.481440E-11	8.817503E-11	8.518550E-11	8.837478E-11	8.691933E-11	8.755658E-11	8.651195E-11	8.808687E-11	8.774761E-11	8.902874E-11	8.856256E-11	9.426549E-11	8.516368E-11	9.597553E-11	8.933756E-11	9.232021E-11	9.194125E-11	9.245067E-11	9.503291E-11
0:18:40	1	2.741542E+1	2.556400E+1	2.558400E+1	5.067000E-4	-1.925500E-3	1.000000E+1	3.670900E-9	3.472672E-9	1.230368E-10	1.087666E-10	1.091033E-10	1.076505E-10	1.109361E-10	1.101282E-10	1.085199E-10	1.110361E-10	1.094712E-10	1.081889E-10	1.059058E-10	1.063431E-10	1.158545E-10	1.038096E-10	1.043909E-10	1.048049E-10	1.062396E-10	1.049204E-10	1.056986E-10	1.059459E-10	1.068908E-10	1.053858E-10	1.061516E-10	1.060612E-10	1.128656E-10	1.057001E-10	1.122034E-10	1.077618E-10	1.085493E-10	1.089235E-10	1.117062E-10	1.097215E-10
0:18:54	1	2.741869E+1	2.556700E+1	2.558700E+1	5.320000E-4	-1.938200E-3	2.000000E+1	4.126400E-9	3.611197E-9	1.279558E-10	1.131802E-10	1.142864E-10	1.125860E-10	1.148637E-10	1.152823E-10	1.135108E-10	1.166161E-10	1.133378E-10	1.115390E-10	1.101419E-10	1.112688E-10	1.199714E-10	1.076590E-10	1.086348E-10	1.090451E-10	1.108010E-10	1.088859E-10	1.090994E-10	1.113365E-10	1.103614E-10	1.109288E-10	1.094373E-10	1.095232E-10	1.149469E-10	1.085892E-10	1.183915E-10	1.127634E-10	1.125906E-10	1.125346E-10	1.169748E-10	1.141532E-10
0:19:07	1	2.741679E+1	2.556700E+1	2.558700E+1	5.320000E-4	-1.950800E-3	3.000000E+1	4.482600E-9	3.785805E-9	1.341362E-10	1.176565E-10	1.183329E-10	1.170169E-10	1.199326E-10	1.228259E-10	1.205848E-10	1.234645E-10	1.204366E-10	1.184905E-10	1.138091E-10	1.172672E-10	1.262422E-10	1.121401E-10	1.145257E-10	1.156901E-10	1.160595E-10	1.154307E-10	1.151464E-10	1.156623E-10	1.138946E-10	1.164091E-10	1.155030E-10	1.147480E-10	1.208109E-10	1.131738E-10	1.229369E-10	1.192853E-10	1.163797E-10	1.164638E-10	1.207384E-10	1.206110E-10
0:19:21	1	2.741641E+1	2.556600E+1	2.559100E+1	5.320000E-4	-1.938200E-3	4.000000E+1	4.767900E-9	3.964368E-9	1.400010E-10	1.222602E-10	1.229472E-10	1.195475E-10	1.251275E-10	1.265343E-10	1.245646E-10	1.304400E-10	1.269660E-10	1.251257E-10	1.177917E-10	1.230772E-10	1.305501E-10	1.182610E-10	1.199737E-10	1.211962E-10	1.232182E-10	1.194598E-10	1.211308E-10	1.239378E-10	1.215300E-10	1.218268E-10	1.215059E-10	1.195315E-10	1.264219E-10	1.188262E-10	1.288728E-10	1.248567E-10	1.226939E-10	1.229268E-10	1.259436E-10	1.273216E-10
0:19:34	1	2.741557E+1	2.556800E+1	2.559200E+1	5.320000E-4	-1.950800E-3	5.000000E+1	5.108700E-9	4.163379E-9	1.470008E-10	1.280603E-10	1.291422E-10	1.263193E-10	1.305764E-10	1.349571E-10	1.308180E-10	1.394446E-10	1.348894E-10	1.321400E-10	1.232924E-10	1.293288E-10	1.380239E-10	1.239405E-10	1.271946E-10	1.276524E-10	1.299329E-10	1.241794E-10	1.278709E-10	1.259439E-10	1.268304E-10	1.301412E-10	1.272564E-10	1.247553E-10	1.315293E-10	1.246680E-10	1.380912E-10	1.304280E-10	1.277460E-10	1.280594E-10	1.302092E-10	1.329567E-10
0:19:48	1	2.741588E+1	2.556400E+1	2.558800E+1	5.067000E-4	-1.963500E-3	6.000000E+1	5.351000E-9	4.349676E-9	1.521717E-10	1.341770E-10	1.349569E-10	1.318891E-10	1.369115E-10	1.397351E-10	1.356184E-10	1.453420E-10	1.397066E-10	1.380171E-10	1.286674E-10	1.360859E-10	1.441687E-10	1.301879E-10	1.325155E-10	1.336010E-10	1.371556E-10	1.330543E-10	1.337289E-10	1.348459E-10	1.335822E-10	1.346142E-10	1.332583E-10	1.318055E-10	1.374569E-10	1.310104E-10	1.419428E-10	1.357465E-10	1.314713E-10	1.323047E-10	1.351016E-10	1.388447E-10
0:20:01	1	2.741709E+1	2.557300E+1	2.559200E+1	5.320000E-4	-1.912800E-3	7.000000E+1	5.611600E-9	4.489652E-9	1.570907E-10	1.393471E-10	1.371064E-10	1.359394E-10	1.419164E-10	1.447007E-10	1.433247E-10	1.509860E-10	1.449682E-10	1.442732E-10	1.334725E-10	1.418958E-10	1.482226E-10	1.332174E-10	1.373935E-10	1.390441E-10	1.423501E-10	1.363898E-10	1.376976E-10	1.362878E-10	1.397661E-10	1.385829E-10	1.371765E-10	1.344496E-10	1.400420E-10	1.328318E-10	1.448475E-10	1.403054E-10	1.364597E-10	1.361698E-10	1.400563E-10	1.433405E-10
0:20:15	1	2.741717E+1	2.557800E+1	2.559400E+1	5.194000E-4	-1.912800E-3	8.000000E+1	5.820700E-9	4.631340E-9	1.619471E-10	1.427523E-10	1.420370E-10	1.373311E-10	1.473023E-10	1.482205E-10	1.502731E-10	1.580886E-10	1.487077E-10	1.490768E-10	1.365078E-10	1.445476E-10	1.537334E-10	1.395913E-10	1.408145E-10	1.429047E-10	1.470376E-10	1.404814E-10	1.429252E-10	1.414904E-10	1.425424E-10	1.442522E-10	1.427993E-10	1.381630E-10	1.447075E-10	1.376057E-10	1.517931E-10	1.435978E-10	1.402488E-10	1.400350E-10	1.431921E-10	1.466328E-10
0:20:28	1	2.741649E+1	2.557000E+1	2.559200E+1	5.067000E-4	-1.950800E-3	9.000000E+1	6.079200E-9	4.779790E-9	1.659193E-10	1.473550E-10	1.469676E-10	1.427111E-10	1.511030E-10	1.538778E-10	1.528638E-10	1.641762E-10	1.542225E-10	1.542585E-10	1.408068E-10	1.489051E-10	1.564573E-10	1.440714E-10	1.468314E-10	1.479671E-10	1.513460E-10	1.448871E-10	1.491621E-10	1.443743E-10	1.489784E-10	1.496689E-10	1.467803E-10	1.442682E-10	1.493739E-10	1.410600E-10	1.546350E-10	1.489163E-10	1.441007E-10	1.435201E-10	1.481478E-10	1.520770E-10
0:20:42	1	2.741801E+1	2.556400E+1	2.558900E+1	5.320000E-4	-1.963500E-3	1.000000E+2	6.257700E-9	4.955030E-9	1.723516E-10	1.529034E-10	1.530359E-10	1.489763E-10	1.549046E-10	1.608548E-10	1.615802E-10	1.709614E-10	1.582162E-10	1.597564E-10	1.466240E-10	1.530732E-10	1.622851E-10	1.491831E-10	1.518993E-10	1.545492E-10	1.581877E-10	1.497329E-10	1.537603E-10	1.492018E-10	1.519439E-10	1.511814E-10	1.530993E-10	1.499331E-10	1.538502E-10	1.462722E-10	1.608221E-10	1.544246E-10	1.501626E-10	1.504272E-10	1.532907E-10	1.575853E-10
0:20:56	1	2.741831E+1	2.556300E+1	2.558400E+1	5.320000E-4	-2.014200E-3	1.200000E+2	6.886400E-9	5.406887E-9	1.882437E-10	1.672798E-10	1.680802E-10	1.612540E-10	1.714405E-10	1.756900E-10	1.742764E-10	1.866873E-10	1.737457E-10	1.748595E-10	1.611030E-10	1.660818E-10	1.766637E-10	1.635089E-10	1.681792E-10	1.704349E-10	1.728222E-10	1.628872E-10	1.680588E-10	1.635578E-10	1.655739E-10	1.658582E-10	1.677584E-10	1.636558E-10	1.672185E-10	1.596502E-10	1.737665E-10	1.679112E-10	1.622866E-10	1.623399E-10	1.665251E-10	1.694882E-10
0:21:09	1	2.741679E+1	2.555800E+1	2.558300E+1	5.320000E-4	-2.014200E-3	1.400000E+2	7.585400E-9	6.042714E-9	2.081090E-10	1.892223E-10	1.828082E-10	1.777717E-10	1.898136E-10	1.941076E-10	1.955005E-10	2.109744E-10	1.946639E-10	1.971675E-10	1.800707E-10	1.873628E-10	1.957301E-10	1.827562E-10	1.883219E-10	1.887885E-10	1.937283E-10	1.826509E-10	1.890349E-10	1.827404E-10	1.867756E-10	1.860790E-10	1.887984E-10	1.838603E-10	1.870797E-10	1.796214E-10	1.928990E-10	1.876649E-10	1.824304E-10	1.803344E-10	1.855291E-10	1.903187E-10
0:21:23	1	2.741572E+1	2.556300E+1	2.558800E+1	5.320000E-4	-1.963500E-3	1.600000E+2	8.520400E-9	6.972431E-9	2.379378E-10	2.195509E-10	2.139716E-10	2.047318E-10	2.180705E-10	2.249083E-10	2.272100E-10	2.443302E-10	2.226808E-10	2.263003E-10	2.087763E-10	2.143910E-10	2.244243E-10	2.127309E-10	2.167636E-10	2.210015E-10	2.248333E-10	2.105334E-10	2.169399E-10	2.087565E-10	2.151703E-10	2.147405E-10	2.180537E-10	2.142629E-10	2.170930E-10	2.066282E-10	2.206179E-10	2.164732E-10	2.097735E-10	2.086591E-10	2.141931E-10	2.179227E-10
0:21:37	1	2.741649E+1	2.557000E+1	2.559400E+1	5.320000E-4	-1.950800E-3	1.800000E+2	9.528000E-9	8.270593E-9	2.795600E-10	2.585803E-10	2.550591E-10	2.429565E-10	2.580483E-10	2.673381E-10	2.718062E-10	2.899872E-10	2.636936E-10	2.712316E-10	2.490513E-10	2.570167E-10	2.638871E-10	2.517942E-10	2.581272E-10	2.609367E-10	2.689257E-10	2.517579E-10	2.578837E-10	2.476243E-10	2.568793E-10	2.528500E-10	2.596928E-10	2.536662E-10	2.574476E-10	2.457548E-10	2.582500E-10	2.568050E-10	2.487342E-10	2.459806E-10	2.506337E-10	2.586331E-10
0:21:51	1	2.741846E+1	2.557500E+1	2.559400E+1	5.320000E-4	-1.950800E-3	2.000000E+2	1.115200E-8	9.947620E-9	3.341095E-10	3.122390E-10	3.047445E-10	2.916235E-10	3.108864E-10	3.212075E-10	3.280875E-10	3.501657E-10	3.175091E-10	3.270330E-10	3.000763E-10	3.050099E-10	3.174115E-10	3.044880E-10	3.122236E-10	3.158074E-10	3.237882E-10	3.026761E-10	3.097878E-10	2.974002E-10	3.077377E-10	3.042522E-10	3.108739E-10	3.050284E-10	3.085843E-10	2.964389E-10	3.112895E-10	3.095460E-10	2.989994E-10	2.971153E-10	3.015633E-10	3.099162E-10
0:22:04	1	2.741755E+1	2.556900E+1	2.558900E+1	5.320000E-4	-1.976200E-3	2.200000E+2	1.332200E-8	1.210254E-8	4.032270E-10	3.807141E-10	3.700421E-10	3.550999E-10	3.765227E-10	3.916089E-10	4.016769E-10	4.287350E-10	3.833697E-10	3.968631E-10	3.662750E-10	3.693583E-10	3.841115E-10	3.710654E-10	3.801918E-10	3.853609E-10	3.917639E-10	3.675046E-10	3.793923E-10	3.617200E-10	3.741817E-10	3.722206E-10	3.783559E-10	3.718751E-10	3.756734E-10	3.609393E-10	3.791036E-10	3.755836E-10	3.637881E-10	3.624444E-10	3.652876E-10	3.784845E-10
0:22:18	1	2.741702E+1	2.556300E+1	2.558700E+1	5.447000E-4	-2.001500E-3	2.400000E+2	1.624100E-8	1.495380E-8	4.930918E-10	4.745368E-10	4.577794E-10	4.375617E-10	4.654750E-10	4.865892E-10	5.009748E-10	5.307655E-10	4.717956E-10	4.907071E-10	4.535914E-10	4.544832E-10	4.735518E-10	4.612445E-10	4.719768E-10	4.739644E-10	4.831790E-10	4.536052E-10	4.670125E-10	4.470404E-10	4.620165E-10	4.587719E-10	4.716808E-10	4.591161E-10	4.630656E-10	4.448468E-10	4.657979E-10	4.627042E-10	4.487205E-10	4.490000E-10	4.517181E-10	4.674385E-10
0:22:32	1	2.741542E+1	2.556400E+1	2.558800E+1	5.320000E-4	-1.976200E-3	2.600000E+2	1.994200E-8	1.878593E-8	6.144889E-10	5.944638E-10	5.725089E-10	5.494523E-10	5.860407E-10	6.118027E-10	6.338140E-10	6.691330E-10	5.909643E-10	6.172225E-10	5.706245E-10	5.702979E-10	5.921932E-10	5.805147E-10	5.932815E-10	5.954133E-10	6.070943E-10	5.682818E-10	5.859387E-10	5.606344E-10	5.829160E-10	5.766299E-10	5.968515E-10	5.763185E-10	5.792100E-10	5.600303E-10	5.832415E-10	5.805332E-10	5.645309E-10	5.647025E-10	5.688177E-10	5.879865E-10
0:22:46	1	2.741595E+1	2.556200E+1	2.559100E+1	5.320000E-4	-1.976200E-3	2.800000E+2	2.527200E-8	2.400275E-8	7.781384E-10	7.595369E-10	7.323085E-10	7.039975E-10	7.493087E-10	7.844126E-10	8.167450E-10	8.603862E-10	7.515261E-10	7.891121E-10	7.288818E-10	7.291183E-10	7.553013E-10	7.445287E-10	7.587997E-10	7.612914E-10	7.697795E-10	7.260082E-10	7.497136E-10	7.165441E-10	7.443878E-10	7.356215E-10	7.633461E-10	7.385901E-10	7.333758E-10	7.142165E-10	7.437486E-10	7.424923E-10	7.207555E-10	7.245707E-10	7.239906E-10	7.522194E-10
0:22:59	1	2.741747E+1	2.556500E+1	2.559700E+1	5.447000E-4	-1.976200E-3	3.000000E+2	3.226600E-8	3.106344E-8	9.965902E-10	9.872211E-10	9.489355E-10	9.159437E-10	9.725741E-10	1.014601E-9	1.059052E-9	1.107887E-9	9.681848E-10	1.016739E-9	9.403141E-10	9.434454E-10	9.747848E-10	9.615513E-10	9.779702E-10	9.764711E-10	9.949299E-10	9.425837E-10	9.729531E-10	9.303785E-10	9.639749E-10	9.548976E-10	9.879713E-10	9.488872E-10	9.452987E-10	9.327136E-10	9.657561E-10	9.640311E-10	9.393693E-10	9.437480E-10	9.414443E-10	9.722321E-10
0:23:13	1	2.741839E+1	2.557000E+1	2.559300E+1	5.194000E-4	-1.976200E-3	3.200000E+2	4.244100E-8	4.105630E-8	1.309195E-9	1.307342E-9	1.258230E-9	1.220921E-9	1.286122E-9	1.339266E-9	1.390298E-9	1.442517E-9	1.276567E-9	1.338274E-9	1.246207E-9	1.247823E-9	1.280035E-9	1.269194E-9	1.290827E-9	1.280570E-9	1.309721E-9	1.252938E-9	1.289039E-9	1.232605E-9	1.282756E-9	1.266393E-9	1.307375E-9	1.251271E-9	1.246253E-9	1.238071E-9	1.277677E-9	1.284340E-9	1.245631E-9	1.254296E-9	1.247398E-9	1.287150E-9
0:23:27	1	2.741877E+1	2.557000E+1	2.559000E+1	5.320000E-4	-1.976200E-3	3.400000E+2	5.700900E-8	5.569554E-8	1.760414E-9	1.772673E-9	1.710005E-9	1.663863E-9	1.744374E-9	1.813346E-9	1.877376E-9	1.927752E-9	1.725606E-9	1.805220E-9	1.687405E-9	1.695360E-9	1.732113E-9	1.716744E-9	1.746779E-9	1.720675E-9	1.775542E-9	1.704278E-9	1.752524E-9	1.678831E-9	1.747674E-9	1.725290E-9	1.776971E-9	1.692323E-9	1.690276E-9	1.693846E-9	1.740318E-9	1.753313E-9	1.701423E-9	1.714069E-9	1.697736E-9	1.751423E-9
0:23:41	1	2.741861E+1	2.557000E+1	2.559000E+1	5.447000E-4	-1.963500E-3	3.600000E+2	7.924000E-8	7.787571E-8	2.439418E-9	2.473636E-9	2.391304E-9	2.334827E-9	2.438564E-9	2.530439E-9	2.616807E-9	2.663977E-9	2.399864E-9	2.510665E-9	2.357615E-9	2.366257E-9	2.416915E-9	2.398862E-9	2.438245E-9	2.389125E-9	2.478552E-9	2.395168E-9	2.455942E-9	2.354691E-9	2.456729E-9	2.420095E-9	2.489139E-9	2.363753E-9	2.361105E-9	2.387903E-9	2.437469E-9	2.466619E-9	2.394017E-9	2.411775E-9	2.381210E-9	2.455020E-9
0:23:54	1	2.741816E+1	2.556700E+1	2.559100E+1	5.194000E-4	-1.976200E-3	3.620000E+2	8.176200E-8	8.074200E-8	2.528716E-9	2.563423E-9	2.480306E-9	2.422984E-9	2.528529E-9	2.626048E-9	2.709535E-9	2.757765E-9	2.486261E-9	2.605394E-9	2.443604E-9	2.454539E-9	2.508320E-9	2.484939E-9	2.529081E-9	2.474374E-9	2.567497E-9	2.482717E-9	2.545137E-9	2.442771E-9	2.547592E-9	2.510867E-9	2.580000E-9	2.451183E-9	2.446101E-9	2.472878E-9	2.527257E-9	2.557982E-9	2.483243E-9	2.502893E-9	2.471467E-9	2.548596E-9
0:24:08	1	2.741763E+1	2.557000E+1	2.559100E+1	5.320000E-4	-2.014200E-3	3.640000E+2	8.462900E-8	8.366529E-8	2.617950E-9	2.657814E-9	2.569056E-9	2.511838E-9	2.617861E-9	2.718889E-9	2.807002E-9	2.856119E-9	2.574054E-9	2.696014E-9	2.533260E-9	2.542380E-9	2.597126E-9	2.575181E-9	2.617509E-9	2.561142E-9	2.663855E-9	2.576937E-9	2.639560E-9	2.531226E-9	2.641170E-9	2.605418E-9	2.674653E-9	2.539620E-9	2.534376E-9	2.564510E-9	2.619508E-9	2.652005E-9	2.575311E-9	2.594011E-9	2.558711E-9	2.641223E-9
0:24:21	1	2.741527E+1	2.556400E+1	2.558400E+1	5.320000E-4	-2.014200E-3	3.660000E+2	8.773200E-8	8.686350E-8	2.716770E-9	2.760843E-9	2.668488E-9	2.607528E-9	2.718343E-9	2.820972E-9	2.912806E-9	2.960497E-9	2.673129E-9	2.797316E-9	2.628986E-9	2.639692E-9	2.695308E-9	2.675331E-9	2.717910E-9	2.657782E-9	2.764266E-9	2.675438E-9	2.736691E-9	2.627956E-9	2.743328E-9	2.703182E-9	2.778782E-9	2.638191E-9	2.632361E-9	2.662611E-9	2.719651E-9	2.755144E-9	2.673757E-9	2.695900E-9	2.661888E-9	2.742650E-9
0:24:35	1	2.741884E+1	2.556400E+1	2.558700E+1	5.320000E-4	-2.014200E-3	3.680000E+2	9.066000E-8	9.013297E-8	2.815654E-9	2.861412E-9	2.766340E-9	2.706760E-9	2.821613E-9	2.926763E-9	3.019368E-9	3.067537E-9	2.773027E-9	2.902597E-9	2.730149E-9	2.738647E-9	2.796593E-9	2.774724E-9	2.823314E-9	2.760752E-9	2.865628E-9	2.777085E-9	2.841445E-9	2.727068E-9	2.849019E-9	2.807938E-9	2.885566E-9	2.737013E-9	2.731230E-9	2.766993E-9	2.823393E-9	2.861957E-9	2.775044E-9	2.797411E-9	2.756722E-9	2.844204E-9
0:24:48	1	2.741671E+1	2.556700E+1	2.558600E+1	5.320000E-4	-2.001500E-3	3.700000E+2	9.430000E-8	9.366911E-8	2.924123E-9	2.974403E-9	2.876960E-9	2.813334E-9	2.931726E-9	3.042298E-9	3.138185E-9	3.186183E-9	2.878188E-9	3.016096E-9	2.836181E-9	2.848715E-9	2.901679E-9	2.881436E-9	2.930810E-9	2.864038E-9	2.977253E-9	2.886789E-9	2.953883E-9	2.835584E-9	2.959950E-9	2.917103E-9	2.997531E-9	2.842445E-9	2.837411E-9	2.878409E-9	2.935469E-9	2.974720E-9	2.886372E-9	2.910388E-9	2.871126E-9	2.960319E-9
0:25:02	1	2.741611E+1	2.556900E+1	2.559000E+1	5.447000E-4	-1.988800E-3	3.720000E+2	9.799000E-8	9.728665E-8	3.033475E-9	3.087773E-9	2.983536E-9	2.922883E-9	3.045385E-9	3.159654E-9	3.257886E-9	3.305273E-9	2.990067E-9	3.130226E-9	2.944425E-9	2.957647E-9	3.016267E-9	2.992693E-9	3.046349E-9	2.975488E-9	3.091665E-9	2.995549E-9	3.068903E-9	2.944790E-9	3.076179E-9	3.033386E-9	3.113477E-9	2.953164E-9	2.948827E-9	2.986998E-9	3.048809E-9	3.090460E-9	3.002119E-9	3.021530E-9	2.986533E-9	3.075232E-9
0:25:15	1	2.741861E+1	2.556500E+1	2.558600E+1	5.447000E-4	-1.988800E-3	3.740000E+2	1.018200E-7	1.012233E-7	3.154241E-9	3.211168E-9	3.108631E-9	3.044393E-9	3.169372E-9	3.286880E-9	3.388325E-9	3.434889E-9	3.106828E-9	3.252697E-9	3.062218E-9	3.075988E-9	3.136618E-9	3.116003E-9	3.167273E-9	3.092571E-9	3.214249E-9	3.121302E-9	3.194759E-9	3.067224E-9	3.202504E-9	3.154899E-9	3.241049E-9	3.074962E-9	3.066485E-9	3.111414E-9	3.171936E-9	3.218419E-9	3.124624E-9	3.146484E-9	3.103570E-9	3.201288E-9
0:25:29	1	2.741618E+1	2.557300E+1	2.559600E+1	5.447000E-4	-1.963500E-3	3.760000E+2	1.056600E-7	1.052351E-7	3.276458E-9	3.337084E-9	3.230820E-9	3.165080E-9	3.291585E-9	3.417061E-9	3.522933E-9	3.566787E-9	3.228026E-9	3.381045E-9	3.184942E-9	3.199128E-9	3.261974E-9	3.237293E-9	3.293708E-9	3.212755E-9	3.341902E-9	3.242461E-9	3.320489E-9	3.186960E-9	3.330345E-9	3.283465E-9	3.369884E-9	3.196697E-9	3.188304E-9	3.238531E-9	3.297336E-9	3.345682E-9	3.249717E-9	3.275938E-9	3.232587E-9	3.328167E-9
0:25:42	1	2.741740E+1	2.557700E+1	2.559800E+1	5.320000E-4	-1.963500E-3	3.780000E+2	1.101900E-7	1.096333E-7	3.407503E-9	3.478008E-9	3.366915E-9	3.295514E-9	3.431413E-9	3.559059E-9	3.666827E-9	3.712574E-9	3.361393E-9	3.519505E-9	3.318983E-9	3.333257E-9	3.398605E-9	3.373160E-9	3.430214E-9	3.345913E-9	3.484885E-9	3.382375E-9	3.458374E-9	3.322245E-9	3.471814E-9	3.422048E-9	3.511610E-9	3.326613E-9	3.320654E-9	3.373687E-9	3.437132E-9	3.489026E-9	3.385862E-9	3.414515E-9	3.364114E-9	3.469481E-9
0:25:56	1	2.741816E+1	2.557200E+1	2.559500E+1	5.320000E-4	-1.950800E-3	3.800000E+2	1.148900E-7	1.143015E-7	3.551540E-9	3.621517E-9	3.511670E-9	3.438224E-9	3.575990E-9	3.711491E-9	3.822912E-9	3.866983E-9	3.502622E-9	3.666306E-9	3.457956E-9	3.472500E-9	3.544357E-9	3.515150E-9	3.576223E-9	3.486033E-9	3.629200E-9	3.522290E-9	3.604827E-9	3.464362E-9	3.622939E-9	3.569827E-9	3.663382E-9	3.469183E-9	3.461768E-9	3.519771E-9	3.585706E-9	3.639208E-9	3.533877E-9	3.560697E-9	3.513077E-9	3.619912E-9
0:26:09	1	2.741489E+1	2.557200E+1	2.559500E+1	5.194000E-4	-2.001500E-3	3.820000E+2	1.194800E-7	1.190662E-7	3.694252E-9	3.774105E-9	3.655730E-9	3.580998E-9	3.726523E-9	3.864929E-9	3.981080E-9	4.026658E-9	3.645243E-9	3.820311E-9	3.600344E-9	3.618879E-9	3.687575E-9	3.659285E-9	3.726095E-9	3.629634E-9	3.781812E-9	3.672779E-9	3.758461E-9	3.609803E-9	3.775766E-9	3.717859E-9	3.817934E-9	3.612066E-9	3.603765E-9	3.665729E-9	3.735541E-9	3.794647E-9	3.684735E-9	3.711504E-9	3.660471E-9	3.771674E-9
0:26:23	1	2.741846E+1	2.557000E+1	2.559400E+1	5.320000E-4	-2.026800E-3	3.840000E+2	1.248800E-7	1.243196E-7	3.853109E-9	3.935520E-9	3.817299E-9	3.740544E-9	3.887827E-9	4.036972E-9	4.155610E-9	4.195970E-9	3.804094E-9	3.983227E-9	3.761573E-9	3.778963E-9	3.853977E-9	3.819764E-9	3.892183E-9	3.786525E-9	3.944435E-9	3.833967E-9	3.929482E-9	3.772044E-9	3.942980E-9	3.884158E-9	3.986766E-9	3.775155E-9	3.759759E-9	3.830278E-9	3.901794E-9	3.960025E-9	3.847274E-9	3.878976E-9	3.824048E-9	3.945277E-9
0:26:36	1	2.741649E+1	2.556800E+1	2.559100E+1	5.194000E-4	-2.014200E-3	3.860000E+2	1.302500E-7	1.297238E-7	4.017704E-9	4.108917E-9	3.981397E-9	3.906037E-9	4.057367E-9	4.212098E-9	4.333300E-9	4.380630E-9	3.965415E-9	4.157013E-9	3.925647E-9	3.940814E-9	4.018922E-9	3.989520E-9	4.058968E-9	3.950441E-9	4.117130E-9	4.004155E-9	4.094894E-9	3.938046E-9	4.116000E-9	4.054867E-9	4.161032E-9	3.936986E-9	3.925905E-9	3.993508E-9	4.070067E-9	4.135280E-9	4.017391E-9	4.048792E-9	3.989192E-9	4.116348E-9
0:26:50	1	2.741732E+1	2.556200E+1	2.558500E+1	5.447000E-4	-2.052200E-3	3.880000E+2	1.366100E-7	1.356654E-7	4.196743E-9	4.293348E-9	4.165785E-9	4.083302E-9	4.241291E-9	4.404635E-9	4.531643E-9	4.573913E-9	4.147782E-9	4.342491E-9	4.104517E-9	4.120851E-9	4.204583E-9	4.169183E-9	4.248940E-9	4.133216E-9	4.299646E-9	4.188760E-9	4.284687E-9	4.116273E-9	4.309025E-9	4.242269E-9	4.353182E-9	4.120783E-9	4.103716E-9	4.181547E-9	4.258863E-9	4.325416E-9	4.202918E-9	4.236353E-9	4.173595E-9	4.306098E-9
0:27:03	1	2.741740E+1	2.555800E+1	2.558700E+1	5.447000E-4	-2.039500E-3	3.900000E+2	1.422000E-7	1.417777E-7	4.379626E-9	4.484841E-9	4.348532E-9	4.272657E-9	4.431864E-9	4.602514E-9	4.732955E-9	4.778166E-9	4.328566E-9	4.536310E-9	4.289143E-9	4.307079E-9	4.391254E-9	4.357810E-9	4.442456E-9	4.315804E-9	4.497302E-9	4.375690E-9	4.477186E-9	4.303216E-9	4.502930E-9	4.436664E-9	4.550195E-9	4.306030E-9	4.288150E-9	4.370966E-9	4.448794E-9	4.522452E-9	4.396841E-9	4.431958E-9	4.365709E-9	4.504078E-9
0:27:17	1	2.741534E+1	2.556600E+1	2.558400E+1	5.194000E-4	-2.039500E-3	3.920000E+2	1.493600E-7	1.485346E-7	4.583699E-9	4.694997E-9	4.556057E-9	4.475047E-9	4.645753E-9	4.822456E-9	4.960166E-9	5.000047E-9	4.532104E-9	4.747822E-9	4.491912E-9	4.510040E-9	4.598956E-9	4.566377E-9	4.654089E-9	4.520288E-9	4.705158E-9	4.589181E-9	4.690473E-9	4.511847E-9	4.722833E-9	4.649576E-9	4.768186E-9	4.510663E-9	4.491371E-9	4.582807E-9	4.663413E-9	4.740064E-9	4.609898E-9	4.643152E-9	4.573756E-9	4.722443E-9
0:27:30	1	2.741801E+1	2.556700E+1	2.558900E+1	5.194000E-4	-2.001500E-3	3.940000E+2	1.559900E-7	1.555334E-7	4.792124E-9	4.912782E-9	4.768575E-9	4.686044E-9	4.867055E-9	5.048119E-9	5.193693E-9	5.234549E-9	4.738432E-9	4.968119E-9	4.701193E-9	4.724999E-9	4.819389E-9	4.779297E-9	4.870156E-9	4.731796E-9	4.928153E-9	4.805127E-9	4.911758E-9	4.724241E-9	4.948288E-9	4.872191E-9	4.995591E-9	4.724862E-9	4.701151E-9	4.799547E-9	4.882389E-9	4.966985E-9	4.827816E-9	4.870820E-9	4.796165E-9	4.941949E-9
0:27:44	1	2.741709E+1	2.556100E+1	2.559100E+1	5.447000E-4	-2.026800E-3	3.960000E+2	1.641200E-7	1.632645E-7	5.024828E-9	5.156797E-9	5.001827E-9	4.916913E-9	5.105019E-9	5.300623E-9	5.447940E-9	5.487948E-9	4.968846E-9	5.211608E-9	4.935767E-9	4.958966E-9	5.061296E-9	5.019038E-9	5.118212E-9	4.967924E-9	5.167304E-9	5.040835E-9	5.159248E-9	4.961835E-9	5.197596E-9	5.117986E-9	5.245996E-9	4.961848E-9	4.934638E-9	5.042036E-9	5.128264E-9	5.217142E-9	5.070869E-9	5.109640E-9	5.032373E-9	5.193301E-9
0:27:57	1	2.741641E+1	2.556700E+1	2.558800E+1	5.320000E-4	-2.026800E-3	3.980000E+2	1.719700E-7	1.712851E-7	5.264154E-9	5.404156E-9	5.250250E-9	5.159742E-9	5.355022E-9	5.562429E-9	5.715451E-9	5.757326E-9	5.210608E-9	5.465714E-9	5.177231E-9	5.205373E-9	5.309285E-9	5.263639E-9	5.368992E-9	5.210760E-9	5.420266E-9	5.284475E-9	5.412598E-9	5.207140E-9	5.455674E-9	5.368191E-9	5.505626E-9	5.208465E-9	5.172161E-9	5.288420E-9	5.376413E-9	5.477810E-9	5.323014E-9	5.368548E-9	5.282694E-9	5.453455E-9
0:28:11	1	2.741808E+1	2.556100E+1	2.558700E+1	5.320000E-4	-2.052200E-3	4.000000E+2	1.805400E-7	1.801880E-7	5.528389E-9	5.680390E-9	5.524715E-9	5.429786E-9	5.632647E-9	5.851327E-9	6.012208E-9	6.048707E-9	5.479880E-9	5.742760E-9	5.445504E-9	5.471042E-9	5.582483E-9	5.539793E-9	5.653978E-9	5.481507E-9	5.697110E-9	5.560529E-9	5.690324E-9	5.476957E-9	5.741895E-9	5.652349E-9	5.797735E-9	5.478119E-9	5.443355E-9	5.565578E-9	5.657457E-9	5.762156E-9	5.601743E-9	5.649695E-9	5.566320E-9	5.741528E-9
0:28:24	1	2.741588E+1	2.555800E+1	2.558300E+1	5.194000E-4	-2.052200E-3	4.020000E+2	1.902400E-7	1.894828E-7	5.805994E-9	5.968606E-9	5.807083E-9	5.715271E-9	5.924970E-9	6.150849E-9	6.324064E-9	6.361779E-9	5.751243E-9	6.035162E-9	5.726296E-9	5.749529E-9	5.870883E-9	5.825601E-9	5.944538E-9	5.761051E-9	5.988019E-9	5.849610E-9	5.989843E-9	5.758873E-9	6.042376E-9	5.951813E-9	6.101467E-9	5.766090E-9	5.718016E-9	5.850899E-9	5.951383E-9	6.060432E-9	5.897143E-9	5.942375E-9	5.852077E-9	6.039478E-9
0:28:38	1	2.741702E+1	2.555800E+1	2.558700E+1	5.194000E-4	-2.052200E-3	4.040000E+2	2.005100E-7	1.998555E-7	6.111788E-9	6.297367E-9	6.119476E-9	6.025754E-9	6.253089E-9	6.488088E-9	6.666679E-9	6.705287E-9	6.063682E-9	6.360680E-9	6.034465E-9	6.068873E-9	6.193869E-9	6.145803E-9	6.275954E-9	6.075401E-9	6.311682E-9	6.168462E-9	6.316641E-9	6.081035E-9	6.373400E-9	6.277548E-9	6.434838E-9	6.085784E-9	6.025654E-9	6.173089E-9	6.274167E-9	6.393913E-9	6.222096E-9	6.276938E-9	6.177224E-9	6.376810E-9
0:28:51	1	2.741846E+1	2.555800E+1	2.558100E+1	5.194000E-4	-2.052200E-3	4.060000E+2	2.119400E-7	2.110754E-7	6.449116E-9	6.641005E-9	6.461706E-9	6.363642E-9	6.597937E-9	6.850719E-9	7.044353E-9	7.074096E-9	6.392159E-9	6.707935E-9	6.372732E-9	6.407543E-9	6.536746E-9	6.493583E-9	6.629100E-9	6.419817E-9	6.660683E-9	6.517842E-9	6.672411E-9	6.424577E-9	6.738558E-9	6.639311E-9	6.801314E-9	6.427386E-9	6.362362E-9	6.527623E-9	6.628519E-9	6.758163E-9	6.576098E-9	6.629816E-9	6.528212E-9	6.740289E-9
0:29:05	1	2.741588E+1	2.556100E+1	2.558300E+1	5.320000E-4	-2.064800E-3	4.080000E+2	2.235900E-7	2.228367E-7	6.796911E-9	7.005767E-9	6.820685E-9	6.720450E-9	6.962676E-9	7.240757E-9	7.438829E-9	7.470743E-9	6.739523E-9	7.077750E-9	6.729460E-9	6.760546E-9	6.901982E-9	6.856634E-9	7.001753E-9	6.777015E-9	7.027614E-9	6.874395E-9	7.042796E-9	6.779401E-9	7.120122E-9	7.012665E-9	7.183525E-9	6.787365E-9	6.714390E-9	6.887118E-9	7.000678E-9	7.135203E-9	6.945253E-9	7.008482E-9	6.895759E-9	7.120483E-9
0:29:18	1	2.741801E+1	2.556200E+1	2.558200E+1	5.194000E-4	-2.026800E-3	4.100000E+2	2.365800E-7	2.360953E-7	7.187651E-9	7.411955E-9	7.224357E-9	7.118396E-9	7.377022E-9	7.668258E-9	7.876763E-9	7.913873E-9	7.131451E-9	7.489527E-9	7.126525E-9	7.166025E-9	7.316941E-9	7.263355E-9	7.426476E-9	7.180793E-9	7.432111E-9	7.288160E-9	7.462943E-9	7.190709E-9	7.553366E-9	7.430177E-9	7.616473E-9	7.200406E-9	7.106961E-9	7.298113E-9	7.414446E-9	7.564287E-9	7.363473E-9	7.428460E-9	7.314172E-9	7.551707E-9
0:29:32	1	2.741740E+1	2.555700E+1	2.558800E+1	5.447000E-4	-2.052200E-3	4.108663E+2	2.421900E-7	2.418963E-7	7.355084E-9	7.587495E-9	7.393385E-9	7.296483E-9	7.557776E-9	7.856017E-9	8.072580E-9	8.111658E-9	7.302724E-9	7.668052E-9	7.300907E-9	7.341390E-9	7.496202E-9	7.442765E-9	7.607767E-9	7.361733E-9	7.619249E-9	7.459418E-9	7.644482E-9	7.369813E-9	7.739888E-9	7.618523E-9	7.808053E-9	7.379042E-9	7.282817E-9	7.478487E-9	7.595033E-9	7.747963E-9	7.550261E-9	7.615005E-9	7.493930E-9	7.742341E-9
0:29:45	1	2.741702E+1	2.556100E+1	2.559300E+1	5.320000E-4	-2.052200E-3	4.117325E+2	2.485700E-7	2.479493E-7	7.532103E-9	7.781068E-9	7.577268E-9	7.480140E-9	7.746070E-9	8.052324E-9	8.276293E-9	8.309126E-9	7.483950E-9	7.858457E-9	7.478638E-9	7.526037E-9	7.684457E-9	7.633788E-9	7.802043E-9	7.548685E-9	7.808860E-9	7.647796E-9	7.837297E-9	7.551112E-9	7.930386E-9	7.809641E-9	8.004180E-9	7.558182E-9	7.459493E-9	7.663887E-9	7.785847E-9	7.950191E-9	7.741532E-9	7.805985E-9	7.682909E-9	7.941587E-9
0:29:59	1	2.741899E+1	2.556500E+1	2.559400E+1	5.320000E-4	-2.026800E-3	4.125988E+2	2.552900E-7	2.547927E-7	7.735860E-9	7.989458E-9	7.788585E-9	7.681961E-9	7.962239E-9	8.283016E-9	8.499400E-9	8.537732E-9	7.683748E-9	8.066052E-9	7.687856E-9	7.733923E-9	7.898873E-9	7.847276E-9	8.020518E-9	7.753739E-9	8.019312E-9	7.856504E-9	8.055496E-9	7.761938E-9	8.157420E-9	8.026649E-9	8.225583E-9	7.771815E-9	7.657797E-9	7.875351E-9	8.002171E-9	8.167171E-9	7.957556E-9	8.025922E-9	7.901430E-9	8.160333E-9
0:30:12	1	2.741595E+1	2.556900E+1	2.559000E+1	5.194000E-4	-2.039500E-3	4.134650E+2	2.620800E-7	2.619191E-7	7.945357E-9	8.207243E-9	7.999713E-9	7.897893E-9	8.184554E-9	8.513081E-9	8.745055E-9	8.772740E-9	7.893815E-9	8.290836E-9	7.899920E-9	7.946672E-9	8.121967E-9	8.063038E-9	8.248049E-9	7.970311E-9	8.238444E-9	8.077736E-9	8.275711E-9	7.980662E-9	8.391270E-9	8.257011E-9	8.461459E-9	7.991995E-9	7.873755E-9	8.094414E-9	8.220895E-9	8.394600E-9	8.183306E-9	8.255682E-9	8.126411E-9	8.395543E-9
0:30:26	1	2.741763E+1	2.556700E+1	2.558900E+1	5.320000E-4	-2.064800E-3	4.143313E+2	2.682900E-7	2.681382E-7	8.125150E-9	8.395901E-9	8.188273E-9	8.087563E-9	8.385203E-9	8.710081E-9	8.956158E-9	8.987329E-9	8.074217E-9	8.478148E-9	8.083911E-9	8.137635E-9	8.313580E-9	8.259614E-9	8.448917E-9	8.162389E-9	8.426410E-9	8.264729E-9	8.474261E-9	8.172304E-9	8.586690E-9	8.456951E-9	8.669023E-9	8.186808E-9	8.059637E-9	8.290114E-9	8.416827E-9	8.595941E-9	8.375527E-9	8.451480E-9	8.321852E-9	8.595548E-9
0:30:39	1	2.741854E+1	2.556500E+1	2.559000E+1	5.194000E-4	-2.026800E-3	4.151975E+2	2.761100E-7	2.757965E-7	8.344989E-9	8.631026E-9	8.418114E-9	8.314065E-9	8.615376E-9	8.959629E-9	9.215205E-9	9.239142E-9	8.299497E-9	8.722458E-9	8.315132E-9	8.363837E-9	8.550358E-9	8.499420E-9	8.690131E-9	8.399976E-9	8.665813E-9	8.509757E-9	8.714129E-9	8.408021E-9	8.839468E-9	8.702179E-9	8.922335E-9	8.419516E-9	8.285054E-9	8.521616E-9	8.665039E-9	8.840399E-9	8.622998E-9	8.695560E-9	8.560946E-9	8.845317E-9
0:30:53	1	2.741572E+1	2.556300E+1	2.559100E+1	5.320000E-4	-2.064800E-3	4.160638E+2	2.844600E-7	2.838146E-7	8.573660E-9	8.875987E-9	8.665588E-9	8.558986E-9	8.870320E-9	9.225899E-9	9.486695E-9	9.514481E-9	8.535303E-9	8.968539E-9	8.552237E-9	8.606709E-9	8.803604E-9	8.749258E-9	8.950856E-9	8.645913E-9	8.906104E-9	8.750249E-9	8.969241E-9	8.651320E-9	9.100260E-9	8.955092E-9	9.181712E-9	8.670979E-9	8.518166E-9	8.769067E-9	8.913059E-9	9.102205E-9	8.876343E-9	8.950284E-9	8.812897E-9	9.103570E-9
0:31:06	1	2.741717E+1	2.556000E+1	2.558900E+1	5.320000E-4	-2.052200E-3	4.169300E+2	2.914200E-7	2.909286E-7	8.792427E-9	9.092006E-9	8.875704E-9	8.773780E-9	9.092002E-9	9.461430E-9	9.720348E-9	9.750377E-9	8.737510E-9	9.186371E-9	8.772521E-9	8.820784E-9	9.022326E-9	8.965209E-9	9.172814E-9	8.863371E-9	9.132205E-9	8.963237E-9	9.193739E-9	8.869669E-9	9.331772E-9	9.191250E-9	9.412656E-9	8.884990E-9	8.728575E-9	8.989700E-9	9.132730E-9	9.329316E-9	9.103102E-9	9.183211E-9	9.040261E-9	9.343209E-9
0:31:20	1	2.741747E+1	2.556700E+1	2.559000E+1	5.194000E-4	-2.039500E-3	4.177963E+2	3.000400E-7	2.996624E-7	9.041148E-9	9.358343E-9	9.138538E-9	9.031166E-9	9.364495E-9	9.739139E-9	1.000523E-8	1.004341E-8	8.998034E-9	9.459056E-9	9.028211E-9	9.093903E-9	9.295588E-9	9.241172E-9	9.461727E-9	9.132535E-9	9.402778E-9	9.233121E-9	9.470457E-9	9.140676E-9	9.617046E-9	9.470997E-9	9.701920E-9	9.160561E-9	8.988104E-9	9.254359E-9	9.407903E-9	9.610877E-9	9.377159E-9	9.451179E-9	9.315481E-9	9.628053E-9
0:31:33	1	2.741709E+1	2.557200E+1	2.559200E+1	5.320000E-4	-2.026800E-3	4.186625E+2	3.090300E-7	3.089013E-7	9.314528E-9	9.643784E-9	9.417809E-9	9.304816E-9	9.652636E-9	1.004891E-8	1.032428E-8	1.035020E-8	9.261981E-9	9.740020E-9	9.309888E-9	9.372579E-9	9.585825E-9	9.530893E-9	9.755454E-9	9.419989E-9	9.682093E-9	9.513139E-9	9.758449E-9	9.425162E-9	9.926109E-9	9.761580E-9	1.000414E-8	9.448153E-9	9.256648E-9	9.540121E-9	9.694945E-9	9.906683E-9	9.669086E-9	9.755011E-9	9.599796E-9	9.926636E-9
0:31:47	1	2.741831E+1	2.557600E+1	2.559400E+1	5.320000E-4	-2.039500E-3	4.195288E+2	3.174100E-7	3.169810E-7	9.537710E-9	9.887736E-9	9.661490E-9	9.557835E-9	9.905046E-9	1.031034E-8	1.059420E-8	1.062497E-8	9.494741E-9	9.990650E-9	9.544966E-9	9.617787E-9	9.830583E-9	9.778901E-9	1.000889E-8	9.672191E-9	9.930556E-9	9.761940E-9	1.000934E-8	9.668586E-9	1.017516E-8	1.002659E-8	1.027255E-8	9.700686E-9	9.499026E-9	9.790587E-9	9.948271E-9	1.017299E-8	9.933797E-9	1.000929E-8	9.864416E-9	1.019914E-8
0:32:00	1	2.741626E+1	2.557600E+1	2.559500E+1	5.194000E-4	-2.001500E-3	4.203950E+2	3.273100E-7	3.270293E-7	9.828368E-9	1.018907E-8	9.959850E-9	9.855977E-9	1.022081E-8	1.064229E-8	1.093239E-8	1.096499E-8	9.790698E-9	1.029929E-8	9.850354E-9	9.919070E-9	1.014584E-8	1.008831E-8	1.033803E-8	9.979265E-9	1.024034E-8	1.006814E-8	1.032599E-8	9.983978E-9	1.051275E-8	1.034766E-8	1.059910E-8	1.001434E-8	9.787875E-9	1.009663E-8	1.026133E-8	1.049387E-8	1.024934E-8	1.033695E-8	1.018041E-8	1.052602E-8
0:32:14	1	2.741717E+1	2.557300E+1	2.559700E+1	5.320000E-4	-2.026800E-3	4.212613E+2	3.375400E-7	3.375300E-7	1.013536E-8	1.051329E-8	1.027370E-8	1.017127E-8	1.054836E-8	1.098356E-8	1.128745E-8	1.131909E-8	1.009629E-8	1.062077E-8	1.015934E-8	1.023823E-8	1.048004E-8	1.041855E-8	1.067857E-8	1.030729E-8	1.055590E-8	1.038095E-8	1.065991E-8	1.029542E-8	1.085500E-8	1.068801E-8	1.094794E-8	1.033674E-8	1.010302E-8	1.042077E-8	1.059472E-8	1.083532E-8	1.057745E-8	1.067183E-8	1.051672E-8	1.085911E-8
0:32:27	1	2.741808E+1	2.557800E+1	2.560000E+1	5.320000E-4	-2.026800E-3	4.221275E+2	3.474600E-7	3.468020E-7	1.040073E-8	1.078555E-8	1.056062E-8	1.045182E-8	1.084385E-8	1.129156E-8	1.159950E-8	1.163381E-8	1.035929E-8	1.090198E-8	1.043906E-8	1.051911E-8	1.076198E-8	1.070316E-8	1.097477E-8	1.059481E-8	1.083623E-8	1.067318E-8	1.095320E-8	1.058073E-8	1.115258E-8	1.098451E-8	1.125673E-8	1.062478E-8	1.037062E-8	1.070252E-8	1.087665E-8	1.114025E-8	1.087658E-8	1.097237E-8	1.080223E-8	1.117726E-8
0:32:41	1	2.741595E+1	2.556700E+1	2.559300E+1	5.320000E-4	-2.077500E-3	4.229938E+2	3.585200E-7	3.584054E-7	1.073699E-8	1.114432E-8	1.090569E-8	1.079686E-8	1.119744E-8	1.166501E-8	1.200263E-8	1.202519E-8	1.069379E-8	1.126542E-8	1.078504E-8	1.086991E-8	1.112836E-8	1.106817E-8	1.135059E-8	1.095314E-8	1.119080E-8	1.101501E-8	1.131785E-8	1.093787E-8	1.153358E-8	1.135604E-8	1.163667E-8	1.098878E-8	1.071363E-8	1.105667E-8	1.124881E-8	1.151184E-8	1.123475E-8	1.134799E-8	1.117548E-8	1.155106E-8
0:32:54	1	2.741778E+1	2.557100E+1	2.558800E+1	5.194000E-4	-2.090200E-3	4.238600E+2	3.708400E-7	3.705306E-7	1.107810E-8	1.149855E-8	1.126518E-8	1.116487E-8	1.157663E-8	1.206761E-8	1.240317E-8	1.242957E-8	1.104191E-8	1.163744E-8	1.115075E-8	1.123503E-8	1.150088E-8	1.144176E-8	1.174313E-8	1.133243E-8	1.156191E-8	1.138207E-8	1.169800E-8	1.131244E-8	1.193470E-8	1.174539E-8	1.204270E-8	1.137960E-8	1.106660E-8	1.143036E-8	1.162191E-8	1.190813E-8	1.162632E-8	1.173705E-8	1.155864E-8	1.195771E-8
0:33:08	1	2.741755E+1	2.556700E+1	2.559100E+1	5.320000E-4	-2.077500E-3	4.247263E+2	3.814400E-7	3.813197E-7	1.138358E-8	1.182517E-8	1.158869E-8	1.148174E-8	1.191628E-8	1.242233E-8	1.277939E-8	1.280137E-8	1.134833E-8	1.195967E-8	1.146910E-8	1.156107E-8	1.184166E-8	1.178499E-8	1.209507E-8	1.166476E-8	1.188057E-8	1.171647E-8	1.203915E-8	1.164369E-8	1.228655E-8	1.209790E-8	1.240229E-8	1.170830E-8	1.137884E-8	1.176310E-8	1.195682E-8	1.225275E-8	1.196750E-8	1.208625E-8	1.190800E-8	1.230834E-8
0:33:21	1	2.741717E+1	2.556800E+1	2.559100E+1	5.194000E-4	-2.102900E-3	4.255925E+2	3.951300E-7	3.946946E-7	1.176908E-8	1.223211E-8	1.198314E-8	1.188380E-8	1.233569E-8	1.285354E-8	1.322143E-8	1.325857E-8	1.173442E-8	1.236917E-8	1.187008E-8	1.196649E-8	1.226460E-8	1.220130E-8	1.252714E-8	1.207670E-8	1.228640E-8	1.212237E-8	1.246037E-8	1.205525E-8	1.271588E-8	1.253021E-8	1.284883E-8	1.212411E-8	1.177161E-8	1.216612E-8	1.237501E-8	1.268197E-8	1.240189E-8	1.251871E-8	1.233181E-8	1.275679E-8
0:33:35	1	2.741899E+1	2.556600E+1	2.558800E+1	5.447000E-4	-2.077500E-3	4.264588E+2	4.089900E-7	4.089428E-7	1.216916E-8	1.266460E-8	1.241209E-8	1.231814E-8	1.277462E-8	1.332806E-8	1.369209E-8	1.374438E-8	1.214486E-8	1.280579E-8	1.228966E-8	1.238933E-8	1.270674E-8	1.265838E-8	1.298297E-8	1.252560E-8	1.272118E-8	1.255470E-8	1.291120E-8	1.248957E-8	1.319260E-8	1.299132E-8	1.331362E-8	1.257278E-8	1.217912E-8	1.260268E-8	1.281650E-8	1.313935E-8	1.286614E-8	1.297602E-8	1.279124E-8	1.321828E-8
0:33:48	1	2.741694E+1	2.557100E+1	2.559100E+1	5.447000E-4	-2.064800E-3	4.273250E+2	4.217800E-7	4.216567E-7	1.252609E-8	1.304121E-8	1.279225E-8	1.269735E-8	1.318257E-8	1.374148E-8	1.412850E-8	1.417375E-8	1.250249E-8	1.319197E-8	1.266890E-8	1.277985E-8	1.310466E-8	1.305621E-8	1.339718E-8	1.292944E-8	1.310376E-8	1.293983E-8	1.331245E-8	1.287542E-8	1.361058E-8	1.340782E-8	1.373570E-8	1.297613E-8	1.254269E-8	1.298943E-8	1.321998E-8	1.355204E-8	1.325487E-8	1.338161E-8	1.319153E-8	1.364899E-8
0:34:02	1	2.741770E+1	2.557700E+1	2.559500E+1	5.447000E-4	-2.039500E-3	4.281913E+2	4.373900E-7	4.373663E-7	1.297107E-8	1.349923E-8	1.325098E-8	1.317042E-8	1.366877E-8	1.426522E-8	1.467446E-8	1.471409E-8	1.294646E-8	1.366480E-8	1.313722E-8	1.324955E-8	1.360367E-8	1.354743E-8	1.391318E-8	1.341505E-8	1.356381E-8	1.341609E-8	1.380831E-8	1.336873E-8	1.412093E-8	1.390993E-8	1.425850E-8	1.348132E-8	1.300992E-8	1.347133E-8	1.370207E-8	1.405337E-8	1.375658E-8	1.389455E-8	1.369568E-8	1.416354E-8
0:34:15	1	2.741801E+1	2.557200E+1	2.559300E+1	5.194000E-4	-2.064800E-3	4.290575E+2	4.540000E-7	4.541625E-7	1.343780E-8	1.400151E-8	1.375762E-8	1.366494E-8	1.418993E-8	1.482944E-8	1.524176E-8	1.528037E-8	1.341566E-8	1.418426E-8	1.363280E-8	1.375992E-8	1.412841E-8	1.407298E-8	1.445876E-8	1.393984E-8	1.408101E-8	1.391728E-8	1.433504E-8	1.388730E-8	1.467747E-8	1.445979E-8	1.483021E-8	1.400282E-8	1.349051E-8	1.398244E-8	1.422292E-8	1.459958E-8	1.428852E-8	1.442903E-8	1.423784E-8	1.472474E-8
0:34:29	1	2.741588E+1	2.557100E+1	2.559400E+1	5.320000E-4	-2.077500E-3	4.299238E+2	4.709400E-7	4.707581E-7	1.389464E-8	1.448860E-8	1.424581E-8	1.416477E-8	1.471160E-8	1.535701E-8	1.581354E-8	1.585470E-8	1.388562E-8	1.467610E-8	1.413014E-8	1.425508E-8	1.464700E-8	1.460193E-8	1.500916E-8	1.447817E-8	1.457756E-8	1.442023E-8	1.485188E-8	1.438963E-8	1.522385E-8	1.501028E-8	1.538624E-8	1.453206E-8	1.396423E-8	1.448707E-8	1.474157E-8	1.513440E-8	1.481744E-8	1.496883E-8	1.475875E-8	1.528019E-8
0:34:42	1	2.741816E+1	2.557300E+1	2.560200E+1	5.067000E-4	-2.052200E-3	4.307900E+2	4.884000E-7	4.881945E-7	1.438622E-8	1.502215E-8	1.475991E-8	1.468100E-8	1.526311E-8	1.594286E-8	1.641009E-8	1.645212E-8	1.438714E-8	1.520997E-8	1.464374E-8	1.479052E-8	1.519200E-8	1.514219E-8	1.558274E-8	1.502118E-8	1.508450E-8	1.493206E-8	1.538875E-8	1.492093E-8	1.581346E-8	1.556757E-8	1.597254E-8	1.508754E-8	1.446198E-8	1.500704E-8	1.528402E-8	1.569328E-8	1.537907E-8	1.553378E-8	1.531677E-8	1.586425E-8
0:34:56	1	2.741702E+1	2.558000E+1	2.559900E+1	5.194000E-4	-2.052200E-3	4.316563E+2	5.088300E-7	5.084221E-7	1.494452E-8	1.561813E-8	1.536263E-8	1.529532E-8	1.589598E-8	1.660979E-8	1.711623E-8	1.715467E-8	1.493875E-8	1.581197E-8	1.524446E-8	1.539883E-8	1.583519E-8	1.579017E-8	1.624805E-8	1.566102E-8	1.569603E-8	1.554012E-8	1.603251E-8	1.554745E-8	1.647178E-8	1.622546E-8	1.663132E-8	1.572234E-8	1.504441E-8	1.562114E-8	1.591248E-8	1.634644E-8	1.601982E-8	1.618118E-8	1.596632E-8	1.653758E-8
0:35:09	1	2.741770E+1	2.557300E+1	2.559700E+1	5.194000E-4	-2.090200E-3	4.325225E+2	5.278500E-7	5.282227E-7	1.550124E-8	1.619198E-8	1.593401E-8	1.587611E-8	1.650134E-8	1.727087E-8	1.780386E-8	1.783788E-8	1.549320E-8	1.639772E-8	1.582097E-8	1.598839E-8	1.645019E-8	1.642533E-8	1.689917E-8	1.628909E-8	1.628520E-8	1.613698E-8	1.664233E-8	1.615392E-8	1.712909E-8	1.687844E-8	1.730286E-8	1.635701E-8	1.560987E-8	1.622087E-8	1.652685E-8	1.698820E-8	1.665924E-8	1.683212E-8	1.661442E-8	1.720401E-8
0:35:23	1	2.742105E+1	2.557800E+1	2.559700E+1	5.320000E-4	-2.090200E-3	4.333888E+2	5.496600E-7	5.494601E-7	1.607165E-8	1.681684E-8	1.655854E-8	1.651644E-8	1.716898E-8	1.797364E-8	1.851392E-8	1.856960E-8	1.608537E-8	1.703687E-8	1.645014E-8	1.662171E-8	1.712542E-8	1.708928E-8	1.759526E-8	1.698526E-8	1.690825E-8	1.677028E-8	1.730732E-8	1.681398E-8	1.783928E-8	1.757853E-8	1.802583E-8	1.703699E-8	1.621065E-8	1.685482E-8	1.717652E-8	1.767339E-8	1.733308E-8	1.752780E-8	1.730034E-8	1.792414E-8
0:35:36	1	2.741603E+1	2.556700E+1	2.559500E+1	5.447000E-4	-2.102900E-3	4.342550E+2	5.746300E-7	5.743717E-7	1.675608E-8	1.754157E-8	1.729148E-8	1.725436E-8	1.795143E-8	1.880174E-8	1.937362E-8	1.943868E-8	1.676914E-8	1.779091E-8	1.716770E-8	1.738178E-8	1.791195E-8	1.787931E-8	1.842551E-8	1.777377E-8	1.763375E-8	1.751183E-8	1.809735E-8	1.757472E-8	1.865724E-8	1.840115E-8	1.885672E-8	1.783992E-8	1.690310E-8	1.760911E-8	1.796182E-8	1.847787E-8	1.813246E-8	1.833411E-8	1.810894E-8	1.876265E-8
0:35:50	1	2.741793E+1	2.556600E+1	2.559100E+1	5.194000E-4	-2.102900E-3	4.351213E+2	5.986600E-7	5.988336E-7	1.741238E-8	1.825130E-8	1.800515E-8	1.797753E-8	1.872982E-8	1.961230E-8	2.020951E-8	2.029552E-8	1.743813E-8	1.849857E-8	1.790582E-8	1.811652E-8	1.868297E-8	1.865911E-8	1.924259E-8	1.855810E-8	1.835944E-8	1.824451E-8	1.885935E-8	1.832831E-8	1.947198E-8	1.920058E-8	1.968869E-8	1.862357E-8	1.761308E-8	1.834537E-8	1.870942E-8	1.925519E-8	1.891585E-8	1.913624E-8	1.890882E-8	1.957787E-8
0:36:03	1	2.741808E+1	2.557300E+1	2.559600E+1	5.320000E-4	-2.102900E-3	4.359875E+2	6.276100E-7	6.274876E-7	1.819172E-8	1.908656E-8	1.884435E-8	1.881152E-8	1.961769E-8	2.055990E-8	2.122643E-8	2.130854E-8	1.822516E-8	1.936130E-8	1.874579E-8	1.897717E-8	1.958845E-8	1.958002E-8	2.019617E-8	1.949318E-8	1.918111E-8	1.909099E-8	1.975677E-8	1.920992E-8	2.042038E-8	2.014370E-8	2.067015E-8	1.954791E-8	1.840466E-8	1.919035E-8	1.959107E-8	2.019118E-8	1.984493E-8	2.005465E-8	1.982851E-8	2.054738E-8
