APD#	0016	Started	07/09/07 16:28	Sense_ohms	1.004464E+6	1.004628E+6	1.002105E+6	1.000924E+6	9.998282E+5	1.007735E+6	1.002821E+6	9.989270E+5	9.993226E+5	1.002376E+6	1.001862E+6	1.003102E+6	1.000030E+6	1.003780E+6	1.000011E+6	1.000898E+6	9.999006E+5	1.006439E+6	1.005624E+6	1.010450E+6	1.003884E+6	1.005600E+6	1.002519E+6	1.006362E+6	1.004620E+6	1.008599E+6	1.003214E+6	1.000475E+6	1.003139E+6	9.996927E+5	1.009944E+6	1.000506E+6					
ElapTime	Shutter_Open	DegC	H2O_In	H2O_Out	TE_A	TE_V	BiasV	KE237_Amps	Pixel_Sum	A1	A2	A3	A4	A5	A6	A7	A8	B1	B2	B3	B4	B5	B6	B7	B8	C1	C2	C3	C4	C5	C6	C7	C8	D1	D2	D3	D4	D5	D6	D7	D8
0:00:00	0	1.001524E+1	2.554700E+1	2.565000E+1	5.667063E-1	7.627277E-1	0.000000E+0	-2.157600E-10	-1.464169E-10	-3.783112E-13	-5.801152E-12	-1.580673E-12	-3.543726E-12	-4.561784E-12	-4.022883E-12	-4.864278E-12	-6.214668E-12	-3.423319E-12	-4.676888E-12	-5.248228E-12	-6.188802E-12	-1.646951E-12	-6.500428E-12	-8.487907E-12	-3.733647E-12	-7.221718E-12	-5.098173E-12	-5.164952E-12	-4.513830E-12	-5.616187E-12	-5.039777E-12	-2.969520E-12	-4.909764E-12	-5.990325E-12	-4.333734E-12	-2.525882E-12	-4.811714E-12	-4.167917E-12	-3.041935E-12	-5.832997E-12	-4.304822E-12
0:00:13	0	1.001608E+1	2.553500E+1	2.563600E+1	5.659335E-1	7.622843E-1	0.000000E+0	-2.323700E-10	-3.860386E-10	-1.576960E-12	-1.191685E-11	-1.213645E-11	-1.322678E-11	-1.178402E-11	-1.250924E-11	-1.130710E-11	-1.439445E-11	-1.248746E-11	-1.219702E-11	-1.327728E-11	-1.262982E-11	-7.854764E-12	-1.457790E-11	-1.317586E-11	-1.202520E-11	-1.349334E-11	-1.283933E-11	-1.574744E-11	-1.278836E-11	-1.198943E-11	-1.322792E-11	-1.225812E-11	-1.183371E-11	-1.141228E-11	-1.168155E-11	-1.073450E-11	-1.164947E-11	-1.149292E-11	-1.178562E-11	-1.285814E-11	-1.316934E-11
0:00:26	0	1.001600E+1	2.553600E+1	2.564700E+1	5.669976E-1	7.630444E-1	1.000000E+1	3.075800E-10	-2.856957E-10	3.216641E-12	-9.079978E-12	-9.038973E-12	-9.429287E-12	-8.046382E-12	-9.114499E-12	-8.401300E-12	-1.065343E-11	-8.683882E-12	-9.479477E-12	-9.357576E-12	-7.198670E-12	-3.800886E-12	-1.154835E-11	-1.273186E-11	-1.018985E-11	-9.692963E-12	-9.377618E-12	-1.077142E-11	-1.065763E-11	-1.041156E-11	-8.818616E-12	-8.720034E-12	-8.875534E-12	-9.458303E-12	-1.086557E-11	-7.135068E-12	-8.294060E-12	-9.029656E-12	-8.870726E-12	-9.972830E-12	-1.120633E-11
0:00:40	0	1.001547E+1	2.554000E+1	2.564300E+1	5.668076E-1	7.627783E-1	2.000000E+1	3.557200E-10	-2.573624E-10	3.468517E-12	-7.187735E-12	-7.016231E-12	-9.366345E-12	-8.426448E-12	-7.668683E-12	-8.653588E-12	-5.326716E-12	-7.733238E-12	-7.962082E-12	-9.736870E-12	-8.461752E-12	-4.180875E-12	-1.053916E-11	-1.482284E-11	-9.746248E-12	-9.628957E-12	-9.063639E-12	-6.802741E-12	-9.152358E-12	-9.086707E-12	-9.889618E-12	-7.266695E-12	-8.497936E-12	-8.512671E-12	-8.792394E-12	-5.934925E-12	-7.787301E-12	-8.398637E-12	-8.617648E-12	-8.655925E-12	-7.913996E-12
0:00:53	0	1.001661E+1	2.554600E+1	2.564600E+1	5.666683E-1	7.630570E-1	3.000000E+1	2.710900E-10	-2.052884E-10	6.305851E-12	-6.998610E-12	-5.751892E-12	-6.518976E-12	-5.321914E-12	-6.852000E-12	-6.885576E-12	-2.662857E-12	-5.704864E-12	-6.888633E-12	-7.903284E-12	-1.010366E-11	-1.963941E-12	-1.060192E-11	-7.727915E-12	-7.151578E-12	-7.285724E-12	-7.804745E-12	-7.433196E-12	-9.215696E-12	-5.552434E-12	-5.606603E-12	-7.266695E-12	-6.797753E-12	-6.746830E-12	-8.353171E-12	-4.735779E-12	-6.774782E-12	-7.641015E-12	-8.047473E-12	-6.837013E-12	-6.457732E-12
0:01:07	0	1.001547E+1	2.555000E+1	2.565000E+1	5.666049E-1	7.630064E-1	4.000000E+1	9.678000E-10	-1.569874E-10	7.630936E-12	-4.350864E-12	-5.246955E-12	-5.948504E-12	-4.244729E-12	-7.919741E-12	-5.622140E-12	-4.311626E-12	-4.627134E-12	-6.951483E-12	-6.448992E-12	-2.778381E-12	2.529924E-13	-7.068282E-12	-4.877946E-12	-4.556908E-12	-6.208617E-12	-6.104692E-12	-4.913367E-12	-6.457519E-12	-5.173905E-12	-4.598250E-12	-4.928585E-12	-5.349964E-12	-6.431287E-12	-6.531833E-12	-3.094056E-12	-3.989105E-12	-7.766621E-12	-6.590025E-12	-6.271635E-12	-5.508213E-12
0:01:20	0	1.001729E+1	2.554700E+1	2.565200E+1	5.662756E-1	7.624490E-1	5.000000E+1	9.903000E-10	-1.107134E-10	8.639434E-12	-4.350864E-12	-3.349948E-12	-5.253146E-12	-1.267218E-12	-3.645800E-12	-3.915953E-12	-1.521633E-12	-4.373963E-12	-2.590844E-12	-4.425759E-12	-5.682373E-13	1.269962E-13	-7.004523E-12	-7.347919E-12	-3.923477E-12	-4.307428E-12	-4.154251E-12	-4.093975E-12	-7.898461E-12	-3.911807E-12	-3.779833E-12	-3.601927E-12	-4.154569E-12	-3.089725E-12	-5.275635E-12	-8.203634E-13	-3.799195E-12	-4.862736E-12	-5.639733E-12	-3.575446E-12	-2.975494E-12
0:01:34	0	1.001555E+1	2.554700E+1	2.564900E+1	5.657435E-1	7.619423E-1	6.000000E+1	1.046100E-9	-7.711117E-11	1.109945E-11	-2.647746E-12	-3.603415E-12	-3.607667E-12	-2.217381E-12	-4.337450E-12	-2.905803E-12	1.775906E-12	-9.506440E-13	-3.033792E-12	-5.248228E-12	-4.736308E-12	3.293901E-12	-5.238200E-12	-5.257942E-12	-1.708466E-12	-2.154214E-12	-3.399113E-12	-1.764079E-12	-3.322282E-12	-3.470520E-12	-1.071002E-12	-3.096201E-12	-4.154569E-12	-2.900599E-12	-5.401552E-12	-4.415808E-13	-3.735226E-12	-4.230720E-12	-3.548090E-12	-3.261567E-12	-1.836071E-12
0:01:47	0	1.001745E+1	2.554400E+1	2.565100E+1	5.672890E-1	7.634877E-1	7.000000E+1	1.178900E-9	-2.784978E-11	1.072114E-11	-3.152411E-12	-2.085610E-12	-2.025129E-12	-1.077185E-12	6.251644E-14	-1.642367E-12	5.897328E-12	-5.703864E-13	-3.162486E-13	-3.540408E-12	-5.115133E-12	5.130846E-12	-5.616769E-12	1.076988E-12	-2.848442E-12	-8.870882E-13	-3.272926E-12	-2.708766E-12	-1.003513E-12	1.514119E-12	-8.184169E-13	-5.685678E-13	-1.825387E-12	-1.828552E-12	-2.135636E-12	2.209897E-12	-1.076489E-12	-3.031484E-12	-2.914896E-12	-3.387317E-12	-1.013487E-12
0:02:01	0	1.001615E+1	2.555100E+1	2.565300E+1	5.655408E-1	7.622083E-1	8.000000E+1	1.296200E-9	-9.256714E-12	1.185607E-11	1.891247E-13	-1.896009E-12	-2.467720E-12	1.900326E-13	3.771825E-12	6.282278E-14	-6.977487E-13	-1.270861E-13	1.201146E-12	-2.086116E-12	6.310425E-13	3.673890E-12	-3.660165E-12	-1.013989E-12	-1.898295E-13	1.584157E-12	-2.895357E-12	-8.820394E-13	-1.567618E-12	-2.649709E-12	-1.197295E-12	-1.011452E-12	-1.385187E-12	-1.261173E-12	-3.015073E-12	2.399289E-12	6.966691E-13	-2.272865E-12	-1.394429E-12	-2.132792E-12	-1.709135E-12
0:02:14	0	1.001532E+1	2.555100E+1	2.565300E+1	5.655028E-1	7.621703E-1	9.000000E+1	1.372300E-9	3.254746E-11	1.135133E-11	1.134748E-12	8.851368E-13	-1.076006E-12	1.457250E-12	1.696875E-12	-1.390079E-12	5.009375E-12	1.965331E-12	6.314996E-13	-1.770703E-12	1.136475E-12	4.687859E-12	-1.892845E-12	-2.153976E-12	-5.065451E-13	1.837183E-12	-6.289502E-13	1.008329E-12	1.253897E-12	1.640628E-12	8.820605E-13	1.453339E-12	-2.514006E-13	6.271028E-14	-1.318661E-12	2.462087E-12	1.899098E-12	1.266026E-13	1.900584E-13	-4.386382E-13	1.203391E-12
0:02:28	0	1.001752E+1	2.555600E+1	2.565500E+1	5.673270E-1	7.634877E-1	1.000000E+2	1.393500E-9	6.221105E-11	1.305373E-11	2.206787E-12	1.516807E-12	-5.694738E-13	2.280392E-12	6.160350E-12	3.853130E-12	5.960396E-12	2.979018E-12	2.464145E-12	-1.201762E-12	-6.280518E-14	7.410778E-12	-1.451513E-12	-1.329985E-12	1.708466E-12	1.457145E-12	8.177346E-13	1.700437E-12	2.503835E-13	-1.577872E-12	1.322593E-12	1.516181E-12	5.663966E-13	4.409628E-13	-5.651404E-13	4.798577E-12	1.899098E-12	6.948190E-13	5.701752E-13	1.505034E-12	1.836071E-12
0:02:42	0	1.001608E+1	2.555400E+1	2.565200E+1	5.656042E-1	7.617016E-1	1.200000E+2	1.696100E-9	1.523710E-10	1.778361E-11	4.980948E-12	4.172217E-12	4.809556E-12	3.611620E-12	6.222866E-12	4.927101E-12	8.179777E-12	5.894993E-12	5.750337E-12	2.023233E-12	2.020732E-12	9.311721E-12	9.464225E-13	6.460929E-12	5.126396E-12	5.511548E-12	2.391600E-12	2.519828E-12	1.629967E-12	3.659785E-12	5.039777E-12	5.497153E-12	3.902174E-12	3.341562E-12	1.193735E-12	6.377503E-12	5.698293E-12	2.147260E-12	2.217681E-12	3.575446E-12	5.445245E-12
0:02:55	0	1.001555E+1	2.555000E+1	2.565300E+1	5.666683E-1	7.626770E-1	1.400000E+2	1.843700E-9	2.805207E-10	2.200875E-11	1.147589E-11	6.511294E-12	6.075386E-12	7.919361E-12	9.868666E-12	1.080153E-11	1.192179E-11	9.128183E-12	1.055392E-11	5.311111E-12	6.378215E-12	1.241563E-11	5.427484E-12	1.000789E-11	8.797100E-12	8.425838E-12	6.483254E-12	7.306906E-12	7.209659E-12	8.455160E-12	7.873906E-12	9.603808E-12	8.245542E-12	8.133424E-12	4.522114E-12	1.060791E-11	9.433519E-12	7.198404E-12	8.490609E-12	6.837013E-12	7.091412E-12
0:03:09	0	1.001608E+1	2.555500E+1	2.565500E+1	5.659969E-1	7.620816E-1	1.600000E+2	1.979700E-9	4.273912E-10	2.648676E-11	1.551121E-11	1.232605E-11	8.669989E-12	1.305124E-11	1.552591E-11	1.534970E-11	1.908748E-11	1.369127E-11	1.548221E-11	9.547223E-12	1.509218E-11	1.716549E-11	9.023890E-12	8.931902E-12	1.461987E-11	1.640763E-11	1.139165E-11	1.259815E-11	9.967836E-12	1.293576E-11	1.215792E-11	1.232096E-11	1.177012E-11	1.216978E-11	9.169154E-12	1.591186E-11	1.487893E-11	1.086091E-11	1.121545E-11	1.197987E-11	1.209288E-11
0:03:23	0	1.001661E+1	2.554200E+1	2.565000E+1	5.657942E-1	7.622336E-1	1.800000E+2	2.160500E-9	6.394394E-10	3.342380E-11	2.080770E-11	1.782548E-11	1.544173E-11	1.951335E-11	2.200082E-11	2.292932E-11	3.018439E-11	2.028374E-11	2.256040E-11	1.713410E-11	1.875482E-11	2.331030E-11	1.558708E-11	2.058677E-11	2.145473E-11	2.109610E-11	1.737115E-11	1.946453E-11	1.686377E-11	1.886672E-11	1.839399E-11	2.059811E-11	1.888287E-11	1.809639E-11	1.871606E-11	2.178399E-11	2.007047E-11	1.648127E-11	1.647506E-11	1.611971E-11	1.836071E-11
0:03:37	0	1.001653E+1	2.554200E+1	2.564300E+1	5.658195E-1	7.619423E-1	2.000000E+2	2.422500E-9	8.900053E-10	4.168492E-11	2.931931E-11	2.541151E-11	2.113747E-11	2.616550E-11	3.130386E-11	3.328909E-11	3.728701E-11	2.852432E-11	3.083873E-11	2.453232E-11	2.437539E-11	3.097507E-11	2.473749E-11	3.015167E-11	3.056855E-11	3.053504E-11	2.479832E-11	2.784142E-11	2.250581E-11	2.700710E-11	2.664578E-11	2.767529E-11	2.656301E-11	2.635623E-11	2.279796E-11	2.961382E-11	2.747895E-11	2.544812E-11	2.477561E-11	2.439838E-11	2.526222E-11
0:03:50	0	1.001516E+1	2.554000E+1	2.564100E+1	5.659715E-1	7.623096E-1	2.200000E+2	2.752500E-9	1.220831E-9	5.373015E-11	3.934491E-11	3.571482E-11	3.088346E-11	3.763347E-11	4.035486E-11	4.794375E-11	5.117391E-11	3.701808E-11	4.322530E-11	3.521743E-11	3.536330E-11	4.117276E-11	3.521290E-11	3.933657E-11	3.917482E-11	4.250823E-11	3.549743E-11	3.823497E-11	3.241031E-11	3.672436E-11	3.533811E-11	3.936484E-11	3.537494E-11	3.562541E-11	3.265817E-11	4.078990E-11	3.843174E-11	3.378296E-11	3.383640E-11	3.261468E-11	3.513822E-11
0:04:04	0	1.001562E+1	2.554300E+1	2.564300E+1	5.656675E-1	7.620436E-1	2.400000E+2	3.224800E-9	1.663936E-9	6.754050E-11	5.454059E-11	4.785127E-11	4.252870E-11	5.480242E-11	5.682446E-11	6.171391E-11	6.994405E-11	5.109061E-11	5.915046E-11	4.811541E-11	5.096092E-11	5.485535E-11	4.814999E-11	5.029545E-11	5.309832E-11	5.695266E-11	4.783400E-11	5.272348E-11	4.375773E-11	5.224707E-11	4.888226E-11	5.547725E-11	4.915925E-11	4.899265E-11	4.440318E-11	5.379710E-11	5.115870E-11	4.679212E-11	4.612918E-11	4.484605E-11	4.932104E-11
0:04:18	0	1.001684E+1	2.554300E+1	2.564400E+1	5.665669E-1	7.628290E-1	2.600000E+2	3.792600E-9	2.275111E-9	8.664920E-11	7.541100E-11	6.934303E-11	6.031227E-11	6.975498E-11	7.769304E-11	8.356925E-11	9.752865E-11	6.953610E-11	7.981536E-11	6.461768E-11	6.321192E-11	7.423777E-11	6.651358E-11	7.189521E-11	7.347702E-11	7.640159E-11	6.570890E-11	7.237596E-11	6.174972E-11	7.275442E-11	6.872414E-11	7.411730E-11	6.546253E-11	6.607971E-11	6.318170E-11	7.330739E-11	7.059647E-11	6.523024E-11	6.526506E-11	6.309756E-11	6.749185E-11
0:04:32	0	1.001737E+1	2.554400E+1	2.564800E+1	5.657308E-1	7.620690E-1	2.800000E+2	4.597200E-9	3.114502E-9	1.153431E-10	1.032183E-10	9.184666E-11	8.176645E-11	9.623753E-11	1.052251E-10	1.166689E-10	1.254306E-10	9.552571E-11	1.089481E-10	9.111035E-11	9.143936E-11	9.786506E-11	9.270358E-11	1.017939E-10	9.910900E-11	1.071266E-10	9.252126E-11	1.008478E-10	8.525805E-11	9.471313E-11	9.373210E-11	1.028659E-10	9.038795E-11	8.922080E-11	8.798938E-11	9.938557E-11	9.788450E-11	8.947913E-11	9.023073E-11	8.505026E-11	9.357665E-11
0:04:45	0	1.001555E+1	2.554100E+1	2.564800E+1	5.667189E-1	7.630190E-1	3.000000E+2	5.788600E-9	4.303776E-9	1.517934E-10	1.437607E-10	1.265496E-10	1.160668E-10	1.331109E-10	1.443862E-10	1.582326E-10	1.710876E-10	1.321005E-10	1.498978E-10	1.244942E-10	1.271187E-10	1.347310E-10	1.276007E-10	1.360635E-10	1.339807E-10	1.464046E-10	1.316066E-10	1.403427E-10	1.198001E-10	1.310580E-10	1.305827E-10	1.406517E-10	1.236861E-10	1.240897E-10	1.265518E-10	1.406799E-10	1.362533E-10	1.257253E-10	1.272991E-10	1.196720E-10	1.283980E-10
0:04:59	0	1.001479E+1	2.554900E+1	2.564700E+1	5.665036E-1	7.628164E-1	3.200000E+2	7.482600E-9	6.007214E-9	2.059019E-10	2.022112E-10	1.786998E-10	1.644810E-10	1.853788E-10	2.015877E-10	2.176719E-10	2.291108E-10	1.848392E-10	2.086054E-10	1.760871E-10	1.784594E-10	1.854684E-10	1.801690E-10	1.833810E-10	1.829657E-10	2.054474E-10	1.861126E-10	1.956487E-10	1.700777E-10	1.863333E-10	1.843148E-10	1.973289E-10	1.714602E-10	1.759193E-10	1.778636E-10	1.929618E-10	1.928564E-10	1.780730E-10	1.794481E-10	1.675281E-10	1.808215E-10
0:05:13	0	1.001593E+1	2.553900E+1	2.564600E+1	5.668583E-1	7.630570E-1	3.400000E+2	9.826000E-9	8.625179E-9	2.880730E-10	2.892245E-10	2.579041E-10	2.401721E-10	2.673609E-10	2.841838E-10	3.068633E-10	3.234060E-10	2.645802E-10	2.949931E-10	2.527184E-10	2.524060E-10	2.633171E-10	2.564636E-10	2.662991E-10	2.572660E-10	2.958494E-10	2.715217E-10	2.832053E-10	2.481884E-10	2.718342E-10	2.672126E-10	2.828824E-10	2.447280E-10	2.518992E-10	2.603889E-10	2.791508E-10	2.811175E-10	2.576383E-10	2.612513E-10	2.420411E-10	2.610389E-10
0:05:27	0	1.001661E+1	2.554200E+1	2.564300E+1	5.663896E-1	7.625377E-1	3.600000E+2	1.393500E-8	1.275623E-8	4.175421E-10	4.287607E-10	3.836953E-10	3.602262E-10	3.950229E-10	4.204617E-10	4.471566E-10	4.539731E-10	3.893277E-10	4.347800E-10	3.765179E-10	3.749150E-10	3.858214E-10	3.800265E-10	3.920367E-10	3.733357E-10	4.380095E-10	4.048273E-10	4.215959E-10	3.703706E-10	4.019458E-10	3.971022E-10	4.208170E-10	3.611752E-10	3.747268E-10	3.915877E-10	4.147161E-10	4.186371E-10	3.879094E-10	3.908311E-10	3.602071E-10	3.881706E-10
0:05:40	0	1.001532E+1	2.553500E+1	2.564400E+1	5.657182E-1	7.620056E-1	3.620000E+2	1.428200E-8	1.331694E-8	4.312897E-10	4.457222E-10	4.025955E-10	3.774402E-10	4.120658E-10	4.353585E-10	4.676228E-10	4.744551E-10	4.062522E-10	4.522844E-10	3.927667E-10	3.911447E-10	4.017209E-10	3.965600E-10	4.086335E-10	3.892844E-10	4.568884E-10	4.244013E-10	4.389812E-10	3.865446E-10	4.245989E-10	4.152436E-10	4.385084E-10	3.769737E-10	3.914993E-10	4.103663E-10	4.331538E-10	4.376951E-10	4.059697E-10	4.073062E-10	3.772051E-10	4.064054E-10
0:05:54	0	1.001699E+1	2.553800E+1	2.564000E+1	5.654142E-1	7.615749E-1	3.640000E+2	1.479200E-8	1.387598E-8	4.515961E-10	4.662771E-10	4.184621E-10	3.938940E-10	4.286016E-10	4.554739E-10	4.847405E-10	4.880257E-10	4.227964E-10	4.718120E-10	4.119879E-10	4.081948E-10	4.206604E-10	4.118950E-10	4.299803E-10	4.052960E-10	4.746902E-10	4.427173E-10	4.566816E-10	4.035341E-10	4.430233E-10	4.316219E-10	4.570218E-10	3.920180E-10	4.069479E-10	4.266958E-10	4.500755E-10	4.571329E-10	4.231457E-10	4.243504E-10	3.932614E-10	4.233728E-10
0:06:07	0	1.001532E+1	2.553900E+1	2.564100E+1	5.673143E-1	7.632977E-1	3.660000E+2	1.541500E-8	1.450079E-8	4.715241E-10	4.867065E-10	4.373624E-10	4.106655E-10	4.483050E-10	4.738914E-10	5.072919E-10	5.085076E-10	4.432713E-10	4.924130E-10	4.285530E-10	4.299812E-10	4.378269E-10	4.305744E-10	4.418251E-10	4.209290E-10	4.969894E-10	4.629838E-10	4.780982E-10	4.225919E-10	4.603131E-10	4.522206E-10	4.776209E-10	4.105233E-10	4.261163E-10	4.478608E-10	4.733746E-10	4.770764E-10	4.453730E-10	4.462751E-10	4.120783E-10	4.416705E-10
0:06:21	0	1.001691E+1	2.554100E+1	2.564000E+1	5.666556E-1	7.627023E-1	3.680000E+2	1.606300E-8	1.513138E-8	4.911376E-10	5.054966E-10	4.563254E-10	4.287648E-10	4.673753E-10	4.946350E-10	5.304107E-10	5.350781E-10	4.617798E-10	5.132046E-10	4.497975E-10	4.482316E-10	4.573363E-10	4.488125E-10	4.611459E-10	4.399150E-10	5.194156E-10	4.839429E-10	4.993894E-10	4.402078E-10	4.833447E-10	4.708661E-10	4.994200E-10	4.277705E-10	4.446537E-10	4.670796E-10	4.921911E-10	4.973378E-10	4.611594E-10	4.646508E-10	4.286366E-10	4.618673E-10
0:06:34	0	1.001691E+1	2.553000E+1	2.563700E+1	5.665796E-1	7.626517E-1	3.700000E+2	1.664900E-8	1.583689E-8	5.157955E-10	5.321044E-10	4.770598E-10	4.496495E-10	4.884729E-10	5.177036E-10	5.527716E-10	5.578436E-10	4.835856E-10	5.363965E-10	4.693351E-10	4.663554E-10	4.785556E-10	4.684383E-10	4.859127E-10	4.567498E-10	5.419689E-10	5.064122E-10	5.204918E-10	4.612084E-10	5.066910E-10	4.948658E-10	5.227352E-10	4.474722E-10	4.643895E-10	4.913221E-10	5.157434E-10	5.217772E-10	4.830716E-10	4.866375E-10	4.509022E-10	4.844699E-10
0:06:48	0	1.001516E+1	2.554400E+1	2.564500E+1	5.663642E-1	7.621703E-1	3.720000E+2	1.754300E-8	1.654931E-8	5.322550E-10	5.524075E-10	4.989308E-10	4.706611E-10	5.099506E-10	5.402075E-10	5.780384E-10	5.776278E-10	5.050741E-10	5.607896E-10	4.909588E-10	4.870053E-10	4.988890E-10	4.912192E-10	5.087804E-10	4.809891E-10	5.678164E-10	5.300142E-10	5.481442E-10	4.824603E-10	5.280819E-10	5.186774E-10	5.454191E-10	4.689982E-10	4.863949E-10	5.137433E-10	5.385371E-10	5.453300E-10	5.049839E-10	5.105259E-10	4.706598E-10	5.057431E-10
0:07:01	0	1.001707E+1	2.554300E+1	2.564500E+1	5.658575E-1	7.621196E-1	3.740000E+2	1.816600E-8	1.734034E-8	5.587408E-10	5.810340E-10	5.233933E-10	4.938866E-10	5.348489E-10	5.680531E-10	6.038097E-10	6.029299E-10	5.277035E-10	5.865105E-10	5.151747E-10	5.163064E-10	5.218193E-10	5.138746E-10	5.268332E-10	5.043421E-10	5.941071E-10	5.535537E-10	5.742226E-10	5.072859E-10	5.531326E-10	5.422991E-10	5.722096E-10	4.900225E-10	5.106080E-10	5.381742E-10	5.645515E-10	5.741383E-10	5.295477E-10	5.357456E-10	4.912946E-10	5.301817E-10
0:07:15	0	1.001555E+1	2.554700E+1	2.564800E+1	5.668329E-1	7.631330E-1	3.760000E+2	1.890300E-8	1.816163E-8	5.837770E-10	6.097859E-10	5.475404E-10	5.160372E-10	5.610154E-10	5.917508E-10	6.331828E-10	6.337480E-10	5.534389E-10	6.138734E-10	5.386950E-10	5.376502E-10	5.480436E-10	5.378549E-10	5.525509E-10	5.238985E-10	6.225519E-10	5.816249E-10	5.999220E-10	5.294146E-10	5.801397E-10	5.697633E-10	5.981792E-10	5.132487E-10	5.345046E-10	5.661229E-10	5.927758E-10	5.989575E-10	5.562589E-10	5.631821E-10	5.168227E-10	5.553170E-10
0:07:28	0	1.001669E+1	2.555200E+1	2.565100E+1	5.668963E-1	7.630064E-1	3.780000E+2	1.996300E-8	1.906811E-8	6.123455E-10	6.392316E-10	5.725727E-10	5.424907E-10	5.883211E-10	6.226151E-10	6.641345E-10	6.655822E-10	5.801250E-10	6.429434E-10	5.649341E-10	5.637313E-10	5.737608E-10	5.660633E-10	5.840966E-10	5.516186E-10	6.534039E-10	6.117728E-10	6.307875E-10	5.581266E-10	6.119412E-10	5.961575E-10	6.290135E-10	5.385527E-10	5.597261E-10	5.928769E-10	6.211267E-10	6.311852E-10	5.834745E-10	5.903024E-10	5.407815E-10	5.843143E-10
0:07:42	0	1.001600E+1	2.555500E+1	2.565400E+1	5.660855E-1	7.621196E-1	3.800000E+2	2.075100E-8	2.003377E-8	6.400926E-10	6.723344E-10	6.052529E-10	5.707796E-10	6.177181E-10	6.525356E-10	6.952118E-10	6.913278E-10	6.103615E-10	6.758671E-10	5.931965E-10	5.942945E-10	6.045449E-10	5.940824E-10	6.134253E-10	5.784525E-10	6.857132E-10	6.428646E-10	6.609608E-10	5.857103E-10	6.437437E-10	6.269600E-10	6.607326E-10	5.658073E-10	5.879746E-10	6.241539E-10	6.533930E-10	6.627792E-10	6.155538E-10	6.219841E-10	5.718911E-10	6.140713E-10
0:07:55	0	1.001615E+1	2.555800E+1	2.565800E+1	5.653888E-1	7.617016E-1	3.820000E+2	2.179900E-8	2.102558E-8	6.713093E-10	7.022848E-10	6.343936E-10	6.009677E-10	6.482564E-10	6.844676E-10	7.288170E-10	7.237946E-10	6.388858E-10	7.101188E-10	6.253167E-10	6.242276E-10	6.338100E-10	6.227958E-10	6.407900E-10	6.068051E-10	7.212527E-10	6.744602E-10	6.956686E-10	6.160523E-10	6.730857E-10	6.589608E-10	6.958013E-10	5.928731E-10	6.198792E-10	6.562469E-10	6.865425E-10	6.973488E-10	6.464957E-10	6.499277E-10	6.005551E-10	6.433844E-10
0:08:09	0	1.001722E+1	2.555700E+1	2.565900E+1	5.677197E-1	7.636398E-1	3.840000E+2	2.285700E-8	2.214254E-8	7.058053E-10	7.402432E-10	6.680218E-10	6.340661E-10	6.832914E-10	7.231256E-10	7.668437E-10	7.652671E-10	6.722914E-10	7.462659E-10	6.566134E-10	6.569392E-10	6.679510E-10	6.566210E-10	6.729046E-10	6.375005E-10	7.570463E-10	7.124764E-10	7.319505E-10	6.481488E-10	7.094306E-10	6.947395E-10	7.296680E-10	6.251011E-10	6.507754E-10	6.933648E-10	7.232903E-10	7.346410E-10	6.813522E-10	6.853486E-10	6.317905E-10	6.796631E-10
0:08:22	0	1.001532E+1	2.555800E+1	2.565900E+1	5.662629E-1	7.625630E-1	3.860000E+2	2.420300E-8	2.330396E-8	7.397956E-10	7.778849E-10	7.053173E-10	6.668488E-10	7.178843E-10	7.604638E-10	8.073963E-10	8.022368E-10	7.085490E-10	7.832979E-10	6.930326E-10	6.898391E-10	6.999400E-10	6.885533E-10	7.115452E-10	6.680681E-10	7.980343E-10	7.500514E-10	7.707533E-10	6.830046E-10	7.518339E-10	7.319053E-10	7.703595E-10	6.572029E-10	6.843204E-10	7.280961E-10	7.602914E-10	7.725041E-10	7.179773E-10	7.234943E-10	6.680430E-10	7.154350E-10
0:08:36	0	1.001684E+1	2.556100E+1	2.566000E+1	5.656548E-1	7.619549E-1	3.880000E+2	2.531300E-8	2.458875E-8	7.787059E-10	8.207615E-10	7.416009E-10	7.029215E-10	7.576082E-10	8.031447E-10	8.498446E-10	8.425671E-10	7.465817E-10	8.272814E-10	7.314750E-10	7.245076E-10	7.397188E-10	7.279942E-10	7.545557E-10	7.039529E-10	8.425708E-10	7.912134E-10	8.140279E-10	7.216220E-10	7.920288E-10	7.745505E-10	8.121253E-10	6.936470E-10	7.239175E-10	7.707404E-10	8.028496E-10	8.160644E-10	7.587064E-10	7.639838E-10	7.031043E-10	7.543723E-10
0:08:49	0	1.001539E+1	2.556000E+1	2.566400E+1	5.668963E-1	7.629430E-1	3.900000E+2	2.668800E-8	2.593124E-8	8.197606E-10	8.636371E-10	7.838260E-10	7.434251E-10	7.977120E-10	8.458890E-10	8.966505E-10	8.851167E-10	7.848677E-10	8.709496E-10	7.708647E-10	7.697223E-10	7.794346E-10	7.674361E-10	7.914223E-10	7.437611E-10	8.882463E-10	8.325015E-10	8.587504E-10	7.620565E-10	8.367032E-10	8.153699E-10	8.568616E-10	7.319175E-10	7.635783E-10	8.147034E-10	8.468592E-10	8.612079E-10	8.003836E-10	8.076412E-10	7.419283E-10	7.980582E-10
0:09:03	0	1.001646E+1	2.555600E+1	2.566100E+1	5.661996E-1	7.623730E-1	3.920000E+2	2.824700E-8	2.742922E-8	8.637781E-10	9.148361E-10	8.294650E-10	7.846879E-10	8.459893E-10	8.949813E-10	9.465528E-10	9.373698E-10	8.301904E-10	9.215055E-10	8.148078E-10	8.156947E-10	8.255482E-10	8.130616E-10	8.324688E-10	7.840120E-10	9.404475E-10	8.815318E-10	9.097098E-10	8.065664E-10	8.823868E-10	8.645664E-10	9.070940E-10	7.747192E-10	8.094185E-10	8.599860E-10	8.940894E-10	9.125555E-10	8.469863E-10	8.566853E-10	7.838890E-10	8.436431E-10
0:09:16	0	1.001653E+1	2.555600E+1	2.566000E+1	5.667696E-1	7.630570E-1	3.940000E+2	2.994500E-8	2.900612E-8	9.126529E-10	9.652787E-10	8.769370E-10	8.336077E-10	8.923023E-10	9.451423E-10	9.996121E-10	9.928553E-10	8.768430E-10	9.721242E-10	8.617854E-10	8.574362E-10	8.722958E-10	8.593815E-10	8.832713E-10	8.297689E-10	9.922056E-10	9.321350E-10	9.617402E-10	8.541482E-10	9.379779E-10	9.148339E-10	9.594751E-10	8.178995E-10	8.526727E-10	9.119254E-10	9.483281E-10	9.639671E-10	8.978187E-10	9.055393E-10	8.300520E-10	8.941036E-10
0:09:30	0	1.001646E+1	2.556200E+1	2.566400E+1	5.662122E-1	7.625250E-1	3.960000E+2	3.165200E-8	3.079444E-8	9.668868E-10	1.023099E-9	9.307937E-10	8.832878E-10	9.497662E-10	1.003350E-9	1.060126E-9	1.045742E-9	9.288212E-10	1.031464E-9	9.150861E-10	9.101657E-10	9.272142E-10	9.113810E-10	9.466146E-10	8.777418E-10	1.053023E-9	9.935644E-10	1.018999E-9	9.066822E-10	9.962197E-10	9.717790E-10	1.017037E-9	8.688216E-10	9.055115E-10	9.667539E-10	1.005471E-9	1.026459E-9	9.555984E-10	9.638352E-10	8.814202E-10	9.517184E-10
0:09:43	0	1.001752E+1	2.555800E+1	2.566000E+1	5.658702E-1	7.620943E-1	3.980000E+2	3.345600E-8	3.266227E-8	1.021500E-9	1.085206E-9	9.868627E-10	9.373349E-10	1.005076E-9	1.066208E-9	1.126893E-9	1.104399E-9	9.863772E-10	1.093900E-9	9.725601E-10	9.667472E-10	9.813726E-10	9.669778E-10	9.962770E-10	9.324227E-10	1.113650E-9	1.053798E-9	1.083564E-9	9.622871E-10	1.055596E-9	1.031936E-9	1.081612E-9	9.223868E-10	9.611883E-10	1.027046E-9	1.067793E-9	1.088064E-9	1.014767E-9	1.023270E-9	9.359252E-10	1.009269E-9
0:09:57	0	1.001577E+1	2.555900E+1	2.565900E+1	5.656675E-1	7.619929E-1	4.000000E+2	3.560600E-8	3.478439E-8	1.083429E-9	1.155321E-9	1.048431E-9	1.001127E-9	1.071789E-9	1.135478E-9	1.199408E-9	1.179353E-9	1.046026E-9	1.162403E-9	1.034648E-9	1.030149E-9	1.044969E-9	1.031347E-9	1.058924E-9	9.914697E-10	1.187454E-9	1.122213E-9	1.153673E-9	1.025103E-9	1.126142E-9	1.098835E-9	1.152128E-9	9.817441E-10	1.022098E-9	1.096948E-9	1.135291E-9	1.159040E-9	1.080881E-9	1.091323E-9	9.990227E-10	1.078217E-9
0:10:10	0	1.001699E+1	2.555800E+1	2.565700E+1	5.670610E-1	7.634244E-1	4.020000E+2	3.774500E-8	3.704815E-8	1.151978E-9	1.227328E-9	1.116889E-9	1.065363E-9	1.139263E-9	1.208458E-9	1.275209E-9	1.256083E-9	1.114801E-9	1.235583E-9	1.102302E-9	1.094624E-9	1.115153E-9	1.098239E-9	1.132467E-9	1.055834E-9	1.265186E-9	1.196607E-9	1.228064E-9	1.093811E-9	1.204764E-9	1.173039E-9	1.227382E-9	1.044940E-9	1.088430E-9	1.165657E-9	1.209294E-9	1.234764E-9	1.150847E-9	1.164763E-9	1.064692E-9	1.146342E-9
0:10:24	0	1.001562E+1	2.554600E+1	2.565800E+1	5.658449E-1	7.622083E-1	4.040000E+2	4.034900E-8	3.962888E-8	1.226456E-9	1.310369E-9	1.194639E-9	1.141940E-9	1.220865E-9	1.293693E-9	1.362504E-9	1.336935E-9	1.190232E-9	1.321464E-9	1.177732E-9	1.171855E-9	1.192241E-9	1.174661E-9	1.217475E-9	1.128489E-9	1.348493E-9	1.279499E-9	1.310142E-9	1.170669E-9	1.287740E-9	1.256881E-9	1.313378E-9	1.119466E-9	1.161194E-9	1.247680E-9	1.294157E-9	1.325179E-9	1.233127E-9	1.249291E-9	1.140898E-9	1.229535E-9
0:10:37	0	1.001570E+1	2.554700E+1	2.565500E+1	5.652241E-1	7.615622E-1	4.060000E+2	4.326300E-8	4.248564E-8	1.310267E-9	1.404002E-9	1.278648E-9	1.223389E-9	1.308106E-9	1.386096E-9	1.459908E-9	1.428503E-9	1.273588E-9	1.411959E-9	1.266503E-9	1.261211E-9	1.277438E-9	1.259160E-9	1.305017E-9	1.207282E-9	1.444787E-9	1.369692E-9	1.410863E-9	1.256929E-9	1.380876E-9	1.347778E-9	1.408093E-9	1.200916E-9	1.246001E-9	1.342390E-9	1.388490E-9	1.420974E-9	1.320270E-9	1.342374E-9	1.224254E-9	1.319882E-9
0:10:51	0	1.001714E+1	2.554800E+1	2.565300E+1	5.669850E-1	7.631204E-1	4.080000E+2	4.632300E-8	4.556749E-8	1.401709E-9	1.502050E-9	1.372075E-9	1.310914E-9	1.401873E-9	1.488619E-9	1.567796E-9	1.533260E-9	1.361443E-9	1.511112E-9	1.354894E-9	1.352714E-9	1.370488E-9	1.351800E-9	1.395599E-9	1.298164E-9	1.546972E-9	1.467185E-9	1.516562E-9	1.348707E-9	1.483475E-9	1.446299E-9	1.513992E-9	1.287779E-9	1.333835E-9	1.439360E-9	1.489391E-9	1.524050E-9	1.420736E-9	1.442235E-9	1.314761E-9	1.417638E-9
0:11:04	0	1.001463E+1	2.554000E+1	2.564700E+1	5.675297E-1	7.633357E-1	4.100000E+2	4.983600E-8	4.914706E-8	1.503872E-9	1.615672E-9	1.478271E-9	1.416982E-9	1.511668E-9	1.603650E-9	1.686865E-9	1.654316E-9	1.464195E-9	1.625747E-9	1.461115E-9	1.454889E-9	1.480832E-9	1.463498E-9	1.508604E-9	1.399614E-9	1.664931E-9	1.581924E-9	1.630764E-9	1.454151E-9	1.607529E-9	1.565983E-9	1.638657E-9	1.391260E-9	1.439575E-9	1.553351E-9	1.603679E-9	1.643905E-9	1.531874E-9	1.561614E-9	1.419066E-9	1.529004E-9
0:11:18	0	1.001729E+1	2.554200E+1	2.564400E+1	5.662502E-1	7.624110E-1	4.108294E+2	5.124400E-8	5.060614E-8	1.546692E-9	1.659557E-9	1.522519E-9	1.460270E-9	1.555763E-9	1.648154E-9	1.738599E-9	1.700797E-9	1.508946E-9	1.672890E-9	1.505817E-9	1.497578E-9	1.524285E-9	1.504581E-9	1.556746E-9	1.443663E-9	1.709911E-9	1.630765E-9	1.682794E-9	1.499601E-9	1.653087E-9	1.613417E-9	1.683898E-9	1.431796E-9	1.481569E-9	1.597691E-9	1.652108E-9	1.694493E-9	1.578982E-9	1.608060E-9	1.462657E-9	1.578452E-9
0:11:31	0	1.001539E+1	2.553800E+1	2.564100E+1	5.657688E-1	7.621196E-1	4.116588E+2	5.317200E-8	5.243510E-8	1.598907E-9	1.722041E-9	1.574795E-9	1.511152E-9	1.616712E-9	1.710321E-9	1.803534E-9	1.762498E-9	1.560101E-9	1.734315E-9	1.558864E-9	1.556180E-9	1.578697E-9	1.558094E-9	1.614642E-9	1.491888E-9	1.769841E-9	1.689487E-9	1.740745E-9	1.553451E-9	1.714862E-9	1.671180E-9	1.746010E-9	1.485236E-9	1.534219E-9	1.651703E-9	1.711399E-9	1.756162E-9	1.638087E-9	1.667813E-9	1.516535E-9	1.635623E-9
0:11:45	0	1.001623E+1	2.553500E+1	2.564400E+1	5.664022E-1	7.623730E-1	4.124881E+2	5.469100E-8	5.404402E-8	1.644566E-9	1.772168E-9	1.625618E-9	1.558047E-9	1.661948E-9	1.764002E-9	1.856342E-9	1.813101E-9	1.602824E-9	1.786577E-9	1.607360E-9	1.605941E-9	1.628991E-9	1.607003E-9	1.659490E-9	1.538026E-9	1.827744E-9	1.742608E-9	1.798067E-9	1.601159E-9	1.766920E-9	1.722393E-9	1.796812E-9	1.532381E-9	1.580059E-9	1.703832E-9	1.764690E-9	1.807257E-9	1.688226E-9	1.724650E-9	1.564579E-9	1.690643E-9
0:11:58	0	1.001646E+1	2.554500E+1	2.564600E+1	5.666683E-1	7.625503E-1	4.133175E+2	5.655700E-8	5.591262E-8	1.696845E-9	1.829862E-9	1.679600E-9	1.610575E-9	1.722896E-9	1.826735E-9	1.920456E-9	1.877402E-9	1.657718E-9	1.845096E-9	1.663695E-9	1.656902E-9	1.686886E-9	1.665944E-9	1.720617E-9	1.591883E-9	1.886788E-9	1.798813E-9	1.858664E-9	1.654883E-9	1.832670E-9	1.784755E-9	1.863725E-9	1.585821E-9	1.631448E-9	1.762742E-9	1.821834E-9	1.873928E-9	1.747015E-9	1.787697E-9	1.620652E-9	1.748066E-9
0:12:12	0	1.001593E+1	2.553600E+1	2.564300E+1	5.667316E-1	7.629050E-1	4.141469E+2	5.873700E-8	5.806678E-8	1.756440E-9	1.898842E-9	1.742939E-9	1.674621E-9	1.788025E-9	1.900217E-9	1.995562E-9	1.949756E-9	1.718823E-9	1.914547E-9	1.727239E-9	1.717778E-9	1.746366E-9	1.726399E-9	1.795236E-9	1.653399E-9	1.962302E-9	1.866221E-9	1.927764E-9	1.722903E-9	1.904604E-9	1.854991E-9	1.936957E-9	1.646059E-9	1.692231E-9	1.833460E-9	1.894637E-9	1.944396E-9	1.817991E-9	1.856384E-9	1.683750E-9	1.815938E-9
0:12:25	0	1.001729E+1	2.554000E+1	2.564500E+1	5.656168E-1	7.617269E-1	4.149763E+2	6.072200E-8	6.000305E-8	1.811999E-9	1.960130E-9	1.797807E-9	1.728351E-9	1.847643E-9	1.960058E-9	2.063275E-9	2.014691E-9	1.772260E-9	1.975403E-9	1.785470E-9	1.781243E-9	1.805971E-9	1.789884E-9	1.853514E-9	1.707384E-9	2.023182E-9	1.929413E-9	1.991637E-9	1.784651E-9	1.964674E-9	1.919684E-9	2.002481E-9	1.704346E-9	1.749042E-9	1.889106E-9	1.959104E-9	2.007269E-9	1.881391E-9	1.919939E-9	1.740010E-9	1.882037E-9
0:12:39	0	1.001555E+1	2.553400E+1	2.564100E+1	5.656422E-1	7.618789E-1	4.158057E+2	6.289600E-8	6.202755E-8	1.869197E-9	2.020976E-9	1.860007E-9	1.786068E-9	1.911442E-9	2.033540E-9	2.134277E-9	2.077977E-9	1.832731E-9	2.040557E-9	1.846295E-9	1.845024E-9	1.870771E-9	1.848825E-9	1.916604E-9	1.767191E-9	2.085836E-9	1.995878E-9	2.057273E-9	1.843079E-9	2.034147E-9	1.983306E-9	2.074766E-9	1.761877E-9	1.804655E-9	1.951973E-9	2.021173E-9	2.081031E-9	1.942959E-9	1.989006E-9	1.794139E-9	1.944970E-9
0:12:52	0	1.001585E+1	2.552700E+1	2.563500E+1	5.675170E-1	7.633864E-1	4.166351E+2	6.524300E-8	6.440285E-8	1.932576E-9	2.100803E-9	1.928591E-9	1.856949E-9	1.983288E-9	2.105515E-9	2.214499E-9	2.163206E-9	1.899034E-9	2.112159E-9	1.914517E-9	1.911014E-9	1.942982E-9	1.924427E-9	1.993821E-9	1.834467E-9	2.163190E-9	2.069076E-9	2.139162E-9	1.917303E-9	2.116810E-9	2.060156E-9	2.149642E-9	1.832123E-9	1.870232E-9	2.031609E-9	2.097387E-9	2.160556E-9	2.018546E-9	2.073471E-9	1.868024E-9	2.017716E-9
0:13:06	0	1.001555E+1	2.553200E+1	2.563600E+1	5.664022E-1	7.625630E-1	4.174644E+2	6.773500E-8	6.710712E-8	2.009198E-9	2.181006E-9	2.006785E-9	1.931627E-9	2.065080E-9	2.196220E-9	2.308743E-9	2.254394E-9	1.974530E-9	2.200948E-9	1.992540E-9	1.987424E-9	2.022350E-9	2.007538E-9	2.078512E-9	1.914019E-9	2.251945E-9	2.157193E-9	2.227412E-9	1.994787E-9	2.212027E-9	2.151938E-9	2.243537E-9	1.913762E-9	1.947283E-9	2.106726E-9	2.183576E-9	2.252425E-9	2.109037E-9	2.168456E-9	1.949938E-9	2.106166E-9
0:13:19	0	1.001638E+1	2.553300E+1	2.563500E+1	5.660095E-1	7.622970E-1	4.182938E+2	7.024300E-8	6.953150E-8	2.079766E-9	2.255851E-9	2.077202E-9	2.002001E-9	2.141553E-9	2.274164E-9	2.396860E-9	2.326557E-9	2.045080E-9	2.275201E-9	2.065630E-9	2.063961E-9	2.100898E-9	2.077964E-9	2.160037E-9	1.982244E-9	2.332085E-9	2.230706E-9	2.311946E-9	2.068887E-9	2.292985E-9	2.227465E-9	2.326120E-9	1.981994E-9	2.017209E-9	2.189440E-9	2.263640E-9	2.335495E-9	2.181971E-9	2.243669E-9	2.017740E-9	2.185180E-9
0:13:33	0	1.001623E+1	2.553300E+1	2.563400E+1	5.657562E-1	7.621196E-1	4.191232E+2	7.277600E-8	7.216225E-8	2.154813E-9	2.338324E-9	2.153944E-9	2.079970E-9	2.220367E-9	2.362732E-9	2.484599E-9	2.419711E-9	2.114746E-9	2.361715E-9	2.145994E-9	2.135889E-9	2.179253E-9	2.158995E-9	2.240104E-9	2.061860E-9	2.417735E-9	2.314668E-9	2.396983E-9	2.146938E-9	2.375330E-9	2.317418E-9	2.421846E-9	2.056393E-9	2.090479E-9	2.266251E-9	2.346671E-9	2.418120E-9	2.273281E-9	2.334280E-9	2.099593E-9	2.273249E-9
0:13:46	0	1.001516E+1	2.553200E+1	2.563900E+1	5.671116E-1	7.629557E-1	4.199526E+2	7.612000E-8	7.543689E-8	2.241714E-9	2.434669E-9	2.249899E-9	2.171990E-9	2.326805E-9	2.467078E-9	2.601647E-9	2.532650E-9	2.205707E-9	2.464911E-9	2.240897E-9	2.237180E-9	2.281109E-9	2.256873E-9	2.344369E-9	2.157364E-9	2.520935E-9	2.420785E-9	2.506839E-9	2.245423E-9	2.487711E-9	2.428221E-9	2.530526E-9	2.151504E-9	2.180015E-9	2.370946E-9	2.457548E-9	2.530124E-9	2.371537E-9	2.442634E-9	2.199883E-9	2.377398E-9
0:14:00	0	1.001676E+1	2.553100E+1	2.563800E+1	5.664529E-1	7.623476E-1	4.207820E+2	7.932600E-8	7.870072E-8	2.329625E-9	2.541229E-9	2.346803E-9	2.265148E-9	2.423612E-9	2.576138E-9	2.714968E-9	2.638486E-9	2.296224E-9	2.567540E-9	2.335233E-9	2.330640E-9	2.384610E-9	2.359925E-9	2.453575E-9	2.254954E-9	2.622360E-9	2.519977E-9	2.611277E-9	2.346667E-9	2.601164E-9	2.539465E-9	2.641480E-9	2.244914E-9	2.271065E-9	2.474699E-9	2.554850E-9	2.644787E-9	2.476486E-9	2.553141E-9	2.295659E-9	2.484017E-9
0:14:13	0	1.001562E+1	2.553800E+1	2.563900E+1	5.665669E-1	7.627530E-1	4.216113E+2	8.242600E-8	8.188056E-8	2.418859E-9	2.636502E-9	2.435363E-9	2.355395E-9	2.519977E-9	2.685323E-9	2.824057E-9	2.746795E-9	2.382116E-9	2.666692E-9	2.431211E-9	2.431679E-9	2.479436E-9	2.456541E-9	2.557586E-9	2.346405E-9	2.725432E-9	2.617156E-9	2.718991E-9	2.440639E-9	2.709822E-9	2.642457E-9	2.752307E-9	2.342289E-9	2.360790E-9	2.569032E-9	2.662065E-9	2.752106E-9	2.578153E-9	2.658136E-9	2.392751E-9	2.584494E-9
0:14:27	0	1.001661E+1	2.554000E+1	2.564000E+1	5.657308E-1	7.619296E-1	4.224407E+2	8.627100E-8	8.566200E-8	2.518184E-9	2.751133E-9	2.545920E-9	2.466779E-9	2.639592E-9	2.808841E-9	2.955128E-9	2.876855E-9	2.484867E-9	2.784739E-9	2.537559E-9	2.543516E-9	2.594276E-9	2.578652E-9	2.676736E-9	2.457856E-9	2.847256E-9	2.738944E-9	2.844279E-9	2.556114E-9	2.838545E-9	2.768315E-9	2.883923E-9	2.454645E-9	2.466342E-9	2.683463E-9	2.783487E-9	2.872846E-9	2.699647E-9	2.790884E-9	2.502701E-9	2.709981E-9
0:14:40	0	1.001547E+1	2.554700E+1	2.564500E+1	5.660602E-1	7.620943E-1	4.232701E+2	9.024300E-8	8.971308E-8	2.625833E-9	2.876166E-9	2.667286E-9	2.577402E-9	2.763009E-9	2.949896E-9	3.098768E-9	3.015221E-9	2.596366E-9	2.911066E-9	2.659840E-9	2.660720E-9	2.719378E-9	2.700574E-9	2.808745E-9	2.574939E-9	2.972882E-9	2.867655E-9	2.978764E-9	2.678923E-9	2.979952E-9	2.903560E-9	3.025144E-9	2.572854E-9	2.573785E-9	2.810893E-9	2.908887E-9	3.006251E-9	2.830739E-9	2.926610E-9	2.626952E-9	2.844014E-9
0:14:54	0	1.001615E+1	2.555100E+1	2.565300E+1	5.671243E-1	7.633864E-1	4.240995E+2	9.458000E-8	9.424335E-8	2.751014E-9	3.007569E-9	2.796176E-9	2.709798E-9	2.904292E-9	3.096859E-9	3.258581E-9	3.175656E-9	2.717754E-9	3.045229E-9	2.790531E-9	2.792386E-9	2.858986E-9	2.843004E-9	2.959884E-9	2.711451E-9	3.118906E-9	3.008263E-9	3.126288E-9	2.816652E-9	3.132274E-9	3.057953E-9	3.181212E-9	2.708373E-9	2.696298E-9	2.949315E-9	3.051208E-9	3.159726E-9	2.979513E-9	3.087366E-9	2.759231E-9	2.991596E-9
0:15:07	0	1.001691E+1	2.556000E+1	2.566100E+1	5.658575E-1	7.623350E-1	4.249289E+2	9.878000E-8	9.861496E-8	2.863771E-9	3.139602E-9	2.918428E-9	2.832637E-9	3.045195E-9	3.241811E-9	3.411886E-9	3.325691E-9	2.829633E-9	3.176547E-9	2.925964E-9	2.925820E-9	3.004295E-9	2.979819E-9	3.106210E-9	2.847013E-9	3.249092E-9	3.143331E-9	3.272741E-9	2.951560E-9	3.287437E-9	3.202709E-9	3.329256E-9	2.839235E-9	2.817739E-9	3.079133E-9	3.192836E-9	3.301551E-9	3.114962E-9	3.226577E-9	2.896402E-9	3.136076E-9
0:15:21	0	1.001524E+1	2.555700E+1	2.566500E+1	5.658955E-1	7.623730E-1	4.257582E+2	1.046500E-7	1.042643E-7	3.008754E-9	3.309656E-9	3.081451E-9	2.996865E-9	3.222402E-9	3.422907E-9	3.624631E-9	3.523920E-9	2.985313E-9	3.357726E-9	3.086561E-9	3.095817E-9	3.167973E-9	3.160303E-9	3.283320E-9	3.014410E-9	3.422611E-9	3.313645E-9	3.459382E-9	3.118754E-9	3.476169E-9	3.394835E-9	3.527912E-9	3.005031E-9	2.966104E-9	3.249773E-9	3.375001E-9	3.497701E-9	3.297014E-9	3.427505E-9	3.068760E-9	3.322089E-9
0:15:34	0	1.001767E+1	2.556100E+1	2.566300E+1	5.655408E-1	7.620183E-1	4.265876E+2	1.097400E-7	1.094694E-7	3.146989E-9	3.464325E-9	3.227406E-9	3.145588E-9	3.378383E-9	3.608466E-9	3.809457E-9	3.702110E-9	3.121788E-9	3.513754E-9	3.234575E-9	3.244911E-9	3.334375E-9	3.319457E-9	3.462014E-9	3.173263E-9	3.580039E-9	3.479492E-9	3.629835E-9	3.277610E-9	3.658149E-9	3.569512E-9	3.707232E-9	3.161259E-9	3.110686E-9	3.411935E-9	3.539359E-9	3.673272E-9	3.463089E-9	3.605179E-9	3.225249E-9	3.490691E-9
0:15:48	0	1.001479E+1	2.555500E+1	2.566000E+1	5.676310E-1	7.636271E-1	4.274170E+2	1.157300E-7	1.156924E-7	3.302755E-9	3.639928E-9	3.403325E-9	3.313171E-9	3.568831E-9	3.822561E-9	4.023591E-9	3.914226E-9	3.287420E-9	3.707193E-9	3.414267E-9	3.426528E-9	3.542774E-9	3.518683E-9	3.671683E-9	3.360217E-9	3.770979E-9	3.666673E-9	3.833106E-9	3.468563E-9	3.872940E-9	3.781228E-9	3.931731E-9	3.353931E-9	3.272355E-9	3.596581E-9	3.734720E-9	3.884870E-9	3.679114E-9	3.817196E-9	3.408771E-9	3.702473E-9
0:16:01	0	1.001593E+1	2.556000E+1	2.566600E+1	5.661109E-1	7.625503E-1	4.282464E+2	1.233800E-7	1.232051E-7	3.498630E-9	3.864964E-9	3.618498E-9	3.525433E-9	3.800333E-9	4.071859E-9	4.299253E-9	4.176185E-9	3.489247E-9	3.927679E-9	3.630313E-9	3.652791E-9	3.761686E-9	3.755648E-9	3.914988E-9	3.595901E-9	3.999677E-9	3.897473E-9	4.084942E-9	3.697631E-9	4.137138E-9	4.040315E-9	4.206844E-9	3.576062E-9	3.471793E-9	3.827201E-9	3.968219E-9	4.130848E-9	3.911431E-9	4.072553E-9	3.648178E-9	3.951419E-9
0:16:15	0	1.001646E+1	2.555400E+1	2.566000E+1	5.663009E-1	7.626263E-1	4.290758E+2	1.309500E-7	1.302142E-7	3.674450E-9	4.067553E-9	3.809651E-9	3.728898E-9	4.033418E-9	4.309592E-9	4.549267E-9	4.430219E-9	3.663119E-9	4.134136E-9	3.834222E-9	3.863456E-9	3.985603E-9	3.975636E-9	4.157279E-9	3.806270E-9	4.212412E-9	4.106999E-9	4.313474E-9	3.916168E-9	4.385943E-9	4.282585E-9	4.452067E-9	3.795801E-9	3.653640E-9	4.035838E-9	4.187576E-9	4.362772E-9	4.133643E-9	4.310806E-9	3.858859E-9	4.182889E-9
0:16:28	0	1.001555E+1	2.555300E+1	2.565600E+1	5.665669E-1	7.626390E-1	4.299052E+2	1.396100E-7	1.388880E-7	3.881740E-9	4.314220E-9	4.055102E-9	3.970589E-9	4.283929E-9	4.604902E-9	4.864531E-9	4.745000E-9	3.886435E-9	4.389698E-9	4.090038E-9	4.120914E-9	4.258614E-9	4.268326E-9	4.459623E-9	4.079041E-9	4.461826E-9	4.370718E-9	4.594223E-9	4.168496E-9	4.688380E-9	4.587088E-9	4.755801E-9	4.061049E-9	3.876471E-9	4.283040E-9	4.461675E-9	4.653261E-9	4.432014E-9	4.620594E-9	4.127367E-9	4.473245E-9
0:16:42	0	1.001661E+1	2.555000E+1	2.565400E+1	5.663896E-1	7.623350E-1	4.307345E+2	1.480900E-7	1.475906E-7	4.092245E-9	4.555334E-9	4.294802E-9	4.216332E-9	4.555789E-9	4.894492E-9	5.178786E-9	5.057816E-9	4.102777E-9	4.652777E-9	4.334349E-9	4.374838E-9	4.532256E-9	4.549591E-9	4.767919E-9	4.359853E-9	4.717131E-9	4.633112E-9	4.879192E-9	4.431542E-9	4.999146E-9	4.889829E-9	5.077353E-9	4.336306E-9	4.095645E-9	4.540288E-9	4.730785E-9	4.941849E-9	4.710616E-9	4.922525E-9	4.395565E-9	4.769801E-9
0:16:55	0	1.001539E+1	2.554800E+1	2.565200E+1	5.670483E-1	7.632597E-1	4.315639E+2	1.603300E-7	1.593415E-7	4.379879E-9	4.892163E-9	4.618005E-9	4.544978E-9	4.922935E-9	5.315960E-9	5.614321E-9	5.480274E-9	4.395250E-9	4.989226E-9	4.670718E-9	4.725820E-9	4.901102E-9	4.937000E-9	5.154888E-9	4.732809E-9	5.056757E-9	4.974120E-9	5.251279E-9	4.798403E-9	5.418824E-9	5.306963E-9	5.505753E-9	4.706924E-9	4.391935E-9	4.873970E-9	5.093599E-9	5.339404E-9	5.082614E-9	5.333380E-9	4.764177E-9	5.168039E-9
0:17:09	0	1.001684E+1	2.554700E+1	2.564900E+1	5.660475E-1	7.624363E-1	4.323933E+2	1.712200E-7	1.706821E-7	4.641718E-9	5.189333E-9	4.918576E-9	4.870840E-9	5.276968E-9	5.705306E-9	6.050992E-9	5.898419E-9	4.674093E-9	5.317018E-9	4.987676E-9	5.048701E-9	5.271786E-9	5.311095E-9	5.567577E-9	5.099563E-9	5.374083E-9	5.315568E-9	5.632749E-9	5.145955E-9	5.813576E-9	5.702050E-9	5.920125E-9	5.053496E-9	4.676686E-9	5.200368E-9	5.443848E-9	5.711378E-9	5.462695E-9	5.726493E-9	5.121437E-9	5.551969E-9
0:17:22	0	1.001577E+1	2.554300E+1	2.564500E+1	5.654902E-1	7.617269E-1	4.332227E+2	1.853000E-7	1.847661E-7	4.970152E-9	5.567336E-9	5.303285E-9	5.254736E-9	5.719128E-9	6.198433E-9	6.588543E-9	6.438572E-9	4.992933E-9	5.711732E-9	5.395239E-9	5.470284E-9	5.721837E-9	5.767733E-9	6.065081E-9	5.550365E-9	5.770218E-9	5.709129E-9	6.091699E-9	5.577888E-9	6.347403E-9	6.212663E-9	6.444820E-9	5.512675E-9	5.007275E-9	5.601502E-9	5.872267E-9	6.167370E-9	5.916150E-9	6.219023E-9	5.559357E-9	6.041251E-9
0:17:36	0	1.001524E+1	2.553400E+1	2.564100E+1	5.673650E-1	7.635004E-1	4.340521E+2	2.012900E-7	2.013256E-7	5.336677E-9	5.995592E-9	5.730975E-9	5.709448E-9	6.246880E-9	6.763157E-9	7.190837E-9	7.062871E-9	5.374148E-9	6.190052E-9	5.851612E-9	5.951605E-9	6.275202E-9	6.344336E-9	6.671604E-9	6.115463E-9	6.226093E-9	6.202008E-9	6.609484E-9	6.078841E-9	6.946535E-9	6.810712E-9	7.054563E-9	6.053809E-9	5.406405E-9	6.047605E-9	6.370711E-9	6.732647E-9	6.468243E-9	6.803055E-9	6.095749E-9	6.608725E-9
0:17:49	0	1.001600E+1	2.553300E+1	2.563700E+1	5.675550E-1	7.635511E-1	4.348814E+2	2.211400E-7	2.208060E-7	5.750435E-9	6.506136E-9	6.240463E-9	6.236181E-9	6.857885E-9	7.467803E-9	7.946688E-9	7.842153E-9	5.809940E-9	6.711094E-9	6.397706E-9	6.547228E-9	6.890326E-9	7.000137E-9	7.387646E-9	6.786445E-9	6.747982E-9	6.747383E-9	7.239138E-9	6.683235E-9	7.646690E-9	7.519562E-9	7.812601E-9	6.691437E-9	5.858941E-9	6.583457E-9	6.955720E-9	7.357754E-9	7.125410E-9	7.486186E-9	6.693421E-9	7.278828E-9
0:18:13	1	1.001585E+1	2.552700E+1	2.563400E+1	5.664529E-1	7.621703E-1	0.000000E+0	-2.286100E-9	2.908714E-9	1.036762E-10	8.474281E-11	9.045559E-11	8.625930E-11	8.736801E-11	9.026480E-11	9.058147E-11	9.144112E-11	9.203935E-11	8.771459E-11	8.826465E-11	8.739789E-11	1.012850E-10	8.519397E-11	9.172199E-11	8.929981E-11	8.850180E-11	8.798944E-11	8.755658E-11	8.870602E-11	9.098960E-11	9.228321E-11	8.940778E-11	9.120674E-11	9.294061E-11	8.968480E-11	9.420821E-11	9.269297E-11	9.396205E-11	9.251143E-11	9.289030E-11	9.547569E-11
0:18:27	1	1.001501E+1	2.553100E+1	2.563200E+1	5.664022E-1	7.625377E-1	0.000000E+0	2.192400E-9	2.951647E-9	1.055677E-10	9.022842E-11	9.367980E-11	9.113279E-11	9.192879E-11	9.315643E-11	9.329681E-11	9.340723E-11	9.470115E-11	9.106363E-11	9.016212E-11	8.998686E-11	9.659810E-11	8.784395E-11	9.210199E-11	8.797000E-11	8.951490E-11	8.849319E-11	8.698977E-11	8.889406E-11	9.111611E-11	9.152745E-11	9.193541E-11	8.938136E-11	9.357170E-11	9.232311E-11	9.559675E-11	9.503586E-11	9.213080E-11	9.200527E-11	9.539935E-11	9.490598E-11
0:18:40	1	1.001737E+1	2.552700E+1	2.563000E+1	5.661869E-1	7.625630E-1	1.000000E+1	3.429300E-9	3.242474E-9	1.150902E-10	1.006323E-10	1.034782E-10	9.872678E-11	1.021926E-10	1.018313E-10	1.027093E-10	1.024750E-10	1.038293E-10	1.018700E-10	9.977222E-11	1.008492E-10	1.050858E-10	9.674231E-11	9.976690E-11	9.759036E-11	1.016151E-10	9.774562E-11	9.706809E-11	9.660448E-11	1.012119E-10	1.009129E-10	1.006545E-10	9.724930E-11	1.037865E-10	1.014298E-10	1.021008E-10	1.021265E-10	1.013499E-10	1.010030E-10	1.041800E-10	1.007940E-10
0:18:54	1	1.001418E+1	2.552800E+1	2.563200E+1	5.665416E-1	7.624870E-1	2.000000E+1	3.730100E-9	3.281981E-9	1.172347E-10	1.033437E-10	1.075237E-10	1.001195E-10	1.018765E-10	1.043449E-10	1.045411E-10	1.072311E-10	1.057947E-10	1.029444E-10	9.989899E-11	1.007854E-10	1.059098E-10	9.762498E-11	9.754993E-11	1.001850E-10	9.876482E-11	9.768203E-11	9.832800E-11	9.741996E-11	1.007069E-10	1.008502E-10	1.008440E-10	9.850829E-11	1.059296E-10	1.020574E-10	1.034894E-10	1.030760E-10	1.029917E-10	1.020163E-10	1.081317E-10	1.042762E-10
0:19:07	1	1.001653E+1	2.552600E+1	2.563200E+1	5.663896E-1	7.623983E-1	3.000000E+1	3.962500E-9	3.311688E-9	1.174238E-10	1.025245E-10	1.046787E-10	9.885366E-11	1.043469E-10	1.052886E-10	1.062463E-10	1.092602E-10	1.073157E-10	1.042713E-10	1.008472E-10	1.016696E-10	1.079368E-10	9.983463E-11	9.894391E-11	9.993226E-11	1.009820E-10	9.957086E-11	9.908375E-11	9.942600E-11	1.047452E-10	1.014807E-10	1.004649E-10	1.006477E-10	1.060560E-10	1.026225E-10	1.053205E-10	1.047223E-10	1.031183E-10	1.042340E-10	1.051831E-10	1.046560E-10
0:19:21	1	1.001532E+1	2.553400E+1	2.563700E+1	5.669470E-1	7.631457E-1	4.000000E+1	4.144600E-9	3.371748E-9	1.198838E-10	1.047940E-10	1.090405E-10	1.032836E-10	1.062473E-10	1.071740E-10	1.075725E-10	1.119872E-10	1.066182E-10	1.062306E-10	1.011636E-10	9.914346E-11	1.097737E-10	1.021060E-10	1.035679E-10	1.022102E-10	1.040223E-10	9.768203E-11	1.017299E-10	1.018705E-10	1.052502E-10	1.046927E-10	1.014125E-10	1.021591E-10	1.073172E-10	1.035654E-10	1.079730E-10	1.056728E-10	1.065286E-10	1.055014E-10	1.080684E-10	1.075056E-10
0:19:34	1	1.001516E+1	2.554400E+1	2.564400E+1	5.656042E-1	7.621450E-1	5.000000E+1	4.298700E-9	3.421806E-9	1.226585E-10	1.062443E-10	1.075865E-10	1.026502E-10	1.062473E-10	1.098136E-10	1.097833E-10	1.110992E-10	1.096613E-10	1.081261E-10	1.050205E-10	1.059005E-10	1.110407E-10	1.022953E-10	1.047708E-10	1.033492E-10	1.061135E-10	1.027176E-10	1.031161E-10	1.033757E-10	1.050609E-10	1.065821E-10	1.046983E-10	1.033545E-10	1.091457E-10	1.048841E-10	1.079092E-10	1.071921E-10	1.071596E-10	1.058185E-10	1.072535E-10	1.111777E-10
0:19:48	1	1.001684E+1	2.554600E+1	2.565000E+1	5.655028E-1	7.619423E-1	6.000000E+1	4.483500E-9	3.465552E-9	1.242344E-10	1.088930E-10	1.084717E-10	1.053716E-10	1.090987E-10	1.098771E-10	1.107316E-10	1.120502E-10	1.127664E-10	1.093901E-10	1.064109E-10	1.063431E-10	1.125606E-10	1.047560E-10	1.051508E-10	1.039826E-10	1.066196E-10	1.045428E-10	1.043750E-10	1.050057E-10	1.084687E-10	1.080310E-10	1.052678E-10	1.043620E-10	1.102805E-10	1.068314E-10	1.094881E-10	1.075719E-10	1.080439E-10	1.068958E-10	1.091348E-10	1.105441E-10
0:20:01	1	1.001524E+1	2.555400E+1	2.565700E+1	5.671496E-1	7.634117E-1	7.000000E+1	4.541700E-9	3.511300E-9	1.249283E-10	1.088293E-10	1.101781E-10	1.087255E-10	1.097319E-10	1.115740E-10	1.121835E-10	1.155380E-10	1.123861E-10	1.105274E-10	1.062851E-10	1.061537E-10	1.134476E-10	1.075335E-10	1.067978E-10	1.056911E-10	1.094709E-10	1.058017E-10	1.056986E-10	1.051304E-10	1.100456E-10	1.095436E-10	1.064678E-10	1.056210E-10	1.113526E-10	1.083384E-10	1.123290E-10	1.103576E-10	1.090547E-10	1.084793E-10	1.091348E-10	1.139633E-10
0:20:15	1	1.001691E+1	2.556200E+1	2.566300E+1	5.673523E-1	7.635764E-1	8.000000E+1	4.672900E-9	3.561326E-9	1.258114E-10	1.097750E-10	1.137815E-10	1.079662E-10	1.118232E-10	1.122031E-10	1.139525E-10	1.171237E-10	1.133378E-10	1.123600E-10	1.076755E-10	1.061537E-10	1.156645E-10	1.063968E-10	1.134498E-10	1.079690E-10	1.108640E-10	1.084447E-10	1.077769E-10	1.071998E-10	1.108664E-10	1.108035E-10	1.091850E-10	1.070688E-10	1.117935E-10	1.083384E-10	1.138451E-10	1.125106E-10	1.111381E-10	1.103809E-10	1.120201E-10	1.136465E-10
0:20:28	1	1.001570E+1	2.556500E+1	2.566900E+1	5.657435E-1	7.624743E-1	9.000000E+1	4.782800E-9	3.623881E-9	1.280812E-10	1.129284E-10	1.136548E-10	1.111943E-10	1.138506E-10	1.163510E-10	1.165422E-10	1.152847E-10	1.168241E-10	1.146985E-10	1.113427E-10	1.116477E-10	1.175015E-10	1.098677E-10	1.114228E-10	1.101841E-10	1.129552E-10	1.097662E-10	1.073363E-10	1.083903E-10	1.114342E-10	1.134487E-10	1.113336E-10	1.088942E-10	1.146314E-10	1.109757E-10	1.163072E-10	1.137770E-10	1.130322E-10	1.120914E-10	1.125221E-10	1.156095E-10
0:20:42	1	1.001577E+1	2.556400E+1	2.567000E+1	5.658829E-1	7.626137E-1	1.000000E+2	4.946000E-9	3.703869E-9	1.300992E-10	1.156388E-10	1.174478E-10	1.127129E-10	1.150538E-10	1.189281E-10	1.200164E-10	1.212451E-10	1.185983E-10	1.174160E-10	1.110902E-10	1.148049E-10	1.193384E-10	1.119508E-10	1.128158E-10	1.120194E-10	1.148554E-10	1.135429E-10	1.126276E-10	1.097066E-10	1.130748E-10	1.143307E-10	1.132288E-10	1.117262E-10	1.179103E-10	1.139283E-10	1.198438E-10	1.173223E-10	1.142952E-10	1.144362E-10	1.155955E-10	1.182682E-10
0:20:55	1	1.001707E+1	2.556600E+1	2.566600E+1	5.659842E-1	7.622336E-1	1.200000E+2	5.297700E-9	3.951967E-9	1.398746E-10	1.238996E-10	1.219992E-10	1.187882E-10	1.247474E-10	1.269113E-10	1.274704E-10	1.319626E-10	1.250637E-10	1.247466E-10	1.184874E-10	1.219407E-10	1.269392E-10	1.193339E-10	1.217477E-10	1.225260E-10	1.234713E-10	1.180121E-10	1.205639E-10	1.177941E-10	1.226028E-10	1.227715E-10	1.220117E-10	1.199717E-10	1.248462E-10	1.218413E-10	1.252734E-10	1.236533E-10	1.226311E-10	1.218494E-10	1.223058E-10	1.259293E-10
0:21:09	1	1.001608E+1	2.556600E+1	2.566500E+1	5.660475E-1	7.625123E-1	1.400000E+2	5.765200E-9	4.356212E-9	1.504693E-10	1.360683E-10	1.367901E-10	1.308131E-10	1.356443E-10	1.392946E-10	1.390926E-10	1.442648E-10	1.396436E-10	1.390915E-10	1.321449E-10	1.309079E-10	1.399248E-10	1.353633E-10	1.365065E-10	1.339177E-10	1.346844E-10	1.301589E-10	1.326579E-10	1.295799E-10	1.365476E-10	1.348031E-10	1.337640E-10	1.325606E-10	1.375197E-10	1.336488E-10	1.387231E-10	1.382793E-10	1.338708E-10	1.341422E-10	1.356659E-10	1.396683E-10
0:21:23	1	1.001555E+1	2.556300E+1	2.566600E+1	5.656042E-1	7.621956E-1	1.600000E+2	6.426600E-9	5.004918E-9	1.715323E-10	1.577589E-10	1.565754E-10	1.503681E-10	1.561718E-10	1.584037E-10	1.621486E-10	1.625274E-10	1.596742E-10	1.597564E-10	1.528204E-10	1.582511E-10	1.608912E-10	1.520861E-10	1.578533E-10	1.529037E-10	1.563505E-10	1.501104E-10	1.515557E-10	1.490762E-10	1.543425E-10	1.547713E-10	1.548679E-10	1.522623E-10	1.580120E-10	1.537459E-10	1.563395E-10	1.567675E-10	1.559086E-10	1.551797E-10	1.571166E-10	1.587887E-10
0:21:37	1	1.001555E+1	2.556000E+1	2.566400E+1	5.663009E-1	7.628670E-1	1.800000E+2	7.332600E-9	5.974035E-9	2.023069E-10	1.892223E-10	1.873596E-10	1.792274E-10	1.861390E-10	1.907763E-10	1.932897E-10	2.022240E-10	1.902899E-10	1.922382E-10	1.814621E-10	1.854049E-10	1.907253E-10	1.838919E-10	1.862320E-10	1.824592E-10	1.863155E-10	1.806369E-10	1.822321E-10	1.777881E-10	1.831785E-10	1.851342E-10	1.834279E-10	1.815321E-10	1.867641E-10	1.823847E-10	1.887314E-10	1.863985E-10	1.850830E-10	1.841996E-10	1.863450E-10	1.906345E-10
0:21:50	1	1.001691E+1	2.556600E+1	2.566600E+1	5.659082E-1	7.623856E-1	2.000000E+2	8.532500E-9	7.282583E-9	2.438664E-10	2.290719E-10	2.273724E-10	2.193503E-10	2.270670E-10	2.321374E-10	2.381382E-10	2.442030E-10	2.305412E-10	2.323669E-10	2.215475E-10	2.215896E-10	2.314551E-10	2.257317E-10	2.302565E-10	2.241657E-10	2.275576E-10	2.195334E-10	2.224201E-10	2.184106E-10	2.267802E-10	2.250080E-10	2.243090E-10	2.212494E-10	2.292001E-10	2.229568E-10	2.293319E-10	2.289463E-10	2.262548E-10	2.239928E-10	2.261096E-10	2.316618E-10
0:22:04	1	9.975794E+0	2.556800E+1	2.566900E+1	5.855052E-1	7.805766E-1	2.200000E+2	1.007800E-8	9.049738E-9	2.995508E-10	2.843062E-10	2.833785E-10	2.714352E-10	2.847839E-10	2.860693E-10	2.953039E-10	3.050163E-10	2.851181E-10	2.879149E-10	2.761129E-10	2.760876E-10	2.851704E-10	2.810755E-10	2.879628E-10	2.790364E-10	2.824191E-10	2.721506E-10	2.783555E-10	2.708199E-10	2.796578E-10	2.811963E-10	2.802281E-10	2.776476E-10	2.841194E-10	2.767810E-10	2.843282E-10	2.840931E-10	2.804337E-10	2.788667E-10	2.823077E-10	2.880103E-10
0:22:18	1	1.001547E+1	2.556700E+1	2.566900E+1	5.675803E-1	7.644378E-1	2.400000E+2	1.261300E-8	1.147542E-8	3.757945E-10	3.616722E-10	3.601180E-10	3.410499E-10	3.601139E-10	3.697341E-10	3.776736E-10	3.857409E-10	3.614368E-10	3.648860E-10	3.511003E-10	3.505396E-10	3.637151E-10	3.574339E-10	3.620120E-10	3.549822E-10	3.583776E-10	3.442166E-10	3.507315E-10	3.446682E-10	3.565133E-10	3.560312E-10	3.561778E-10	3.504743E-10	3.580807E-10	3.514558E-10	3.593411E-10	3.586147E-10	3.564631E-10	3.543329E-10	3.576990E-10	3.642387E-10
0:22:32	1	1.001532E+1	2.556900E+1	2.567000E+1	5.687078E-1	7.654259E-1	2.600000E+2	1.611100E-8	1.483274E-8	4.795334E-10	4.626837E-10	4.628996E-10	4.458520E-10	4.657280E-10	4.776633E-10	4.905522E-10	5.046395E-10	4.643786E-10	4.718748E-10	4.549828E-10	4.517048E-10	4.686749E-10	4.645251E-10	4.669729E-10	4.597242E-10	4.586626E-10	4.460529E-10	4.557369E-10	4.459746E-10	4.624578E-10	4.616687E-10	4.626456E-10	4.538287E-10	4.606060E-10	4.530106E-10	4.615047E-10	4.646673E-10	4.592654E-10	4.581878E-10	4.628197E-10	4.732635E-10
0:22:45	1	1.001585E+1	2.556100E+1	2.566500E+1	5.685431E-1	7.651726E-1	2.800000E+2	2.066700E-8	1.953675E-8	6.260294E-10	6.136948E-10	6.091717E-10	5.879937E-10	6.146776E-10	6.293410E-10	6.489742E-10	6.657724E-10	6.100442E-10	6.222146E-10	5.983818E-10	5.926526E-10	6.174035E-10	6.124470E-10	6.192522E-10	6.080710E-10	6.025959E-10	5.874782E-10	5.979064E-10	5.881548E-10	6.063260E-10	6.089449E-10	6.105002E-10	5.998597E-10	6.029812E-10	5.964571E-10	6.081833E-10	6.083920E-10	6.057027E-10	6.046228E-10	6.091476E-10	6.233776E-10
0:22:59	1	1.001783E+1	2.555700E+1	2.566100E+1	5.688725E-1	7.656539E-1	3.000000E+2	2.722000E-8	2.610062E-8	8.294722E-10	8.181765E-10	8.143578E-10	7.863334E-10	8.217872E-10	8.443172E-10	8.703099E-10	8.852439E-10	8.119340E-10	8.287988E-10	7.985581E-10	7.971921E-10	8.188344E-10	8.213284E-10	8.265149E-10	8.117321E-10	8.031658E-10	7.844787E-10	8.009882E-10	7.860666E-10	8.107062E-10	8.148031E-10	8.168643E-10	8.014710E-10	8.036800E-10	7.937902E-10	8.102997E-10	8.179635E-10	8.122553E-10	8.102400E-10	8.147481E-10	8.342099E-10
0:23:13	1	1.001585E+1	2.555300E+1	2.565500E+1	5.684418E-1	7.647039E-1	3.200000E+2	3.687700E-8	3.569330E-8	1.123221E-9	1.116606E-9	1.111958E-9	1.078526E-9	1.123867E-9	1.152639E-9	1.189491E-9	1.209348E-9	1.108272E-9	1.126635E-9	1.091237E-9	1.093677E-9	1.119523E-9	1.124050E-9	1.122776E-9	1.107288E-9	1.094961E-9	1.073749E-9	1.095217E-9	1.077386E-9	1.113080E-9	1.119558E-9	1.120851E-9	1.094288E-9	1.093916E-9	1.090793E-9	1.110414E-9	1.123647E-9	1.113528E-9	1.111917E-9	1.116812E-9	1.144062E-9
0:23:27	1	1.001509E+1	2.555500E+1	2.565600E+1	5.697845E-1	7.663000E-1	3.400000E+2	5.155800E-8	5.029314E-8	1.569332E-9	1.569390E-9	1.564871E-9	1.521594E-9	1.582373E-9	1.622884E-9	1.666968E-9	1.694139E-9	1.551480E-9	1.583786E-9	1.537367E-9	1.536603E-9	1.575339E-9	1.585104E-9	1.593485E-9	1.560493E-9	1.538419E-9	1.514326E-9	1.545978E-9	1.522483E-9	1.576926E-9	1.582362E-9	1.580843E-9	1.548054E-9	1.539200E-9	1.539534E-9	1.563962E-9	1.585339E-9	1.574814E-9	1.572829E-9	1.577437E-9	1.615427E-9
0:23:40	1	1.001555E+1	2.554500E+1	2.564900E+1	5.698099E-1	7.657046E-1	3.600000E+2	7.459500E-8	7.339924E-8	2.268895E-9	2.279748E-9	2.280557E-9	2.222240E-9	2.307418E-9	2.367196E-9	2.437982E-9	2.464735E-9	2.252234E-9	2.301869E-9	2.239570E-9	2.241601E-9	2.297134E-9	2.316635E-9	2.332270E-9	2.276599E-9	2.238642E-9	2.213398E-9	2.258719E-9	2.227619E-9	2.309076E-9	2.316159E-9	2.315631E-9	2.261406E-9	2.239853E-9	2.248162E-9	2.284098E-9	2.317196E-9	2.304286E-9	2.301964E-9	2.309206E-9	2.367141E-9
0:23:54	1	1.001653E+1	2.555000E+1	2.564900E+1	5.682391E-1	7.649319E-1	3.620000E+2	7.724900E-8	7.645981E-8	2.359391E-9	2.373129E-9	2.375881E-9	2.314574E-9	2.406759E-9	2.465318E-9	2.537722E-9	2.568541E-9	2.343829E-9	2.395713E-9	2.331060E-9	2.339103E-9	2.395316E-9	2.417542E-9	2.429630E-9	2.370139E-9	2.330691E-9	2.304094E-9	2.352196E-9	2.322030E-9	2.406249E-9	2.414678E-9	2.412937E-9	2.358465E-9	2.330966E-9	2.342056E-9	2.377106E-9	2.412928E-9	2.400522E-9	2.399545E-9	2.406111E-9	2.465593E-9
0:24:07	1	1.001479E+1	2.554500E+1	2.564800E+1	5.669723E-1	7.637284E-1	3.640000E+2	8.033500E-8	7.959579E-8	2.453796E-9	2.470042E-9	2.472025E-9	2.409505E-9	2.504074E-9	2.564257E-9	2.644917E-9	2.669558E-9	2.439037E-9	2.493602E-9	2.427418E-9	2.433195E-9	2.491343E-9	2.513716E-9	2.534908E-9	2.468361E-9	2.425401E-9	2.397497E-9	2.448383E-9	2.416190E-9	2.506325E-9	2.514521E-9	2.512960E-9	2.456281E-9	2.426302E-9	2.438461E-9	2.479963E-9	2.512775E-9	2.499788E-9	2.498521E-9	2.505712E-9	2.566957E-9
0:24:21	1	1.001714E+1	2.554100E+1	2.564800E+1	5.690118E-1	7.651092E-1	3.660000E+2	8.392200E-8	8.303872E-8	2.557410E-9	2.575025E-9	2.578411E-9	2.515129E-9	2.611272E-9	2.678974E-9	2.757543E-9	2.780340E-9	2.542233E-9	2.600464E-9	2.535220E-9	2.541558E-9	2.604981E-9	2.625919E-9	2.639743E-9	2.574685E-9	2.528536E-9	2.500780E-9	2.555153E-9	2.521384E-9	2.613595E-9	2.625134E-9	2.622461E-9	2.562469E-9	2.529836E-9	2.543597E-9	2.582127E-9	2.621994E-9	2.609095E-9	2.607950E-9	2.615161E-9	2.680540E-9
0:24:34	1	1.001425E+1	2.554500E+1	2.564500E+1	5.682264E-1	7.643998E-1	3.680000E+2	8.720000E-8	8.657278E-8	2.665311E-9	2.682846E-9	2.686061E-9	2.618792E-9	2.722208E-9	2.792371E-9	2.874591E-9	2.905645E-9	2.648407E-9	2.711118E-9	2.641379E-9	2.648407E-9	2.711777E-9	2.737428E-9	2.752243E-9	2.686326E-9	2.635030E-9	2.606582E-9	2.660977E-9	2.629962E-9	2.727237E-9	2.738142E-9	2.735121E-9	2.673313E-9	2.635892E-9	2.653254E-9	2.694520E-9	2.735517E-9	2.720675E-9	2.720043E-9	2.728812E-9	2.792794E-9
0:24:48	1	1.001767E+1	2.554100E+1	2.564400E+1	5.692272E-1	7.655273E-1	3.700000E+2	9.139000E-8	9.044983E-8	2.777816E-9	2.801890E-9	2.805278E-9	2.738087E-9	2.845562E-9	2.916895E-9	3.002566E-9	3.037416E-9	2.767387E-9	2.832009E-9	2.755440E-9	2.763212E-9	2.832889E-9	2.859727E-9	2.880514E-9	2.807079E-9	2.752863E-9	2.722139E-9	2.782045E-9	2.749950E-9	2.855898E-9	2.862614E-9	2.859155E-9	2.793600E-9	2.751785E-9	2.769191E-9	2.814932E-9	2.858917E-9	2.842168E-9	2.840815E-9	2.848734E-9	2.921256E-9
0:25:01	1	1.001707E+1	2.553300E+1	2.564000E+1	5.675170E-1	7.640831E-1	3.720000E+2	9.534000E-8	9.445334E-8	2.900853E-9	2.922195E-9	2.929489E-9	2.860230E-9	2.972527E-9	3.044686E-9	3.137237E-9	3.162086E-9	2.886428E-9	2.952711E-9	2.880314E-9	2.890898E-9	2.959258E-9	2.988149E-9	3.009293E-9	2.932073E-9	2.872724E-9	2.844746E-9	2.906703E-9	2.870064E-9	2.976608E-9	2.989040E-9	2.985905E-9	2.916656E-9	2.873541E-9	2.892979E-9	2.940079E-9	2.987637E-9	2.968210E-9	2.969064E-9	2.977187E-9	3.053769E-9
0:25:15	1	1.001593E+1	2.553600E+1	2.563800E+1	5.669976E-1	7.633611E-1	3.740000E+2	9.877000E-8	9.880159E-8	3.031205E-9	3.055931E-9	3.063056E-9	2.991803E-9	3.108931E-9	3.187563E-9	3.283026E-9	3.311043E-9	3.018466E-9	3.086368E-9	3.013154E-9	3.023700E-9	3.096839E-9	3.125026E-9	3.141175E-9	3.067699E-9	3.004621E-9	2.974905E-9	3.038542E-9	3.002528E-9	3.115680E-9	3.128693E-9	3.126935E-9	3.052742E-9	3.005386E-9	3.027696E-9	3.070088E-9	3.124713E-9	3.107448E-9	3.107262E-9	3.115488E-9	3.193880E-9
0:25:28	1	1.001661E+1	2.553400E+1	2.563700E+1	5.694045E-1	7.657933E-1	3.760000E+2	1.034600E-7	1.032978E-7	3.164835E-9	3.193764E-9	3.202880E-9	3.126919E-9	3.248631E-9	3.332830E-9	3.431404E-9	3.464883E-9	3.153861E-9	3.226281E-9	3.147069E-9	3.158271E-9	3.236130E-9	3.269919E-9	3.287627E-9	3.208894E-9	3.138228E-9	3.105881E-9	3.176744E-9	3.139880E-9	3.260368E-9	3.276095E-9	3.268472E-9	3.191912E-9	3.142338E-9	3.162411E-9	3.214620E-9	3.267424E-9	3.248897E-9	3.249578E-9	3.259056E-9	3.341716E-9
0:25:42	1	1.001509E+1	2.553600E+1	2.563800E+1	5.685558E-1	7.650459E-1	3.780000E+2	1.091100E-7	1.082900E-7	3.312089E-9	3.346794E-9	3.353514E-9	3.276590E-9	3.406703E-9	3.494502E-9	3.597722E-9	3.634195E-9	3.301175E-9	3.383320E-9	3.298371E-9	3.308250E-9	3.394424E-9	3.429388E-9	3.449725E-9	3.363191E-9	3.287610E-9	3.260147E-9	3.332645E-9	3.292968E-9	3.420704E-9	3.432568E-9	3.428583E-9	3.348140E-9	3.290956E-9	3.315027E-9	3.367234E-9	3.427231E-9	3.409415E-9	3.408115E-9	3.416297E-9	3.502404E-9
0:25:55	1	1.001729E+1	2.553600E+1	2.564300E+1	5.670610E-1	7.638804E-1	3.800000E+2	1.142400E-7	1.136348E-7	3.470882E-9	3.508841E-9	3.518560E-9	3.440946E-9	3.575039E-9	3.665541E-9	3.773831E-9	3.807820E-9	3.462877E-9	3.545920E-9	3.461561E-9	3.476415E-9	3.561333E-9	3.598324E-9	3.622147E-9	3.531853E-9	3.450106E-9	3.419950E-9	3.497366E-9	3.457154E-9	3.589243E-9	3.602835E-9	3.601902E-9	3.514314E-9	3.448905E-9	3.477943E-9	3.536202E-9	3.593559E-9	3.578711E-9	3.578313E-9	3.586210E-9	3.680186E-9
0:26:09	1	1.001547E+1	2.553900E+1	2.564400E+1	5.689611E-1	7.651346E-1	3.820000E+2	1.192000E-7	1.191673E-7	3.634153E-9	3.672653E-9	3.689168E-9	3.607895E-9	3.747367E-9	3.844059E-9	3.960678E-9	3.992288E-9	3.626861E-9	3.715408E-9	3.629682E-9	3.647423E-9	3.734766E-9	3.774075E-9	3.802425E-9	3.703237E-9	3.615515E-9	3.585167E-9	3.666054E-9	3.627983E-9	3.767122E-9	3.781985E-9	3.780086E-9	3.684641E-9	3.616816E-9	3.649588E-9	3.705170E-9	3.771030E-9	3.754196E-9	3.753007E-9	3.766407E-9	3.860438E-9
0:26:22	1	1.001615E+1	2.554500E+1	2.564800E+1	5.676183E-1	7.639691E-1	3.840000E+2	1.257300E-7	1.253555E-7	3.818676E-9	3.864334E-9	3.876528E-9	3.794400E-9	3.943516E-9	4.048035E-9	4.165654E-9	4.209922E-9	3.812841E-9	3.905751E-9	3.816960E-9	3.835923E-9	3.929039E-9	3.972354E-9	3.994041E-9	3.896456E-9	3.797016E-9	3.772286E-9	3.859184E-9	3.816052E-9	3.962479E-9	3.977575E-9	3.976846E-9	3.881657E-9	3.800303E-9	3.839259E-9	3.895732E-9	3.966420E-9	3.950266E-9	3.951844E-9	3.961408E-9	4.062722E-9
0:26:36	1	1.001722E+1	2.554900E+1	2.565400E+1	5.680237E-1	7.645645E-1	3.860000E+2	1.324800E-7	1.317630E-7	4.009569E-9	4.058474E-9	4.075203E-9	3.985524E-9	4.146635E-9	4.257923E-9	4.381560E-9	4.423878E-9	4.003322E-9	4.103234E-9	4.007463E-9	4.027895E-9	4.129962E-9	4.175620E-9	4.208020E-9	4.098218E-9	3.990111E-9	3.962993E-9	4.053132E-9	4.010328E-9	4.168941E-9	4.188097E-9	4.180051E-9	4.083646E-9	3.990724E-9	4.029871E-9	4.096018E-9	4.168394E-9	4.155366E-9	4.154991E-9	4.166069E-9	4.271783E-9
0:26:49	1	1.001516E+1	2.555400E+1	2.565500E+1	5.680997E-1	7.648939E-1	3.880000E+2	1.394200E-7	1.388500E-7	4.221085E-9	4.269641E-9	4.294550E-9	4.203675E-9	4.365531E-9	4.485408E-9	4.614518E-9	4.659329E-9	4.213644E-9	4.319235E-9	4.223765E-9	4.243552E-9	4.355528E-9	4.398767E-9	4.437959E-9	4.317196E-9	4.201516E-9	4.173276E-9	4.272089E-9	4.228553E-9	4.400141E-9	4.416506E-9	4.408343E-9	4.306345E-9	4.203091E-9	4.246550E-9	4.318659E-9	4.393543E-9	4.382065E-9	4.381710E-9	4.388540E-9	4.505660E-9
0:27:03	1	1.001661E+1	2.555400E+1	2.565900E+1	5.680110E-1	7.644252E-1	3.900000E+2	1.472200E-7	1.462973E-7	4.436447E-9	4.495497E-9	4.520468E-9	4.428468E-9	4.602925E-9	4.724711E-9	4.868132E-9	4.903723E-9	4.433219E-9	4.547306E-9	4.452142E-9	4.477328E-9	4.590911E-9	4.637624E-9	4.680061E-9	4.556741E-9	4.423815E-9	4.399292E-9	4.502320E-9	4.458123E-9	4.632284E-9	4.653230E-9	4.649523E-9	4.535904E-9	4.425165E-9	4.470889E-9	4.548242E-9	4.633506E-9	4.615707E-9	4.615778E-9	4.628072E-9	4.749732E-9
0:27:16	1	1.001471E+1	2.555900E+1	2.566100E+1	5.676437E-1	7.639058E-1	3.920000E+2	1.545900E-7	1.546127E-7	4.680943E-9	4.745061E-9	4.778436E-9	4.677627E-9	4.864648E-9	4.998335E-9	5.143286E-9	5.194598E-9	4.677706E-9	4.803433E-9	4.700435E-9	4.727715E-9	4.852327E-9	4.909927E-9	4.944016E-9	4.813754E-9	4.671264E-9	4.646897E-9	4.755227E-9	4.713019E-9	4.899070E-9	4.920065E-9	4.915914E-9	4.798948E-9	4.671325E-9	4.727886E-9	4.803778E-9	4.900568E-9	4.878019E-9	4.880198E-9	4.896017E-9	5.022230E-9
0:27:30	1	1.001585E+1	2.556200E+1	2.567000E+1	5.696579E-1	7.660846E-1	3.940000E+2	1.642200E-7	1.633272E-7	4.935783E-9	5.012279E-9	5.041903E-9	4.941531E-9	5.138471E-9	5.278810E-9	5.436001E-9	5.492006E-9	4.937406E-9	5.071884E-9	4.965736E-9	4.990793E-9	5.124449E-9	5.184818E-9	5.230140E-9	5.089374E-9	4.926570E-9	4.905956E-9	5.025268E-9	4.980893E-9	5.180811E-9	5.201387E-9	5.195827E-9	5.070805E-9	4.932999E-9	4.986768E-9	5.072825E-9	5.171112E-9	5.159778E-9	5.166478E-9	5.173684E-9	5.304670E-9
0:27:43	1	1.001570E+1	2.556500E+1	2.567000E+1	5.674410E-1	7.640578E-1	3.960000E+2	1.733600E-7	1.731387E-7	5.221901E-9	5.304090E-9	5.340706E-9	5.236762E-9	5.445494E-9	5.597252E-9	5.765416E-9	5.814334E-9	5.227278E-9	5.370544E-9	5.263094E-9	5.295614E-9	5.437301E-9	5.500982E-9	5.549650E-9	5.403283E-9	5.219442E-9	5.197304E-9	5.327246E-9	5.280237E-9	5.494859E-9	5.517357E-9	5.512514E-9	5.379926E-9	5.221091E-9	5.289425E-9	5.378623E-9	5.487433E-9	5.468819E-9	5.472529E-9	5.482398E-9	5.635795E-9
0:27:57	1	1.001608E+1	2.557200E+1	2.567300E+1	5.673270E-1	7.642225E-1	3.980000E+2	1.833500E-7	1.834647E-7	5.520380E-9	5.616580E-9	5.654363E-9	5.549841E-9	5.773930E-9	5.937067E-9	6.113148E-9	6.167733E-9	5.527928E-9	5.680893E-9	5.573602E-9	5.611296E-9	5.762503E-9	5.833805E-9	5.881953E-9	5.725989E-9	5.524415E-9	5.500736E-9	5.639301E-9	5.595629E-9	5.829288E-9	5.853294E-9	5.850620E-9	5.703460E-9	5.527279E-9	5.602319E-9	5.693385E-9	5.811226E-9	5.799140E-9	5.809373E-9	5.816013E-9	5.978191E-9
0:28:10	1	1.001676E+1	2.557200E+1	2.567500E+1	5.698859E-1	7.660593E-1	4.000000E+2	1.957400E-7	1.952139E-7	5.861237E-9	5.961103E-9	6.008160E-9	5.901903E-9	6.141077E-9	6.316735E-9	6.506868E-9	6.573895E-9	5.874278E-9	6.038828E-9	5.930583E-9	5.970172E-9	6.134643E-9	6.209919E-9	6.269049E-9	6.105337E-9	5.871263E-9	5.850491E-9	6.005465E-9	5.955781E-9	6.204416E-9	6.234270E-9	6.228218E-9	6.077287E-9	5.875965E-9	5.958233E-9	6.055125E-9	6.187885E-9	6.170821E-9	6.182336E-9	6.192464E-9	6.360096E-9
0:28:24	1	1.001577E+1	2.556000E+1	2.566700E+1	5.686824E-1	7.651346E-1	4.020000E+2	2.074200E-7	2.076198E-7	6.218365E-9	6.331604E-9	6.391793E-9	6.273900E-9	6.530400E-9	6.724499E-9	6.927811E-9	6.994006E-9	6.235906E-9	6.414016E-9	6.302487E-9	6.349762E-9	6.522684E-9	6.604713E-9	6.674454E-9	6.495573E-9	6.232808E-9	6.223282E-9	6.382844E-9	6.338755E-9	6.606237E-9	6.637106E-9	6.632546E-9	6.467167E-9	6.235496E-9	6.328469E-9	6.448123E-9	6.581262E-9	6.568078E-9	6.582483E-9	6.592126E-9	6.771060E-9
0:28:37	1	1.001722E+1	2.555600E+1	2.565900E+1	5.674790E-1	7.642351E-1	4.040000E+2	2.222800E-7	2.218147E-7	6.627459E-9	6.757654E-9	6.816767E-9	6.703933E-9	6.977375E-9	7.184309E-9	7.405919E-9	7.477528E-9	6.645457E-9	6.840454E-9	6.735213E-9	6.786879E-9	6.972926E-9	7.067345E-9	7.142314E-9	6.948652E-9	6.645986E-9	6.643910E-9	6.820818E-9	6.773822E-9	7.065667E-9	7.098334E-9	7.090452E-9	6.919925E-9	6.654300E-9	6.754913E-9	6.877613E-9	7.029150E-9	7.018566E-9	7.039403E-9	7.052499E-9	7.239131E-9
0:28:51	1	1.001562E+1	2.556000E+1	2.565900E+1	5.680744E-1	7.642351E-1	4.060000E+2	2.382400E-7	2.376222E-7	7.080758E-9	7.221661E-9	7.294269E-9	7.181872E-9	7.478138E-9	7.701322E-9	7.944857E-9	8.018631E-9	7.105081E-9	7.319470E-9	7.205117E-9	7.274705E-9	7.476123E-9	7.576361E-9	7.654642E-9	7.451665E-9	7.115228E-9	7.108970E-9	7.305404E-9	7.255405E-9	7.571475E-9	7.618145E-9	7.609964E-9	7.424614E-9	7.112068E-9	7.232670E-9	7.365954E-9	7.530984E-9	7.527970E-9	7.541122E-9	7.557592E-9	7.760005E-9
0:29:04	1	1.001593E+1	2.555200E+1	2.565800E+1	5.677070E-1	7.641591E-1	4.080000E+2	2.547400E-7	2.546161E-7	7.571139E-9	7.728166E-9	7.810519E-9	7.691707E-9	8.015648E-9	8.256364E-9	8.512475E-9	8.604506E-9	7.597668E-9	7.828503E-9	7.715360E-9	7.788169E-9	8.013714E-9	8.132265E-9	8.208016E-9	8.002651E-9	7.606833E-9	7.606570E-9	7.827911E-9	7.777924E-9	8.118992E-9	8.161956E-9	8.167831E-9	7.962663E-9	7.608742E-9	7.739882E-9	7.886621E-9	8.074478E-9	8.068253E-9	8.090047E-9	8.108974E-9	8.331594E-9
0:29:18	1	1.001577E+1	2.555000E+1	2.565200E+1	5.692652E-1	7.656793E-1	4.100000E+2	2.748400E-7	2.743197E-7	8.126160E-9	8.305227E-9	8.400857E-9	8.279004E-9	8.628111E-9	8.902490E-9	9.188421E-9	9.284419E-9	8.162073E-9	8.425570E-9	8.305649E-9	8.386697E-9	8.642713E-9	8.765098E-9	8.868888E-9	8.634838E-9	8.177310E-9	8.192475E-9	8.424813E-9	8.388149E-9	8.764253E-9	8.815313E-9	8.812265E-9	8.592802E-9	8.175845E-9	8.324849E-9	8.494365E-9	8.693636E-9	8.693660E-9	8.730917E-9	8.746788E-9	8.986061E-9
0:29:31	1	1.001501E+1	2.554800E+1	2.565200E+1	5.684924E-1	7.648812E-1	4.108294E+2	2.830100E-7	2.824393E-7	8.346250E-9	8.537897E-9	8.645107E-9	8.522154E-9	8.890530E-9	9.164171E-9	9.469955E-9	9.568762E-9	8.395596E-9	8.661287E-9	8.548886E-9	8.639420E-9	8.899758E-9	9.041378E-9	9.140825E-9	8.892926E-9	8.408608E-9	8.427746E-9	8.678476E-9	8.639283E-9	9.027821E-9	9.078179E-9	9.080615E-9	8.850811E-9	8.415452E-9	8.570353E-9	8.741945E-9	8.953923E-9	8.953951E-9	8.984754E-9	9.004071E-9	9.258370E-9
0:29:45	1	1.001676E+1	2.554000E+1	2.564600E+1	5.671116E-1	7.635384E-1	4.116588E+2	2.921300E-7	2.925692E-7	8.635147E-9	8.834057E-9	8.953834E-9	8.830801E-9	9.211871E-9	9.506060E-9	9.808971E-9	9.905548E-9	8.681982E-9	8.967843E-9	8.856234E-9	8.943735E-9	9.220210E-9	9.363661E-9	9.478576E-9	9.226264E-9	8.704521E-9	8.728283E-9	8.985493E-9	8.945586E-9	9.355120E-9	9.409076E-9	9.407475E-9	9.180262E-9	8.698562E-9	8.874516E-9	9.049194E-9	9.274486E-9	9.281366E-9	9.321092E-9	9.333357E-9	9.596017E-9
0:29:58	1	1.001509E+1	2.554400E+1	2.564600E+1	5.666809E-1	7.632471E-1	4.124881E+2	3.021400E-7	3.016313E-7	8.883617E-9	9.107266E-9	9.221979E-9	9.101223E-9	9.490636E-9	9.803632E-9	1.011678E-8	1.022813E-8	8.939907E-9	9.236169E-9	9.127225E-9	9.221906E-9	9.511651E-9	9.658999E-9	9.771670E-9	9.519540E-9	8.961157E-9	8.990048E-9	9.263847E-9	9.227376E-9	9.650679E-9	9.709360E-9	9.709312E-9	9.470121E-9	8.960171E-9	9.137480E-9	9.333458E-9	9.566557E-9	9.576260E-9	9.609400E-9	9.630028E-9	9.895740E-9
0:30:12	1	1.001684E+1	2.553900E+1	2.564500E+1	5.701646E-1	7.663887E-1	4.133175E+2	3.117000E-7	3.119763E-7	9.182536E-9	9.401723E-9	9.532222E-9	9.416516E-9	9.822684E-9	1.014929E-8	1.047494E-8	1.058293E-8	9.235738E-9	9.543674E-9	9.439820E-9	9.532472E-9	9.846989E-9	9.998826E-9	1.011278E-8	9.857119E-9	9.254536E-9	9.291151E-9	9.575903E-9	9.547720E-9	9.985108E-9	1.005267E-8	1.004773E-8	9.803727E-9	9.257973E-9	9.450373E-9	9.635719E-9	9.892247E-9	9.900077E-9	9.947575E-9	9.960568E-9	1.024301E-8
0:30:25	1	1.001623E+1	2.554400E+1	2.564400E+1	5.676944E-1	7.644252E-1	4.141469E+2	3.238400E-7	3.239568E-7	9.507502E-9	9.753118E-9	9.891897E-9	9.759845E-9	1.019826E-8	1.053273E-8	1.088382E-8	1.100278E-8	9.570806E-9	9.901482E-9	9.795851E-9	9.906883E-9	1.023129E-8	1.039551E-8	1.051977E-8	1.023969E-8	9.599990E-9	9.644179E-9	9.948871E-9	9.917653E-9	1.037721E-8	1.044599E-8	1.043993E-8	1.018341E-8	9.600291E-9	9.798249E-9	1.001558E-8	1.026821E-8	1.028767E-8	1.034360E-8	1.035333E-8	1.064138E-8
0:30:39	1	1.001570E+1	2.553400E+1	2.563900E+1	5.668329E-1	7.635004E-1	4.149763E+2	3.348900E-7	3.345243E-7	9.801755E-9	1.005161E-8	1.020062E-8	1.009014E-8	1.053221E-8	1.088568E-8	1.124633E-8	1.137204E-8	9.875321E-9	1.021139E-8	1.011015E-8	1.023532E-8	1.056638E-8	1.073913E-8	1.087354E-8	1.059474E-8	9.900401E-9	9.955667E-9	1.026426E-8	1.023969E-8	1.071593E-8	1.079050E-8	1.079213E-8	1.053017E-8	9.898912E-9	1.011133E-8	1.032681E-8	1.060872E-8	1.063056E-8	1.067766E-8	1.069811E-8	1.099707E-8
0:30:52	1	1.001669E+1	2.553400E+1	2.563800E+1	5.684164E-1	7.644885E-1	4.158057E+2	3.457400E-7	3.458201E-7	1.011373E-8	1.038018E-8	1.054033E-8	1.042283E-8	1.088389E-8	1.126359E-8	1.164112E-8	1.177623E-8	1.019106E-8	1.055125E-8	1.045063E-8	1.057317E-8	1.093370E-8	1.110111E-8	1.123898E-8	1.096030E-8	1.021494E-8	1.028050E-8	1.060914E-8	1.058505E-8	1.109138E-8	1.116536E-8	1.116499E-8	1.088927E-8	1.022547E-8	1.045029E-8	1.068072E-8	1.096062E-8	1.098866E-8	1.104879E-8	1.106841E-8	1.137441E-8
0:31:06	1	1.001501E+1	2.554000E+1	2.564100E+1	5.685431E-1	7.646532E-1	4.166351E+2	3.593300E-7	3.587027E-7	1.047105E-8	1.074974E-8	1.092130E-8	1.080559E-8	1.130033E-8	1.168298E-8	1.207868E-8	1.222431E-8	1.054717E-8	1.093162E-8	1.083139E-8	1.096514E-8	1.134835E-8	1.152556E-8	1.167865E-8	1.138053E-8	1.058738E-8	1.065235E-8	1.099798E-8	1.099166E-8	1.151427E-8	1.159963E-8	1.159636E-8	1.131156E-8	1.058229E-8	1.082436E-8	1.107233E-8	1.137116E-8	1.139899E-8	1.147035E-8	1.148018E-8	1.180944E-8
0:31:19	1	1.001783E+1	2.554200E+1	2.564400E+1	5.684798E-1	7.648812E-1	4.174644E+2	3.740700E-7	3.736783E-7	1.088386E-8	1.117616E-8	1.136575E-8	1.125442E-8	1.176422E-8	1.217221E-8	1.258604E-8	1.274113E-8	1.096483E-8	1.136710E-8	1.127657E-8	1.143427E-8	1.181943E-8	1.202612E-8	1.218591E-8	1.187778E-8	1.101095E-8	1.109387E-8	1.146726E-8	1.144961E-8	1.200746E-8	1.208731E-8	1.210115E-8	1.179699E-8	1.101326E-8	1.125966E-8	1.152240E-8	1.185374E-8	1.188048E-8	1.195692E-8	1.197047E-8	1.231100E-8
0:31:33	1	1.001524E+1	2.554200E+1	2.564300E+1	5.670103E-1	7.634624E-1	4.182938E+2	3.872000E-7	3.872692E-7	1.123771E-8	1.156571E-8	1.176562E-8	1.166306E-8	1.219289E-8	1.263561E-8	1.305701E-8	1.322680E-8	1.134776E-8	1.176592E-8	1.168540E-8	1.185478E-8	1.226245E-8	1.247298E-8	1.265016E-8	1.231947E-8	1.138738E-8	1.148089E-8	1.187733E-8	1.186975E-8	1.244278E-8	1.253223E-8	1.255109E-8	1.223571E-8	1.139309E-8	1.166117E-8	1.193068E-8	1.227928E-8	1.233040E-8	1.240162E-8	1.242507E-8	1.276736E-8
0:31:46	1	1.001623E+1	2.554100E+1	2.564400E+1	5.675297E-1	7.638044E-1	4.191232E+2	4.009500E-7	4.015292E-7	1.163268E-8	1.197265E-8	1.219426E-8	1.209062E-8	1.264772E-8	1.309680E-8	1.354794E-8	1.373202E-8	1.174577E-8	1.218433E-8	1.211629E-8	1.229190E-8	1.271922E-8	1.294684E-8	1.312556E-8	1.279331E-8	1.179258E-8	1.189459E-8	1.230340E-8	1.230783E-8	1.291465E-8	1.300379E-8	1.302758E-8	1.270849E-8	1.179311E-8	1.208246E-8	1.236358E-8	1.272584E-8	1.277837E-8	1.286570E-8	1.288601E-8	1.324328E-8
0:32:00	1	1.001562E+1	2.554300E+1	2.564800E+1	5.669596E-1	7.631457E-1	4.199526E+2	4.202800E-7	4.196895E-7	1.212350E-8	1.248899E-8	1.272676E-8	1.262894E-8	1.322591E-8	1.369541E-8	1.418902E-8	1.437274E-8	1.224584E-8	1.271220E-8	1.264563E-8	1.283157E-8	1.330495E-8	1.354825E-8	1.374906E-8	1.339296E-8	1.230274E-8	1.241755E-8	1.285747E-8	1.286784E-8	1.351668E-8	1.361708E-8	1.363277E-8	1.330627E-8	1.229703E-8	1.260921E-8	1.291866E-8	1.330923E-8	1.335938E-8	1.345657E-8	1.347741E-8	1.386192E-8
0:32:13	1	1.001562E+1	2.555000E+1	2.565200E+1	5.693412E-1	7.658820E-1	4.207820E+2	4.378000E-7	4.377125E-7	1.260310E-8	1.299310E-8	1.325970E-8	1.315643E-8	1.379174E-8	1.429872E-8	1.480786E-8	1.502127E-8	1.273298E-8	1.324247E-8	1.319046E-8	1.337983E-8	1.388657E-8	1.414536E-8	1.435963E-8	1.400091E-8	1.279746E-8	1.293228E-8	1.340612E-8	1.342634E-8	1.411468E-8	1.422288E-8	1.424473E-8	1.387787E-8	1.279137E-8	1.313181E-8	1.347393E-8	1.387817E-8	1.393976E-8	1.404681E-8	1.407809E-8	1.448010E-8
0:32:27	1	1.001608E+1	2.554500E+1	2.565500E+1	5.673777E-1	7.642478E-1	4.216113E+2	4.551400E-7	4.552700E-7	1.306560E-8	1.349343E-8	1.377349E-8	1.368665E-8	1.434395E-8	1.488363E-8	1.541988E-8	1.562984E-8	1.321738E-8	1.374885E-8	1.369628E-8	1.393055E-8	1.445165E-8	1.473743E-8	1.496470E-8	1.458835E-8	1.327949E-8	1.343913E-8	1.394809E-8	1.396460E-8	1.467778E-8	1.480946E-8	1.482351E-8	1.446395E-8	1.329441E-8	1.364317E-8	1.399650E-8	1.443610E-8	1.450752E-8	1.463033E-8	1.464930E-8	1.507505E-8
0:32:40	1	1.001524E+1	2.554700E+1	2.565400E+1	5.667189E-1	7.633484E-1	4.224407E+2	4.757500E-7	4.758814E-7	1.362088E-8	1.406993E-8	1.438114E-8	1.430204E-8	1.500583E-8	1.556696E-8	1.613544E-8	1.637615E-8	1.377279E-8	1.434578E-8	1.430313E-8	1.456394E-8	1.511738E-8	1.541784E-8	1.566592E-8	1.527041E-8	1.385251E-8	1.403410E-8	1.457919E-8	1.460165E-8	1.534822E-8	1.550124E-8	1.553359E-8	1.513978E-8	1.385055E-8	1.424421E-8	1.461895E-8	1.507299E-8	1.516936E-8	1.530656E-8	1.533384E-8	1.577916E-8
0:32:54	1	1.001661E+1	2.555400E+1	2.566000E+1	5.696959E-1	7.656539E-1	4.232701E+2	4.978100E-7	4.982178E-7	1.420686E-8	1.469352E-8	1.502287E-8	1.495763E-8	1.571002E-8	1.631429E-8	1.692060E-8	1.718600E-8	1.435805E-8	1.498740E-8	1.496556E-8	1.524045E-8	1.584152E-8	1.616376E-8	1.643884E-8	1.602879E-8	1.446606E-8	1.466261E-8	1.524941E-8	1.530459E-8	1.610788E-8	1.626477E-8	1.628386E-8	1.589103E-8	1.446135E-8	1.488011E-8	1.528661E-8	1.578091E-8	1.590925E-8	1.603810E-8	1.606705E-8	1.652802E-8
0:33:07	1	1.001516E+1	2.554800E+1	2.565900E+1	5.682771E-1	7.645265E-1	4.240995E+2	5.226000E-7	5.223754E-7	1.483863E-8	1.536315E-8	1.573824E-8	1.567650E-8	1.646231E-8	1.713076E-8	1.777658E-8	1.806198E-8	1.502628E-8	1.568513E-8	1.567352E-8	1.597494E-8	1.663008E-8	1.696817E-8	1.726162E-8	1.684115E-8	1.513030E-8	1.535602E-8	1.597444E-8	1.604822E-8	1.690313E-8	1.706628E-8	1.710780E-8	1.668532E-8	1.512259E-8	1.557498E-8	1.601300E-8	1.654955E-8	1.667812E-8	1.683827E-8	1.686618E-8	1.735210E-8
0:33:21	1	1.001585E+1	2.555700E+1	2.565800E+1	5.679477E-1	7.646912E-1	4.249289E+2	5.464400E-7	5.463926E-7	1.545426E-8	1.602445E-8	1.642668E-8	1.637544E-8	1.722771E-8	1.794560E-8	1.861783E-8	1.891863E-8	1.565363E-8	1.635677E-8	1.637857E-8	1.671896E-8	1.741224E-8	1.777543E-8	1.810442E-8	1.767200E-8	1.577186E-8	1.604540E-8	1.670929E-8	1.679523E-8	1.770348E-8	1.788531E-8	1.791620E-8	1.748579E-8	1.576461E-8	1.626552E-8	1.672928E-8	1.731098E-8	1.744794E-8	1.763514E-8	1.766337E-8	1.820056E-8
0:33:34	1	1.001593E+1	2.555300E+1	2.566100E+1	5.678590E-1	7.638931E-1	4.257582E+2	5.774100E-7	5.773407E-7	1.625321E-8	1.686930E-8	1.732416E-8	1.729239E-8	1.820973E-8	1.897051E-8	1.971270E-8	2.005632E-8	1.647248E-8	1.724592E-8	1.728822E-8	1.766538E-8	1.842427E-8	1.883202E-8	1.917361E-8	1.874353E-8	1.661386E-8	1.690088E-8	1.764003E-8	1.774768E-8	1.874059E-8	1.894194E-8	1.896793E-8	1.852053E-8	1.661060E-8	1.714448E-8	1.765911E-8	1.829806E-8	1.845034E-8	1.864770E-8	1.868811E-8	1.923516E-8
0:33:48	1	1.001547E+1	2.555600E+1	2.566200E+1	5.678084E-1	7.638804E-1	4.265876E+2	6.051800E-7	6.058380E-7	1.697598E-8	1.764220E-8	1.813934E-8	1.814379E-8	1.910913E-8	1.992704E-8	2.073644E-8	2.110181E-8	1.722477E-8	1.805772E-8	1.812882E-8	1.851417E-8	1.934933E-8	1.978278E-8	2.018578E-8	1.970994E-8	1.737484E-8	1.771154E-8	1.850276E-8	1.862640E-8	1.969189E-8	1.991089E-8	1.997650E-8	1.947307E-8	1.737563E-8	1.793827E-8	1.851159E-8	1.918770E-8	1.937146E-8	1.959025E-8	1.963946E-8	2.022670E-8
0:34:01	1	1.001669E+1	2.554800E+1	2.565600E+1	5.693918E-1	7.655399E-1	4.274170E+2	6.395300E-7	6.398256E-7	1.783793E-8	1.856057E-8	1.912349E-8	1.913340E-8	2.018732E-8	2.107823E-8	2.192701E-8	2.236050E-8	1.811727E-8	1.901519E-8	1.912863E-8	1.956686E-8	2.046962E-8	2.094451E-8	2.139680E-8	2.088286E-8	1.827702E-8	1.866879E-8	1.952648E-8	1.968824E-8	2.080522E-8	2.107359E-8	2.113305E-8	2.063667E-8	1.825901E-8	1.890081E-8	1.952256E-8	2.025620E-8	2.045992E-8	2.071807E-8	2.076914E-8	2.140065E-8
0:34:15	1	1.001623E+1	2.554600E+1	2.565400E+1	5.686571E-1	7.652612E-1	4.282464E+2	6.803100E-7	6.802971E-7	1.884398E-8	1.964433E-8	2.027091E-8	2.032249E-8	2.147642E-8	2.245201E-8	2.339210E-8	2.387879E-8	1.916355E-8	2.014208E-8	2.031250E-8	2.079662E-8	2.179368E-8	2.234396E-8	2.282002E-8	2.229166E-8	1.933549E-8	1.980378E-8	2.074031E-8	2.094580E-8	2.218888E-8	2.247083E-8	2.254102E-8	2.199747E-8	1.933199E-8	2.004154E-8	2.069353E-8	2.151395E-8	2.176377E-8	2.206862E-8	2.212335E-8	2.279170E-8
0:34:28	1	1.001608E+1	2.554500E+1	2.565800E+1	5.673143E-1	7.637284E-1	4.290758E+2	7.182200E-7	7.187071E-7	1.979643E-8	2.065955E-8	2.137105E-8	2.145323E-8	2.269222E-8	2.377512E-8	2.478227E-8	2.527743E-8	2.015164E-8	2.117822E-8	2.140469E-8	2.196602E-8	2.305928E-8	2.365436E-8	2.421733E-8	2.365900E-8	2.034994E-8	2.085928E-8	2.189852E-8	2.213077E-8	2.346173E-8	2.380109E-8	2.388227E-8	2.330639E-8	2.032263E-8	2.110740E-8	2.185136E-8	2.273466E-8	2.301970E-8	2.334060E-8	2.341033E-8	2.413260E-8
0:34:42	1	1.001600E+1	2.555800E+1	2.565800E+1	5.666683E-1	7.630570E-1	4.299052E+2	7.652800E-7	7.653864E-7	2.091511E-8	2.189079E-8	2.265666E-8	2.282173E-8	2.417228E-8	2.536036E-8	2.646087E-8	2.706048E-8	2.133516E-8	2.250063E-8	2.275807E-8	2.340121E-8	2.460903E-8	2.526516E-8	2.586473E-8	2.532031E-8	2.154265E-8	2.211996E-8	2.328533E-8	2.360724E-8	2.506623E-8	2.541143E-8	2.552636E-8	2.492507E-8	2.152248E-8	2.239698E-8	2.321826E-8	2.419799E-8	2.453377E-8	2.488612E-8	2.497955E-8	2.577443E-8
0:34:55	1	1.001600E+1	2.555600E+1	2.565800E+1	5.695058E-1	7.660086E-1	4.307345E+2	8.119900E-7	8.130387E-7	2.206602E-8	2.313243E-8	2.400105E-8	2.418524E-8	2.567299E-8	2.697275E-8	2.822228E-8	2.886978E-8	2.249484E-8	2.378399E-8	2.413781E-8	2.485970E-8	2.617119E-8	2.690731E-8	2.760802E-8	2.704232E-8	2.277186E-8	2.344956E-8	2.472145E-8	2.506578E-8	2.668771E-8	2.709678E-8	2.722372E-8	2.656894E-8	2.274534E-8	2.368837E-8	2.461831E-8	2.569729E-8	2.610050E-8	2.647518E-8	2.658741E-8	2.741272E-8
0:35:09	1	1.001661E+1	2.555100E+1	2.565600E+1	5.677577E-1	7.644125E-1	4.315639E+2	8.759200E-7	8.769907E-7	2.357841E-8	2.477894E-8	2.577844E-8	2.607479E-8	2.768327E-8	2.919575E-8	3.054025E-8	3.134276E-8	2.406939E-8	2.551288E-8	2.595326E-8	2.678777E-8	2.831245E-8	2.917296E-8	2.996393E-8	2.937050E-8	2.437883E-8	2.516303E-8	2.659939E-8	2.707136E-8	2.885633E-8	2.934933E-8	2.950360E-8	2.879824E-8	2.434343E-8	2.541507E-8	2.646433E-8	2.767462E-8	2.819034E-8	2.863198E-8	2.876767E-8	2.966742E-8
0:35:22	1	1.001577E+1	2.554700E+1	2.565600E+1	5.678590E-1	7.643872E-1	4.323933E+2	9.405000E-7	9.408589E-7	2.505365E-8	2.636605E-8	2.752733E-8	2.791415E-8	2.973138E-8	3.137274E-8	3.291399E-8	3.383838E-8	2.560921E-8	2.720827E-8	2.777167E-8	2.875657E-8	3.045103E-8	3.142371E-8	3.232299E-8	3.168735E-8	2.595646E-8	2.688122E-8	2.849063E-8	2.906069E-8	3.104268E-8	3.160659E-8	3.181038E-8	3.108659E-8	2.592570E-8	2.713843E-8	2.831623E-8	2.967056E-8	3.024249E-8	3.078377E-8	3.095275E-8	3.194529E-8
0:35:36	1	1.001699E+1	2.554600E+1	2.565100E+1	5.692778E-1	7.651726E-1	4.332227E+2	1.016000E-6	1.017391E-6	2.678664E-8	2.827814E-8	2.960226E-8	3.010506E-8	3.212325E-8	3.405209E-8	3.575454E-8	3.684327E-8	2.739580E-8	2.922760E-8	2.993259E-8	3.109877E-8	3.299616E-8	3.413880E-8	3.520459E-8	3.454816E-8	2.781215E-8	2.891644E-8	3.077032E-8	3.145288E-8	3.371288E-8	3.434782E-8	3.458563E-8	3.379956E-8	2.776744E-8	2.914838E-8	3.052576E-8	3.205094E-8	3.275257E-8	3.337753E-8	3.360329E-8	3.467927E-8
0:35:49	1	1.001516E+1	2.554600E+1	2.565100E+1	5.690625E-1	7.648559E-1	4.340521E+2	1.105700E-6	1.106643E-6	2.874602E-8	3.045360E-8	3.198926E-8	3.261045E-8	3.499751E-8	3.716788E-8	3.912790E-8	4.043397E-8	2.950890E-8	3.155829E-8	3.247256E-8	3.380408E-8	3.604499E-8	3.733338E-8	3.861941E-8	3.798281E-8	2.995190E-8	3.125730E-8	3.335471E-8	3.424276E-8	3.675139E-8	3.752011E-8	3.785790E-8	3.701930E-8	2.988951E-8	3.147744E-8	3.306621E-8	3.483078E-8	3.567040E-8	3.639121E-8	3.665299E-8	3.785809E-8
0:36:03	1	1.001562E+1	2.554600E+1	2.565000E+1	5.683657E-1	7.645645E-1	4.348814E+2	1.211200E-6	1.211884E-6	3.097096E-8	3.298474E-8	3.476142E-8	3.564845E-8	3.830184E-8	4.084983E-8	4.316470E-8	4.474162E-8	3.184044E-8	3.422195E-8	3.538619E-8	3.694555E-8	3.959119E-8	4.113081E-8	4.265249E-8	4.202541E-8	3.243001E-8	3.401563E-8	3.644440E-8	3.751950E-8	4.045529E-8	4.139980E-8	4.181485E-8	4.085300E-8	3.236014E-8	3.422509E-8	3.601747E-8	3.810670E-8	3.910956E-8	3.998144E-8	4.029352E-8	4.163996E-8
