APD#	0013	Started	04/25/07 10:48	Sense_ohms	1.004464E+6	1.004628E+6	1.002105E+6	1.000924E+6	9.998282E+5	1.007735E+6	1.002821E+6	9.989270E+5	9.993226E+5	1.002376E+6	1.001862E+6	1.003102E+6	1.000030E+6	1.003780E+6	1.000011E+6	1.000898E+6	9.999006E+5	1.006439E+6	1.005624E+6	1.010450E+6	1.003884E+6	1.005600E+6	1.002519E+6	1.006362E+6	1.004620E+6	1.008599E+6	1.003214E+6	1.000475E+6	1.003139E+6	9.996927E+5	1.009944E+6	1.000506E+6	
ElapTime	Shutter_Open	DegC	BiasV	KE237_Amps	Pixel_Sum	A1	A2	A3	A4	A5	A6	A7	A8	B1	B2	B3	B4	B5	B6	B7	B8	C1	C2	C3	C4	C5	C6	C7	C8	D1	D2	D3	D4	D5	D6	D7	D8
   0:00:00	0	-1.509135E+1	0.000000E+0	-1.006000E-10	-4.168377E-10	1.264356E-11	-2.518345E-11	-1.267332E-11	-2.527664E-11	-1.270218E-11	-1.260252E-11	1.266427E-11	0.000000E+0	-2.531715E-11	0.000000E+0	-1.267640E-11	-1.266073E-11	-2.529924E-11	-2.520473E-11	-1.269986E-11	-2.527730E-11	0.000000E+0	-1.261875E-11	-2.515851E-11	-1.256866E-11	-1.265086E-11	-1.262928E-11	-2.523643E-11	-1.261971E-11	0.000000E+0	-1.259172E-11	-2.521895E-11	-2.528799E-11	0.000000E+0	-1.270390E-11	0.000000E+0	-2.528720E-11
   0:00:08	0	-1.509135E+1	5.000000E+1	2.337000E-9	-4.041486E-10	1.264356E-11	0.000000E+0	-2.524686E-11	0.000000E+0	-3.800653E-11	-1.260252E-11	-2.522883E-11	-2.532718E-11	0.000000E+0	-1.266990E-11	-1.267640E-11	0.000000E+0	-2.529924E-11	-1.265217E-11	-2.529972E-11	-2.527730E-11	0.000000E+0	-2.513814E-11	-2.515851E-11	0.000000E+0	0.000000E+0	-2.515911E-11	0.000000E+0	-1.261971E-11	0.000000E+0	-2.508430E-11	0.000000E+0	-2.528799E-11	-1.266026E-11	-1.270390E-11	0.000000E+0	-1.269358E-11
   0:00:17	0	-1.509127E+1	1.000000E+2	4.099900E-9	-2.158499E-10	2.518756E-11	0.000000E+0	-2.524686E-11	0.000000E+0	-2.530435E-11	-1.260252E-11	-2.522883E-11	-1.271364E-11	-3.802576E-11	0.000000E+0	-1.267640E-11	0.000000E+0	0.000000E+0	0.000000E+0	-1.269986E-11	-1.268861E-11	0.000000E+0	-1.261875E-11	-1.262897E-11	-1.256866E-11	-1.265086E-11	-1.262928E-11	0.000000E+0	0.000000E+0	-1.264160E-11	1.130281E-10	-1.265931E-11	-2.528799E-11	-2.522083E-11	-1.270390E-11	-1.257495E-11	-1.269358E-11
   0:00:26	0	-1.508618E+1	1.500000E+2	4.533700E-9	-3.158731E-10	2.518756E-11	0.000000E+0	-2.524686E-11	0.000000E+0	-2.530435E-11	-1.260252E-11	0.000000E+0	0.000000E+0	-1.270861E-11	1.266990E-11	-1.267640E-11	0.000000E+0	0.000000E+0	0.000000E+0	-2.529972E-11	-1.268861E-11	-1.270126E-11	-3.775688E-11	-1.262897E-11	-2.503835E-11	-3.785298E-11	-1.262928E-11	-1.266809E-11	0.000000E+0	-1.264160E-11	-1.259172E-11	-1.265931E-11	-1.269397E-11	1.266026E-11	-2.530778E-11	0.000000E+0	-1.269358E-11
   0:00:35	0	-1.499155E+1	2.000000E+2	4.838500E-9	-1.262891E-10	1.264356E-11	-1.264150E-11	0.000000E+0	-1.268828E-11	-1.270218E-11	-1.260252E-11	0.000000E+0	0.000000E+0	0.000000E+0	0.000000E+0	1.267640E-11	-1.266073E-11	1.269962E-11	-2.520473E-11	0.000000E+0	-1.268861E-11	0.000000E+0	0.000000E+0	-1.262897E-11	-1.256866E-11	-1.265086E-11	-1.262928E-11	0.000000E+0	0.000000E+0	2.518365E-11	-1.259172E-11	-1.265931E-11	0.000000E+0	0.000000E+0	0.000000E+0	-1.257495E-11	0.000000E+0
   0:00:43	0	-1.509112E+1	2.500000E+2	5.039300E-9	5.046447E-11	3.783112E-11	0.000000E+0	0.000000E+0	0.000000E+0	0.000000E+0	0.000000E+0	0.000000E+0	0.000000E+0	1.270861E-11	-1.266990E-11	0.000000E+0	0.000000E+0	0.000000E+0	0.000000E+0	0.000000E+0	-1.268861E-11	0.000000E+0	0.000000E+0	-1.262897E-11	1.256866E-11	0.000000E+0	0.000000E+0	1.266809E-11	0.000000E+0	1.264160E-11	-1.259172E-11	1.265931E-11	-1.269397E-11	1.266026E-11	0.000000E+0	0.000000E+0	0.000000E+0
   0:00:52	0	-1.509203E+1	3.000000E+2	5.470600E-9	5.681507E-10	5.047468E-11	2.518345E-11	1.267332E-11	1.268828E-11	1.270218E-11	1.260252E-11	1.266427E-11	1.271364E-11	1.270861E-11	2.524003E-11	1.267640E-11	1.266073E-11	1.269962E-11	1.265217E-11	0.000000E+0	0.000000E+0	3.800378E-11	2.513814E-11	2.515851E-11	-1.256866E-11	1.265086E-11	2.515911E-11	0.000000E+0	3.775977E-11	2.518365E-11	3.767602E-11	1.265931E-11	2.528799E-11	1.266026E-11	1.270390E-11	2.505089E-11	2.528720E-11
   0:01:01	0	-1.509127E+1	3.500000E+2	6.936900E-9	2.347756E-9	1.134934E-10	6.300840E-11	7.584036E-11	6.324156E-11	5.070871E-11	6.281413E-11	6.312193E-11	6.336799E-11	7.605152E-11	7.581985E-11	7.585875E-11	8.842570E-11	7.599772E-11	6.306163E-11	7.599916E-11	0.000000E+0	1.013101E-10	7.551377E-11	7.557497E-11	6.264536E-11	6.305509E-11	6.294749E-11	7.580904E-11	6.289983E-11	1.134757E-10	1.004363E-10	1.009755E-10	6.326995E-11	6.310192E-11	7.602336E-11	7.525170E-11	8.865514E-11
   0:01:10	0	-1.509135E+1	4.000000E+2	1.584900E-8	1.171547E-8	3.909548E-10	3.530660E-10	3.160347E-10	3.037194E-10	3.167544E-10	3.645800E-10	3.537022E-10	2.789994E-10	3.549404E-10	3.665291E-10	3.413644E-10	3.409424E-10	3.293901E-10	3.660165E-10	3.419962E-10	1.391750E-10	4.560453E-10	3.901876E-10	4.156623E-10	3.510317E-10	3.406768E-10	3.400955E-10	3.664768E-10	3.398380E-10	4.791862E-10	4.897883E-10	4.545391E-10	4.178015E-10	3.788109E-10	3.675129E-10	4.138843E-10	4.557694E-10
   0:01:18	0	-1.499497E+1	4.100000E+2	2.249800E-8	1.959422E-8	6.179415E-10	5.926572E-10	5.435558E-10	5.315089E-10	5.574958E-10	5.657241E-10	5.937251E-10	4.564898E-10	5.830950E-10	6.192287E-10	5.563641E-10	5.683370E-10	5.573833E-10	6.058100E-10	5.446940E-10	2.531727E-10	7.601756E-10	6.671045E-10	6.802741E-10	6.018111E-10	5.930964E-10	6.047136E-10	6.065720E-10	5.538762E-10	8.069718E-10	8.163799E-10	7.323462E-10	7.343512E-10	6.440782E-10	6.335947E-10	6.773643E-10	7.343284E-10
   0:01:26	0	-1.499193E+1	4.200000E+2	4.421100E-8	4.154969E-8	1.223339E-9	1.210498E-9	1.125032E-9	1.075806E-9	1.165600E-9	1.231871E-9	1.275801E-9	9.638342E-10	1.229633E-9	1.263797E-9	1.150657E-9	1.187118E-9	1.165365E-9	1.325091E-9	1.190787E-9	5.568999E-10	1.583657E-9	1.384585E-9	1.423494E-9	1.278737E-9	1.236597E-9	1.284905E-9	1.352094E-9	1.170652E-9	1.677052E-9	1.683028E-9	1.515230E-9	1.721982E-9	1.464902E-9	1.355917E-9	1.442456E-9	1.633274E-9
   0:01:34	0	-1.504301E+1	4.300000E+2	3.636000E-6	5.308514E-6	7.920045E-9	7.956577E-9	1.027727E-8	7.707578E-9	3.686933E-9	1.094891E-8	1.291008E-8	2.447526E-9	6.731160E-9	4.802390E-9	1.751229E-8	1.452285E-8	1.532754E-8	1.792046E-8	2.154766E-8	8.732958E-9	7.567603E-7	8.089626E-7	2.244775E-8	1.245931E-6	1.783035E-8	2.047047E-8	2.158223E-8	1.927179E-8	7.019098E-7	6.446690E-7	4.757679E-7	2.339899E-8	2.008759E-7	4.974899E-8	3.844441E-8	8.949062E-8
   0:01:43	0	-1.499558E+1	4.400000E+2	9.999400E-5	1.008198E-4	2.877856E-6	2.285260E-6	2.412116E-6	2.408684E-6	2.258309E-6	2.391085E-6	2.387668E-6	2.636363E-6	2.789388E-6	2.398333E-6	2.563547E-6	2.587694E-6	2.658917E-6	2.673315E-6	2.604217E-6	2.409911E-6	4.828053E-6	4.676030E-6	3.896768E-6	4.323952E-6	3.214649E-6	3.119849E-6	3.141075E-6	2.961839E-6	4.734418E-6	4.389399E-6	4.323156E-6	4.000568E-6	3.520289E-6	3.199603E-6	3.013184E-6	3.134328E-6
