APD#	0017	Started	07/13/07 09:45	Sense_ohms	1.004464E+6	1.004628E+6	1.002105E+6	1.000924E+6	9.998282E+5	1.007735E+6	1.002821E+6	9.989270E+5	9.993226E+5	1.002376E+6	1.001862E+6	1.003102E+6	1.000030E+6	1.003780E+6	1.000011E+6	1.000898E+6	9.999006E+5	1.006439E+6	1.005624E+6	1.010450E+6	1.003884E+6	1.005600E+6	1.002519E+6	1.006362E+6	1.004620E+6	1.008599E+6	1.003214E+6	1.000475E+6	1.003139E+6	9.996927E+5	1.009944E+6	1.000506E+6					
ElapTime	Shutter_Open	DegC	H2O_In	H2O_Out	TE_A	TE_V	BiasV	KE237_Amps	Pixel_Sum	A1	A2	A3	A4	A5	A6	A7	A8	B1	B2	B3	B4	B5	B6	B7	B8	C1	C2	C3	C4	C5	C6	C7	C8	D1	D2	D3	D4	D5	D6	D7	D8
0:00:00	0	-1.999827E+1	1.513100E+1	1.590100E+1	2.193530E+0	2.424971E+0	0.000000E+0	-2.586700E-10	-2.055430E-10	1.134934E-12	-6.304821E-12	-6.131094E-12	-6.138328E-12	-4.054697E-12	-6.160350E-12	-4.548170E-12	-1.483892E-11	-5.197521E-12	-6.003735E-12	-7.207579E-12	-1.376630E-11	-4.370869E-12	-6.436669E-12	-1.830680E-11	-4.809681E-12	-7.158712E-12	-6.230879E-12	-7.180616E-12	-5.767727E-12	-6.499755E-12	-4.724543E-12	-6.318085E-12	-5.161165E-12	-4.035357E-12	-4.898875E-12	-6.504096E-12	-5.571354E-12	-5.052141E-12	-5.069558E-12	-5.644867E-12	-6.584668E-12
0:00:13	0	-1.999789E+1	1.512400E+1	1.592000E+1	2.181382E+0	2.415496E+0	0.000000E+0	-2.316400E-10	-3.574188E-10	-1.955272E-12	-1.311530E-11	-1.017758E-11	-1.265730E-11	-1.241813E-11	-9.680124E-12	-1.086435E-11	7.355893E-12	-1.140973E-11	-1.301807E-11	-1.365657E-11	-8.020122E-12	-1.254162E-11	-1.350495E-11	-9.564895E-12	-9.746248E-12	-1.425442E-11	-1.233656E-11	-1.404700E-11	-1.260033E-11	-9.969279E-12	-1.171639E-11	-1.225812E-11	-1.208511E-11	-1.342995E-11	-1.274937E-11	-1.319659E-11	-1.209326E-11	-1.256655E-11	-1.356017E-11	-1.310865E-11	-1.247269E-11
0:00:26	0	-1.999827E+1	1.513400E+1	1.591200E+1	2.182269E+0	2.416547E+0	1.000000E+1	2.450700E-10	-3.770396E-10	5.674668E-13	-1.261064E-11	-1.099885E-11	-1.265730E-11	-1.077085E-11	-1.106342E-11	-1.610756E-11	-1.192179E-11	-1.191707E-11	-1.194362E-11	-1.353081E-11	-2.355493E-11	-1.140166E-11	-1.287334E-11	-1.209887E-11	-1.107505E-11	-1.165616E-11	-1.176922E-11	-1.348019E-11	-1.140977E-11	-1.324854E-12	-1.020485E-11	-1.200576E-11	-1.145612E-11	-1.198065E-11	-1.205831E-11	-1.250182E-11	-1.190335E-11	-1.243995E-11	-1.267289E-11	-1.285814E-11	-1.335924E-11
0:00:40	0	-1.999774E+1	1.513500E+1	1.591300E+1	2.181205E+0	2.414748E+0	2.000000E+1	3.276800E-10	-3.719321E-10	1.324089E-12	-1.147589E-11	-1.125132E-11	-1.126459E-11	-1.013674E-11	-9.617608E-12	-1.105382E-11	-1.896034E-11	-1.172694E-11	-1.030053E-11	-1.169722E-11	-2.267068E-11	-1.146466E-11	-1.312638E-11	-1.216187E-11	-8.860044E-12	-1.134013E-11	-1.183281E-11	-1.234656E-11	-1.228759E-11	-6.878285E-12	-1.058274E-11	-1.200576E-11	-1.195991E-11	-1.160140E-11	-1.218423E-11	-1.237622E-11	-1.203029E-11	-1.225055E-11	-1.222976E-11	-1.310865E-11	-1.247269E-11
0:00:53	0	-1.999911E+1	1.513200E+1	1.592400E+1	2.184384E+0	2.417497E+0	3.000000E+1	2.646600E-10	-3.785429E-10	6.301868E-13	-1.103393E-11	-1.036718E-11	-1.253042E-11	-1.197406E-11	-1.099992E-11	-1.446519E-11	-2.631624E-11	-1.109251E-11	-1.181692E-11	-8.725753E-12	-1.667129E-11	-1.095867E-11	-1.287334E-11	6.969923E-13	-9.936077E-12	-1.311330E-11	-1.195900E-11	-1.322761E-11	-1.153446E-11	-1.426061E-11	-1.121221E-11	-1.251049E-11	-1.271511E-11	-1.254803E-11	-1.375472E-11	-1.149206E-11	-1.247308E-11	-1.199834E-11	-1.184864E-11	-1.241851E-11	-1.304240E-11
0:01:07	0	-1.999751E+1	1.513300E+1	1.591800E+1	2.184232E+0	2.417535E+0	4.000000E+1	2.890000E-10	-3.669374E-10	6.301868E-13	-1.134947E-11	-1.049291E-11	-1.113871E-11	-1.070684E-11	-9.931182E-12	-1.042260E-11	-2.377952E-11	-1.128264E-11	-1.169122E-11	-9.167929E-12	-1.149335E-11	-1.019869E-11	-1.287334E-11	-9.754893E-12	-1.063245E-11	-1.077007E-11	-1.007016E-11	-1.196869E-11	-1.260033E-11	-1.268274E-11	-1.020485E-11	-1.168955E-11	-1.265151E-11	-1.336724E-11	-1.218423E-11	-1.180705E-11	-1.266299E-11	-1.307097E-11	-1.178562E-11	-1.329678E-11	-1.183901E-11
0:01:20	0	-1.999850E+1	1.513500E+1	1.590900E+1	2.192631E+0	2.423755E+0	5.000000E+1	3.743100E-10	-3.416960E-10	1.264356E-13	-1.059298E-11	-1.055678E-11	-1.120165E-11	-1.140396E-11	-1.118846E-11	-7.958549E-12	-6.595077E-12	-1.115656E-11	-1.074347E-11	-1.005328E-11	6.757040E-12	-9.627711E-12	-1.306262E-11	-2.064977E-11	-8.227612E-12	-1.159315E-11	-1.145524E-11	-1.158982E-11	-1.291405E-11	-1.735260E-11	-1.341687E-11	-1.137335E-11	-1.145612E-11	-1.134957E-11	-1.149317E-11	-1.086010E-11	-1.297983E-11	-1.256655E-11	-1.064527E-11	-1.210562E-11	-1.240972E-11
0:01:34	0	-1.999584E+1	1.515000E+1	1.590300E+1	2.192884E+0	2.423476E+0	6.000000E+1	1.058000E-9	-3.417402E-10	6.272002E-14	-1.078210E-11	-9.544908E-12	-1.031547E-11	-1.077085E-11	-1.213216E-11	-9.664736E-12	-6.306767E-14	-1.052213E-11	-1.225987E-11	-1.087475E-11	4.230876E-12	-9.374719E-12	-1.205344E-11	-2.134677E-11	-9.873134E-12	-1.241723E-11	-1.189541E-11	-1.152717E-11	-1.316443E-11	-1.280925E-11	-1.058274E-11	-1.238480E-11	-1.088972E-11	-1.103402E-11	-1.237261E-11	-1.553308E-11	-1.076389E-11	-1.281876E-11	-1.222976E-11	-1.229375E-11	-1.373905E-11
0:01:47	0	-1.999827E+1	1.512900E+1	1.591300E+1	2.186740E+0	2.419841E+0	7.000000E+1	9.924000E-10	-3.203546E-10	-3.155912E-13	-1.065569E-11	-1.024044E-11	-1.126459E-11	-1.121393E-11	-1.175408E-11	-4.294884E-12	6.404872E-12	-1.052213E-11	-1.093302E-11	-1.106440E-11	-2.651774E-12	-1.007170E-11	-1.236924E-11	-1.311186E-11	-9.303645E-12	-1.343033E-11	-1.170662E-11	-1.259815E-11	-1.147212E-11	-1.160991E-11	-1.102327E-11	-1.175240E-11	-1.177012E-11	-1.116044E-11	-1.073965E-11	-1.111328E-11	-1.241011E-11	-1.048210E-11	-1.134249E-11	-1.273239E-11	-1.164911E-11
0:02:01	0	-2.009768E+1	1.513400E+1	1.590600E+1	2.180584E+0	2.413849E+0	8.000000E+1	1.045100E-9	-3.537580E-10	8.830580E-13	-1.002560E-11	-9.165706E-12	-1.050529E-11	-1.096088E-11	-1.206865E-11	-9.727559E-12	-9.955682E-12	-1.153682E-11	-1.150167E-11	-1.232904E-11	-2.405937E-11	-1.026169E-11	-1.180039E-11	-7.917913E-12	-1.189832E-11	-1.324032E-11	-1.145524E-11	-1.171611E-11	-1.178584E-11	-5.741699E-12	-1.108691E-11	-1.168955E-11	-1.183371E-11	-1.179053E-11	-1.092803E-11	-1.104949E-11	-1.032010E-11	-1.193454E-11	-1.096237E-11	-1.304627E-11	-1.234575E-11
0:02:14	0	-2.000002E+1	1.511700E+1	1.588900E+1	2.181052E+0	2.411961E+0	9.000000E+1	1.074900E-9	-3.176965E-10	3.155912E-13	-1.040385E-11	-8.659771E-12	-1.006270E-11	-1.083386E-11	-1.074886E-11	-1.073871E-11	-5.960396E-12	-1.134669E-11	-1.118542E-11	-8.536106E-12	-1.142955E-11	-1.203564E-11	-1.249477E-11	3.800958E-12	-8.037782E-12	-1.121311E-11	-1.114027E-11	-1.215763E-11	-1.222426E-11	-9.338728E-12	-8.251790E-12	-9.857170E-12	-1.063733E-11	-1.191694E-11	-1.186993E-11	-1.136547E-11	-1.101677E-11	-1.288156E-11	-1.045521E-11	-1.298290E-11	-1.202991E-11
0:02:28	0	-1.999941E+1	1.512800E+1	1.591300E+1	2.180064E+0	2.411379E+0	1.000000E+2	1.050700E-9	-3.214913E-10	1.513245E-12	-1.071939E-11	-1.036718E-11	-1.069512E-11	-9.629654E-12	-9.051983E-12	-1.023313E-11	-1.147732E-11	-1.140973E-11	-1.017482E-11	-8.536106E-12	-2.778381E-12	-1.026169E-11	-1.173763E-11	-6.143932E-12	-6.961748E-12	-1.121311E-11	-1.044773E-11	-1.077142E-11	-1.166015E-11	-1.583848E-11	-1.014220E-11	-1.187908E-11	-1.126732E-11	-1.134957E-11	-1.143071E-11	-1.123888E-11	-1.177641E-11	-1.022989E-11	-1.070829E-11	-1.154024E-11	-1.133327E-11
0:02:42	0	-2.000009E+1	1.515000E+1	1.592200E+1	2.183459E+0	2.413912E+0	1.200000E+2	1.292200E-9	-3.198941E-10	1.513245E-12	-9.520937E-12	-1.036718E-11	-9.493228E-12	-1.020075E-11	-9.868666E-12	-9.979847E-12	5.136511E-12	-9.254269E-12	-1.086917E-11	-1.213940E-11	3.536031E-12	-1.000770E-11	-1.217996E-11	-1.919279E-11	-9.303645E-12	-1.419041E-11	-1.063651E-11	-1.133823E-11	-1.216191E-11	-1.173642E-11	-1.070903E-11	-1.156287E-11	-1.051212E-11	-1.179053E-11	-1.023697E-11	-1.294440E-11	-1.234614E-11	-1.149292E-11	-1.153254E-11	-1.241851E-11	-1.209288E-11
0:02:55	0	-1.999743E+1	1.511500E+1	1.590000E+1	2.176074E+0	2.407502E+0	1.400000E+2	1.240600E-9	-3.211839E-10	6.272002E-14	-1.015202E-11	-8.659771E-12	-1.259436E-11	-1.032677E-11	-1.018323E-11	-7.832903E-12	-1.128711E-11	-8.938055E-12	-9.415628E-12	-9.230812E-12	-2.677494E-11	-9.881704E-12	-1.192692E-11	9.754893E-12	-1.075934E-11	-1.235323E-11	-1.145524E-11	-1.077142E-11	-1.159780E-11	-6.562511E-12	-1.052009E-11	-1.029906E-11	-1.170752E-11	-1.084490E-11	-1.073965E-11	-1.079730E-11	-1.063695E-11	-1.187173E-11	-1.089835E-11	-1.204225E-11	-9.939970E-12
0:03:09	0	-1.999804E+1	1.512100E+1	1.588400E+1	2.177974E+0	2.409605E+0	1.600000E+2	1.262600E-9	-3.079973E-10	1.702400E-12	-1.071939E-11	-8.028101E-12	-9.872877E-12	-9.946709E-12	-9.680124E-12	-9.032519E-12	-2.206768E-11	-1.039604E-11	-9.415628E-12	-5.817168E-12	-7.830709E-12	-1.007170E-11	-1.186415E-11	-1.266986E-12	-7.531237E-12	-8.995894E-12	-9.377618E-12	-1.083407E-11	-1.153446E-11	-1.432337E-11	-8.504375E-12	-1.004669E-11	-9.944732E-12	-1.071948E-11	-9.922675E-12	-9.407763E-12	-1.051001E-11	-1.067150E-11	-8.617648E-12	-1.135211E-11	-1.139623E-11
0:03:23	0	-2.000002E+1	1.511800E+1	1.588700E+1	2.173566E+0	2.406083E+0	1.800000E+2	1.220100E-9	-3.150015E-10	1.955272E-12	-8.070649E-12	-9.038973E-12	-1.025253E-11	-8.743502E-12	-8.422849E-12	-6.885576E-12	-1.819953E-11	-9.381355E-12	-1.143782E-11	-8.030048E-12	-7.262472E-12	-5.763827E-12	-1.016059E-11	-2.020678E-11	-8.480385E-12	-9.692963E-12	-8.874855E-12	-1.014196E-11	-1.122173E-11	-1.463914E-11	-8.378083E-12	-9.667647E-12	-9.441930E-12	-1.065577E-11	-9.922675E-12	-9.218372E-12	-1.316974E-11	-1.098751E-11	-9.314862E-12	-1.128973E-11	-1.000294E-11
0:03:37	0	-1.999903E+1	1.510700E+1	1.589700E+1	2.175238E+0	2.406793E+0	2.000000E+2	1.257400E-9	-2.650930E-10	2.838330E-12	-7.503275E-12	-6.700895E-12	-8.859814E-12	-8.299426E-12	-8.863441E-12	-6.442825E-12	-6.340804E-12	-8.747926E-12	-9.226079E-12	-6.069698E-12	-1.559762E-11	-7.790766E-12	-1.022336E-11	-6.329930E-13	-9.429532E-12	-1.178317E-11	-8.622480E-12	-8.440530E-12	-9.090009E-12	-6.436003E-12	-8.818616E-12	-8.909557E-12	-9.064333E-12	-1.034122E-11	-9.357535E-12	-9.597155E-12	-9.180639E-12	-9.219061E-12	-9.694979E-12	-9.847081E-12	-8.800547E-12
0:03:50	0	-1.999933E+1	1.511400E+1	1.589200E+1	2.171653E+0	2.404424E+0	2.200000E+2	1.256800E-9	-2.432065E-10	4.225139E-12	-6.557651E-12	-5.499424E-12	-7.278275E-12	-5.511947E-12	-7.417625E-12	-7.011221E-12	-9.892615E-12	-5.197521E-12	-7.899231E-12	-8.409342E-12	-2.128099E-11	-7.537774E-12	-7.446851E-12	-5.573939E-12	-6.075544E-12	-8.995894E-12	-8.308502E-12	-9.133632E-12	-8.964323E-12	-1.956401E-12	-7.369730E-12	-9.478125E-12	-9.126934E-12	-8.827218E-12	-6.908593E-12	-8.271416E-12	-7.471451E-12	-8.398637E-12	-8.047473E-12	-8.655925E-12	-8.927483E-12
0:04:04	0	-1.999903E+1	1.512500E+1	1.587300E+1	2.176188E+0	2.407832E+0	2.400000E+2	1.269600E-9	-1.951308E-10	6.558722E-12	-4.287159E-12	-4.678152E-12	-5.568854E-12	-4.307740E-12	-6.663458E-12	-4.548170E-12	-1.261954E-11	-6.592466E-12	-6.951483E-12	-3.414642E-12	-9.470622E-13	-4.877854E-12	-8.519795E-12	-1.691281E-11	-4.113306E-12	-3.991397E-12	-6.419664E-12	-6.677446E-12	-7.710426E-12	-1.261998E-11	-6.991846E-12	-7.392379E-12	-5.664960E-12	-6.935956E-12	-5.966692E-12	-6.279817E-14	-7.217572E-12	-6.946196E-12	-6.970142E-12	-8.028168E-12	-7.091412E-12
0:04:18	0	-2.000055E+1	1.511400E+1	1.589300E+1	2.169259E+0	2.401700E+0	2.600000E+2	1.335600E-9	-1.351445E-10	8.892305E-12	-3.908910E-12	-2.339076E-12	-3.101135E-12	-3.864664E-12	-3.394742E-12	-1.263436E-12	-7.926505E-12	-3.676490E-12	-5.750337E-12	-3.414642E-12	-3.599833E-12	-2.976911E-12	-5.174441E-12	-1.000789E-11	-5.063453E-12	-6.018598E-12	-3.399113E-12	-4.661782E-12	-6.457519E-12	-4.732619E-12	-4.471957E-12	-4.106655E-12	-4.783567E-12	-5.422946E-12	-5.149718E-12	-3.346245E-12	-5.381444E-12	-5.809763E-12	-4.689441E-12	-5.394358E-12	-4.748597E-12
0:04:32	0	-1.999888E+1	1.510700E+1	1.587800E+1	2.166991E+0	2.400434E+0	2.800000E+2	1.398900E-9	-5.243979E-11	1.084658E-11	6.270978E-14	-1.770274E-12	-1.645480E-12	-7.601306E-13	-1.696875E-12	-6.950393E-13	6.306767E-14	-7.605152E-13	-2.274596E-12	-2.971467E-12	-1.446114E-11	-1.203964E-12	-2.335173E-12	-6.299931E-14	6.324321E-13	-1.774176E-12	-1.887844E-12	-3.968680E-12	-2.382107E-12	5.805452E-12	-2.204654E-12	-2.148588E-12	-4.532166E-12	-2.395931E-12	-2.260561E-12	-9.469565E-13	-2.532797E-12	-3.599701E-12	-2.090642E-12	-3.512076E-12	-2.975494E-12
0:04:45	0	-1.999812E+1	1.510900E+1	1.587000E+1	2.167194E+0	2.399965E+0	3.000000E+2	1.516200E-9	4.953912E-11	1.242354E-11	3.278826E-12	5.562291E-12	4.492849E-12	3.674631E-12	4.148908E-12	4.105419E-12	-1.052629E-11	2.661803E-12	1.643096E-12	4.488642E-12	1.768514E-12	3.990880E-12	2.208651E-12	-6.587928E-12	2.404840E-12	2.597258E-12	1.385081E-12	6.931020E-13	6.234846E-14	-2.334931E-12	1.008353E-12	9.476130E-13	-1.887989E-13	1.261173E-12	8.159834E-13	1.704522E-12	2.026038E-12	-1.768449E-12	8.232530E-13	-8.782665E-13	1.646167E-12
0:04:59	0	-1.999606E+1	1.512100E+1	1.591200E+1	2.172983E+0	2.406134E+0	3.200000E+2	1.682400E-9	2.606942E-10	2.137857E-11	1.034114E-11	1.099885E-11	1.107477E-11	9.883698E-12	9.365557E-12	1.067489E-11	1.059036E-11	8.240582E-12	5.750337E-12	8.725753E-12	1.528160E-11	9.184724E-12	7.950945E-12	-8.297909E-12	6.898805E-12	7.285724E-12	6.419664E-12	6.802741E-12	7.021624E-12	1.186292E-11	6.425020E-12	5.623834E-12	4.783567E-12	6.998666E-12	6.657750E-12	8.208618E-12	6.078113E-12	5.556558E-12	7.477298E-12	6.648884E-12	8.800547E-12
0:05:13	0	-1.999895E+1	1.511500E+1	1.589500E+1	2.168714E+0	2.402194E+0	3.400000E+2	2.021100E-9	5.574609E-10	3.064918E-11	1.803354E-11	2.123929E-11	2.145418E-11	1.831015E-11	1.936025E-11	1.831832E-11	2.162420E-11	1.698751E-11	1.763111E-11	1.504798E-11	7.073059E-12	1.862244E-11	1.741716E-11	1.893979E-11	1.569591E-11	1.685168E-11	1.611225E-11	1.366912E-11	1.648770E-11	2.624905E-11	1.562251E-11	1.459623E-11	1.246271E-11	1.551134E-11	1.626613E-11	1.692161E-11	1.753867E-11	1.458721E-11	1.723530E-11	1.505331E-11	1.589196E-11
0:05:27	0	-1.999743E+1	1.512500E+1	1.587400E+1	2.177632E+0	2.410226E+0	3.600000E+2	2.443200E-9	1.069828E-9	4.742330E-11	3.562513E-11	3.855883E-11	3.835156E-11	3.668330E-11	3.538926E-11	3.505710E-11	3.487742E-11	3.036257E-11	2.944903E-11	3.445884E-11	4.073065E-11	3.135506E-11	3.167925E-11	3.268564E-11	3.271962E-11	3.300628E-11	3.203672E-11	2.979444E-11	3.259835E-11	3.363237E-11	2.992144E-11	2.716956E-11	2.876599E-11	3.177918E-11	3.196811E-11	3.384422E-11	3.267048E-11	3.018425E-11	3.339326E-11	3.060764E-11	3.304928E-11
0:05:40	0	-1.998641E+1	1.513100E+1	1.590100E+1	2.175833E+0	2.408642E+0	3.620000E+2	2.151800E-9	1.115917E-9	4.868467E-11	3.871483E-11	3.786430E-11	4.056652E-11	3.940677E-11	3.771527E-11	3.663665E-11	4.033027E-11	3.403906E-11	3.222942E-11	3.509066E-11	3.119523E-11	3.407898E-11	3.420371E-11	3.939957E-11	3.487169E-11	3.401938E-11	3.272826E-11	3.086541E-11	3.460438E-11	3.867977E-11	3.263027E-11	3.228767E-11	2.977259E-11	3.316577E-11	3.221895E-11	2.310973E-11	3.380994E-11	3.182610E-11	3.567396E-11	3.029475E-11	3.520219E-11
0:05:54	0	-1.999857E+1	1.513400E+1	1.591100E+1	2.171501E+0	2.404918E+0	3.640000E+2	2.148800E-9	1.188882E-9	5.196403E-11	4.085791E-11	4.266818E-11	4.360471E-11	4.168816E-11	3.934963E-11	3.821619E-11	2.695092E-11	3.594135E-11	3.412492E-11	3.983283E-11	4.155211E-11	3.737188E-11	3.773735E-11	2.970867E-11	3.620049E-11	3.788377E-11	3.530865E-11	3.307001E-11	3.623435E-11	3.937407E-11	3.445704E-11	3.393053E-11	3.122038E-11	3.493162E-11	3.592409E-11	3.580193E-11	3.684950E-11	3.447777E-11	3.953915E-11	3.399495E-11	3.811471E-11
0:06:07	0	-1.999941E+1	1.514600E+1	1.591100E+1	2.173705E+0	2.406236E+0	3.660000E+2	2.185500E-9	1.284692E-9	5.423490E-11	4.199365E-11	4.374292E-11	4.657896E-11	4.371551E-11	4.217776E-11	4.225879E-11	4.768617E-11	3.904645E-11	3.608426E-11	4.135100E-11	5.437134E-11	4.022279E-11	4.013529E-11	2.318374E-11	3.702375E-11	3.984796E-11	3.681992E-11	3.596772E-11	3.911821E-11	4.278184E-11	3.628381E-11	3.614196E-11	3.342336E-11	3.625550E-11	3.812219E-11	4.047392E-11	3.906544E-11	3.681444E-11	4.112364E-11	3.920118E-11	3.944404E-11
0:06:21	0	-1.999751E+1	1.514800E+1	1.591900E+1	2.164496E+0	2.396431E+0	3.680000E+2	2.299000E-9	1.350532E-9	5.713495E-11	4.520877E-11	4.835721E-11	4.828738E-11	4.631296E-11	4.462979E-11	4.465902E-11	4.698942E-11	4.151913E-11	3.842271E-11	4.128712E-11	3.441624E-11	4.243973E-11	4.278627E-11	3.718259E-11	3.658015E-11	3.883386E-11	4.028163E-11	3.880178E-11	4.231580E-11	4.814500E-11	3.943317E-11	3.898579E-11	3.638154E-11	4.085823E-11	4.088543E-11	4.337858E-11	4.134436E-11	3.927671E-11	4.353138E-11	4.007846E-11	4.178686E-11
0:06:34	0	-1.999789E+1	1.512200E+1	1.587500E+1	2.163938E+0	2.396165E+0	3.700000E+2	2.367900E-9	1.439636E-9	5.959497E-11	4.829847E-11	5.202349E-11	5.227470E-11	5.074772E-11	4.739540E-11	4.724871E-11	3.918905E-11	4.329433E-11	4.145550E-11	4.685176E-11	3.365859E-11	4.389668E-11	4.714081E-11	4.592449E-11	4.233998E-11	4.383936E-11	4.267323E-11	3.993640E-11	4.450987E-11	4.959637E-11	4.251989E-11	4.132391E-11	3.820693E-11	4.268679E-11	4.415134E-11	4.609385E-11	4.501662E-11	4.192938E-11	4.669935E-11	4.296377E-11	4.615465E-11
0:06:48	0	-1.999819E+1	1.513500E+1	1.591800E+1	2.169107E+0	2.400421E+0	3.720000E+2	2.462000E-9	1.542294E-9	6.230686E-11	5.044255E-11	5.550017E-11	5.347659E-11	5.378924E-11	5.198390E-11	5.148077E-11	3.443295E-11	4.633639E-11	4.474169E-11	5.323687E-11	4.843575E-11	4.579663E-11	4.979079E-11	5.567939E-11	4.550414E-11	4.909688E-11	4.581997E-11	4.321198E-11	4.676629E-11	4.530603E-11	4.428302E-11	4.410390E-11	4.166890E-11	4.628118E-11	4.729233E-11	4.944010E-11	4.811914E-11	4.502367E-11	4.993134E-11	4.616296E-11	4.685129E-11
0:07:01	0	-2.009677E+1	1.514700E+1	1.589300E+1	2.166839E+0	2.398432E+0	3.740000E+2	2.588100E-9	1.649064E-9	6.571166E-11	5.359496E-11	5.922932E-11	5.942609E-11	5.701980E-11	5.531514E-11	5.476551E-11	4.717962E-11	4.944249E-11	4.632194E-11	5.450152E-11	5.418193E-11	5.175145E-11	5.155811E-11	5.168843E-11	4.512448E-11	4.897087E-11	4.821157E-11	4.818799E-11	5.178188E-11	4.732519E-11	4.806285E-11	4.701058E-11	4.380929E-11	4.892994E-11	5.118585E-11	5.499624E-11	5.077888E-11	4.679212E-11	5.202199E-11	4.980078E-11	5.438548E-11
0:07:15	0	-1.999903E+1	1.512500E+1	1.589700E+1	2.161760E+0	2.394315E+0	3.760000E+2	2.658600E-9	1.760841E-9	6.949577E-11	5.807224E-11	6.137880E-11	6.214758E-11	5.955423E-11	5.883590E-11	5.647070E-11	5.973510E-11	5.185112E-11	5.137693E-11	5.418611E-11	4.799313E-11	5.441137E-11	5.660603E-11	4.953546E-11	4.866830E-11	5.530550E-11	5.186206E-11	5.095940E-11	5.510416E-11	6.347845E-11	5.240951E-11	5.092771E-11	4.632727E-11	5.302801E-11	5.263043E-11	5.594420E-11	5.464105E-11	5.297970E-11	5.734462E-11	5.249796E-11	5.508213E-11
0:07:28	0	-1.999834E+1	1.511800E+1	1.589400E+1	2.164698E+0	2.396190E+0	3.780000E+2	2.756800E-9	1.895200E-9	7.359447E-11	6.116194E-11	6.529755E-11	6.695713E-11	6.500317E-11	6.260674E-11	6.038765E-11	5.605715E-11	5.717573E-11	5.529562E-11	5.930657E-11	4.780371E-11	5.726228E-11	5.925701E-11	7.696315E-11	5.379469E-11	5.650962E-11	5.450604E-11	5.379446E-11	5.779999E-11	6.518183E-11	5.385839E-11	5.509821E-11	5.041824E-11	5.718978E-11	5.859712E-11	6.099496E-11	5.875609E-11	5.487475E-11	6.057662E-11	5.745269E-11	6.166680E-11
0:07:42	0	-2.000116E+1	1.512200E+1	1.589000E+1	2.163609E+0	2.395329E+0	3.800000E+2	2.925300E-9	2.022360E-9	7.763145E-11	6.519727E-11	7.073410E-11	7.372887E-11	6.848777E-11	6.663061E-11	6.613543E-11	4.698942E-11	6.199299E-11	5.763406E-11	6.872803E-11	5.601325E-11	6.011220E-11	6.411564E-11	7.594916E-11	5.822471E-11	6.113408E-11	5.954062E-11	5.832896E-11	6.331634E-11	6.366771E-11	5.914976E-11	5.945822E-11	5.406901E-11	6.128785E-11	6.192550E-11	6.491038E-11	6.331493E-11	6.005250E-11	6.513902E-11	6.228167E-11	6.647836E-11
0:07:55	0	-1.999857E+1	1.513400E+1	1.585800E+1	2.171070E+0	2.401776E+0	3.820000E+2	3.045800E-9	2.157027E-9	8.261321E-11	7.074559E-11	7.648600E-11	7.683001E-11	7.323958E-11	7.159620E-11	7.175757E-11	5.269654E-11	6.478188E-11	6.199370E-11	7.188914E-11	6.775881E-11	6.537004E-11	6.872323E-11	6.169732E-11	6.208525E-11	6.689865E-11	6.602387E-11	6.236029E-11	6.927211E-11	6.543485E-11	6.406325E-11	6.375440E-11	5.860118E-11	6.607971E-11	6.563064E-11	6.869820E-11	6.882331E-11	6.497803E-11	6.982746E-11	6.667300E-11	6.964376E-11
0:08:09	0	-1.999857E+1	1.512000E+1	1.586700E+1	2.171476E+0	2.401460E+0	3.840000E+2	3.198800E-9	2.351665E-9	8.778413E-11	7.566383E-11	8.198542E-11	8.429711E-11	7.716726E-11	7.624723E-11	7.580017E-11	8.135830E-11	6.934597E-11	6.831369E-11	7.410202E-11	8.847156E-11	7.214784E-11	7.288749E-11	5.986034E-11	6.600972E-11	6.993995E-11	7.017812E-11	6.784047E-11	7.334653E-11	7.224938E-11	6.752784E-11	6.893535E-11	6.376234E-11	7.169178E-11	7.115811E-11	7.457033E-11	7.300232E-11	6.920875E-11	7.616441E-11	7.106335E-11	7.958373E-11
0:08:22	0	-1.999804E+1	1.512300E+1	1.585300E+1	2.163432E+0	2.396127E+0	3.860000E+2	3.349100E-9	2.526501E-9	9.377539E-11	8.058207E-11	8.577844E-11	8.834737E-11	8.122195E-11	8.115030E-11	8.110620E-11	9.251927E-11	7.448045E-11	7.242093E-11	7.884419E-11	8.083026E-11	7.525174E-11	8.052362E-11	7.512617E-11	7.170561E-11	7.424738E-11	7.684917E-11	7.369852E-11	7.955366E-11	8.083105E-11	7.281921E-11	7.500107E-11	6.949090E-11	7.610539E-11	7.812917E-11	8.113722E-11	7.825683E-11	7.558673E-11	8.256337E-11	7.721022E-11	8.135683E-11
0:08:36	0	-1.999758E+1	1.511600E+1	1.587400E+1	2.164027E+0	2.396469E+0	3.880000E+2	3.579400E-9	2.717937E-9	9.964021E-11	8.644593E-11	9.134073E-11	9.619512E-11	9.104264E-11	8.881899E-11	8.786513E-11	8.243645E-11	8.081975E-11	7.842466E-11	8.605177E-11	7.344218E-11	8.177555E-11	8.670824E-11	8.937902E-11	7.638840E-11	8.324327E-11	8.024828E-11	7.426633E-11	8.644960E-11	9.591148E-11	8.037788E-11	7.929825E-11	7.440066E-11	8.285222E-11	8.547698E-11	8.839889E-11	8.610810E-11	8.209032E-11	8.991363E-11	8.279172E-11	8.933480E-11
0:08:49	0	-2.001043E+1	1.511500E+1	1.585800E+1	2.160265E+0	2.392174E+0	3.900000E+2	3.834800E-9	2.925699E-9	1.053159E-10	9.300358E-11	1.010124E-10	1.014483E-10	9.503333E-11	9.347100E-11	9.367574E-11	7.970953E-11	8.646057E-11	8.278530E-11	9.363964E-11	8.645083E-11	8.982031E-11	9.200921E-11	9.286298E-11	8.505862E-11	9.154210E-11	8.817822E-11	8.440729E-11	9.140185E-11	1.006441E-10	8.736973E-11	8.719635E-11	8.069462E-11	8.978818E-11	9.144368E-11	9.559675E-11	9.319973E-11	8.903651E-11	9.726389E-11	8.975349E-11	9.642521E-11
0:09:03	0	-2.000116E+1	1.512800E+1	1.585200E+1	2.155299E+0	2.387399E+0	3.920000E+2	4.034500E-9	3.208004E-9	1.128831E-10	1.024608E-10	1.078390E-10	1.113211E-10	1.056772E-10	1.045969E-10	1.023931E-10	9.518313E-11	9.356038E-11	9.137988E-11	1.047040E-10	1.137940E-10	9.602812E-11	1.013489E-10	9.602994E-11	9.024896E-11	9.870081E-11	9.579418E-11	9.417138E-11	9.823445E-11	1.002656E-10	9.467681E-11	9.313539E-11	8.705217E-11	9.836356E-11	1.008012E-10	1.027318E-10	1.022534E-10	9.838218E-11	1.068958E-10	1.006670E-10	1.064291E-10
0:09:16	0	-1.999895E+1	1.512000E+1	1.585900E+1	2.162786E+0	2.393124E+0	3.940000E+2	4.329300E-9	3.481244E-9	1.214598E-10	1.095858E-10	1.162463E-10	1.176493E-10	1.156239E-10	1.113854E-10	1.102261E-10	1.077386E-10	1.022443E-10	9.959436E-11	1.120384E-10	1.237721E-10	1.047059E-10	1.102463E-10	1.039479E-10	9.790608E-11	1.054165E-10	1.039765E-10	1.017299E-10	1.080776E-10	1.067016E-10	1.031812E-10	1.034983E-10	9.661931E-11	1.073172E-10	1.083384E-10	1.133397E-10	1.116240E-10	1.056444E-10	1.151964E-10	1.078802E-10	1.183321E-10
0:09:30	0	-2.000002E+1	1.513400E+1	1.589000E+1	2.162824E+0	2.392808E+0	3.960000E+2	4.680000E-9	3.808299E-9	1.314870E-10	1.198643E-10	1.266135E-10	1.304335E-10	1.250005E-10	1.193062E-10	1.219749E-10	1.240361E-10	1.111823E-10	1.088843E-10	1.203210E-10	1.305291E-10	1.151575E-10	1.196497E-10	1.153497E-10	1.068301E-10	1.144754E-10	1.146756E-10	1.125013E-10	1.214301E-10	1.178074E-10	1.120625E-10	1.137973E-10	1.065650E-10	1.166491E-10	1.204592E-10	1.216111E-10	1.208676E-10	1.153061E-10	1.269190E-10	1.194839E-10	1.270687E-10
0:09:43	0	-1.999812E+1	1.514700E+1	1.588700E+1	2.161772E+0	2.393428E+0	3.980000E+2	5.000300E-9	4.146464E-9	1.393071E-10	1.297635E-10	1.368539E-10	1.404322E-10	1.372916E-10	1.306206E-10	1.299973E-10	1.329136E-10	1.205006E-10	1.196278E-10	1.284778E-10	1.313496E-10	1.245323E-10	1.300624E-10	1.213677E-10	1.167032E-10	1.270826E-10	1.249981E-10	1.222644E-10	1.301440E-10	1.415960E-10	1.247245E-10	1.231488E-10	1.139292E-10	1.283769E-10	1.314507E-10	1.373964E-10	1.324541E-10	1.271778E-10	1.394018E-10	1.322162E-10	1.403010E-10
0:09:57	0	-1.999857E+1	1.515000E+1	1.586800E+1	2.162000E+0	2.393593E+0	4.000000E+2	5.388800E-9	4.568416E-9	1.532439E-10	1.404191E-10	1.497488E-10	1.558740E-10	1.481895E-10	1.410549E-10	1.407350E-10	1.451517E-10	1.319104E-10	1.300550E-10	1.421982E-10	1.396857E-10	1.377709E-10	1.433780E-10	1.399275E-10	1.276524E-10	1.388028E-10	1.364534E-10	1.370045E-10	1.461299E-10	1.570550E-10	1.373856E-10	1.366079E-10	1.282809E-10	1.428789E-10	1.447027E-10	1.512878E-10	1.470172E-10	1.422694E-10	1.539123E-10	1.464537E-10	1.551795E-10
0:10:10	0	-1.999911E+1	1.512900E+1	1.588200E+1	2.154336E+0	2.385714E+0	4.020000E+2	5.897500E-9	5.003050E-9	1.654156E-10	1.538490E-10	1.635288E-10	1.691008E-10	1.619368E-10	1.584037E-10	1.544423E-10	1.416009E-10	1.454115E-10	1.439580E-10	1.576884E-10	1.432217E-10	1.492995E-10	1.585228E-10	1.569033E-10	1.398664E-10	1.528032E-10	1.528170E-10	1.467049E-10	1.594824E-10	1.680344E-10	1.525040E-10	1.506346E-10	1.409950E-10	1.567508E-10	1.616599E-10	1.675784E-10	1.644919E-10	1.565406E-10	1.724140E-10	1.630754E-10	1.734143E-10
0:10:24	0	-1.999888E+1	1.512600E+1	1.588400E+1	2.153969E+0	2.385410E+0	4.040000E+2	6.420400E-9	5.570160E-9	1.823161E-10	1.705587E-10	1.816706E-10	1.879603E-10	1.798039E-10	1.759411E-10	1.698548E-10	1.513664E-10	1.596742E-10	1.600088E-10	1.755821E-10	1.650081E-10	1.653250E-10	1.765088E-10	1.685591E-10	1.573337E-10	1.719351E-10	1.701882E-10	1.644054E-10	1.788540E-10	1.831158E-10	1.725984E-10	1.697803E-10	1.574235E-10	1.750363E-10	1.811295E-10	1.870259E-10	1.846263E-10	1.754842E-10	1.925012E-10	1.840241E-10	1.945606E-10
0:10:37	0	-1.999903E+1	1.512600E+1	1.585900E+1	2.158745E+0	2.389400E+0	4.060000E+2	7.104500E-9	6.274337E-9	1.996587E-10	1.904197E-10	2.009500E-10	2.077690E-10	1.992542E-10	1.915930E-10	1.910161E-10	1.639219E-10	1.798308E-10	1.774504E-10	1.989126E-10	1.938676E-10	1.866084E-10	1.979009E-10	2.020048E-10	1.753076E-10	1.935382E-10	1.906444E-10	1.892865E-10	2.053719E-10	2.005939E-10	1.952128E-10	1.925270E-10	1.782589E-10	1.988075E-10	2.043042E-10	2.117783E-10	2.091916E-10	1.996064E-10	2.194304E-10	2.086106E-10	2.207083E-10
0:10:51	0	-2.000078E+1	1.513000E+1	1.587000E+1	2.159023E+0	2.389818E+0	4.080000E+2	7.926000E-9	7.065269E-9	2.218566E-10	2.102191E-10	2.238957E-10	2.306789E-10	2.194647E-10	2.178678E-10	2.155878E-10	1.884632E-10	2.003687E-10	1.998212E-10	2.233811E-10	2.229155E-10	2.096647E-10	2.208721E-10	2.175236E-10	1.954964E-10	2.183717E-10	2.159455E-10	2.120892E-10	2.289426E-10	2.248248E-10	2.205350E-10	2.174852E-10	2.025553E-10	2.252902E-10	2.322519E-10	2.411390E-10	2.370504E-10	2.292225E-10	2.496557E-10	2.396578E-10	2.521754E-10
0:11:04	0	-1.999880E+1	1.513600E+1	1.587500E+1	2.165104E+0	2.396101E+0	4.100000E+2	8.964900E-9	8.102267E-9	2.480915E-10	2.380254E-10	2.525314E-10	2.592215E-10	2.512692E-10	2.418175E-10	2.382649E-10	2.387492E-10	2.281325E-10	2.259212E-10	2.475341E-10	2.670566E-10	2.378529E-10	2.526779E-10	2.291795E-10	2.234703E-10	2.495398E-10	2.464084E-10	2.450966E-10	2.651779E-10	2.679214E-10	2.548031E-10	2.508471E-10	2.346571E-10	2.580150E-10	2.679251E-10	2.786454E-10	2.768755E-10	2.642685E-10	2.905883E-10	2.764747E-10	2.952276E-10
0:11:18	0	-1.999774E+1	1.514000E+1	1.586900E+1	2.166345E+0	2.396874E+0	4.103428E+2	8.986700E-9	8.272733E-9	2.530733E-10	2.418089E-10	2.561338E-10	2.664358E-10	2.539296E-10	2.466571E-10	2.473602E-10	2.468028E-10	2.319992E-10	2.280701E-10	2.538573E-10	2.673726E-10	2.439967E-10	2.549493E-10	2.355134E-10	2.268873E-10	2.524541E-10	2.529542E-10	2.490016E-10	2.680618E-10	2.770709E-10	2.639370E-10	2.570395E-10	2.380555E-10	2.651401E-10	2.741426E-10	2.840122E-10	2.832704E-10	2.715935E-10	2.968622E-10	2.845663E-10	2.997233E-10
0:11:31	0	-1.999911E+1	1.515100E+1	1.590300E+1	2.154501E+0	2.386892E+0	4.106857E+2	9.264900E-9	8.493803E-9	2.602622E-10	2.464743E-10	2.653634E-10	2.716880E-10	2.600117E-10	2.526914E-10	2.540563E-10	2.417934E-10	2.390349E-10	2.382439E-10	2.606217E-10	2.514590E-10	2.500145E-10	2.635318E-10	2.487523E-10	2.320137E-10	2.600568E-10	2.593113E-10	2.561196E-10	2.752081E-10	2.892496E-10	2.699841E-10	2.648109E-10	2.476862E-10	2.747875E-10	2.826842E-10	2.934837E-10	2.905520E-10	2.792345E-10	3.070634E-10	2.944134E-10	3.131455E-10
0:11:45	0	-2.000245E+1	1.515100E+1	1.591500E+1	2.154235E+0	2.386651E+0	4.110285E+2	9.354000E-9	8.658172E-9	2.631632E-10	2.517708E-10	2.674490E-10	2.777004E-10	2.649535E-10	2.569664E-10	2.536774E-10	2.397643E-10	2.415706E-10	2.408348E-10	2.642889E-10	2.556270E-10	2.531814E-10	2.697165E-10	2.609141E-10	2.373938E-10	2.649983E-10	2.645983E-10	2.619776E-10	2.814766E-10	3.006702E-10	2.770396E-10	2.691081E-10	2.521548E-10	2.802104E-10	2.884625E-10	2.991665E-10	2.966301E-10	2.863073E-10	3.149208E-10	3.019395E-10	3.195393E-10
0:11:58	0	-1.999964E+1	1.514700E+1	1.590200E+1	2.157047E+0	2.387867E+0	4.113714E+2	9.616000E-9	8.957752E-9	2.702267E-10	2.582657E-10	2.754143E-10	2.871936E-10	2.750272E-10	2.668350E-10	2.680159E-10	2.413500E-10	2.484163E-10	2.462070E-10	2.767447E-10	2.578372E-10	2.609732E-10	2.769103E-10	2.911928E-10	2.467604E-10	2.758944E-10	2.724656E-10	2.702929E-10	2.933881E-10	3.036994E-10	2.849761E-10	2.784596E-10	2.592675E-10	2.885330E-10	2.985736E-10	3.100904E-10	3.075829E-10	2.962840E-10	3.278467E-10	3.130411E-10	3.299860E-10
0:12:12	0	-1.999971E+1	1.512700E+1	1.588900E+1	2.156300E+0	2.387132E+0	4.117142E+2	9.848000E-9	9.136638E-9	2.750820E-10	2.648224E-10	2.821141E-10	2.923828E-10	2.779418E-10	2.707954E-10	2.666268E-10	2.355157E-10	2.547556E-10	2.521469E-10	2.832576E-10	2.696466E-10	2.659770E-10	2.816434E-10	2.865058E-10	2.525822E-10	2.837502E-10	2.820956E-10	2.772846E-10	3.016626E-10	3.060971E-10	2.931026E-10	2.845881E-10	2.678917E-10	2.937668E-10	3.052938E-10	3.160881E-10	3.158770E-10	3.052508E-10	3.338036E-10	3.194385E-10	3.388505E-10
0:12:25	0	-1.999918E+1	1.513300E+1	1.588800E+1	2.165383E+0	2.394746E+0	4.120570E+2	1.008700E-8	9.423340E-9	2.830913E-10	2.703080E-10	2.881195E-10	2.987749E-10	2.861142E-10	2.761381E-10	2.789441E-10	2.426173E-10	2.610939E-10	2.596670E-10	2.919194E-10	2.875171E-10	2.759857E-10	2.921188E-10	2.807409E-10	2.606829E-10	2.909719E-10	2.919134E-10	2.857251E-10	3.120699E-10	3.114603E-10	3.034964E-10	2.941929E-10	2.763886E-10	3.039179E-10	3.162218E-10	3.301688E-10	3.277803E-10	3.171854E-10	3.452721E-10	3.314184E-10	3.513232E-10
0:12:39	0	-1.999903E+1	1.513500E+1	1.588500E+1	2.164445E+0	2.394277E+0	4.123999E+2	1.028700E-8	9.655741E-9	2.882622E-10	2.758573E-10	2.939353E-10	3.047234E-10	2.904229E-10	2.824870E-10	2.819127E-10	2.665240E-10	2.684468E-10	2.637743E-10	2.955237E-10	3.127768E-10	2.832065E-10	2.957162E-10	2.785879E-10	2.640379E-10	2.972435E-10	2.963200E-10	2.942919E-10	3.146400E-10	3.187171E-10	3.121261E-10	3.023434E-10	2.836902E-10	3.116741E-10	3.228171E-10	3.374305E-10	3.339224E-10	3.249530E-10	3.562345E-10	3.433359E-10	3.598069E-10
0:12:52	0	-1.999941E+1	1.513500E+1	1.590000E+1	2.157212E+0	2.389679E+0	4.127427E+2	1.043100E-8	9.882539E-9	2.914161E-10	2.805227E-10	3.008248E-10	3.123814E-10	2.968220E-10	2.879557E-10	2.881661E-10	2.779382E-10	2.734552E-10	2.708525E-10	3.028581E-10	3.159340E-10	2.894143E-10	3.022166E-10	2.819449E-10	2.668224E-10	3.040222E-10	3.037462E-10	3.004025E-10	3.242941E-10	3.298230E-10	3.211337E-10	3.101158E-10	2.903627E-10	3.213842E-10	3.298506E-10	3.453859E-10	3.431660E-10	3.330356E-10	3.648521E-10	3.499838E-10	3.714560E-10
0:13:06	0	-1.997858E+1	1.515700E+1	1.589800E+1	2.163305E+0	2.392947E+0	4.130856E+2	1.077100E-8	1.020239E-8	3.018207E-10	2.911794E-10	3.083469E-10	3.205458E-10	3.051844E-10	2.952473E-10	2.957467E-10	2.827584E-10	2.800477E-10	2.777411E-10	3.120889E-10	3.123351E-10	2.989150E-10	3.107354E-10	2.908128E-10	2.758723E-10	3.135882E-10	3.140687E-10	3.111103E-10	3.338226E-10	3.520337E-10	3.327874E-10	3.204149E-10	2.985457E-10	3.310306E-10	3.422232E-10	3.556788E-10	3.576651E-10	3.468642E-10	3.811361E-10	3.682363E-10	3.838018E-10
0:13:19	0	-2.000131E+1	1.514600E+1	1.587900E+1	2.161696E+0	2.390717E+0	4.134284E+2	1.104200E-8	1.043736E-8	3.076865E-10	2.961604E-10	3.132776E-10	3.271277E-10	3.125977E-10	3.039212E-10	2.993465E-10	2.909382E-10	2.853083E-10	2.853869E-10	3.135432E-10	3.100612E-10	3.020189E-10	3.196338E-10	3.146935E-10	2.835933E-10	3.165655E-10	3.213061E-10	3.196771E-10	3.417220E-10	3.571448E-10	3.453858E-10	3.295130E-10	3.050920E-10	3.387868E-10	3.509532E-10	3.661602E-10	3.665929E-10	3.510949E-10	3.915913E-10	3.735672E-10	3.969082E-10
0:13:33	0	-1.999956E+1	1.512300E+1	1.590500E+1	2.158441E+0	2.387715E+0	4.137712E+2	1.134000E-8	1.084980E-8	3.161368E-10	3.023398E-10	3.228225E-10	3.386451E-10	3.228605E-10	3.134128E-10	3.104642E-10	2.992451E-10	2.982400E-10	2.944244E-10	3.289705E-10	3.243329E-10	3.125976E-10	3.308663E-10	3.359143E-10	2.932137E-10	3.323400E-10	3.345240E-10	3.318974E-10	3.577080E-10	3.686292E-10	3.547713E-10	3.399387E-10	3.190651E-10	3.536671E-10	3.693549E-10	3.797983E-10	3.832440E-10	3.696606E-10	4.055316E-10	3.925089E-10	4.126732E-10
0:13:46	0	-1.999941E+1	1.513400E+1	1.589900E+1	2.156743E+0	2.388247E+0	4.141141E+2	1.155100E-8	1.111287E-8	3.218124E-10	3.104104E-10	3.297130E-10	3.430121E-10	3.301467E-10	3.168700E-10	3.175392E-10	2.932847E-10	3.025499E-10	3.018807E-10	3.371902E-10	3.435304E-10	3.212124E-10	3.390703E-10	3.291994E-10	2.997318E-10	3.431731E-10	3.423287E-10	3.388891E-10	3.664219E-10	3.809962E-10	3.663624E-10	3.511225E-10	3.286322E-10	3.622424E-10	3.765144E-10	3.940057E-10	3.916650E-10	3.821634E-10	4.217526E-10	4.040501E-10	4.253987E-10
0:14:00	0	-1.999880E+1	1.513100E+1	1.590300E+1	2.157579E+0	2.388957E+0	4.144569E+2	1.209300E-8	1.151830E-8	3.349299E-10	3.197422E-10	3.405222E-10	3.556694E-10	3.378130E-10	3.283105E-10	3.260033E-10	3.046359E-10	3.154177E-10	3.129405E-10	3.483813E-10	3.569178E-10	3.321070E-10	3.499880E-10	3.293264E-10	3.111236E-10	3.571735E-10	3.550419E-10	3.544476E-10	3.783958E-10	3.942477E-10	3.790861E-10	3.694464E-10	3.400258E-10	3.786994E-10	3.922788E-10	4.081492E-10	4.084440E-10	3.977604E-10	4.371503E-10	4.199183E-10	4.442022E-10
0:14:13	0	-2.000009E+1	1.515300E+1	1.590200E+1	2.152056E+0	2.382939E+0	4.147998E+2	1.235600E-8	1.182148E-8	3.381455E-10	3.286321E-10	3.458949E-10	3.635171E-10	3.465555E-10	3.346594E-10	3.371200E-10	3.195379E-10	3.201088E-10	3.188803E-10	3.538821E-10	3.692954E-10	3.426857E-10	3.580655E-10	3.346473E-10	3.168195E-10	3.644592E-10	3.637280E-10	3.628891E-10	3.900559E-10	4.027029E-10	3.926929E-10	3.757016E-10	3.488377E-10	3.877167E-10	4.040863E-10	4.229875E-10	4.236388E-10	4.095056E-10	4.511536E-10	4.324626E-10	4.604110E-10
0:14:27	0	-1.999918E+1	1.514800E+1	1.588700E+1	2.151891E+0	2.382597E+0	4.151426E+2	1.275000E-8	1.212152E-8	3.453344E-10	3.351897E-10	3.554398E-10	3.715547E-10	3.533347E-10	3.419510E-10	3.393317E-10	3.251809E-10	3.297434E-10	3.263376E-10	3.634932E-10	3.612753E-10	3.489565E-10	3.704338E-10	3.487732E-10	3.235914E-10	3.711739E-10	3.748682E-10	3.720854E-10	4.017784E-10	4.226425E-10	4.013226E-10	3.889083E-10	3.618678E-10	3.975523E-10	4.174632E-10	4.334060E-10	4.345926E-10	4.235874E-10	4.657911E-10	4.421839E-10	4.723770E-10
0:14:40	0	-1.997851E+1	1.515800E+1	1.588100E+1	2.149370E+0	2.380013E+0	4.154854E+2	1.314000E-8	1.261515E-8	3.568759E-10	3.458464E-10	3.665015E-10	3.833887E-10	3.668930E-10	3.576655E-10	3.537331E-10	3.345029E-10	3.425480E-10	3.407454E-10	3.749369E-10	3.646857E-10	3.618151E-10	3.839387E-10	3.704369E-10	3.388437E-10	3.895467E-10	3.910441E-10	3.885259E-10	4.174506E-10	4.416984E-10	4.179525E-10	4.045779E-10	3.723163E-10	4.199369E-10	4.376239E-10	4.418668E-10	4.563732E-10	4.400058E-10	4.882220E-10	4.684646E-10	4.961829E-10
0:14:54	0	-1.999964E+1	1.513400E+1	1.590700E+1	2.154222E+0	2.383877E+0	4.158283E+2	1.370300E-8	1.297594E-8	3.649479E-10	3.553037E-10	3.770583E-10	3.944006E-10	3.741153E-10	3.635112E-10	3.608710E-10	3.296838E-10	3.504074E-10	3.467491E-10	3.848005E-10	3.778200E-10	3.689729E-10	3.919534E-10	3.781648E-10	3.466917E-10	4.006958E-10	4.008619E-10	3.995489E-10	4.293622E-10	4.563376E-10	4.354018E-10	4.184160E-10	3.878008E-10	4.294579E-10	4.504992E-10	4.740065E-10	4.691621E-10	4.562977E-10	5.050132E-10	4.829525E-10	5.146696E-10
0:15:07	0	-1.999941E+1	1.516600E+1	1.590600E+1	2.153994E+0	2.383991E+0	4.161711E+2	1.414400E-8	1.353983E-8	3.781908E-10	3.644463E-10	3.903962E-10	4.056662E-10	3.898910E-10	3.766486E-10	3.755256E-10	3.379907E-10	3.620072E-10	3.626743E-10	4.037682E-10	4.010589E-10	3.855684E-10	4.047640E-10	4.065425E-10	3.615014E-10	4.179905E-10	4.169751E-10	4.185729E-10	4.495482E-10	4.714818E-10	4.505191E-10	4.372446E-10	4.088867E-10	4.466087E-10	4.688375E-10	4.908654E-10	4.984772E-10	4.696847E-10	5.301059E-10	5.168851E-10	5.405015E-10
0:15:21	0	-1.999986E+1	1.515900E+1	1.591000E+1	2.160581E+0	2.390654E+0	4.165140E+2	1.902800E-8	1.387147E-8	3.860108E-10	3.725170E-10	3.982347E-10	4.161715E-10	4.024361E-10	3.875235E-10	3.834214E-10	3.472486E-10	3.724663E-10	3.730387E-10	4.166672E-10	4.178568E-10	4.012140E-10	4.173853E-10	4.048955E-10	3.710578E-10	4.286336E-10	4.335275E-10	4.312337E-10	4.644683E-10	4.858679E-10	4.748976E-10	4.509560E-10	4.219794E-10	4.476170E-10	4.867375E-10	5.076614E-10	5.084175E-10	4.993007E-10	4.640166E-10	5.330048E-10	5.650031E-10
0:15:34	0	-1.999888E+1	1.516500E+1	1.590300E+1	2.160860E+0	2.390261E+0	4.168568E+2	1.507700E-8	1.501785E-8	4.072003E-10	3.836146E-10	4.135315E-10	4.128805E-10	4.128889E-10	3.937464E-10	3.993395E-10	3.914480E-10	3.270175E-10	3.832125E-10	3.934624E-10	4.272028E-10	4.121096E-10	4.356861E-10	4.104705E-10	3.831459E-10	4.469424E-10	4.502697E-10	4.561775E-10	4.754387E-10	4.676955E-10	4.969451E-10	4.493132E-10	4.555289E-10	3.561267E-10	5.002404E-10	5.317181E-10	1.251669E-9	5.239912E-10	6.087411E-10	5.623579E-10	5.977365E-10
0:15:48	0	-1.999857E+1	1.515600E+1	1.590100E+1	2.161113E+0	2.390375E+0	4.171996E+2	1.786100E-8	5.807150E-8	4.114254E-10	4.295172E-10	4.230764E-10	4.445233E-10	4.263212E-10	3.838777E-10	8.786513E-11	3.786383E-10	5.729621E-10	3.931978E-10	1.886068E-10	4.557463E-10	4.256642E-10	4.418707E-10	4.570910E-10	3.719440E-10	4.865364E-10	4.559968E-10	4.706660E-10	5.154980E-10	5.454345E-10	5.377635E-10	1.318112E-8	2.816647E-8	8.818041E-10	6.361497E-10	5.606371E-10	5.629316E-10	5.421771E-10	5.631821E-10	3.058035E-9	6.147679E-10
0:16:01	0	-2.000017E+1	1.514100E+1	1.588600E+1	2.149396E+0	2.380837E+0	4.175425E+2	4.002000E-8	9.082683E-8	4.348847E-10	3.922527E-10	4.348337E-10	1.521404E-10	4.374712E-10	4.476792E-10	4.122261E-10	3.719801E-10	4.004202E-10	4.070369E-10	4.575111E-10	6.572542E-10	3.652350E-10	4.427534E-10	4.478431E-10	4.086510E-10	4.839391E-10	5.174889E-10	9.425607E-9	5.574368E-10	5.013278E-10	4.573230E-10	2.709451E-8	3.928222E-8	7.684338E-10	9.051427E-10	5.808422E-10	6.315020E-10	3.843735E-10	5.440462E-10	1.369015E-9	6.534514E-10
0:16:15	0	-2.000017E+1	1.513700E+1	1.587900E+1	2.149979E+0	2.381913E+0	4.178853E+2	4.111200E-8	2.764792E-8	3.390286E-10	4.622417E-10	5.421039E-10	4.695212E-10	4.479880E-10	1.973128E-10	4.451991E-10	3.173185E-10	2.333301E-10	4.868522E-10	-8.080454E-11	4.446318E-10	4.533454E-10	9.387695E-10	4.619059E-10	3.436544E-10	5.431730E-10	4.869008E-10	5.434198E-10	3.739443E-10	5.844301E-10	5.022049E-9	2.559023E-9	9.835059E-10	5.153361E-10	5.406232E-10	6.136766E-10	7.089353E-10	6.521788E-10	2.869772E-10	6.880481E-11	6.662542E-9
0:16:28	0	-1.999933E+1	1.514600E+1	1.589100E+1	2.151195E+0	2.381787E+0	4.182282E+2	2.612800E-7	3.014703E-7	4.331823E-10	4.086468E-10	4.753524E-10	4.633828E-10	5.082393E-10	1.118695E-9	2.807131E-10	5.564481E-10	2.014528E-9	8.262708E-10	4.463838E-10	4.837215E-10	5.191584E-10	5.353942E-10	9.772732E-10	4.227644E-10	7.396824E-9	4.045947E-9	1.282093E-8	6.554842E-10	2.009333E-8	3.053490E-8	6.548724E-8	6.905292E-8	3.801497E-10	6.201345E-10	1.866610E-8	6.383398E-10	6.568511E-10	1.051784E-9	3.191646E-8	2.698276E-8
0:16:42	0	-1.999873E+1	1.515000E+1	1.589500E+1	2.151714E+0	2.381635E+0	4.185710E+2	2.470000E-7	1.624051E-7	3.949659E-10	1.472286E-10	5.099296E-10	4.578140E-10	5.152085E-10	1.393702E-9	7.660221E-10	7.296920E-10	1.114104E-9	8.511696E-10	-2.302732E-10	1.342545E-10	4.824835E-10	1.372752E-9	5.345611E-10	4.402946E-10	4.152673E-10	-1.209701E-10	9.827162E-10	5.062823E-10	8.738689E-10	2.346894E-8	2.168282E-9	4.766784E-10	2.851661E-9	1.006322E-9	5.911979E-10	6.358298E-8	2.628584E-8	6.359567E-9	2.270252E-8	6.400291E-10
0:16:55	0	-1.999873E+1	1.515800E+1	1.587000E+1	2.151676E+0	2.381369E+0	4.189138E+2	3.022600E-7	1.028168E-7	5.243712E-10	4.148889E-10	2.741499E-10	6.713417E-10	6.124602E-10	4.880976E-10	1.872323E-9	5.164341E-10	1.479217E-9	5.979483E-10	4.293755E-10	5.221154E-10	3.138006E-10	1.066605E-8	1.248516E-10	1.711943E-10	9.556520E-10	1.641461E-10	1.181011E-9	1.071054E-9	1.473506E-9	3.335065E-8	1.182202E-10	1.958202E-10	-9.252474E-10	-3.812248E-10	9.961264E-10	1.069006E-9	1.590221E-9	3.886927E-8	8.847441E-10	2.525233E-9
0:17:09	0	-1.999857E+1	1.513900E+1	1.589900E+1	2.159771E+0	2.387804E+0	4.192567E+2	5.728000E-7	3.303065E-7	3.695513E-10	4.540447E-10	1.595462E-10	7.291852E-10	3.817186E-10	6.594507E-9	-4.168880E-9	-4.605041E-10	-1.502990E-9	8.411983E-9	-1.791669E-9	8.690634E-9	1.525235E-9	-1.203944E-9	1.392051E-9	7.188255E-10	3.484946E-10	3.039986E-10	2.408763E-10	1.067669E-9	3.529883E-8	4.731131E-8	2.388674E-9	5.531861E-8	-1.298149E-9	1.552273E-8	1.096964E-9	8.978035E-10	8.649233E-8	5.544404E-11	1.253810E-8	5.242356E-8
0:17:22	0	-2.000017E+1	1.513700E+1	1.588600E+1	2.152031E+0	2.381749E+0	4.195995E+2	1.225800E-6	5.360482E-7	3.673442E-10	4.979296E-10	6.940690E-11	5.095182E-10	2.416518E-8	3.755932E-9	8.868582E-11	2.039042E-9	2.638582E-9	7.224415E-10	-1.538255E-9	-2.737701E-9	2.500022E-9	2.199320E-9	1.734616E-9	-2.322714E-11	1.762049E-9	1.254701E-9	3.549073E-8	1.688925E-9	3.096134E-8	1.496018E-7	2.767670E-8	4.923326E-9	9.494990E-8	1.442878E-9	2.158655E-8	3.967805E-8	2.294877E-9	4.385554E-8	2.188531E-9	3.970347E-8
0:17:36	0	-1.999781E+1	1.514900E+1	1.589400E+1	2.160214E+0	2.388387E+0	4.199424E+2	1.225100E-6	9.460995E-7	3.120152E-8	2.290091E-10	6.385020E-10	-2.073075E-9	-4.501423E-10	-4.941944E-10	-1.188482E-9	-7.562625E-10	-1.348578E-9	4.596778E-10	2.235397E-9	4.520018E-9	3.609981E-9	3.702513E-9	1.501066E-9	4.152331E-10	1.146701E-8	1.702883E-8	1.976370E-8	2.142901E-8	1.007095E-7	3.278372E-7	6.329306E-10	6.028210E-8	5.062339E-8	-1.649884E-9	4.930753E-10	-1.986816E-10	3.472408E-8	1.181029E-7	4.296344E-8	9.968867E-8
0:17:51	0	-2.000040E+1	1.515200E+1	1.592900E+1	2.159859E+0	2.388133E+0	4.202852E+2	2.948000E-6	2.992651E-6	4.121178E-8	8.379719E-11	9.285000E-9	3.288991E-10	4.993918E-8	1.590135E-9	-3.974323E-9	-5.262006E-10	-8.328522E-10	-2.986143E-9	-7.422113E-9	2.424078E-8	-1.860448E-9	-6.949084E-9	-2.167071E-9	1.025392E-9	5.235229E-8	-4.828728E-10	5.759298E-9	3.855013E-8	1.194126E-7	2.756826E-7	3.329095E-8	2.646835E-7	1.353461E-7	-6.706240E-9	1.001121E-7	4.264128E-9	3.439542E-7	7.145953E-8	7.515915E-7	7.023950E-7
0:18:16	1	-2.000100E+1	1.515800E+1	1.591600E+1	2.151169E+0	2.382306E+0	0.000000E+0	-2.572600E-9	2.671843E-9	9.686559E-11	8.064478E-11	8.116415E-11	8.252575E-11	8.407344E-11	8.529921E-11	8.679116E-11	7.051466E-11	8.411598E-11	8.259575E-11	8.535707E-11	7.773686E-11	8.240953E-11	7.989300E-11	9.172199E-11	9.347606E-11	7.177713E-11	7.351365E-11	7.470685E-11	7.585432E-11	7.527762E-11	7.294451E-11	8.106679E-11	8.900376E-11	9.281519E-11	8.597966E-11	8.385250E-11	8.414503E-11	9.364605E-11	8.604844E-11	9.251404E-11	9.351268E-11
0:18:30	1	-1.999948E+1	1.515100E+1	1.588700E+1	2.152385E+0	2.382065E+0	0.000000E+0	2.016300E-9	2.699583E-9	9.806325E-11	8.373448E-11	8.641011E-11	8.322110E-11	8.502361E-11	8.731065E-11	8.849635E-11	7.837810E-11	8.861603E-11	8.468080E-11	8.352348E-11	8.531435E-11	8.735038E-11	8.235370E-11	7.012223E-11	8.335015E-11	8.400335E-11	8.503148E-11	8.144694E-11	8.005443E-11	7.893741E-11	8.346460E-11	8.201540E-11	8.547819E-11	8.676216E-11	8.290212E-11	8.322153E-11	8.484170E-11	8.379596E-11	8.592240E-11	8.730781E-11	8.844825E-11
0:18:43	1	-1.999903E+1	1.514200E+1	1.589800E+1	2.152905E+0	2.382344E+0	1.000000E+1	3.200600E-9	2.930923E-9	1.051267E-10	9.104863E-11	9.500701E-11	9.271433E-11	9.275293E-11	9.466477E-11	9.658154E-11	9.125091E-11	9.394064E-11	9.201138E-11	9.148965E-11	8.967184E-11	9.267122E-11	8.885413E-11	9.026501E-11	9.113516E-11	8.723467E-11	8.767446E-11	8.472252E-11	8.626157E-11	8.701503E-11	8.900756E-11	8.909158E-11	8.881496E-11	9.369712E-11	9.213473E-11	9.067158E-11	9.136360E-11	9.131038E-11	9.168818E-11	9.709251E-11	9.395646E-11
0:18:57	1	-1.999979E+1	1.513700E+1	1.590000E+1	2.161798E+0	2.389805E+0	2.000000E+1	3.433600E-9	2.936244E-9	1.053159E-10	9.104863E-11	9.380654E-11	9.030955E-11	8.958539E-11	9.347100E-11	9.582368E-11	9.664170E-11	9.413076E-11	9.201138E-11	9.085782E-11	8.133570E-11	9.254422E-11	8.942198E-11	9.691693E-11	9.024896E-11	8.805775E-11	8.792684E-11	8.875385E-11	8.682567E-11	9.117886E-11	8.919650E-11	8.959730E-11	8.887756E-11	9.458004E-11	9.194635E-11	8.959803E-11	9.085684E-11	9.162539E-11	9.149812E-11	9.671625E-11	9.553866E-11
0:19:10	1	-1.999948E+1	1.515300E+1	1.591700E+1	2.161088E+0	2.389058E+0	3.000000E+1	3.617500E-9	2.960732E-9	1.051267E-10	9.041854E-11	9.443821E-11	9.151244E-11	9.180277E-11	9.391060E-11	9.468689E-11	1.116698E-10	9.324316E-11	9.112648E-11	9.060429E-11	9.150316E-11	9.210024E-11	8.828528E-11	9.463596E-11	9.164071E-11	8.653760E-11	8.729690E-11	8.547827E-11	8.908209E-11	9.294600E-11	8.938544E-11	8.921826E-11	8.982156E-11	9.577850E-11	9.131776E-11	9.086097E-11	9.186936E-11	9.181479E-11	9.086492E-11	9.602612E-11	9.572856E-11
0:19:24	1	-1.999865E+1	1.517300E+1	1.590100E+1	2.150840E+0	2.382078E+0	4.000000E+1	3.785900E-9	2.971278E-9	1.051894E-10	9.104863E-11	9.355307E-11	9.132262E-11	9.497032E-11	9.453974E-11	9.607697E-11	1.040607E-10	9.375051E-11	9.264388E-11	9.098359E-11	8.954523E-11	9.121426E-11	9.005260E-11	9.704293E-11	9.309640E-11	9.021197E-11	8.887076E-11	8.793446E-11	8.795388E-11	9.199967E-11	8.995227E-11	9.003919E-11	8.950656E-11	9.413908E-11	9.200882E-11	9.193452E-11	9.212324E-11	9.244681E-11	9.251143E-11	9.583799E-11	9.471607E-11
0:19:37	1	-1.999873E+1	1.514600E+1	1.588300E+1	2.151549E+0	2.382990E+0	5.000000E+1	3.880100E-9	2.945165E-9	1.052531E-10	9.167871E-11	9.437534E-11	9.018267E-11	9.427320E-11	9.114499E-11	9.651872E-11	8.345154E-11	9.178518E-11	9.106363E-11	9.262753E-11	8.784052E-11	9.507815E-11	8.954751E-11	8.557806E-11	9.246397E-11	9.299924E-11	8.956330E-11	8.976118E-11	8.789054E-11	9.464938E-11	9.045644E-11	9.035539E-11	8.957015E-11	9.615676E-11	9.150614E-11	9.256649E-11	9.218621E-11	9.200420E-11	9.238539E-11	9.439533E-11	9.585550E-11
0:19:51	1	-2.000040E+1	1.513800E+1	1.591000E+1	2.152702E+0	2.383927E+0	6.000000E+1	3.966000E-9	2.951984E-9	1.067664E-10	9.262533E-11	9.519661E-11	9.087903E-11	9.636456E-11	9.303041E-11	9.519246E-11	8.541765E-11	9.476519E-11	9.295913E-11	9.193182E-11	9.478697E-11	9.343120E-11	8.942198E-11	7.645616E-11	9.322329E-11	9.420336E-11	8.968850E-11	8.875385E-11	8.569647E-11	9.193592E-11	9.096062E-11	8.978683E-11	8.919256E-11	9.558938E-11	9.313910E-11	9.256649E-11	9.072990E-11	9.282562E-11	9.301858E-11	9.495972E-11	9.648918E-11
0:20:04	1	-1.999911E+1	1.515400E+1	1.592300E+1	2.150156E+0	2.380127E+0	7.000000E+1	4.084400E-9	2.963911E-9	1.059461E-10	9.394920E-11	9.627135E-11	9.296810E-11	9.332303E-11	9.315643E-11	9.784498E-11	9.289968E-11	9.470115E-11	9.188468E-11	9.231112E-11	9.301846E-11	9.387418E-11	8.986332E-11	8.146010E-11	9.031190E-11	9.014896E-11	8.962590E-11	9.171420E-11	8.889406E-11	8.827614E-11	9.140115E-11	8.858585E-11	8.982156E-11	9.508471E-11	9.263741E-11	9.149294E-11	9.313576E-11	9.358324E-11	9.308260E-11	9.596374E-11	9.667908E-11
0:20:18	1	-1.999986E+1	1.515600E+1	1.590200E+1	2.150485E+0	2.380140E+0	8.000000E+1	4.182900E-9	2.990430E-9	1.072074E-10	9.432745E-11	9.652482E-11	9.265139E-11	9.611051E-11	9.497933E-11	9.771834E-11	9.968496E-11	9.305303E-11	9.365448E-11	9.136288E-11	8.733509E-11	9.438117E-11	9.144135E-11	8.760504E-11	9.107122E-11	9.160611E-11	9.119976E-11	9.020270E-11	8.764016E-11	9.395508E-11	9.259845E-11	9.130301E-11	8.982156E-11	9.470646E-11	9.288825E-11	9.300807E-11	9.326270E-11	9.320443E-11	9.352574E-11	9.489734E-11	9.750166E-11
0:20:31	1	-2.000108E+1	1.515000E+1	1.592200E+1	2.157414E+0	2.385448E+0	9.000000E+1	4.197200E-9	3.058645E-9	1.073966E-10	9.571404E-11	9.835796E-11	9.328381E-11	9.566744E-11	9.504185E-11	9.872948E-11	1.121774E-10	9.584192E-11	9.390688E-11	9.503005E-11	9.301846E-11	9.368419E-11	9.232501E-11	1.081288E-10	9.505864E-11	9.071902E-11	9.000347E-11	8.995012E-11	9.090009E-11	9.351379E-11	9.348051E-11	9.225062E-11	9.233954E-11	9.527383E-11	9.477206E-11	9.382844E-11	9.440216E-11	9.396205E-11	9.434899E-11	9.771928E-11	9.781850E-11
0:20:45	1	-1.999956E+1	1.515100E+1	1.591500E+1	2.156958E+0	2.385498E+0	1.000000E+2	4.288200E-9	3.099633E-9	1.087217E-10	9.678607E-11	9.867329E-11	9.473946E-11	9.801084E-11	9.661369E-11	1.008774E-10	9.955783E-11	9.653940E-11	9.536042E-11	9.749646E-11	9.131374E-11	9.564813E-11	9.320767E-11	1.111058E-10	9.733659E-11	9.413936E-11	9.308761E-11	9.152526E-11	9.309417E-11	9.420810E-11	9.524364E-11	9.345160E-11	9.498272E-11	9.823714E-11	9.552657E-11	9.591274E-11	9.611135E-11	9.629872E-11	9.644064E-11	9.941343E-11	9.997141E-11
0:20:58	1	-2.000009E+1	1.513700E+1	1.588100E+1	2.160227E+0	2.388387E+0	1.200000E+2	4.648700E-9	3.273442E-9	1.155950E-10	1.027764E-10	1.045519E-10	1.010047E-10	1.030167E-10	1.034657E-10	1.040983E-10	1.060898E-10	1.026245E-10	1.020595E-10	1.009101E-10	1.070380E-10	1.012850E-10	9.863516E-11	1.061648E-10	1.019574E-10	1.006650E-10	9.673810E-11	9.801377E-11	9.792172E-11	9.647927E-11	1.000945E-10	9.977068E-11	9.863349E-11	1.042275E-10	1.012414E-10	1.011529E-10	1.021265E-10	1.013499E-10	1.022704E-10	1.053088E-10	1.061753E-10
0:21:12	1	-1.999956E+1	1.513200E+1	1.589600E+1	2.153183E+0	2.382585E+0	1.400000E+2	5.015600E-9	3.606444E-9	1.268199E-10	1.140631E-10	1.168790E-10	1.120804E-10	1.144837E-10	1.135229E-10	1.173001E-10	1.036802E-10	1.148588E-10	1.121705E-10	1.139349E-10	1.121521E-10	1.130036E-10	1.094891E-10	1.162367E-10	1.092988E-10	1.106110E-10	1.097662E-10	1.087852E-10	1.072621E-10	1.043039E-10	1.108661E-10	1.108907E-10	1.107196E-10	1.154506E-10	1.126087E-10	1.131503E-10	1.126365E-10	1.127172E-10	1.124085E-10	1.169748E-10	1.173186E-10
0:21:26	1	-2.000503E+1	1.513500E+1	1.590700E+1	2.154501E+0	2.383408E+0	1.600000E+2	5.585300E-9	4.189756E-9	1.444780E-10	1.320330E-10	1.340089E-10	1.294204E-10	1.319067E-10	1.320030E-10	1.354290E-10	1.329767E-10	1.329881E-10	1.307503E-10	1.311328E-10	1.347600E-10	1.309931E-10	1.246349E-10	1.293486E-10	1.286645E-10	1.275897E-10	1.269496E-10	1.283114E-10	1.264456E-10	1.261998E-10	1.287560E-10	1.275088E-10	1.284061E-10	1.346191E-10	1.305088E-10	1.236954E-10	1.309348E-10	1.310925E-10	1.320516E-10	1.352273E-10	1.359322E-10
0:21:40	1	-1.999933E+1	1.514800E+1	1.590800E+1	2.150358E+0	2.379773E+0	1.800000E+2	6.401900E-9	5.063849E-9	1.730455E-10	1.585154E-10	1.609372E-10	1.562536E-10	1.582622E-10	1.583412E-10	1.622124E-10	1.678541E-10	1.589136E-10	1.584296E-10	1.540841E-10	1.441060E-10	1.574703E-10	1.555570E-10	1.567133E-10	1.549289E-10	1.529292E-10	1.534470E-10	1.537603E-10	1.537157E-10	1.576228E-10	1.548349E-10	1.546784E-10	1.572983E-10	1.657682E-10	1.590850E-10	1.586760E-10	1.587936E-10	1.585613E-10	1.582836E-10	1.652072E-10	1.655632E-10
0:21:53	1	-2.000093E+1	1.513400E+1	1.589200E+1	2.147724E+0	2.378607E+0	2.000000E+2	7.605800E-9	6.265721E-9	2.087392E-10	1.950234E-10	1.978525E-10	1.920106E-10	1.958957E-10	1.968732E-10	1.995431E-10	1.972136E-10	1.968824E-10	1.946395E-10	1.910722E-10	1.784594E-10	1.948432E-10	1.920959E-10	1.932629E-10	1.937250E-10	1.952484E-10	1.904557E-10	1.913021E-10	1.903884E-10	1.983227E-10	1.932597E-10	1.949280E-10	1.929872E-10	2.014563E-10	1.966421E-10	1.963081E-10	1.975422E-10	1.984700E-10	1.991542E-10	2.044707E-10	2.066534E-10
0:22:07	1	-1.999979E+1	1.513700E+1	1.590400E+1	2.157072E+0	2.386512E+0	2.200000E+2	9.279100E-9	7.975680E-9	2.611452E-10	2.471044E-10	2.493072E-10	2.420703E-10	2.479106E-10	2.490456E-10	2.529195E-10	2.519393E-10	2.498112E-10	2.466490E-10	2.450048E-10	2.569529E-10	2.474806E-10	2.420760E-10	2.345634E-10	2.442916E-10	2.458024E-10	2.428841E-10	2.432062E-10	2.431105E-10	2.470355E-10	2.466140E-10	2.457290E-10	2.483152E-10	2.566284E-10	2.505287E-10	2.519363E-10	2.524991E-10	2.542918E-10	2.537740E-10	2.618611E-10	2.631918E-10
0:22:21	1	-1.999857E+1	1.513300E+1	1.586000E+1	2.153678E+0	2.384143E+0	2.400000E+2	1.127100E-8	1.031778E-8	3.339831E-10	3.172199E-10	3.218116E-10	3.132675E-10	3.196299E-10	3.211449E-10	3.267612E-10	3.299370E-10	3.209954E-10	3.183745E-10	3.168939E-10	3.247117E-10	3.210224E-10	3.144583E-10	2.972107E-10	3.140989E-10	3.201768E-10	3.152640E-10	3.127481E-10	3.157682E-10	3.212413E-10	3.191179E-10	3.173187E-10	3.210793E-10	3.339312E-10	3.253920E-10	3.276430E-10	3.274005E-10	3.300041E-10	3.313958E-10	3.413288E-10	3.464477E-10
0:22:35	1	-1.999903E+1	1.515000E+1	1.590900E+1	2.157199E+0	2.385473E+0	2.600000E+2	1.457400E-8	1.358324E-8	4.315426E-10	4.158345E-10	4.210537E-10	4.111081E-10	4.178308E-10	4.205242E-10	4.271331E-10	4.440805E-10	4.212754E-10	4.183490E-10	4.149593E-10	4.165937E-10	4.183804E-10	4.133466E-10	4.134475E-10	4.109919E-10	4.141902E-10	4.150237E-10	4.172494E-10	4.185798E-10	4.230837E-10	4.214797E-10	4.217017E-10	4.234898E-10	4.399873E-10	4.290199E-10	4.306280E-10	4.319338E-10	4.369115E-10	4.360100E-10	4.523449E-10	4.551557E-10
0:22:48	1	-1.999903E+1	1.515500E+1	1.589600E+1	2.158453E+0	2.387386E+0	2.800000E+2	1.918400E-8	1.823928E-8	5.748857E-10	5.552453E-10	5.623952E-10	5.503385E-10	5.594311E-10	5.627730E-10	5.694476E-10	5.781353E-10	5.649117E-10	5.602838E-10	5.569679E-10	5.568477E-10	5.609022E-10	5.548307E-10	5.547049E-10	5.564283E-10	5.634450E-10	5.582117E-10	5.614355E-10	5.622643E-10	5.668882E-10	5.687560E-10	5.677867E-10	5.705283E-10	5.923255E-10	5.796258E-10	5.812848E-10	5.839526E-10	5.890948E-10	5.892251E-10	6.100883E-10	6.158434E-10
0:23:02	1	-1.999895E+1	1.516600E+1	1.589800E+1	2.152461E+0	2.382129E+0	3.000000E+2	2.614900E-8	2.508933E-8	7.804720E-10	7.602307E-10	7.695401E-10	7.527914E-10	7.664777E-10	7.719668E-10	7.856038E-10	7.757304E-10	7.751061E-10	7.693959E-10	7.668821E-10	7.634707E-10	7.708839E-10	7.641545E-10	7.637406E-10	7.596458E-10	7.763052E-10	7.693104E-10	7.747846E-10	7.749706E-10	7.732876E-10	7.873379E-10	7.856509E-10	7.899523E-10	8.181830E-10	8.000077E-10	8.029752E-10	8.097963E-10	8.154124E-10	8.163859E-10	8.454182E-10	8.534572E-10
0:23:16	1	-1.999873E+1	1.514100E+1	1.588500E+1	2.155578E+0	2.384206E+0	3.200000E+2	3.656200E-8	3.558642E-8	1.095788E-9	1.069632E-9	1.086294E-9	1.061123E-9	1.080089E-9	1.087015E-9	1.105922E-9	1.121203E-9	1.096166E-9	1.086380E-9	1.078908E-9	1.084457E-9	1.093616E-9	1.083283E-9	1.077357E-9	1.074821E-9	1.098065E-9	1.090931E-9	1.099060E-9	1.103527E-9	1.107465E-9	1.116850E-9	1.116302E-9	1.126327E-9	1.163590E-9	1.135448E-9	1.142553E-9	1.151696E-9	1.162655E-9	1.163876E-9	1.207947E-9	1.218076E-9
0:23:30	1	-2.000002E+1	1.512200E+1	1.589500E+1	2.149269E+0	2.378949E+0	3.400000E+2	5.322500E-8	5.222781E-8	1.590836E-9	1.559050E-9	1.581180E-9	1.548491E-9	1.577304E-9	1.588249E-9	1.613087E-9	1.616014E-9	1.599337E-9	1.590105E-9	1.580994E-9	1.560285E-9	1.598713E-9	1.586934E-9	1.589939E-9	1.574226E-9	1.615898E-9	1.604267E-9	1.619173E-9	1.624731E-9	1.636304E-9	1.648881E-9	1.649336E-9	1.658207E-9	1.712156E-9	1.675695E-9	1.689867E-9	1.701332E-9	1.718852E-9	1.722686E-9	1.789497E-9	1.806188E-9
0:23:43	1	-1.999986E+1	1.510900E+1	1.586500E+1	2.150954E+0	2.380342E+0	3.600000E+2	8.144100E-8	8.047235E-8	2.421382E-9	2.381137E-9	2.412164E-9	2.362609E-9	2.409041E-9	2.425906E-9	2.465649E-9	2.458837E-9	2.449306E-9	2.437548E-9	2.428050E-9	2.409198E-9	2.455428E-9	2.437673E-9	2.432227E-9	2.419819E-9	2.498634E-9	2.476486E-9	2.503059E-9	2.518437E-9	2.524498E-9	2.553954E-9	2.552956E-9	2.571533E-9	2.655250E-9	2.599179E-9	2.620202E-9	2.643015E-9	2.670473E-9	2.681137E-9	2.784132E-9	2.813433E-9
0:23:57	1	-2.000032E+1	1.512900E+1	1.588300E+1	2.153690E+0	2.382141E+0	3.620000E+2	8.521600E-8	8.446431E-8	2.538238E-9	2.492615E-9	2.529359E-9	2.476841E-9	2.525045E-9	2.542132E-9	2.583582E-9	2.596126E-9	2.572151E-9	2.553890E-9	2.545210E-9	2.526908E-9	2.575590E-9	2.556123E-9	2.553912E-9	2.537978E-9	2.617291E-9	2.599281E-9	2.628600E-9	2.642500E-9	2.658648E-9	2.682079E-9	2.683372E-9	2.700443E-9	2.786338E-9	2.726170E-9	2.750527E-9	2.778951E-9	2.806744E-9	2.816547E-9	2.926885E-9	2.954241E-9
0:24:10	1	-1.999948E+1	1.513900E+1	1.589700E+1	2.155730E+0	2.385929E+0	3.640000E+2	8.907300E-8	8.855199E-8	2.654654E-9	2.610083E-9	2.649145E-9	2.594681E-9	2.647195E-9	2.663386E-9	2.708841E-9	2.717498E-9	2.691131E-9	2.678699E-9	2.668250E-9	2.656174E-9	2.700692E-9	2.682209E-9	2.657353E-9	2.661580E-9	2.747478E-9	2.724720E-9	2.757919E-9	2.771453E-9	2.788065E-9	2.811591E-9	2.813724E-9	2.836592E-9	2.922597E-9	2.861891E-9	2.886597E-9	2.912166E-9	2.942004E-9	2.955124E-9	3.075534E-9	3.102963E-9
0:24:24	1	-1.999926E+1	1.514100E+1	1.588900E+1	2.156148E+0	2.386170E+0	3.660000E+2	9.318000E-8	9.317126E-8	2.792068E-9	2.742620E-9	2.783091E-9	2.727328E-9	2.782649E-9	2.800040E-9	2.846102E-9	2.858846E-9	2.830901E-9	2.813683E-9	2.803303E-9	2.808173E-9	2.841187E-9	2.818014E-9	2.780367E-9	2.798028E-9	2.891411E-9	2.871243E-9	2.902735E-9	2.917081E-9	2.932059E-9	2.959434E-9	2.962337E-9	2.984511E-9	3.076321E-9	3.012434E-9	3.039338E-9	3.065704E-9	3.103596E-9	3.113408E-9	3.241243E-9	3.272008E-9
0:24:37	1	-1.999941E+1	1.512700E+1	1.587000E+1	2.145899E+0	2.375884E+0	3.680000E+2	9.797000E-8	9.794502E-8	2.929988E-9	2.878499E-9	2.922220E-9	2.863521E-9	2.919245E-9	2.937324E-9	2.984942E-9	3.017315E-9	2.970607E-9	2.957262E-9	2.941075E-9	2.940217E-9	2.983645E-9	2.959246E-9	2.934547E-9	2.937452E-9	3.038513E-9	3.016885E-9	3.052338E-9	3.069292E-9	3.092207E-9	3.116095E-9	3.117268E-9	3.136773E-9	3.237928E-9	3.169069E-9	3.197256E-9	3.228233E-9	3.266388E-9	3.277395E-9	3.410340E-9	3.441940E-9
0:24:51	1	-1.998740E+1	1.510900E+1	1.586100E+1	2.154387E+0	2.383788E+0	3.700000E+2	1.035400E-7	1.031873E-7	3.081151E-9	3.030962E-9	3.075382E-9	3.013826E-9	3.073199E-9	3.092521E-9	3.140901E-9	3.149594E-9	3.127556E-9	3.114995E-9	3.096677E-9	3.079208E-9	3.141369E-9	3.117454E-9	3.095821E-9	3.095926E-9	3.202529E-9	3.180843E-9	3.219640E-9	3.237050E-9	3.256328E-9	3.286237E-9	3.291155E-9	3.310311E-9	3.411640E-9	3.343478E-9	3.378031E-9	3.404944E-9	3.445030E-9	3.457413E-9	3.601325E-9	3.634791E-9
0:25:04	1	-1.999948E+1	1.512700E+1	1.587500E+1	2.144012E+0	2.374617E+0	3.720000E+2	1.086900E-7	1.086811E-7	3.242656E-9	3.186955E-9	3.234612E-9	3.170903E-9	3.234946E-9	3.252245E-9	3.304629E-9	3.318653E-9	3.291096E-9	3.271718E-9	3.263975E-9	3.269729E-9	3.308658E-9	3.281151E-9	3.250380E-9	3.256107E-9	3.375985E-9	3.348136E-9	3.389211E-9	3.405497E-9	3.426067E-9	3.463245E-9	3.464600E-9	3.491150E-9	3.594369E-9	3.523351E-9	3.558048E-9	3.591089E-9	3.635670E-9	3.646999E-9	3.796011E-9	3.833276E-9
0:25:18	1	-1.999971E+1	1.514700E+1	1.590600E+1	2.144417E+0	2.374642E+0	3.740000E+2	1.156200E-7	1.148258E-7	3.415323E-9	3.358145E-9	3.413818E-9	3.343105E-9	3.410441E-9	3.431204E-9	3.485917E-9	3.504960E-9	3.477202E-9	3.460797E-9	3.444489E-9	3.434043E-9	3.493619E-9	3.468514E-9	3.425527E-9	3.437554E-9	3.566291E-9	3.542871E-9	3.583662E-9	3.606731E-9	3.629312E-9	3.663748E-9	3.666920E-9	3.692069E-9	3.805662E-9	3.723698E-9	3.760861E-9	3.800092E-9	3.846326E-9	3.858953E-9	4.020554E-9	4.053352E-9
0:25:31	1	-1.999766E+1	1.514700E+1	1.590700E+1	2.148078E+0	2.376796E+0	3.760000E+2	1.219300E-7	1.212464E-7	3.601550E-9	3.540430E-9	3.598144E-9	3.524357E-9	3.595757E-9	3.617894E-9	3.677249E-9	3.696023E-9	3.667176E-9	3.649622E-9	3.633601E-9	3.614712E-9	3.683648E-9	3.658717E-9	3.626391E-9	3.626785E-9	3.762617E-9	3.740313E-9	3.784288E-9	3.811914E-9	3.837225E-9	3.872630E-9	3.874927E-9	3.901674E-9	4.020737E-9	3.937297E-9	3.976364E-9	4.018527E-9	4.067718E-9	4.084530E-9	4.252937E-9	4.290650E-9
0:25:45	1	-1.999865E+1	1.513700E+1	1.587500E+1	2.147077E+0	2.376454E+0	3.780000E+2	1.289800E-7	1.284863E-7	3.808712E-9	3.743399E-9	3.806932E-9	3.725734E-9	3.802676E-9	3.828345E-9	3.888668E-9	3.889432E-9	3.879398E-9	3.860377E-9	3.850976E-9	3.828344E-9	3.901294E-9	3.872394E-9	3.855571E-9	3.844243E-9	3.991568E-9	3.965510E-9	4.016912E-9	4.038538E-9	4.061356E-9	4.109166E-9	4.114211E-9	4.139729E-9	4.264630E-9	4.178407E-9	4.222051E-9	4.268054E-9	4.318160E-9	4.337546E-9	4.515802E-9	4.558147E-9
0:25:58	1	-1.999751E+1	1.512300E+1	1.587800E+1	2.156236E+0	2.384269E+0	3.800000E+2	1.367800E-7	1.364193E-7	4.033912E-9	3.970200E-9	4.029880E-9	3.950528E-9	4.027463E-9	4.058093E-9	4.123143E-9	4.127864E-9	4.113743E-9	4.093376E-9	4.085423E-9	4.075826E-9	4.137627E-9	4.108854E-9	4.074995E-9	4.076953E-9	4.240794E-9	4.215446E-9	4.269066E-9	4.292057E-9	4.315145E-9	4.365798E-9	4.370242E-9	4.401706E-9	4.533113E-9	4.443254E-9	4.486427E-9	4.537268E-9	4.593543E-9	4.616919E-9	4.802312E-9	4.848373E-9
0:26:12	1	-2.000032E+1	1.513000E+1	1.588300E+1	2.154944E+0	2.382509E+0	3.820000E+2	1.446200E-7	1.447784E-7	4.269833E-9	4.206651E-9	4.267180E-9	4.187092E-9	4.270308E-9	4.295324E-9	4.369557E-9	4.397942E-9	4.358993E-9	4.343312E-9	4.321325E-9	4.317751E-9	4.388720E-9	4.355349E-9	4.322862E-9	4.322385E-9	4.493248E-9	4.469848E-9	4.529217E-9	4.559617E-9	4.586285E-9	4.640380E-9	4.644278E-9	4.673437E-9	4.813322E-9	4.718152E-9	4.767471E-9	4.820158E-9	4.884649E-9	4.910232E-9	5.111276E-9	5.162215E-9
0:26:25	1	-1.999986E+1	1.510700E+1	1.587600E+1	2.146165E+0	2.377011E+0	3.840000E+2	1.544500E-7	1.542630E-7	4.535646E-9	4.466240E-9	4.532606E-9	4.447074E-9	4.537542E-9	4.568633E-9	4.646354E-9	4.662437E-9	4.635553E-9	4.622255E-9	4.606100E-9	4.597817E-9	4.669393E-9	4.637119E-9	4.611332E-9	4.604397E-9	4.793595E-9	4.767929E-9	4.831382E-9	4.865793E-9	4.894338E-9	4.949986E-9	4.953509E-9	4.985326E-9	5.131301E-9	5.032113E-9	5.091705E-9	5.148319E-9	5.218505E-9	5.244035E-9	5.460947E-9	5.513728E-9
0:26:39	1	-1.999994E+1	1.513200E+1	1.587700E+1	2.146862E+0	2.377847E+0	3.860000E+2	1.646200E-7	1.643253E-7	4.823341E-9	4.750231E-9	4.822178E-9	4.725787E-9	4.822009E-9	4.855016E-9	4.934521E-9	4.942786E-9	4.931193E-9	4.915983E-9	4.899537E-9	4.892407E-9	4.971919E-9	4.937252E-9	4.878137E-9	4.899130E-9	5.110541E-9	5.084012E-9	5.156603E-9	5.187643E-9	5.219996E-9	5.280003E-9	5.290606E-9	5.319058E-9	5.477341E-9	5.366046E-9	5.435072E-9	5.496931E-9	5.571307E-9	5.601791E-9	5.834076E-9	5.892845E-9
0:26:52	1	-1.999956E+1	1.513200E+1	1.586600E+1	2.148002E+0	2.378620E+0	3.880000E+2	1.757800E-7	1.759124E-7	5.141116E-9	5.066253E-9	5.144938E-9	5.047092E-9	5.153169E-9	5.181002E-9	5.271073E-9	5.288577E-9	5.265059E-9	5.248515E-9	5.231416E-9	5.228802E-9	5.316380E-9	5.279479E-9	5.220196E-9	5.238100E-9	5.472214E-9	5.445161E-9	5.523272E-9	5.559896E-9	5.597586E-9	5.661861E-9	5.667319E-9	5.707552E-9	5.870920E-9	5.761152E-9	5.829077E-9	5.902398E-9	5.980623E-9	6.017018E-9	6.262275E-9	6.332872E-9
0:27:06	1	-1.999911E+1	1.513700E+1	1.587200E+1	2.145684E+0	2.375123E+0	3.900000E+2	1.883600E-7	1.883660E-7	5.485443E-9	5.409326E-9	5.492731E-9	5.383334E-9	5.498586E-9	5.536594E-9	5.626891E-9	5.642041E-9	5.631820E-9	5.616055E-9	5.599399E-9	5.575679E-9	5.681805E-9	5.648083E-9	5.613120E-9	5.602387E-9	5.856755E-9	5.830980E-9	5.915136E-9	5.963681E-9	6.003002E-9	6.076033E-9	6.081501E-9	6.122922E-9	6.293507E-9	6.172522E-9	6.253896E-9	6.331991E-9	6.419178E-9	6.464118E-9	6.735380E-9	6.802083E-9
0:27:19	1	-1.999933E+1	1.514100E+1	1.588300E+1	2.145329E+0	2.375516E+0	3.920000E+2	2.025300E-7	2.027526E-7	5.886337E-9	5.801642E-9	5.894820E-9	5.782355E-9	5.897410E-9	5.932855E-9	6.039812E-9	6.046044E-9	6.048468E-9	6.031497E-9	6.012335E-9	5.998020E-9	6.107849E-9	6.067551E-9	6.017573E-9	6.018569E-9	6.309275E-9	6.283706E-9	6.376860E-9	6.427837E-9	6.467986E-9	6.550681E-9	6.558871E-9	6.604260E-9	6.787342E-9	6.663722E-9	6.749562E-9	6.837560E-9	6.931423E-9	6.983453E-9	7.278107E-9	7.358792E-9
0:27:33	1	-1.999933E+1	1.515300E+1	1.589000E+1	2.153525E+0	2.381939E+0	3.940000E+2	2.183200E-7	2.183942E-7	6.308485E-9	6.222899E-9	6.325485E-9	6.196248E-9	6.328865E-9	6.372868E-9	6.477116E-9	6.505663E-9	6.498713E-9	6.483151E-9	6.466372E-9	6.470881E-9	6.568355E-9	6.525389E-9	6.466052E-9	6.470195E-9	6.801386E-9	6.774761E-9	6.876753E-9	6.937755E-9	6.979410E-9	7.070933E-9	7.080405E-9	7.125313E-9	7.324938E-9	7.193040E-9	7.283869E-9	7.391754E-9	7.499997E-9	7.549740E-9	7.870007E-9	7.947412E-9
0:27:46	1	-2.000032E+1	1.513300E+1	1.589700E+1	2.151410E+0	2.380140E+0	3.960000E+2	2.368400E-7	2.367351E-7	6.804478E-9	6.706896E-9	6.822645E-9	6.692795E-9	6.834064E-9	6.881016E-9	6.994198E-9	7.029136E-9	7.024135E-9	7.005961E-9	6.998238E-9	6.982766E-9	7.104109E-9	7.065201E-9	7.012079E-9	7.004472E-9	7.366605E-9	7.346252E-9	7.469495E-9	7.527917E-9	7.591856E-9	7.679058E-9	7.691095E-9	7.741665E-9	7.954779E-9	7.815310E-9	7.927474E-9	8.039907E-9	8.158552E-9	8.222289E-9	8.570855E-9	8.669750E-9
0:28:00	1	-2.000002E+1	1.512700E+1	1.588600E+1	2.151600E+0	2.382078E+0	3.980000E+2	2.570700E-7	2.569192E-7	7.350165E-9	7.245810E-9	7.368732E-9	7.226804E-9	7.377592E-9	7.430087E-9	7.551265E-9	7.581146E-9	7.597795E-9	7.582866E-9	7.567725E-9	7.564559E-9	7.700356E-9	7.648429E-9	7.584837E-9	7.579950E-9	8.007339E-9	7.974893E-9	8.119495E-9	8.193744E-9	8.254656E-9	8.370589E-9	8.374641E-9	8.424677E-9	8.651524E-9	8.505915E-9	8.629489E-9	8.765497E-9	8.900402E-9	8.974933E-9	9.352612E-9	9.460718E-9
0:28:13	1	-2.000017E+1	1.512100E+1	1.588900E+1	2.152233E+0	2.382699E+0	4.000000E+2	2.815100E-7	2.808813E-7	7.978843E-9	7.873819E-9	8.007677E-9	7.859606E-9	8.025722E-9	8.083251E-9	8.216916E-9	8.250912E-9	8.272114E-9	8.261008E-9	8.246468E-9	8.256735E-9	8.394788E-9	8.345501E-9	8.247986E-9	8.270929E-9	8.751591E-9	8.730485E-9	8.892455E-9	8.981632E-9	9.046688E-9	9.171722E-9	9.187714E-9	9.247864E-9	9.481497E-9	9.329725E-9	9.476664E-9	9.628352E-9	9.788623E-9	9.863618E-9	1.030020E-8	1.041022E-8
0:28:27	1	-2.000283E+1	1.514300E+1	1.588500E+1	2.144987E+0	2.374756E+0	4.020000E+2	3.084600E-7	3.077804E-7	8.686228E-9	8.561730E-9	8.720836E-9	8.552910E-9	8.740885E-9	8.797768E-9	8.946178E-9	9.003246E-9	9.019332E-9	9.013597E-9	9.009812E-9	9.011683E-9	9.174920E-9	9.113887E-9	9.029150E-9	9.033172E-9	9.589537E-9	9.590114E-9	9.767269E-9	9.856217E-9	9.949582E-9	1.009090E-8	1.009911E-8	1.016553E-8	1.042175E-8	1.025842E-8	1.042960E-8	1.060366E-8	1.078565E-8	1.089158E-8	1.136897E-8	1.149718E-8
0:28:40	1	-1.999933E+1	1.515000E+1	1.587300E+1	2.144835E+0	2.374503E+0	4.040000E+2	3.409600E-7	3.405147E-7	9.522763E-9	9.409353E-9	9.573183E-9	9.392594E-9	9.600685E-9	9.672572E-9	9.832532E-9	9.869403E-9	9.933258E-9	9.930615E-9	9.921105E-9	9.915407E-9	1.011037E-8	1.003966E-8	9.970063E-9	9.962684E-9	1.061177E-8	1.061981E-8	1.082967E-8	1.094571E-8	1.104670E-8	1.121330E-8	1.121718E-8	1.129457E-8	1.157652E-8	1.139883E-8	1.161074E-8	1.180930E-8	1.201960E-8	1.214360E-8	1.268506E-8	1.283612E-8
0:28:54	1	-2.000032E+1	1.515000E+1	1.588000E+1	2.149383E+0	2.378493E+0	4.060000E+2	3.797400E-7	3.793658E-7	1.050510E-8	1.037387E-8	1.056087E-8	1.036986E-8	1.060082E-8	1.067228E-8	1.085495E-8	1.088807E-8	1.101231E-8	1.100714E-8	1.100697E-8	1.100997E-8	1.121229E-8	1.114818E-8	1.103647E-8	1.104966E-8	1.183394E-8	1.185116E-8	1.209736E-8	1.223674E-8	1.235735E-8	1.255673E-8	1.257669E-8	1.265499E-8	1.294037E-8	1.277495E-8	1.299753E-8	1.326712E-8	1.351144E-8	1.366542E-8	1.427385E-8	1.446136E-8
0:29:07	1	-2.000017E+1	1.512000E+1	1.587100E+1	2.149560E+0	2.378455E+0	4.080000E+2	4.253600E-7	4.249235E-7	1.163009E-8	1.149219E-8	1.170323E-8	1.149681E-8	1.174268E-8	1.183648E-8	1.203907E-8	1.208321E-8	1.222492E-8	1.223381E-8	1.225590E-8	1.226796E-8	1.250613E-8	1.242767E-8	1.231874E-8	1.231567E-8	1.325384E-8	1.328719E-8	1.359263E-8	1.377038E-8	1.390664E-8	1.414798E-8	1.415165E-8	1.425460E-8	1.455372E-8	1.438747E-8	1.468525E-8	1.498796E-8	1.528839E-8	1.547714E-8	1.619205E-8	1.641210E-8
0:29:21	1	-2.000024E+1	1.513500E+1	1.588900E+1	2.149016E+0	2.377834E+0	4.100000E+2	4.833300E-7	4.830761E-7	1.303420E-8	1.287835E-8	1.312974E-8	1.288493E-8	1.318720E-8	1.328563E-8	1.351711E-8	1.357031E-8	1.376518E-8	1.379112E-8	1.380996E-8	1.383779E-8	1.411650E-8	1.403619E-8	1.392021E-8	1.390427E-8	1.507056E-8	1.513863E-8	1.550528E-8	1.573822E-8	1.590905E-8	1.618509E-8	1.622390E-8	1.632837E-8	1.665807E-8	1.646110E-8	1.685708E-8	1.723582E-8	1.761806E-8	1.784164E-8	1.870473E-8	1.893176E-8
0:29:34	1	-1.999903E+1	1.511400E+1	1.586400E+1	2.155844E+0	2.384561E+0	4.103428E+2	4.924000E-7	4.920994E-7	1.323834E-8	1.308800E-8	1.333170E-8	1.309922E-8	1.339367E-8	1.350607E-8	1.373567E-8	1.379657E-8	1.400504E-8	1.402690E-8	1.405364E-8	1.409531E-8	1.435296E-8	1.429631E-8	1.415699E-8	1.414673E-8	1.536654E-8	1.542387E-8	1.581154E-8	1.604333E-8	1.621584E-8	1.650383E-8	1.654235E-8	1.664485E-8	1.696262E-8	1.679559E-8	1.718631E-8	1.760527E-8	1.799442E-8	1.822715E-8	1.908864E-8	1.936412E-8
0:29:48	1	-1.999948E+1	1.512800E+1	1.587300E+1	2.156198E+0	2.384536E+0	4.106857E+2	5.059200E-7	5.064086E-7	1.357919E-8	1.343315E-8	1.367374E-8	1.343869E-8	1.373903E-8	1.384885E-8	1.409730E-8	1.416456E-8	1.437466E-8	1.440734E-8	1.444166E-8	1.448753E-8	1.475589E-8	1.468921E-8	1.453693E-8	1.453778E-8	1.580683E-8	1.587741E-8	1.628863E-8	1.650084E-8	1.670682E-8	1.701891E-8	1.705018E-8	1.715659E-8	1.746825E-8	1.731688E-8	1.772030E-8	1.815326E-8	1.857233E-8	1.884806E-8	1.972439E-8	1.999346E-8
0:30:01	1	-1.999918E+1	1.513700E+1	1.589900E+1	2.145253E+0	2.375997E+0	4.110285E+2	5.163700E-7	5.162293E-7	1.380963E-8	1.365062E-8	1.391786E-8	1.366608E-8	1.397737E-8	1.409362E-8	1.433329E-8	1.439614E-8	1.463575E-8	1.466719E-8	1.469350E-8	1.473185E-8	1.501160E-8	1.495091E-8	1.480285E-8	1.479663E-8	1.612739E-8	1.617764E-8	1.661543E-8	1.684952E-8	1.707242E-8	1.736461E-8	1.740926E-8	1.752022E-8	1.782860E-8	1.767254E-8	1.809233E-8	1.854201E-8	1.897029E-8	1.924776E-8	2.016337E-8	2.044101E-8
0:30:15	1	-1.999873E+1	1.513700E+1	1.589600E+1	2.144911E+0	2.375884E+0	4.113714E+2	5.319900E-7	5.319519E-7	1.415931E-8	1.401160E-8	1.427122E-8	1.403124E-8	1.435516E-8	1.446920E-8	1.472587E-8	1.477136E-8	1.503827E-8	1.507992E-8	1.510707E-8	1.514320E-8	1.545222E-8	1.537392E-8	1.523442E-8	1.522623E-8	1.660841E-8	1.666284E-8	1.712748E-8	1.739028E-8	1.761925E-8	1.792663E-8	1.797623E-8	1.807841E-8	1.843297E-8	1.824048E-8	1.868631E-8	1.915971E-8	1.964589E-8	1.991689E-8	2.087219E-8	2.115772E-8
0:30:28	1	-2.000093E+1	1.513900E+1	1.591300E+1	2.146824E+0	2.376454E+0	4.117142E+2	5.423400E-7	5.427730E-7	1.441762E-8	1.425751E-8	1.453133E-8	1.428078E-8	1.461878E-8	1.472346E-8	1.496496E-8	1.501955E-8	1.532357E-8	1.535488E-8	1.538779E-8	1.544632E-8	1.575164E-8	1.566945E-8	1.553201E-8	1.551438E-8	1.694747E-8	1.703003E-8	1.749894E-8	1.775345E-8	1.797084E-8	1.833299E-8	1.836254E-8	1.846558E-8	1.881237E-8	1.863911E-8	1.911839E-8	1.959437E-8	2.005988E-8	2.037521E-8	2.136518E-8	2.165263E-8
0:30:42	1	-2.000032E+1	1.516600E+1	1.589200E+1	2.146964E+0	2.376327E+0	4.120570E+2	5.600200E-7	5.597631E-7	1.479335E-8	1.463432E-8	1.493109E-8	1.466721E-8	1.501514E-8	1.513701E-8	1.539418E-8	1.546776E-8	1.575899E-8	1.579876E-8	1.584113E-8	1.590112E-8	1.619371E-8	1.612665E-8	1.598961E-8	1.596683E-8	1.746518E-8	1.757376E-8	1.806302E-8	1.834016E-8	1.857919E-8	1.892663E-8	1.900255E-8	1.908093E-8	1.943098E-8	1.925485E-8	1.975903E-8	2.026000E-8	2.076176E-8	2.109687E-8	2.211765E-8	2.243373E-8
0:30:55	1	-2.000002E+1	1.514800E+1	1.589100E+1	2.154311E+0	2.382179E+0	4.123999E+2	5.718600E-7	5.715398E-7	1.508225E-8	1.489718E-8	1.520037E-8	1.493712E-8	1.529162E-8	1.541277E-8	1.566623E-8	1.574398E-8	1.604962E-8	1.610273E-8	1.614444E-8	1.619015E-8	1.651518E-8	1.645594E-8	1.630804E-8	1.627219E-8	1.784541E-8	1.794744E-8	1.846723E-8	1.874363E-8	1.898820E-8	1.935548E-8	1.942255E-8	1.953230E-8	1.984985E-8	1.969052E-8	2.020639E-8	2.075708E-8	2.126889E-8	2.158109E-8	2.262456E-8	2.298936E-8
0:31:09	1	-1.999911E+1	1.512000E+1	1.587600E+1	2.153931E+0	2.382065E+0	4.127427E+2	5.831300E-7	5.840281E-7	1.535127E-8	1.519252E-8	1.548767E-8	1.522634E-8	1.557590E-8	1.570437E-8	1.597569E-8	1.604165E-8	1.637138E-8	1.640429E-8	1.647100E-8	1.655035E-8	1.686027E-8	1.678548E-8	1.662052E-8	1.660439E-8	1.822894E-8	1.835560E-8	1.885714E-8	1.917469E-8	1.942384E-8	1.979851E-8	1.986434E-8	1.998739E-8	2.033978E-8	2.016596E-8	2.067496E-8	2.126569E-8	2.177571E-8	2.213471E-8	2.320498E-8	2.355272E-8
0:31:22	1	-2.000070E+1	1.514100E+1	1.589300E+1	2.149459E+0	2.380178E+0	4.130856E+2	6.030500E-7	6.035758E-7	1.579329E-8	1.561580E-8	1.592826E-8	1.564903E-8	1.603650E-8	1.615394E-8	1.641641E-8	1.652124E-8	1.685604E-8	1.691573E-8	1.697303E-8	1.706458E-8	1.738443E-8	1.730964E-8	1.713056E-8	1.713431E-8	1.883679E-8	1.896851E-8	1.953202E-8	1.984792E-8	2.011939E-8	2.053136E-8	2.056128E-8	2.068438E-8	2.101994E-8	2.086303E-8	2.145521E-8	2.202756E-8	2.257729E-8	2.301605E-8	2.413407E-8	2.451818E-8
0:31:36	1	-1.999804E+1	1.513900E+1	1.589000E+1	2.150967E+0	2.380723E+0	4.134284E+2	6.163900E-7	6.171353E-7	1.609322E-8	1.591518E-8	1.622624E-8	1.595939E-8	1.633617E-8	1.647345E-8	1.675176E-8	1.683190E-8	1.719827E-8	1.724978E-8	1.731629E-8	1.740141E-8	1.774853E-8	1.766664E-8	1.749638E-8	1.748941E-8	1.928095E-8	1.939712E-8	1.998260E-8	2.031000E-8	2.058923E-8	2.100745E-8	2.107372E-8	2.118365E-8	2.152323E-8	2.137652E-8	2.198586E-8	2.258942E-8	2.320289E-8	2.358310E-8	2.475457E-8	2.514099E-8
0:31:49	1	-1.999956E+1	1.512900E+1	1.587200E+1	2.145203E+0	2.374680E+0	4.137712E+2	6.381400E-7	6.388753E-7	1.657086E-8	1.638543E-8	1.671164E-8	1.644037E-8	1.681533E-8	1.697047E-8	1.724793E-8	1.733185E-8	1.775082E-8	1.780690E-8	1.787054E-8	1.795801E-8	1.831304E-8	1.823838E-8	1.808440E-8	1.805806E-8	1.995577E-8	2.008355E-8	2.071467E-8	2.106165E-8	2.137192E-8	2.180355E-8	2.185830E-8	2.199841E-8	2.232748E-8	2.217163E-8	2.284421E-8	2.348330E-8	2.411593E-8	2.456575E-8	2.579311E-8	2.617204E-8
0:32:03	1	-2.000002E+1	1.512300E+1	1.587800E+1	2.145038E+0	2.374807E+0	4.141141E+2	6.538900E-7	6.540021E-7	1.688624E-8	1.671204E-8	1.705741E-8	1.675515E-8	1.719597E-8	1.728929E-8	1.761240E-8	1.766730E-8	1.814085E-8	1.818803E-8	1.826128E-8	1.836355E-8	1.871540E-8	1.863406E-8	1.845167E-8	1.845139E-8	2.041703E-8	2.055773E-8	2.119523E-8	2.159176E-8	2.189300E-8	2.238799E-8	2.240915E-8	2.254779E-8	2.288235E-8	2.274887E-8	2.341413E-8	2.410118E-8	2.477114E-8	2.523824E-8	2.653046E-8	2.693395E-8
0:32:16	1	-1.999986E+1	1.513500E+1	1.588900E+1	2.151904E+0	2.379735E+0	4.144569E+2	6.772000E-7	6.779762E-7	1.740525E-8	1.721905E-8	1.758358E-8	1.729473E-8	1.772943E-8	1.786156E-8	1.814004E-8	1.823872E-8	1.869930E-8	1.877820E-8	1.885891E-8	1.897389E-8	1.934547E-8	1.927023E-8	1.909728E-8	1.906225E-8	2.116350E-8	2.134700E-8	2.201777E-8	2.242930E-8	2.274839E-8	2.325155E-8	2.332086E-8	2.343505E-8	2.376674E-8	2.363988E-8	2.435652E-8	2.510137E-8	2.579184E-8	2.632399E-8	2.763567E-8	2.808884E-8
0:32:30	1	-2.000222E+1	1.513200E+1	1.587000E+1	2.150333E+0	2.378759E+0	4.147998E+2	6.941000E-7	6.944340E-7	1.774050E-8	1.756811E-8	1.792581E-8	1.765021E-8	1.808283E-8	1.821187E-8	1.854171E-8	1.859567E-8	1.910447E-8	1.918360E-8	1.928443E-8	1.937495E-8	1.975929E-8	1.969898E-8	1.954284E-8	1.949096E-8	2.165187E-8	2.185265E-8	2.258317E-8	2.300504E-8	2.335206E-8	2.384790E-8	2.392435E-8	2.405273E-8	2.440031E-8	2.425405E-8	2.502046E-8	2.578093E-8	2.654626E-8	2.705502E-8	2.843882E-8	2.891210E-8
0:32:43	1	-1.999888E+1	1.513700E+1	1.589100E+1	2.152955E+0	2.382825E+0	4.151426E+2	7.117600E-7	7.120199E-7	1.810690E-8	1.791913E-8	1.831235E-8	1.800266E-8	1.844846E-8	1.860889E-8	1.893114E-8	1.900240E-8	1.954216E-8	1.962116E-8	1.970760E-8	1.982154E-8	2.023462E-8	2.017083E-8	1.995977E-8	1.994455E-8	2.220632E-8	2.242673E-8	2.316457E-8	2.360592E-8	2.398401E-8	2.449420E-8	2.458047E-8	2.470968E-8	2.504995E-8	2.492493E-8	2.571919E-8	2.654590E-8	2.732391E-8	2.787110E-8	2.928976E-8	2.978911E-8
0:32:57	1	-1.999911E+1	1.513500E+1	1.589000E+1	2.154374E+0	2.383814E+0	4.154854E+2	7.388800E-7	7.398647E-7	1.869452E-8	1.851101E-8	1.888998E-8	1.859628E-8	1.906263E-8	1.920102E-8	1.954941E-8	1.964857E-8	2.018967E-8	2.031093E-8	2.038774E-8	2.055249E-8	2.096990E-8	2.086575E-8	2.065694E-8	2.064407E-8	2.306663E-8	2.330864E-8	2.413173E-8	2.456583E-8	2.494331E-8	2.553943E-8	2.561084E-8	2.577527E-8	2.608561E-8	2.595199E-8	2.684299E-8	2.774597E-8	2.854782E-8	2.916734E-8	3.064397E-8	3.120637E-8
0:33:10	1	-1.999926E+1	1.514300E+1	1.590300E+1	2.143340E+0	2.373084E+0	4.158283E+2	7.599800E-7	7.599331E-7	1.910544E-8	1.891985E-8	1.932020E-8	1.900043E-8	1.947495E-8	1.964373E-8	1.998786E-8	2.008467E-8	2.069475E-8	2.078388E-8	2.088907E-8	2.102333E-8	2.145017E-8	2.136410E-8	2.118802E-8	2.114905E-8	2.367955E-8	2.392356E-8	2.477581E-8	2.528488E-8	2.571383E-8	2.630258E-8	2.638063E-8	2.653318E-8	2.682876E-8	2.674132E-8	2.766271E-8	2.858869E-8	2.944874E-8	3.010926E-8	3.165266E-8	3.222741E-8
0:33:24	1	-1.999971E+1	1.514400E+1	1.588100E+1	2.144101E+0	2.374376E+0	4.161711E+2	7.910400E-7	7.930253E-7	1.974863E-8	1.956394E-8	1.999455E-8	1.965981E-8	2.013759E-8	2.030337E-8	2.064447E-8	2.077302E-8	2.140837E-8	2.154380E-8	2.166569E-8	2.181945E-8	2.227002E-8	2.219560E-8	2.196240E-8	2.194439E-8	2.468779E-8	2.493557E-8	2.584212E-8	2.640158E-8	2.682199E-8	2.746945E-8	2.756107E-8	2.894497E-8	2.799475E-8	2.796212E-8	2.892283E-8	2.993154E-8	3.089448E-8	3.189430E-8	3.329345E-8	3.383221E-8
0:33:37	1	-1.999857E+1	1.514000E+1	1.589500E+1	2.144531E+0	2.375174E+0	4.165140E+2	8.137900E-7	8.141514E-7	2.020559E-8	2.000190E-8	2.042698E-8	2.010883E-8	2.064323E-8	2.079914E-8	2.116080E-8	2.125109E-8	2.193715E-8	2.207262E-8	2.223853E-8	2.236841E-8	2.284214E-8	2.275724E-8	2.252281E-8	2.251152E-8	2.535336E-8	2.566284E-8	2.659473E-8	2.715229E-8	2.765850E-8	2.830851E-8	2.841958E-8	2.860072E-8	2.886602E-8	2.880904E-8	2.984673E-8	3.095161E-8	3.190666E-8	3.270682E-8	3.440644E-8	3.505959E-8
0:33:51	1	-1.999911E+1	1.513500E+1	1.589400E+1	2.148712E+0	2.377416E+0	4.168568E+2	8.591900E-7	8.593163E-7	2.088257E-8	2.072689E-8	2.115019E-8	2.080637E-8	2.137366E-8	2.157475E-8	2.180573E-8	2.208129E-8	2.277172E-8	2.292423E-8	2.308122E-8	2.322698E-8	2.375263E-8	2.364685E-8	2.343813E-8	2.341888E-8	2.653328E-8	2.680985E-8	2.781077E-8	2.846106E-8	2.897641E-8	2.930737E-8	3.894684E-8	3.006336E-8	3.020188E-8	3.027152E-8	3.135828E-8	3.251833E-8	3.372099E-8	3.445479E-8	3.623188E-8	3.698760E-8
0:34:04	1	-1.999880E+1	1.514300E+1	1.587900E+1	2.147407E+0	2.376352E+0	4.171996E+2	9.336000E-7	8.952326E-7	2.139994E-8	2.120155E-8	2.172156E-8	2.137279E-8	2.191687E-8	2.205122E-8	2.246147E-8	2.267934E-8	2.334189E-8	2.352717E-8	2.368548E-8	2.388417E-8	2.443857E-8	2.434614E-8	2.412865E-8	2.401581E-8	2.725117E-8	2.771102E-8	2.872332E-8	2.937270E-8	2.999301E-8	3.121648E-8	4.848329E-8	3.099790E-8	3.138004E-8	3.116511E-8	3.241478E-8	3.379128E-8	3.468076E-8	3.576358E-8	3.778141E-8	3.833414E-8
0:34:18	1	-2.000040E+1	1.514400E+1	1.588700E+1	2.155882E+0	2.383991E+0	4.175425E+2	9.217000E-7	9.608124E-7	2.208715E-8	2.194823E-8	2.238352E-8	2.206318E-8	2.263311E-8	2.280955E-8	2.332413E-8	2.342260E-8	2.481236E-8	2.433676E-8	2.455966E-8	2.473309E-8	2.524202E-8	2.520798E-8	2.500280E-8	2.497001E-8	2.846511E-8	2.883538E-8	2.999434E-8	3.073526E-8	3.432520E-8	3.228659E-8	6.910103E-8	3.494175E-8	3.282138E-8	3.356821E-8	3.400299E-8	3.532337E-8	3.669748E-8	3.732374E-8	4.268044E-8	4.017395E-8
0:34:31	1	-1.999956E+1	1.512900E+1	1.588000E+1	2.155920E+0	2.383776E+0	4.178853E+2	1.023700E-6	1.063401E-6	2.293882E-8	2.261785E-8	2.308985E-8	2.304210E-8	2.340846E-8	2.369768E-8	2.383566E-8	2.416828E-8	2.638432E-8	2.525201E-8	2.499328E-8	2.549063E-8	2.620584E-8	2.613501E-8	2.584737E-8	2.610445E-8	3.768323E-8	3.000347E-8	3.127702E-8	4.772360E-8	3.777563E-8	7.051199E-8	3.306923E-8	3.419624E-8	3.408876E-8	4.434956E-8	3.554100E-8	4.519316E-8	3.983322E-8	5.459082E-8	4.166116E-8	5.269163E-8
0:34:45	1	-1.999850E+1	1.514800E+1	1.588700E+1	2.146812E+0	2.377581E+0	4.182282E+2	1.217500E-6	1.047611E-6	2.353187E-8	2.332998E-8	2.388246E-8	2.530946E-8	2.420294E-8	2.375394E-8	2.477583E-8	2.584118E-8	2.622325E-8	2.611696E-8	2.624094E-8	2.588651E-8	2.721597E-8	3.053416E-8	2.670055E-8	2.651956E-8	3.063008E-8	3.130639E-8	3.277072E-8	3.368464E-8	3.406630E-8	4.155489E-8	3.793972E-8	3.610239E-8	3.463361E-8	4.083946E-8	3.736606E-8	4.070597E-8	5.011712E-8	5.383811E-8	5.538151E-8	4.660813E-8
0:34:58	1	-1.999819E+1	1.512900E+1	1.587800E+1	2.146951E+0	2.377910E+0	4.185710E+2	1.535800E-6	1.242406E-6	2.472187E-8	2.404884E-8	2.476003E-8	2.490297E-8	2.470440E-8	2.397935E-8	2.457818E-8	2.759017E-8	2.887832E-8	2.704402E-8	2.833307E-8	2.931355E-8	2.850064E-8	2.658402E-8	2.785304E-8	4.414031E-8	3.200607E-8	3.295138E-8	3.411822E-8	3.510613E-8	9.270255E-8	3.516137E-8	3.908402E-8	1.029719E-7	4.580319E-8	3.480641E-8	3.910373E-8	4.170742E-8	4.388131E-8	6.048410E-8	4.729761E-8	8.528813E-8
0:35:13	1	-2.000024E+1	1.511900E+1	1.588300E+1	2.155362E+0	2.382965E+0	4.189138E+2	1.595100E-6	1.639592E-6	2.519933E-8	2.477875E-8	2.586605E-8	2.911994E-8	2.458897E-8	2.983238E-8	3.057556E-8	3.846094E-8	2.742357E-8	2.814557E-8	2.765881E-8	2.872866E-8	2.967508E-8	2.918905E-8	2.950487E-8	4.371198E-8	7.005803E-8	3.476128E-8	5.664069E-8	8.804337E-8	3.776736E-8	1.315370E-7	3.848192E-8	1.016982E-7	3.972816E-8	6.538954E-8	4.114297E-8	4.270267E-8	4.658904E-8	8.162832E-8	2.186104E-7	7.235328E-8
0:35:27	1	-1.999979E+1	1.513900E+1	1.586900E+1	2.147610E+0	2.378645E+0	4.192567E+2	1.920400E-6	2.082693E-6	2.605787E-8	2.598874E-8	2.703756E-8	2.822526E-8	2.679394E-8	2.781983E-8	2.161174E-8	2.947081E-8	6.658610E-8	2.903333E-8	4.478019E-8	2.985132E-8	4.149826E-8	3.537474E-8	3.063829E-8	3.022577E-8	4.629964E-8	3.662662E-8	3.801476E-8	3.844932E-8	4.036866E-8	3.087972E-7	4.285875E-8	9.384138E-8	8.021482E-8	4.048140E-8	5.129482E-8	4.619303E-8	4.461728E-8	2.637408E-7	3.116648E-7	7.823569E-8
0:35:42	1	-1.999986E+1	1.512600E+1	1.586300E+1	2.152537E+0	2.382509E+0	4.195995E+2	2.801300E-6	2.057167E-6	2.598447E-8	3.117265E-8	4.668693E-8	2.696042E-8	2.797065E-8	2.810735E-8	2.902753E-8	2.947392E-8	3.037453E-8	3.122007E-8	2.709413E-8	8.916963E-8	3.095011E-8	6.023068E-8	4.233925E-8	1.119316E-7	3.663293E-8	7.258976E-8	4.266317E-8	4.094757E-8	4.534049E-8	7.499654E-8	4.340024E-8	1.623110E-7	8.275235E-8	4.039769E-8	4.564632E-8	6.799293E-8	1.056012E-7	1.125052E-7	1.167121E-7	2.979835E-7
0:35:56	1	-1.999911E+1	1.514400E+1	1.587000E+1	2.144493E+0	2.375592E+0	4.199424E+2	3.042000E-6	3.262424E-6	4.282072E-8	4.201591E-8	4.551953E-8	3.100227E-8	2.656827E-8	8.183289E-8	2.802090E-8	2.786982E-8	2.870850E-8	2.982567E-8	2.876744E-8	2.931285E-8	4.790573E-8	3.956596E-8	3.319208E-8	8.674054E-8	1.898376E-7	3.665734E-8	1.371167E-7	4.078972E-8	6.266413E-8	1.835794E-7	7.220680E-8	6.864617E-7	6.650542E-8	4.232498E-8	3.910991E-7	5.491251E-8	9.416479E-8	3.399290E-7	1.057998E-7	1.087064E-7
0:36:11	1	-2.000085E+1	1.513600E+1	1.586900E+1	2.144367E+0	2.374959E+0	4.202852E+2	4.888000E-6	6.007616E-6	7.349966E-8	5.774895E-8	3.337013E-8	4.460552E-8	2.657815E-8	2.590660E-8	4.379498E-8	4.738297E-8	8.016824E-8	3.496777E-8	2.454835E-8	6.624138E-8	7.005802E-8	7.628945E-8	6.436185E-8	3.829717E-8	1.128360E-7	4.256838E-8	2.160947E-7	8.705061E-8	3.492921E-7	4.686692E-7	8.007129E-8	7.294143E-7	2.407685E-7	6.813493E-8	1.323121E-7	3.394257E-7	7.120136E-7	4.366480E-7	4.332158E-7	7.512819E-7
