APD#	0010	Started	06/11/07 15:26	Sense_ohms	1.004464E+6	1.004628E+6	1.002105E+6	1.000924E+6	9.998282E+5	1.007735E+6	1.002821E+6	9.989270E+5	9.993226E+5	1.002376E+6	1.001862E+6	1.003102E+6	1.000030E+6	1.003780E+6	1.000011E+6	1.000898E+6	9.999006E+5	1.006439E+6	1.005624E+6	1.010450E+6	1.003884E+6	1.005600E+6	1.002519E+6	1.006362E+6	1.004620E+6	1.008599E+6	1.003214E+6	1.000475E+6	1.003139E+6	9.996927E+5	1.009944E+6	1.000506E+6	
ElapTime	Shutter_Open	DegC	BiasV	KE237_Amps	Pixel_Sum	A1	A2	A3	A4	A5	A6	A7	A8	B1	B2	B3	B4	B5	B6	B7	B8	C1	C2	C3	C4	C5	C6	C7	C8	D1	D2	D3	D4	D5	D6	D7	D8
0:00:00	0	3.031470E+1	0.000000E+0	7.862000E-11	-2.910123E-10	0.000000E+0	1.264150E-11	0.000000E+0	-2.527664E-11	-2.530435E-11	0.000000E+0	0.000000E+0	-1.271364E-11	-2.531715E-11	0.000000E+0	-1.267640E-11	-1.266073E-11	0.000000E+0	-1.265217E-11	-1.269986E-11	-1.268861E-11	-1.270126E-11	0.000000E+0	0.000000E+0	-2.503835E-11	-1.265086E-11	0.000000E+0	-1.266809E-11	-1.261971E-11	0.000000E+0	0.000000E+0	-1.265931E-11	-1.269397E-11	-1.266026E-11	-1.270390E-11	-1.257495E-11	-1.269358E-11
0:00:08	0	3.021749E+1	5.000000E+1	1.554400E-9	6.314706E-10	3.783112E-11	2.518345E-11	0.000000E+0	1.268828E-11	1.270218E-11	1.260252E-11	1.266427E-11	2.532718E-11	2.531715E-11	1.266990E-11	1.267640E-11	5.054321E-11	2.529924E-11	0.000000E+0	1.269986E-11	2.527730E-11	1.270126E-11	2.513814E-11	2.515851E-11	2.503835E-11	3.785298E-11	1.262928E-11	2.523643E-11	0.000000E+0	2.518365E-11	1.259172E-11	5.053757E-11	2.528799E-11	1.266026E-11	1.270390E-11	1.257495E-11	1.269358E-11
0:00:17	0	3.011541E+1	1.000000E+2	2.118200E-9	1.098000E-9	5.047468E-11	3.782495E-11	2.524686E-11	2.527664E-11	2.530435E-11	2.510581E-11	3.789310E-11	3.804082E-11	5.073437E-11	3.790993E-11	3.792938E-11	2.522176E-11	2.529924E-11	2.520473E-11	3.799958E-11	2.527730E-11	2.530252E-11	6.289502E-11	2.515851E-11	2.503835E-11	6.305509E-11	3.778839E-11	2.523643E-11	2.514006E-11	5.046684E-11	2.508430E-11	3.787826E-11	3.798196E-11	3.788109E-11	3.801168E-11	2.505089E-11	2.528720E-11
0:00:26	0	3.001896E+1	1.500000E+2	2.645500E-9	1.439568E-9	6.301868E-11	2.518345E-11	3.792018E-11	5.065320E-11	2.530435E-11	2.510581E-11	5.055738E-11	3.804082E-11	6.334291E-11	7.581985E-11	2.525298E-11	3.788249E-11	6.329810E-11	2.520473E-11	3.799958E-11	5.065451E-11	5.070504E-11	6.289502E-11	3.778748E-11	5.017566E-11	6.305509E-11	3.778839E-11	5.057261E-11	5.037949E-11	3.782525E-11	2.508430E-11	7.575652E-11	5.067593E-11	3.788109E-11	5.071558E-11	2.505089E-11	3.798078E-11
0:00:35	0	2.992403E+1	2.000000E+2	3.395100E-9	1.919321E-9	8.830580E-11	5.046644E-11	7.584036E-11	5.065320E-11	5.070871E-11	5.031085E-11	5.055738E-11	5.075446E-11	8.876013E-11	7.581985E-11	5.060577E-11	5.054321E-11	6.329810E-11	3.785690E-11	6.329930E-11	7.593181E-11	3.800378E-11	7.551377E-11	6.294599E-11	5.017566E-11	7.570596E-11	6.294749E-11	5.057261E-11	7.551954E-11	7.565049E-11	5.026775E-11	6.309721E-11	8.865789E-11	3.788109E-11	3.801168E-11	6.267674E-11	3.798078E-11
0:00:43	0	2.982431E+1	2.500000E+2	4.044300E-9	2.424095E-9	7.566224E-11	7.564989E-11	5.059350E-11	6.324156E-11	6.331088E-11	6.281413E-11	6.312193E-11	8.879528E-11	8.876013E-11	1.010599E-10	6.318235E-11	6.310425E-11	1.012970E-10	6.306163E-11	6.329930E-11	8.862042E-11	6.330629E-11	8.813251E-11	8.820394E-11	5.017566E-11	8.835682E-11	7.557677E-11	6.314095E-11	7.551954E-11	1.134757E-10	6.276032E-11	1.009755E-10	1.012519E-10	6.310192E-11	7.602336E-11	7.525170E-11	6.326799E-11
0:00:52	0	2.981990E+1	3.000000E+2	4.690900E-9	2.866202E-9	1.008498E-10	1.008333E-10	6.316703E-11	7.592984E-11	8.871524E-11	6.281413E-11	7.578621E-11	7.608164E-11	1.267859E-10	1.137298E-10	8.853515E-11	8.842570E-11	1.012970E-10	7.571380E-11	8.869902E-11	8.862042E-11	8.870882E-11	1.132707E-10	8.820394E-11	8.778267E-11	1.387611E-10	7.557677E-11	8.847713E-11	1.006596E-10	1.008341E-10	6.276032E-11	1.009755E-10	1.012519E-10	8.842244E-11	6.331946E-11	7.525170E-11	7.596156E-11
0:01:01	0	2.981838E+1	3.500000E+2	5.564200E-9	3.699107E-9	1.513245E-10	1.008333E-10	1.010872E-10	1.012065E-10	1.013174E-10	1.005225E-10	1.010150E-10	1.014088E-10	1.648116E-10	1.516397E-10	1.011117E-10	1.136475E-10	1.392958E-10	1.009185E-10	1.012989E-10	1.012091E-10	1.267126E-10	1.258894E-10	1.007335E-10	1.002524E-10	1.514119E-10	1.133652E-10	1.010455E-10	1.258990E-10	1.386594E-10	1.004363E-10	1.262941E-10	1.392339E-10	1.136433E-10	1.013311E-10	1.003026E-10	1.012488E-10
0:01:10	0	2.981747E+1	4.000000E+2	7.666400E-9	5.581573E-9	2.774614E-10	1.512998E-10	1.516807E-10	1.518597E-10	1.267218E-10	1.508333E-10	1.389081E-10	1.521633E-10	3.169147E-10	2.527993E-10	1.517175E-10	1.641907E-10	1.646951E-10	1.640798E-10	1.646982E-10	1.645522E-10	1.520151E-10	1.887844E-10	1.511499E-10	1.629967E-10	2.271179E-10	1.385243E-10	1.768545E-10	1.636588E-10	2.017678E-10	1.381124E-10	2.020506E-10	1.899098E-10	1.641846E-10	1.647506E-10	1.505034E-10	1.646167E-10
0:01:18	0	2.992000E+1	4.100000E+2	8.266600E-9	6.402334E-9	3.404801E-10	1.639413E-10	1.769276E-10	1.645480E-10	1.520261E-10	1.759391E-10	1.515724E-10	1.774904E-10	3.929662E-10	2.780394E-10	2.023233E-10	1.767517E-10	2.026939E-10	1.766323E-10	1.899979E-10	1.771409E-10	1.900189E-10	2.140219E-10	1.889374E-10	1.629967E-10	2.524196E-10	1.637828E-10	1.768545E-10	1.887989E-10	2.269515E-10	1.632958E-10	2.272696E-10	2.152977E-10	1.894055E-10	1.773545E-10	1.755543E-10	1.899039E-10
0:01:26	0	3.001790E+1	4.200000E+2	9.381000E-9	7.767244E-9	4.666170E-10	2.017662E-10	2.149475E-10	2.025129E-10	1.900326E-10	2.011441E-10	2.021298E-10	2.156314E-10	5.197521E-10	3.411893E-10	2.149997E-10	2.147339E-10	2.533924E-10	2.145889E-10	2.279975E-10	2.152067E-10	2.280227E-10	2.642982E-10	2.141954E-10	2.006037E-10	2.776217E-10	2.142005E-10	2.021907E-10	2.265586E-10	2.647767E-10	2.135636E-10	2.778071E-10	2.532797E-10	2.147260E-10	2.027623E-10	2.007042E-10	2.152911E-10
0:01:34	0	3.001980E+1	4.300000E+2	1.180700E-8	1.004015E-8	6.936038E-10	2.522327E-10	2.781146E-10	2.277895E-10	2.534435E-10	2.388525E-10	2.400229E-10	2.536722E-10	7.606152E-10	4.296791E-10	2.908584E-10	2.778381E-10	3.039909E-10	2.649983E-10	2.913968E-10	2.784500E-10	2.787277E-10	3.272926E-10	2.645124E-10	2.632490E-10	3.659785E-10	2.645187E-10	2.653316E-10	2.769381E-10	3.404272E-10	2.763239E-10	3.409043E-10	3.418376E-10	2.778279E-10	2.787857E-10	2.633809E-10	2.785590E-10
0:01:43	0	3.011640E+1	4.400000E+2	1.765300E-8	1.614055E-8	1.437682E-9	3.908910E-10	4.045484E-10	3.670608E-10	3.674631E-10	3.645800E-10	3.789310E-10	3.931218E-10	1.546548E-9	6.445685E-10	4.425759E-10	4.167074E-10	4.559863E-10	3.912212E-10	4.306953E-10	4.303136E-10	4.814479E-10	5.160770E-10	4.156623E-10	4.136771E-10	4.920887E-10	4.031424E-10	4.169497E-10	4.405969E-10	5.674783E-10	4.521123E-10	4.924174E-10	5.064594E-10	4.041314E-10	4.308324E-10	4.014084E-10	4.431758E-10
0:01:51	0	3.021627E+1	4.410000E+2	1.879000E-8	1.726408E-8	1.601650E-9	4.287159E-10	4.297953E-10	3.923375E-10	3.800653E-10	3.896858E-10	4.042596E-10	4.311626E-10	1.698651E-9	6.571386E-10	4.551525E-10	4.293681E-10	4.559863E-10	4.290781E-10	4.686948E-10	4.555909E-10	4.940491E-10	5.160770E-10	4.534498E-10	4.262457E-10	5.299417E-10	4.534606E-10	4.296178E-10	4.783567E-10	6.178456E-10	4.647040E-10	5.429549E-10	5.444414E-10	4.545731E-10	4.435363E-10	4.390342E-10	4.684630E-10
0:01:59	0	3.031972E+1	4.420000E+2	2.033900E-8	1.875471E-8	1.853924E-9	4.413574E-10	4.550421E-10	4.050258E-10	3.927675E-10	4.147916E-10	4.294884E-10	4.564898E-10	1.914097E-9	7.203884E-10	5.057583E-10	4.924724E-10	4.939852E-10	4.669350E-10	5.066944E-10	4.682795E-10	5.194516E-10	5.664526E-10	4.787077E-10	4.638527E-10	5.678943E-10	4.660899E-10	4.675223E-10	5.161165E-10	6.809540E-10	5.023800E-10	5.808332E-10	5.824233E-10	4.924542E-10	4.815480E-10	4.640851E-10	5.064437E-10
0:02:07	0	3.035772E+1	4.430000E+2	2.205900E-8	2.066185E-8	2.118742E-9	4.917243E-10	4.803888E-10	4.429907E-10	4.434762E-10	4.524999E-10	4.547172E-10	4.945306E-10	2.231011E-9	7.582983E-10	5.310113E-10	5.303548E-10	5.319840E-10	5.047919E-10	5.446940E-10	5.315227E-10	6.081605E-10	6.293476E-10	5.290248E-10	5.140284E-10	6.057473E-10	5.038783E-10	5.180949E-10	5.538762E-10	7.439629E-10	5.526478E-10	6.187115E-10	6.078113E-10	5.177747E-10	5.321635E-10	5.267619E-10	5.571181E-10
0:02:16	0	3.041708E+1	4.440000E+2	2.479100E-8	2.326402E-8	2.585359E-9	5.548322E-10	5.435558E-10	4.809556E-10	4.687805E-10	4.777050E-10	5.052746E-10	5.452851E-10	2.623977E-9	8.466883E-10	5.942934E-10	5.808981E-10	5.826825E-10	5.553010E-10	5.953935E-10	6.075544E-10	6.714667E-10	6.922426E-10	5.920702E-10	5.642041E-10	6.561515E-10	5.416667E-10	5.686675E-10	5.916360E-10	8.574386E-10	6.405916E-10	6.944680E-10	6.837752E-10	5.808766E-10	5.828791E-10	5.769627E-10	6.203861E-10
0:02:24	0	3.052091E+1	4.450000E+2	3.192800E-8	2.847806E-8	5.145530E-9	6.052987E-10	6.193962E-10	5.441972E-10	5.447936E-10	5.531216E-10	5.558320E-10	6.087532E-10	3.169047E-9	9.605178E-10	6.448992E-10	6.441020E-10	6.333810E-10	6.058100E-10	6.586928E-10	6.707976E-10	7.854781E-10	7.426183E-10	6.550162E-10	6.268494E-10	7.318575E-10	6.172434E-10	6.191404E-10	6.671556E-10	9.835560E-10	7.159436E-10	7.576649E-10	7.470452E-10	6.440782E-10	6.462986E-10	6.522144E-10	7.217348E-10
0:02:32	0	3.061181E+1	4.460000E+2	3.849000E-7	4.111032E-7	2.191499E-7	1.256907E-7	4.171220E-10	1.037841E-9	5.574958E-10	3.896858E-10	6.821756E-10	9.384069E-10	3.954979E-9	3.920236E-8	6.954052E-10	6.819845E-10	7.220783E-10	1.602742E-9	7.346919E-10	7.846953E-10	9.374932E-10	1.107668E-9	6.550162E-10	7.146321E-10	6.436003E-10	8.439737E-10	9.603808E-10	9.063339E-10	1.336625E-9	8.540560E-10	8.838593E-10	9.496489E-10	7.577215E-10	7.223220E-10	8.278677E-10	7.597156E-10
0:02:40	0	3.072187E+1	4.470000E+2	2.019600E-6	2.180258E-6	7.119945E-7	5.580935E-7	8.393731E-9	-5.189205E-10	6.208067E-10	9.428074E-10	4.825477E-8	5.024361E-8	2.814156E-8	5.634042E-7	3.439196E-9	1.603825E-9	1.532754E-9	1.337743E-9	7.300360E-8	1.113800E-9	2.799878E-9	1.696695E-8	1.688007E-9	1.078134E-9	1.009479E-9	1.221957E-9	4.043814E-10	1.548250E-9	9.457138E-8	2.750548E-9	8.965186E-10	1.215523E-9	9.976683E-10	-4.308324E-10	1.179075E-9	7.597156E-10
0:02:49	0	3.081072E+1	4.480000E+2	6.079200E-6	6.327456E-6	1.109976E-6	1.132592E-6	2.854125E-7	3.252595E-9	7.728328E-10	7.039549E-10	3.926073E-7	4.032556E-7	2.571403E-7	1.124534E-6	1.478490E-7	-1.881663E-9	1.520054E-9	5.219660E-8	4.660809E-7	4.303136E-10	3.121650E-8	3.101121E-7	1.375584E-8	1.965768E-8	2.195672E-9	1.045545E-9	3.841324E-9	1.447590E-9	3.868982E-7	1.571857E-7	9.811366E-9	9.230416E-9	2.424589E-9	1.267189E-9	0.000000E+0	9.242323E-10
0:02:57	0	3.082068E+1	4.490000E+2	1.506700E-5	1.513135E-5	1.790177E-6	1.689753E-6	8.823293E-7	7.124107E-8	1.020311E-7	6.141972E-8	6.034128E-7	6.891199E-7	7.149224E-7	1.888335E-6	5.201716E-7	1.502838E-9	-7.790466E-9	4.191636E-7	9.922699E-7	1.930107E-8	2.141956E-7	8.626831E-7	3.218393E-7	3.604072E-7	2.195542E-7	1.280509E-7	3.570915E-8	2.479823E-9	1.087144E-6	6.350230E-7	3.289134E-7	2.855357E-7	1.306002E-7	6.006376E-8	1.448724E-8	7.305603E-9
0:03:05	0	3.091652E+1	4.500000E+2	2.977500E-5	3.151440E-5	2.411836E-6	2.584444E-6	1.622243E-6	3.748734E-7	4.002948E-7	4.168020E-7	1.491012E-6	1.522643E-6	1.323871E-6	2.655524E-6	1.260392E-6	3.150836E-8	5.250632E-8	8.683631E-7	1.719166E-6	2.852504E-7	6.537864E-7	1.744574E-6	9.252583E-7	8.386482E-7	6.803037E-7	6.311725E-7	4.378613E-7	8.633901E-8	1.772460E-6	1.248004E-6	9.503111E-7	8.680790E-7	6.631927E-7	4.257686E-7	4.122025E-7	1.557095E-7
