APD#	0010	Started	03/05/07 19:30	Sense_ohms	1.004464E+6	1.004628E+6	1.002105E+6	1.000924E+6	9.998282E+5	1.007735E+6	1.002821E+6	9.989270E+5	9.993226E+5	1.002376E+6	1.001862E+6	1.003102E+6	1.000030E+6	1.003780E+6	1.000011E+6	1.000898E+6	9.999006E+5	1.006439E+6	1.005624E+6	1.010450E+6	1.003884E+6	1.005600E+6	1.002519E+6	1.006362E+6	1.004620E+6	1.008599E+6	1.003214E+6	1.000475E+6	1.003139E+6	9.996927E+5	1.009944E+6	1.000506E+6	
ElapTime	Shutter_Open	DegC	BiasV	KE237_Amps	Pixel_Sum	A1	A2	A3	A4	A5	A6	A7	A8	B1	B2	B3	B4	B5	B6	B7	B8	C1	C2	C3	C4	C5	C6	C7	C8	D1	D2	D3	D4	D5	D6	D7	D8
   0:00:00	1	2.905600E+1	0.000000E+0	5.026500E-10	3.751776E-10	-2.396303E-12	-4.413574E-12	-3.729150E-12	-3.860433E-12	-1.964337E-12	-3.142691E-12	-3.411377E-12	-3.931218E-12	-2.852933E-12	-4.360639E-12	-4.298995E-12	-4.736308E-12	-4.560863E-12	-4.165255E-12	-4.243953E-12	-4.683794E-12	-4.054403E-12	-4.090660E-12	-4.346555E-12	-4.074422E-12	-4.164824E-12	-3.527247E-12	-4.296178E-12	-4.405969E-12	-1.072047E-12	4.940854E-10	-2.525882E-12	-3.419376E-12	-4.862736E-12	-4.308324E-12	-4.892350E-12	-4.114918E-12
   0:00:24	1	2.901400E+1	0.000000E+0	5.005700E-10	2.953441E-10	-1.828836E-12	-4.666404E-12	-5.941493E-12	-6.075386E-12	-6.145056E-12	-7.040541E-12	-7.264507E-12	-6.150600E-12	-4.817263E-12	-6.256135E-12	-6.828286E-12	-6.378215E-12	-6.270812E-12	-5.742294E-12	-6.840925E-12	-8.480385E-12	-6.968693E-12	-6.797233E-12	-4.850720E-12	-1.103370E-11	-6.373246E-12	-5.731901E-12	-6.444766E-12	-7.679145E-12	-5.044694E-12	4.894373E-10	-4.419795E-12	-6.141083E-12	-6.883393E-12	-5.955830E-12	-6.837013E-12	-6.204860E-12
   0:00:48	1	2.901300E+1	1.000000E+1	1.029500E-9	8.124986E-10	1.097302E-11	7.187735E-12	9.165706E-12	7.910691E-12	6.145056E-12	7.165574E-12	6.632290E-12	6.658144E-12	1.876271E-11	1.548221E-11	6.955050E-12	7.893514E-12	3.863884E-12	5.742294E-12	8.044912E-12	6.519146E-12	7.158712E-12	1.944877E-11	6.929031E-12	6.645554E-12	2.542923E-11	6.802904E-12	7.140014E-12	7.805342E-12	1.588959E-11	5.031921E-10	2.115301E-11	1.912092E-11	7.451609E-12	7.920434E-12	8.028168E-12	7.281316E-12
   0:01:13	1	2.901100E+1	2.000000E+1	1.151500E-9	9.466296E-10	1.513544E-11	1.286247E-11	1.510720E-11	1.044235E-11	1.134095E-11	1.093740E-11	1.187550E-11	1.363363E-11	2.079108E-11	1.870556E-11	9.926517E-12	1.086131E-11	1.171865E-11	1.110702E-11	1.171887E-11	1.025279E-11	1.045304E-11	2.322446E-11	1.051984E-11	9.842150E-12	3.060314E-11	1.171639E-11	1.270001E-11	1.240011E-11	1.828552E-11	5.062071E-10	2.550901E-11	2.424948E-11	1.048210E-11	1.026515E-11	1.204225E-11	1.171307E-11
   0:01:37	1	2.901000E+1	3.000000E+1	1.246900E-9	1.034281E-9	1.841480E-11	1.607859E-11	1.700421E-11	1.366937E-11	1.241813E-11	1.445717E-11	1.301229E-11	1.483892E-11	2.535518E-11	2.211845E-11	1.340404E-11	1.180837E-11	1.368159E-11	1.356771E-11	1.418884E-11	1.392350E-11	1.235323E-11	2.649738E-11	1.240921E-11	1.228759E-11	3.546226E-11	1.511834E-11	1.377430E-11	1.472929E-11	2.150166E-11	5.067088E-10	2.942443E-11	2.659237E-11	1.427120E-11	1.489058E-11	1.430079E-11	1.601789E-11
   0:02:02	1	2.900800E+1	4.000000E+1	1.340600E-9	1.117188E-9	1.904498E-11	1.727605E-11	1.890022E-11	1.588532E-11	1.659885E-11	1.621756E-11	1.661313E-11	1.712137E-11	2.865141E-11	2.603614E-11	1.549016E-11	1.502938E-11	1.602552E-11	1.584012E-11	1.710281E-11	1.620145E-11	1.577457E-11	3.153296E-11	1.474010E-11	1.517047E-11	3.931131E-11	1.650358E-11	1.687050E-11	1.806507E-11	2.370847E-11	5.103515E-10	2.999260E-11	3.153102E-11	1.553424E-11	1.679116E-11	1.618209E-11	1.709435E-11
   0:02:26	1	2.900600E+1	5.000000E+1	1.463500E-9	1.237672E-9	2.402674E-11	2.105954E-11	2.395757E-11	1.841598E-11	1.945034E-11	1.929773E-11	1.901336E-11	2.054605E-11	3.403906E-11	3.045963E-11	1.909445E-11	1.818659E-11	2.077638E-11	1.905796E-11	2.090377E-11	1.949250E-11	1.919491E-11	3.543484E-11	1.927559E-11	1.824237E-11	4.435871E-11	1.927605E-11	2.268386E-11	1.875766E-11	3.045530E-11	5.136809E-10	3.441240E-11	3.551913E-11	1.850192E-11	1.958002E-11	2.013379E-11	2.038668E-11
   0:02:51	1	2.900400E+1	6.000000E+1	1.546200E-9	1.317600E-9	2.598202E-11	2.307720E-11	2.452637E-11	1.974575E-11	2.109762E-11	2.187480E-11	2.217145E-11	2.130686E-11	3.575022E-11	3.324002E-11	2.225556E-11	2.216524E-11	2.147336E-11	2.259160E-11	2.350074E-11	2.234094E-11	2.204619E-11	3.795262E-11	2.223595E-11	1.786630E-11	4.865004E-11	2.412589E-11	2.457909E-11	2.366743E-11	3.196831E-11	5.148736E-10	3.744266E-11	3.805193E-11	2.323806E-11	2.217782E-11	2.270522E-11	2.291940E-11
   0:03:15	1	2.900200E+1	7.000000E+1	1.603000E-9	1.376628E-9	2.844203E-11	2.402282E-11	2.642238E-11	2.215053E-11	2.325199E-11	2.382372E-11	2.318260E-11	2.479460E-11	3.701808E-11	3.652621E-11	2.333056E-11	2.311231E-11	2.248633E-11	2.423240E-11	2.324774E-11	2.487266E-11	2.325031E-11	3.927411E-11	2.242488E-11	2.219209E-11	5.155277E-11	2.570107E-11	2.546386E-11	2.618441E-11	3.411240E-11	5.178887E-10	4.022173E-11	4.185112E-11	2.386907E-11	2.414142E-11	2.308148E-11	2.450160E-11
   0:03:40	1	2.900000E+1	8.000000E+1	1.659300E-9	1.429170E-9	2.882035E-11	2.515857E-11	2.838226E-11	2.423860E-11	2.394811E-11	2.476643E-11	2.469833E-11	2.587276E-11	3.993405E-11	3.842271E-11	2.396338E-11	2.456480E-11	2.489425E-11	2.530535E-11	2.660471E-11	2.601164E-11	2.616360E-11	4.128815E-11	2.393638E-11	2.363402E-11	5.395046E-11	2.677208E-11	2.723340E-11	2.725461E-11	3.518345E-11	5.207778E-10	4.211564E-11	4.216797E-11	2.462670E-11	2.572591E-11	2.540240E-11	2.735116E-11
   0:04:04	1	2.899800E+1	9.000000E+1	1.715700E-9	1.482877E-9	3.058547E-11	2.704981E-11	2.901393E-11	2.620079E-11	2.578543E-11	2.677787E-11	2.716138E-11	2.802807E-11	4.189938E-11	3.918091E-11	2.674520E-11	2.633331E-11	2.628721E-11	2.688338E-11	2.825169E-11	2.841648E-11	2.698768E-11	4.355455E-11	2.607834E-11	2.520164E-11	5.458101E-11	2.866150E-11	2.874958E-11	2.939499E-11	3.669746E-11	5.258641E-10	4.407335E-11	4.343437E-11	2.607914E-11	2.591596E-11	2.571529E-11	2.728819E-11
   0:04:29	1	2.899600E+1	1.000000E+2	1.776700E-9	1.542890E-9	3.443229E-11	2.654515E-11	3.217527E-11	2.594702E-11	2.806682E-11	2.797164E-11	2.855146E-11	2.815521E-11	4.177230E-11	4.057060E-11	2.857879E-11	2.803803E-11	2.989810E-11	2.902927E-11	2.983467E-11	2.917580E-11	2.907789E-11	4.550499E-11	2.677144E-11	2.720768E-11	5.590686E-11	2.973250E-11	3.064481E-11	3.059138E-11	3.915610E-11	5.324594E-10	4.483091E-11	4.571329E-11	2.734217E-11	3.035133E-11	2.941648E-11	2.944010E-11
   0:04:53	1	2.899300E+1	1.200000E+2	1.893900E-9	1.668751E-9	3.638757E-11	3.209447E-11	3.590442E-11	3.012417E-11	2.990414E-11	3.092678E-11	3.158290E-11	3.417967E-11	4.830172E-11	4.385680E-11	3.148737E-11	3.075360E-11	3.103807E-11	3.104864E-11	3.344563E-11	3.233996E-11	3.218220E-11	5.110692E-11	2.853452E-11	3.178386E-11	5.988142E-11	3.294451E-11	3.260387E-11	3.505995E-11	4.224582E-11	5.543154E-10	4.855594E-11	4.887878E-11	3.062587E-11	3.054139E-11	3.192553E-11	3.418870E-11
   0:05:18	1	2.899100E+1	1.400000E+2	2.057100E-9	1.842492E-9	4.054998E-11	3.713812E-11	3.906477E-11	3.468095E-11	3.389482E-11	3.595489E-11	3.480482E-11	3.747721E-11	5.159795E-11	4.960813E-11	3.616566E-11	3.479507E-11	3.566193E-11	3.584451E-11	3.762659E-11	3.803584E-11	3.661664E-11	5.387609E-11	3.470780E-11	3.510614E-11	6.530834E-11	3.697593E-11	3.696389E-11	3.808172E-11	4.684856E-11	5.985927E-10	5.076584E-11	5.229816E-11	3.485659E-11	3.396344E-11	3.531186E-11	3.931711E-11
   0:05:43	1	2.898800E+1	1.600000E+2	2.307200E-9	2.079184E-9	4.679312E-11	4.035424E-11	4.367906E-11	3.841450E-11	4.187819E-11	4.035486E-11	4.017367E-11	4.261372E-11	5.863372E-11	5.523177E-11	3.970707E-11	4.047844E-11	4.148976E-11	4.177609E-11	4.263053E-11	4.423827E-11	4.124110E-11	5.916305E-11	3.924330E-11	3.987035E-11	6.953592E-11	4.340195E-11	4.460863E-11	4.506828E-11	5.119946E-11	6.686195E-10	5.777531E-11	5.824933E-11	3.978212E-11	3.991927E-11	4.102010E-11	4.203973E-11
   0:06:08	1	2.898600E+1	1.800000E+2	2.642800E-9	2.398718E-9	5.183760E-11	4.747927E-11	4.949481E-11	4.499642E-11	4.453865E-11	4.557250E-11	4.611192E-11	5.022289E-11	6.598670E-11	6.332155E-11	4.596641E-11	4.881458E-11	4.617661E-11	4.827651E-11	4.985145E-11	5.164262E-11	4.839981E-11	6.564630E-11	4.617233E-11	4.814588E-11	7.736053E-11	5.045644E-11	5.035915E-11	5.142583E-11	5.996397E-11	7.833639E-10	6.389963E-11	6.565781E-11	4.439165E-11	4.606616E-11	4.735411E-11	4.976382E-11
   0:06:32	1	2.898300E+1	2.000000E+2	3.018300E-9	2.774409E-9	5.997328E-11	5.378409E-11	5.701698E-11	5.164128E-11	5.220497E-11	5.248701E-11	5.324978E-11	5.637449E-11	7.289638E-11	7.008248E-11	5.526011E-11	5.399252E-11	5.390438E-11	5.483971E-11	5.612338E-11	5.816177E-11	5.536850E-11	7.263232E-11	5.354188E-11	5.717354E-11	8.360727E-11	5.656722E-11	5.566678E-11	5.992277E-11	6.803468E-11	9.388687E-10	7.217104E-11	7.167196E-11	5.241148E-11	5.379653E-11	5.431687E-11	5.666533E-11
   0:06:57	1	2.898100E+1	2.200000E+2	3.437700E-9	3.195439E-9	6.747778E-11	5.895416E-11	6.251640E-11	5.702131E-11	5.828701E-11	6.028172E-11	5.937650E-11	6.366631E-11	8.227773E-11	7.772932E-11	6.133080E-11	6.049634E-11	6.150615E-11	6.253860E-11	6.416729E-11	6.544023E-11	6.221118E-11	8.005950E-11	5.895941E-11	5.911624E-11	9.193592E-11	6.305489E-11	6.331252E-11	6.753931E-11	7.654735E-11	1.152342E-9	7.962209E-11	7.680052E-11	5.860005E-11	5.854899E-11	5.958548E-11	6.413555E-11
   0:07:22	1	2.897800E+1	2.400000E+2	3.920200E-9	3.675975E-9	7.384735E-11	6.431435E-11	6.991184E-11	6.341341E-11	6.398899E-11	6.650459E-11	6.228230E-11	6.931037E-11	9.134187E-11	8.436455E-11	6.512374E-11	6.624351E-11	6.676300E-11	6.727171E-11	6.974223E-11	7.227510E-11	6.803876E-11	8.673054E-11	6.632897E-11	6.601217E-11	9.875145E-11	6.979515E-11	6.969344E-11	7.402307E-11	8.272581E-11	1.444636E-9	8.498885E-11	8.427197E-11	6.472483E-11	6.418772E-11	6.516698E-11	6.920098E-11
   0:07:47	1	2.897500E+1	2.600000E+2	4.513500E-9	4.260070E-9	8.084710E-11	6.929530E-11	7.275685E-11	6.733678E-11	6.931091E-11	6.933271E-11	6.960963E-11	7.603158E-11	9.945537E-11	9.163228E-11	7.043485E-11	7.154806E-11	7.164085E-11	7.698998E-11	7.461918E-11	7.910996E-11	7.488144E-11	9.239507E-11	7.080181E-11	7.152853E-11	1.046824E-10	7.483492E-11	7.443250E-11	7.949923E-11	9.048197E-11	1.849852E-9	9.193452E-11	9.003323E-11	6.788292E-11	7.014456E-11	6.974545E-11	7.698804E-11
   0:08:11	1	2.897300E+1	2.800000E+2	5.288500E-9	5.035853E-9	8.822516E-11	7.591566E-11	7.888794E-11	7.208339E-11	7.342962E-11	7.442433E-11	7.567352E-11	8.224625E-11	1.080762E-10	1.005431E-10	7.618914E-11	7.761025E-11	7.873564E-11	7.831497E-11	8.114411E-11	8.442619E-11	7.918887E-11	1.019625E-10	7.678516E-11	7.823643E-11	1.164826E-10	7.955947E-11	8.087727E-11	8.623338E-11	9.792260E-11	2.425209E-9	1.008379E-10	9.826432E-11	7.533353E-11	7.470696E-11	7.564182E-11	8.268616E-11
   0:08:36	1	2.897000E+1	3.000000E+2	6.288700E-9	6.028417E-9	9.358623E-11	7.938361E-11	8.331362E-11	7.657624E-11	7.900457E-11	7.838469E-11	7.965330E-11	8.757297E-11	1.189786E-10	1.081889E-10	8.124672E-11	8.139950E-11	8.285251E-11	8.525673E-11	8.633805E-11	9.100827E-11	8.565051E-11	1.058017E-10	8.220269E-11	8.256222E-11	1.222243E-10	8.548031E-11	8.738587E-11	9.353493E-11	1.071281E-10	3.241295E-9	1.088571E-10	1.044064E-10	7.994406E-11	7.958546E-11	8.072230E-11	8.889102E-11
   0:09:01	1	2.896700E+1	3.200000E+2	7.704500E-9	7.458941E-9	1.099193E-10	8.455369E-11	9.121499E-11	8.296834E-11	8.369338E-11	8.536173E-11	8.691780E-11	9.448538E-11	1.324807E-10	1.181742E-10	8.744318E-11	8.878758E-11	8.963031E-11	9.036841E-11	9.260898E-11	9.752642E-11	9.185913E-11	1.152420E-10	8.869120E-11	9.021030E-11	1.305539E-10	9.209427E-11	9.357828E-11	9.913729E-11	1.164600E-10	4.439800E-9	1.189597E-10	1.128904E-10	8.575282E-11	8.668264E-11	8.624142E-11	9.465311E-11
   0:09:26	1	2.896500E+1	3.400000E+2	9.699000E-9	9.564452E-9	1.269463E-10	9.363366E-11	9.778816E-11	8.948731E-11	9.104264E-11	9.303041E-11	9.342345E-11	1.013337E-10	1.514966E-10	1.320133E-10	9.578864E-11	9.548082E-11	9.716808E-11	9.882444E-11	1.030609E-10	1.051845E-10	1.022492E-10	1.283963E-10	9.839165E-11	9.629175E-11	1.407752E-10	1.006613E-10	1.023612E-10	1.062500E-10	1.306474E-10	6.254171E-9	1.324084E-10	1.228307E-10	9.250961E-11	9.276551E-11	9.433295E-11	1.037065E-10
   0:09:50	1	2.896200E+1	3.600000E+2	1.297200E-8	1.278120E-8	1.506585E-10	1.025872E-10	1.087241E-10	1.002454E-10	9.991216E-11	1.008876E-10	1.025198E-10	1.119241E-10	1.780566E-10	1.486967E-10	1.050833E-10	1.047012E-10	1.070498E-10	1.080376E-10	1.104088E-10	1.165763E-10	1.163756E-10	1.424955E-10	1.106746E-10	1.084537E-10	1.539003E-10	1.107399E-10	1.153135E-10	1.175174E-10	1.501304E-10	9.084661E-9	1.510984E-10	1.368230E-10	1.046974E-10	1.045511E-10	1.043048E-10	1.133936E-10
   0:10:15	1	2.896000E+1	3.620000E+2	1.334300E-8	1.320502E-8	1.524873E-10	1.049831E-10	1.089776E-10	9.986572E-11	1.018765E-10	1.032136E-10	1.046667E-10	1.135088E-10	1.842048E-10	1.509723E-10	1.054626E-10	1.063431E-10	1.074298E-10	1.104356E-10	1.111058E-10	1.178422E-10	1.171366E-10	1.447609E-10	1.098552E-10	1.096442E-10	1.542160E-10	1.127556E-10	1.137973E-10	1.215457E-10	1.529683E-10	9.458726E-9	1.512250E-10	1.399255E-10	1.052656E-10	1.067058E-10	1.070653E-10	1.160523E-10
   0:10:39	1	2.895700E+1	3.640000E+2	1.375300E-8	1.363049E-8	1.577209E-10	1.064961E-10	1.111261E-10	1.006250E-10	1.040299E-10	1.043449E-10	1.054884E-10	1.152847E-10	1.855357E-10	1.546376E-10	1.067902E-10	1.074796E-10	1.099637E-10	1.105621E-10	1.122458E-10	1.189812E-10	1.187198E-10	1.455160E-10	1.130681E-10	1.120897E-10	1.573708E-10	1.132597E-10	1.141135E-10	1.210419E-10	1.554896E-10	9.832540E-9	1.584228E-10	1.409391E-10	1.071596E-10	1.067688E-10	1.061237E-10	1.165590E-10
   0:11:03	1	2.895500E+1	3.660000E+2	1.425700E-8	1.410294E-8	1.613159E-10	1.080728E-10	1.123276E-10	1.037901E-10	1.049170E-10	1.052251E-10	1.077620E-10	1.161086E-10	1.895294E-10	1.552691E-10	1.086237E-10	1.090587E-10	1.117366E-10	1.123922E-10	1.149067E-10	1.211962E-10	1.189098E-10	1.482852E-10	1.145170E-10	1.139077E-10	1.591379E-10	1.162838E-10	1.140497E-10	1.234973E-10	1.564990E-10	1.025032E-8	1.600646E-10	1.422684E-10	1.074756E-10	1.076561E-10	1.098873E-10	1.179513E-10
   0:11:27	1	2.895300E+1	3.680000E+2	1.470300E-8	1.457716E-8	1.644061E-10	1.084511E-10	1.129592E-10	1.042327E-10	1.062473E-10	1.076136E-10	1.085199E-10	1.167433E-10	1.937763E-10	1.590611E-10	1.105841E-10	1.098163E-10	1.112307E-10	1.135916E-10	1.145897E-10	1.225889E-10	1.220141E-10	1.513067E-10	1.168478E-10	1.155376E-10	1.612198E-10	1.158423E-10	1.179678E-10	1.243151E-10	1.604079E-10	1.067174E-8	1.627798E-10	1.439146E-10	1.103167E-10	1.098738E-10	1.096992E-10	1.189648E-10
   0:11:52	1	2.895100E+1	3.700000E+2	1.519700E-8	1.509464E-8	1.677482E-10	1.092076E-10	1.152983E-10	1.046123E-10	1.071974E-10	1.081167E-10	1.088998E-10	1.178214E-10	1.970095E-10	1.615252E-10	1.118487E-10	1.114583E-10	1.126866E-10	1.148539E-10	1.169337E-10	1.224620E-10	1.237243E-10	1.526282E-10	1.193667E-10	1.161017E-10	1.624192E-10	1.172912E-10	1.208745E-10	1.273369E-10	1.629303E-10	1.113869E-8	1.652419E-10	1.462575E-10	1.113275E-10	1.104439E-10	1.117696E-10	1.205480E-10
   0:12:16	1	2.894900E+1	3.720000E+2	1.578900E-8	1.563785E-8	1.717214E-10	1.124864E-10	1.168790E-10	1.066375E-10	1.064373E-10	1.101917E-10	1.106678E-10	1.207386E-10	2.013194E-10	1.636741E-10	1.124177E-10	1.139206E-10	1.144606E-10	1.172518E-10	1.194667E-10	1.248669E-10	1.265126E-10	1.555236E-10	1.193040E-10	1.184205E-10	1.646903E-10	1.188027E-10	1.213792E-10	1.292249E-10	1.681641E-10	1.161419E-8	1.696627E-10	1.487893E-10	1.124640E-10	1.135489E-10	1.110161E-10	1.230168E-10
   0:12:40	1	2.894600E+1	3.740000E+2	1.634500E-8	1.620988E-8	1.758839E-10	1.128647E-10	1.199126E-10	1.075866E-10	1.079585E-10	1.108198E-10	1.126263E-10	1.218157E-10	2.053131E-10	1.667708E-10	1.139987E-10	1.151837E-10	1.152205E-10	1.170625E-10	1.195307E-10	1.269560E-10	1.272086E-10	1.575376E-10	1.212571E-10	1.193617E-10	1.671518E-10	1.216378E-10	1.229593E-10	1.293511E-10	1.697398E-10	1.213691E-8	1.711778E-10	1.502456E-10	1.145484E-10	1.138660E-10	1.149678E-10	1.224470E-10
   0:13:04	1	2.894400E+1	3.760000E+2	1.692500E-8	1.681172E-8	1.799826E-10	1.148196E-10	1.201022E-10	1.101812E-10	1.107460E-10	1.120146E-10	1.137631E-10	1.225135E-10	2.103845E-10	1.682871E-10	1.144409E-10	1.171416E-10	1.179445E-10	1.197125E-10	1.209877E-10	1.290441E-10	1.301869E-10	1.603704E-10	1.230838E-10	1.215557E-10	1.686021E-10	1.228341E-10	1.239069E-10	1.335046E-10	1.722621E-10	1.267314E-8	1.731983E-10	1.525885E-10	1.161903E-10	1.151964E-10	1.170372E-10	1.259922E-10
   0:13:29	1	2.894200E+1	3.780000E+2	1.757600E-8	1.747244E-8	1.849016E-10	1.164590E-10	1.207977E-10	1.113841E-10	1.124563E-10	1.148427E-10	1.150893E-10	1.252404E-10	2.151377E-10	1.715105E-10	1.177917E-10	1.161946E-10	1.211754E-10	1.211640E-10	1.231406E-10	1.306896E-10	1.318971E-10	1.628246E-10	1.250368E-10	1.238745E-10	1.716314E-10	1.248498E-10	1.249812E-10	1.350160E-10	1.762348E-10	1.326263E-8	1.793227E-10	1.550583E-10	1.182737E-10	1.172870E-10	1.184798E-10	1.270687E-10
   0:13:53	1	2.894000E+1	3.800000E+2	1.828000E-8	1.818005E-8	1.893796E-10	1.174047E-10	1.233264E-10	1.139157E-10	1.148007E-10	1.159739E-10	1.177428E-10	1.264457E-10	2.216672E-10	1.744176E-10	1.188667E-10	1.198572E-10	1.222523E-10	1.231834E-10	1.247246E-10	1.311332E-10	1.344944E-10	1.657199E-10	1.265483E-10	1.253798E-10	1.742183E-10	1.285034E-10	1.255497E-10	1.366526E-10	1.796391E-10	1.389715E-8	1.827955E-10	1.576541E-10	1.208626E-10	1.192516E-10	1.199225E-10	1.306139E-10
   0:14:17	1	2.893800E+1	3.820000E+2	1.902800E-8	1.889102E-8	1.950553E-10	1.194223E-10	1.242744E-10	1.137259E-10	1.164480E-10	1.164771E-10	1.189425E-10	1.298693E-10	2.258510E-10	1.776399E-10	1.200055E-10	1.207405E-10	1.228223E-10	1.233727E-10	1.252946E-10	1.336010E-10	1.356345E-10	1.699368E-10	1.308948E-10	1.276362E-10	1.768053E-10	1.274960E-10	1.297831E-10	1.363376E-10	1.825397E-10	1.454611E-8	1.868365E-10	1.604398E-10	1.226939E-10	1.200119E-10	1.217414E-10	1.325769E-10
   0:14:41	1	2.893600E+1	3.840000E+2	1.983600E-8	1.970099E-8	1.997842E-10	1.216291E-10	1.277511E-10	1.175864E-10	1.170811E-10	1.194947E-10	1.201431E-10	1.303769E-10	2.323794E-10	1.813691E-10	1.235460E-10	1.230772E-10	1.249753E-10	1.248869E-10	1.290956E-10	1.365124E-10	1.386128E-10	1.727695E-10	1.328469E-10	1.297679E-10	1.807181E-10	1.307717E-10	1.320583E-10	1.397370E-10	1.880890E-10	1.526874E-8	1.909413E-10	1.632884E-10	1.240835E-10	1.228638E-10	1.232474E-10	1.327668E-10
   0:15:06	1	2.893400E+1	3.860000E+2	2.065400E-8	2.052507E-8	2.069741E-10	1.204316E-10	1.287620E-10	1.188522E-10	1.191725E-10	1.202489E-10	1.226699E-10	1.317724E-10	2.387818E-10	1.837065E-10	1.244313E-10	1.255406E-10	1.264322E-10	1.287364E-10	1.304256E-10	1.382209E-10	1.432372E-10	1.767340E-10	1.358709E-10	1.320877E-10	1.817272E-10	1.310869E-10	1.338907E-10	1.406174E-10	1.928182E-10	1.601531E-8	1.951089E-10	1.672775E-10	1.259776E-10	1.261588E-10	1.251911E-10	1.368188E-10
   0:15:30	1	2.893200E+1	3.880000E+2	2.155200E-8	2.145165E-8	2.125860E-10	1.254753E-10	1.308486E-10	1.194217E-10	1.202497E-10	1.231405E-10	1.245018E-10	1.339918E-10	2.460717E-10	1.876252E-10	1.269596E-10	1.263610E-10	1.286491E-10	1.325231E-10	1.319455E-10	1.393599E-10	1.464676E-10	1.792518E-10	1.374450E-10	1.351596E-10	1.843141E-10	1.361257E-10	1.367336E-10	1.448356E-10	1.980510E-10	1.685049E-8	2.011066E-10	1.702531E-10	1.281248E-10	1.278063E-10	1.280764E-10	1.377053E-10
   0:15:54	1	2.892900E+1	3.900000E+2	2.248300E-8	2.240271E-8	2.188929E-10	1.281868E-10	1.331876E-10	1.224588E-10	1.248745E-10	1.246488E-10	1.264593E-10	1.380501E-10	2.541852E-10	1.928697E-10	1.289828E-10	1.308451E-10	1.301061E-10	1.335960E-10	1.343525E-10	1.432843E-10	1.490018E-10	1.828397E-10	1.403427E-10	1.372903E-10	1.886682E-10	1.375746E-10	1.382507E-10	1.457796E-10	2.026537E-10	1.770601E-8	2.046433E-10	1.736095E-10	1.309031E-10	1.306572E-10	1.295191E-10	1.399842E-10
   0:16:18	1	2.892800E+1	3.920000E+2	2.358000E-8	2.344915E-8	2.260191E-10	1.301417E-10	1.365376E-10	1.242942E-10	1.258876E-10	1.268488E-10	1.287967E-10	1.389381E-10	2.618554E-10	1.938185E-10	1.303114E-10	1.314134E-10	1.334000E-10	1.344797E-10	1.379635E-10	1.460688E-10	1.510920E-10	1.868052E-10	1.440598E-10	1.404879E-10	1.913189E-10	1.395276E-10	1.404622E-10	1.478563E-10	2.070046E-10	1.866253E-8	2.107676E-10	1.784212E-10	1.338708E-10	1.330019E-10	1.330311E-10	1.421371E-10
   0:16:43	1	2.892600E+1	3.940000E+2	2.466800E-8	2.456084E-8	2.344066E-10	1.334205E-10	1.383079E-10	1.254331E-10	1.280420E-10	1.296769E-10	1.308180E-10	1.409032E-10	2.690182E-10	2.010852E-10	1.339147E-10	1.349494E-10	1.346040E-10	1.373827E-10	1.411304E-10	1.468281E-10	1.556535E-10	1.899519E-10	1.458229E-10	1.429324E-10	1.957985E-10	1.429922E-10	1.390717E-10	1.524511E-10	2.136888E-10	1.967225E-8	2.168291E-10	1.806372E-10	1.371545E-10	1.352826E-10	1.351639E-10	1.452395E-10
   0:17:07	1	2.892500E+1	3.960000E+2	2.592500E-8	2.579118E-8	2.425413E-10	1.365102E-10	1.423533E-10	1.284713E-10	1.304494E-10	1.314998E-10	1.328393E-10	1.449615E-10	2.778282E-10	2.055087E-10	1.362543E-10	1.367179E-10	1.382139E-10	1.385812E-10	1.427144E-10	1.517018E-10	1.581247E-10	1.956790E-10	1.502957E-10	1.456282E-10	1.993318E-10	1.460153E-10	1.462117E-10	1.544027E-10	2.175350E-10	2.079143E-8	2.211861E-10	1.844994E-10	1.389229E-10	1.376903E-10	1.384255E-10	1.486588E-10
   0:17:31	1	2.892300E+1	3.980000E+2	2.721800E-8	2.708195E-8	2.521902E-10	1.386533E-10	1.459558E-10	1.310659E-10	1.335539E-10	1.336373E-10	1.353033E-10	1.468646E-10	2.870194E-10	2.089845E-10	1.396689E-10	1.386748E-10	1.397978E-10	1.424306E-10	1.456914E-10	1.525870E-10	1.634462E-10	1.988258E-10	1.521851E-10	1.507685E-10	2.024238E-10	1.498578E-10	1.499393E-10	1.562907E-10	2.251010E-10	2.196840E-8	2.276902E-10	1.891212E-10	1.432164E-10	1.405422E-10	1.409345E-10	1.511275E-10
   0:17:55	1	2.892100E+1	4.000000E+2	2.867100E-8	2.854166E-8	2.620910E-10	1.385906E-10	1.478528E-10	1.336605E-10	1.349482E-10	1.374091E-10	1.391564E-10	1.497817E-10	2.981760E-10	2.161893E-10	1.437154E-10	1.418958E-10	1.444217E-10	1.452081E-10	1.493024E-10	1.561318E-10	1.673106E-10	2.056866E-10	1.562164E-10	1.549686E-10	2.081665E-10	1.504256E-10	1.539831E-10	1.623332E-10	2.314696E-10	2.329396E-8	2.362138E-10	1.943767E-10	1.453637E-10	1.454847E-10	1.423138E-10	1.548636E-10
   0:18:20	1	2.891900E+1	4.020000E+2	3.023100E-8	3.007359E-8	2.710461E-10	1.438244E-10	1.505072E-10	1.373950E-10	1.379257E-10	1.399862E-10	1.415567E-10	1.528250E-10	3.085720E-10	2.223826E-10	1.461808E-10	1.456851E-10	1.469556E-10	1.448923E-10	1.515823E-10	1.582829E-10	1.726952E-10	2.112249E-10	1.618856E-10	1.572883E-10	2.115105E-10	1.554644E-10	1.557527E-10	1.649774E-10	2.397922E-10	2.469796E-8	2.441064E-10	1.976691E-10	1.502892E-10	1.477654E-10	1.475201E-10	1.580920E-10
   0:18:44	1	2.891800E+1	4.040000E+2	3.192600E-8	3.182338E-8	2.841008E-10	1.473550E-10	1.561333E-10	1.392304E-10	1.405231E-10	1.440716E-10	1.438941E-10	1.553617E-10	3.217560E-10	2.284492E-10	1.485833E-10	1.493477E-10	1.499325E-10	1.518968E-10	1.548133E-10	1.651187E-10	1.765596E-10	2.174558E-10	1.664837E-10	1.608620E-10	2.170002E-10	1.594332E-10	1.597336E-10	1.689432E-10	2.488095E-10	2.629176E-8	2.514947E-10	2.035573E-10	1.539517E-10	1.533421E-10	1.511579E-10	1.622709E-10
   0:19:08	1	2.891600E+1	4.060000E+2	3.383000E-8	3.372153E-8	2.961450E-10	1.519577E-10	1.588516E-10	1.441028E-10	1.454650E-10	1.485351E-10	1.483156E-10	1.606884E-10	3.353211E-10	2.331889E-10	1.533255E-10	1.523155E-10	1.536064E-10	1.561248E-10	1.598802E-10	1.672068E-10	1.815640E-10	2.240017E-10	1.706413E-10	1.651878E-10	2.233097E-10	1.628341E-10	1.627660E-10	1.731604E-10	2.567538E-10	2.803208E-8	2.609653E-10	2.100782E-10	1.572354E-10	1.539753E-10	1.550462E-10	1.668926E-10
   0:19:32	1	2.891400E+1	4.080000E+2	3.586500E-8	3.575977E-8	3.093262E-10	1.556775E-10	1.623283E-10	1.483429E-10	1.488226E-10	1.518663E-10	1.516632E-10	1.643664E-10	3.490765E-10	2.424779E-10	1.568669E-10	1.558515E-10	1.578503E-10	1.589651E-10	1.632382E-10	1.710044E-10	1.866326E-10	2.312400E-10	1.755547E-10	1.716443E-10	2.274745E-10	1.690076E-10	1.687689E-10	1.778177E-10	2.662121E-10	2.990097E-8	2.708784E-10	2.158405E-10	1.622238E-10	1.584107E-10	1.591237E-10	1.702479E-10
   0:19:57	1	2.891200E+1	4.100000E+2	3.819700E-8	3.808969E-8	3.243979E-10	1.604066E-10	1.666263E-10	1.506218E-10	1.548416E-10	1.536892E-10	1.562742E-10	1.696290E-10	3.651774E-10	2.498085E-10	1.614184E-10	1.591982E-10	1.618411E-10	1.630666E-10	1.659622E-10	1.765734E-10	1.933472E-10	2.381635E-10	1.821058E-10	1.766599E-10	2.326484E-10	1.736058E-10	1.722441E-10	1.833575E-10	2.770570E-10	3.204438E-8	2.827492E-10	2.234379E-10	1.661385E-10	1.636063E-10	1.636398E-10	1.770224E-10
   0:20:21	1	2.891000E+1	4.110000E+2	3.940500E-8	3.929896E-8	3.336048E-10	1.618569E-10	1.682069E-10	1.528368E-10	1.557288E-10	1.577756E-10	1.579793E-10	1.714049E-10	3.751922E-10	2.528422E-10	1.631891E-10	1.613455E-10	1.631711E-10	1.662854E-10	1.700791E-10	1.779662E-10	1.984157E-10	2.413102E-10	1.844367E-10	1.786026E-10	2.376968E-10	1.752436E-10	1.757194E-10	1.844267E-10	2.831737E-10	3.316017E-8	2.861593E-10	2.257168E-10	1.695488E-10	1.663311E-10	1.653953E-10	1.771494E-10
   0:20:45	1	2.890800E+1	4.120000E+2	4.075200E-8	4.057532E-8	3.399744E-10	1.638746E-10	1.698505E-10	1.570139E-10	1.564249E-10	1.597870E-10	1.605700E-10	1.748296E-10	3.830525E-10	2.565704E-10	1.657184E-10	1.651348E-10	1.659590E-10	1.681155E-10	1.707121E-10	1.811303E-10	2.024701E-10	2.474785E-10	1.887833E-10	1.806720E-10	2.410408E-10	1.772593E-10	1.778680E-10	1.882663E-10	2.882174E-10	3.433060E-8	2.952521E-10	2.297689E-10	1.719483E-10	1.692460E-10	1.666498E-10	1.810744E-10
   0:21:09	1	2.890600E+1	4.130000E+2	4.203900E-8	4.193280E-8	3.505063E-10	1.661451E-10	1.737692E-10	1.574565E-10	1.592764E-10	1.604152E-10	1.624647E-10	1.772392E-10	3.935116E-10	2.618788E-10	1.676149E-10	1.667767E-10	1.681760E-10	1.689354E-10	1.724231E-10	1.844843E-10	2.056374E-10	2.501851E-10	1.922468E-10	1.844337E-10	2.437543E-10	1.787719E-10	1.800155E-10	1.904702E-10	2.960990E-10	3.558281E-8	2.996081E-10	2.340118E-10	1.749159E-10	1.722879E-10	1.712917E-10	1.851903E-10
   0:21:34	1	2.890400E+1	4.140000E+2	4.361900E-8	4.347548E-8	3.600916E-10	1.702431E-10	1.760444E-10	1.596085E-10	1.623179E-10	1.635579E-10	1.651810E-10	1.783804E-10	4.028299E-10	2.640905E-10	1.708399E-10	1.701233E-10	1.712789E-10	1.729742E-10	1.779970E-10	1.866364E-10	2.100729E-10	2.557234E-10	1.945777E-10	1.895106E-10	2.467835E-10	1.826144E-10	1.833013E-10	1.924208E-10	3.013956E-10	3.700666E-8	3.054802E-10	2.388865E-10	1.784528E-10	1.746957E-10	1.751176E-10	1.875961E-10
   0:21:58	1	2.890200E+1	4.150000E+2	4.513200E-8	4.499046E-8	3.715693E-10	1.725136E-10	1.791419E-10	1.622031E-10	1.639012E-10	1.674557E-10	1.687809E-10	1.821855E-10	4.136052E-10	2.665557E-10	1.741907E-10	1.721440E-10	1.741298E-10	1.756879E-10	1.790740E-10	1.887885E-10	2.127962E-10	2.605066E-10	1.986727E-10	1.911406E-10	2.508846E-10	1.855748E-10	1.859556E-10	1.960716E-10	3.088362E-10	3.840520E-8	3.137526E-10	2.419261E-10	1.822409E-10	1.763432E-10	1.783158E-10	1.903187E-10
   0:22:22	1	2.890000E+1	4.160000E+2	4.675400E-8	4.663547E-8	3.815328E-10	1.742784E-10	1.825557E-10	1.644181E-10	1.672587E-10	1.686495E-10	1.704232E-10	1.845320E-10	4.238111E-10	2.724327E-10	1.752028E-10	1.762483E-10	1.760937E-10	1.775807E-10	1.837610E-10	1.929647E-10	2.180547E-10	2.657310E-10	2.033971E-10	1.937741E-10	2.561222E-10	1.912440E-10	1.872822E-10	2.001636E-10	3.152048E-10	3.992389E-8	3.208239E-10	2.459782E-10	1.858406E-10	1.807155E-10	1.807625E-10	1.947505E-10
   0:22:46	1	2.889800E+1	4.170000E+2	4.847600E-8	4.835795E-8	3.932635E-10	1.774309E-10	1.859695E-10	1.677090E-10	1.689060E-10	1.707870E-10	1.740241E-10	1.869416E-10	4.365517E-10	2.790051E-10	1.791854E-10	1.778902E-10	1.791976E-10	1.810516E-10	1.854080E-10	1.953706E-10	2.224261E-10	2.715217E-10	2.055381E-10	1.975981E-10	2.591505E-10	1.938266E-10	1.909470E-10	2.024291E-10	3.230863E-10	4.152271E-8	3.280855E-10	2.503471E-10	1.884295E-10	1.832493E-10	1.836478E-10	1.962697E-10
   0:23:11	1	2.889600E+1	4.180000E+2	5.047800E-8	5.034549E-8	4.055606E-10	1.809625E-10	1.883715E-10	1.709361E-10	1.710604E-10	1.750609E-10	1.764243E-10	1.920140E-10	4.497997E-10	2.856403E-10	1.815879E-10	1.821221E-10	1.829345E-10	1.846490E-10	1.860420E-10	1.992940E-10	2.283177E-10	2.751722E-10	2.118376E-10	2.030521E-10	2.628740E-10	1.956533E-10	1.947385E-10	2.048209E-10	3.322918E-10	4.336277E-8	3.367357E-10	2.578815E-10	1.924080E-10	1.879388E-10	1.861569E-10	2.003846E-10
   0:23:35	1	2.889400E+1	4.190000E+2	5.248700E-8	5.230127E-8	4.197492E-10	1.819081E-10	1.914051E-10	1.737844E-10	1.747350E-10	1.787067E-10	1.800251E-10	1.932824E-10	4.636181E-10	2.899371E-10	1.861404E-10	1.849632E-10	1.850884E-10	1.874255E-10	1.924399E-10	2.029647E-10	2.331952E-10	2.842348E-10	2.148606E-10	2.058103E-10	2.686157E-10	1.991179E-10	1.990346E-10	2.099821E-10	3.413092E-10	4.517457E-8	3.437442E-10	2.602874E-10	1.963227E-10	1.913598E-10	1.891045E-10	2.035510E-10
   0:23:59	1	2.889200E+1	4.200000E+2	5.457200E-8	5.439917E-8	4.320473E-10	1.870155E-10	1.956402E-10	1.766318E-10	1.797399E-10	1.816618E-10	1.820464E-10	1.981016E-10	4.778177E-10	2.964466E-10	1.881008E-10	1.872362E-10	1.900923E-10	1.876786E-10	1.954169E-10	2.066354E-10	2.383267E-10	2.889554E-10	2.193961E-10	2.107002E-10	2.726540E-10	2.017005E-10	2.028889E-10	2.135703E-10	3.504519E-10	4.712385E-8	3.525210E-10	2.673780E-10	1.986594E-10	1.950990E-10	1.935573E-10	2.071592E-10
   0:24:23	1	2.889100E+1	4.210000E+2	5.697200E-8	5.683383E-8	4.483177E-10	1.919337E-10	1.998753E-10	1.813784E-10	1.813242E-10	1.846785E-10	1.865308E-10	2.005111E-10	4.925236E-10	3.007434E-10	1.926533E-10	1.905200E-10	1.924992E-10	1.935474E-10	1.990278E-10	2.107487E-10	2.444083E-10	2.959414E-10	2.260099E-10	2.138978E-10	2.766923E-10	2.074334E-10	2.048480E-10	2.191090E-10	3.607294E-10	4.938878E-8	3.631289E-10	2.726965E-10	2.034583E-10	1.984570E-10	1.995784E-10	2.118448E-10
   0:24:48	1	2.888900E+1	4.220000E+2	5.941600E-8	5.926406E-8	4.643979E-10	1.955271E-10	2.021515E-10	1.838471E-10	1.853158E-10	1.880097E-10	1.897527E-10	2.060281E-10	5.105248E-10	3.071891E-10	1.965101E-10	1.959512E-10	1.957931E-10	1.987218E-10	2.033978E-10	2.141667E-10	2.503639E-10	3.034948E-10	2.298523E-10	2.200406E-10	2.816770E-10	2.112759E-10	2.103451E-10	2.228860E-10	3.710069E-10	5.164084E-8	3.739262E-10	2.791544E-10	2.083839E-10	2.023852E-10	2.031538E-10	2.179857E-10
   0:25:12	1	2.888700E+1	4.230000E+2	6.204100E-8	6.191152E-8	4.818669E-10	1.990588E-10	2.065133E-10	1.875177E-10	1.882303E-10	1.913420E-10	1.939219E-10	2.087550E-10	5.293516E-10	3.129405E-10	2.012523E-10	1.996138E-10	1.997200E-10	2.006784E-10	2.069457E-10	2.191032E-10	2.586627E-10	3.115509E-10	2.354588E-10	2.246801E-10	2.900066E-10	2.168815E-10	2.154632E-10	2.282360E-10	3.825456E-10	5.410129E-8	3.857343E-10	2.849167E-10	2.141298E-10	2.073917E-10	2.061649E-10	2.215949E-10
   0:25:36	1	2.888500E+1	4.240000E+2	6.481200E-8	6.471076E-8	5.016686E-10	2.034723E-10	2.096108E-10	1.916949E-10	1.930452E-10	1.927878E-10	1.958166E-10	2.123068E-10	5.465292E-10	3.183745E-10	2.043505E-10	2.029604E-10	2.032039E-10	2.059794E-10	2.099227E-10	2.227110E-10	2.648713E-10	3.190407E-10	2.427030E-10	2.313880E-10	2.945500E-10	2.201571E-10	2.193175E-10	2.310063E-10	3.960393E-10	5.672113E-8	3.953942E-10	2.918174E-10	2.182350E-10	2.122072E-10	2.118721E-10	2.265963E-10
   0:26:00	1	2.888400E+1	4.250000E+2	6.818200E-8	6.804423E-8	5.225424E-10	2.082642E-10	2.163735E-10	1.960608E-10	1.976069E-10	1.989471E-10	2.035857E-10	2.193454E-10	5.685251E-10	3.272225E-10	2.089020E-10	2.072551E-10	2.081448E-10	2.114696E-10	2.151166E-10	2.293560E-10	2.712700E-10	3.277268E-10	2.479306E-10	2.361522E-10	3.015538E-10	2.267084E-10	2.256356E-10	2.386219E-10	4.070733E-10	5.982332E-8	4.113699E-10	2.984662E-10	2.233499E-10	2.167696E-10	2.172031E-10	2.323584E-10
   0:26:25	1	2.888200E+1	4.260000E+2	7.152000E-8	7.141632E-8	5.462545E-10	2.131824E-10	2.194710E-10	2.013140E-10	2.018517E-10	2.039137E-10	2.059231E-10	2.225788E-10	5.915987E-10	3.338578E-10	2.145295E-10	2.135067E-10	2.130226E-10	2.148768E-10	2.207546E-10	2.325202E-10	2.812790E-10	3.381119E-10	2.570643E-10	2.431105E-10	3.062864E-10	2.322514E-10	2.293004E-10	2.436578E-10	4.225219E-10	6.297117E-8	4.223565E-10	3.073300E-10	2.290331E-10	2.232326E-10	2.227856E-10	2.376767E-10
   0:26:49	1	2.888100E+1	4.270000E+2	7.523100E-8	7.508365E-8	5.687680E-10	2.183525E-10	2.258556E-10	2.025798E-10	2.052093E-10	2.078106E-10	2.097134E-10	2.267013E-10	6.161924E-10	3.418837E-10	2.195881E-10	2.170427E-10	2.186594E-10	2.182221E-10	2.252515E-10	2.389754E-10	2.900848E-10	3.472381E-10	2.638680E-10	2.507586E-10	3.144895E-10	2.376064E-10	2.351776E-10	2.496378E-10	4.384742E-10	6.640716E-8	4.376364E-10	3.145476E-10	2.372423E-10	2.287453E-10	2.267997E-10	2.433749E-10
   0:27:13	1	2.887900E+1	4.280000E+2	7.928200E-8	7.911871E-8	5.931741E-10	2.244692E-10	2.297753E-10	2.089719E-10	2.104041E-10	2.142855E-10	2.149566E-10	2.339300E-10	6.424982E-10	3.513622E-10	2.250889E-10	2.231049E-10	2.234743E-10	2.228287E-10	2.306995E-10	2.449880E-10	2.989537E-10	3.586298E-10	2.738827E-10	2.586580E-10	3.219346E-10	2.426452E-10	2.423176E-10	2.564982E-10	4.549939E-10	7.017521E-8	4.538005E-10	3.254384E-10	2.428617E-10	2.349552E-10	2.335110E-10	2.504023E-10
   0:27:37	1	2.887800E+1	4.290000E+2	8.396300E-8	8.386606E-8	6.252728E-10	2.317196E-10	2.361589E-10	2.146037E-10	2.168663E-10	2.190626E-10	2.218412E-10	2.397643E-10	6.743828E-10	3.581879E-10	2.314111E-10	2.294831E-10	2.279712E-10	2.321684E-10	2.372874E-10	2.510006E-10	3.099138E-10	3.715327E-10	2.810643E-10	2.644258E-10	3.313998E-10	2.502049E-10	2.492671E-10	2.636109E-10	4.735323E-10	7.462199E-8	4.749535E-10	3.356945E-10	2.499345E-10	2.424955E-10	2.405361E-10	2.583163E-10
   0:28:02	1	2.887600E+1	4.300000E+2	8.894500E-8	8.873001E-8	6.598315E-10	2.363860E-10	2.439345E-10	2.200467E-10	2.220622E-10	2.250969E-10	2.290419E-10	2.459789E-10	7.069009E-10	3.701944E-10	2.367851E-10	2.355453E-10	2.335450E-10	2.375949E-10	2.448253E-10	2.577086E-10	3.233441E-10	3.837431E-10	2.915831E-10	2.731397E-10	3.389087E-10	2.588345E-10	2.577976E-10	2.713536E-10	4.960423E-10	7.917278E-8	4.904866E-10	3.450651E-10	2.579543E-10	2.487054E-10	2.483128E-10	2.664832E-10
   0:28:26	1	2.887400E+1	4.310000E+2	9.446000E-8	9.441223E-8	6.943902E-10	2.427545E-10	2.508240E-10	2.278305E-10	2.325790E-10	2.303145E-10	2.351696E-10	2.557444E-10	7.439189E-10	3.792948E-10	2.438669E-10	2.423662E-10	2.411468E-10	2.436530E-10	2.505262E-10	2.654936E-10	3.355714E-10	3.989114E-10	3.030477E-10	2.833579E-10	3.503931E-10	2.646927E-10	2.632319E-10	2.795356E-10	5.157154E-10	8.451120E-8	5.101863E-10	3.581079E-10	2.695728E-10	2.582734E-10	2.558399E-10	2.747140E-10
   0:28:50	1	2.887200E+1	4.320000E+2	1.010100E-7	1.009920E-7	7.376521E-10	2.518335E-10	2.580308E-10	2.359320E-10	2.375838E-10	2.389884E-10	2.419285E-10	2.628460E-10	7.904454E-10	3.945875E-10	2.552477E-10	2.500065E-10	2.490015E-10	2.526779E-10	2.599641E-10	2.761890E-10	3.517890E-10	4.125695E-10	3.135039E-10	2.944540E-10	3.606154E-10	2.756533E-10	2.724567E-10	2.912441E-10	5.447831E-10	9.068474E-8	5.353175E-10	3.691247E-10	2.765190E-10	2.654336E-10	2.653731E-10	2.854775E-10
   0:29:14	1	2.887100E+1	4.330000E+2	1.079800E-7	1.079670E-7	7.870934E-10	2.598415E-10	2.670070E-10	2.425769E-10	2.431598E-10	2.460290E-10	2.475497E-10	2.710899E-10	8.333595E-10	4.039402E-10	2.611278E-10	2.565113E-10	2.573623E-10	2.608819E-10	2.668691E-10	2.839100E-10	3.652823E-10	4.328360E-10	3.262283E-10	3.059884E-10	3.713417E-10	2.852277E-10	2.832615E-10	2.992373E-10	5.723368E-10	9.725533E-8	5.642365E-10	3.857138E-10	2.873799E-10	2.759518E-10	2.742172E-10	2.941512E-10
   0:29:39	1	2.886900E+1	4.340000E+2	1.158700E-7	1.159310E-7	8.372923E-10	2.686686E-10	2.756667E-10	2.507403E-10	2.524724E-10	2.545778E-10	2.573410E-10	2.812998E-10	8.857810E-10	4.151895E-10	2.708018E-10	2.667416E-10	2.670540E-10	2.668134E-10	2.766870E-10	2.938461E-10	3.834011E-10	4.541716E-10	3.421647E-10	3.192162E-10	3.834577E-10	2.966925E-10	2.947615E-10	3.107570E-10	6.075840E-10	1.047446E-7	5.952389E-10	3.993263E-10	2.993783E-10	2.866601E-10	2.849425E-10	3.076373E-10
   0:30:03	1	2.886800E+1	4.350000E+2	1.250200E-7	1.250042E-7	9.007968E-10	2.803973E-10	2.854641E-10	2.586510E-10	2.610889E-10	2.630007E-10	2.673209E-10	2.904947E-10	9.447320E-10	4.307356E-10	2.826886E-10	2.767186E-10	2.760487E-10	2.786148E-10	2.861889E-10	3.057444E-10	4.046872E-10	4.722989E-10	3.581647E-10	3.309387E-10	3.988539E-10	3.070237E-10	3.016481E-10	3.254853E-10	6.439032E-10	1.133067E-7	6.251677E-10	4.147750E-10	3.126386E-10	2.981296E-10	2.956679E-10	3.194134E-10
   0:30:28	1	2.886600E+1	4.360000E+2	1.363200E-7	1.362703E-7	9.776707E-10	2.919359E-10	2.979808E-10	2.717519E-10	2.700224E-10	2.730579E-10	2.786280E-10	3.036208E-10	1.024727E-9	4.447014E-10	2.952702E-10	2.899805E-10	2.872604E-10	2.916147E-10	2.975907E-10	3.189086E-10	4.293307E-10	4.996140E-10	3.748568E-10	3.494958E-10	4.170890E-10	3.233383E-10	3.189615E-10	3.402146E-10	6.876620E-10	1.239320E-7	6.631795E-10	4.377581E-10	3.260894E-10	3.121329E-10	3.103439E-10	3.334683E-10
   0:30:52	1	2.886500E+1	4.370000E+2	1.485800E-7	1.486051E-7	1.063501E-9	3.054285E-10	3.108127E-10	2.794728E-10	2.815534E-10	2.868869E-10	2.897456E-10	3.168740E-10	1.108589E-9	4.680200E-10	3.066520E-10	2.991371E-10	3.005620E-10	3.022794E-10	3.126036E-10	3.335914E-10	4.591686E-10	5.302656E-10	3.995489E-10	3.669227E-10	4.324862E-10	3.377009E-10	3.303977E-10	3.568318E-10	7.385459E-10	1.355703E-7	7.060527E-10	4.598556E-10	3.444019E-10	3.284169E-10	3.258369E-10	3.526526E-10
   0:31:16	1	2.886300E+1	4.380000E+2	1.632900E-7	1.631910E-7	1.165159E-9	3.174717E-10	3.233284E-10	2.955469E-10	2.949207E-10	2.993962E-10	3.021895E-10	3.313325E-10	1.208995E-9	4.840080E-10	3.222689E-10	3.156190E-10	3.134206E-10	3.147742E-10	3.272994E-10	3.486539E-10	4.884376E-10	5.610434E-10	4.232964E-10	3.875481E-10	4.519207E-10	3.547086E-10	3.513120E-10	3.743931E-10	8.031126E-10	1.493649E-7	7.583347E-10	4.842310E-10	3.658715E-10	3.438147E-10	3.420180E-10	3.717099E-10
   0:31:40	1	2.886100E+1	4.390000E+2	1.807600E-7	1.807272E-7	1.294059E-9	3.365773E-10	3.421657E-10	3.082682E-10	3.109504E-10	3.132242E-10	3.162120E-10	3.480104E-10	1.331967E-9	5.073266E-10	3.395927E-10	3.317220E-10	3.305231E-10	3.318765E-10	3.435782E-10	3.690956E-10	5.265113E-10	5.996886E-10	4.521461E-10	4.102420E-10	4.754563E-10	3.743616E-10	3.726692E-10	3.956688E-10	8.722193E-10	1.659470E-7	8.203394E-10	5.148125E-10	3.853205E-10	3.664356E-10	3.637825E-10	3.953889E-10
   0:32:05	1	2.886000E+1	4.400000E+2	2.038500E-7	2.038409E-7	1.467988E-9	3.628706E-10	3.601808E-10	3.295325E-10	3.279293E-10	3.313907E-10	3.368049E-10	3.719801E-10	1.503622E-9	5.396199E-10	3.628604E-10	3.528764E-10	3.494635E-10	3.542161E-10	3.654320E-10	3.962462E-10	5.821339E-10	6.542572E-10	4.894374E-10	4.443446E-10	5.046091E-10	4.019531E-10	3.963636E-10	4.278957E-10	9.735472E-10	1.877821E-7	8.940894E-10	5.504585E-10	4.159473E-10	3.943162E-10	3.901256E-10	4.263483E-10
