APD#	0010	Started	08/14/07 13:41	Sense_ohms	1.004464E+6	1.004628E+6	1.002105E+6	1.000924E+6	9.998282E+5	1.007735E+6	1.002821E+6	9.989270E+5	9.993226E+5	1.002376E+6	1.001862E+6	1.003102E+6	1.000030E+6	1.003780E+6	1.000011E+6	1.000898E+6	9.999006E+5	1.006439E+6	1.005624E+6	1.010450E+6	1.003884E+6	1.005600E+6	1.002519E+6	1.006362E+6	1.004620E+6	1.008599E+6	1.003214E+6	1.000475E+6	1.003139E+6	9.996927E+5	1.009944E+6	1.000506E+6	
ElapTime	Shutter_Open	DegC	BiasV	KE237_Amps	Pixel_Sum	A1	A2	A3	A4	A5	A6	A7	A8	B1	B2	B3	B4	B5	B6	B7	B8	C1	C2	C3	C4	C5	C6	C7	C8	D1	D2	D3	D4	D5	D6	D7	D8
0:00:00	0	-9.996986E+0	0.000000E+0	1.019000E-11	-3.411125E-10	0.000000E+0	-1.264150E-11	0.000000E+0	-1.268828E-11	-2.530435E-11	-1.260252E-11	0.000000E+0	-2.532718E-11	0.000000E+0	-1.266990E-11	-1.267640E-11	-2.522176E-11	-2.529924E-11	0.000000E+0	-1.269986E-11	0.000000E+0	-1.270126E-11	-1.261875E-11	-2.515851E-11	-1.256866E-11	0.000000E+0	0.000000E+0	0.000000E+0	0.000000E+0	-2.518365E-11	-2.508430E-11	0.000000E+0	-1.269397E-11	0.000000E+0	-1.270390E-11	-1.257495E-11	-1.269358E-11
0:00:08	0	-9.998887E+0	5.000000E+1	3.316500E-10	-4.422025E-10	-1.264356E-11	-2.518345E-11	-2.524686E-11	0.000000E+0	0.000000E+0	-1.260252E-11	-2.522883E-11	-2.532718E-11	-2.531715E-11	-1.266990E-11	-1.267640E-11	-2.522176E-11	-1.269962E-11	-1.265217E-11	0.000000E+0	-1.268861E-11	-1.270126E-11	-1.261875E-11	-1.262897E-11	-1.256866E-11	-1.265086E-11	-1.262928E-11	0.000000E+0	-1.261971E-11	-2.518365E-11	-1.259172E-11	-2.521895E-11	0.000000E+0	-1.266026E-11	-1.270390E-11	-1.257495E-11	-1.269358E-11
0:00:17	0	-9.999951E+0	1.000000E+2	3.871300E-10	-3.666967E-10	-1.264356E-11	-1.264150E-11	-1.267332E-11	-1.268828E-11	-1.270218E-11	0.000000E+0	1.266427E-11	-2.532718E-11	-2.531715E-11	0.000000E+0	-1.267640E-11	0.000000E+0	-2.529924E-11	-1.265217E-11	0.000000E+0	-1.268861E-11	-1.270126E-11	-1.261875E-11	-1.262897E-11	-1.256866E-11	-1.265086E-11	0.000000E+0	0.000000E+0	0.000000E+0	-1.264160E-11	-1.259172E-11	-1.265931E-11	-2.528799E-11	-1.266026E-11	-1.270390E-11	-2.505089E-11	-2.528720E-11
0:00:26	0	-1.009595E+1	1.500000E+2	4.493300E-10	-3.789985E-10	-1.264356E-11	-2.518345E-11	-1.267332E-11	-1.268828E-11	-1.270218E-11	-1.260252E-11	-1.266427E-11	1.271364E-11	-1.270861E-11	-2.524003E-11	0.000000E+0	-2.522176E-11	0.000000E+0	0.000000E+0	-1.269986E-11	-2.527730E-11	0.000000E+0	-1.261875E-11	-1.262897E-11	-2.503835E-11	-1.265086E-11	-1.262928E-11	-1.266809E-11	0.000000E+0	-1.264160E-11	-1.259172E-11	0.000000E+0	-2.528799E-11	-1.266026E-11	-1.270390E-11	0.000000E+0	-2.528720E-11
0:00:35	0	-9.995314E+0	2.000000E+2	5.249300E-10	-1.896687E-10	1.264356E-11	0.000000E+0	0.000000E+0	-1.268828E-11	-2.530435E-11	-1.260252E-11	0.000000E+0	-1.271364E-11	-2.531715E-11	-1.266990E-11	1.267640E-11	0.000000E+0	0.000000E+0	-2.520473E-11	0.000000E+0	0.000000E+0	-1.270126E-11	0.000000E+0	-1.262897E-11	1.256866E-11	-1.265086E-11	-1.262928E-11	0.000000E+0	1.261971E-11	-1.264160E-11	-1.259172E-11	-2.521895E-11	1.269397E-11	0.000000E+0	-2.530778E-11	0.000000E+0	0.000000E+0
0:00:43	0	-9.999191E+0	2.500000E+2	1.040600E-9	-3.664169E-10	0.000000E+0	-2.518345E-11	-1.267332E-11	0.000000E+0	-2.530435E-11	-1.260252E-11	-1.266427E-11	-1.271364E-11	-2.531715E-11	-1.266990E-11	-1.267640E-11	-2.522176E-11	-2.529924E-11	-1.265217E-11	3.799958E-11	0.000000E+0	-1.270126E-11	-1.261875E-11	-1.262897E-11	-1.256866E-11	0.000000E+0	-1.262928E-11	0.000000E+0	-1.261971E-11	-2.518365E-11	-1.259172E-11	-1.265931E-11	-1.269397E-11	-1.266026E-11	-2.530778E-11	-1.257495E-11	0.000000E+0
0:00:52	0	-9.998279E+0	3.000000E+2	9.248000E-10	-2.148626E-10	0.000000E+0	0.000000E+0	-2.524686E-11	0.000000E+0	-1.270218E-11	0.000000E+0	0.000000E+0	1.271364E-11	-1.270861E-11	-2.524003E-11	0.000000E+0	-2.522176E-11	-2.529924E-11	-2.520473E-11	2.529972E-11	1.268861E-11	0.000000E+0	0.000000E+0	0.000000E+0	1.256866E-11	-1.265086E-11	0.000000E+0	-1.266809E-11	-1.261971E-11	-1.264160E-11	0.000000E+0	-1.265931E-11	-1.269397E-11	0.000000E+0	-2.530778E-11	-1.257495E-11	-1.269358E-11
0:01:01	0	-9.997063E+0	3.500000E+2	1.087000E-9	-1.639818E-10	0.000000E+0	-1.264150E-11	-2.524686E-11	1.268828E-11	-1.270218E-11	-1.260252E-11	1.266427E-11	1.271364E-11	-2.531715E-11	-1.266990E-11	0.000000E+0	0.000000E+0	0.000000E+0	-2.520473E-11	1.269986E-11	0.000000E+0	0.000000E+0	-1.261875E-11	-1.262897E-11	-1.256866E-11	0.000000E+0	0.000000E+0	0.000000E+0	-1.261971E-11	-1.264160E-11	-1.259172E-11	0.000000E+0	0.000000E+0	0.000000E+0	0.000000E+0	0.000000E+0	-1.269358E-11
0:01:10	0	-9.996379E+0	4.000000E+2	1.881600E-9	4.927630E-10	3.783112E-11	1.264150E-11	1.267332E-11	0.000000E+0	2.530435E-11	1.260252E-11	2.522883E-11	1.271364E-11	5.073437E-11	2.524003E-11	0.000000E+0	1.266073E-11	3.799886E-11	1.265217E-11	1.269986E-11	1.268861E-11	0.000000E+0	1.261875E-11	2.515851E-11	1.256866E-11	0.000000E+0	1.262928E-11	2.523643E-11	1.261971E-11	0.000000E+0	0.000000E+0	2.521895E-11	2.528799E-11	0.000000E+0	1.270390E-11	2.505089E-11	0.000000E+0
0:01:18	0	-9.997519E+0	4.100000E+2	2.789300E-9	1.730162E-9	1.386809E-10	5.046644E-11	2.524686E-11	3.796492E-11	5.070871E-11	5.031085E-11	3.789310E-11	2.532718E-11	1.140773E-10	5.057982E-11	6.318235E-11	5.054321E-11	7.599772E-11	5.050908E-11	8.869902E-11	6.324321E-11	1.270126E-11	2.513814E-11	3.778748E-11	5.017566E-11	3.785298E-11	5.041766E-11	3.790452E-11	5.037949E-11	5.046684E-11	3.767602E-11	5.053757E-11	6.326995E-11	3.788109E-11	7.602336E-11	7.525170E-11	6.326799E-11
0:01:26	0	-9.996379E+0	4.200000E+2	5.633200E-5	5.494573E-5	2.536337E-6	1.793668E-6	1.490851E-6	1.233147E-6	1.076010E-6	9.524712E-7	9.932412E-7	1.126920E-6	2.726209E-6	2.107576E-6	1.788492E-6	1.588403E-6	1.464619E-6	1.409614E-6	1.430482E-6	1.619137E-6	1.290837E-6	2.247302E-6	1.588450E-6	1.834270E-6	1.682223E-6	1.694507E-6	1.811138E-6	2.006733E-6	2.547947E-6	2.128395E-6	1.866706E-6	1.716912E-6	1.640776E-6	1.685411E-6	1.814593E-6	2.052348E-6
