APD#	0019	Started	07/18/07 15:12	Sense_ohms	1.004464E+6	1.004628E+6	1.002105E+6	1.000924E+6	9.998282E+5	1.007735E+6	1.002821E+6	9.989270E+5	9.993226E+5	1.002376E+6	1.001862E+6	1.003102E+6	1.000030E+6	1.003780E+6	1.000011E+6	1.000898E+6	9.999006E+5	1.006439E+6	1.005624E+6	1.010450E+6	1.003884E+6	1.005600E+6	1.002519E+6	1.006362E+6	1.004620E+6	1.008599E+6	1.003214E+6	1.000475E+6	1.003139E+6	9.996927E+5	1.009944E+6	1.000506E+6	
ElapTime	Shutter_Open	DegC	BiasV	KE237_Amps	Pixel_Sum	A1	A2	A3	A4	A5	A6	A7	A8	B1	B2	B3	B4	B5	B6	B7	B8	C1	C2	C3	C4	C5	C6	C7	C8	D1	D2	D3	D4	D5	D6	D7	D8
0:00:00	0	1.311658E-2	0.000000E+0	-2.340000E-11	-4.044015E-10	-1.264356E-11	-1.264150E-11	-2.524686E-11	-1.268828E-11	0.000000E+0	-1.260252E-11	-2.522883E-11	-1.271364E-11	-2.531715E-11	0.000000E+0	0.000000E+0	-3.788249E-11	-1.269962E-11	0.000000E+0	0.000000E+0	-2.527730E-11	-2.530252E-11	-1.261875E-11	-1.262897E-11	0.000000E+0	0.000000E+0	-3.778839E-11	-1.266809E-11	0.000000E+0	0.000000E+0	-1.259172E-11	-1.265931E-11	-1.269397E-11	-2.522083E-11	0.000000E+0	0.000000E+0	-2.528720E-11
0:00:08	0	1.273678E-2	5.000000E+1	2.534300E-9	-2.910029E-10	1.264356E-11	0.000000E+0	-1.267332E-11	-1.268828E-11	-2.530435E-11	0.000000E+0	-1.266427E-11	-2.532718E-11	-1.270861E-11	-1.266990E-11	-1.267640E-11	0.000000E+0	0.000000E+0	-1.265217E-11	-1.269986E-11	0.000000E+0	0.000000E+0	1.261875E-11	-1.262897E-11	-1.256866E-11	-1.265086E-11	-1.262928E-11	-1.266809E-11	-1.261971E-11	0.000000E+0	0.000000E+0	-2.521895E-11	-1.269397E-11	-1.266026E-11	0.000000E+0	-1.257495E-11	-2.528720E-11
0:00:17	0	1.152058E-2	1.000000E+2	3.956600E-9	-1.518664E-10	1.264356E-11	-1.264150E-11	0.000000E+0	-1.268828E-11	-1.270218E-11	0.000000E+0	0.000000E+0	-1.271364E-11	-1.270861E-11	1.266990E-11	0.000000E+0	-1.266073E-11	1.269962E-11	-1.265217E-11	-1.269986E-11	-1.268861E-11	1.270126E-11	1.261875E-11	-1.262897E-11	-1.256866E-11	0.000000E+0	-1.262928E-11	-1.266809E-11	0.000000E+0	1.264160E-11	-1.259172E-11	-1.265931E-11	-1.269397E-11	-1.266026E-11	-1.270390E-11	-1.257495E-11	1.269358E-11
0:00:26	0	8.404195E-3	1.500000E+2	4.120900E-9	7.564633E-11	1.264356E-11	0.000000E+0	-1.267332E-11	2.527664E-11	-1.270218E-11	0.000000E+0	0.000000E+0	0.000000E+0	-1.270861E-11	0.000000E+0	1.267640E-11	-1.266073E-11	0.000000E+0	1.265217E-11	1.269986E-11	-1.268861E-11	1.270126E-11	1.261875E-11	-1.262897E-11	1.256866E-11	1.265086E-11	0.000000E+0	-1.266809E-11	1.261971E-11	2.518365E-11	0.000000E+0	0.000000E+0	0.000000E+0	1.266026E-11	0.000000E+0	-1.257495E-11	0.000000E+0
0:00:35	0	8.936390E-3	2.000000E+2	4.166700E-9	1.389548E-10	2.518756E-11	2.518345E-11	1.267332E-11	1.268828E-11	0.000000E+0	0.000000E+0	0.000000E+0	1.271364E-11	0.000000E+0	0.000000E+0	1.267640E-11	-1.266073E-11	1.269962E-11	-1.265217E-11	0.000000E+0	1.268861E-11	0.000000E+0	0.000000E+0	1.262897E-11	1.256866E-11	0.000000E+0	1.262928E-11	0.000000E+0	-1.261971E-11	1.264160E-11	1.259172E-11	0.000000E+0	-1.269397E-11	0.000000E+0	1.270390E-11	0.000000E+0	-1.269358E-11
0:00:43	0	1.144439E-2	2.500000E+2	4.296400E-9	4.544435E-10	3.783112E-11	1.264150E-11	0.000000E+0	1.268828E-11	1.270218E-11	2.510581E-11	1.266427E-11	2.532718E-11	1.270861E-11	2.524003E-11	0.000000E+0	2.522176E-11	2.529924E-11	0.000000E+0	1.269986E-11	2.527730E-11	0.000000E+0	1.261875E-11	1.262897E-11	1.256866E-11	-1.265086E-11	2.515911E-11	0.000000E+0	1.261971E-11	3.782525E-11	2.508430E-11	1.265931E-11	2.528799E-11	1.266026E-11	0.000000E+0	1.257495E-11	0.000000E+0
0:00:52	0	1.174860E-2	3.000000E+2	4.493100E-9	1.211957E-9	6.301868E-11	3.782495E-11	3.792018E-11	7.592984E-11	2.530435E-11	6.281413E-11	2.522883E-11	5.075446E-11	3.802576E-11	1.266990E-11	2.525298E-11	3.788249E-11	5.069848E-11	2.520473E-11	3.799958E-11	3.796591E-11	3.800378E-11	5.037563E-11	3.778748E-11	2.503835E-11	3.785298E-11	2.515911E-11	5.057261E-11	2.514006E-11	2.518365E-11	5.026775E-11	3.787826E-11	3.798196E-11	3.788109E-11	2.530778E-11	2.505089E-11	3.798078E-11
0:01:01	0	1.258439E-2	3.500000E+2	6.101000E-9	2.461824E-9	8.830580E-11	1.008333E-10	6.316703E-11	1.012065E-10	7.601306E-11	1.131250E-10	7.578621E-11	1.014088E-10	6.334291E-11	7.581985E-11	7.585875E-11	6.310425E-11	8.869734E-11	7.571380E-11	8.869902E-11	8.862042E-11	7.600756E-11	7.551377E-11	7.557497E-11	8.778267E-11	6.305509E-11	3.778839E-11	6.314095E-11	7.551954E-11	1.008341E-10	7.535205E-11	5.053757E-11	7.596392E-11	6.310192E-11	7.602336E-11	7.525170E-11	5.067436E-11
0:01:10	0	1.190038E-2	4.000000E+2	1.079500E-8	7.501114E-9	1.891556E-10	2.774161E-10	2.275211E-10	2.784427E-10	2.787479E-10	3.645800E-10	2.021298E-10	3.297538E-10	2.535718E-10	2.274596E-10	2.023233E-10	2.147339E-10	2.913913E-10	2.524458E-10	2.279975E-10	3.291045E-10	2.407239E-10	2.265413E-10	2.267249E-10	2.131723E-10	1.892649E-10	1.385243E-10	1.768545E-10	2.140383E-10	2.522347E-10	2.637322E-10	1.767320E-10	2.658737E-10	2.020657E-10	2.154662E-10	2.257551E-10	1.266359E-10
0:01:18	0	1.395239E-2	4.100000E+2	1.273000E-8	1.049323E-8	2.774614E-10	3.404245E-10	3.160347E-10	4.176141E-10	3.547609E-10	5.279166E-10	2.779160E-10	4.564898E-10	3.422318E-10	3.286192E-10	2.529290E-10	2.904989E-10	3.926882E-10	3.533643E-10	3.799958E-10	4.430022E-10	2.914290E-10	3.650494E-10	3.022999E-10	2.883864E-10	2.649709E-10	1.889419E-10	2.653316E-10	3.146979E-10	3.782525E-10	3.893520E-10	2.272696E-10	3.545316E-10	2.904882E-10	3.167974E-10	3.135817E-10	1.899039E-10
0:01:26	0	3.919780E-3	4.200000E+2	1.774500E-8	1.574635E-8	3.909548E-10	5.043658E-10	4.424686E-10	5.948504E-10	5.574958E-10	8.044774E-10	4.294884E-10	7.228756E-10	5.323606E-10	4.928290E-10	3.540408E-10	4.293681E-10	6.333810E-10	5.174441E-10	5.446940E-10	6.960749E-10	4.307428E-10	5.285964E-10	4.534498E-10	4.512841E-10	3.911807E-10	2.771480E-10	3.917133E-10	4.657370E-10	5.674783E-10	5.777321E-10	3.535636E-10	5.444414E-10	4.293523E-10	4.561402E-10	4.640851E-10	3.165398E-10
0:01:34	0	1.395239E-2	4.300000E+2	3.047300E-8	2.853876E-8	6.432286E-10	9.204402E-10	8.089971E-10	1.075806E-9	1.038978E-9	1.508432E-9	7.705263E-10	1.356956E-9	9.380354E-10	8.593582E-10	6.322228E-10	8.081930E-10	1.127366E-9	9.591743E-10	1.000789E-9	1.265663E-9	7.854781E-10	9.440214E-10	8.439536E-10	7.898461E-10	7.318575E-10	4.787192E-10	7.202856E-10	8.308144E-10	1.008740E-9	1.017352E-9	6.440301E-10	9.876309E-10	7.702821E-10	8.616648E-10	8.654935E-10	5.444245E-10
0:01:43	0	8.404195E-3	4.400000E+2	2.310300E-7	3.043742E-7	1.992605E-9	2.975828E-9	2.844313E-9	3.834757E-9	4.041694E-9	5.782473E-9	3.031747E-9	6.518194E-9	2.459166E-9	2.767624E-9	2.743791E-9	2.841486E-9	4.243573E-9	3.622009E-9	4.129655E-9	5.619454E-9	2.267725E-9	2.983092E-9	2.796473E-9	2.933643E-9	2.410139E-9	1.675418E-9	3.310660E-9	3.159499E-9	1.784247E-8	2.700379E-9	1.628905E-8	1.530803E-8	6.579248E-9	4.702455E-8	2.995285E-8	8.769263E-8
0:01:51	0	1.342079E-2	4.410000E+2	1.247700E-6	1.267418E-6	2.509697E-9	4.350267E-9	3.046487E-9	3.847445E-9	7.006504E-9	9.654225E-9	6.353975E-9	9.599801E-9	1.229633E-9	3.803962E-9	6.701422E-9	3.005577E-9	4.965651E-9	4.783020E-9	5.738437E-9	7.682401E-9	1.084468E-8	7.300293E-9	8.502979E-9	3.598100E-9	1.867576E-8	5.935819E-8	5.868138E-8	1.073479E-7	5.963041E-8	1.277203E-7	1.096167E-7	1.363672E-7	6.546431E-8	2.357060E-7	1.271614E-7	4.716364E-8
0:01:59	0	6.883785E-3	4.420000E+2	4.123300E-6	4.643524E-6	2.497053E-9	4.198967E-9	4.538147E-9	2.062894E-9	1.160569E-8	1.792565E-8	5.494999E-9	2.050580E-8	4.259285E-9	3.022947E-8	1.097516E-8	2.753060E-9	2.794426E-8	1.946014E-8	3.432932E-8	9.325246E-8	7.427858E-8	1.014488E-8	2.187711E-7	1.737471E-7	3.629664E-7	2.363243E-7	5.309625E-8	2.038703E-7	4.430360E-7	5.149889E-7	4.782302E-7	1.004838E-7	3.713938E-7	6.353964E-7	9.796127E-8	3.768026E-7
0:02:07	0	1.311658E-2	4.430000E+2	1.232900E-5	1.369829E-5	3.972666E-9	8.801367E-9	2.011206E-8	7.644237E-9	4.216564E-8	5.973525E-8	7.047469E-8	1.316582E-7	7.263560E-8	5.774191E-8	7.620680E-8	4.383393E-8	2.198049E-7	1.604264E-7	2.510221E-7	2.050339E-7	1.649509E-7	4.241733E-7	3.474111E-7	5.456634E-7	4.284959E-7	5.463048E-7	4.951906E-7	6.852875E-7	9.240773E-7	9.616278E-7	1.136575E-6	1.111920E-6	9.859809E-7	1.322075E-6	1.069271E-6	1.118013E-6
0:02:16	0	1.182419E-2	4.440000E+2	2.736300E-5	2.881260E-5	2.387860E-7	1.600767E-7	1.767362E-7	1.355846E-7	2.523604E-7	2.682179E-7	3.079971E-7	7.949334E-7	1.992852E-7	6.512872E-7	5.639713E-7	5.286718E-7	3.652899E-7	6.153302E-7	4.313969E-7	7.590438E-7	9.206473E-7	9.603309E-7	7.481326E-7	8.522632E-7	9.935018E-7	1.401621E-6	1.063936E-6	1.155942E-6	1.773216E-6	1.731908E-6	1.650313E-6	1.580646E-6	1.758092E-6	1.830641E-6	1.885662E-6	2.056780E-6
