APD#	0017	Started	07/12/07 14:00	Sense_ohms	1.004464E+6	1.004628E+6	1.002105E+6	1.000924E+6	9.998282E+5	1.007735E+6	1.002821E+6	9.989270E+5	9.993226E+5	1.002376E+6	1.001862E+6	1.003102E+6	1.000030E+6	1.003780E+6	1.000011E+6	1.000898E+6	9.999006E+5	1.006439E+6	1.005624E+6	1.010450E+6	1.003884E+6	1.005600E+6	1.002519E+6	1.006362E+6	1.004620E+6	1.008599E+6	1.003214E+6	1.000475E+6	1.003139E+6	9.996927E+5	1.009944E+6	1.000506E+6					
ElapTime	Shutter_Open	DegC	H2O_In	H2O_Out	TE_A	TE_V	BiasV	KE237_Amps	Pixel_Sum	A1	A2	A3	A4	A5	A6	A7	A8	B1	B2	B3	B4	B5	B6	B7	B8	C1	C2	C3	C4	C5	C6	C7	C8	D1	D2	D3	D4	D5	D6	D7	D8
0:00:00	0	-4.989047E+0	2.545600E+1	2.579900E+1	1.372670E+0	1.689897E+0	0.000000E+0	-5.805000E-11	-1.780146E-10	-9.457780E-13	-6.179402E-12	-5.499424E-12	-5.379030E-12	-4.814827E-12	-5.531216E-12	-4.927101E-12	-7.355893E-12	-4.817263E-12	-6.256135E-12	-7.776520E-12	-7.641297E-12	-3.863884E-12	-6.689713E-12	-1.133888E-11	-6.075544E-12	-6.968693E-12	-5.790714E-12	-6.173281E-12	-5.077936E-12	-1.514119E-12	-4.598250E-12	-4.865743E-12	-5.413559E-12	-5.044694E-12	-5.526478E-12	-4.167605E-12	-5.001624E-12	-5.745963E-12	-4.435363E-12	-6.773643E-12	-5.825053E-12
0:00:13	0	-4.989808E+0	2.544100E+1	2.578200E+1	1.370605E+0	1.687059E+0	0.000000E+0	-1.206700E-10	-4.001769E-10	-1.387805E-12	-1.261064E-11	-1.377999E-11	-1.506208E-11	-1.279820E-11	-1.238322E-11	-1.294947E-11	-1.547260E-11	-1.293076E-11	-1.333432E-11	-1.239292E-11	-1.395571E-11	-9.881704E-12	-1.533503E-11	-1.095888E-11	-1.050557E-11	-9.185913E-12	-1.416181E-11	-1.247186E-11	-1.416794E-11	-1.129513E-11	-1.114956E-11	-1.225812E-11	-1.233751E-11	-1.355637E-11	-1.400557E-11	-1.237622E-11	-1.297983E-11	-1.319757E-11	-1.349615E-11	-1.298290E-11	-1.481550E-11
0:00:26	0	-4.989124E+0	2.544500E+1	2.578600E+1	1.365284E+0	1.683512E+0	1.000000E+1	3.443900E-10	-3.725400E-10	0.000000E+0	-1.286247E-11	-8.913238E-12	-1.177112E-11	-1.336830E-11	-1.162905E-11	-1.193832E-11	-1.414117E-11	-1.166290E-11	-1.137497E-11	-1.283510E-11	-1.117733E-11	-8.867734E-12	-1.375700E-11	-1.602582E-11	-1.126488E-11	-1.172016E-11	-1.428701E-11	-1.297602E-11	-1.222426E-11	-1.205219E-11	-1.190533E-11	-1.181524E-11	-1.044853E-11	-1.185423E-11	-1.243507E-11	-1.035572E-11	-1.088983E-11	-1.149292E-11	-1.203970E-11	-1.179174E-11	-1.266259E-11
0:00:40	0	-4.988667E+0	2.544700E+1	2.578900E+1	1.372036E+0	1.689263E+0	2.000000E+1	3.630200E-10	-3.475240E-10	-6.272002E-14	-1.053027E-11	-1.125132E-11	-1.177112E-11	-1.127694E-11	-1.074886E-11	-1.086435E-11	-6.658144E-12	-1.096643E-11	-1.131212E-11	-1.182299E-11	-6.378215E-12	-8.487745E-12	-1.388352E-11	-1.906679E-11	-1.164454E-11	-1.172016E-11	-1.158043E-11	-1.121194E-11	-1.166015E-11	-1.009579E-11	-1.127586E-11	-1.124667E-11	-1.132992E-11	-1.242161E-11	-1.161909E-11	-8.650198E-12	-1.101677E-11	-1.243995E-11	-1.153254E-11	-1.191749E-11	-1.107939E-11
0:00:53	0	-4.989199E+0	2.544800E+1	2.578900E+1	1.372936E+0	1.689757E+0	3.000000E+1	2.857800E-10	-3.317447E-10	3.155912E-13	-1.002560E-11	-9.986977E-12	-1.050529E-11	-9.946709E-12	-9.931182E-12	-1.149657E-11	-1.090670E-11	-9.571484E-12	-1.099587E-11	-1.232904E-11	-1.471336E-11	-8.107757E-12	-1.293710E-11	-8.614905E-12	-1.006296E-11	-1.260725E-11	-1.158043E-11	-1.058248E-11	-1.059429E-11	-6.562511E-12	-1.007856E-11	-1.137335E-11	-1.063733E-11	-9.710139E-12	-1.117887E-11	-9.786546E-12	-1.228317E-11	-1.098751E-11	-1.146852E-11	-1.110161E-11	-1.139623E-11
0:01:07	0	-4.988591E+0	2.545500E+1	2.579600E+1	1.372784E+0	1.689479E+0	4.000000E+1	3.528700E-10	-3.085594E-10	1.766116E-12	-1.059298E-11	-9.671641E-12	-7.657924E-12	-1.083386E-11	-9.617608E-12	-9.979847E-12	-6.277736E-12	-1.014187E-11	-1.023768E-11	-1.119116E-11	-1.452395E-11	-7.664770E-12	-1.148558E-11	-2.529972E-13	-8.670214E-12	-1.077007E-11	-9.629992E-12	-1.442487E-11	-1.103370E-11	-7.382327E-12	-9.700676E-12	-1.074194E-11	-1.126732E-11	-9.899265E-12	-1.136725E-11	-8.966183E-12	-1.145956E-11	-1.092471E-11	-1.210272E-11	-1.216800E-11	-9.687098E-12
0:01:20	0	-4.989199E+0	2.546000E+1	2.580100E+1	1.368249E+0	1.686046E+0	5.000000E+1	1.007900E-9	-3.112228E-10	1.891556E-12	-1.021473E-11	-8.913238E-12	-1.025253E-11	-9.883698E-12	-8.925958E-12	-1.023313E-11	-1.496506E-11	-1.026896E-11	-9.415628E-12	-8.915400E-12	-1.559762E-11	-8.614742E-12	-1.236924E-11	-5.953935E-12	-8.670214E-12	-9.375932E-12	-8.308502E-12	-1.121194E-11	-1.159780E-11	-9.338728E-12	-1.133850E-11	-1.086762E-11	-9.441930E-12	-9.710139E-12	-1.011205E-11	-7.135068E-12	-1.051001E-11	-9.851077E-12	-9.567940E-12	-1.059960E-11	-1.095346E-11
0:01:34	0	-4.988439E+0	2.546600E+1	2.580600E+1	1.371238E+0	1.688909E+0	6.000000E+1	9.847000E-10	-2.992066E-10	2.963770E-12	-9.772772E-12	-8.470170E-12	-7.088450E-12	-9.693665E-12	-9.680124E-12	-1.080153E-11	-1.280974E-11	-9.508441E-12	-1.067963E-11	-7.713637E-12	-2.147339E-12	-5.700829E-12	-1.142183E-11	-1.532883E-11	-8.986930E-12	-8.298825E-12	-1.013375E-11	-1.177876E-11	-1.003018E-11	-1.261998E-11	-9.449085E-12	-1.055242E-11	-1.038592E-11	-9.583723E-12	-1.048881E-11	-9.471558E-12	-1.025713E-11	-9.597872E-12	-9.124804E-12	-1.154024E-11	-9.053419E-12
0:01:47	0	-4.989199E+0	2.546300E+1	2.580600E+1	1.372454E+0	1.689897E+0	7.000000E+1	1.049300E-9	-2.990076E-10	2.711894E-12	-9.205397E-12	-6.890496E-12	-9.176521E-12	-1.102389E-11	-8.548874E-12	-8.906874E-12	-9.004662E-12	-9.508441E-12	-9.921427E-12	-9.736870E-12	-8.398946E-12	-6.143816E-12	-1.224272E-11	-1.843280E-11	-8.734157E-12	-1.077007E-11	-9.315021E-12	-1.089771E-11	-1.046959E-11	-1.066358E-11	-9.826969E-12	-1.112099E-11	-8.811938E-12	-8.701798E-12	-9.357535E-12	-7.324459E-12	-9.687398E-12	-1.035649E-11	-9.567940E-12	-9.032184E-12	-9.939970E-12
0:02:01	0	-4.988515E+0	2.546400E+1	2.580500E+1	1.367957E+0	1.684842E+0	8.000000E+1	1.132300E-9	-2.659519E-10	2.396303E-12	-7.818815E-12	-8.913238E-12	-8.859814E-12	-8.869524E-12	-8.045766E-12	-7.200687E-12	5.075446E-13	-9.001097E-12	-9.100378E-12	-9.294693E-12	-1.206158E-11	-7.220783E-12	-1.129630E-11	-2.153976E-12	-9.936077E-12	-1.007300E-11	-9.063639E-12	-8.944695E-12	-1.009352E-11	-3.911807E-12	-9.449085E-12	-9.603808E-12	-9.693331E-12	-1.109773E-11	-1.011205E-11	-8.019226E-12	-9.243609E-12	-1.010329E-11	-1.032817E-11	-9.658951E-12	-9.687098E-12
0:02:14	0	-4.990036E+0	2.546300E+1	2.580600E+1	1.362130E+0	1.684222E+0	9.000000E+1	1.138300E-9	2.685538E-10	3.720392E-12	-7.944234E-12	-8.153836E-12	-7.151392E-12	-5.955023E-12	-7.983250E-12	-9.348628E-12	-1.280974E-11	-8.113496E-12	-9.100378E-12	-5.563641E-12	-1.698731E-11	-3.230903E-12	-9.339696E-12	4.228853E-10	-1.202520E-11	1.031353E-10	-7.112205E-12	-1.574744E-11	-1.128408E-11	-3.154747E-12	-7.622315E-12	-9.857170E-12	-8.749337E-12	-9.836555E-12	-9.609369E-12	-7.892633E-12	-8.610910E-12	-9.724475E-12	-8.300551E-12	-9.658951E-12	-1.031978E-11
0:02:28	0	-4.988287E+0	2.546400E+1	2.580500E+1	1.370972E+0	1.690834E+0	1.000000E+2	1.215500E-9	-2.695385E-10	3.152925E-12	-7.944234E-12	-6.637029E-12	-7.847749E-12	-7.412273E-12	-1.030926E-11	-6.316182E-12	-2.796501E-11	-7.543110E-12	-8.594579E-12	-1.049546E-11	1.351408E-11	-7.664770E-12	-9.655502E-12	-1.659582E-11	-9.619362E-12	-1.469746E-11	-8.056127E-12	-8.062656E-12	-8.651591E-12	-7.571592E-12	-8.755967E-12	-8.150469E-12	-8.434341E-12	-8.890924E-12	-8.667468E-12	-7.261661E-12	-8.483970E-12	-8.777448E-12	-9.124804E-12	-9.345073E-12	-8.673611E-12
0:02:42	0	-4.989124E+0	2.546700E+1	2.580800E+1	1.354010E+0	1.684906E+0	1.200000E+2	1.378600E-9	-3.565589E-10	3.720392E-12	-1.147589E-11	-7.142964E-12	-8.544105E-12	-6.399099E-12	8.234308E-12	-1.346711E-10	-2.961378E-11	-7.606152E-12	-7.014334E-12	-6.955050E-12	-7.262472E-12	-5.573833E-12	1.135906E-11	1.817980E-11	-7.658123E-12	-6.144611E-12	-8.308502E-12	2.204601E-12	-8.525904E-12	-3.142395E-11	-1.152745E-11	-4.739062E-12	1.775007E-11	-6.179451E-12	-8.164791E-12	2.645597E-11	-5.381444E-12	-9.168919E-11	-5.071558E-13	-8.279667E-12	-1.367508E-11
0:02:55	0	-4.889935E+0	2.546400E+1	2.581100E+1	5.578008E-1	1.521769E+0	1.400000E+2	1.455000E-9	7.565343E-10	3.216641E-12	-5.422903E-12	-4.678152E-12	2.740268E-11	1.900326E-12	-1.634358E-12	-4.864278E-12	3.037459E-11	-5.451693E-12	-6.761934E-12	-9.167929E-12	-1.452395E-11	1.013970E-12	4.619339E-11	1.048348E-10	9.227414E-11	8.881193E-10	2.221794E-11	-1.990505E-11	-6.206146E-12	9.477589E-11	-6.740255E-12	-2.173625E-11	-7.930546E-12	1.513010E-12	-6.469370E-12	-5.619938E-12	-6.584872E-12	-3.596202E-10	-3.047837E-11	-2.540240E-11	-8.103899E-12
0:03:09	0	-4.888490E+0	2.546700E+1	2.582000E+1	9.258763E-1	1.927988E+0	1.600000E+2	1.456100E-9	-1.362793E-8	-1.164780E-10	-2.333202E-12	2.252239E-10	3.373183E-11	2.407514E-11	-7.983250E-12	1.073970E-12	-7.814505E-9	-3.422919E-11	-5.712826E-11	4.785659E-10	1.579987E-9	1.311831E-10	-6.247385E-12	-8.668973E-9	8.556516E-11	3.028201E-11	4.783201E-12	-1.451934E-10	-1.757197E-10	9.386722E-10	-5.858194E-12	-2.779997E-12	4.028372E-12	-4.980988E-12	-5.903238E-12	-5.114562E-12	-5.951173E-12	-8.575282E-11	-6.019850E-12	-1.731086E-11	3.355302E-12
0:03:23	0	-4.889402E+0	2.546500E+1	2.581800E+1	1.311421E+0	7.563811E-1	1.800000E+2	1.478600E-9	2.142790E-9	2.673864E-11	-4.407403E-11	7.016231E-12	2.208659E-11	3.136139E-11	-1.531861E-10	1.339122E-11	2.261305E-9	2.751064E-11	-1.643096E-12	3.421849E-10	-1.711276E-9	3.107607E-10	-4.581482E-11	4.453051E-11	-1.480940E-10	1.000899E-11	5.035576E-12	2.489390E-10	2.163422E-10	6.809093E-10	-1.322792E-11	-3.917133E-12	-3.524577E-12	-3.530688E-12	9.545915E-12	-6.377503E-12	-2.595767E-12	9.282861E-12	-4.435363E-12	-6.585514E-12	2.412179E-11
0:03:37	0	-4.891379E+0	2.546300E+1	2.582400E+1	1.404694E+0	1.722668E+0	2.000000E+2	1.489300E-9	4.085771E-9	7.018967E-11	-1.134748E-12	4.096078E-11	1.417590E-11	-1.665626E-10	3.526324E-11	7.554688E-11	5.240443E-10	1.591078E-11	4.556374E-11	1.523144E-10	-9.356785E-10	-1.006520E-10	-1.314501E-10	4.798957E-9	-3.908031E-10	1.007300E-11	6.445001E-11	-3.778748E-13	-2.827354E-11	-9.463245E-13	-1.448886E-12	5.749517E-12	-8.813926E-13	-1.771814E-11	8.159834E-13	1.060791E-11	-9.877308E-12	7.325007E-12	-3.117558E-11	3.010662E-11	6.966475E-13
0:03:50	0	-4.989199E+0	2.546200E+1	2.581900E+1	1.388986E+0	1.706327E+0	2.200000E+2	1.598200E-9	8.745332E-10	1.652224E-11	9.710062E-12	1.308446E-11	1.069512E-11	-1.298823E-11	4.010380E-11	1.603806E-10	2.614515E-10	2.155460E-12	1.826361E-11	9.482344E-13	1.742894E-11	-2.318330E-11	1.514276E-12	-9.963990E-11	-4.367078E-12	3.068725E-10	-9.439221E-13	1.889374E-13	7.710426E-12	8.644425E-12	-4.405330E-13	6.952487E-13	2.549281E-11	1.765842E-12	1.375472E-11	1.098669E-11	1.456308E-12	6.308398E-11	3.170974E-13	-1.316905E-12	2.418576E-11
0:04:04	0	-5.089908E+0	2.545900E+1	2.581500E+1	1.380612E+0	1.699879E+0	2.400000E+2	1.647200E-9	-1.389052E-11	2.188331E-11	1.406093E-11	8.913238E-12	-4.303024E-12	8.806513E-12	6.096841E-12	-8.578001E-11	-3.231517E-10	6.719552E-12	9.479477E-12	1.911351E-10	1.648187E-11	1.627951E-11	4.038734E-12	2.185376E-11	5.885715E-12	-2.660264E-12	5.035576E-12	2.708766E-12	5.955762E-12	6.373246E-12	3.275656E-12	-5.057261E-13	4.154569E-12	5.990325E-12	1.444578E-12	1.117608E-11	4.241985E-12	1.079810E-11	4.562402E-12	3.575446E-12	1.583199E-12
0:04:18	0	-5.091504E+0	2.546100E+1	2.581000E+1	1.283780E+0	2.158301E+0	2.600000E+2	1.829100E-9	-2.428194E-9	2.934341E-10	-1.626771E-11	1.264239E-11	1.702427E-11	1.583872E-11	8.548874E-12	6.001071E-12	1.156020E-10	1.083934E-11	7.141033E-12	-6.904444E-11	-4.962247E-10	9.881704E-12	7.616908E-11	-2.082696E-9	-4.676351E-10	5.650962E-11	2.335065E-11	1.077142E-11	1.103370E-11	-5.022791E-11	9.511734E-12	2.110384E-11	8.182940E-12	1.412375E-11	6.405916E-12	1.862713E-11	9.117669E-12	-1.641846E-12	3.865188E-12	-1.254525E-12	-8.927483E-12
0:04:32	0	-4.989352E+0	2.545400E+1	2.580100E+1	1.366158E+0	1.670958E+0	2.800000E+2	2.036500E-9	7.414590E-10	2.194603E-11	1.715063E-11	3.647322E-11	2.309966E-11	1.869021E-11	1.728629E-11	2.640352E-11	9.435825E-11	2.529213E-11	1.813691E-11	3.926389E-11	-3.195288E-11	9.247723E-12	1.779573E-11	1.333395E-10	-3.999808E-11	2.483347E-11	1.208419E-11	1.845620E-11	1.949626E-11	7.887465E-11	1.486575E-11	1.301621E-11	1.416290E-11	1.658338E-11	1.865261E-11	1.629064E-11	1.278992E-11	9.535069E-12	1.311603E-11	1.279477E-11	1.937420E-11
0:04:45	0	-4.892899E+0	2.545200E+1	2.579900E+1	1.002415E+0	1.633094E+0	3.000000E+2	2.363700E-9	-1.703082E-9	4.181135E-11	3.392300E-11	5.341356E-11	4.664190E-11	3.218453E-11	3.796633E-11	7.327330E-11	-6.522649E-10	2.890458E-11	3.121783E-11	-1.753924E-10	2.797502E-10	7.715169E-11	2.795633E-11	-2.163143E-9	1.365754E-10	-1.767496E-10	2.089545E-11	2.027666E-10	4.733040E-11	6.309494E-12	2.777944E-11	2.407336E-11	-1.277771E-11	2.326651E-11	2.656655E-11	4.072611E-11	2.152677E-11	4.982261E-11	2.813365E-11	2.214083E-11	3.513822E-11
0:04:59	0	-4.984259E+0	2.545500E+1	2.580700E+1	1.350919E+0	2.012698E+0	3.200000E+2	2.856800E-9	-9.412042E-10	1.077749E-10	5.700020E-11	5.777538E-11	7.701983E-11	3.104433E-11	4.953286E-11	1.197003E-10	-1.578666E-9	3.942671E-11	5.763406E-11	1.384722E-11	-1.871734E-10	3.034109E-11	3.824244E-11	1.566503E-10	5.354192E-11	-8.134309E-11	2.360203E-11	6.399807E-11	2.194072E-12	1.444988E-11	3.546440E-11	4.182863E-11	3.827052E-11	4.388525E-11	3.491973E-11	3.156854E-12	3.488643E-11	-4.594548E-10	4.473475E-11	4.189737E-11	5.261338E-11
0:05:13	0	-4.891911E+0	2.544800E+1	2.581400E+1	1.308229E+0	1.777735E+0	3.400000E+2	3.553100E-9	1.907032E-9	4.105374E-11	3.909308E-11	7.661273E-11	6.619783E-11	8.476956E-11	1.009511E-10	2.530452E-10	1.916274E-9	-1.330902E-12	-3.162486E-13	3.281490E-11	-1.086101E-9	2.604032E-10	2.768475E-10	-6.491509E-10	8.929981E-11	4.605658E-11	1.097036E-10	6.412436E-11	6.601217E-11	-2.170629E-10	3.842482E-11	4.372486E-11	7.320427E-11	8.783321E-11	3.630085E-11	7.254982E-11	6.350484E-11	-2.904114E-10	8.465501E-11	6.115290E-11	6.679520E-11
0:05:27	0	-4.989275E+0	2.545100E+1	2.580400E+1	1.406379E+0	1.695927E+0	3.600000E+2	4.731700E-9	3.339424E-9	1.575318E-10	9.621870E-11	1.269927E-10	1.069542E-10	1.167010E-10	8.680754E-11	4.737635E-12	2.986705E-11	1.010404E-10	1.085680E-10	1.105212E-10	6.088822E-10	9.039029E-11	1.006545E-10	-1.995378E-11	1.239817E-10	6.715267E-11	8.924833E-11	1.531298E-10	1.095819E-10	-1.247485E-10	1.024881E-10	9.503162E-11	8.006562E-11	1.017688E-10	1.084009E-10	1.090465E-10	1.044694E-10	8.486860E-11	9.555336E-11	9.602612E-11	1.174456E-10
0:05:40	0	-4.989275E+0	2.545000E+1	2.580100E+1	1.392127E+0	1.645965E+0	3.620000E+2	4.558700E-9	-1.221489E-8	1.325593E-10	1.189814E-10	1.068910E-10	1.169529E-10	7.735729E-11	1.041564E-10	1.200164E-10	-8.304179E-9	6.776190E-11	1.150147E-10	2.189553E-10	-6.780817E-9	1.553173E-10	9.062045E-11	-2.717460E-10	8.797670E-10	-8.948349E-10	8.163237E-11	1.391464E-10	1.198624E-10	2.048215E-10	9.681881E-11	1.052040E-10	9.894849E-11	1.037865E-10	1.178218E-10	1.124556E-10	1.095350E-10	1.327343E-10	1.005589E-10	9.953819E-11	1.094676E-10
0:05:54	0	-4.989580E+0	2.545100E+1	2.580400E+1	1.561774E+0	1.803996E+0	3.640000E+2	4.615900E-9	1.175933E-9	9.680188E-11	1.137476E-10	1.388767E-10	1.232821E-10	1.492656E-10	9.736786E-11	1.277865E-10	6.741424E-10	1.212611E-10	9.940481E-11	-2.377343E-10	-1.924025E-9	-1.203964E-12	1.348582E-10	-2.676291E-10	-7.752738E-11	-7.728868E-11	4.034422E-11	1.194930E-10	1.962185E-10	1.439310E-10	1.071500E-10	9.256682E-11	1.005225E-10	1.012642E-10	1.508568E-10	1.109404E-10	1.246668E-10	2.063632E-10	1.368040E-10	1.224939E-10	1.309307E-10
0:06:07	0	-4.889630E+0	2.545000E+1	2.580900E+1	1.131335E+0	1.621313E+0	3.660000E+2	4.789700E-9	4.240583E-9	8.633361E-11	1.582636E-10	1.454508E-10	1.366357E-10	1.564249E-10	1.262197E-10	8.780131E-11	-2.044563E-9	2.202722E-10	1.217128E-10	2.395040E-10	9.157862E-10	1.002720E-10	1.317659E-10	1.016484E-9	1.499923E-10	7.142210E-10	1.389702E-10	3.401470E-11	1.223079E-10	1.817272E-10	1.363783E-10	1.076049E-10	1.620192E-10	1.137485E-10	1.058260E-10	1.087305E-10	1.344172E-10	1.038131E-10	1.002428E-10	1.315261E-10	9.667908E-11
0:06:21	0	-4.990036E+0	2.545600E+1	2.581000E+1	1.393407E+0	1.702754E+0	3.680000E+2	4.905400E-9	6.807698E-9	1.656675E-10	1.749095E-10	1.314802E-10	1.498625E-10	1.324137E-10	1.563923E-10	9.595032E-11	-2.497203E-9	1.198662E-10	1.347947E-10	4.957010E-10	7.214770E-10	2.222073E-10	1.235619E-10	3.505340E-9	1.582179E-11	-6.886284E-11	1.205289E-10	3.634559E-11	1.282636E-10	1.325600E-9	1.207558E-10	1.004649E-10	1.121674E-10	1.191077E-10	1.301320E-10	1.233157E-10	1.383433E-10	1.967016E-10	1.352826E-10	1.251287E-10	1.161792E-10
0:06:34	0	-5.089908E+0	2.545600E+1	2.580800E+1	1.470174E+0	2.061836E+0	3.700000E+2	5.139300E-9	3.369776E-9	2.079826E-10	1.289433E-10	1.364109E-10	1.144213E-10	1.367855E-10	1.370321E-10	1.569064E-10	-4.267689E-10	1.087096E-10	1.093272E-10	1.136823E-10	1.711341E-10	1.315631E-10	1.336588E-10	4.402452E-11	1.198044E-10	1.275257E-10	1.246832E-10	1.229575E-10	-1.209956E-11	1.027260E-10	1.197484E-10	1.212536E-10	1.140554E-10	1.331688E-10	1.269910E-10	1.311455E-10	1.289088E-10	1.034343E-10	1.316074E-10	1.317142E-10	1.383390E-10
0:06:48	0	-5.092796E+0	2.546100E+1	2.580900E+1	1.164233E+0	1.558607E+0	3.720000E+2	5.306600E-9	-8.961524E-10	2.163701E-10	1.457156E-10	1.986119E-10	1.863148E-10	1.528773E-10	1.713526E-10	1.630331E-10	-5.849845E-9	1.369177E-10	1.440837E-10	2.441833E-10	1.303395E-9	1.594342E-10	1.397179E-10	1.323255E-10	1.115139E-10	-1.045866E-9	1.653424E-10	1.533187E-10	1.384185E-10	3.293179E-10	1.466458E-10	1.271298E-10	1.283435E-10	1.331688E-10	7.869431E-11	1.805856E-10	1.991884E-10	1.970804E-10	1.315444E-10	1.315261E-10	1.534074E-10
