APD#	0017	Started	07/12/07 13:10	Sense_ohms	1.004464E+6	1.004628E+6	1.002105E+6	1.000924E+6	9.998282E+5	1.007735E+6	1.002821E+6	9.989270E+5	9.993226E+5	1.002376E+6	1.001862E+6	1.003102E+6	1.000030E+6	1.003780E+6	1.000011E+6	1.000898E+6	9.999006E+5	1.006439E+6	1.005624E+6	1.010450E+6	1.003884E+6	1.005600E+6	1.002519E+6	1.006362E+6	1.004620E+6	1.008599E+6	1.003214E+6	1.000475E+6	1.003139E+6	9.996927E+5	1.009944E+6	1.000506E+6					
ElapTime	Shutter_Open	DegC	H2O_In	H2O_Out	TE_A	TE_V	BiasV	KE237_Amps	Pixel_Sum	A1	A2	A3	A4	A5	A6	A7	A8	B1	B2	B3	B4	B5	B6	B7	B8	C1	C2	C3	C4	C5	C6	C7	C8	D1	D2	D3	D4	D5	D6	D7	D8
0:00:00	0	-8.576821E-2	2.539700E+1	2.565300E+1	1.098171E+0	1.386262E+0	0.000000E+0	1.167200E-9	-2.576292E-10	6.999753E-12	-1.815896E-11	-7.205832E-12	-1.139147E-11	-1.621879E-11	-1.445717E-11	4.042596E-12	-1.128711E-11	-1.451583E-11	-6.382834E-12	-6.828286E-12	-1.888143E-11	-3.800886E-12	-2.397936E-12	-3.800958E-12	-9.429532E-12	-1.159315E-11	-1.164402E-11	-1.020461E-11	-8.212183E-12	-6.246738E-12	3.086714E-12	5.055266E-12	-5.853758E-12	-5.107404E-12	-1.802500E-11	-1.073450E-11	-2.469227E-11	-5.304350E-12	-7.477298E-12	-1.379878E-11	6.837540E-12
0:00:13	0	-8.728802E-2	2.538300E+1	2.563500E+1	1.090824E+0	1.377965E+0	0.000000E+0	9.518000E-10	-2.945705E-10	5.674668E-13	-1.803354E-11	-1.112558E-11	-2.063094E-11	-8.489458E-12	-2.030296E-11	-9.979847E-12	-1.769198E-11	-7.796281E-12	-1.769496E-11	-1.346692E-11	-1.944967E-11	-1.140166E-11	-2.114109E-11	-1.057888E-11	2.059391E-10	-1.976596E-11	-1.686739E-11	-3.338226E-12	-2.037409E-11	4.354089E-12	-2.009447E-11	-1.266809E-13	-1.989046E-11	-1.144423E-10	-2.104008E-11	-1.894212E-11	-2.266623E-11	-1.635466E-11	-2.724837E-12	-5.895376E-12	4.875533E-12
0:00:26	0	1.342079E-2	2.538300E+1	2.563500E+1	1.090152E+0	1.377015E+0	1.000000E+1	4.077200E-10	-3.260334E-10	1.053199E-11	-3.152411E-12	-7.774634E-12	-1.341660E-11	-1.419144E-11	-7.040541E-12	-5.811605E-12	-6.722213E-12	-1.223429E-11	-1.440876E-11	-1.928409E-11	-1.648187E-11	-7.790766E-12	-1.337843E-11	-1.285886E-11	-7.024692E-12	-1.032603E-11	-8.497286E-12	-1.423594E-11	-9.904498E-12	-8.329648E-12	-1.788982E-11	-8.720034E-12	-1.070092E-11	-9.331887E-12	-1.155563E-11	-6.945677E-12	-1.107974E-11	-1.414460E-11	-1.140550E-11	-1.122736E-11	-1.069959E-11
0:00:40	0	1.250879E-2	2.539000E+1	2.563900E+1	1.089899E+0	1.376761E+0	2.000000E+1	-1.004700E-10	-3.193362E-10	-8.193425E-13	-1.122306E-11	-6.384561E-12	-1.145442E-11	-1.007373E-11	-5.468700E-12	-1.528588E-11	-1.693117E-11	-6.972723E-12	-8.215480E-12	-8.155814E-12	-1.326086E-11	-7.284781E-12	-9.844787E-12	-1.133888E-11	-9.493475E-12	-9.375932E-12	-1.422441E-11	-9.889382E-12	-8.275521E-12	-1.438712E-11	-1.020485E-11	-5.876198E-12	-1.416290E-11	-1.116044E-11	-6.279998E-12	-1.199744E-11	-1.203029E-11	-6.440782E-12	-1.375023E-11	-1.179174E-11	-7.281316E-12
0:00:53	0	1.380059E-2	2.538800E+1	2.563700E+1	1.090013E+0	1.377015E+0	3.000000E+1	3.399300E-10	-3.112302E-10	2.522738E-12	-9.710062E-12	-1.074638E-11	-9.239463E-12	-9.819687E-12	-9.554099E-12	-1.004367E-11	-1.128711E-11	-9.634526E-12	-9.226079E-12	-9.673987E-12	-6.441020E-12	-7.410778E-12	-1.331567E-11	-1.482284E-11	-9.429532E-12	-1.026302E-11	-8.559883E-12	-1.184240E-11	-1.134643E-11	-1.148439E-11	-8.755967E-12	-9.161921E-12	-1.000833E-11	-1.027752E-11	-1.055127E-11	-9.786546E-12	-1.095380E-11	-8.777448E-12	-1.032817E-11	-1.041147E-11	-1.088949E-11
0:01:07	0	1.250879E-2	2.538800E+1	2.563700E+1	1.090330E+0	1.377154E+0	4.000000E+1	2.432000E-10	-2.836141E-10	2.963770E-12	-7.314150E-12	-8.596904E-12	-7.468099E-12	-9.946709E-12	-7.794708E-12	-8.401300E-12	-5.136511E-12	-7.543110E-12	-8.973679E-12	-1.055934E-11	-9.724834E-12	-6.904793E-12	-1.016059E-11	-1.159187E-11	-9.493475E-12	-1.115011E-11	-8.874855E-12	-1.284973E-11	-9.967836E-12	-8.833690E-12	-1.014220E-11	-9.667647E-12	-9.755933E-12	-8.890924E-12	-8.541551E-12	-8.903385E-12	-9.243609E-12	-1.029269E-11	-8.554629E-12	-1.072535E-11	-1.057365E-11
0:01:20	0	1.387680E-2	2.539100E+1	2.564100E+1	1.090228E+0	1.376989E+0	5.000000E+1	1.267400E-9	-2.662392E-10	4.162419E-12	-8.701728E-12	-8.280569E-12	-7.720866E-12	-9.819687E-12	-7.480141E-12	-8.022369E-12	-4.756103E-12	-6.529423E-12	-7.962082E-12	-8.472225E-12	-1.528160E-11	-6.650800E-12	-1.072845E-11	-7.094922E-12	-8.544327E-12	-8.678863E-12	-8.308502E-12	-9.133632E-12	-8.525904E-12	-7.382327E-12	-9.071201E-12	-1.036290E-11	-9.441930E-12	-9.583723E-12	-9.044229E-12	-8.776791E-12	-8.800820E-12	-1.004048E-11	-9.060784E-12	-9.596572E-12	-8.547675E-12
0:01:34	0	1.501679E-2	2.538700E+1	2.563700E+1	1.089912E+0	1.376888E+0	6.000000E+1	1.246500E-9	-2.607738E-10	3.027485E-12	-6.873191E-12	-7.838500E-12	-7.214334E-12	-7.602306E-12	-7.668683E-12	-9.348628E-12	-1.154138E-11	-6.655508E-12	-7.899231E-12	-8.282578E-12	-1.199878E-11	-5.700829E-12	-1.091773E-11	-3.230964E-12	-6.771919E-12	-7.031699E-12	-9.441208E-12	-1.354284E-11	-9.842150E-12	-8.265895E-12	-9.260143E-12	-9.288602E-12	-9.189536E-12	-8.133424E-12	-8.980774E-12	-6.504096E-12	-9.497489E-12	-7.766621E-12	-7.920434E-12	-1.041147E-11	-9.180355E-12
0:01:47	0	1.190038E-2	2.539200E+1	2.564000E+1	1.090216E+0	1.377940E+0	7.000000E+1	1.114900E-9	-2.439748E-10	4.287859E-12	-6.620361E-12	-6.194960E-12	-6.898626E-12	-7.349263E-12	-6.788491E-12	-7.011221E-12	-1.122404E-11	-7.225895E-12	-8.278331E-12	-7.334343E-12	-5.872783E-12	-3.990880E-12	-1.066469E-11	-1.184487E-11	-8.354498E-12	-7.285724E-12	-8.874855E-12	-8.944695E-12	-8.588253E-12	-9.717258E-12	-8.567025E-12	-7.898105E-12	-7.679145E-12	-9.772849E-12	-8.101337E-12	-6.819083E-12	-6.521902E-12	-8.840250E-12	-7.983453E-12	-8.467796E-12	-8.547675E-12
0:02:01	0	1.440838E-2	2.539700E+1	2.564400E+1	1.090228E+0	1.377559E+0	8.000000E+1	1.233500E-9	-2.315615E-10	4.225139E-12	-6.684066E-12	-6.005359E-12	-6.644860E-12	-7.286252E-12	-8.674900E-12	-6.885576E-12	-3.360606E-12	-5.641822E-12	-7.330583E-12	-7.650754E-12	-5.746175E-12	-3.863884E-12	-9.276933E-12	-1.114888E-11	-8.100726E-12	-8.678863E-12	-9.377618E-12	-4.913367E-12	-8.901974E-12	-9.275972E-12	-7.936555E-12	-8.909557E-12	-7.490346E-12	-8.448966E-12	-9.545915E-12	-6.882878E-12	-7.344511E-12	-9.093456E-12	-8.237531E-12	-8.153917E-12	-8.293803E-12
0:02:14	0	1.258439E-2	2.539900E+1	2.564600E+1	1.090165E+0	1.377471E+0	9.000000E+1	1.317800E-9	-1.999593E-10	4.035983E-12	-5.548322E-12	-5.372690E-12	-5.695737E-12	-5.131882E-12	-5.594725E-12	-6.001071E-12	-2.219381E-12	-5.577778E-12	-6.761934E-12	-5.942934E-12	-1.067190E-11	-3.673890E-12	-9.023890E-12	-3.863957E-12	-8.607271E-12	-6.905686E-12	-8.686070E-12	-6.613804E-12	-8.588253E-12	-4.732619E-12	-7.369730E-12	-6.634288E-12	-6.986552E-12	-7.125082E-12	-8.479088E-12	-5.745534E-12	-7.344511E-12	-6.946196E-12	-7.920434E-12	-8.342047E-12	-5.888021E-12
0:02:28	0	1.448458E-2	2.540400E+1	2.565200E+1	1.089899E+0	1.377369E+0	1.000000E+2	1.229400E-9	-1.920973E-10	6.558722E-12	-5.737447E-12	-4.993489E-12	-5.822620E-12	-6.716154E-12	-6.222866E-12	-5.747785E-12	-5.389783E-12	-5.071435E-12	-5.750337E-12	-5.880051E-12	-8.020122E-12	-4.243873E-12	-9.213174E-12	-3.420962E-12	-7.531237E-12	-5.828579E-12	-7.174801E-12	-4.409203E-12	-7.648078E-12	-6.562511E-12	-7.684964E-12	-7.013333E-12	-7.238946E-12	-7.314208E-12	-6.846130E-12	-5.556143E-12	-6.837752E-12	-7.766621E-12	-6.145889E-12	-7.840039E-12	-7.027444E-12
0:02:42	0	1.296480E-2	2.540600E+1	2.565400E+1	1.090165E+0	1.377635E+0	1.200000E+2	1.240400E-9	-1.647209E-10	7.252624E-12	-3.467950E-12	-3.982617E-12	-5.632795E-12	-5.004860E-12	-2.954150E-12	-5.306032E-12	-9.892615E-12	-4.691178E-12	-4.739738E-12	-4.994700E-12	-5.052328E-12	-3.799886E-13	-7.068282E-12	-8.994901E-12	-6.328317E-12	-1.964195E-12	-6.293476E-12	-5.858054E-12	-6.143797E-12	-7.887365E-12	-4.976134E-12	-5.497153E-12	-6.042557E-12	-5.170114E-12	-8.038874E-12	-3.725028E-12	-5.001624E-12	-6.188574E-12	-4.689441E-12	-7.965788E-12	-8.040931E-12
0:02:55	0	1.258439E-2	2.540600E+1	2.565300E+1	1.090330E+0	1.378066E+0	1.400000E+2	1.492300E-9	-1.092772E-10	8.324838E-12	-2.711451E-12	-3.287081E-12	-3.164076E-12	-2.090359E-12	-2.954150E-12	-3.221911E-12	-1.141225E-12	-3.233190E-12	-3.917692E-12	-3.161114E-12	5.682373E-13	-6.299811E-14	-6.436669E-12	-7.664916E-12	-4.999510E-12	-5.701567E-12	-4.594417E-12	-4.409203E-12	-4.200109E-12	-4.164824E-12	-3.968775E-12	-4.549540E-12	-4.217170E-12	-3.972646E-12	-5.589932E-12	-1.389534E-12	-4.685774E-12	-5.114944E-12	-5.195597E-12	-5.394358E-12	-2.975494E-12
0:03:09	0	1.288858E-2	2.541300E+1	2.565900E+1	1.090380E+0	1.377749E+0	1.600000E+2	1.442800E-9	-3.973057E-11	1.135133E-11	6.270978E-14	-6.286766E-14	-6.324156E-13	1.270218E-13	6.281413E-13	8.845048E-13	2.599790E-12	-3.172149E-13	-2.022195E-12	-3.730055E-12	-4.546896E-12	4.306871E-12	-3.975971E-12	2.529972E-13	-1.455693E-12	-3.484346E-12	-2.454197E-12	-3.023993E-12	-1.943688E-12	-6.305509E-13	-2.078361E-12	-3.791449E-12	-3.461975E-12	-1.323884E-12	-3.328379E-12	-8.841583E-13	-2.785677E-12	-3.535901E-12	-3.485071E-12	-4.076464E-12	-2.912526E-12
0:03:23	0	-8.736421E-2	2.541600E+1	2.566200E+1	1.091571E+0	1.378763E+0	1.800000E+2	1.481100E-9	3.939969E-11	1.305373E-11	2.522327E-12	8.212712E-13	2.594603E-12	1.330229E-12	1.885416E-12	2.210763E-12	3.173405E-13	1.204816E-12	1.326847E-12	3.540408E-12	-2.715576E-12	9.184724E-12	-3.344358E-12	4.116955E-12	6.963747E-13	6.300626E-14	-5.037563E-13	-1.197267E-12	-5.641051E-13	2.649709E-12	-6.931185E-13	-1.266809E-13	1.070191E-12	7.565049E-13	-1.193735E-12	1.073550E-12	-6.297009E-14	-1.452441E-12	1.584487E-12	-1.066396E-12	3.168397E-13
0:03:37	0	1.402858E-2	2.541800E+1	2.566100E+1	1.085896E+0	1.373328E+0	2.000000E+2	1.668900E-9	1.398549E-10	1.772089E-11	5.296488E-12	7.080096E-12	6.012445E-12	5.892012E-12	5.154133E-12	5.179389E-12	6.532009E-12	5.577778E-12	4.107241E-12	4.742170E-12	6.883647E-12	7.790766E-12	2.840264E-12	-1.646982E-12	3.291045E-12	7.348730E-12	3.587898E-12	2.519828E-12	1.818002E-12	7.570596E-13	2.519889E-12	1.959065E-12	1.573986E-12	2.774183E-12	1.444578E-12	4.103810E-12	3.735226E-12	2.588874E-12	3.358032E-12	3.387317E-12	3.925014E-12
0:03:50	0	1.334460E-2	2.542400E+1	2.566900E+1	1.085427E+0	1.372670E+0	2.200000E+2	1.778700E-9	2.788735E-10	2.062194E-11	1.059298E-11	1.163052E-11	1.031547E-11	8.679491E-12	9.114499E-12	5.622140E-12	1.344342E-11	1.020591E-11	8.467880E-12	7.776520E-12	7.956319E-12	1.222563E-11	8.203989E-12	7.600916E-12	5.695885E-12	7.981793E-12	7.238392E-12	5.039657E-12	1.128408E-11	1.034881E-11	5.984487E-12	9.414285E-12	7.301548E-12	6.620414E-12	5.087255E-12	9.913139E-12	7.344511E-12	6.504582E-12	7.413278E-12	5.456738E-12	7.787060E-12
0:04:04	0	1.258439E-2	2.542900E+1	2.567300E+1	1.084870E+0	1.372416E+0	2.400000E+2	1.888300E-9	4.516435E-10	2.793729E-11	1.639413E-11	1.649827E-11	1.670756E-11	1.425545E-11	1.609153E-11	1.478130E-11	1.160445E-11	1.660725E-11	1.364957E-11	1.391010E-11	1.041968E-11	1.767247E-11	1.299986E-11	1.760981E-11	1.322712E-11	1.552054E-11	1.485336E-11	1.026726E-11	1.184819E-11	1.501767E-11	1.165374E-11	1.219528E-11	1.170752E-11	1.361908E-11	1.111641E-11	1.363817E-11	1.285289E-11	1.130352E-11	1.178562E-11	1.022334E-11	1.367508E-11
0:04:18	0	1.342079E-2	2.543000E+1	2.567400E+1	1.084807E+0	1.372391E+0	2.600000E+2	2.083900E-9	6.590518E-10	3.531535E-11	2.301449E-11	2.123929E-11	2.461825E-11	2.299795E-11	2.206334E-11	2.141359E-11	1.636055E-11	2.313667E-11	2.028580E-11	2.156085E-11	2.544906E-11	2.483026E-11	2.133037E-11	1.431584E-11	1.923972E-11	2.122311E-11	1.957396E-11	1.738523E-11	2.037409E-11	1.930900E-11	1.763823E-11	1.857621E-11	1.856886E-11	2.017678E-11	1.701965E-11	2.235216E-11	1.880407E-11	1.704948E-11	1.945298E-11	1.367304E-11	2.070352E-11
0:04:32	0	1.326838E-2	2.542900E+1	2.567400E+1	1.084566E+0	1.371910E+0	2.800000E+2	2.469400E-9	1.001521E-9	4.597278E-11	3.411213E-11	3.628362E-11	3.588384E-11	3.427589E-11	3.344034E-11	3.240459E-11	3.582844E-11	3.511679E-11	2.982813E-11	3.136061E-11	3.346918E-11	3.433197E-11	3.224711E-11	2.932868E-11	2.784699E-11	3.047203E-11	2.763009E-11	2.614098E-11	3.084368E-11	3.375788E-11	2.733890E-11	2.862290E-11	2.580682E-11	3.045530E-11	2.725761E-11	3.157053E-11	3.001074E-11	2.399568E-11	2.952807E-11	2.571529E-11	3.064349E-11
0:04:45	0	1.304039E-2	2.543100E+1	2.567400E+1	1.084997E+0	1.372416E+0	3.000000E+2	2.964300E-9	1.440800E-9	6.155024E-11	4.779381E-11	5.195962E-11	5.246452E-11	4.916445E-11	4.821307E-11	4.661749E-11	4.438863E-11	4.703386E-11	4.335200E-11	4.583965E-11	4.098387E-11	4.807756E-11	4.436331E-11	4.674849E-11	4.246587E-11	4.478945E-11	4.204328E-11	3.974746E-11	4.526201E-11	4.618860E-11	4.018894E-11	3.974389E-11	3.965472E-11	4.356971E-11	3.925346E-11	4.552568E-11	4.552338E-11	4.085575E-11	4.397451E-11	3.857343E-11	4.488929E-11
0:04:59	0	1.182419E-2	2.543000E+1	2.567400E+1	1.089899E+0	1.377635E+0	3.200000E+2	3.584400E-9	2.088131E-9	8.362171E-11	7.024092E-11	7.414792E-11	7.543730E-11	7.152829E-11	6.964728E-11	6.929352E-11	6.328591E-11	6.769786E-11	6.098310E-11	6.759015E-11	7.129484E-11	6.917092E-11	6.619877E-11	5.884635E-11	5.809883E-11	6.506147E-11	6.124067E-11	5.939993E-11	6.745410E-11	6.404624E-11	5.959029E-11	5.933154E-11	5.759458E-11	6.103601E-11	6.085768E-11	6.573074E-11	6.299808E-11	5.904167E-11	6.450482E-11	5.864385E-11	6.451536E-11
0:05:13	0	1.288858E-2	2.542800E+1	2.567200E+1	1.085111E+0	1.372328E+0	3.400000E+2	4.561400E-9	3.079187E-9	1.158469E-10	1.021463E-10	1.082182E-10	1.105608E-10	1.048540E-10	1.011397E-10	1.008136E-10	9.657763E-11	9.729991E-11	9.163228E-11	9.718005E-11	9.466036E-11	9.843505E-11	9.718365E-11	9.761293E-11	8.695791E-11	9.509045E-11	9.220628E-11	8.919437E-11	9.748231E-11	9.824641E-11	8.768496E-11	8.883921E-11	8.466039E-11	9.312974E-11	9.163206E-11	9.812263E-11	9.465604E-11	8.745847E-11	9.561638E-11	8.749594E-11	9.655214E-11
0:05:27	0	1.433279E-2	2.542500E+1	2.566900E+1	1.084224E+0	1.371694E+0	3.600000E+2	6.105900E-9	4.623655E-9	1.647844E-10	1.529034E-10	1.594204E-10	1.637847E-10	1.562348E-10	1.501069E-10	1.497685E-10	1.372252E-10	1.431930E-10	1.390915E-10	1.504169E-10	1.463161E-10	1.458786E-10	1.467852E-10	1.463254E-10	1.330315E-10	1.433002E-10	1.397889E-10	1.383270E-10	1.475085E-10	1.445615E-10	1.341100E-10	1.348383E-10	1.273369E-10	1.392218E-10	1.394271E-10	1.463626E-10	1.450541E-10	1.348178E-10	1.437732E-10	1.351639E-10	1.447967E-10
0:05:40	0	1.212840E-2	2.542200E+1	2.566600E+1	1.084528E+0	1.371960E+0	3.620000E+2	5.902900E-9	4.832031E-9	1.718479E-10	1.584527E-10	1.680173E-10	1.725815E-10	1.633311E-10	1.577121E-10	1.579165E-10	1.467374E-10	1.500386E-10	1.443371E-10	1.545273E-10	1.499160E-10	1.522764E-10	1.529070E-10	1.555733E-10	1.373986E-10	1.484318E-10	1.463973E-10	1.412884E-10	1.549686E-10	1.539003E-10	1.401571E-10	1.405879E-10	1.320578E-10	1.460323E-10	1.467124E-10	1.526145E-10	1.508793E-10	1.401860E-10	1.505533E-10	1.425653E-10	1.511275E-10
0:05:54	0	1.418039E-2	2.542000E+1	2.566400E+1	1.084376E+0	1.372138E+0	3.640000E+2	6.097400E-9	5.030312E-9	1.789103E-10	1.641274E-10	1.752860E-10	1.794172E-10	1.704273E-10	1.635579E-10	1.632225E-10	1.494644E-10	1.580891E-10	1.522991E-10	1.626831E-10	1.596408E-10	1.582943E-10	1.604794E-10	1.550033E-10	1.433473E-10	1.580607E-10	1.516217E-10	1.473354E-10	1.597338E-10	1.551623E-10	1.455121E-10	1.468431E-10	1.386668E-10	1.526527E-10	1.524897E-10	1.590548E-10	1.593633E-10	1.474472E-10	1.564461E-10	1.477706E-10	1.579021E-10
0:06:07	0	1.220459E-2	2.541600E+1	2.566000E+1	1.084819E+0	1.372442E+0	3.660000E+2	6.206800E-9	5.270092E-9	1.845233E-10	1.730810E-10	1.824929E-10	1.870741E-10	1.779026E-10	1.717922E-10	1.708660E-10	1.624003E-10	1.622729E-10	1.595030E-10	1.695753E-10	1.695550E-10	1.653250E-10	1.701349E-10	1.603242E-10	1.496766E-10	1.632562E-10	1.589853E-10	1.535713E-10	1.691365E-10	1.660789E-10	1.523777E-10	1.538574E-10	1.453384E-10	1.604079E-10	1.602778E-10	1.676422E-10	1.643649E-10	1.501626E-10	1.652538E-10	1.558621E-10	1.670195E-10
0:06:21	0	1.266059E-2	2.541300E+1	2.565700E+1	1.084439E+0	1.371834E+0	3.680000E+2	6.540300E-9	5.505637E-9	1.937302E-10	1.808361E-10	1.897616E-10	1.970739E-10	1.863930E-10	1.800275E-10	1.786351E-10	1.692486E-10	1.696889E-10	1.646219E-10	1.769096E-10	1.721440E-10	1.734328E-10	1.755614E-10	1.747661E-10	1.553085E-10	1.705410E-10	1.650910E-10	1.608146E-10	1.762838E-10	1.737770E-10	1.596848E-10	1.592279E-10	1.515071E-10	1.669029E-10	1.674372E-10	1.743347E-10	1.734826E-10	1.610235E-10	1.720339E-10	1.623852E-10	1.729705E-10
0:06:34	0	1.235638E-2	2.541100E+1	2.565400E+1	1.084604E+0	1.372138E+0	3.700000E+2	6.707800E-9	5.758299E-9	2.020550E-10	1.890959E-10	1.988015E-10	2.051115E-10	1.958326E-10	1.884503E-10	1.870364E-10	1.704539E-10	1.786270E-10	1.735955E-10	1.871525E-10	1.828159E-10	1.809706E-10	1.847118E-10	1.766031E-10	1.648020E-10	1.780167E-10	1.740284E-10	1.690035E-10	1.836182E-10	1.798345E-10	1.680002E-10	1.680736E-10	1.585573E-10	1.751000E-10	1.756020E-10	1.826699E-10	1.808901E-10	1.665173E-10	1.807786E-10	1.699748E-10	1.815182E-10
0:06:48	0	-8.660401E-2	2.540800E+1	2.565200E+1	1.082159E+0	1.369781E+0	3.720000E+2	7.006100E-9	6.017306E-9	2.102534E-10	1.978603E-10	2.063866E-10	2.144778E-10	2.045761E-10	1.952388E-10	1.967639E-10	1.779369E-10	1.861061E-10	1.801051E-10	1.941076E-10	1.965832E-10	1.889523E-10	1.934836E-10	1.822410E-10	1.703710E-10	1.875826E-10	1.813920E-10	1.762478E-10	1.920184E-10	1.892360E-10	1.747405E-10	1.756565E-10	1.655438E-10	1.826661E-10	1.819455E-10	1.913201E-10	1.888043E-10	1.761162E-10	1.890161E-10	1.791317E-10	1.904446E-10
0:07:01	0	1.296480E-2	2.540600E+1	2.564700E+1	1.079397E+0	1.366640E+0	3.740000E+2	7.272400E-9	6.335750E-9	2.179471E-10	2.065620E-10	2.175121E-10	2.250461E-10	2.145229E-10	2.057366E-10	2.042807E-10	1.948040E-10	1.951072E-10	1.893950E-10	2.014419E-10	1.974665E-10	1.990240E-10	2.014983E-10	1.999138E-10	1.799274E-10	1.953754E-10	1.919023E-10	1.866413E-10	2.021743E-10	2.019197E-10	1.850706E-10	1.848184E-10	1.750483E-10	1.935747E-10	1.927476E-10	2.001597E-10	1.977321E-10	1.884295E-10	1.996614E-10	1.894808E-10	2.008284E-10
0:07:15	0	1.228018E-2	2.540600E+1	2.564500E+1	1.079410E+0	1.366298E+0	3.760000E+2	7.647500E-9	6.645841E-9	2.299286E-10	2.169659E-10	2.281947E-10	2.358051E-10	2.237094E-10	2.157313E-10	2.152717E-10	1.978483E-10	2.040452E-10	1.990002E-10	2.150356E-10	2.052972E-10	2.084617E-10	2.122895E-10	2.136596E-10	1.897376E-10	2.061445E-10	2.003370E-10	1.959639E-10	2.118917E-10	2.104377E-10	1.931335E-10	1.947385E-10	1.837977E-10	2.019609E-10	2.017918E-10	2.114624E-10	2.084960E-10	1.955023E-10	2.079619E-10	1.989516E-10	2.122876E-10
0:07:28	0	1.372440E-2	2.540900E+1	2.564900E+1	1.079271E+0	1.366424E+0	3.780000E+2	7.945000E-9	6.989408E-9	2.431088E-10	2.283154E-10	2.397623E-10	2.475133E-10	2.356835E-10	2.274229E-10	2.253154E-10	2.081844E-10	2.143142E-10	2.099960E-10	2.257207E-10	2.263887E-10	2.181535E-10	2.231435E-10	2.142936E-10	1.965095E-10	2.169776E-10	2.121062E-10	2.063574E-10	2.212321E-10	2.217328E-10	2.044093E-10	2.049108E-10	1.924844E-10	2.133732E-10	2.137876E-10	2.223863E-10	2.188790E-10	2.068048E-10	2.198746E-10	2.089245E-10	2.213420E-10
0:07:42	0	1.258439E-2	2.541000E+1	2.565000E+1	1.084693E+0	1.370947E+0	3.800000E+2	8.356400E-9	7.341631E-9	2.525685E-10	2.354404E-10	2.519626E-10	2.614994E-10	2.467074E-10	2.379197E-10	2.373175E-10	2.248623E-10	2.249634E-10	2.191593E-10	2.355215E-10	2.352931E-10	2.298711E-10	2.347556E-10	2.260115E-10	2.084078E-10	2.269236E-10	2.216736E-10	2.165621E-10	2.347726E-10	2.330279E-10	2.169451E-10	2.140099E-10	2.027441E-10	2.233352E-10	2.249041E-10	2.322994E-10	2.301497E-10	2.166559E-10	2.309000E-10	2.207786E-10	2.336878E-10
0:07:55	0	1.364878E-2	2.541100E+1	2.565200E+1	1.078511E+0	1.365360E+0	3.820000E+2	8.636000E-9	7.726921E-9	2.665053E-10	2.503205E-10	2.644783E-10	2.742836E-10	2.592515E-10	2.506175E-10	2.500765E-10	2.364667E-10	2.361199E-10	2.305971E-10	2.474073E-10	2.429344E-10	2.401328E-10	2.476290E-10	2.429883E-10	2.168243E-10	2.394038E-10	2.335055E-10	2.270809E-10	2.460577E-10	2.469090E-10	2.270863E-10	2.259518E-10	2.137591E-10	2.339920E-10	2.365856E-10	2.453694E-10	2.437622E-10	2.285277E-10	2.421154E-10	2.330713E-10	2.471100E-10
0:08:09	0	1.243257E-2	2.541200E+1	2.565200E+1	1.079347E+0	1.366222E+0	3.840000E+2	9.065400E-9	8.134914E-9	2.775421E-10	2.629939E-10	2.784479E-10	2.890289E-10	2.732529E-10	2.646350E-10	2.622043E-10	2.395741E-10	2.486074E-10	2.427313E-10	2.630252E-10	2.557537E-10	2.525484E-10	2.599982E-10	2.556572E-10	2.325202E-10	2.525181E-10	2.475411E-10	2.393012E-10	2.616042E-10	2.588984E-10	2.404405E-10	2.384623E-10	2.238300E-10	2.469172E-10	2.497117E-10	2.579350E-10	2.546520E-10	2.400834E-10	2.607441E-10	2.444244E-10	2.593298E-10
0:08:22	0	1.319279E-2	2.541100E+1	2.565200E+1	1.079575E+0	1.366526E+0	3.860000E+2	9.400000E-9	8.559340E-9	2.907849E-10	2.769921E-10	2.927338E-10	3.036484E-10	2.873184E-10	2.771433E-10	2.756594E-10	2.533979E-10	2.613480E-10	2.566971E-10	2.753543E-10	2.764026E-10	2.664840E-10	2.729981E-10	2.615481E-10	2.451149E-10	2.660114E-10	2.603178E-10	2.520256E-10	2.736405E-10	2.710761E-10	2.520943E-10	2.498995E-10	2.364825E-10	2.615457E-10	2.632781E-10	2.734043E-10	2.702906E-10	2.535342E-10	2.715795E-10	2.578470E-10	2.726880E-10
0:08:36	0	1.220459E-2	2.541000E+1	2.565100E+1	1.079600E+0	1.366589E+0	3.880000E+2	9.769000E-9	9.045523E-9	3.053529E-10	2.939536E-10	3.082212E-10	3.199763E-10	3.037912E-10	2.897786E-10	2.910719E-10	2.755286E-10	2.751664E-10	2.713583E-10	2.898333E-10	2.871383E-10	2.818765E-10	2.894688E-10	2.826419E-10	2.558103E-10	2.779216E-10	2.738497E-10	2.664505E-10	2.884358E-10	2.878609E-10	2.658264E-10	2.658224E-10	2.496378E-10	2.764269E-10	2.779737E-10	2.866009E-10	2.848527E-10	2.690674E-10	2.893849E-10	2.740914E-10	2.903521E-10
0:08:49	0	1.167239E-2	2.540900E+1	2.564900E+1	1.079385E+0	1.366539E+0	3.900000E+2	1.029100E-8	9.547081E-9	3.211185E-10	3.073207E-10	3.221908E-10	3.370636E-10	3.184897E-10	3.085107E-10	3.068005E-10	2.875776E-10	2.905058E-10	2.868405E-10	3.062717E-10	2.983784E-10	2.954311E-10	3.056237E-10	3.001247E-10	2.723284E-10	2.965465E-10	2.904657E-10	2.820716E-10	3.053620E-10	3.064129E-10	2.821420E-10	2.808605E-10	2.637371E-10	2.923165E-10	2.941149E-10	3.029553E-10	3.016317E-10	2.839706E-10	3.038324E-10	2.892071E-10	3.068777E-10
0:09:03	0	1.311658E-2	2.541200E+1	2.565100E+1	1.079245E+0	1.366234E+0	3.920000E+2	1.076700E-8	1.009382E-8	3.383347E-10	3.261108E-10	3.429241E-10	3.549101E-10	3.378760E-10	3.252939E-10	3.239182E-10	2.982310E-10	3.068599E-10	3.030819E-10	3.247982E-10	3.174503E-10	3.131046E-10	3.207695E-10	3.147575E-10	2.876437E-10	3.106109E-10	3.072079E-10	2.976301E-10	3.237924E-10	3.216198E-10	2.991498E-10	2.975415E-10	2.811722E-10	3.085843E-10	3.129559E-10	3.227188E-10	3.195492E-10	2.999465E-10	3.212567E-10	3.082121E-10	3.258081E-10
0:09:16	0	1.220459E-2	2.541600E+1	2.565500E+1	1.079169E+0	1.366450E+0	3.940000E+2	1.149300E-8	1.069149E-8	3.572542E-10	3.457827E-10	3.601808E-10	3.762374E-10	3.558061E-10	3.440885E-10	3.433743E-10	3.147818E-10	3.238484E-10	3.198919E-10	3.435763E-10	3.418885E-10	3.321700E-10	3.404581E-10	3.274894E-10	3.058074E-10	3.320870E-10	3.261529E-10	3.166541E-10	3.415963E-10	3.397922E-10	3.168506E-10	3.162444E-10	2.973493E-10	3.274372E-10	3.319238E-10	3.407139E-10	3.378475E-10	3.204690E-10	3.400125E-10	3.278439E-10	3.458780E-10
0:09:30	0	1.288858E-2	2.541600E+1	2.565500E+1	1.079625E+0	1.366703E+0	3.960000E+2	1.206800E-8	1.134981E-8	3.778124E-10	3.626815E-10	3.840117E-10	3.978184E-10	3.778539E-10	3.636373E-10	3.624505E-10	3.428098E-10	3.434987E-10	3.389127E-10	3.636189E-10	3.593174E-10	3.519964E-10	3.623563E-10	3.490892E-10	3.202374E-10	3.499518E-10	3.469232E-10	3.379444E-10	3.642278E-10	3.625080E-10	3.377635E-10	3.346949E-10	3.156657E-10	3.487488E-10	3.527745E-10	3.618660E-10	3.596282E-10	3.394136E-10	3.654223E-10	3.486045E-10	3.655680E-10
0:09:43	0	1.182419E-2	2.541600E+1	2.565600E+1	1.079473E+0	1.366450E+0	3.980000E+2	1.279500E-8	1.206169E-8	3.984971E-10	3.858841E-10	4.091697E-10	4.218033E-10	4.019921E-10	3.855121E-10	3.845582E-10	3.637363E-10	3.647331E-10	3.589461E-10	3.857487E-10	3.749788E-10	3.727728E-10	3.840015E-10	3.775948E-10	3.420089E-10	3.733921E-10	3.672523E-10	3.569674E-10	3.852284E-10	3.885688E-10	3.590553E-10	3.556721E-10	3.366900E-10	3.703132E-10	3.754475E-10	3.872494E-10	3.823584E-10	3.611992E-10	3.870930E-10	3.726890E-10	3.905764E-10
0:09:57	0	1.380059E-2	2.542200E+1	2.566000E+1	1.079017E+0	1.366323E+0	4.000000E+2	1.372600E-8	1.284286E-8	4.216418E-10	4.097188E-10	4.343277E-10	4.475615E-10	4.247370E-10	4.087702E-10	4.084986E-10	3.781948E-10	3.870462E-10	3.813798E-10	4.121146E-10	4.043427E-10	3.958931E-10	4.095599E-10	3.992586E-10	3.643488E-10	4.018359E-10	3.926805E-10	3.825416E-10	4.111821E-10	4.116631E-10	3.839996E-10	3.801255E-10	3.584058E-10	3.953455E-10	4.028925E-10	4.123168E-10	4.092036E-10	3.869623E-10	4.137692E-10	3.975270E-10	4.150160E-10
0:10:10	0	1.053239E-2	2.542300E+1	2.566200E+1	1.079473E+0	1.366842E+0	4.020000E+2	1.445500E-8	1.368977E-8	4.491371E-10	4.358230E-10	4.623947E-10	4.792042E-10	4.526138E-10	4.348564E-10	4.336387E-10	4.032427E-10	4.116398E-10	4.079218E-10	4.392391E-10	4.371171E-10	4.219903E-10	4.358126E-10	4.202254E-10	3.878287E-10	4.254663E-10	4.167227E-10	4.081158E-10	4.379504E-10	4.387330E-10	4.105827E-10	4.056522E-10	3.820097E-10	4.213872E-10	4.282663E-10	4.403517E-10	4.345926E-10	4.136735E-10	4.426630E-10	4.241205E-10	4.467989E-10
0:10:24	0	1.235638E-2	2.542800E+1	2.566600E+1	1.079663E+0	1.366754E+0	4.040000E+2	1.552100E-8	1.466286E-8	4.799117E-10	4.659615E-10	4.914715E-10	5.083793E-10	4.830880E-10	4.645884E-10	4.635174E-10	4.378028E-10	4.399750E-10	4.358534E-10	4.679437E-10	4.665448E-10	4.508115E-10	4.655353E-10	4.510740E-10	4.139033E-10	4.558753E-10	4.480043E-10	4.372181E-10	4.689188E-10	4.724281E-10	4.418894E-10	4.349703E-10	4.098943E-10	4.523462E-10	4.604843E-10	4.721116E-10	4.680857E-10	4.422787E-10	4.753591E-10	4.581779E-10	4.784549E-10
0:10:37	0	1.334460E-2	2.542500E+1	2.566400E+1	1.079549E+0	1.366539E+0	4.060000E+2	1.632600E-8	1.573418E-8	5.118222E-10	4.970467E-10	5.263650E-10	5.477439E-10	5.173629E-10	4.974006E-10	4.959848E-10	4.673535E-10	4.715414E-10	4.671351E-10	5.034146E-10	4.923727E-10	4.822295E-10	4.981610E-10	4.917406E-10	4.428263E-10	4.878675E-10	4.773334E-10	4.690282E-10	5.052798E-10	5.096565E-10	4.748976E-10	4.685218E-10	4.399818E-10	4.865213E-10	4.948389E-10	5.072826E-10	5.040486E-10	4.767575E-10	5.110971E-10	4.939294E-10	5.166326E-10
0:10:51	0	1.212840E-2	2.542200E+1	2.566200E+1	1.079233E+0	1.366399E+0	4.080000E+2	1.772800E-8	1.687315E-8	5.438582E-10	5.322935E-10	5.608784E-10	5.835008E-10	5.549963E-10	5.325388E-10	5.287683E-10	4.920840E-10	5.045038E-10	5.008809E-10	5.398328E-10	5.308304E-10	5.157385E-10	5.345106E-10	5.230962E-10	4.755460E-10	5.263213E-10	5.174889E-10	5.047433E-10	5.416399E-10	5.441724E-10	5.119372E-10	5.051066E-10	4.725864E-10	5.235970E-10	5.320192E-10	5.445987E-10	5.420375E-10	5.142657E-10	5.502561E-10	5.317503E-10	5.567733E-10
0:11:04	0	1.228018E-2	2.542500E+1	2.566200E+1	1.079410E+0	1.366665E+0	4.100000E+2	1.891600E-8	1.822747E-8	5.857323E-10	5.711348E-10	6.042411E-10	6.288130E-10	5.931999E-10	5.722655E-10	5.721639E-10	5.298145E-10	5.419651E-10	5.388617E-10	5.811210E-10	5.783819E-10	5.582413E-10	5.773596E-10	5.583789E-10	5.143421E-10	5.658522E-10	5.595958E-10	5.464438E-10	5.862121E-10	5.890999E-10	5.552755E-10	5.444076E-10	5.129973E-10	5.654646E-10	5.791856E-10	5.909447E-10	5.881306E-10	5.600480E-10	5.971455E-10	5.783519E-10	6.022952E-10
0:11:18	0	1.159617E-2	2.542400E+1	2.566100E+1	1.079410E+0	1.366526E+0	4.106837E+2	1.953000E-8	1.873717E-8	6.003630E-10	5.872134E-10	6.188433E-10	6.493180E-10	6.110660E-10	5.876654E-10	5.859969E-10	5.510583E-10	5.580030E-10	5.532694E-10	5.972429E-10	5.909479E-10	5.719868E-10	5.942089E-10	5.738347E-10	5.269358E-10	5.808667E-10	5.736940E-10	5.608687E-10	6.017586E-10	6.063888E-10	5.710233E-10	5.598248E-10	5.275368E-10	5.842537E-10	5.939447E-10	6.065416E-10	6.047827E-10	5.736872E-10	6.146339E-10	5.962271E-10	6.231877E-10
0:11:31	0	1.380059E-2	2.542400E+1	2.566200E+1	1.080525E+0	1.367552E+0	4.113674E+2	1.982400E-8	1.926617E-8	6.140479E-10	6.010215E-10	6.350253E-10	6.644441E-10	6.222169E-10	6.037569E-10	6.022939E-10	5.634236E-10	5.718214E-10	5.686888E-10	6.122919E-10	6.038299E-10	5.871894E-10	6.106169E-10	6.009464E-10	5.397833E-10	5.968943E-10	5.920100E-10	5.769313E-10	6.203147E-10	6.262018E-10	5.901104E-10	5.781486E-10	5.445953E-10	6.000806E-10	6.128491E-10	6.267466E-10	6.233969E-10	5.899163E-10	6.342139E-10	6.135380E-10	6.388268E-10
0:11:45	0	1.228018E-2	2.543400E+1	2.566900E+1	1.079195E+0	1.366589E+0	4.120511E+2	2.050200E-8	1.978643E-8	6.301918E-10	6.184239E-10	6.512711E-10	6.830499E-10	6.433775E-10	6.190943E-10	6.175170E-10	5.712229E-10	5.891891E-10	5.837929E-10	6.288571E-10	6.217643E-10	6.051788E-10	6.276555E-10	6.096243E-10	5.544661E-10	6.152032E-10	6.069896E-10	5.905995E-10	6.368648E-10	6.431759E-10	6.053540E-10	5.943877E-10	5.602686E-10	6.147718E-10	6.288019E-10	6.450578E-10	6.392893E-10	6.074702E-10	6.514482E-10	6.324172E-10	6.596562E-10
0:11:58	0	1.364878E-2	2.543500E+1	2.567200E+1	1.079233E+0	1.366703E+0	4.127348E+2	2.093300E-8	2.024810E-8	6.400926E-10	6.309719E-10	6.657466E-10	6.922893E-10	6.547815E-10	6.336150E-10	6.326772E-10	5.876475E-10	6.016766E-10	5.944725E-10	6.427033E-10	6.412778E-10	6.196204E-10	6.427375E-10	6.165282E-10	5.692758E-10	6.290765E-10	6.222841E-10	6.081110E-10	6.519105E-10	6.563637E-10	6.260153E-10	6.085411E-10	5.741155E-10	6.316070E-10	6.460100E-10	6.574340E-10	6.541683E-10	6.223734E-10	6.691276E-10	6.484112E-10	6.764337E-10
0:12:12	0	1.197658E-2	2.543800E+1	2.567300E+1	1.079461E+0	1.366817E+0	4.134185E+2	2.157700E-8	2.084752E-8	6.580027E-10	6.484370E-10	6.838255E-10	7.149464E-10	6.749920E-10	6.509013E-10	6.484058E-10	6.094610E-10	6.173972E-10	6.134943E-10	6.594591E-10	6.570020E-10	6.332390E-10	6.597133E-10	6.404730E-10	5.847179E-10	6.457382E-10	6.397805E-10	6.279534E-10	6.729121E-10	6.780066E-10	6.392442E-10	6.265497E-10	5.897888E-10	6.525413E-10	6.639090E-10	6.797224E-10	6.765816E-10	6.440952E-10	6.910514E-10	6.681687E-10	6.970103E-10
0:12:25	0	1.296480E-2	2.543600E+1	2.567300E+1	1.079600E+0	1.366640E+0	4.141022E+2	2.217200E-8	2.148481E-8	6.798233E-10	6.660296E-10	7.041797E-10	7.345653E-10	6.953295E-10	6.682501E-10	6.652713E-10	6.234119E-10	6.357797E-10	6.308092E-10	6.793750E-10	6.772731E-10	6.557263E-10	6.798442E-10	6.624527E-10	6.031344E-10	6.674043E-10	6.594180E-10	6.464096E-10	6.890227E-10	7.005341E-10	6.619212E-10	6.443678E-10	6.095540E-10	6.706377E-10	6.874615E-10	7.023277E-10	6.986781E-10	6.626609E-10	7.136093E-10	6.895561E-10	7.199937E-10
0:12:39	0	1.243257E-2	2.543400E+1	2.567200E+1	1.079258E+0	1.366665E+0	4.147859E+2	2.280200E-8	2.213154E-8	6.976069E-10	6.867109E-10	7.251027E-10	7.543100E-10	7.140187E-10	6.864791E-10	6.867477E-10	6.353337E-10	6.525771E-10	6.516008E-10	7.023273E-10	6.962801E-10	6.744128E-10	7.005429E-10	6.794295E-10	6.214250E-10	6.881834E-10	6.797471E-10	6.700944E-10	7.127824E-10	7.183908E-10	6.840314E-10	6.661669E-10	6.291921E-10	6.954172E-10	7.091292E-10	7.224700E-10	7.208386E-10	6.830569E-10	7.359131E-10	7.086858E-10	7.425323E-10
0:12:52	0	1.258439E-2	2.542900E+1	2.566900E+1	1.082235E+0	1.369984E+0	4.154696E+2	2.326500E-8	2.281541E-8	7.179760E-10	7.068875E-10	7.480484E-10	7.788024E-10	7.381578E-10	7.079143E-10	7.044348E-10	6.572112E-10	6.714038E-10	6.703064E-10	7.219907E-10	7.204661E-10	6.947452E-10	7.206111E-10	6.969753E-10	6.381330E-10	7.066182E-10	7.016501E-10	6.874796E-10	7.325301E-10	7.406653E-10	7.055748E-10	6.889765E-10	6.475721E-10	7.135773E-10	7.323664E-10	7.476630E-10	7.440116E-10	7.067376E-10	7.618931E-10	7.343397E-10	7.696935E-10
0:13:06	0	1.296480E-2	2.542600E+1	2.566600E+1	1.079651E+0	1.366855E+0	4.161533E+2	2.423300E-8	2.354065E-8	7.381569E-10	7.260558E-10	7.655585E-10	8.029141E-10	7.581783E-10	7.274631E-10	7.270480E-10	6.806744E-10	6.927653E-10	6.913504E-10	7.453841E-10	7.380217E-10	7.146986E-10	7.419405E-10	7.191461E-10	6.590811E-10	7.305656E-10	7.216026E-10	7.102824E-10	7.588589E-10	7.685549E-10	7.310233E-10	7.116603E-10	6.685954E-10	7.418248E-10	7.569867E-10	7.720367E-10	7.668058E-10	7.298490E-10	7.869218E-10	7.616858E-10	7.949558E-10
0:13:19	0	1.182419E-2	2.542700E+1	2.566500E+1	1.079575E+0	1.366589E+0	4.168370E+2	2.504600E-8	2.422342E-8	7.573910E-10	7.467371E-10	7.896418E-10	8.242414E-10	7.775016E-10	7.478921E-10	7.456196E-10	6.979859E-10	7.112748E-10	7.088548E-10	7.656803E-10	7.536831E-10	7.356019E-10	7.633336E-10	7.454978E-10	6.791441E-10	7.526118E-10	7.449532E-10	7.315100E-10	7.809887E-10	7.948050E-10	7.519372E-10	7.307423E-10	6.904374E-10	7.615606E-10	7.800355E-10	7.944516E-10	7.915610E-10	7.535287E-10	8.110632E-10	7.842029E-10	8.189516E-10
0:13:33	0	1.326838E-2	2.542200E+1	2.566200E+1	1.079372E+0	1.366640E+0	4.175207E+2	2.550800E-8	2.501871E-8	7.796516E-10	7.695625E-10	8.120816E-10	8.484171E-10	8.026539E-10	7.737897E-10	7.694334E-10	7.136487E-10	7.339672E-10	7.301512E-10	7.900859E-10	7.858254E-10	7.604322E-10	7.887027E-10	7.676676E-10	6.991432E-10	7.767482E-10	7.710095E-10	7.578399E-10	8.077569E-10	8.140502E-10	7.797166E-10	7.551957E-10	7.159293E-10	7.880432E-10	8.018291E-10	8.228025E-10	8.197366E-10	7.806814E-10	8.383736E-10	8.139323E-10	8.498480E-10
0:13:46	0	3.052197E-2	2.541900E+1	2.565800E+1	1.079739E+0	1.366830E+0	4.182044E+2	2.651900E-8	2.588580E-8	8.027963E-10	7.928925E-10	8.376198E-10	8.782255E-10	8.277432E-10	7.959166E-10	7.915411E-10	7.416768E-10	7.581816E-10	7.548605E-10	8.185379E-10	8.142432E-10	7.844395E-10	8.122417E-10	7.923723E-10	7.222424E-10	8.050030E-10	7.953050E-10	7.815874E-10	8.377228E-10	8.473668E-10	8.066140E-10	7.839452E-10	7.396593E-10	8.183094E-10	8.339221E-10	8.507746E-10	8.497474E-10	8.105507E-10	8.717029E-10	8.460459E-10	8.820107E-10
0:14:00	0	-9.192482E-2	2.542200E+1	2.565900E+1	1.077801E+0	1.364968E+0	4.188881E+2	2.739800E-8	2.677165E-8	8.298505E-10	8.164744E-10	8.642318E-10	9.036031E-10	8.537817E-10	8.256486E-10	8.198402E-10	7.690712E-10	7.823320E-10	7.822873E-10	8.418056E-10	8.341345E-10	8.098397E-10	8.426587E-10	8.167600E-10	7.457863E-10	8.319277E-10	8.245090E-10	8.101845E-10	8.650562E-10	8.772757E-10	8.376064E-10	8.121891E-10	7.641455E-10	8.476917E-10	8.647589E-10	8.823451E-10	8.810885E-10	8.381451E-10	9.058564E-10	8.764030E-10	9.143633E-10
0:14:13	0	1.174860E-2	2.542100E+1	2.565800E+1	1.077649E+0	1.364562E+0	4.195718E+2	2.831700E-8	2.773605E-8	8.549495E-10	8.445325E-10	8.893270E-10	9.349301E-10	8.810884E-10	8.492203E-10	8.449175E-10	7.972264E-10	8.081945E-10	8.067432E-10	8.715861E-10	8.622991E-10	8.386608E-10	8.712457E-10	8.501416E-10	7.752149E-10	8.603085E-10	8.549082E-10	8.385937E-10	8.987827E-10	9.104667E-10	8.705509E-10	8.419491E-10	7.935405E-10	8.778941E-10	8.982965E-10	9.178939E-10	9.143917E-10	8.730026E-10	9.403900E-10	9.139725E-10	9.508319E-10
0:14:27	0	1.250879E-2	2.542300E+1	2.565900E+1	1.077396E+0	1.364220E+0	4.202555E+2	2.927800E-8	2.873558E-8	8.834543E-10	8.740409E-10	9.257363E-10	9.658136E-10	9.119427E-10	8.779471E-10	8.762481E-10	8.162508E-10	8.358312E-10	8.349282E-10	9.001649E-10	8.933050E-10	8.671650E-10	9.036193E-10	8.806733E-10	8.021127E-10	8.954050E-10	8.878253E-10	8.719790E-10	9.265545E-10	9.466861E-10	9.014797E-10	8.713311E-10	8.240047E-10	9.086650E-10	9.335930E-10	9.525585E-10	9.493421E-10	9.083008E-10	9.749236E-10	9.469644E-10	9.867307E-10
0:14:40	0	1.220459E-2	2.542400E+1	2.566100E+1	1.077535E+0	1.364588E+0	4.209392E+2	3.012900E-8	2.959800E-8	9.065989E-10	8.954797E-10	9.477979E-10	9.957479E-10	9.380452E-10	9.021469E-10	9.018938E-10	8.361622E-10	8.602357E-10	8.597642E-10	9.267833E-10	9.211536E-10	8.928192E-10	9.272211E-10	9.044281E-10	8.236304E-10	9.213156E-10	9.130012E-10	8.991273E-10	9.590905E-10	9.745757E-10	9.301412E-10	9.019759E-10	8.498751E-10	9.404432E-10	9.628604E-10	9.826149E-10	9.786561E-10	9.356440E-10	1.010154E-9	9.776344E-10	1.020982E-9
0:14:54	0	1.205219E-2	2.542600E+1	2.566100E+1	1.077447E+0	1.364360E+0	4.216229E+2	3.128400E-8	3.072173E-8	9.393288E-10	9.258711E-10	9.819949E-10	1.027897E-9	9.699126E-10	9.311248E-10	9.307603E-10	8.650782E-10	8.887600E-10	8.900343E-10	9.598508E-10	9.579694E-10	9.253142E-10	9.629391E-10	9.341997E-10	8.524265E-10	9.547649E-10	9.484370E-10	9.334572E-10	9.963907E-10	1.012057E-9	9.683144E-10	9.361588E-10	8.823545E-10	9.777080E-10	1.000291E-9	1.024541E-9	1.025763E-9	9.770680E-10	1.052862E-9	1.021978E-9	1.066125E-9
0:15:07	0	1.304039E-2	2.543100E+1	2.566600E+1	1.077181E+0	1.364486E+0	4.223066E+2	3.261900E-8	3.193630E-8	9.705445E-10	9.616216E-10	1.016066E-9	1.066691E-9	1.003554E-9	9.659484E-10	9.670180E-10	9.036336E-10	9.242571E-10	9.209997E-10	9.960803E-10	9.976902E-10	9.594552E-10	9.977734E-10	9.643514E-10	8.866648E-10	9.923956E-10	9.875223E-10	9.735199E-10	1.035697E-9	1.054145E-9	1.007937E-9	9.758399E-10	9.199324E-10	1.021090E-9	1.044318E-9	1.065709E-9	1.066221E-9	1.017103E-9	1.097026E-9	1.067013E-9	1.108481E-9
0:15:21	0	1.167239E-2	2.543100E+1	2.566900E+1	1.077497E+0	1.364562E+0	4.229903E+2	3.367800E-8	3.324244E-8	1.008383E-9	9.970576E-10	1.052477E-9	1.107954E-9	1.040618E-9	1.000772E-9	9.999910E-10	9.371796E-10	9.587405E-10	9.578422E-10	1.033763E-9	1.033875E-9	9.963211E-10	1.037278E-9	1.003688E-9	9.218532E-10	1.034398E-9	1.026608E-9	1.013141E-9	1.078828E-9	1.105508E-9	1.053480E-9	1.017732E-9	9.630491E-10	1.062893E-9	1.092678E-9	1.112435E-9	1.110541E-9	1.060548E-9	1.148859E-9	1.113990E-9	1.159954E-9
0:15:34	0	1.349638E-2	2.543600E+1	2.567200E+1	1.077713E+0	1.364588E+0	4.236740E+2	3.536500E-8	3.459639E-8	1.039978E-9	1.032872E-9	1.091035E-9	1.146685E-9	1.081039E-9	1.040876E-9	1.037891E-9	9.718658E-10	9.921461E-10	9.947475E-10	1.076695E-9	1.065892E-9	1.032870E-9	1.077477E-9	1.050436E-9	9.572943E-10	1.078363E-9	1.066637E-9	1.053959E-9	1.125093E-9	1.152013E-9	1.101164E-9	1.063478E-9	1.001193E-9	1.110814E-9	1.135134E-9	1.166357E-9	1.159293E-9	1.111255E-9	1.202338E-9	1.166300E-9	1.213200E-9
0:15:48	0	1.174860E-2	2.543800E+1	2.567400E+1	1.077624E+0	1.364562E+0	4.243577E+2	3.660800E-8	3.606767E-8	1.078446E-9	1.070577E-9	1.132692E-9	1.191429E-9	1.118165E-9	1.077586E-9	1.076613E-9	1.009153E-9	1.034236E-9	1.033802E-9	1.117729E-9	1.110728E-9	1.081961E-9	1.123418E-9	1.094587E-9	9.956469E-10	1.122139E-9	1.117051E-9	1.101138E-9	1.171985E-9	1.199779E-9	1.151558E-9	1.111057E-9	1.047961E-9	1.163906E-9	1.188832E-9	1.214409E-9	1.216467E-9	1.161393E-9	1.254804E-9	1.224568E-9	1.273853E-9
0:16:01	0	1.258439E-2	2.543500E+1	2.567200E+1	1.079575E+0	1.366184E+0	4.250414E+2	3.812300E-8	3.751918E-8	1.119690E-9	1.112887E-9	1.171631E-9	1.236742E-9	1.164035E-9	1.116998E-9	1.115018E-9	1.042317E-9	1.072902E-9	1.075511E-9	1.159838E-9	1.156194E-9	1.119586E-9	1.163996E-9	1.137787E-9	1.035709E-9	1.169779E-9	1.161236E-9	1.149264E-9	1.220820E-9	1.249691E-9	1.204346E-9	1.156361E-9	1.093974E-9	1.208232E-9	1.239201E-9	1.264985E-9	1.265346E-9	1.215257E-9	1.312275E-9	1.278697E-9	1.328873E-9
0:16:15	0	1.250879E-2	2.543500E+1	2.567000E+1	1.077485E+0	1.364512E+0	4.257251E+2	3.976900E-8	3.920377E-8	1.160302E-9	1.155825E-9	1.218534E-9	1.283828E-9	1.208574E-9	1.162822E-9	1.157908E-9	1.084678E-9	1.116132E-9	1.120316E-9	1.212064E-9	1.206714E-9	1.168804E-9	1.213850E-9	1.183015E-9	1.078302E-9	1.217989E-9	1.213601E-9	1.202994E-9	1.274921E-9	1.310330E-9	1.259338E-9	1.211522E-9	1.143637E-9	1.271979E-9	1.300687E-9	1.327054E-9	1.335436E-9	1.275373E-9	1.381660E-9	1.346309E-9	1.399277E-9
0:16:28	0	1.342079E-2	2.543300E+1	2.566800E+1	1.077117E+0	1.364372E+0	4.264089E+2	4.165700E-8	4.102747E-8	1.207979E-9	1.202737E-9	1.271948E-9	1.339329E-9	1.259068E-9	1.212480E-9	1.210210E-9	1.127735E-9	1.163483E-9	1.166132E-9	1.262330E-9	1.266011E-9	1.217831E-9	1.269509E-9	1.227989E-9	1.126590E-9	1.274499E-9	1.273960E-9	1.257040E-9	1.335417E-9	1.372862E-9	1.324283E-9	1.272497E-9	1.203749E-9	1.332133E-9	1.367826E-9	1.395373E-9	1.399130E-9	1.339340E-9	1.455478E-9	1.415177E-9	1.477341E-9
0:16:42	0	1.228018E-2	2.542800E+1	2.566400E+1	1.077535E+0	1.364448E+0	4.270926E+2	4.362800E-8	4.304392E-8	1.261329E-9	1.255071E-9	1.326057E-9	1.394262E-9	1.314188E-9	1.260441E-9	1.258912E-9	1.184553E-9	1.218440E-9	1.220100E-9	1.319866E-9	1.321897E-9	1.276297E-9	1.326116E-9	1.287027E-9	1.175322E-9	1.336709E-9	1.335389E-9	1.323747E-9	1.404439E-9	1.448644E-9	1.397416E-9	1.339537E-9	1.262413E-9	1.408175E-9	1.436723E-9	1.467671E-9	1.475677E-9	1.420736E-9	1.536775E-9	1.494269E-9	1.555723E-9
0:16:55	0	1.212840E-2	2.542500E+1	2.566200E+1	1.077713E+0	1.364626E+0	4.277763E+2	4.580400E-8	4.523312E-8	1.312915E-9	1.308665E-9	1.382063E-9	1.459194E-9	1.373489E-9	1.315191E-9	1.316140E-9	1.239024E-9	1.272320E-9	1.277670E-9	1.374937E-9	1.384668E-9	1.334889E-9	1.395785E-9	1.347837E-9	1.235762E-9	1.403101E-9	1.404560E-9	1.392156E-9	1.481923E-9	1.529160E-9	1.468976E-9	1.413401E-9	1.329260E-9	1.485542E-9	1.516045E-9	1.559668E-9	1.554757E-9	1.499670E-9	1.626562E-9	1.586532E-9	1.651261E-9
0:17:09	0	1.266059E-2	2.542300E+1	2.566000E+1	1.077459E+0	1.364499E+0	4.284600E+2	4.819700E-8	4.761990E-8	1.369105E-9	1.365981E-9	1.443378E-9	1.522417E-9	1.438175E-9	1.376793E-9	1.378928E-9	1.294891E-9	1.335518E-9	1.338527E-9	1.445941E-9	1.449268E-9	1.396522E-9	1.457251E-9	1.423723E-9	1.300252E-9	1.478996E-9	1.481534E-9	1.474358E-9	1.554017E-9	1.618572E-9	1.555401E-9	1.492320E-9	1.405926E-9	1.568016E-9	1.603469E-9	1.642700E-9	1.654098E-9	1.589653E-9	1.727755E-9	1.679736E-9	1.756677E-9
0:17:22	0	1.205219E-2	2.542200E+1	2.565800E+1	1.077320E+0	1.364309E+0	4.291437E+2	5.057300E-8	4.974698E-8	1.422646E-9	1.416865E-9	1.501469E-9	1.582792E-9	1.491711E-9	1.428086E-9	1.429399E-9	1.342958E-9	1.387242E-9	1.388387E-9	1.508536E-9	1.506039E-9	1.459992E-9	1.523008E-9	1.484154E-9	1.353098E-9	1.545388E-9	1.546929E-9	1.534954E-9	1.627990E-9	1.701864E-9	1.629165E-9	1.561824E-9	1.467863E-9	1.654147E-9	1.682541E-9	1.722512E-9	1.743436E-9	1.672754E-9	1.812093E-9	1.770806E-9	1.846329E-9
0:17:36	0	1.288858E-2	2.542100E+1	2.565900E+1	1.077561E+0	1.364322E+0	4.298274E+2	6.286500E-8	5.929044E-8	1.488105E-9	1.486160E-9	1.573152E-9	1.662027E-9	1.563493E-9	1.499744E-9	1.497555E-9	1.399205E-9	1.391235E-9	1.456195E-9	1.587380E-9	1.564200E-9	1.532013E-9	1.603973E-9	1.562130E-9	1.427461E-9	1.634904E-9	1.634289E-9	1.620118E-9	1.730675E-9	1.784777E-9	2.069543E-9	1.715049E-9	5.346754E-9	1.823257E-9	1.786357E-9	1.837619E-9	1.851008E-9	1.761223E-9	1.910688E-9	4.368218E-9	2.121931E-9
0:17:49	0	1.083660E-2	2.542000E+1	2.565600E+1	1.077447E+0	1.364372E+0	4.305111E+2	1.544300E-7	1.947588E-7	1.609880E-9	1.452427E-9	1.590156E-9	1.548618E-9	1.646109E-9	1.800083E-9	2.300343E-9	1.526729E-9	1.538485E-9	1.517115E-9	1.661356E-9	1.616361E-9	1.604857E-9	1.343849E-9	1.618190E-9	1.589668E-9	1.820395E-9	1.763001E-9	1.696841E-9	3.480788E-9	1.701233E-9	2.084342E-8	1.652302E-8	5.662723E-8	1.648030E-9	1.718842E-9	2.536728E-9	1.004971E-8	1.677553E-9	2.362783E-8	8.028691E-9	1.505131E-8
0:18:13	1	1.212840E-2	2.542300E+1	2.565900E+1	1.077345E+0	1.364588E+0	0.000000E+0	-2.886000E-9	2.646240E-9	9.503676E-11	7.913178E-11	8.211215E-11	8.163957E-11	8.236215E-11	8.435650E-11	8.596948E-11	8.313420E-11	8.462232E-11	8.284815E-11	8.105707E-11	7.969379E-11	8.525944E-11	7.932415E-11	9.393897E-11	7.594580E-11	7.481744E-11	7.684917E-11	7.691145E-11	6.770449E-11	8.423782E-11	8.251989E-11	8.201540E-11	8.365280E-11	8.632020E-11	8.466100E-11	8.233737E-11	8.693071E-11	8.651044E-11	8.155006E-11	8.636716E-11	8.642227E-11
0:18:27	1	1.402858E-2	2.542600E+1	2.566200E+1	1.077472E+0	1.364372E+0	0.000000E+0	1.889300E-9	2.701680E-9	9.856799E-11	8.650864E-11	8.299729E-11	8.088027E-11	8.255218E-11	8.737317E-11	8.849635E-11	8.909560E-11	8.468637E-11	8.474365E-11	8.118384E-11	7.590554E-11	8.792036E-11	7.989300E-11	8.665505E-11	8.037582E-11	8.394034E-11	8.012209E-11	7.798243E-11	8.005443E-11	8.480561E-11	8.264519E-11	8.289918E-11	8.132461E-11	8.600466E-11	8.623050E-11	8.378970E-11	8.560134E-11	8.354276E-11	8.541525E-11	8.780982E-11	9.167661E-11
0:18:40	1	1.174860E-2	2.542600E+1	2.566100E+1	1.077092E+0	1.364144E+0	1.000000E+1	3.235700E-9	2.980103E-9	1.067664E-10	9.426474E-11	9.279467E-11	9.094297E-11	9.509734E-11	9.554496E-11	9.582368E-11	9.182152E-11	9.432089E-11	9.270673E-11	9.180606E-11	9.156596E-11	9.507815E-11	8.961127E-11	9.355897E-11	9.265380E-11	9.040199E-11	8.968850E-11	8.793446E-11	8.832995E-11	9.016978E-11	9.058274E-11	9.054492E-11	8.975895E-11	9.634588E-11	9.427037E-11	9.420821E-11	9.421225E-11	9.333103E-11	9.339870E-11	9.721826E-11	9.534875E-11
0:18:54	1	1.304039E-2	2.543000E+1	2.566400E+1	1.077295E+0	1.364423E+0	2.000000E+1	3.407300E-9	2.992995E-9	1.072074E-10	9.224708E-11	9.456494E-11	9.170227E-11	9.490731E-11	9.724183E-11	9.582368E-11	9.435825E-11	9.362342E-11	9.371733E-11	9.199570E-11	9.434434E-11	9.653510E-11	9.074698E-11	8.874502E-11	9.442621E-11	9.090904E-11	9.044463E-11	8.982483E-11	8.864367E-11	8.878117E-11	9.052009E-11	9.086112E-11	9.158434E-11	9.691326E-11	9.345339E-11	9.534456E-11	9.414928E-11	9.389925E-11	9.358876E-11	9.508547E-11	9.680502E-11
0:19:07	1	1.235638E-2	2.543400E+1	2.566800E+1	1.077320E+0	1.364740E+0	3.000000E+1	3.697400E-9	3.026252E-9	1.091000E-10	9.684978E-11	9.690402E-11	9.416999E-11	9.433621E-11	9.768243E-11	9.847720E-11	9.568968E-11	9.527154E-11	9.554997E-11	9.231112E-11	9.598625E-11	9.710509E-11	9.068421E-11	8.798503E-11	9.347606E-11	9.027497E-11	8.887076E-11	9.013906E-11	8.914444E-11	9.111611E-11	9.133850E-11	9.193541E-11	9.227693E-11	9.691326E-11	9.508635E-11	9.534456E-11	9.452910E-11	9.497288E-11	9.656768E-11	9.847180E-11	9.769157E-11
0:19:21	1	1.296480E-2	2.543300E+1	2.566900E+1	1.077193E+0	1.364752E+0	4.000000E+1	3.898800E-9	3.043458E-9	1.101085E-10	9.609328E-11	9.412187E-11	9.454964E-11	9.547740E-11	9.623661E-11	9.841338E-11	9.911435E-11	9.584192E-11	9.479177E-11	9.300682E-11	9.491258E-11	9.868804E-11	9.112555E-11	9.406597E-11	9.600779E-11	9.135208E-11	8.949971E-11	9.114739E-11	9.171557E-11	9.300875E-11	9.404733E-11	9.212494E-11	9.164694E-11	9.748064E-11	9.395607E-11	9.749067E-11	9.427522E-11	9.478347E-11	9.333568E-11	9.696676E-11	9.807138E-11
0:19:34	1	1.243257E-2	2.543500E+1	2.567000E+1	1.077421E+0	1.364892E+0	5.000000E+1	4.018800E-9	3.078494E-9	1.103604E-10	9.710161E-11	9.867329E-11	9.442375E-11	9.744074E-11	9.824805E-11	9.955017E-11	1.029194E-10	9.736395E-11	9.592907E-11	9.332323E-11	9.453376E-11	9.767507E-11	9.188268E-11	9.495296E-11	9.322329E-11	9.116206E-11	9.107358E-11	9.121003E-11	9.240437E-11	9.622725E-11	9.177904E-11	9.370396E-11	9.240214E-11	9.817443E-11	9.690769E-11	9.774385E-11	9.585847E-11	9.705634E-11	9.606052E-11	9.966394E-11	9.946467E-11
0:19:48	1	1.182419E-2	2.543700E+1	2.567200E+1	1.077307E+0	1.364461E+0	6.000000E+1	4.112400E-9	3.100437E-9	1.114963E-10	9.691249E-11	9.835796E-11	9.530893E-11	9.845491E-11	9.881368E-11	9.986628E-11	1.042509E-10	9.723687E-11	9.637202E-11	9.591541E-11	8.821934E-11	9.951201E-11	9.352348E-11	9.824692E-11	9.455209E-11	9.496344E-11	9.214369E-11	9.158791E-11	9.165223E-11	9.559571E-11	9.467681E-11	9.218778E-11	9.416492E-11	9.893094E-11	9.653093E-11	9.736507E-11	9.687199E-11	9.737235E-11	9.764401E-11	1.011690E-10	1.005411E-10
0:20:01	1	1.334460E-2	2.543900E+1	2.567400E+1	1.077193E+0	1.364537E+0	7.000000E+1	4.287400E-9	3.117534E-9	1.121265E-10	9.760628E-11	9.905249E-11	9.632200E-11	9.699766E-11	1.006366E-10	1.005613E-10	1.009533E-10	9.837764E-11	9.713022E-11	9.591541E-11	9.257683E-11	1.000190E-10	9.295563E-11	9.957690E-11	9.556518E-11	9.832077E-11	9.296142E-11	9.184049E-11	9.328220E-11	9.736284E-11	9.499204E-11	9.389348E-11	9.359853E-11	9.987657E-11	9.653093E-11	9.780665E-11	9.699793E-11	9.705634E-11	9.783406E-11	1.001659E-10	9.864109E-11
0:20:15	1	1.205219E-2	2.543900E+1	2.567500E+1	1.077003E+0	1.364410E+0	8.000000E+1	4.285800E-9	3.143668E-9	1.130722E-10	9.848919E-11	1.027826E-10	9.752389E-11	9.851793E-11	1.005106E-10	1.018876E-10	9.822640E-11	9.913816E-11	9.807797E-11	9.680076E-11	9.617566E-11	1.010320E-10	9.510152E-11	9.830992E-11	9.651433E-11	9.749769E-11	9.245866E-11	9.379251E-11	9.422238E-11	9.408159E-11	9.650358E-11	9.496778E-11	9.580151E-11	9.918278E-11	9.653093E-11	9.875361E-11	9.826432E-11	9.775116E-11	9.815116E-11	1.010442E-10	1.025031E-10
0:20:28	1	-1.100142E-1	2.544300E+1	2.567800E+1	1.077383E+0	1.364740E+0	9.000000E+1	4.460900E-9	3.178458E-9	1.138289E-10	1.008214E-10	1.012648E-10	9.720818E-11	1.003552E-10	1.015793E-10	1.020770E-10	1.012066E-10	1.000898E-10	9.877331E-11	9.933005E-11	9.933287E-11	1.021089E-10	9.636375E-11	9.577595E-11	9.708382E-11	1.013621E-10	9.497545E-11	9.385615E-11	9.459845E-11	9.578497E-11	9.688146E-11	9.686400E-11	9.743810E-11	1.010750E-10	9.967093E-11	9.982716E-11	9.940378E-11	9.863538E-11	9.992571E-11	1.001026E-10	1.008570E-10
0:20:42	1	1.190038E-2	2.544000E+1	2.567400E+1	1.074938E+0	1.362092E+0	1.000000E+2	4.504700E-9	3.244582E-9	1.159106E-10	1.022717E-10	1.056905E-10	9.961296E-11	1.028897E-10	1.024595E-10	1.058673E-10	1.054552E-10	1.024344E-10	1.013642E-10	1.005947E-10	1.019856E-10	1.038829E-10	9.813007E-11	9.691693E-11	9.822280E-11	1.001580E-10	9.497545E-11	9.637598E-11	9.904993E-11	9.679505E-11	9.801611E-11	9.831734E-11	9.762690E-11	1.032191E-10	1.002361E-10	1.027946E-10	1.021905E-10	1.006560E-10	1.011931E-10	1.031136E-10	1.061753E-10
0:20:55	1	1.235638E-2	2.543800E+1	2.567400E+1	1.074938E+0	1.362117E+0	1.200000E+2	4.817100E-9	3.436125E-9	1.242981E-10	1.081355E-10	1.104305E-10	1.064476E-10	1.085917E-10	1.103167E-10	1.097833E-10	1.134457E-10	1.085195E-10	1.090738E-10	1.050833E-10	1.068476E-10	1.107237E-10	1.042519E-10	1.030609E-10	1.013870E-10	1.045924E-10	1.039129E-10	1.029898E-10	1.029363E-10	1.043666E-10	1.041885E-10	1.026135E-10	1.045508E-10	1.089566E-10	1.061403E-10	1.086039E-10	1.069382E-10	1.077278E-10	1.068958E-10	1.089466E-10	1.113676E-10
0:21:09	1	1.250879E-2	2.543400E+1	2.567000E+1	1.075280E+0	1.362117E+0	1.400000E+2	5.207000E-9	3.775094E-9	1.334423E-10	1.185394E-10	1.204814E-10	1.173326E-10	1.193625E-10	1.208145E-10	1.212799E-10	1.251773E-10	1.195490E-10	1.179208E-10	1.162116E-10	1.124053E-10	1.202884E-10	1.133386E-10	1.160467E-10	1.147410E-10	1.159955E-10	1.137317E-10	1.137612E-10	1.139077E-10	1.158510E-10	1.152128E-10	1.130393E-10	1.143704E-10	1.203062E-10	1.156862E-10	1.195278E-10	1.177021E-10	1.180843E-10	1.178572E-10	1.198601E-10	1.232696E-10
0:21:23	1	1.304039E-2	2.543300E+1	2.566700E+1	1.075204E+0	1.362041E+0	1.600000E+2	5.796000E-9	4.318494E-9	1.491452E-10	1.355636E-10	1.379277E-10	1.351801E-10	1.355813E-10	1.367800E-10	1.394087E-10	1.396348E-10	1.371079E-10	1.334669E-10	1.334725E-10	1.279401E-10	1.360609E-10	1.311353E-10	1.359995E-10	1.317657E-10	1.337973E-10	1.295926E-10	1.289418E-10	1.293919E-10	1.333929E-10	1.317790E-10	1.303516E-10	1.306101E-10	1.414923E-10	1.334604E-10	1.357547E-10	1.353037E-10	1.342496E-10	1.349665E-10	1.377354E-10	1.415044E-10
0:21:37	1	1.144439E-2	2.543300E+1	2.566800E+1	1.075394E+0	1.362535E+0	1.800000E+2	6.557900E-9	5.139496E-9	1.759466E-10	1.612268E-10	1.628971E-10	1.590390E-10	1.614937E-10	1.616725E-10	1.630959E-10	1.624003E-10	1.648717E-10	1.608937E-10	1.592056E-10	1.541468E-10	1.631711E-10	1.569457E-10	1.606412E-10	1.572078E-10	1.587578E-10	1.552722E-10	1.548312E-10	1.552823E-10	1.567402E-10	1.564728E-10	1.584698E-10	1.573609E-10	1.649479E-10	1.602778E-10	1.634746E-10	1.604398E-10	1.612768E-10	1.604383E-10	1.633259E-10	1.672724E-10
0:21:50	1	1.273678E-2	2.543500E+1	2.566800E+1	1.075014E+0	1.361851E+0	2.000000E+2	7.672900E-9	6.211204E-9	2.081090E-10	1.948343E-10	1.960194E-10	1.916309E-10	1.948825E-10	1.954899E-10	1.969534E-10	1.941703E-10	1.979601E-10	1.933127E-10	1.923998E-10	1.911520E-10	1.964261E-10	1.889398E-10	1.902859E-10	1.893580E-10	1.921441E-10	1.879379E-10	1.879012E-10	1.885081E-10	1.915709E-10	1.907399E-10	1.896203E-10	1.918544E-10	1.979883E-10	1.924343E-10	1.973188E-10	1.938069E-10	1.960705E-10	1.959862E-10	2.007705E-10	2.046275E-10
0:22:04	1	1.326838E-2	2.543800E+1	2.567100E+1	1.075128E+0	1.362092E+0	2.200000E+2	9.036200E-9	7.700145E-9	2.552177E-10	2.399167E-10	2.437449E-10	2.370709E-10	2.395482E-10	2.418801E-10	2.453389E-10	2.426814E-10	2.440433E-10	2.395708E-10	2.375447E-10	2.398400E-10	2.426667E-10	2.358286E-10	2.296855E-10	2.335333E-10	2.374406E-10	2.342616E-10	2.307344E-10	2.344599E-10	2.362454E-10	2.371649E-10	2.356823E-10	2.388107E-10	2.470437E-10	2.407934E-10	2.437277E-10	2.422419E-10	2.438087E-10	2.442060E-10	2.498188E-10	2.555937E-10
0:22:18	1	1.190038E-2	2.544300E+1	2.567600E+1	1.075179E+0	1.362193E+0	2.400000E+2	1.065700E-8	9.732293E-9	3.172090E-10	3.026543E-10	3.063242E-10	2.981425E-10	3.016368E-10	3.040472E-10	3.081906E-10	3.085040E-10	3.069870E-10	3.013759E-10	2.990641E-10	3.004630E-10	3.054398E-10	2.988085E-10	2.915728E-10	2.946694E-10	2.993338E-10	2.955639E-10	2.966854E-10	2.985917E-10	3.007339E-10	2.994640E-10	2.995006E-10	3.014412E-10	3.143218E-10	3.045403E-10	3.095850E-10	3.084695E-10	3.085973E-10	3.092810E-10	3.167423E-10	3.243519E-10
0:22:32	1	1.098838E-2	2.544000E+1	2.567300E+1	1.075242E+0	1.361978E+0	2.600000E+2	1.353900E-8	1.247236E-8	4.019029E-10	3.860742E-10	3.898903E-10	3.813007E-10	3.857733E-10	3.875860E-10	3.921388E-10	3.996919E-10	3.921166E-10	3.847289E-10	3.815755E-10	3.819881E-10	3.894963E-10	3.814143E-10	3.752509E-10	3.770064E-10	3.853013E-10	3.807841E-10	3.810301E-10	3.830966E-10	3.863604E-10	3.843148E-10	3.848007E-10	3.863530E-10	4.032908E-10	3.934091E-10	3.958368E-10	3.971733E-10	3.983286E-10	3.984344E-10	4.096950E-10	4.162184E-10
0:22:45	1	1.220459E-2	2.544100E+1	2.567500E+1	1.075445E+0	1.362295E+0	2.800000E+2	1.738100E-8	1.629229E-8	5.181918E-10	5.007674E-10	5.093608E-10	4.955321E-10	5.041846E-10	5.063891E-10	5.117763E-10	5.155472E-10	5.084965E-10	5.010705E-10	4.991146E-10	4.921194E-10	5.057938E-10	4.991711E-10	4.999125E-10	4.910520E-10	5.030710E-10	4.959009E-10	4.980669E-10	5.001386E-10	5.077638E-10	5.061416E-10	5.060542E-10	5.071426E-10	5.265603E-10	5.158155E-10	5.183949E-10	5.187376E-10	5.216545E-10	5.228187E-10	5.380843E-10	5.474660E-10
0:22:59	1	1.319279E-2	2.544100E+1	2.567400E+1	1.079093E+0	1.365196E+0	3.000000E+2	2.284700E-8	2.176513E-8	6.849305E-10	6.652094E-10	6.750390E-10	6.617226E-10	6.697971E-10	6.725250E-10	6.832107E-10	6.848589E-10	6.775520E-10	6.679679E-10	6.649598E-10	6.569392E-10	6.735888E-10	6.654556E-10	6.668877E-10	6.584487E-10	6.732959E-10	6.635723E-10	6.675746E-10	6.707180E-10	6.779439E-10	6.770386E-10	6.769079E-10	6.818133E-10	7.056320E-10	6.896596E-10	6.950661E-10	6.965891E-10	6.997914E-10	7.011265E-10	7.234886E-10	7.358217E-10
0:23:13	1	1.273678E-2	2.543800E+1	2.567300E+1	1.075103E+0	1.361927E+0	3.200000E+2	3.077200E-8	2.977930E-8	9.301209E-10	9.043696E-10	9.183409E-10	9.005019E-10	9.141601E-10	9.171707E-10	9.302557E-10	9.270327E-10	9.212150E-10	9.110783E-10	9.090164E-10	9.008197E-10	9.175225E-10	9.099295E-10	9.094320E-10	8.994493E-10	9.220757E-10	9.103582E-10	9.139301E-10	9.206621E-10	9.276301E-10	9.316527E-10	9.295874E-10	9.329615E-10	9.691963E-10	9.472218E-10	9.543268E-10	9.597251E-10	9.622286E-10	9.663690E-10	9.979563E-10	1.013005E-9
0:23:27	1	1.235638E-2	2.543100E+1	2.566800E+1	1.074938E+0	1.361851E+0	3.400000E+2	4.306900E-8	4.196708E-8	1.298537E-9	1.267240E-9	1.287371E-9	1.263196E-9	1.282003E-9	1.287219E-9	1.305971E-9	1.303706E-9	1.292160E-9	1.277734E-9	1.276303E-9	1.272641E-9	1.289092E-9	1.280868E-9	1.272457E-9	1.265128E-9	1.298952E-9	1.285100E-9	1.292756E-9	1.299683E-9	1.311150E-9	1.314960E-9	1.315400E-9	1.319063E-9	1.370090E-9	1.338935E-9	1.349785E-9	1.359875E-9	1.364915E-9	1.371204E-9	1.415240E-9	1.438340E-9
0:23:40	1	1.228018E-2	2.543000E+1	2.566700E+1	1.074976E+0	1.361965E+0	3.600000E+2	6.251400E-8	6.130692E-8	1.874305E-9	1.837870E-9	1.869868E-9	1.834736E-9	1.860188E-9	1.868159E-9	1.898158E-9	1.897314E-9	1.877293E-9	1.861590E-9	1.858309E-9	1.851590E-9	1.877929E-9	1.869272E-9	1.850283E-9	1.845289E-9	1.898191E-9	1.878432E-9	1.891167E-9	1.906521E-9	1.921010E-9	1.931338E-9	1.928933E-9	1.934974E-9	2.010210E-9	1.967800E-9	1.980825E-9	1.994226E-9	2.008000E-9	2.018217E-9	2.086546E-9	2.118385E-9
0:23:54	1	1.190038E-2	2.542900E+1	2.566300E+1	1.075166E+0	1.361826E+0	3.620000E+2	6.466300E-8	6.388921E-8	1.954206E-9	1.911957E-9	1.944585E-9	1.909224E-9	1.938622E-9	1.943589E-9	1.974906E-9	1.973029E-9	1.953992E-9	1.937928E-9	1.936457E-9	1.925538E-9	1.956283E-9	1.948975E-9	1.935798E-9	1.922880E-9	1.979787E-9	1.959309E-9	1.971921E-9	1.988519E-9	2.004428E-9	2.013353E-9	2.009937E-9	2.017746E-9	2.095335E-9	2.053340E-9	2.065183E-9	2.079700E-9	2.093250E-9	2.105345E-9	2.175799E-9	2.208290E-9
0:24:07	1	1.304039E-2	2.543100E+1	2.566500E+1	1.074938E+0	1.361864E+0	3.640000E+2	6.723800E-8	6.654315E-8	2.031333E-9	1.991719E-9	2.025749E-9	1.987002E-9	2.017500E-9	2.023482E-9	2.055001E-9	2.052676E-9	2.035319E-9	2.019513E-9	2.016945E-9	2.009779E-9	2.035399E-9	2.028679E-9	2.010417E-9	2.002116E-9	2.061700E-9	2.041698E-9	2.053746E-9	2.071081E-9	2.084879E-9	2.098080E-9	2.097261E-9	2.104422E-9	2.181528E-9	2.136810E-9	2.152383E-9	2.168470E-9	2.183234E-9	2.191711E-9	2.269880E-9	2.303638E-9
0:24:21	1	1.243257E-2	2.543400E+1	2.566700E+1	1.074710E+0	1.361914E+0	3.660000E+2	7.011600E-8	6.946329E-8	2.118489E-9	2.078544E-9	2.110770E-9	2.074717E-9	2.105187E-9	2.111990E-9	2.144763E-9	2.142089E-9	2.122859E-9	2.104701E-9	2.102178E-9	2.096674E-9	2.121864E-9	2.116019E-9	2.098277E-9	2.089264E-9	2.154131E-9	2.130381E-9	2.144391E-9	2.163989E-9	2.178206E-9	2.189103E-9	2.189702E-9	2.198020E-9	2.280648E-9	2.235036E-9	2.247349E-9	2.263569E-9	2.281490E-9	2.290432E-9	2.371489E-9	2.406965E-9
0:24:34	1	1.129259E-2	2.543700E+1	2.567200E+1	1.074913E+0	1.362029E+0	3.680000E+2	7.312000E-8	7.245001E-8	2.206777E-9	2.165748E-9	2.202237E-9	2.162688E-9	2.193061E-9	2.200935E-9	2.235786E-9	2.234165E-9	2.214328E-9	2.195765E-9	2.192403E-9	2.188556E-9	2.215486E-9	2.208218E-9	2.185375E-9	2.175781E-9	2.246687E-9	2.221769E-9	2.237869E-9	2.256143E-9	2.273803E-9	2.286426E-9	2.282269E-9	2.293129E-9	2.376553E-9	2.329683E-9	2.344650E-9	2.362910E-9	2.380378E-9	2.391562E-9	2.476170E-9	2.512698E-9
0:24:48	1	1.266059E-2	2.543600E+1	2.566900E+1	1.074913E+0	1.361914E+0	3.700000E+2	7.646800E-8	7.574087E-8	2.304463E-9	2.260516E-9	2.298510E-9	2.258060E-9	2.293226E-9	2.300252E-9	2.335716E-9	2.337909E-9	2.312643E-9	2.294854E-9	2.289899E-9	2.285300E-9	2.313857E-9	2.307421E-9	2.285776E-9	2.273371E-9	2.346718E-9	2.324738E-9	2.340480E-9	2.361211E-9	2.377539E-9	2.391434E-9	2.387789E-9	2.397869E-9	2.484627E-9	2.439152E-9	2.454076E-9	2.472760E-9	2.491074E-9	2.501562E-9	2.589320E-9	2.628750E-9
0:25:01	1	1.167239E-2	2.543800E+1	2.567200E+1	1.075078E+0	1.362105E+0	3.720000E+2	7.991000E-8	7.913575E-8	2.405112E-9	2.360582E-9	2.400280E-9	2.357610E-9	2.392441E-9	2.399567E-9	2.436530E-9	2.441589E-9	2.414252E-9	2.394575E-9	2.389924E-9	2.381286E-9	2.417105E-9	2.408139E-9	2.390294E-9	2.376024E-9	2.451882E-9	2.430036E-9	2.446052E-9	2.467282E-9	2.489351E-9	2.501229E-9	2.498807E-9	2.506448E-9	2.596736E-9	2.545480E-9	2.567668E-9	2.585651E-9	2.606001E-9	2.616315E-9	2.711124E-9	2.750374E-9
0:25:15	1	1.258439E-2	2.543600E+1	2.567000E+1	1.075306E+0	1.362054E+0	3.740000E+2	8.361100E-8	8.287229E-8	2.515725E-9	2.467899E-9	2.510395E-9	2.466272E-9	2.502744E-9	2.510702E-9	2.551429E-9	2.552751E-9	2.527907E-9	2.508326E-9	2.503417E-9	2.489713E-9	2.530490E-9	2.521794E-9	2.509127E-9	2.488677E-9	2.569778E-9	2.544209E-9	2.559373E-9	2.582506E-9	2.608610E-9	2.619718E-9	2.617532E-9	2.627365E-9	2.723284E-9	2.669017E-9	2.687195E-9	2.706392E-9	2.731473E-9	2.745008E-9	2.841521E-9	2.881938E-9
0:25:28	1	1.167239E-2	2.543700E+1	2.567000E+1	1.075027E+0	1.362016E+0	3.760000E+2	8.722500E-8	8.668961E-8	2.627725E-9	2.578808E-9	2.624935E-9	2.577466E-9	2.612666E-9	2.624162E-9	2.667467E-9	2.667529E-9	2.643653E-9	2.621571E-9	2.617921E-9	2.601045E-9	2.643494E-9	2.636584E-9	2.624477E-9	2.599810E-9	2.686661E-9	2.662913E-9	2.681449E-9	2.706945E-9	2.729951E-9	2.742867E-9	2.740302E-9	2.750798E-9	2.849959E-9	2.792177E-9	2.814616E-9	2.835934E-9	2.858019E-9	2.873701E-9	2.975117E-9	3.018883E-9
0:25:42	1	1.319279E-2	2.543900E+1	2.567400E+1	1.074888E+0	1.361775E+0	3.780000E+2	9.163000E-8	9.093475E-8	2.753789E-9	2.705734E-9	2.748704E-9	2.699673E-9	2.739124E-9	2.749187E-9	2.793800E-9	2.789725E-9	2.766689E-9	2.749351E-9	2.746209E-9	2.733153E-9	2.773600E-9	2.766646E-9	2.749139E-9	2.728412E-9	2.818811E-9	2.792820E-9	2.813288E-9	2.838656E-9	2.864038E-9	2.878174E-9	2.875582E-9	2.883485E-9	2.991641E-9	2.935247E-9	2.956180E-9	2.977316E-9	3.000604E-9	3.018108E-9	3.126526E-9	3.171341E-9
0:25:55	1	1.144439E-2	2.543700E+1	2.567300E+1	1.075002E+0	1.362067E+0	3.800000E+2	9.655000E-8	9.551067E-8	2.887041E-9	2.835245E-9	2.884103E-9	2.832890E-9	2.872678E-9	2.886031E-9	2.930429E-9	2.929868E-9	2.905698E-9	2.883892E-9	2.879997E-9	2.872459E-9	2.910611E-9	2.901251E-9	2.880514E-9	2.862330E-9	2.960274E-9	2.935630E-9	2.956088E-9	2.985350E-9	3.006770E-9	3.026332E-9	3.024638E-9	3.034992E-9	3.143032E-9	3.083090E-9	3.105952E-9	3.133514E-9	3.157776E-9	3.175885E-9	3.290668E-9	3.335638E-9
0:26:09	1	1.228018E-2	2.543800E+1	2.567000E+1	1.074964E+0	1.361978E+0	3.820000E+2	1.004200E-7	1.002170E-7	3.025340E-9	2.970872E-9	3.020072E-9	2.970222E-9	3.014912E-9	3.024005E-9	3.075271E-9	3.074640E-9	3.047370E-9	3.023805E-9	3.020362E-9	3.012587E-9	3.053195E-9	3.044061E-9	3.019428E-9	3.000867E-9	3.107249E-9	3.083161E-9	3.106257E-9	3.130916E-9	3.154486E-9	3.177009E-9	3.174767E-9	3.185492E-9	3.299909E-9	3.238783E-9	3.261724E-9	3.289648E-9	3.315517E-9	3.333662E-9	3.455687E-9	3.505696E-9
0:26:22	1	1.235638E-2	2.544000E+1	2.567400E+1	1.075280E+0	1.362067E+0	3.840000E+2	1.060000E-7	1.054469E-7	3.178962E-9	3.121254E-9	3.174182E-9	3.121286E-9	3.163671E-9	3.180021E-9	3.227313E-9	3.232982E-9	3.203051E-9	3.179391E-9	3.176659E-9	3.167238E-9	3.209780E-9	3.203026E-9	3.175825E-9	3.157442E-9	3.270062E-9	3.242523E-9	3.270285E-9	3.296354E-9	3.324603E-9	3.346268E-9	3.343094E-9	3.354561E-9	3.476207E-9	3.410616E-9	3.436437E-9	3.463701E-9	3.489801E-9	3.515138E-9	3.640965E-9	3.694178E-9
0:26:36	1	1.205219E-2	2.544100E+1	2.567500E+1	1.075103E+0	1.362105E+0	3.860000E+2	1.108400E-7	1.108910E-7	3.335926E-9	3.277184E-9	3.335309E-9	3.276590E-9	3.326749E-9	3.338613E-9	3.391293E-9	3.396841E-9	3.364879E-9	3.339716E-9	3.341113E-9	3.326627E-9	3.375358E-9	3.362306E-9	3.335578E-9	3.317877E-9	3.439336E-9	3.412838E-9	3.437335E-9	3.467748E-9	3.504753E-9	3.523213E-9	3.518750E-9	3.530239E-9	3.657360E-9	3.588919E-9	3.616140E-9	3.650479E-9	3.675641E-9	3.699402E-9	3.835651E-9	3.891271E-9
0:26:49	1	1.243257E-2	2.544400E+1	2.567900E+1	1.080702E+0	1.367210E+0	3.880000E+2	1.179800E-7	1.169366E-7	3.511557E-9	3.451589E-9	3.510658E-9	3.451261E-9	3.500469E-9	3.515937E-9	3.572076E-9	3.578392E-9	3.543126E-9	3.522096E-9	3.517074E-9	3.503254E-9	3.555758E-9	3.552067E-9	3.522570E-9	3.497551E-9	3.625525E-9	3.599454E-9	3.625488E-9	3.659202E-9	3.697459E-9	3.714520E-9	3.712667E-9	3.725744E-9	3.860203E-9	3.788010E-9	3.818509E-9	3.852643E-9	3.878721E-9	3.909074E-9	4.052353E-9	4.111600E-9
0:27:03	1	1.106459E-2	2.543900E+1	2.567600E+1	1.074850E+0	1.361687E+0	3.900000E+2	1.238900E-7	1.232770E-7	3.694378E-9	3.633686E-9	3.697323E-9	3.631375E-9	3.684582E-9	3.698353E-9	3.761514E-9	3.764445E-9	3.732085E-9	3.707825E-9	3.705871E-9	3.686575E-9	3.746991E-9	3.734318E-9	3.715200E-9	3.687416E-9	3.825461E-9	3.794818E-9	3.826492E-9	3.859308E-9	3.900704E-9	3.921449E-9	3.920547E-9	3.933838E-9	4.073513E-9	3.996899E-9	4.027762E-9	4.065191E-9	4.101376E-9	4.127300E-9	4.280660E-9	4.339718E-9
0:27:16	1	1.250879E-2	2.543800E+1	2.567300E+1	1.074900E+0	1.361699E+0	3.920000E+2	1.313400E-7	1.304001E-7	3.903749E-9	3.836590E-9	3.904531E-9	3.837371E-9	3.895303E-9	3.907421E-9	3.972616E-9	3.971869E-9	3.944561E-9	3.920602E-9	3.917744E-9	3.896609E-9	3.957416E-9	3.950836E-9	3.927277E-9	3.897278E-9	4.044973E-9	4.013974E-9	4.049857E-9	4.085681E-9	4.127800E-9	4.150866E-9	4.149406E-9	4.166228E-9	4.312299E-9	4.232985E-9	4.265367E-9	4.308322E-9	4.344430E-9	4.369861E-9	4.532423E-9	4.603858E-9
0:27:30	1	1.129259E-2	2.543800E+1	2.567400E+1	1.074913E+0	1.361851E+0	3.940000E+2	1.378200E-7	1.378385E-7	4.115894E-9	4.047755E-9	4.120842E-9	4.045204E-9	4.107608E-9	4.127238E-9	4.193575E-9	4.187409E-9	4.164136E-9	4.138686E-9	4.136889E-9	4.119209E-9	4.182854E-9	4.175557E-9	4.144293E-9	4.114863E-9	4.280514E-9	4.248489E-9	4.282924E-9	4.323151E-9	4.365436E-9	4.395026E-9	4.390778E-9	4.406490E-9	4.563189E-9	4.478551E-9	4.515535E-9	4.559364E-9	4.597836E-9	4.628387E-9	4.805448E-9	4.875407E-9
0:27:43	1	1.243257E-2	2.543700E+1	2.567100E+1	1.074698E+0	1.361800E+0	3.960000E+2	1.463900E-7	1.462705E-7	4.362158E-9	4.285215E-9	4.362313E-9	4.288605E-9	4.352100E-9	4.368428E-9	4.439989E-9	4.442458E-9	4.413696E-9	4.387928E-9	4.384173E-9	4.370986E-9	4.434581E-9	4.425460E-9	4.391148E-9	4.367700E-9	4.541711E-9	4.504779E-9	4.545028E-9	4.590147E-9	4.631906E-9	4.663750E-9	4.667594E-9	4.686718E-9	4.843967E-9	4.760858E-9	4.796769E-9	4.843711E-9	4.891785E-9	4.925313E-9	5.112907E-9	5.186654E-9
0:27:57	1	1.114018E-2	2.543700E+1	2.567000E+1	1.075014E+0	1.362181E+0	3.980000E+2	1.554500E-7	1.551478E-7	4.611763E-9	4.535157E-9	4.617562E-9	4.536941E-9	4.607550E-9	4.625834E-9	4.701877E-9	4.706953E-9	4.674156E-9	4.645130E-9	4.647703E-9	4.636211E-9	4.698848E-9	4.691075E-9	4.653393E-9	4.625093E-9	4.818302E-9	4.784168E-9	4.827666E-9	4.871373E-9	4.923679E-9	4.952064E-9	4.954962E-9	4.971982E-9	5.150848E-9	5.055602E-9	5.098019E-9	5.150408E-9	5.194699E-9	5.235925E-9	5.430716E-9	5.512146E-9
0:28:10	1	1.288858E-2	2.543400E+1	2.567100E+1	1.075166E+0	1.362054E+0	4.000000E+2	1.658400E-7	1.652620E-7	4.898828E-9	4.819526E-9	4.906377E-9	4.824387E-9	4.897909E-9	4.919636E-9	5.001098E-9	5.006199E-9	4.975883E-9	4.942651E-9	4.944428E-9	4.929412E-9	4.999283E-9	4.989694E-9	4.950224E-9	4.920584E-9	5.134931E-9	5.098740E-9	5.145076E-9	5.195292E-9	5.248582E-9	5.287310E-9	5.281191E-9	5.303197E-9	5.492662E-9	5.391922E-9	5.436776E-9	5.492435E-9	5.544721E-9	5.593238E-9	5.805099E-9	5.884741E-9
0:28:24	1	1.304039E-2	2.542900E+1	2.566500E+1	1.075280E+0	1.361978E+0	4.020000E+2	1.762400E-7	1.759992E-7	5.206324E-9	5.121677E-9	5.210362E-9	5.123922E-9	5.202144E-9	5.224879E-9	5.310300E-9	5.319903E-9	5.286547E-9	5.258120E-9	5.255317E-9	5.240106E-9	5.316570E-9	5.310338E-9	5.269352E-9	5.238418E-9	5.469617E-9	5.430810E-9	5.486297E-9	5.535886E-9	5.599037E-9	5.644349E-9	5.637053E-9	5.656630E-9	5.851185E-9	5.751731E-9	5.797948E-9	5.866562E-9	5.921392E-9	5.966834E-9	6.200681E-9	6.288933E-9
0:28:37	1	1.114018E-2	2.543100E+1	2.566400E+1	1.075255E+0	1.362016E+0	4.040000E+2	1.883600E-7	1.882795E-7	5.547120E-9	5.459326E-9	5.561252E-9	5.467568E-9	5.552882E-9	5.576258E-9	5.668581E-9	5.674635E-9	5.643990E-9	5.614159E-9	5.613246E-9	5.599234E-9	5.679525E-9	5.670864E-9	5.637191E-9	5.594603E-9	5.846302E-9	5.814993E-9	5.877846E-9	5.931709E-9	5.999153E-9	6.046427E-9	6.041947E-9	6.065390E-9	6.269484E-9	6.164044E-9	6.221377E-9	6.287542E-9	6.349085E-9	6.404303E-9	6.649891E-9	6.749597E-9
0:28:51	1	1.220459E-2	2.542800E+1	2.566300E+1	1.075128E+0	1.361838E+0	4.060000E+2	2.019400E-7	2.019006E-7	5.931112E-9	5.839663E-9	5.941597E-9	5.845388E-9	5.936944E-9	5.958565E-9	6.060593E-9	6.066336E-9	6.037819E-9	6.013487E-9	6.009301E-9	5.988864E-9	6.072567E-9	6.073104E-9	6.042405E-9	5.999772E-9	6.279117E-9	6.234296E-9	6.304106E-9	6.367655E-9	6.436247E-9	6.494681E-9	6.492337E-9	6.518907E-9	6.734756E-9	6.623464E-9	6.687177E-9	6.764305E-9	6.833484E-9	6.893919E-9	7.157181E-9	7.261481E-9
0:29:04	1	1.174860E-2	2.542400E+1	2.565900E+1	1.075065E+0	1.361864E+0	4.080000E+2	2.173600E-7	2.166274E-7	6.335980E-9	6.242509E-9	6.353803E-9	6.251180E-9	6.348126E-9	6.371045E-9	6.483812E-9	6.486259E-9	6.468097E-9	6.430637E-9	6.441713E-9	6.419288E-9	6.517743E-9	6.509486E-9	6.469282E-9	6.429943E-9	6.734424E-9	6.700429E-9	6.770488E-9	6.837828E-9	6.918708E-9	6.978776E-9	6.973621E-9	7.008110E-9	7.238554E-9	7.121002E-9	7.186946E-9	7.275318E-9	7.354758E-9	7.421997E-9	7.717531E-9	7.830030E-9
0:29:18	1	1.243257E-2	2.542900E+1	2.566200E+1	1.077586E+0	1.364081E+0	4.100000E+2	2.348400E-7	2.338250E-7	6.810091E-9	6.711373E-9	6.832001E-9	6.717856E-9	6.823040E-9	6.850279E-9	6.970322E-9	6.977518E-9	6.956500E-9	6.930760E-9	6.932861E-9	6.920565E-9	7.019102E-9	7.018754E-9	6.965393E-9	6.922578E-9	7.274303E-9	7.239255E-9	7.314790E-9	7.393949E-9	7.477393E-9	7.554713E-9	7.547727E-9	7.586255E-9	7.835923E-9	7.708102E-9	7.783195E-9	7.878202E-9	7.968544E-9	8.044235E-9	8.367137E-9	8.492285E-9
0:29:31	1	1.266059E-2	2.542600E+1	2.566000E+1	1.074926E+0	1.362029E+0	4.106837E+2	2.404000E-7	2.401571E-7	6.991019E-9	6.882372E-9	7.005897E-9	6.894804E-9	6.999295E-9	7.030117E-9	7.153378E-9	7.157864E-9	7.144255E-9	7.111307E-9	7.119128E-9	7.105150E-9	7.202734E-9	7.205360E-9	7.150738E-9	7.111112E-9	7.475506E-9	7.431158E-9	7.518627E-9	7.593114E-9	7.684108E-9	7.765169E-9	7.756619E-9	7.788810E-9	8.044756E-9	7.920257E-9	8.005328E-9	8.104678E-9	8.197325E-9	8.272726E-9	8.602718E-9	8.731671E-9
0:29:45	1	1.228018E-2	2.542600E+1	2.566000E+1	1.075128E+0	1.362029E+0	4.113674E+2	2.463300E-7	2.468579E-7	7.163183E-9	7.062830E-9	7.189084E-9	7.071437E-9	7.191897E-9	7.220705E-9	7.344205E-9	7.351527E-9	7.334989E-9	7.299943E-9	7.306787E-9	7.299711E-9	7.392003E-9	7.405154E-9	7.342735E-9	7.300091E-9	7.681461E-9	7.644272E-9	7.733614E-9	7.810522E-9	7.903127E-9	7.989358E-9	7.981939E-9	8.013018E-9	8.276226E-9	8.152572E-9	8.236932E-9	8.337361E-9	8.431222E-9	8.526313E-9	8.866084E-9	8.997647E-9
0:29:58	1	1.114018E-2	2.542500E+1	2.566000E+1	1.075103E+0	1.362029E+0	4.120511E+2	2.544400E-7	2.538822E-7	7.358174E-9	7.253566E-9	7.380679E-9	7.260663E-9	7.382154E-9	7.410915E-9	7.539643E-9	7.552610E-9	7.537830E-9	7.504946E-9	7.507659E-9	7.499199E-9	7.607686E-9	7.598133E-9	7.545880E-9	7.499890E-9	7.901289E-9	7.861035E-9	7.958553E-9	8.043540E-9	8.145998E-9	8.220286E-9	8.219201E-9	8.249122E-9	8.520940E-9	8.383885E-9	8.476370E-9	8.591319E-9	8.685640E-9	8.778567E-9	9.133778E-9	9.273059E-9
0:30:12	1	1.342079E-2	2.542300E+1	2.565800E+1	1.075331E+0	1.362067E+0	4.127348E+2	2.604600E-7	2.597326E-7	7.517472E-9	7.409244E-9	7.537887E-9	7.419575E-9	7.539466E-9	7.573342E-9	7.704255E-9	7.720463E-9	7.701307E-9	7.668937E-9	7.671986E-9	7.655809E-9	7.778015E-9	7.776345E-9	7.716339E-9	7.674250E-9	8.088302E-9	8.048155E-9	8.140534E-9	8.229352E-9	8.335360E-9	8.416699E-9	8.413500E-9	8.449666E-9	8.725738E-9	8.589256E-9	8.675583E-9	8.799118E-9	8.903433E-9	8.992358E-9	9.359072E-9	9.501744E-9
0:30:25	1	1.288858E-2	2.542700E+1	2.565900E+1	1.075306E+0	1.362029E+0	4.134185E+2	2.672400E-7	2.673350E-7	7.726527E-9	7.606032E-9	7.752491E-9	7.622598E-9	7.750695E-9	7.781907E-9	7.916811E-9	7.934291E-9	7.915367E-9	7.888665E-9	7.895051E-9	7.878535E-9	7.998132E-9	7.998164E-9	7.943048E-9	7.893542E-9	8.323334E-9	8.281157E-9	8.385885E-9	8.476541E-9	8.581706E-9	8.669612E-9	8.667444E-9	8.707990E-9	8.985014E-9	8.849771E-9	8.942863E-9	9.063204E-9	9.177300E-9	9.263431E-9	9.651102E-9	9.806786E-9
0:30:39	1	1.197658E-2	2.543000E+1	2.566300E+1	1.075344E+0	1.361952E+0	4.141022E+2	2.750300E-7	2.753935E-7	7.940690E-9	7.828106E-9	7.963365E-9	7.842898E-9	7.973327E-9	8.002540E-9	8.140169E-9	8.154905E-9	8.148063E-9	8.118630E-9	8.123554E-9	8.106881E-9	8.229967E-9	8.227619E-9	8.183185E-9	8.123594E-9	8.571737E-9	8.535625E-9	8.645847E-9	8.739775E-9	8.855054E-9	8.943250E-9	8.935035E-9	8.975504E-9	9.263395E-9	9.123411E-9	9.229464E-9	9.355275E-9	9.468595E-9	9.566439E-9	9.965084E-9	1.011252E-8
0:30:52	1	1.304039E-2	2.543500E+1	2.566800E+1	1.075090E+0	1.361800E+0	4.147859E+2	2.842500E-7	2.837215E-7	8.170682E-9	8.045070E-9	8.199272E-9	8.069146E-9	8.189686E-9	8.237883E-9	8.373824E-9	8.386045E-9	8.384183E-9	8.355168E-9	8.356610E-9	8.349626E-9	8.469280E-9	8.472537E-9	8.421869E-9	8.359848E-9	8.826029E-9	8.795628E-9	8.909904E-9	9.005078E-9	9.126571E-9	9.225014E-9	9.215516E-9	9.255481E-9	9.556027E-9	9.413758E-9	9.516886E-9	9.653488E-9	9.776372E-9	9.880789E-9	1.028490E-8	1.043928E-8
0:31:06	1	1.136818E-2	2.543800E+1	2.567100E+1	1.074875E+0	1.361826E+0	4.154696E+2	2.918300E-7	2.924817E-7	8.402380E-9	8.277988E-9	8.435750E-9	8.296661E-9	8.430378E-9	8.480207E-9	8.619669E-9	8.627271E-9	8.634885E-9	8.604221E-9	8.605981E-9	8.603740E-9	8.721067E-9	8.728180E-9	8.663844E-9	8.614712E-9	9.103190E-9	9.070738E-9	9.193802E-9	9.292386E-9	9.413045E-9	9.510997E-9	9.514638E-9	9.552390E-9	9.860512E-9	9.714341E-9	9.821419E-9	9.966833E-9	1.008996E-8	1.021200E-8	1.061776E-8	1.080074E-8
0:31:19	1	1.258439E-2	2.544200E+1	2.567500E+1	1.075065E+0	1.362067E+0	4.161533E+2	3.013300E-7	3.017484E-7	8.656777E-9	8.522070E-9	8.682150E-9	8.547404E-9	8.682534E-9	8.729503E-9	8.872147E-9	8.886884E-9	8.896740E-9	8.867933E-9	8.865591E-9	8.861515E-9	8.995913E-9	8.989125E-9	8.932423E-9	8.873623E-9	9.393402E-9	9.366616E-9	9.491307E-9	9.600630E-9	9.715861E-9	9.825013E-9	9.822604E-9	9.874413E-9	1.018461E-8	1.002931E-8	1.014420E-8	1.029746E-8	1.043057E-8	1.055283E-8	1.098945E-8	1.116782E-8
0:31:33	1	1.281238E-2	2.544600E+1	2.567900E+1	1.075268E+0	1.362079E+0	4.168370E+2	3.105700E-7	3.104677E-7	8.880022E-9	8.750890E-9	8.915780E-9	8.775109E-9	8.912261E-9	8.963464E-9	9.116538E-9	9.134004E-9	9.140530E-9	9.105672E-9	9.113757E-9	9.111964E-9	9.239087E-9	9.244706E-9	9.180035E-9	9.124307E-9	9.674555E-9	9.642858E-9	9.772370E-9	9.880040E-9	1.000991E-8	1.012265E-8	1.011718E-8	1.017113E-8	1.048872E-8	1.033498E-8	1.045208E-8	1.060650E-8	1.075149E-8	1.088778E-8	1.133053E-8	1.151680E-8
0:31:46	1	1.334460E-2	2.544900E+1	2.568100E+1	1.075141E+0	1.362320E+0	4.175207E+2	3.212200E-7	3.207072E-7	9.153086E-9	9.020441E-9	9.188855E-9	9.042368E-9	9.182981E-9	9.234887E-9	9.401103E-9	9.416698E-9	9.426408E-9	9.389037E-9	9.404033E-9	9.393797E-9	9.531414E-9	9.543893E-9	9.467934E-9	9.418091E-9	9.988459E-9	9.964794E-9	1.010263E-8	1.021593E-8	1.035405E-8	1.047415E-8	1.046982E-8	1.051091E-8	1.084718E-8	1.069096E-8	1.082721E-8	1.098513E-8	1.113207E-8	1.126226E-8	1.173627E-8	1.193036E-8
0:32:00	1	1.159617E-2	2.545300E+1	2.568600E+1	1.075217E+0	1.362282E+0	4.182044E+2	3.316100E-7	3.315428E-7	9.435547E-9	9.301469E-9	9.470401E-9	9.331333E-9	9.479106E-9	9.529882E-9	9.693313E-9	9.713661E-9	9.724839E-9	9.697806E-9	9.700569E-9	9.701648E-9	9.849333E-9	9.858667E-9	9.785795E-9	9.728011E-9	1.033417E-8	1.031316E-8	1.045072E-8	1.056612E-8	1.070615E-8	1.083591E-8	1.083295E-8	1.088921E-8	1.122027E-8	1.106333E-8	1.120530E-8	1.138699E-8	1.153779E-8	1.167337E-8	1.216560E-8	1.236038E-8
0:32:13	1	1.273678E-2	2.545500E+1	2.568800E+1	1.075622E+0	1.362396E+0	4.188881E+2	3.430300E-7	3.429975E-7	9.736611E-9	9.589432E-9	9.782287E-9	9.625235E-9	9.772443E-9	9.826701E-9	1.000795E-8	1.002819E-8	1.004216E-8	1.000955E-8	1.002720E-8	1.002327E-8	1.017644E-8	1.018404E-8	1.012114E-8	1.003793E-8	1.068095E-8	1.066210E-8	1.081632E-8	1.094483E-8	1.110109E-8	1.123396E-8	1.122400E-8	1.129658E-8	1.163333E-8	1.146974E-8	1.161705E-8	1.179423E-8	1.195999E-8	1.211236E-8	1.262679E-8	1.283359E-8
0:32:27	1	1.182419E-2	2.545300E+1	2.568700E+1	1.075065E+0	1.362016E+0	4.195718E+2	3.553900E-7	3.550975E-7	1.005022E-8	9.908229E-9	1.009563E-8	9.943375E-9	1.010696E-8	1.015803E-8	1.033142E-8	1.035641E-8	1.038363E-8	1.034972E-8	1.036711E-8	1.035871E-8	1.051855E-8	1.052621E-8	1.046814E-8	1.039684E-8	1.107493E-8	1.103250E-8	1.121076E-8	1.133626E-8	1.150462E-8	1.164303E-8	1.163698E-8	1.169263E-8	1.205390E-8	1.188080E-8	1.204717E-8	1.223654E-8	1.240631E-8	1.257853E-8	1.311093E-8	1.333243E-8
0:32:40	1	1.159617E-2	2.545400E+1	2.568800E+1	1.074926E+0	1.361889E+0	4.202555E+2	3.681900E-7	3.680448E-7	1.038648E-8	1.023610E-8	1.042838E-8	1.028044E-8	1.044091E-8	1.049961E-8	1.068238E-8	1.069289E-8	1.073562E-8	1.071177E-8	1.072030E-8	1.071709E-8	1.088455E-8	1.090314E-8	1.082952E-8	1.076353E-8	1.148323E-8	1.145672E-8	1.162253E-8	1.176155E-8	1.194209E-8	1.209210E-8	1.207688E-8	1.213783E-8	1.252421E-8	1.234668E-8	1.250817E-8	1.271084E-8	1.290940E-8	1.307271E-8	1.362876E-8	1.385843E-8
0:32:54	1	1.228018E-2	2.545400E+1	2.568800E+1	1.075268E+0	1.362396E+0	4.209392E+2	3.791500E-7	3.788141E-7	1.066491E-8	1.051417E-8	1.071327E-8	1.055479E-8	1.072145E-8	1.077336E-8	1.097238E-8	1.099930E-8	1.103526E-8	1.099589E-8	1.102714E-8	1.103062E-8	1.119449E-8	1.120094E-8	1.112046E-8	1.107282E-8	1.181393E-8	1.177771E-8	1.196886E-8	1.211838E-8	1.229500E-8	1.246092E-8	1.244867E-8	1.251166E-8	1.290329E-8	1.271868E-8	1.290420E-8	1.311244E-8	1.331524E-8	1.349339E-8	1.406919E-8	1.431131E-8
0:33:07	1	1.129259E-2	2.545000E+1	2.568400E+1	1.074951E+0	1.362219E+0	4.216229E+2	3.933900E-7	3.931799E-7	1.102840E-8	1.087855E-8	1.108692E-8	1.091565E-8	1.109816E-8	1.114491E-8	1.135125E-8	1.137489E-8	1.142877E-8	1.139427E-8	1.142174E-8	1.143023E-8	1.160229E-8	1.161738E-8	1.152599E-8	1.146578E-8	1.226511E-8	1.223755E-8	1.243946E-8	1.259019E-8	1.278554E-8	1.295818E-8	1.295649E-8	1.300439E-8	1.340608E-8	1.322476E-8	1.340991E-8	1.365252E-8	1.385944E-8	1.404751E-8	1.466479E-8	1.491278E-8
0:33:21	1	1.136818E-2	2.544300E+1	2.567800E+1	1.074799E+0	1.361876E+0	4.223066E+2	4.085800E-7	4.084868E-7	1.141952E-8	1.124792E-8	1.146745E-8	1.130245E-8	1.148121E-8	1.154853E-8	1.175975E-8	1.178701E-8	1.185917E-8	1.181047E-8	1.185200E-8	1.185756E-8	1.203910E-8	1.205105E-8	1.196142E-8	1.189012E-8	1.273708E-8	1.272615E-8	1.293759E-8	1.309904E-8	1.329785E-8	1.348077E-8	1.347493E-8	1.355919E-8	1.395131E-8	1.376903E-8	1.396878E-8	1.421393E-8	1.444582E-8	1.464991E-8	1.528021E-8	1.556047E-8
0:33:34	1	1.258439E-2	2.544000E+1	2.567400E+1	1.075027E+0	1.362016E+0	4.229903E+2	4.249200E-7	4.249434E-7	1.183265E-8	1.165827E-8	1.188996E-8	1.171894E-8	1.190734E-8	1.197176E-8	1.219667E-8	1.222602E-8	1.228165E-8	1.227091E-8	1.229895E-8	1.229916E-8	1.249055E-8	1.251160E-8	1.242864E-8	1.235542E-8	1.325124E-8	1.324836E-8	1.347144E-8	1.364406E-8	1.385660E-8	1.404833E-8	1.404601E-8	1.411901E-8	1.453159E-8	1.435788E-8	1.457241E-8	1.484771E-8	1.507262E-8	1.530459E-8	1.597027E-8	1.626274E-8
0:33:48	1	1.334460E-2	2.543700E+1	2.567000E+1	1.075154E+0	1.361876E+0	4.236740E+2	4.419800E-7	4.423249E-7	1.226697E-8	1.209037E-8	1.232732E-8	1.215011E-8	1.235882E-8	1.242402E-8	1.264390E-8	1.268837E-8	1.276232E-8	1.272800E-8	1.276349E-8	1.277069E-8	1.298000E-8	1.300313E-8	1.291202E-8	1.284616E-8	1.379315E-8	1.378876E-8	1.402897E-8	1.421454E-8	1.444330E-8	1.464726E-8	1.465998E-8	1.472536E-8	1.516181E-8	1.498053E-8	1.521697E-8	1.549163E-8	1.574993E-8	1.599926E-8	1.670448E-8	1.700331E-8
0:34:01	1	1.060858E-2	2.543300E+1	2.566800E+1	1.075128E+0	1.361762E+0	4.243577E+2	4.616600E-7	4.611183E-7	1.273074E-8	1.256390E-8	1.279023E-8	1.260597E-8	1.282277E-8	1.290754E-8	1.312851E-8	1.316916E-8	1.326245E-8	1.324152E-8	1.327626E-8	1.328782E-8	1.350385E-8	1.351373E-8	1.343677E-8	1.335075E-8	1.439011E-8	1.438436E-8	1.463973E-8	1.486194E-8	1.509500E-8	1.531044E-8	1.531010E-8	1.539666E-8	1.582911E-8	1.565267E-8	1.590427E-8	1.619721E-8	1.648041E-8	1.676749E-8	1.749082E-8	1.781600E-8
0:34:15	1	1.228018E-2	2.543200E+1	2.566500E+1	1.074951E+0	1.361687E+0	4.250414E+2	4.795200E-7	4.793976E-7	1.318088E-8	1.298875E-8	1.324737E-8	1.305941E-8	1.328616E-8	1.335836E-8	1.360321E-8	1.364451E-8	1.375206E-8	1.373709E-8	1.377790E-8	1.377508E-8	1.400394E-8	1.403631E-8	1.394188E-8	1.386794E-8	1.494905E-8	1.496611E-8	1.523637E-8	1.544978E-8	1.570745E-8	1.594792E-8	1.596237E-8	1.604763E-8	1.649388E-8	1.630905E-8	1.657793E-8	1.691868E-8	1.721184E-8	1.747793E-8	1.827045E-8	1.861026E-8
0:34:28	1	1.106459E-2	2.543200E+1	2.566500E+1	1.075597E+0	1.362611E+0	4.257251E+2	5.015000E-7	5.010072E-7	1.369151E-8	1.350913E-8	1.377734E-8	1.359412E-8	1.381182E-8	1.389957E-8	1.414834E-8	1.419664E-8	1.431710E-8	1.430742E-8	1.435409E-8	1.437588E-8	1.460469E-8	1.463671E-8	1.453649E-8	1.446468E-8	1.562995E-8	1.565391E-8	1.595182E-8	1.617335E-8	1.645007E-8	1.671825E-8	1.671434E-8	1.680032E-8	1.728111E-8	1.708701E-8	1.738084E-8	1.773614E-8	1.805314E-8	1.837067E-8	1.920850E-8	1.957223E-8
0:34:42	1	1.190038E-2	2.543300E+1	2.566600E+1	1.075065E+0	1.361788E+0	4.264089E+2	5.238800E-7	5.246127E-7	1.427327E-8	1.407592E-8	1.435586E-8	1.415908E-8	1.439685E-8	1.448818E-8	1.475512E-8	1.479494E-8	1.495795E-8	1.492724E-8	1.498333E-8	1.500844E-8	1.525180E-8	1.528292E-8	1.518127E-8	1.510098E-8	1.637819E-8	1.638716E-8	1.671691E-8	1.696631E-8	1.726305E-8	1.753520E-8	1.756053E-8	1.764680E-8	1.813826E-8	1.794524E-8	1.826180E-8	1.865440E-8	1.900697E-8	1.931955E-8	2.022973E-8	2.060943E-8
0:34:55	1	1.281238E-2	2.543300E+1	2.566600E+1	1.075052E+0	1.361952E+0	4.270926E+2	5.499100E-7	5.501373E-7	1.487698E-8	1.468173E-8	1.494885E-8	1.475309E-8	1.501229E-8	1.512104E-8	1.539790E-8	1.543928E-8	1.561199E-8	1.560456E-8	1.564873E-8	1.568250E-8	1.594819E-8	1.595891E-8	1.588959E-8	1.579678E-8	1.716571E-8	1.719682E-8	1.756117E-8	1.782491E-8	1.814847E-8	1.845280E-8	1.846162E-8	1.857699E-8	1.905922E-8	1.888361E-8	1.923893E-8	1.964344E-8	2.002900E-8	2.040550E-8	2.134924E-8	2.176742E-8
0:35:09	1	1.136818E-2	2.542700E+1	2.566200E+1	1.074951E+0	1.361864E+0	4.277763E+2	5.774500E-7	5.778572E-7	1.550446E-8	1.532449E-8	1.561757E-8	1.539671E-8	1.568177E-8	1.577547E-8	1.609413E-8	1.612605E-8	1.633848E-8	1.631531E-8	1.637288E-8	1.641957E-8	1.669190E-8	1.673254E-8	1.663895E-8	1.655085E-8	1.805029E-8	1.807571E-8	1.847221E-8	1.876551E-8	1.910386E-8	1.944147E-8	1.943575E-8	1.956063E-8	2.008649E-8	1.987618E-8	2.026726E-8	2.075797E-8	2.117152E-8	2.156152E-8	2.260054E-8	2.304919E-8
0:35:22	1	1.288858E-2	2.542900E+1	2.566100E+1	1.075002E+0	1.361864E+0	4.284600E+2	6.079300E-7	6.079529E-7	1.622571E-8	1.599683E-8	1.632497E-8	1.609223E-8	1.638470E-8	1.649300E-8	1.681751E-8	1.688776E-8	1.707746E-8	1.708774E-8	1.715664E-8	1.721601E-8	1.748711E-8	1.755355E-8	1.745419E-8	1.733980E-8	1.897610E-8	1.904221E-8	1.946273E-8	1.976598E-8	2.017814E-8	2.051857E-8	2.052925E-8	2.066870E-8	2.118590E-8	2.099976E-8	2.143684E-8	2.193733E-8	2.241033E-8	2.285491E-8	2.394308E-8	2.444784E-8
0:35:36	1	1.076038E-2	2.543200E+1	2.566500E+1	1.075128E+0	1.361978E+0	4.291437E+2	6.336900E-7	6.344810E-7	1.681101E-8	1.658266E-8	1.694590E-8	1.670035E-8	1.700210E-8	1.711398E-8	1.745948E-8	1.751289E-8	1.776699E-8	1.776045E-8	1.785050E-8	1.788154E-8	1.820447E-8	1.825428E-8	1.814585E-8	1.804097E-8	1.979694E-8	1.986030E-8	2.032243E-8	2.064339E-8	2.107169E-8	2.146786E-8	2.148095E-8	2.182909E-8	2.218883E-8	2.196375E-8	2.243732E-8	2.300305E-8	2.351818E-8	2.398166E-8	2.518321E-8	2.569890E-8
0:35:49	1	1.304039E-2	2.543600E+1	2.566900E+1	1.079157E+0	1.365411E+0	4.298274E+2	6.697000E-7	6.745579E-7	1.761172E-8	1.739264E-8	1.776469E-8	1.759743E-8	1.784024E-8	1.797577E-8	1.832834E-8	1.836668E-8	1.867356E-8	1.868562E-8	1.875622E-8	1.882707E-8	1.913859E-8	1.921804E-8	1.910880E-8	1.900839E-8	2.093093E-8	2.103261E-8	2.151472E-8	2.189443E-8	2.240752E-8	2.275807E-8	2.279655E-8	2.295347E-8	2.349908E-8	2.331669E-8	2.386642E-8	2.444878E-8	2.515223E-8	2.561988E-8	2.683403E-8	3.123866E-8
0:36:03	1	1.144439E-2	2.544000E+1	2.567100E+1	1.075090E+0	1.361826E+0	4.305111E+2	8.004000E-7	8.685052E-7	1.851656E-8	1.824650E-8	1.869314E-8	1.816999E-8	1.876048E-8	1.886177E-8	1.915519E-8	1.937641E-8	1.985530E-8	1.970875E-8	2.000888E-8	1.989928E-8	2.019573E-8	2.030606E-8	2.017128E-8	2.008195E-8	2.220430E-8	2.235510E-8	2.288017E-8	2.327862E-8	2.371968E-8	4.430482E-8	5.761119E-8	7.445388E-8	2.460120E-8	2.517672E-8	2.544124E-8	3.996905E-8	2.628704E-8	4.730771E-8	3.317290E-8	4.573435E-8
