APD#	0019	Started	07/23/07 13:58	Sense_ohms	1.004464E+6	1.004628E+6	1.002105E+6	1.000924E+6	9.998282E+5	1.007735E+6	1.002821E+6	9.989270E+5	9.993226E+5	1.002376E+6	1.001862E+6	1.003102E+6	1.000030E+6	1.003780E+6	1.000011E+6	1.000898E+6	9.999006E+5	1.006439E+6	1.005624E+6	1.010450E+6	1.003884E+6	1.005600E+6	1.002519E+6	1.006362E+6	1.004620E+6	1.008599E+6	1.003214E+6	1.000475E+6	1.003139E+6	9.996927E+5	1.009944E+6	1.000506E+6					
ElapTime	Shutter_Open	DegC	H2O_In	H2O_Out	TE_A	TE_V	BiasV	KE237_Amps	Pixel_Sum	A1	A2	A3	A4	A5	A6	A7	A8	B1	B2	B3	B4	B5	B6	B7	B8	C1	C2	C3	C4	C5	C6	C7	C8	D1	D2	D3	D4	D5	D6	D7	D8
0:00:00	0	-2.000085E+1	1.520300E+1	1.588500E+1	1.924998E+0	2.150675E+0	0.000000E+0	-1.274200E-10	-1.267708E-10	3.155912E-13	-5.359198E-12	-3.793016E-12	-5.316088E-12	-5.194892E-12	-4.903075E-12	-7.706261E-12	9.067730E-12	-5.134478E-12	-6.066586E-12	-4.046465E-12	9.470622E-13	-4.306871E-12	-5.868816E-12	-1.070488E-11	-3.860533E-12	-3.547353E-12	-5.790714E-12	-4.913367E-12	-5.077936E-12	1.892649E-13	-5.669252E-12	-6.318085E-12	4.594768E-12	-4.791862E-12	-3.768594E-12	-6.250910E-12	-5.445413E-12	-4.104117E-12	-4.435363E-12	-5.206229E-12	-4.304822E-12
0:00:13	0	-2.000116E+1	1.518300E+1	1.585600E+1	1.933764E+0	2.157098E+0	0.000000E+0	-1.789000E-10	-3.716904E-10	-8.830580E-13	-1.185414E-11	-1.106172E-11	-1.234060E-11	-1.153098E-11	-1.276030E-11	-1.168603E-11	-1.078157E-12	-1.166290E-11	-1.327047E-11	-1.270834E-11	-1.673409E-11	-1.323860E-11	-1.621869E-11	-1.089488E-11	-8.860044E-12	-1.482447E-11	-1.384684E-11	-1.366912E-11	-1.128408E-11	-9.022955E-12	-1.240951E-11	-1.352194E-11	-3.273176E-12	-1.324083E-11	-1.243507E-11	-1.243902E-11	-1.304280E-11	-1.313477E-11	-1.248284E-11	-1.279477E-11	-1.348518E-11
0:00:26	0	-1.999948E+1	1.518200E+1	1.587000E+1	1.932346E+0	2.156173E+0	1.000000E+1	2.551900E-10	-3.614740E-10	6.939024E-13	-1.160131E-11	-1.144092E-11	-1.025253E-11	-1.146697E-11	-1.144051E-11	-1.080153E-11	-7.989573E-12	-1.324797E-11	-1.364957E-11	-1.024293E-11	-1.269263E-11	-1.304861E-11	-1.281058E-11	-6.460929E-12	-8.986930E-12	-1.273327E-11	-1.271413E-11	-1.354284E-11	-1.341580E-11	-1.142064E-11	-1.146480E-11	-1.238480E-11	-6.042557E-12	-1.425016E-11	-1.080211E-11	-1.161766E-11	-1.367550E-11	-1.319757E-11	-1.318005E-11	-1.191749E-11	-1.367508E-11
0:00:40	0	-1.999994E+1	1.519800E+1	1.588200E+1	1.930382E+0	2.156097E+0	2.000000E+1	3.374700E-10	-3.609261E-10	4.410312E-13	-1.141218E-11	-1.049291E-11	-9.872877E-12	-1.273419E-11	-1.112594E-11	-1.181168E-11	-1.743871E-11	-1.121960E-11	-1.156452E-11	-1.176010E-11	-1.989229E-11	-1.165465E-11	-1.337843E-11	-6.080933E-12	-9.619362E-12	-1.115011E-11	-1.309170E-11	-1.297602E-11	-1.379187E-11	-6.183981E-12	-1.171639E-11	-1.187908E-11	-3.461975E-12	-1.336724E-11	-1.111641E-11	-1.104949E-11	-1.260001E-11	-1.206114E-11	-1.051823E-11	-1.267001E-11	-1.367508E-11
0:00:53	0	-2.000024E+1	1.519800E+1	1.589100E+1	1.930673E+0	2.156350E+0	3.000000E+1	2.848100E-10	-3.341285E-10	1.450525E-12	-1.235880E-11	-1.011371E-11	-1.088494E-11	-1.070684E-11	-1.093740E-11	-1.162221E-11	-1.788219E-11	-1.198012E-11	-1.314477E-11	-1.062222E-11	-6.062195E-12	-1.102167E-11	-1.451414E-11	1.139987E-12	-8.163669E-12	-7.538749E-12	-1.195900E-11	-1.240921E-11	-1.278836E-11	-1.041156E-11	-1.127586E-11	-1.251049E-11	-4.028372E-12	-1.103402E-11	-9.922675E-12	-1.187085E-11	-1.304280E-11	-1.142912E-11	-1.070829E-11	-1.273239E-11	-1.304240E-11
0:01:07	0	-2.000237E+1	1.518800E+1	1.588400E+1	1.930597E+0	2.156477E+0	4.000000E+1	9.203000E-10	-3.211022E-10	1.766116E-12	-1.059298E-11	-9.986977E-12	-9.935819E-12	-1.134095E-11	-1.125197E-11	-1.029596E-11	-1.084364E-11	-1.064921E-11	-1.225987E-11	-1.302475E-11	-2.272949E-12	-1.026169E-11	-1.287334E-11	3.166965E-12	-1.006296E-11	-1.210020E-11	-1.151784E-11	-1.284973E-11	-1.216191E-11	-1.116862E-11	-1.007856E-11	-1.093146E-11	-3.084377E-12	-1.141228E-11	-1.293775E-11	-1.155486E-11	-1.203029E-11	-1.256655E-11	-1.096237E-11	-1.154024E-11	-1.348518E-11
0:01:20	0	-2.000724E+1	1.518900E+1	1.585500E+1	1.930141E+0	2.155654E+0	5.000000E+1	9.082000E-10	-2.748939E-10	1.134934E-12	-1.084481E-11	-9.418175E-12	-9.429287E-12	-1.172101E-11	-1.099992E-11	-1.181168E-11	-1.648769E-12	-1.255050E-11	-1.244942E-11	-1.188687E-11	-2.842184E-12	-1.000770E-11	-1.375700E-11	3.604260E-11	-1.120194E-11	-1.146614E-11	-1.101408E-11	-1.121194E-11	-1.291405E-11	-8.203139E-12	-1.196897E-11	-1.225812E-11	3.775977E-13	-1.103402E-11	-8.855849E-12	-1.155486E-11	-1.348559E-11	-1.092471E-11	-1.096237E-11	-1.292052E-11	-1.310537E-11
0:01:34	0	-2.000108E+1	1.519500E+1	1.587400E+1	1.931205E+0	2.156414E+0	6.000000E+1	1.058400E-9	-2.358387E-10	6.301868E-13	-1.229510E-11	-8.786504E-12	-8.859814E-12	-1.153098E-11	-1.175408E-11	-1.042260E-11	4.185491E-12	-1.140973E-11	-1.244942E-11	-1.226616E-11	-6.567627E-12	-1.051468E-11	-1.344119E-11	7.214921E-11	-1.069540E-11	-1.184618E-11	-1.114027E-11	-1.184240E-11	-1.234994E-11	-4.479601E-12	-1.171639E-11	-1.162571E-11	1.699190E-12	-1.147598E-11	-1.199585E-11	-1.439673E-11	-1.209326E-11	-1.269216E-11	-1.127847E-11	-1.229375E-11	-1.228278E-11
0:01:47	0	-2.000192E+1	1.520600E+1	1.585800E+1	1.922705E+0	2.147964E+0	7.000000E+1	1.146700E-9	-2.085961E-10	1.072214E-12	-1.053027E-11	-1.024044E-11	-8.859814E-12	-1.020075E-11	-1.169157E-11	-1.162221E-11	-2.156314E-12	-1.128264E-11	-1.055392E-11	-1.239292E-11	-1.433453E-11	-1.279562E-11	-1.331567E-11	1.114228E-10	-9.999021E-12	-9.945989E-12	-1.101408E-11	-1.385806E-11	-1.253798E-11	-6.309494E-12	-1.033115E-11	-1.168955E-11	3.461975E-12	-1.134957E-11	-1.149317E-11	-1.300719E-11	-1.177641E-11	-1.256655E-11	-1.210272E-11	-1.304627E-11	-1.354914E-11
0:02:01	0	-2.000389E+1	1.520000E+1	1.585200E+1	1.920083E+0	2.145671E+0	8.000000E+1	1.262900E-9	-2.309053E-10	8.193425E-13	-1.185414E-11	-1.005084E-11	-1.025253E-11	-1.159399E-11	-1.043429E-11	-1.212779E-11	-1.978523E-11	-1.096643E-11	-1.244942E-11	-1.093863E-11	-2.058614E-11	-1.102167E-11	-1.306262E-11	1.119928E-10	-9.936077E-12	-1.108610E-11	-1.145524E-11	-1.297602E-11	-1.322777E-11	-9.780014E-12	-1.026750E-11	-1.105715E-11	6.923950E-12	-1.166511E-11	-1.193338E-11	-1.054511E-11	-1.424623E-11	-1.256655E-11	-1.032817E-11	-1.254426E-11	-1.190298E-11
0:02:14	0	-2.000131E+1	1.519800E+1	1.586500E+1	1.928229E+0	2.153437E+0	9.000000E+1	1.330100E-9	-1.816787E-10	9.457780E-13	-1.002560E-11	-1.087211E-11	-1.050529E-11	-1.121393E-11	-1.099992E-11	-1.143275E-11	-1.211200E-11	-1.185303E-11	-1.105872E-11	-9.863634E-12	-6.310425E-13	-7.410778E-12	-1.356771E-11	1.173767E-10	-8.100726E-12	-9.438938E-12	-1.044773E-11	-1.278709E-11	-1.234994E-11	-1.198943E-11	-1.058274E-11	-1.232096E-11	1.151872E-11	-1.141228E-11	-1.042535E-11	-1.206024E-11	-1.241011E-11	-1.155573E-11	-1.001108E-11	-1.110161E-11	-1.297943E-11
0:02:28	0	-2.000009E+1	1.520100E+1	1.587000E+1	1.920071E+0	2.146381E+0	1.000000E+2	1.402200E-9	-1.157948E-10	8.193425E-13	-1.059298E-11	-9.924110E-12	-8.544105E-12	-1.203807E-11	-1.162905E-11	-1.010649E-11	-1.135118E-11	-1.153682E-11	-1.175407E-11	-1.321439E-11	-5.999390E-12	-8.931732E-12	-1.255853E-11	1.567133E-10	-1.018985E-11	-1.000899E-11	-9.566402E-12	-1.083407E-11	-1.222426E-11	-9.654502E-12	-1.014220E-11	-1.099431E-11	3.657034E-11	-1.065577E-11	-9.734295E-12	-1.041851E-11	-1.215623E-11	-1.294536E-11	-9.504921E-12	-1.116399E-11	-1.152317E-11
0:02:42	0	-2.000093E+1	1.520300E+1	1.589600E+1	1.926544E+0	2.152081E+0	1.200000E+2	1.754800E-9	4.474277E-11	1.513245E-12	-9.394522E-12	-1.049291E-11	-7.910691E-12	-1.102389E-11	-9.680124E-12	-9.790381E-12	2.662857E-12	-1.236037E-11	-1.093302E-11	-8.661872E-12	-3.662638E-12	-8.741738E-12	-1.337843E-11	2.751040E-10	-8.986930E-12	-7.031699E-12	-1.139165E-11	-1.058248E-11	-1.046959E-11	-7.256815E-12	-1.146480E-11	-1.150003E-11	4.909665E-11	-9.142760E-12	-1.117887E-11	-9.723748E-12	-1.209326E-11	-1.212394E-11	-1.203970E-11	-1.191749E-11	-1.069959E-11
0:02:55	0	-2.000017E+1	1.520600E+1	1.590100E+1	1.923782E+0	2.149421E+0	1.400000E+2	1.798000E-9	8.899092E-11	2.017992E-12	-9.394522E-12	-8.723637E-12	-7.593983E-12	-8.553469E-12	-9.114499E-12	-1.073871E-11	-6.340804E-12	-1.198012E-11	-1.042722E-11	-1.011616E-11	-2.298670E-11	-9.247723E-12	-1.281058E-11	3.411082E-10	-8.354498E-12	-8.045800E-12	-1.082530E-11	-1.184240E-11	-1.153446E-11	-2.145666E-12	-1.052009E-11	-1.036290E-11	4.783766E-11	-1.071948E-11	-1.004859E-11	-1.142827E-11	-1.139659E-11	-1.060870E-11	-1.140550E-11	-1.185412E-11	-1.285250E-11
0:03:09	0	-1.999994E+1	1.519900E+1	1.587700E+1	1.928596E+0	2.152601E+0	1.600000E+2	1.951900E-9	2.635025E-10	1.828836E-12	-8.638023E-12	-9.355307E-12	-7.531041E-12	-9.376611E-12	-8.863441E-12	-1.048542E-11	-7.863437E-12	-9.951741E-12	-1.074347E-11	-8.788636E-12	-7.451884E-12	-1.095867E-11	-9.276933E-12	4.569010E-10	-7.721066E-12	-8.552850E-12	-9.566402E-12	-1.089771E-11	-1.109605E-11	-8.455160E-12	-9.196500E-12	-9.920011E-12	8.843736E-11	-1.090860E-11	-1.036289E-11	-1.123888E-11	-1.241011E-11	-1.067150E-11	-9.821018E-12	-1.248188E-11	-1.107939E-11
0:03:23	0	-2.000062E+1	1.520400E+1	1.587600E+1	1.927760E+0	2.152930E+0	1.800000E+2	2.169400E-9	3.842894E-10	3.279361E-12	-6.998610E-12	-7.901368E-12	-5.126263E-12	-9.503633E-12	-1.012072E-11	-8.843054E-12	-6.848348E-12	-1.064921E-11	-1.017482E-11	-7.650754E-12	3.410421E-12	-8.551743E-12	-1.154835E-11	5.165083E-10	-5.568999E-12	-5.891586E-12	-7.804745E-12	-1.448752E-11	-1.084566E-11	-1.079009E-11	-9.071201E-12	-1.010953E-11	1.180211E-10	-9.269176E-12	-9.232609E-12	-9.723748E-12	-1.025713E-11	-1.022989E-11	-9.377882E-12	-1.022334E-11	-1.012987E-11
0:03:37	0	-2.000078E+1	1.519600E+1	1.585900E+1	1.925188E+0	2.149586E+0	2.000000E+2	2.594100E-9	4.154570E-10	3.342081E-12	-4.729114E-12	-7.332565E-12	-4.177140E-12	-8.172404E-12	-8.422849E-12	-8.148014E-12	-1.902041E-13	-9.508441E-12	-9.352778E-12	-7.081814E-12	1.768514E-12	-6.143816E-12	-9.718265E-12	5.106174E-10	-8.100726E-12	-1.045304E-11	-9.315021E-12	-9.007343E-12	-1.015587E-11	-1.394484E-11	-8.693317E-12	-1.067810E-11	1.411212E-10	-8.323545E-12	-8.604014E-12	-9.660950E-12	-9.560459E-12	-1.168233E-11	-8.554629E-12	-1.053722E-11	-1.114336E-11
0:03:50	0	-2.000123E+1	1.520700E+1	1.585400E+1	1.919766E+0	2.144924E+0	2.200000E+2	2.471700E-9	7.216111E-10	4.667166E-12	-4.918238E-12	-3.918751E-12	-3.797491E-12	-7.539295E-12	-6.977033E-12	-7.516795E-12	-1.078157E-12	-8.240582E-12	-7.393433E-12	-8.409342E-12	-1.799717E-11	-7.537774E-12	-9.402459E-12	7.433438E-10	-6.708975E-12	-8.868882E-12	-7.741155E-12	-7.684781E-12	-9.466079E-12	-4.606110E-12	-8.000199E-12	-1.061526E-11	2.007300E-10	-8.386255E-12	-7.912956E-12	-7.955431E-12	-7.344511E-12	-9.787278E-12	-7.350259E-12	-1.003521E-11	-9.939970E-12
0:04:04	0	-2.000085E+1	1.518900E+1	1.585200E+1	1.921515E+0	2.146153E+0	2.400000E+2	2.686500E-9	8.714386E-10	4.856321E-12	-4.729114E-12	-5.309823E-12	-3.670608E-12	-5.829001E-12	-5.971808E-12	-7.327330E-12	-1.046323E-11	-8.557797E-12	-7.520132E-12	-4.679287E-12	-2.229185E-11	-9.817705E-12	-9.150411E-12	1.003435E-9	-3.733647E-12	-5.574554E-12	-8.118724E-12	-8.882047E-12	-8.337869E-12	-3.154747E-12	-8.315434E-12	-8.340989E-12	8.503799E-11	-7.376919E-12	-5.714858E-12	-7.387257E-12	-8.863790E-12	-7.956026E-12	-7.223220E-12	-7.589530E-12	-1.000294E-11
0:04:18	0	-1.998390E+1	1.518800E+1	1.587100E+1	1.917385E+0	2.143493E+0	2.600000E+2	2.687900E-9	7.852347E-10	8.324838E-12	-2.774161E-12	-3.413814E-12	-2.088071E-12	-4.941849E-12	-2.765608E-12	-5.243209E-12	-1.686810E-11	-6.085122E-12	-5.245537E-12	-5.058581E-12	-7.009257E-12	-3.483895E-12	-6.752476E-12	8.592635E-10	-2.152067E-12	-3.294327E-12	-2.391600E-12	-7.244258E-12	-7.397694E-12	-7.635344E-12	-6.613962E-12	-7.392379E-12	7.666625E-11	-5.422946E-12	-5.966692E-12	1.389534E-12	-6.268023E-12	-6.188574E-12	-5.639733E-12	-6.271635E-12	-8.800547E-12
0:04:32	0	-2.001012E+1	1.520000E+1	1.588500E+1	1.922211E+0	2.148788E+0	2.800000E+2	2.785900E-9	7.580461E-10	9.081460E-12	-5.673742E-13	-2.339076E-12	1.772362E-12	-2.217381E-12	-1.445817E-12	-4.548170E-12	-1.173159E-11	-3.739533E-12	-4.676888E-12	-2.592173E-12	2.210144E-12	-6.329810E-13	-4.543824E-12	7.616506E-10	-7.593181E-13	-2.530252E-13	-3.335523E-12	-6.740094E-12	-4.764214E-12	-6.751776E-12	-2.897772E-12	-5.749517E-12	9.397612E-11	-2.900599E-12	-1.067818E-12	-8.208618E-12	-4.621805E-12	-5.177747E-12	-5.702752E-12	-5.018100E-12	-7.661123E-12
0:04:45	0	-2.000138E+1	1.520200E+1	1.587200E+1	1.919437E+0	2.146013E+0	3.000000E+2	2.812900E-9	9.438050E-10	1.172964E-11	1.828538E-12	1.201471E-12	5.632795E-12	6.331088E-13	3.896858E-12	-6.282278E-14	4.121422E-12	-9.506440E-13	-1.453546E-12	-1.137881E-12	1.515300E-12	2.786916E-12	-1.767320E-12	8.506486E-10	1.202920E-12	2.851283E-12	-2.265413E-12	-2.519828E-12	-4.639517E-12	2.839970E-12	-3.086714E-12	-4.865743E-12	9.208814E-11	-1.387589E-12	-6.246288E-14	-3.662230E-12	-9.495490E-13	-2.715476E-12	-1.647506E-12	-1.818913E-12	-4.178885E-12
0:04:59	0	-2.009814E+1	1.519500E+1	1.586800E+1	1.920146E+0	2.144721E+0	3.200000E+2	3.494800E-9	1.722134E-9	1.576562E-11	5.990277E-12	3.539549E-12	1.297401E-11	5.004860E-12	1.018323E-11	1.705190E-12	2.561849E-11	1.521030E-12	1.390696E-12	-4.421767E-13	4.168071E-12	7.600772E-12	3.092311E-12	1.429361E-9	1.031574E-11	6.841680E-12	8.813251E-13	-2.582476E-12	1.880350E-12	8.518913E-12	-9.447096E-13	-1.769543E-12	1.644736E-10	3.152436E-12	2.260561E-12	-1.452332E-12	2.658737E-12	-1.010827E-12	1.900584E-12	2.132792E-12	-2.595687E-12
0:05:13	0	-2.000199E+1	1.518700E+1	1.587200E+1	1.916701E+0	2.142733E+0	3.400000E+2	3.739200E-9	1.639646E-9	2.219791E-11	1.273705E-11	1.049291E-11	1.841598E-11	1.127694E-11	1.810297E-11	7.769083E-12	1.775605E-11	8.113496E-12	8.846980E-12	7.966167E-12	3.410421E-12	1.393558E-11	8.456036E-12	1.165026E-9	1.284746E-11	9.692963E-12	8.874855E-12	4.661782E-12	6.582216E-12	1.268274E-11	2.204654E-12	2.400952E-12	1.904702E-10	1.229520E-11	1.011205E-11	3.031258E-12	7.281541E-12	5.241547E-12	7.287239E-12	8.968814E-12	5.067436E-13
0:05:27	0	-2.000024E+1	1.519800E+1	1.586000E+1	1.919045E+0	2.143214E+0	3.600000E+2	3.940800E-9	2.325543E-9	2.837832E-11	2.301449E-11	1.744628E-11	3.082052E-11	2.274491E-11	3.545178E-11	1.768710E-11	3.107234E-11	1.882575E-11	1.643096E-11	1.631263E-11	3.144845E-11	2.673120E-11	1.729064E-11	1.513355E-9	3.202324E-11	1.906890E-11	2.196556E-11	1.549585E-11	1.548419E-11	9.906523E-12	7.307080E-12	1.105715E-11	2.167172E-10	2.087058E-11	2.066232E-11	1.288060E-11	1.753867E-11	1.395519E-11	1.805855E-11	1.743661E-11	8.103899E-12
0:05:40	0	-2.000184E+1	1.520900E+1	1.587200E+1	1.910722E+0	2.137007E+0	3.620000E+2	4.170700E-9	2.995449E-9	2.869391E-11	2.478032E-11	2.079622E-11	3.417442E-11	2.394811E-11	3.652051E-11	1.831832E-11	3.709680E-11	1.895284E-11	1.744156E-11	1.669192E-11	1.970288E-11	2.736418E-11	2.120385E-11	2.135714E-9	3.442908E-11	2.527751E-11	2.511330E-11	1.467646E-11	1.774160E-11	1.981305E-11	8.693317E-12	1.244764E-11	2.167172E-10	2.364476E-11	2.298634E-11	1.130267E-11	2.089408E-11	1.401899E-11	1.736134E-11	2.025855E-11	8.673611E-12
0:05:54	0	-2.000002E+1	1.520700E+1	1.589400E+1	1.911393E+0	2.138109E+0	3.640000E+2	6.045900E-9	2.969215E-9	3.001800E-11	2.566224E-11	2.142889E-11	3.563008E-11	2.464523E-11	3.903506E-11	1.869726E-11	2.999418E-11	2.009361E-11	2.015910E-11	1.650227E-11	2.753259E-11	3.059508E-11	2.360179E-11	2.093461E-9	3.354288E-11	2.344033E-11	2.209175E-11	1.713364E-11	1.592360E-11	1.691032E-11	9.007558E-12	9.920011E-12	2.195502E-10	2.427585E-11	2.543627E-11	1.193365E-11	2.089408E-11	1.692288E-11	1.875576E-11	1.818913E-11	8.230835E-12
0:06:07	0	-2.000062E+1	1.521500E+1	1.589500E+1	1.913572E+0	2.138311E+0	3.660000E+2	4.026200E-9	2.400730E-9	3.096378E-11	2.761719E-11	2.218730E-11	3.525043E-11	2.679960E-11	4.224126E-11	1.932947E-11	4.369188E-11	2.332680E-11	2.110685E-11	1.612298E-11	2.235466E-11	3.135506E-11	2.568391E-11	1.517536E-9	3.398548E-11	2.521351E-11	2.291048E-11	1.971612E-11	1.893216E-11	2.410438E-11	1.329157E-11	1.377430E-11	1.663616E-10	2.654536E-11	2.618979E-11	1.452233E-11	2.133686E-11	1.610245E-11	2.135356E-11	2.126257E-11	9.560163E-12
0:06:21	0	-2.000040E+1	1.520900E+1	1.588200E+1	1.912825E+0	2.137615E+0	3.680000E+2	3.667400E-9	2.048433E-9	3.134209E-11	2.856281E-11	2.370410E-11	3.879415E-11	2.882695E-11	4.400065E-11	2.065573E-11	4.014007E-11	2.408732E-11	2.338244E-11	1.890480E-11	8.840577E-12	3.186104E-11	2.732471E-11	1.207277E-9	3.936465E-11	2.134912E-11	2.404319E-11	1.977876E-11	2.006037E-11	2.284228E-11	1.114956E-11	1.364762E-11	1.114112E-10	2.812208E-11	2.939226E-11	1.420734E-11	2.513606E-11	1.787090E-11	2.084641E-11	2.245372E-11	9.053419E-12
0:06:34	0	-2.000100E+1	1.518900E+1	1.587800E+1	1.911798E+0	2.137197E+0	3.700000E+2	3.481600E-9	2.278112E-9	3.474789E-11	3.045505E-11	2.534764E-11	3.885810E-11	3.104433E-11	4.752142E-11	2.236092E-11	2.872582E-11	2.535518E-11	2.546749E-11	2.250909E-11	1.932406E-11	3.502895E-11	2.776704E-11	1.378876E-9	4.151672E-11	2.591058E-11	2.668617E-11	2.141655E-11	2.087585E-11	1.646903E-11	1.448787E-11	1.762859E-11	1.156284E-10	3.165276E-11	3.303493E-11	1.445953E-11	2.633849E-11	2.109080E-11	2.230385E-11	2.464988E-11	1.057365E-11
0:06:48	0	-2.000108E+1	1.520100E+1	1.587400E+1	1.919260E+0	2.143340E+0	3.720000E+2	3.836100E-9	2.869587E-9	3.512620E-11	3.304009E-11	2.629565E-11	4.214905E-11	3.212152E-11	5.097868E-11	2.520390E-11	5.599408E-11	2.833419E-11	2.540464E-11	2.276162E-11	4.275139E-11	3.901883E-11	3.130068E-11	1.800304E-9	4.556708E-11	3.287927E-11	3.298064E-11	2.544788E-11	2.469989E-11	1.728885E-11	1.385839E-11	1.541716E-11	1.739155E-10	3.404870E-11	3.159035E-11	1.868993E-11	2.773183E-11	2.045978E-11	2.547283E-11	2.609155E-11	1.266259E-11
0:07:01	0	-1.999994E+1	1.520900E+1	1.587000E+1	1.918968E+0	2.142644E+0	3.740000E+2	4.507100E-9	2.574437E-9	3.758622E-11	3.467950E-11	2.857186E-11	4.467972E-11	3.535207E-11	5.349224E-11	2.659298E-11	6.392059E-11	2.738355E-11	2.711059E-11	2.288838E-11	3.113243E-11	4.034979E-11	3.237363E-11	1.549335E-9	4.487171E-11	2.401039E-11	3.109180E-11	2.507001E-11	2.495027E-11	2.448291E-11	1.518099E-11	1.946098E-11	1.010889E-10	3.575183E-11	3.460543E-11	1.837395E-11	2.982084E-11	2.418508E-11	2.610602E-11	2.822434E-11	1.171307E-11
0:07:15	0	-2.000070E+1	1.518500E+1	1.585100E+1	1.914307E+0	2.140528E+0	3.760000E+2	3.980100E-9	2.847121E-9	4.143304E-11	3.638163E-11	3.116340E-11	4.797068E-11	3.661929E-11	5.921299E-11	2.747749E-11	4.781330E-11	3.150334E-11	3.045963E-11	2.453232E-11	1.648187E-11	4.072978E-11	3.439299E-11	1.786685E-9	5.113708E-11	3.344932E-11	3.140677E-11	2.796771E-11	2.670592E-11	2.990883E-11	1.524364E-11	2.211529E-11	9.183574E-11	3.789493E-11	3.749458E-11	2.007946E-11	3.172093E-11	2.500650E-11	2.794359E-11	2.985512E-11	1.449866E-11
0:07:28	0	-2.000017E+1	1.519000E+1	1.584400E+1	1.915409E+0	2.141504E+0	3.780000E+2	3.658300E-9	2.357141E-9	4.017167E-11	3.978687E-11	3.324901E-11	5.132558E-11	3.966081E-11	6.279627E-11	2.962543E-11	4.667208E-11	3.651173E-11	3.115498E-11	2.933737E-11	3.725743E-11	4.814056E-11	3.735878E-11	1.221276E-9	5.227606E-11	3.281626E-11	3.474229E-11	2.853452E-11	2.858627E-11	2.902626E-11	1.732299E-11	2.287338E-11	8.302380E-11	3.915610E-11	3.912754E-11	2.159459E-11	3.463355E-11	2.942663E-11	3.047837E-11	3.299094E-11	1.620780E-11
0:07:42	0	-2.000055E+1	1.519000E+1	1.585600E+1	1.911951E+0	2.137285E+0	3.800000E+2	3.799700E-9	2.161178E-9	4.237882E-11	4.161540E-11	3.565095E-11	5.347659E-11	4.238528E-11	6.631605E-11	3.259405E-11	6.785180E-11	3.777959E-11	3.412492E-11	2.680808E-11	3.422683E-11	5.054748E-11	4.095619E-11	9.535825E-10	5.442812E-11	3.211919E-11	3.814141E-11	3.055019E-11	3.159582E-11	2.946755E-11	1.757458E-11	2.685435E-11	7.824024E-11	4.375883E-11	4.295860E-11	2.468865E-11	3.849571E-11	2.911062E-11	3.313918E-11	3.399495E-11	1.576502E-11
0:07:55	0	-2.000040E+1	1.519300E+1	1.587500E+1	1.911038E+0	2.136525E+0	3.820000E+2	3.368700E-9	2.103680E-9	4.439681E-11	4.344394E-11	3.792716E-11	5.600825E-11	4.650299E-11	6.958476E-11	3.183619E-11	6.100346E-11	4.050444E-11	3.861226E-11	2.940026E-11	2.147040E-11	5.270142E-11	4.284903E-11	8.376628E-10	6.024990E-11	3.763074E-11	4.015544E-11	3.181010E-11	3.372755E-11	3.603006E-11	1.902347E-11	2.691720E-11	8.207981E-11	4.691227E-11	4.547099E-11	2.494084E-11	4.115445E-11	3.195170E-11	3.383640E-11	3.844768E-11	1.943716E-11
0:08:09	0	-2.000093E+1	1.520300E+1	1.588000E+1	1.916410E+0	2.140997E+0	3.840000E+2	3.500700E-9	2.247903E-9	4.660396E-11	4.747927E-11	4.178305E-11	5.942609E-11	4.979756E-11	7.580763E-11	3.619489E-11	5.263247E-11	4.259686E-11	3.854841E-11	3.433207E-11	3.283714E-11	5.700829E-11	4.714081E-11	8.858043E-10	6.486975E-11	4.010099E-11	4.330218E-11	3.634559E-11	3.560790E-11	3.110818E-11	2.135442E-11	3.045528E-11	9.170954E-11	4.968645E-11	4.886184E-11	2.854027E-11	4.356031E-11	3.479378E-11	3.877892E-11	4.114486E-11	1.969004E-11
0:08:22	0	-2.000032E+1	1.523800E+1	1.589900E+1	1.916257E+0	2.141010E+0	3.860000E+2	3.597900E-9	2.279796E-9	4.937857E-11	5.119905E-11	4.399539E-11	6.448841E-11	5.264905E-11	8.121381E-11	4.042696E-11	6.810508E-11	4.735108E-11	4.417304E-11	3.780960E-11	5.159296E-11	6.125216E-11	5.067445E-11	7.804634E-10	6.759130E-11	4.079806E-11	4.789659E-11	4.050321E-11	3.792766E-11	3.161321E-11	2.255072E-11	3.317244E-11	9.901109E-11	5.353268E-11	5.212775E-11	3.068737E-11	4.906869E-11	3.826688E-11	4.232701E-11	4.547282E-11	2.247563E-11
0:08:36	0	-2.000017E+1	1.522400E+1	1.589400E+1	1.918956E+0	2.144101E+0	3.880000E+2	3.823800E-9	2.842249E-9	5.196403E-11	5.384779E-11	4.759880E-11	7.138704E-11	5.860407E-11	8.768774E-11	4.314329E-11	8.446563E-11	5.045718E-11	4.834413E-11	3.875783E-11	4.123609E-11	6.733398E-11	5.389328E-11	1.222289E-9	7.170561E-11	4.542251E-11	5.318355E-11	4.421931E-11	4.375773E-11	4.158249E-11	2.406325E-11	3.487814E-11	1.029769E-10	5.750533E-11	5.652395E-11	3.308666E-11	5.242510E-11	4.098236E-11	4.568604E-11	4.823238E-11	2.500835E-11
0:08:49	0	-2.000017E+1	1.522800E+1	1.590800E+1	1.918753E+0	2.144088E+0	3.900000E+2	4.212700E-9	2.758040E-9	5.467593E-11	5.744116E-11	5.107549E-11	7.569006E-11	6.234171E-11	9.441371E-11	4.446955E-11	8.915867E-11	5.983853E-11	5.099783E-11	3.850530E-11	4.830915E-11	7.151385E-11	5.925701E-11	1.010973E-9	8.214823E-11	4.966694E-11	5.551255E-11	4.579445E-11	4.733040E-11	4.839802E-11	2.639320E-11	3.923816E-11	1.053060E-10	6.311640E-11	6.217635E-11	3.567534E-11	5.521077E-11	4.413945E-11	4.860094E-11	5.243459E-11	2.823771E-11
0:09:03	0	-1.999926E+1	1.523000E+1	1.591600E+1	1.919019E+0	2.144481E+0	3.920000E+2	4.374200E-9	2.954848E-9	5.846003E-11	6.286407E-11	5.638531E-11	8.043668E-11	6.734757E-11	1.026480E-10	5.059627E-11	8.966621E-11	6.021879E-11	5.567472E-11	4.672500E-11	6.535926E-11	7.854564E-11	6.392636E-11	1.077167E-9	8.727463E-11	5.492546E-11	5.991819E-11	5.177780E-11	4.990153E-11	4.631511E-11	2.815732E-11	4.309245E-11	9.510892E-11	6.582788E-11	6.575656E-11	3.958976E-11	6.306105E-11	4.843397E-11	5.297228E-11	5.626055E-11	3.045359E-11
0:09:16	0	-2.000100E+1	1.521900E+1	1.587900E+1	1.910823E+0	2.136956E+0	3.940000E+2	4.452800E-9	2.980707E-9	6.312620E-11	6.954714E-11	5.872339E-11	8.613241E-11	7.235243E-11	1.091229E-10	5.571283E-11	9.949476E-11	6.541631E-11	6.142505E-11	4.425859E-11	6.220205E-11	8.595642E-11	6.954313E-11	9.638444E-10	9.322329E-11	5.657262E-11	6.463879E-11	5.581012E-11	5.522985E-11	5.268836E-11	3.294451E-11	4.517820E-11	9.403873E-11	7.421413E-11	7.379543E-11	4.274661E-11	6.635348E-11	5.228587E-11	5.886509E-11	6.272130E-11	3.254253E-11
0:09:30	0	-2.000108E+1	1.520500E+1	1.588500E+1	1.910823E+0	2.136855E+0	3.960000E+2	4.399700E-9	3.083150E-9	6.659472E-11	7.478091E-11	6.618269E-11	9.334775E-11	8.065186E-11	1.201228E-10	5.899757E-11	1.102113E-10	7.023358E-11	6.761834E-11	4.956970E-11	5.247722E-11	9.248023E-11	7.661141E-11	8.821303E-10	1.015768E-10	6.138710E-11	6.967437E-11	6.072250E-11	6.112227E-11	6.511908E-11	3.584228E-11	5.168580E-11	1.085166E-10	8.196930E-11	7.925945E-11	4.697801E-11	7.325520E-11	5.866286E-11	6.393465E-11	6.642150E-11	3.501228E-11
0:09:43	0	-2.000040E+1	1.521200E+1	1.587400E+1	1.913420E+0	2.138882E+0	3.980000E+2	4.553100E-9	3.361398E-9	6.968493E-11	8.020382E-11	7.092371E-11	1.012584E-10	8.774808E-11	1.313748E-10	6.493582E-11	1.020315E-10	7.752351E-11	7.355823E-11	6.139368E-11	5.973869E-11	1.002720E-10	8.342665E-11	9.790472E-10	1.118935E-10	6.873583E-11	7.905198E-11	6.683313E-11	6.663962E-11	5.969216E-11	3.981106E-11	5.478200E-11	1.190277E-10	8.764408E-11	8.434670E-11	5.139781E-11	8.104250E-11	6.390440E-11	6.906722E-11	7.369716E-11	4.071040E-11
0:09:57	0	-2.000108E+1	1.520200E+1	1.586200E+1	1.913521E+0	2.138958E+0	4.000000E+2	4.851700E-9	3.737940E-9	7.655924E-11	8.846359E-11	7.673946E-11	1.104350E-10	9.668061E-11	1.450153E-10	7.276772E-11	1.192800E-10	8.455928E-11	7.893046E-11	6.449192E-11	7.893614E-11	1.126866E-10	8.992608E-11	1.106686E-9	1.224620E-10	7.450141E-11	8.553524E-11	7.369852E-11	7.234401E-11	6.429827E-11	4.251989E-11	6.122677E-11	1.265807E-10	9.893094E-11	9.521227E-11	5.796470E-11	8.724756E-11	7.116661E-11	7.692464E-11	8.047080E-11	4.469838E-11
0:10:10	0	-2.000055E+1	1.520100E+1	1.586200E+1	1.920945E+0	2.145190E+0	4.020000E+2	5.278700E-9	3.873678E-9	8.387458E-11	9.836278E-11	8.653684E-11	1.211930E-10	1.061842E-10	1.602266E-10	7.984276E-11	1.449615E-10	9.470115E-11	8.802984E-11	7.188914E-11	7.988320E-11	1.224423E-10	1.024218E-10	9.827842E-10	1.346771E-10	7.779473E-11	9.447269E-11	8.188746E-11	8.124598E-11	7.306920E-11	4.579554E-11	6.988296E-11	1.232449E-10	1.053622E-10	1.008012E-10	6.358364E-11	9.674505E-11	7.735419E-11	8.522519E-11	8.969111E-11	4.951095E-11
0:10:24	0	-2.000002E+1	1.521100E+1	1.584900E+1	1.920172E+0	2.144392E+0	4.040000E+2	5.685500E-9	4.942863E-9	8.948653E-11	1.054251E-10	9.469167E-11	1.354958E-10	1.182213E-10	1.780160E-10	8.704345E-11	1.653174E-10	1.042096E-10	9.757217E-11	7.498737E-11	9.181818E-11	1.352369E-10	1.114457E-10	1.689198E-9	1.522073E-10	9.255620E-11	1.064307E-10	9.076951E-11	9.127616E-11	8.493212E-11	5.285004E-11	7.702298E-11	1.642848E-10	1.184149E-10	1.155613E-10	7.116129E-11	1.082686E-10	8.777348E-11	9.555336E-11	9.947581E-11	5.615858E-11
0:10:37	0	-2.000070E+1	1.520400E+1	1.586000E+1	1.911963E+0	2.138844E+0	4.060000E+2	6.870800E-9	5.512684E-9	9.894630E-11	1.207462E-10	1.063851E-10	1.499255E-10	1.320337E-10	1.991992E-10	9.961399E-11	1.751459E-10	1.167601E-10	1.103378E-10	8.719065E-11	1.157519E-10	1.495525E-10	1.241935E-10	1.907483E-9	1.694219E-10	1.025652E-10	1.183261E-10	1.031787E-10	9.973972E-11	8.878117E-11	5.845664E-11	8.713351E-11	1.537101E-10	1.303319E-10	1.269910E-10	8.025307E-11	1.211844E-10	9.895039E-11	1.058815E-10	1.116438E-10	6.286919E-11
0:10:51	0	-2.000123E+1	1.520600E+1	1.588000E+1	1.913293E+0	2.140123E+0	4.080000E+2	6.864100E-9	5.774086E-9	1.085952E-10	1.336097E-10	1.197859E-10	1.659367E-10	1.481254E-10	2.228969E-10	1.117418E-10	1.997503E-10	1.300081E-10	1.232931E-10	9.231112E-11	1.202988E-10	1.730528E-10	1.409163E-10	1.738607E-9	1.894209E-10	1.131452E-10	1.307253E-10	1.154616E-10	1.133426E-10	1.085942E-10	6.538584E-11	9.875923E-11	1.695722E-10	1.460950E-10	1.423787E-10	8.972463E-11	1.375826E-10	1.110753E-10	1.184914E-10	1.255050E-10	6.989763E-11
0:11:04	0	-2.000093E+1	1.520100E+1	1.587200E+1	1.913572E+0	2.140060E+0	4.100000E+2	7.202800E-9	5.750901E-9	1.207659E-10	1.515168E-10	1.339460E-10	1.892262E-10	1.696031E-10	2.525029E-10	1.265231E-10	2.374177E-10	1.492151E-10	1.407975E-10	1.043247E-10	1.272453E-10	1.946532E-10	1.609845E-10	1.159515E-9	2.165715E-10	1.266386E-10	1.494189E-10	1.320285E-10	1.290781E-10	1.282190E-10	7.647275E-11	1.151878E-10	1.842379E-10	1.660827E-10	1.631045E-10	1.020371E-10	1.553742E-10	1.270512E-10	1.371842E-10	1.433802E-10	8.059722E-11
0:11:18	0	-2.000002E+1	1.521100E+1	1.587000E+1	1.911317E+0	2.137121E+0	4.104209E+2	7.083500E-9	5.731388E-9	1.236670E-10	1.547319E-10	1.365376E-10	1.935931E-10	1.734678E-10	2.601091E-10	1.277865E-10	2.218821E-10	1.525744E-10	1.424406E-10	1.112798E-10	1.282552E-10	1.970601E-10	1.642023E-10	1.079638E-9	2.222045E-10	1.312000E-10	1.540133E-10	1.350515E-10	1.332159E-10	1.207729E-10	7.722852E-11	1.162621E-10	1.737894E-10	1.686050E-10	1.671864E-10	1.021636E-10	1.597431E-10	1.305871E-10	1.411124E-10	1.478339E-10	8.319290E-11
0:11:31	0	-2.002069E+1	1.521000E+1	1.586900E+1	1.911406E+0	2.137653E+0	4.108418E+2	7.276900E-9	6.082995E-9	1.266307E-10	1.598393E-10	1.414682E-10	1.996685E-10	1.784727E-10	2.677777E-10	1.327764E-10	2.295543E-10	1.556805E-10	1.481919E-10	1.136823E-10	1.465683E-10	2.035839E-10	1.696298E-10	1.279299E-9	2.273309E-10	1.334173E-10	1.579788E-10	1.390828E-10	1.362878E-10	1.208357E-10	7.817323E-11	1.184097E-10	1.841753E-10	1.745327E-10	1.742833E-10	1.065206E-10	1.645548E-10	1.333654E-10	1.442803E-10	1.515975E-10	8.534582E-11
0:11:45	0	-1.999956E+1	1.520600E+1	1.586200E+1	1.911621E+0	2.137197E+0	4.112627E+2	7.399000E-9	5.992374E-9	1.309196E-10	1.635600E-10	1.473468E-10	2.075163E-10	1.848088E-10	2.775214E-10	1.387775E-10	2.561879E-10	1.604977E-10	1.540051E-10	1.149470E-10	1.461895E-10	2.142256E-10	1.771394E-10	1.007172E-9	2.361909E-10	1.358245E-10	1.637685E-10	1.427363E-10	1.419922E-10	1.308687E-10	8.327566E-11	1.236545E-10	1.855605E-10	1.812158E-10	1.781144E-10	1.089827E-10	1.719633E-10	1.354498E-10	1.487157E-10	1.545452E-10	8.870112E-11
0:11:58	0	-1.999971E+1	1.520900E+1	1.587000E+1	1.917360E+0	2.141668E+0	4.116835E+2	7.224700E-9	6.099708E-9	1.318026E-10	1.674062E-10	1.508864E-10	2.108702E-10	1.919680E-10	2.883327E-10	1.429458E-10	2.614515E-10	1.663297E-10	1.581133E-10	1.217124E-10	1.453063E-10	2.165695E-10	1.809889E-10	9.519355E-10	2.445454E-10	1.415901E-10	1.707555E-10	1.485317E-10	1.484497E-10	1.357906E-10	8.623608E-11	1.280774E-10	2.054509E-10	1.861341E-10	1.811919E-10	1.139079E-10	1.767111E-10	1.415118E-10	1.532151E-10	1.591237E-10	9.186652E-11
0:12:12	0	-1.999918E+1	1.522200E+1	1.587000E+1	1.916422E+0	2.141314E+0	4.121044E+2	7.722500E-9	7.127036E-9	1.376037E-10	1.737738E-10	1.553111E-10	2.187179E-10	1.964658E-10	2.985785E-10	1.492001E-10	2.597397E-10	1.726680E-10	1.623473E-10	1.255063E-10	1.593248E-10	2.267042E-10	1.873628E-10	1.825452E-9	2.530887E-10	1.507760E-10	1.739022E-10	1.534450E-10	1.485120E-10	1.330144E-10	8.724443E-11	1.325002E-10	1.956940E-10	1.912415E-10	1.874095E-10	1.224953E-10	1.838027E-10	1.456159E-10	1.596150E-10	1.652072E-10	9.471607E-11
0:12:25	0	-2.000093E+1	1.520200E+1	1.588800E+1	1.907580E+0	2.133510E+0	4.125253E+2	8.390400E-9	7.030011E-9	1.389288E-10	1.802687E-10	1.584724E-10	2.233376E-10	2.014076E-10	3.059326E-10	1.533683E-10	2.689346E-10	1.760913E-10	1.648114E-10	1.258217E-10	1.661446E-10	2.324050E-10	1.927265E-10	1.609701E-9	2.573289E-10	1.523591E-10	1.777415E-10	1.578542E-10	1.528378E-10	1.373047E-10	8.907120E-11	1.374288E-10	1.970792E-10	1.951504E-10	1.921200E-10	1.209164E-10	1.857018E-10	1.503520E-10	1.618327E-10	1.711035E-10	9.547569E-11
0:12:39	0	-1.999986E+1	1.522300E+1	1.588700E+1	1.907555E+0	2.133130E+0	4.129462E+2	8.080800E-9	6.831472E-9	1.446672E-10	1.857543E-10	1.664367E-10	2.330836E-10	2.104041E-10	3.187564E-10	1.588010E-10	2.944259E-10	1.833172E-10	1.729012E-10	1.282242E-10	1.583149E-10	2.400698E-10	1.996055E-10	1.197585E-9	2.720757E-10	1.541963E-10	1.837210E-10	1.635233E-10	1.602345E-10	1.509975E-10	9.341687E-11	1.422307E-10	1.913506E-10	2.037258E-10	1.984000E-10	1.291250E-10	1.936800E-10	1.551510E-10	1.680426E-10	1.764345E-10	1.028200E-10
0:12:52	0	-2.000002E+1	1.521000E+1	1.588000E+1	1.911216E+0	2.136044E+0	4.133671E+2	8.169400E-9	6.927035E-9	1.479466E-10	1.895378E-10	1.718732E-10	2.408045E-10	2.169303E-10	3.288761E-10	1.639176E-10	2.909382E-10	1.895924E-10	1.785248E-10	1.362543E-10	1.600824E-10	2.528654E-10	2.051585E-10	1.139371E-9	2.825173E-10	1.572376E-10	1.924061E-10	1.691298E-10	1.656886E-10	1.534590E-10	9.675617E-11	1.462117E-10	1.895888E-10	2.099052E-10	2.040524E-10	1.304507E-10	1.952632E-10	1.623504E-10	1.726040E-10	1.815774E-10	1.051628E-10
0:13:06	0	-2.000154E+1	1.518900E+1	1.587100E+1	1.910734E+0	2.136158E+0	4.137880E+2	8.170000E-9	6.913646E-9	1.532439E-10	1.965991E-10	1.764236E-10	2.466901E-10	2.247866E-10	3.406937E-10	1.685914E-10	2.974702E-10	1.952973E-10	1.848448E-10	1.409965E-10	1.765015E-10	2.582493E-10	2.103967E-10	9.142459E-10	2.954916E-10	1.662965E-10	1.956164E-10	1.761215E-10	1.715196E-10	1.530167E-10	1.006613E-10	1.517717E-10	2.045695E-10	2.169039E-10	2.109609E-10	1.344927E-10	2.048237E-10	1.678441E-10	1.812857E-10	1.894808E-10	1.077585E-10
0:13:19	0	-2.000062E+1	1.519700E+1	1.585200E+1	1.915561E+0	2.140997E+0	4.142088E+2	8.383900E-9	7.378437E-9	1.584148E-10	2.039133E-10	1.826825E-10	2.566259E-10	2.356205E-10	3.537051E-10	1.768032E-10	3.166207E-10	2.009391E-10	1.904684E-10	1.439679E-10	1.886887E-10	2.695879E-10	2.221971E-10	1.141081E-9	3.016941E-10	1.719351E-10	2.068193E-10	1.817280E-10	1.802326E-10	1.601470E-10	1.023618E-10	1.577117E-10	2.149555E-10	2.224533E-10	2.183722E-10	1.405543E-10	2.119783E-10	1.726431E-10	1.846437E-10	1.960039E-10	1.128869E-10
0:13:33	0	-2.000032E+1	1.520100E+1	1.586800E+1	1.915637E+0	2.140630E+0	4.146297E+2	8.650300E-9	7.394825E-9	1.615050E-10	2.112911E-10	1.881180E-10	2.630819E-10	2.404353E-10	3.667174E-10	1.808458E-10	3.475029E-10	2.072784E-10	1.979886E-10	1.457386E-10	1.918469E-10	2.770617E-10	2.278766E-10	9.645414E-10	3.111876E-10	1.747224E-10	2.095885E-10	1.861998E-10	1.841823E-10	1.721992E-10	1.062043E-10	1.614393E-10	2.118075E-10	2.290110E-10	2.260968E-10	1.433323E-10	2.202084E-10	1.759896E-10	1.912968E-10	2.024013E-10	1.171287E-10
0:13:46	0	-2.000131E+1	1.520500E+1	1.587700E+1	1.915574E+0	2.140516E+0	4.150506E+2	8.840600E-9	7.755256E-9	1.678119E-10	2.179742E-10	1.951981E-10	2.758651E-10	2.485447E-10	3.813006E-10	1.871630E-10	3.505461E-10	2.169129E-10	2.050039E-10	1.545902E-10	2.001820E-10	2.870704E-10	2.404352E-10	1.056770E-9	3.249842E-10	1.842883E-10	2.187783E-10	1.936957E-10	1.913920E-10	1.767425E-10	1.134487E-10	1.702222E-10	2.249638E-10	2.372071E-10	2.319386E-10	1.505930E-10	2.331882E-10	1.866611E-10	1.992172E-10	2.096770E-10	1.228898E-10
0:14:00	0	-2.000161E+1	1.521300E+1	1.589900E+1	1.906782E+0	2.133878E+0	4.154715E+2	9.246500E-9	7.976060E-9	1.721625E-10	2.261086E-10	2.025935E-10	2.859278E-10	2.624831E-10	3.960724E-10	1.977751E-10	3.513710E-10	2.229981E-10	2.133451E-10	1.614823E-10	2.098441E-10	3.018289E-10	2.505948E-10	1.022692E-9	3.392234E-10	1.918911E-10	2.265194E-10	2.010026E-10	1.984759E-10	1.805288E-10	1.165981E-10	1.775517E-10	2.370489E-10	2.487458E-10	2.442477E-10	1.555182E-10	2.367336E-10	1.930391E-10	2.068846E-10	2.178309E-10	1.269418E-10
0:14:13	0	-2.000024E+1	1.521600E+1	1.585400E+1	1.907960E+0	2.134689E+0	4.158924E+2	9.489000E-9	8.194585E-9	1.799198E-10	2.336118E-10	2.132132E-10	2.992175E-10	2.724298E-10	4.132326E-10	2.061764E-10	3.789556E-10	2.335842E-10	2.202966E-10	1.660977E-10	2.193167E-10	3.138646E-10	2.587360E-10	9.554195E-10	3.504253E-10	1.966415E-10	2.365270E-10	2.107666E-10	2.066258E-10	1.925173E-10	1.200626E-10	1.858289E-10	2.401333E-10	2.549252E-10	2.493350E-10	1.620223E-10	2.484470E-10	2.008695E-10	2.165796E-10	2.269255E-10	1.318803E-10
0:14:27	0	-1.999895E+1	1.521100E+1	1.585400E+1	1.909784E+0	2.134904E+0	4.163133E+2	9.596000E-9	8.798335E-9	1.826317E-10	2.425017E-10	2.216834E-10	3.099136E-10	2.823135E-10	4.303929E-10	2.128715E-10	3.993745E-10	2.425213E-10	2.289540E-10	1.721674E-10	2.105389E-10	3.250122E-10	2.721772E-10	1.288927E-9	3.663111E-10	2.005699E-10	2.457158E-10	2.173178E-10	2.158405E-10	1.994583E-10	1.245982E-10	1.930328E-10	2.583235E-10	2.650136E-10	2.630897E-10	1.668208E-10	2.557285E-10	2.085105E-10	2.232956E-10	2.343259E-10	1.384020E-10
0:14:40	0	-2.000116E+1	1.520900E+1	1.589100E+1	1.908733E+0	2.134334E+0	4.167342E+2	1.052300E-8	9.288509E-9	1.915868E-10	2.519599E-10	2.298382E-10	3.217477E-10	2.944146E-10	4.473021E-10	2.225990E-10	4.005158E-10	2.526001E-10	2.382439E-10	1.810828E-10	2.206426E-10	3.382519E-10	2.815806E-10	1.497076E-9	3.883353E-10	2.117190E-10	2.530804E-10	2.244358E-10	2.216705E-10	2.048852E-10	1.297633E-10	2.012461E-10	2.588899E-10	2.747875E-10	2.700607E-10	1.750923E-10	2.650991E-10	2.189298E-10	2.334978E-10	2.444244E-10	1.431506E-10
0:14:54	0	-1.999994E+1	1.522300E+1	1.589300E+1	1.915257E+0	2.140060E+0	4.171550E+2	1.042700E-8	9.344231E-9	2.017394E-10	2.630576E-10	2.415954E-10	3.383923E-10	3.116465E-10	4.736394E-10	2.346640E-10	4.410362E-10	2.653417E-10	2.506934E-10	1.882275E-10	2.603634E-10	3.569373E-10	2.968519E-10	1.108080E-9	4.096002E-10	2.209690E-10	2.645347E-10	2.396164E-10	2.321401E-10	2.103749E-10	1.387719E-10	2.126833E-10	2.687731E-10	2.875246E-10	2.841288E-10	1.830487E-10	2.770024E-10	2.302961E-10	2.460436E-10	2.562162E-10	1.502410E-10
0:15:07	0	-2.000078E+1	1.521100E+1	1.585500E+1	1.915434E+0	2.139616E+0	4.175759E+2	1.109000E-8	9.872800E-9	2.076680E-10	2.748480E-10	2.502552E-10	3.532016E-10	3.243177E-10	4.952006E-10	2.469813E-10	4.683676E-10	2.737084E-10	2.595403E-10	1.966997E-10	2.635834E-10	3.734068E-10	3.112405E-10	1.265616E-9	4.282065E-10	2.300919E-10	2.791366E-10	2.513952E-10	2.427344E-10	2.227419E-10	1.434328E-10	2.206442E-10	2.918105E-10	3.005763E-10	2.957479E-10	1.908775E-10	2.936535E-10	2.388841E-10	2.541541E-10	2.676941E-10	1.563829E-10
0:15:21	0	-1.999994E+1	1.522100E+1	1.585100E+1	1.909835E+0	2.136247E+0	4.179968E+2	1.146300E-8	1.072010E-8	2.176942E-10	2.872695E-10	2.625823E-10	3.706046E-10	3.409176E-10	5.195900E-10	2.591729E-10	4.938599E-10	2.865131E-10	2.721793E-10	2.055513E-10	2.655413E-10	3.894323E-10	3.256919E-10	1.711812E-9	4.471934E-10	2.419380E-10	2.918508E-10	2.592689E-10	2.559622E-10	2.451429E-10	1.526929E-10	2.311966E-10	2.960277E-10	3.104756E-10	3.059224E-10	1.987074E-10	3.043544E-10	2.530915E-10	2.673342E-10	2.820572E-10	1.684758E-10
0:15:34	0	-1.999979E+1	1.519300E+1	1.588800E+1	1.910468E+0	2.136867E+0	4.184177E+2	1.175500E-8	1.058656E-8	2.236855E-10	2.978625E-10	2.738964E-10	3.837684E-10	3.527016E-10	5.452991E-10	2.682692E-10	4.945577E-10	2.993168E-10	2.860823E-10	2.123795E-10	2.767186E-10	4.122996E-10	3.416575E-10	1.230840E-9	4.701038E-10	2.506809E-10	3.004733E-10	2.709860E-10	2.673086E-10	2.479818E-10	1.593695E-10	2.422538E-10	3.143441E-10	3.213842E-10	3.198020E-10	2.078629E-10	3.162578E-10	2.607326E-10	2.770922E-10	2.900230E-10	1.705647E-10
0:15:48	0	-2.000268E+1	1.522600E+1	1.588600E+1	1.907973E+0	2.133916E+0	4.188386E+2	1.216100E-8	1.130647E-8	2.348476E-10	3.128690E-10	2.857804E-10	4.023113E-10	3.751925E-10	5.749051E-10	2.834923E-10	5.274049E-10	3.163053E-10	3.008701E-10	2.221803E-10	3.003992E-10	4.315551E-10	3.583176E-10	1.472372E-9	4.914317E-10	2.610069E-10	3.168379E-10	2.827647E-10	2.812262E-10	2.573843E-10	1.645982E-10	2.548281E-10	3.233459E-10	3.384713E-10	3.339335E-10	2.160715E-10	3.298703E-10	2.716573E-10	2.946445E-10	3.089647E-10	1.806316E-10
0:16:01	0	-2.000055E+1	1.522500E+1	1.587600E+1	1.908340E+0	2.133789E+0	4.192595E+2	1.279700E-8	1.180527E-8	2.450640E-10	3.291368E-10	3.044282E-10	4.287019E-10	3.949599E-10	6.138141E-10	2.992837E-10	5.714131E-10	3.306940E-10	3.153417E-10	2.345722E-10	3.047566E-10	4.567663E-10	3.765556E-10	1.386034E-9	5.318094E-10	2.733602E-10	3.345866E-10	3.000873E-10	3.002217E-10	2.754940E-10	1.756852E-10	2.734043E-10	3.376966E-10	3.573879E-10	3.544075E-10	2.326144E-10	3.510802E-10	2.876959E-10	3.115627E-10	3.266518E-10	1.900019E-10
0:16:15	0	-2.000078E+1	1.522500E+1	1.586600E+1	1.907871E+0	2.133143E+0	4.196803E+2	1.330900E-8	1.237694E-8	2.561635E-10	3.510792E-10	3.217477E-10	4.528775E-10	4.194781E-10	6.507753E-10	3.188017E-10	6.137095E-10	3.492666E-10	3.332891E-10	2.482298E-10	3.187762E-10	4.865374E-10	4.016089E-10	1.350244E-9	5.669978E-10	2.860934E-10	3.535942E-10	3.170320E-10	3.155802E-10	2.922150E-10	1.836217E-10	2.898958E-10	3.641960E-10	3.777538E-10	3.673452E-10	2.434117E-10	3.710877E-10	3.060722E-10	3.297483E-10	3.389455E-10	2.007654E-10
0:16:28	0	-2.000435E+1	1.521300E+1	1.584900E+1	1.912356E+0	2.137285E+0	4.201012E+2	1.410000E-8	1.299964E-8	2.704159E-10	3.691127E-10	3.348332E-10	4.786347E-10	4.467217E-10	6.911311E-10	3.381940E-10	6.473186E-10	3.685997E-10	3.528157E-10	2.673242E-10	3.470036E-10	5.121906E-10	4.287443E-10	1.320725E-9	6.107925E-10	3.066195E-10	3.681962E-10	3.356772E-10	3.338859E-10	3.007339E-10	1.933860E-10	3.051234E-10	3.823247E-10	3.940216E-10	3.927815E-10	2.550931E-10	3.932482E-10	3.240049E-10	3.448920E-10	3.669184E-10	2.181756E-10
0:16:42	0	-2.000321E+1	1.519800E+1	1.583400E+1	1.912559E+0	2.137349E+0	4.205221E+2	1.468800E-8	1.364166E-8	2.831540E-10	3.860105E-10	3.574625E-10	5.027475E-10	4.740274E-10	7.388401E-10	3.592286E-10	6.897421E-10	3.840031E-10	3.665920E-10	2.774404E-10	3.757365E-10	5.448127E-10	4.553119E-10	1.357275E-9	6.379431E-10	3.166925E-10	3.912329E-10	3.539444E-10	3.481785E-10	3.172030E-10	2.037798E-10	3.196568E-10	4.011449E-10	4.104786E-10	4.034577E-10	2.677215E-10	4.114825E-10	3.413076E-10	3.638378E-10	3.768288E-10	2.243805E-10
0:16:55	0	-2.000078E+1	1.520100E+1	1.586500E+1	1.914585E+0	2.140161E+0	4.209430E+2	1.545400E-8	1.452116E-8	3.004339E-10	4.080167E-10	3.811038E-10	5.359088E-10	5.041216E-10	7.792584E-10	3.852532E-10	7.671692E-10	4.070127E-10	3.928187E-10	2.922987E-10	3.917757E-10	5.782577E-10	4.796081E-10	1.433098E-9	6.789543E-10	3.331001E-10	4.145199E-10	3.769361E-10	3.701826E-10	3.491937E-10	2.172593E-10	3.412025E-10	4.253151E-10	4.339342E-10	4.306528E-10	2.809181E-10	4.363018E-10	3.630933E-10	3.874091E-10	4.014777E-10	2.445772E-10
0:17:09	0	-2.000055E+1	1.520400E+1	1.588300E+1	1.914915E+0	2.140186E+0	4.213639E+2	1.674400E-8	1.585815E-8	3.172090E-10	4.406148E-10	4.051881E-10	5.805895E-10	5.533491E-10	8.483401E-10	4.163315E-10	8.320408E-10	4.387072E-10	4.183490E-10	3.165146E-10	4.238562E-10	6.309591E-10	5.256122E-10	1.710545E-9	7.416720E-10	3.567305E-10	4.402622E-10	4.052181E-10	4.011520E-10	3.726676E-10	2.367870E-10	3.758283E-10	4.678654E-10	4.604169E-10	4.608620E-10	3.081327E-10	4.677698E-10	3.902460E-10	4.160499E-10	4.359747E-10	2.623053E-10
0:17:22	0	-2.000024E+1	1.520300E+1	1.587300E+1	1.907010E+0	2.132928E+0	4.217848E+2	1.789600E-8	1.670340E-8	3.386503E-10	4.715736E-10	4.426093E-10	6.181818E-10	5.994090E-10	9.328851E-10	4.504413E-10	8.971026E-10	4.693229E-10	4.467864E-10	3.423116E-10	4.637026E-10	6.819505E-10	5.643597E-10	1.469395E-9	8.140100E-10	3.868855E-10	4.762007E-10	4.318006E-10	4.295502E-10	3.895779E-10	2.567562E-10	4.016083E-10	4.961276E-10	4.921333E-10	4.893749E-10	3.256862E-10	5.068982E-10	4.165156E-10	4.490000E-10	4.707221E-10	2.818684E-10
0:17:36	0	-2.000298E+1	1.521300E+1	1.588000E+1	1.907327E+0	2.133510E+0	4.222057E+2	1.912400E-8	1.796098E-8	3.542267E-10	5.005146E-10	4.773751E-10	6.712787E-10	6.480663E-10	1.009321E-9	4.927001E-10	9.955823E-10	5.019050E-10	4.788892E-10	3.636189E-10	5.009610E-10	7.351579E-10	6.181265E-10	1.522033E-9	8.974871E-10	4.038001E-10	5.089290E-10	4.644300E-10	4.615844E-10	4.257344E-10	2.742671E-10	4.412884E-10	5.392443E-10	5.283261E-10	5.236035E-10	3.503749E-10	5.342502E-10	4.490993E-10	4.795414E-10	5.031487E-10	3.061171E-10
0:17:49	0	-2.000123E+1	1.520800E+1	1.587200E+1	1.907124E+0	2.133004E+0	4.226265E+2	2.022500E-8	1.931136E-8	3.777497E-10	5.389139E-10	5.067693E-10	7.151362E-10	6.909577E-10	1.102666E-9	5.330004E-10	1.107189E-9	5.362603E-10	5.123826E-10	3.786669E-10	5.160532E-10	7.854524E-10	6.611648E-10	1.725178E-9	9.583074E-10	4.280005E-10	5.399582E-10	4.932798E-10	4.929299E-10	4.590510E-10	2.988972E-10	4.707961E-10	5.762559E-10	5.555643E-10	5.484747E-10	3.736102E-10	5.680602E-10	4.799145E-10	5.126805E-10	5.411577E-10	3.268836E-10
0:18:13	1	-2.000123E+1	1.521300E+1	1.587700E+1	1.909772E+0	2.136259E+0	0.000000E+0	-2.366400E-9	2.653226E-9	9.598253E-11	7.730324E-11	8.571557E-11	8.119597E-11	8.236215E-11	8.397942E-11	8.685398E-11	9.632436E-11	8.316434E-11	8.145845E-11	7.998207E-11	7.849451E-11	8.456246E-11	8.222718E-11	6.112733E-11	7.328719E-11	7.380434E-11	7.401740E-11	7.344693E-11	7.748429E-11	8.606771E-11	9.587411E-11	8.125632E-11	9.183574E-11	8.228484E-11	8.409586E-11	8.568361E-11	8.477873E-11	8.556342E-11	8.839316E-11	8.699393E-11	8.762466E-11
0:18:26	1	-2.000207E+1	1.522700E+1	1.588400E+1	1.911545E+0	2.136411E+0	0.000000E+0	1.966000E-9	2.746729E-9	9.881987E-11	8.461739E-11	9.032986E-11	8.518329E-11	8.686092E-11	8.668251E-11	8.982261E-11	9.626029E-11	8.582714E-11	8.531330E-11	8.301742E-11	8.209335E-11	8.576643E-11	8.550878E-11	6.917224E-11	8.341409E-11	8.166012E-11	8.490529E-11	8.132065E-11	8.130833E-11	8.720430E-11	8.736973E-11	8.283634E-11	9.277974E-11	8.732954E-11	8.604212E-11	8.410469E-11	8.452485E-11	8.550061E-11	8.414786E-11	8.912672E-11	8.787853E-11
0:18:40	1	-2.000040E+1	1.521200E+1	1.586200E+1	1.910848E+0	2.135803E+0	1.000000E+1	3.200600E-9	2.989639E-9	1.070820E-10	9.085950E-11	9.443821E-11	9.385328E-11	9.364009E-11	9.529390E-11	9.493918E-11	8.991948E-11	9.318012E-11	9.270673E-11	9.224823E-11	7.723143E-11	9.210024E-11	9.125207E-11	1.027439E-10	9.221020E-11	8.983193E-11	8.931093E-11	8.793446E-11	8.989757E-11	9.565946E-11	9.291368E-11	9.029255E-11	1.011515E-10	9.603034E-11	9.609171E-11	9.496578E-11	9.332567E-11	9.219360E-11	9.371580E-11	9.765690E-11	9.496895E-11
0:18:53	1	-1.999986E+1	1.521800E+1	1.586700E+1	1.914864E+0	2.140427E+0	2.000000E+1	3.516300E-9	2.999037E-9	1.073966E-10	9.148959E-11	9.545008E-11	9.442375E-11	9.383012E-11	9.567098E-11	9.746605E-11	8.256359E-11	9.356038E-11	9.276958E-11	9.357576E-11	9.263963E-11	9.368419E-11	9.207197E-11	9.564995E-11	9.404555E-11	9.268321E-11	9.088479E-11	8.862756E-11	8.970855E-11	8.903419E-11	9.272474E-11	9.136685E-11	1.021591E-10	9.483287E-11	9.357931E-11	9.269209E-11	9.256603E-11	9.358324E-11	9.447603E-11	9.746877E-11	9.636224E-11
0:19:07	1	-2.000032E+1	1.523000E+1	1.586200E+1	1.915941E+0	2.140984E+0	3.000000E+1	3.727100E-9	3.023443E-9	1.076495E-10	9.180513E-11	9.342734E-11	9.448669E-11	9.459025E-11	9.491682E-11	9.733941E-11	1.060898E-10	9.260973E-11	9.201138E-11	9.104747E-11	1.088055E-10	9.324120E-11	9.125207E-11	7.943313E-11	9.347606E-11	9.059200E-11	9.101098E-11	8.963589E-11	9.083775E-11	9.382957E-11	9.272474E-11	9.174589E-11	1.041097E-10	9.558938E-11	9.326501E-11	9.326026E-11	9.452910E-11	9.232021E-11	9.523627E-11	9.640237E-11	9.617234E-11
0:19:20	1	-2.000055E+1	1.520800E+1	1.588400E+1	1.915954E+0	2.140744E+0	4.000000E+1	3.914200E-9	3.049716E-9	1.073339E-10	9.344454E-11	9.570255E-11	9.467652E-11	9.528737E-11	9.523039E-11	9.632926E-11	1.138892E-10	9.489128E-11	9.258003E-11	9.098359E-11	9.649168E-11	9.374719E-11	9.251430E-11	9.279898E-11	9.341312E-11	9.128907E-11	9.082220E-11	8.869120E-11	9.083775E-11	9.811990E-11	9.379475E-11	9.199826E-11	1.029769E-10	9.647230E-11	9.546311E-11	9.477639E-11	9.364252E-11	9.282562E-11	9.498319E-11	9.690438E-11	9.680502E-11
0:19:34	1	-1.999895E+1	1.521600E+1	1.588600E+1	1.907213E+0	2.133764E+0	5.000000E+1	4.047800E-9	3.049423E-9	1.089108E-10	9.331812E-11	9.570255E-11	9.499323E-11	9.579346E-11	9.573350E-11	9.689765E-11	9.258234E-11	9.508141E-11	9.314868E-11	9.231112E-11	7.988320E-11	9.184724E-11	9.207197E-11	1.142097E-10	9.429932E-11	9.420336E-11	9.101098E-11	9.039164E-11	9.033599E-11	9.780512E-11	9.474045E-11	9.136685E-11	1.074464E-10	9.804802E-11	9.552657E-11	9.496578E-11	9.167945E-11	9.528789E-11	9.511023E-11	9.721826E-11	9.750166E-11
0:19:47	1	-2.000070E+1	1.520800E+1	1.586900E+1	1.907491E+0	2.134372E+0	6.000000E+1	4.205900E-9	3.047699E-9	1.080278E-10	9.502124E-11	9.532334E-11	9.492929E-11	9.465326E-11	9.598555E-11	9.708712E-11	8.370482E-11	9.406772E-11	9.397073E-11	9.345000E-11	9.358669E-11	9.507815E-11	9.232501E-11	1.072418E-10	9.493175E-11	9.547049E-11	9.119976E-11	8.919437E-11	8.927013E-11	9.477589E-11	9.423628E-11	9.351444E-11	1.030405E-10	9.615676E-11	9.596579E-11	9.610213E-11	9.313576E-11	9.415146E-11	9.574342E-11	9.815891E-11	9.819831E-11
0:20:01	1	-2.000116E+1	1.519900E+1	1.585600E+1	1.909683E+0	2.135208E+0	7.000000E+1	4.272100E-9	3.091608E-9	1.084688E-10	9.476841E-11	9.684015E-11	9.530893E-11	9.541339E-11	9.604807E-11	1.001196E-10	9.670476E-11	9.660344E-11	9.384403E-11	9.408182E-11	9.668110E-11	9.780107E-11	9.301839E-11	1.201007E-10	9.271674E-11	9.325327E-11	9.296142E-11	9.184049E-11	9.102578E-11	9.244096E-11	9.568516E-11	9.357828E-11	1.021591E-10	9.659772E-11	9.571495E-11	9.597553E-11	9.326270E-11	9.547730E-11	9.631360E-11	9.790741E-11	9.889496E-11
0:20:14	1	-2.001408E+1	1.519800E+1	1.589000E+1	1.909430E+0	2.134498E+0	8.000000E+1	4.390600E-9	3.145086E-9	1.098566E-10	9.546220E-11	9.734609E-11	9.670165E-11	9.642757E-11	9.793348E-11	9.847720E-11	1.051388E-10	9.590597E-11	9.422313E-11	9.319647E-11	8.215715E-11	9.685109E-11	9.137759E-11	1.584233E-10	9.429932E-11	9.325327E-11	9.327639E-11	9.177685E-11	9.090009E-11	9.824641E-11	9.644093E-11	9.313539E-11	1.082642E-10	9.773347E-11	9.596579E-11	9.736507E-11	9.636523E-11	9.497288E-11	9.530029E-11	9.891142E-11	9.940070E-11
0:20:28	1	-2.000040E+1	1.520100E+1	1.587100E+1	1.906415E+0	2.131914E+0	9.000000E+1	4.471000E-9	3.181795E-9	1.111807E-10	9.760628E-11	9.861043E-11	9.771371E-11	9.845491E-11	9.875116E-11	1.010031E-10	9.156825E-11	9.704674E-11	9.567667E-11	9.755934E-11	8.070465E-11	9.875204E-11	9.529080E-11	1.649482E-10	9.619761E-11	9.623057E-11	9.434650E-11	9.284782E-11	9.184027E-11	9.723633E-11	9.669252E-11	9.427352E-11	1.138030E-10	9.937190E-11	9.653093E-11	9.780665E-11	9.541568E-11	9.573050E-11	9.777105E-11	1.001026E-10	1.007310E-10
0:20:41	1	-2.000070E+1	1.521500E+1	1.585600E+1	1.913724E+0	2.138134E+0	1.000000E+2	4.594500E-9	3.243697E-9	1.126312E-10	9.811094E-11	1.005064E-10	1.001824E-10	9.984815E-11	1.001335E-10	1.032777E-10	8.706542E-11	9.837764E-11	9.731977E-11	9.926617E-11	9.175537E-11	9.976501E-11	9.459643E-11	1.819240E-10	9.898211E-11	9.711765E-11	9.409512E-11	9.461190E-11	9.384631E-11	9.263022E-11	9.921241E-11	9.698968E-11	1.108448E-10	1.012005E-10	9.992276E-11	9.944837E-11	9.769460E-11	9.850878E-11	9.910145E-11	1.032394E-10	1.014906E-10
0:20:55	1	-2.000116E+1	1.520100E+1	1.585100E+1	1.908327E+0	2.133675E+0	1.200000E+2	5.000800E-9	3.452851E-9	1.184333E-10	1.054251E-10	1.070806E-10	1.053716E-10	1.051071E-10	1.057907E-10	1.090254E-10	1.032998E-10	1.049701E-10	1.028806E-10	1.039455E-10	1.041330E-10	1.057198E-10	1.030525E-10	1.983938E-10	1.029066E-10	1.011081E-10	1.005148E-10	1.005326E-10	9.973972E-11	1.010226E-10	1.031812E-10	1.018554E-10	1.143068E-10	1.073172E-10	1.051984E-10	1.038054E-10	1.038367E-10	1.039397E-10	1.060716E-10	1.072535E-10	1.076315E-10
0:21:09	1	-2.000055E+1	1.520700E+1	1.587700E+1	1.910139E+0	2.134701E+0	1.400000E+2	5.394000E-9	3.853655E-9	1.291535E-10	1.163963E-10	1.166255E-10	1.163205E-10	1.163840E-10	1.179854E-10	1.189425E-10	1.259381E-10	1.149859E-10	1.129925E-10	1.115323E-10	1.072902E-10	1.153475E-10	1.158630E-10	2.349434E-10	1.148049E-10	1.123852E-10	1.115289E-10	1.111787E-10	1.117759E-10	1.178702E-10	1.155907E-10	1.158193E-10	1.386032E-10	1.182258E-10	1.160630E-10	1.151708E-10	1.151063E-10	1.136642E-10	1.167169E-10	1.192957E-10	1.191547E-10
0:21:23	1	-2.000176E+1	1.523800E+1	1.587200E+1	1.905946E+0	2.131572E+0	1.600000E+2	6.055600E-9	4.566760E-9	1.485140E-10	1.353118E-10	1.350836E-10	1.353060E-10	1.357083E-10	1.359633E-10	1.392193E-10	1.294259E-10	1.332413E-10	1.340355E-10	1.329664E-10	1.180259E-10	1.343500E-10	1.324603E-10	3.870327E-10	1.338538E-10	1.336073E-10	1.302225E-10	1.290681E-10	1.304577E-10	1.376205E-10	1.337321E-10	1.306050E-10	1.567945E-10	1.361331E-10	1.344023E-10	1.344289E-10	1.344172E-10	1.319767E-10	1.347764E-10	1.395543E-10	1.384649E-10
0:21:36	1	-1.999956E+1	1.521700E+1	1.588300E+1	1.905693E+0	2.132624E+0	1.800000E+2	7.172600E-9	5.450692E-9	1.773344E-10	1.636228E-10	1.638451E-10	1.639755E-10	1.636481E-10	1.661985E-10	1.685914E-10	1.586592E-10	1.625261E-10	1.614624E-10	1.611659E-10	1.591354E-10	1.638051E-10	1.626880E-10	3.865897E-10	1.628398E-10	1.617991E-10	1.577264E-10	1.565317E-10	1.547805E-10	1.643746E-10	1.615115E-10	1.597336E-10	1.776289E-10	1.644433E-10	1.626018E-10	1.620851E-10	1.615792E-10	1.620344E-10	1.625930E-10	1.674657E-10	1.677161E-10
0:21:50	1	-2.000184E+1	1.521800E+1	1.588200E+1	1.904831E+0	2.131281E+0	2.000000E+2	8.307300E-9	6.707297E-9	2.163701E-10	2.024630E-10	2.047430E-10	2.043522E-10	2.043851E-10	2.066793E-10	2.099029E-10	2.053313E-10	2.013834E-10	1.998851E-10	1.986601E-10	2.041607E-10	2.036479E-10	2.010570E-10	4.187044E-10	2.002432E-10	1.992398E-10	1.951753E-10	1.940735E-10	1.943382E-10	1.983855E-10	2.011963E-10	1.967604E-10	2.206830E-10	2.048605E-10	2.012891E-10	2.006023E-10	2.010875E-10	2.007429E-10	2.023222E-10	2.081086E-10	2.064635E-10
0:22:04	1	-1.999926E+1	1.521300E+1	1.587500E+1	1.912609E+0	2.138172E+0	2.200000E+2	9.771000E-9	8.676068E-9	2.695328E-10	2.577611E-10	2.585358E-10	2.568157E-10	2.596956E-10	2.635663E-10	2.651101E-10	2.816162E-10	2.548186E-10	2.538528E-10	2.510745E-10	2.531647E-10	2.577423E-10	2.562743E-10	6.886774E-10	2.548611E-10	2.497298E-10	2.462822E-10	2.460413E-10	2.483141E-10	2.619267E-10	2.542363E-10	2.493309E-10	2.761372E-10	2.582678E-10	2.549874E-10	2.543356E-10	2.549049E-10	2.539130E-10	2.537740E-10	2.646206E-10	2.661673E-10
0:22:18	1	-2.000184E+1	1.521300E+1	1.587600E+1	1.908125E+0	2.134397E+0	2.400000E+2	1.239600E-8	1.111794E-8	3.460283E-10	3.317855E-10	3.348960E-10	3.340883E-10	3.367989E-10	3.425166E-10	3.431849E-10	3.511167E-10	3.315816E-10	3.297495E-10	3.268843E-10	3.177025E-10	3.317900E-10	3.330122E-10	7.840104E-10	3.328951E-10	3.253713E-10	3.202370E-10	3.186698E-10	3.220377E-10	3.385301E-10	3.291339E-10	3.254691E-10	3.570832E-10	3.343732E-10	3.303533E-10	3.277695E-10	3.301232E-10	3.302573E-10	3.327262E-10	3.430220E-10	3.447386E-10
0:22:31	1	-2.000024E+1	1.520600E+1	1.587100E+1	1.914953E+0	2.139312E+0	2.600000E+2	1.584800E-8	1.453590E-8	4.553802E-10	4.409304E-10	4.428618E-10	4.431945E-10	4.465317E-10	4.523937E-10	4.568213E-10	4.631039E-10	4.368689E-10	4.354743E-10	4.356348E-10	4.441901E-10	4.428937E-10	4.413029E-10	8.631275E-10	4.433958E-10	4.277465E-10	4.221985E-10	4.231074E-10	4.253501E-10	4.333688E-10	4.374175E-10	4.306103E-10	4.577945E-10	4.426987E-10	4.349231E-10	4.347318E-10	4.373153E-10	4.348281E-10	4.389879E-10	4.535994E-10	4.571187E-10
0:22:45	1	-2.000290E+1	1.522100E+1	1.589800E+1	1.913990E+0	2.139502E+0	2.800000E+2	2.074400E-8	1.954702E-8	6.083722E-10	5.944011E-10	5.993114E-10	5.979295E-10	6.040968E-10	6.125579E-10	6.195383E-10	6.218903E-10	5.893792E-10	5.885326E-10	5.888346E-10	5.960630E-10	6.009980E-10	6.006456E-10	1.080018E-9	5.971228E-10	5.740881E-10	5.705472E-10	5.718290E-10	5.746766E-10	5.870808E-10	5.911177E-10	5.849735E-10	6.303885E-10	5.940903E-10	5.856550E-10	5.838106E-10	5.877508E-10	5.878318E-10	5.944837E-10	6.132875E-10	6.157174E-10
0:22:59	1	-2.000002E+1	1.524300E+1	1.590000E+1	1.913382E+0	2.137450E+0	3.000000E+2	2.839900E-8	2.701394E-8	8.314275E-10	8.160324E-10	8.236492E-10	8.232293E-10	8.322410E-10	8.468943E-10	8.533188E-10	8.832147E-10	8.092082E-10	8.079443E-10	8.074106E-10	8.180953E-10	8.289691E-10	8.285232E-10	1.625601E-9	8.243268E-10	7.846040E-10	7.796955E-10	7.844214E-10	7.902044E-10	8.067934E-10	8.103938E-10	8.025214E-10	8.624014E-10	8.145259E-10	8.028334E-10	8.017761E-10	8.051735E-10	8.053719E-10	8.146113E-10	8.415922E-10	8.469355E-10
0:23:13	1	-2.000055E+1	1.521000E+1	1.588500E+1	1.914066E+0	2.137868E+0	3.200000E+2	3.930000E-8	3.776371E-8	1.162888E-9	1.147124E-9	1.158482E-9	1.159027E-9	1.175566E-9	1.193622E-9	1.206546E-9	1.226152E-9	1.138571E-9	1.141928E-9	1.139100E-9	1.128472E-9	1.168171E-9	1.169613E-9	2.013521E-9	1.166968E-9	1.107505E-9	1.100750E-9	1.106178E-9	1.113495E-9	1.140907E-9	1.146267E-9	1.135636E-9	1.201861E-9	1.148079E-9	1.129670E-9	1.129798E-9	1.138589E-9	1.136324E-9	1.148415E-9	1.188190E-9	1.196296E-9
0:23:26	1	-2.000017E+1	1.519800E+1	1.586300E+1	1.908176E+0	2.133409E+0	3.400000E+2	5.609600E-8	5.472154E-8	1.687890E-9	1.672797E-9	1.691168E-9	1.691962E-9	1.717891E-9	1.745459E-9	1.768161E-9	1.787483E-9	1.662281E-9	1.667203E-9	1.665718E-9	1.670100E-9	1.710513E-9	1.713526E-9	2.490505E-9	1.706562E-9	1.618749E-9	1.609994E-9	1.615961E-9	1.629307E-9	1.658957E-9	1.675905E-9	1.659952E-9	1.736573E-9	1.673504E-9	1.651766E-9	1.651540E-9	1.663659E-9	1.661704E-9	1.678014E-9	1.734114E-9	1.752625E-9
0:23:40	1	-2.000009E+1	1.521500E+1	1.586800E+1	1.905199E+0	2.131002E+0	3.600000E+2	8.491400E-8	8.352426E-8	2.573932E-9	2.560271E-9	2.592254E-9	2.592971E-9	2.635221E-9	2.683312E-9	2.718001E-9	2.769370E-9	2.542296E-9	2.550288E-9	2.547486E-9	2.571681E-9	2.630065E-9	2.630588E-9	3.445227E-9	2.624746E-9	2.471711E-9	2.458045E-9	2.476226E-9	2.494803E-9	2.545132E-9	2.574174E-9	2.552388E-9	2.650654E-9	2.558021E-9	2.522431E-9	2.527320E-9	2.549498E-9	2.544369E-9	2.574368E-9	2.663581E-9	2.693836E-9
0:23:54	1	-2.000085E+1	1.521500E+1	1.587700E+1	1.912457E+0	2.136766E+0	3.620000E+2	8.874000E-8	8.772488E-8	2.697915E-9	2.682657E-9	2.716718E-9	2.718405E-9	2.767380E-9	2.815692E-9	2.849197E-9	2.914522E-9	2.665712E-9	2.676045E-9	2.671854E-9	2.702083E-9	2.754850E-9	2.762986E-9	3.759668E-9	2.754107E-9	2.589290E-9	2.576748E-9	2.598553E-9	2.617048E-9	2.670195E-9	2.698205E-9	2.675663E-9	2.757911E-9	2.680219E-9	2.646282E-9	2.647164E-9	2.669606E-9	2.671231E-9	2.697548E-9	2.796174E-9	2.823247E-9
0:24:07	1	-2.000359E+1	1.519900E+1	1.584500E+1	1.912964E+0	2.137070E+0	3.640000E+2	9.227000E-8	9.167412E-8	2.823348E-9	2.811915E-9	2.851360E-9	2.851623E-9	2.903596E-9	2.951655E-9	2.988290E-9	3.060119E-9	2.795467E-9	2.805404E-9	2.800521E-9	2.841326E-9	2.891164E-9	2.896077E-9	3.611759E-9	2.887138E-9	2.715802E-9	2.702061E-9	2.725730E-9	2.746502E-9	2.798730E-9	2.825954E-9	2.803109E-9	2.892549E-9	2.809857E-9	2.773775E-9	2.777867E-9	2.801111E-9	2.801502E-9	2.833655E-9	2.930397E-9	2.964751E-9
0:24:21	1	-1.999606E+1	1.519600E+1	1.587800E+1	1.910456E+0	2.136348E+0	3.660000E+2	9.709000E-8	9.675095E-8	2.967888E-9	2.954290E-9	2.995103E-9	2.996169E-9	3.052038E-9	3.104716E-9	3.143870E-9	3.224168E-9	2.933715E-9	2.949804E-9	2.943225E-9	2.965541E-9	3.042238E-9	3.046901E-9	4.229239E-9	3.036878E-9	2.852451E-9	2.838704E-9	2.860530E-9	2.884858E-9	2.957930E-9	2.971024E-9	2.945592E-9	3.032159E-9	2.951350E-9	2.912888E-9	2.916653E-9	2.941290E-9	2.937141E-9	2.971155E-9	3.079422E-9	3.112017E-9
0:24:34	1	-2.000062E+1	1.521100E+1	1.588300E+1	1.910912E+0	2.136690E+0	3.680000E+2	1.018800E-7	1.010584E-7	3.115331E-9	3.100446E-9	3.142765E-9	3.146727E-9	3.202381E-9	3.261171E-9	3.299955E-9	3.380670E-9	3.082107E-9	3.092498E-9	3.088837E-9	3.108068E-9	3.192043E-9	3.194948E-9	3.945773E-9	3.189845E-9	2.992773E-9	2.980695E-9	3.004905E-9	3.027352E-9	3.106846E-9	3.115339E-9	3.094205E-9	3.181967E-9	3.095868E-9	3.058282E-9	3.059165E-9	3.088180E-9	3.086609E-9	3.120505E-9	3.232525E-9	3.269603E-9
0:24:48	1	-2.000184E+1	1.521700E+1	1.587200E+1	1.911190E+0	2.137539E+0	3.700000E+2	1.075700E-7	1.064941E-7	3.275134E-9	3.263564E-9	3.311478E-9	3.309943E-9	3.376356E-9	3.436169E-9	3.476190E-9	3.553026E-9	3.245711E-9	3.257942E-9	3.253290E-9	3.282170E-9	3.361232E-9	3.372530E-9	4.205233E-9	3.363444E-9	3.153875E-9	3.137792E-9	3.161752E-9	3.189782E-9	3.263712E-9	3.286615E-9	3.260510E-9	3.361799E-9	3.256592E-9	3.220694E-9	3.222386E-9	3.253052E-9	3.249276E-9	3.286836E-9	3.403126E-9	3.442890E-9
0:25:01	1	-1.999933E+1	1.524100E+1	1.590100E+1	1.905085E+0	2.131066E+0	3.720000E+2	1.127400E-7	1.123725E-7	3.450449E-9	3.433115E-9	3.483856E-9	3.487018E-9	3.551281E-9	3.616448E-9	3.662784E-9	3.743201E-9	3.411153E-9	3.430147E-9	3.422297E-9	3.459681E-9	3.539923E-9	3.547397E-9	4.678857E-9	3.538246E-9	3.317132E-9	3.305778E-9	3.331071E-9	3.357476E-9	3.427771E-9	3.469039E-9	3.439767E-9	3.546352E-9	3.429547E-9	3.383359E-9	3.390344E-9	3.426407E-9	3.419582E-9	3.462609E-9	3.584704E-9	3.625737E-9
0:25:15	1	-1.999941E+1	1.523400E+1	1.588600E+1	1.905503E+0	2.131268E+0	3.740000E+2	1.192500E-7	1.184454E-7	3.638567E-9	3.625111E-9	3.676400E-9	3.682636E-9	3.751486E-9	3.818665E-9	3.865170E-9	3.960898E-9	3.605944E-9	3.620300E-9	3.611283E-9	3.651780E-9	3.738567E-9	3.746750E-9	4.742391E-9	3.739058E-9	3.499900E-9	3.488177E-9	3.517711E-9	3.545608E-9	3.623191E-9	3.660850E-9	3.629956E-9	3.728766E-9	3.625329E-9	3.574412E-9	3.579832E-9	3.616669E-9	3.609906E-9	3.656187E-9	3.785474E-9	3.828465E-9
0:25:28	1	-2.000055E+1	1.521900E+1	1.586600E+1	1.910392E+0	2.134929E+0	3.760000E+2	1.249600E-7	1.251525E-7	3.835577E-9	3.822908E-9	3.879183E-9	3.886102E-9	3.962967E-9	4.031818E-9	4.084169E-9	4.185127E-9	3.799150E-9	3.819742E-9	3.808677E-9	3.836302E-9	3.943291E-9	3.956578E-9	5.232611E-9	3.947275E-9	3.686342E-9	3.676492E-9	3.709140E-9	3.741075E-9	3.830473E-9	3.847938E-9	3.827791E-9	3.938811E-9	3.812913E-9	3.766280E-9	3.770900E-9	3.808703E-9	3.812354E-9	3.855848E-9	3.994837E-9	4.041132E-9
0:25:42	1	-1.999576E+1	1.521800E+1	1.588000E+1	1.909037E+0	2.134245E+0	3.780000E+2	1.326300E-7	1.322076E-7	4.057434E-9	4.047377E-9	4.106493E-9	4.115641E-9	4.197638E-9	4.272883E-9	4.325657E-9	4.424258E-9	4.021577E-9	4.046043E-9	4.036864E-9	4.068437E-9	4.180637E-9	4.187613E-9	5.230331E-9	4.187264E-9	3.904777E-9	3.891053E-9	3.926142E-9	3.960489E-9	4.053658E-9	4.083213E-9	4.050457E-9	4.148416E-9	4.036689E-9	3.989677E-9	3.994612E-9	4.033723E-9	4.033746E-9	4.083009E-9	4.230545E-9	4.281217E-9
0:25:55	1	-2.000108E+1	1.523200E+1	1.587800E+1	1.908670E+0	2.134106E+0	3.800000E+2	1.403800E-7	1.400782E-7	4.302311E-9	4.286476E-9	4.358900E-9	4.361701E-9	4.452899E-9	4.534501E-9	4.592662E-9	4.689007E-9	4.261312E-9	4.281129E-9	4.285792E-9	4.326971E-9	4.434581E-9	4.447231E-9	5.366269E-9	4.443266E-9	4.138099E-9	4.129720E-9	4.166452E-9	4.198211E-9	4.289021E-9	4.337766E-9	4.304213E-9	4.428835E-9	4.282727E-9	4.227018E-9	4.236068E-9	4.278881E-9	4.277873E-9	4.332539E-9	4.484128E-9	4.541622E-9
0:26:09	1	-2.000260E+1	1.522100E+1	1.589500E+1	1.914547E+0	2.139958E+0	3.820000E+2	1.489500E-7	1.488307E-7	4.554438E-9	4.546380E-9	4.621797E-9	4.626174E-9	4.716332E-9	4.805233E-9	4.870217E-9	4.997130E-9	4.517525E-9	4.547495E-9	4.537056E-9	4.604890E-9	4.707652E-9	4.720483E-9	5.959930E-9	4.715911E-9	4.390745E-9	4.377074E-9	4.413881E-9	4.452919E-9	4.553852E-9	4.602018E-9	4.565360E-9	4.692005E-9	4.534437E-9	4.477797E-9	4.487942E-9	4.536571E-9	4.534943E-9	4.592523E-9	4.755835E-9	4.814121E-9
0:26:22	1	-2.000131E+1	1.522100E+1	1.589400E+1	1.915105E+0	2.139565E+0	3.840000E+2	1.586600E-7	1.581147E-7	4.842890E-9	4.834344E-9	4.913456E-9	4.924444E-9	5.026902E-9	5.123235E-9	5.189335E-9	5.339244E-9	4.802643E-9	4.836674E-9	4.830999E-9	4.893291E-9	5.013029E-9	5.026106E-9	6.043101E-9	5.023427E-9	4.662838E-9	4.656274E-9	4.699417E-9	4.740727E-9	4.848212E-9	4.907215E-9	4.866123E-9	4.984382E-9	4.822150E-9	4.765946E-9	4.774732E-9	4.830035E-9	4.825038E-9	4.881085E-9	5.061162E-9	5.126253E-9
0:26:36	1	-2.000093E+1	1.522000E+1	1.585900E+1	1.904932E+0	2.131712E+0	3.860000E+2	1.687800E-7	1.680676E-7	5.150576E-9	5.144628E-9	5.234637E-9	5.238535E-9	5.354579E-9	5.454941E-9	5.527719E-9	5.674381E-9	5.106968E-9	5.144684E-9	5.136702E-9	5.190912E-9	5.331518E-9	5.351988E-9	6.286533E-9	5.348729E-9	4.957992E-9	4.950705E-9	4.999694E-9	5.042391E-9	5.170967E-9	5.210081E-9	5.174532E-9	5.307666E-9	5.122915E-9	5.066466E-9	5.078066E-9	5.132870E-9	5.136730E-9	5.197019E-9	5.383863E-9	5.457569E-9
0:26:49	1	-2.000701E+1	1.522600E+1	1.587600E+1	1.905351E+0	2.132573E+0	3.880000E+2	1.809700E-7	1.798805E-7	5.499381E-9	5.498167E-9	5.587296E-9	5.603824E-9	5.723245E-9	5.837624E-9	5.913099E-9	6.059678E-9	5.460736E-9	5.501546E-9	5.494378E-9	5.560587E-9	5.708409E-9	5.726020E-9	6.911108E-9	5.720546E-9	5.306170E-9	5.290455E-9	5.341544E-9	5.392890E-9	5.523948E-9	5.577767E-9	5.532354E-9	5.683003E-9	5.471350E-9	5.413966E-9	5.425537E-9	5.483571E-9	5.486564E-9	5.553952E-9	5.755799E-9	5.835991E-9
0:27:03	1	-2.000055E+1	1.522500E+1	1.586300E+1	1.907124E+0	2.132864E+0	3.900000E+2	1.936800E-7	1.929261E-7	5.880220E-9	5.877369E-9	5.976870E-9	5.995061E-9	6.123210E-9	6.250796E-9	6.334865E-9	6.496975E-9	5.835992E-9	5.877112E-9	5.870896E-9	5.955078E-9	6.120517E-9	6.126240E-9	7.839227E-9	6.131792E-9	5.673101E-9	5.654875E-9	5.709283E-9	5.769656E-9	5.898888E-9	5.983372E-9	5.929098E-9	6.101709E-9	5.849545E-9	5.782128E-9	5.803126E-9	5.873147E-9	5.871695E-9	5.935151E-9	6.163111E-9	6.236001E-9
0:27:16	1	-2.000009E+1	1.519600E+1	1.586900E+1	1.907162E+0	2.132459E+0	3.920000E+2	2.070600E-7	2.065975E-7	6.308926E-9	6.311364E-9	6.426308E-9	6.443130E-9	6.590144E-9	6.720539E-9	6.816005E-9	7.001044E-9	6.266586E-9	6.314232E-9	6.313236E-9	6.392640E-9	6.566581E-9	6.590640E-9	7.846385E-9	6.595062E-9	6.071009E-9	6.071849E-9	6.139825E-9	6.196949E-9	6.343490E-9	6.409264E-9	6.361416E-9	6.496373E-9	6.275285E-9	6.207506E-9	6.220304E-9	6.288684E-9	6.299831E-9	6.380921E-9	6.619974E-9	6.711989E-9
0:27:30	1	-2.000161E+1	1.522700E+1	1.587600E+1	1.906719E+0	2.132028E+0	3.940000E+2	2.220100E-7	2.218996E-7	6.778433E-9	6.783569E-9	6.908866E-9	6.931447E-9	7.093126E-9	7.245094E-9	7.342057E-9	7.547093E-9	6.728051E-9	6.789267E-9	6.784909E-9	6.862847E-9	7.061796E-9	7.094482E-9	8.146065E-9	7.108138E-9	6.519917E-9	6.522940E-9	6.590146E-9	6.657783E-9	6.830999E-9	6.894240E-9	6.844850E-9	7.004397E-9	6.726686E-9	6.665794E-9	6.689703E-9	6.772219E-9	6.774694E-9	6.861984E-9	7.116035E-9	7.221974E-9
0:27:43	1	-2.000055E+1	1.520500E+1	1.587300E+1	1.913281E+0	2.137412E+0	3.960000E+2	2.407500E-7	2.398496E-7	7.317183E-9	7.327779E-9	7.471135E-9	7.499063E-9	7.677392E-9	7.839863E-9	7.945678E-9	8.190226E-9	7.272488E-9	7.339945E-9	7.342067E-9	7.448112E-9	7.655953E-9	7.687934E-9	8.566167E-9	7.708425E-9	7.047062E-9	7.043575E-9	7.128841E-9	7.201115E-9	7.381292E-9	7.476602E-9	7.422051E-9	7.592864E-9	7.270207E-9	7.204471E-9	7.225526E-9	7.312990E-9	7.326911E-9	7.417625E-9	7.693634E-9	7.815467E-9
0:27:57	1	-2.000085E+1	1.522300E+1	1.588500E+1	1.913382E+0	2.137526E+0	3.980000E+2	2.603600E-7	2.598304E-7	7.917798E-9	7.931449E-9	8.090105E-9	8.123890E-9	8.318425E-9	8.510819E-9	8.629396E-9	8.883079E-9	7.870425E-9	7.949710E-9	7.960239E-9	8.089769E-9	8.298757E-9	8.337550E-9	9.371208E-9	8.358013E-9	7.616969E-9	7.628473E-9	7.718371E-9	7.798486E-9	7.993738E-9	8.076349E-9	8.031224E-9	8.212300E-9	7.854083E-9	7.782589E-9	7.811040E-9	7.914038E-9	7.924279E-9	8.030992E-9	8.333832E-9	8.462971E-9
0:28:10	1	-2.000116E+1	1.522600E+1	1.587800E+1	1.909772E+0	2.136031E+0	4.000000E+2	2.843400E-7	2.834167E-7	8.628777E-9	8.651771E-9	8.828675E-9	8.871178E-9	9.086490E-9	9.293220E-9	9.427508E-9	9.725518E-9	8.558820E-9	8.668112E-9	8.673507E-9	8.823121E-9	9.062803E-9	9.109469E-9	1.011867E-8	9.142091E-9	8.296664E-9	8.306207E-9	8.410325E-9	8.510769E-9	8.725889E-9	8.835659E-9	8.777639E-9	8.976889E-9	8.553287E-9	8.478469E-9	8.513371E-9	8.630195E-9	8.643901E-9	8.756833E-9	9.087552E-9	9.243365E-9
0:28:24	1	-2.000047E+1	1.521300E+1	1.587200E+1	1.910114E+0	2.135955E+0	4.020000E+2	3.100600E-7	3.096490E-7	9.404267E-9	9.447122E-9	9.644549E-9	9.693142E-9	9.943376E-9	1.018141E-8	1.032264E-8	1.066619E-8	9.352308E-9	9.467840E-9	9.474088E-9	9.627070E-9	9.933135E-9	9.974152E-9	1.101043E-8	1.001376E-8	9.050546E-9	9.061422E-9	9.185802E-9	9.293639E-9	9.547952E-9	9.649391E-9	9.592545E-9	9.818959E-9	9.322224E-9	9.242615E-9	9.285218E-9	9.411941E-9	9.437085E-9	9.561940E-9	9.932782E-9	1.009948E-8
0:28:37	1	-2.000070E+1	1.521700E+1	1.585200E+1	1.910342E+0	2.136475E+0	4.040000E+2	3.416300E-7	3.415028E-7	1.034826E-8	1.040477E-8	1.063432E-8	1.069959E-8	1.098748E-8	1.125485E-8	1.142358E-8	1.181022E-8	1.029045E-8	1.043074E-8	1.044216E-8	1.063240E-8	1.095828E-8	1.101781E-8	1.212370E-8	1.107637E-8	9.952222E-9	9.977697E-9	1.012663E-8	1.025185E-8	1.054184E-8	1.065954E-8	1.059745E-8	1.081896E-8	1.024835E-8	1.016239E-8	1.021991E-8	1.037040E-8	1.040695E-8	1.054751E-8	1.094736E-8	1.113876E-8
0:28:51	1	-2.000465E+1	1.520100E+1	1.583500E+1	1.905135E+0	2.131116E+0	4.060000E+2	3.795200E-7	3.789631E-7	1.146796E-8	1.153828E-8	1.181581E-8	1.188152E-8	1.221297E-8	1.253686E-8	1.271325E-8	1.315394E-8	1.139993E-8	1.157450E-8	1.160744E-8	1.181518E-8	1.219461E-8	1.225236E-8	1.334473E-8	1.236156E-8	1.101786E-8	1.106039E-8	1.122714E-8	1.136629E-8	1.169158E-8	1.183736E-8	1.177467E-8	1.200766E-8	1.131674E-8	1.125049E-8	1.130684E-8	1.148411E-8	1.152169E-8	1.170055E-8	1.215280E-8	1.237609E-8
0:29:04	1	-2.000176E+1	1.520700E+1	1.585900E+1	1.905477E+0	2.131382E+0	4.080000E+2	4.241200E-7	4.230683E-7	1.274480E-8	1.283995E-8	1.316444E-8	1.327003E-8	1.366585E-8	1.401259E-8	1.423721E-8	1.475316E-8	1.267903E-8	1.288719E-8	1.293951E-8	1.320750E-8	1.363997E-8	1.372905E-8	1.513680E-8	1.383402E-8	1.224503E-8	1.232019E-8	1.251656E-8	1.268102E-8	1.304362E-8	1.322300E-8	1.316501E-8	1.346477E-8	1.256741E-8	1.249346E-8	1.257713E-8	1.277865E-8	1.284246E-8	1.303628E-8	1.356190E-8	1.381070E-8
0:29:18	1	-2.000100E+1	1.521200E+1	1.590400E+1	1.910912E+0	2.135322E+0	4.100000E+2	4.781400E-7	4.780691E-7	1.435595E-8	1.448563E-8	1.488779E-8	1.502066E-8	1.549278E-8	1.590508E-8	1.618894E-8	1.683209E-8	1.428573E-8	1.455085E-8	1.461560E-8	1.496323E-8	1.544721E-8	1.557945E-8	1.676519E-8	1.573026E-8	1.376736E-8	1.386649E-8	1.413038E-8	1.432036E-8	1.475710E-8	1.499756E-8	1.489889E-8	1.524629E-8	1.413328E-8	1.406176E-8	1.418801E-8	1.443009E-8	1.448655E-8	1.472760E-8	1.531276E-8	1.563822E-8
0:29:31	1	-2.000207E+1	1.522300E+1	1.590100E+1	1.910038E+0	2.134397E+0	4.104209E+2	4.883700E-7	4.886176E-7	1.466344E-8	1.481509E-8	1.522635E-8	1.535057E-8	1.585258E-8	1.628142E-8	1.656125E-8	1.723660E-8	1.459214E-8	1.486531E-8	1.494780E-8	1.528946E-8	1.582106E-8	1.592692E-8	1.713626E-8	1.609847E-8	1.407240E-8	1.416426E-8	1.443501E-8	1.465105E-8	1.509058E-8	1.530011E-8	1.522676E-8	1.554653E-8	1.441790E-8	1.436473E-8	1.448881E-8	1.472514E-8	1.479464E-8	1.505513E-8	1.564951E-8	1.597030E-8
0:29:45	1	-2.000176E+1	1.523100E+1	1.590500E+1	1.913205E+0	2.138527E+0	4.108418E+2	5.016600E-7	5.018550E-7	1.504567E-8	1.521453E-8	1.563097E-8	1.578909E-8	1.629962E-8	1.675921E-8	1.703980E-8	1.771042E-8	1.497830E-8	1.527588E-8	1.535435E-8	1.571755E-8	1.627105E-8	1.638318E-8	1.737102E-8	1.657104E-8	1.443952E-8	1.455077E-8	1.482164E-8	1.504625E-8	1.551726E-8	1.572266E-8	1.566388E-8	1.600974E-8	1.479503E-8	1.473459E-8	1.486533E-8	1.511402E-8	1.519102E-8	1.545990E-8	1.608781E-8	1.642394E-8
0:29:58	1	-2.000047E+1	1.521800E+1	1.586900E+1	1.914129E+0	2.139604E+0	4.112627E+2	5.185500E-7	5.191843E-7	1.554305E-8	1.570899E-8	1.616625E-8	1.631671E-8	1.685030E-8	1.733361E-8	1.763148E-8	1.837943E-8	1.546791E-8	1.578644E-8	1.587180E-8	1.627572E-8	1.682169E-8	1.695442E-8	1.827469E-8	1.716057E-8	1.489596E-8	1.503723E-8	1.530812E-8	1.553911E-8	1.602907E-8	1.627907E-8	1.620823E-8	1.658140E-8	1.527247E-8	1.521291E-8	1.535544E-8	1.562579E-8	1.571318E-8	1.598361E-8	1.661354E-8	1.698616E-8
0:30:12	1	-2.000481E+1	1.522800E+1	1.585600E+1	1.914788E+0	2.139705E+0	4.116835E+2	5.344100E-7	5.349902E-7	1.599824E-8	1.614488E-8	1.664204E-8	1.680300E-8	1.733795E-8	1.785226E-8	1.816379E-8	1.896422E-8	1.592107E-8	1.623809E-8	1.632558E-8	1.674176E-8	1.735789E-8	1.745624E-8	1.939265E-8	1.768542E-8	1.534893E-8	1.546793E-8	1.574301E-8	1.600459E-8	1.647241E-8	1.680663E-8	1.670474E-8	1.710548E-8	1.569582E-8	1.562485E-8	1.578992E-8	1.606874E-8	1.615350E-8	1.643027E-8	1.709229E-8	1.745600E-8
0:30:25	1	-2.000131E+1	1.522800E+1	1.587700E+1	1.905148E+0	2.131217E+0	4.121044E+2	5.508700E-7	5.498514E-7	1.642241E-8	1.661336E-8	1.710292E-8	1.728879E-8	1.789264E-8	1.839485E-8	1.871548E-8	1.954496E-8	1.635337E-8	1.670137E-8	1.680276E-8	1.723344E-8	1.783784E-8	1.799227E-8	1.935135E-8	1.823609E-8	1.574386E-8	1.588459E-8	1.621260E-8	1.645226E-8	1.698352E-8	1.725954E-8	1.719790E-8	1.756799E-8	1.612452E-8	1.606882E-8	1.622326E-8	1.653132E-8	1.661712E-8	1.691304E-8	1.760115E-8	1.798599E-8
0:30:39	1	-2.000017E+1	1.520700E+1	1.587100E+1	1.904755E+0	2.131306E+0	4.125253E+2	5.647900E-7	5.644757E-7	1.684279E-8	1.703979E-8	1.756102E-8	1.772837E-8	1.835596E-8	1.887780E-8	1.921962E-8	2.007103E-8	1.675899E-8	1.712497E-8	1.723093E-8	1.766721E-8	1.831564E-8	1.846171E-8	2.037043E-8	1.873277E-8	1.612986E-8	1.627796E-8	1.662173E-8	1.687109E-8	1.743051E-8	1.769954E-8	1.762731E-8	1.806154E-8	1.649874E-8	1.646154E-8	1.663167E-8	1.694800E-8	1.702423E-8	1.732871E-8	1.804402E-8	1.846021E-8
0:30:52	1	-2.000146E+1	1.524500E+1	1.588400E+1	1.907377E+0	2.132902E+0	4.129462E+2	5.853000E-7	5.850858E-7	1.740796E-8	1.764598E-8	1.820110E-8	1.839402E-8	1.903405E-8	1.959872E-8	1.997446E-8	2.084340E-8	1.735997E-8	1.773720E-8	1.786390E-8	1.832421E-8	1.900411E-8	1.918415E-8	2.093160E-8	1.944052E-8	1.672606E-8	1.689238E-8	1.720490E-8	1.748877E-8	1.803949E-8	1.840424E-8	1.832741E-8	1.874311E-8	1.707524E-8	1.704675E-8	1.721655E-8	1.755202E-8	1.763795E-8	1.796558E-8	1.868673E-8	1.913329E-8
0:31:06	1	-2.000055E+1	1.522300E+1	1.587700E+1	1.907859E+0	2.133156E+0	4.133671E+2	6.030400E-7	6.030231E-7	1.794785E-8	1.818660E-8	1.877361E-8	1.897790E-8	1.966451E-8	2.024931E-8	2.064428E-8	2.159041E-8	1.788812E-8	1.828314E-8	1.841271E-8	1.895185E-8	1.961987E-8	1.979080E-8	2.126637E-8	2.009132E-8	1.719745E-8	1.736197E-8	1.774372E-8	1.802771E-8	1.862613E-8	1.893010E-8	1.887233E-8	1.929853E-8	1.756554E-8	1.755434E-8	1.771493E-8	1.807000E-8	1.819188E-8	1.851242E-8	1.927148E-8	1.974590E-8
0:31:19	1	-1.999903E+1	1.522800E+1	1.588700E+1	1.915117E+0	2.138983E+0	4.137880E+2	6.223200E-7	6.224475E-7	1.849732E-8	1.877949E-8	1.937640E-8	1.961475E-8	2.032005E-8	2.094692E-8	2.133419E-8	2.233653E-8	1.844397E-8	1.887357E-8	1.900496E-8	1.955385E-8	2.026623E-8	2.047405E-8	2.184610E-8	2.078875E-8	1.774278E-8	1.792119E-8	1.830119E-8	1.862251E-8	1.923227E-8	1.953734E-8	1.949376E-8	1.995227E-8	1.810207E-8	1.806532E-8	1.827203E-8	1.862097E-8	1.874428E-8	1.910450E-8	1.989073E-8	2.038720E-8
0:31:33	1	-2.000047E+1	1.524700E+1	1.590000E+1	1.914383E+0	2.138223E+0	4.142088E+2	6.431900E-7	6.434234E-7	1.910702E-8	1.936027E-8	2.002881E-8	2.025420E-8	2.102438E-8	2.168714E-8	2.208076E-8	2.315329E-8	1.902594E-8	1.950779E-8	1.963660E-8	2.021452E-8	2.100493E-8	2.119460E-8	2.254124E-8	2.155751E-8	1.829862E-8	1.850011E-8	1.889683E-8	1.922678E-8	1.988472E-8	2.024525E-8	2.017092E-8	2.063534E-8	1.866665E-8	1.865142E-8	1.884984E-8	1.925196E-8	1.937392E-8	1.974581E-8	2.057595E-8	2.107022E-8
0:31:46	1	-2.000154E+1	1.523400E+1	1.585300E+1	1.913281E+0	2.137691E+0	4.146297E+2	6.610500E-7	6.613413E-7	1.962092E-8	1.990203E-8	2.057344E-8	2.083068E-8	2.162765E-8	2.232717E-8	2.275184E-8	2.385413E-8	1.954343E-8	2.004027E-8	2.019863E-8	2.080692E-8	2.157793E-8	2.178767E-8	2.313414E-8	2.217862E-8	1.876793E-8	1.898160E-8	1.942248E-8	1.977532E-8	2.041893E-8	2.080361E-8	2.072879E-8	2.122482E-8	1.915758E-8	1.916635E-8	1.938163E-8	1.976779E-8	1.990732E-8	2.028023E-8	2.112909E-8	2.167232E-8
0:32:00	1	-2.000329E+1	1.522500E+1	1.586600E+1	1.908682E+0	2.135499E+0	4.150506E+2	6.891200E-7	6.889556E-7	2.037340E-8	2.070791E-8	2.143268E-8	2.169656E-8	2.254993E-8	2.327269E-8	2.373099E-8	2.491503E-8	2.031417E-8	2.083336E-8	2.101951E-8	2.168545E-8	2.252758E-8	2.274285E-8	2.449281E-8	2.316408E-8	1.948709E-8	1.973442E-8	2.019809E-8	2.057192E-8	2.126920E-8	2.166641E-8	2.161535E-8	2.213626E-8	1.989531E-8	1.988805E-8	2.012430E-8	2.055277E-8	2.070493E-8	2.108527E-8	2.201089E-8	2.255636E-8
0:32:13	1	-1.999964E+1	1.522200E+1	1.586300E+1	1.909404E+0	2.135816E+0	4.154715E+2	7.140100E-7	7.137132E-7	2.108892E-8	2.143939E-8	2.220311E-8	2.250904E-8	2.340174E-8	2.416233E-8	2.467837E-8	2.591410E-8	2.101397E-8	2.158216E-8	2.178316E-8	2.249496E-8	2.333634E-8	2.359119E-8	2.494509E-8	2.407328E-8	2.018162E-8	2.045262E-8	2.091977E-8	2.130997E-8	2.206091E-8	2.247215E-8	2.241983E-8	2.294446E-8	2.057295E-8	2.056910E-8	2.083269E-8	2.126759E-8	2.145530E-8	2.186060E-8	2.278638E-8	2.339013E-8
0:32:27	1	-2.000176E+1	1.521700E+1	1.586100E+1	1.906212E+0	2.131940E+0	4.158924E+2	7.416000E-7	7.413022E-7	2.183886E-8	2.223235E-8	2.303985E-8	2.338277E-8	2.432015E-8	2.512558E-8	2.566914E-8	2.700886E-8	2.177881E-8	2.239162E-8	2.261562E-8	2.333958E-8	2.428243E-8	2.455275E-8	2.636090E-8	2.505190E-8	2.090483E-8	2.117731E-8	2.167339E-8	2.213321E-8	2.289863E-8	2.333621E-8	2.329034E-8	2.386446E-8	2.127600E-8	2.129469E-8	2.157941E-8	2.206251E-8	2.222481E-8	2.267230E-8	2.363813E-8	2.428481E-8
0:32:40	1	-2.000002E+1	1.521900E+1	1.588200E+1	1.905503E+0	2.131205E+0	4.163133E+2	7.649900E-7	7.646375E-7	2.251238E-8	2.291181E-8	2.377766E-8	2.413822E-8	2.513357E-8	2.597895E-8	2.654273E-8	2.796741E-8	2.244616E-8	2.308936E-8	2.334020E-8	2.409459E-8	2.510126E-8	2.535881E-8	2.699004E-8	2.589490E-8	2.149881E-8	2.183018E-8	2.237058E-8	2.279898E-8	2.364396E-8	2.407725E-8	2.402652E-8	2.461167E-8	2.191139E-8	2.192613E-8	2.222151E-8	2.271275E-8	2.290054E-8	2.338724E-8	2.438081E-8	2.506115E-8
0:32:54	1	-2.000138E+1	1.521400E+1	1.586700E+1	1.905173E+0	2.131192E+0	4.167342E+2	7.946800E-7	7.946478E-7	2.334299E-8	2.379285E-8	2.470036E-8	2.506404E-8	2.614759E-8	2.707351E-8	2.765586E-8	2.916015E-8	2.328085E-8	2.397440E-8	2.424758E-8	2.509556E-8	2.609917E-8	2.642385E-8	2.794476E-8	2.702061E-8	2.232301E-8	2.264922E-8	2.322196E-8	2.371293E-8	2.457595E-8	2.502264E-8	2.499345E-8	2.560765E-8	2.270272E-8	2.272218E-8	2.304557E-8	2.355478E-8	2.378712E-8	2.430380E-8	2.532778E-8	2.607289E-8
0:33:07	1	-2.000017E+1	1.519900E+1	1.585200E+1	1.911114E+0	2.135968E+0	4.171550E+2	8.325000E-7	8.331823E-7	2.442182E-8	2.490309E-8	2.587990E-8	2.632793E-8	2.748655E-8	2.845464E-8	2.906315E-8	3.072949E-8	2.434076E-8	2.511412E-8	2.537498E-8	2.633714E-8	2.740201E-8	2.775300E-8	2.930584E-8	2.844099E-8	2.331510E-8	2.371126E-8	2.434848E-8	2.483132E-8	2.577340E-8	2.625143E-8	2.624371E-8	2.689599E-8	2.367790E-8	2.373365E-8	2.412707E-8	2.465101E-8	2.492382E-8	2.547224E-8	2.654608E-8	2.734441E-8
0:33:21	1	-2.000237E+1	1.521100E+1	1.584900E+1	1.911533E+0	2.135905E+0	4.175759E+2	8.685500E-7	8.692149E-7	2.542226E-8	2.595129E-8	2.698882E-8	2.746007E-8	2.869785E-8	2.973074E-8	3.044720E-8	3.225984E-8	2.534267E-8	2.615728E-8	2.646205E-8	2.748721E-8	2.863486E-8	2.899241E-8	3.061346E-8	2.974308E-8	2.425193E-8	2.465914E-8	2.533782E-8	2.586301E-8	2.687215E-8	2.742214E-8	2.742990E-8	2.809943E-8	2.460738E-8	2.473866E-8	2.509068E-8	2.573718E-8	2.596208E-8	2.652276E-8	2.767701E-8	2.855261E-8
0:33:34	1	-2.000100E+1	1.520900E+1	1.584300E+1	1.912711E+0	2.138273E+0	4.179968E+2	9.110000E-7	9.117681E-7	2.657632E-8	2.716865E-8	2.831950E-8	2.881554E-8	3.014312E-8	3.128895E-8	3.201993E-8	3.398024E-8	2.650958E-8	2.739160E-8	2.772836E-8	2.882224E-8	3.008276E-8	3.049725E-8	3.282430E-8	3.129882E-8	2.531845E-8	2.576316E-8	2.651026E-8	2.708515E-8	2.816684E-8	2.873364E-8	2.873481E-8	2.952626E-8	2.568673E-8	2.580044E-8	2.621562E-8	2.687159E-8	2.715638E-8	2.778182E-8	2.902934E-8	2.992042E-8
0:33:48	1	-2.000085E+1	1.519000E+1	1.585800E+1	1.913167E+0	2.138894E+0	4.184177E+2	9.465000E-7	9.470065E-7	2.750531E-8	2.814566E-8	2.937691E-8	2.992204E-8	3.134220E-8	3.257152E-8	3.336121E-8	3.545700E-8	2.746236E-8	2.843918E-8	2.882295E-8	2.995880E-8	3.133188E-8	3.175717E-8	3.399021E-8	3.269003E-8	2.626467E-8	2.670889E-8	2.751383E-8	2.812348E-8	2.927790E-8	2.989081E-8	2.991626E-8	3.069073E-8	2.656248E-8	2.670533E-8	2.714349E-8	2.782284E-8	2.820531E-8	2.885109E-8	3.009899E-8	3.109601E-8
0:34:01	1	-2.000268E+1	1.520100E+1	1.587200E+1	1.904793E+0	2.130774E+0	4.188386E+2	9.907000E-7	9.922230E-7	2.874236E-8	2.945522E-8	3.075398E-8	3.137851E-8	3.293040E-8	3.424337E-8	3.507707E-8	3.737417E-8	2.868448E-8	2.973625E-8	3.017766E-8	3.146390E-8	3.292059E-8	3.337585E-8	3.534768E-8	3.440070E-8	2.740765E-8	2.792753E-8	2.880407E-8	2.946084E-8	3.067020E-8	3.139134E-8	3.140403E-8	3.221072E-8	2.771378E-8	2.790082E-8	2.838789E-8	2.915726E-8	2.948536E-8	3.018111E-8	3.150464E-8	3.255354E-8
0:34:15	1	-1.999971E+1	1.521500E+1	1.588200E+1	1.905059E+0	2.131180E+0	4.192595E+2	1.048900E-6	1.051392E-6	3.032437E-8	3.113438E-8	3.257328E-8	3.326255E-8	3.495938E-8	3.640653E-8	3.732461E-8	3.992312E-8	3.026601E-8	3.144649E-8	3.195599E-8	3.334555E-8	3.491267E-8	3.546240E-8	3.778333E-8	3.666997E-8	2.888481E-8	2.951431E-8	3.039767E-8	3.117221E-8	3.248439E-8	3.335991E-8	3.335249E-8	3.424168E-8	2.916881E-8	2.935369E-8	2.996758E-8	3.079332E-8	3.116740E-8	3.192053E-8	3.335887E-8	3.450409E-8
0:34:28	1	-2.000214E+1	1.521200E+1	1.589200E+1	1.905655E+0	2.131433E+0	4.196803E+2	1.107200E-6	1.107247E-6	3.178870E-8	3.270624E-8	3.434422E-8	3.506217E-8	3.692138E-8	3.853789E-8	3.947677E-8	4.234068E-8	3.173496E-8	3.304140E-8	3.359155E-8	3.513873E-8	3.687599E-8	3.749127E-8	4.003624E-8	3.878499E-8	3.028133E-8	3.097728E-8	3.195871E-8	3.279889E-8	3.418998E-8	3.516124E-8	3.515557E-8	3.608250E-8	3.056481E-8	3.079914E-8	3.141107E-8	3.228983E-8	3.272378E-8	3.354405E-8	3.511500E-8	3.632022E-8
0:34:42	1	-2.000024E+1	1.520700E+1	1.588200E+1	1.908834E+0	2.133548E+0	4.201012E+2	1.166900E-6	1.167194E-6	3.338913E-8	3.440167E-8	3.610322E-8	3.702139E-8	3.906408E-8	4.082337E-8	4.190124E-8	4.499844E-8	3.336029E-8	3.483013E-8	3.543583E-8	3.711991E-8	3.897302E-8	3.965671E-8	4.207029E-8	4.114665E-8	3.172662E-8	3.249872E-8	3.365196E-8	3.456355E-8	3.611579E-8	3.700471E-8	3.705544E-8	3.813644E-8	3.199739E-8	3.227110E-8	3.294485E-8	3.392449E-8	3.439868E-8	3.529456E-8	3.697870E-8	3.833572E-8
0:34:55	1	-2.000047E+1	1.521800E+1	1.587300E+1	1.907859E+0	2.133346E+0	4.205221E+2	1.224500E-6	1.224307E-6	3.489710E-8	3.601804E-8	3.782910E-8	3.879437E-8	4.099941E-8	4.293391E-8	4.407670E-8	4.751150E-8	3.483431E-8	3.637114E-8	3.710231E-8	3.901135E-8	4.095383E-8	4.173007E-8	4.447034E-8	4.343629E-8	3.310832E-8	3.397377E-8	3.522137E-8	3.617198E-8	3.785520E-8	3.891092E-8	3.898608E-8	4.012606E-8	3.335242E-8	3.371034E-8	3.446778E-8	3.547970E-8	3.606089E-8	3.700477E-8	3.866208E-8	4.024556E-8
0:35:09	1	-2.000123E+1	1.522300E+1	1.588400E+1	1.915231E+0	2.139489E+0	4.209430E+2	1.299800E-6	1.298469E-6	3.683492E-8	3.807761E-8	4.011788E-8	4.121431E-8	4.366333E-8	4.579437E-8	4.705571E-8	5.091710E-8	3.678755E-8	3.853885E-8	3.934422E-8	4.140136E-8	4.361493E-8	4.448057E-8	4.737202E-8	4.640571E-8	3.491567E-8	3.588595E-8	3.721018E-8	3.828400E-8	4.013904E-8	4.125599E-8	4.132990E-8	4.256541E-8	3.514308E-8	3.551203E-8	3.631424E-8	3.745810E-8	3.807502E-8	3.911911E-8	4.100327E-8	4.263721E-8
0:35:22	1	-2.000108E+1	1.522000E+1	1.586900E+1	1.915637E+0	2.139616E+0	4.213639E+2	1.395700E-6	1.396180E-6	3.933475E-8	4.076002E-8	4.313037E-8	4.439022E-8	4.717268E-8	4.956036E-8	5.103952E-8	5.550852E-8	3.927160E-8	4.125187E-8	4.221487E-8	4.463560E-8	4.707150E-8	4.805195E-8	5.109698E-8	5.042426E-8	3.722324E-8	3.839007E-8	3.985113E-8	4.111126E-8	4.313742E-8	4.440403E-8	4.456748E-8	4.594793E-8	3.737884E-8	3.784008E-8	3.878101E-8	4.004756E-8	4.074664E-8	4.192673E-8	4.402368E-8	4.588795E-8
0:35:36	1	-2.000169E+1	1.522900E+1	1.589000E+1	1.905870E+0	2.132396E+0	4.217848E+2	1.490600E-6	1.491596E-6	4.171584E-8	4.342345E-8	4.602883E-8	4.746987E-8	5.055253E-8	5.325212E-8	5.500374E-8	6.006298E-8	4.173060E-8	4.400698E-8	4.509335E-8	4.777418E-8	5.051154E-8	5.164769E-8	5.470754E-8	5.437572E-8	3.953150E-8	4.073382E-8	4.244497E-8	4.380184E-8	4.604185E-8	4.745871E-8	4.772791E-8	4.921462E-8	3.954202E-8	4.005722E-8	4.120794E-8	4.258705E-8	4.337361E-8	4.464107E-8	4.688315E-8	4.899161E-8
0:35:49	1	-1.999933E+1	1.523500E+1	1.589200E+1	1.906959E+0	2.133840E+0	4.222057E+2	1.600300E-6	1.600314E-6	4.446566E-8	4.630170E-8	4.930453E-8	5.093835E-8	5.453014E-8	5.754224E-8	5.944626E-8	6.527978E-8	4.443562E-8	4.701233E-8	4.824681E-8	5.132581E-8	5.438763E-8	5.579347E-8	5.947154E-8	5.897316E-8	4.198504E-8	4.344463E-8	4.537882E-8	4.684895E-8	4.947025E-8	5.102993E-8	5.127699E-8	5.288989E-8	4.194084E-8	4.258751E-8	4.379563E-8	4.540723E-8	4.625740E-8	4.774340E-8	5.016190E-8	5.264047E-8
0:36:03	1	-2.000290E+1	1.523700E+1	1.586000E+1	1.908011E+0	2.135005E+0	4.226265E+2	1.703300E-6	1.705151E-6	4.702005E-8	4.907787E-8	5.239800E-8	5.431798E-8	5.825287E-8	6.174818E-8	6.391450E-8	7.053165E-8	4.698673E-8	4.989497E-8	5.129190E-8	5.482661E-8	5.824517E-8	5.976268E-8	6.385484E-8	6.343365E-8	4.433962E-8	4.594428E-8	4.810286E-8	4.982359E-8	5.263705E-8	5.450660E-8	5.480428E-8	5.660444E-8	4.421556E-8	4.495921E-8	4.632573E-8	4.809697E-8	4.917320E-8	5.073287E-8	5.332099E-8	5.600568E-8
