APD#	0019	Started	07/18/07 16:09	Sense_ohms	1.004464E+6	1.004628E+6	1.002105E+6	1.000924E+6	9.998282E+5	1.007735E+6	1.002821E+6	9.989270E+5	9.993226E+5	1.002376E+6	1.001862E+6	1.003102E+6	1.000030E+6	1.003780E+6	1.000011E+6	1.000898E+6	9.999006E+5	1.006439E+6	1.005624E+6	1.010450E+6	1.003884E+6	1.005600E+6	1.002519E+6	1.006362E+6	1.004620E+6	1.008599E+6	1.003214E+6	1.000475E+6	1.003139E+6	9.996927E+5	1.009944E+6	1.000506E+6					
ElapTime	Shutter_Open	DegC	H2O_In	H2O_Out	TE_A	TE_V	BiasV	KE237_Amps	Pixel_Sum	A1	A2	A3	A4	A5	A6	A7	A8	B1	B2	B3	B4	B5	B6	B7	B8	C1	C2	C3	C4	C5	C6	C7	C8	D1	D2	D3	D4	D5	D6	D7	D8
0:00:00	0	-4.989808E+0	2.554800E+1	2.583300E+1	1.256278E+0	1.553515E+0	0.000000E+0	-6.504800E-10	-1.393624E-10	-1.134934E-12	-6.746776E-12	-5.436556E-12	-5.695737E-12	-4.688806E-12	-5.594725E-12	-4.169239E-12	2.662857E-12	-5.894993E-12	-4.992139E-12	-4.236112E-12	2.522176E-13	-4.560863E-12	-6.500428E-12	1.899979E-13	-3.987419E-12	-5.448542E-12	-5.349554E-12	-6.362219E-12	-4.827552E-12	1.265086E-13	-4.913484E-12	-6.192401E-12	-5.287362E-12	-4.791862E-12	-5.714858E-12	-3.662230E-12	-7.154602E-12	-4.546728E-12	-3.928207E-12	-5.394358E-12	-5.381277E-12
0:00:13	0	-4.993151E+0	2.552600E+1	2.581400E+1	1.256240E+0	1.553464E+0	0.000000E+0	-4.487800E-10	-4.009338E-10	-1.134934E-12	-1.399822E-11	-1.131518E-11	-1.449261E-11	-1.286121E-11	-1.615504E-11	-1.351787E-11	-1.629749E-11	-1.350115E-11	-1.390297E-11	-1.397298E-11	-1.723952E-11	-1.127466E-11	-1.451414E-11	-4.306953E-12	-1.088523E-11	-1.387438E-11	-1.189541E-11	-1.278709E-11	-1.329012E-11	-1.255723E-11	-1.121221E-11	-1.251049E-11	-1.151872E-11	-1.368279E-11	-1.356535E-11	-1.231243E-11	-1.285289E-11	-1.237715E-11	-1.273591E-11	-1.166599E-11	-1.272556E-11
0:00:26	0	-4.992467E+0	2.552600E+1	2.581300E+1	1.255936E+0	1.553439E+0	1.000000E+1	2.032900E-10	-3.581560E-10	1.264356E-13	-1.134947E-11	-1.226319E-11	-1.101183E-11	-8.743502E-12	-1.056032E-11	-1.181168E-11	-1.280974E-11	-1.134669E-11	-1.308092E-11	-1.207651E-11	-1.528160E-11	-1.108467E-11	-1.407280E-11	-5.447940E-12	-9.619362E-12	-1.096009E-11	-1.202159E-11	-1.373177E-11	-1.423029E-11	-1.287201E-11	-1.052009E-11	-1.118383E-11	-1.107852E-11	-1.273715E-11	-1.048881E-11	-9.660950E-12	-1.133362E-11	-1.105031E-11	-1.121545E-11	-1.248188E-11	-1.215585E-11
0:00:40	0	-4.990720E+0	2.552600E+1	2.581300E+1	1.254884E+0	1.551792E+0	2.000000E+1	2.798300E-10	-3.282638E-10	9.457780E-13	-9.583647E-12	-8.976105E-12	-9.935819E-12	-1.032677E-11	-1.257176E-11	-1.029596E-11	-1.515526E-11	-1.001478E-11	-1.099587E-11	-9.230812E-12	-7.704102E-12	-7.664770E-12	-1.325191E-11	-1.121188E-11	-1.050557E-11	-1.026302E-11	-1.176922E-11	-1.203134E-11	-1.147212E-11	-9.780014E-12	-1.039379E-11	-1.143619E-11	-9.253132E-12	-1.040393E-11	-1.086557E-11	-9.660950E-12	-1.164947E-11	-9.976683E-12	-1.077231E-11	-1.091348E-11	-1.114336E-11
0:00:53	0	-4.989427E+0	2.552500E+1	2.581400E+1	1.249133E+0	1.547688E+0	3.000000E+1	2.631600E-10	-3.090079E-10	2.269867E-12	-9.458227E-12	-8.976105E-12	-9.303404E-12	-9.819687E-12	-9.806149E-12	-1.023313E-11	-8.814458E-12	-8.747926E-12	-1.023768E-11	-9.547223E-12	-8.145732E-12	-6.967791E-12	-1.281058E-11	-1.558283E-11	-7.973839E-12	-9.692963E-12	-1.070010E-11	-1.083407E-11	-1.021822E-11	-1.318778E-11	-1.096062E-11	-9.730489E-12	-9.944732E-12	-9.961976E-12	-1.004859E-11	-9.344965E-12	-1.082686E-11	-9.851077E-12	-9.250843E-12	-9.220313E-12	-1.107939E-11
0:01:07	0	-4.991632E+0	2.553100E+1	2.581700E+1	1.252414E+0	1.550563E+0	4.000000E+1	2.871300E-10	-2.857354E-10	2.459023E-12	-8.953563E-12	-7.648899E-12	-7.214334E-12	-9.123567E-12	-5.845783E-12	-1.017031E-11	-3.677946E-12	-1.102947E-11	-9.731877E-12	-1.030581E-11	-2.651774E-12	-5.447837E-12	-1.236924E-11	-1.640582E-11	-9.366589E-12	-1.058005E-11	-1.000756E-11	-1.096036E-11	-9.278044E-12	-1.110586E-11	-8.315434E-12	-1.061526E-11	-8.686735E-12	-1.008839E-11	-9.797749E-12	-8.587400E-12	-1.044704E-11	-9.661672E-12	-1.045521E-11	-9.345073E-12	-1.031978E-11
0:01:20	0	-4.996116E+0	2.553200E+1	2.581700E+1	1.255087E+0	1.552768E+0	5.000000E+1	9.738000E-10	-2.692765E-10	3.027485E-12	-8.133359E-12	-7.459298E-12	-6.898626E-12	-9.693665E-12	-9.491583E-12	-1.118046E-11	-1.458565E-12	-8.557797E-12	-1.011098E-11	-1.055934E-11	-7.198670E-12	-6.397808E-12	-1.135906E-11	-1.127488E-11	-8.163669E-12	-8.932888E-12	-9.943971E-12	-1.051984E-11	-7.522391E-12	-8.644425E-12	-8.125497E-12	-9.730489E-12	-6.546352E-12	-9.899265E-12	-9.357535E-12	-7.451052E-12	-9.687398E-12	-1.048210E-11	-8.110492E-12	-9.282693E-12	-1.012987E-11
0:01:34	0	-4.991327E+0	2.552800E+1	2.581500E+1	1.256328E+0	1.553528E+0	6.000000E+1	9.813000E-10	-2.711320E-10	3.405797E-12	-8.512604E-12	-7.080096E-12	-6.581918E-12	-8.426448E-12	-7.919741E-12	-9.538093E-12	-7.799369E-12	-8.683882E-12	-8.784129E-12	-1.036969E-11	-1.313525E-11	-5.510835E-12	-1.009683E-11	-9.057900E-12	-8.290555E-12	-9.185913E-12	-1.007016E-11	-9.637797E-12	-7.773764E-12	-6.309494E-12	-8.755967E-12	-8.972399E-12	-7.301548E-12	-8.323545E-12	-8.604014E-12	-8.839590E-12	-1.019416E-11	-1.086091E-11	-9.567940E-12	-1.022334E-11	-1.012987E-11
0:01:47	0	-4.990720E+0	2.552900E+1	2.581500E+1	1.256278E+0	1.553616E+0	7.000000E+1	1.122200E-9	-2.448709E-10	4.225139E-12	-6.052987E-12	-6.637029E-12	-6.328153E-12	-8.363437E-12	-8.674900E-12	-1.364351E-11	-2.472653E-12	-8.557797E-12	-7.899231E-12	-9.420459E-12	-1.641907E-11	-6.207814E-12	-1.053916E-11	2.216976E-12	-8.037782E-12	-7.855781E-12	-9.063639E-12	-9.259922E-12	-7.961799E-12	-8.203139E-12	-7.684964E-12	-8.909557E-12	-7.616544E-12	-8.197129E-12	-7.788031E-12	-8.082024E-12	-8.167121E-12	-8.272034E-12	-7.477298E-12	-8.592556E-12	-8.927483E-12
0:02:01	0	-4.992620E+0	2.552800E+1	2.581200E+1	1.256189E+0	1.553566E+0	8.000000E+1	1.173600E-9	-2.329798E-10	4.414295E-12	-6.557651E-12	-6.447428E-12	-7.088450E-12	-8.236415E-12	-6.977033E-12	-8.653588E-12	-1.046323E-11	-9.001097E-12	-8.151632E-12	-6.386109E-12	-8.777771E-12	-7.537774E-12	-1.072845E-11	8.869902E-13	-5.253283E-12	-8.615856E-12	-7.427176E-12	-1.045619E-11	-8.588253E-12	-4.921883E-12	-7.369730E-12	-9.161921E-12	-6.357553E-12	-8.070713E-12	-8.918311E-12	-6.377503E-12	-9.180639E-12	-7.008999E-12	-7.983453E-12	-8.592556E-12	-8.990451E-12
0:02:14	0	-4.991555E+0	2.552800E+1	2.581300E+1	1.251831E+0	1.548955E+0	9.000000E+1	1.177500E-9	-2.308851E-10	4.729886E-12	-5.863862E-12	-6.320695E-12	-5.822620E-12	-7.349263E-12	-7.291599E-12	-6.316182E-12	-8.179777E-12	-9.001097E-12	-7.772532E-12	-7.776520E-12	-1.041968E-11	-5.320840E-12	-9.402459E-12	-4.940946E-12	-6.075544E-12	-6.398636E-12	-7.615961E-12	-9.259922E-12	-9.152358E-12	-7.382327E-12	-8.251790E-12	-7.329537E-12	-6.231356E-12	-8.008003E-12	-7.724576E-12	-7.513850E-12	-8.927759E-12	-8.335834E-12	-8.237531E-12	-8.718305E-12	-8.673611E-12
0:02:28	0	-4.987679E+0	2.552500E+1	2.581700E+1	1.252667E+0	1.549968E+0	1.000000E+2	1.176500E-9	-2.097008E-10	5.612944E-12	-5.548322E-12	-6.447428E-12	-4.619731E-12	-7.729328E-12	-6.160350E-12	-7.075041E-12	-9.194866E-12	-7.543110E-12	-7.772532E-12	-6.638639E-12	1.894124E-13	-4.370869E-12	-9.213174E-12	-1.095888E-11	-5.758829E-12	-7.031699E-12	-7.678558E-12	-9.007343E-12	-7.898461E-12	-7.635344E-12	-7.369730E-12	-7.645740E-12	-4.847162E-12	-8.448966E-12	-8.101337E-12	-1.136348E-12	-7.407481E-12	-7.956026E-12	-6.843103E-12	-7.777659E-12	-9.687098E-12
0:02:42	0	-4.991176E+0	2.552800E+1	2.582200E+1	1.253199E+0	1.551222E+0	1.200000E+2	1.473200E-9	-1.818407E-10	5.864819E-12	-5.422903E-12	-5.309823E-12	-4.809556E-12	-6.589132E-12	-7.291599E-12	-7.137864E-12	-5.706123E-13	-5.387650E-12	-7.078182E-12	-6.448992E-12	1.831319E-12	-3.610892E-12	-7.950945E-12	-8.107911E-12	-5.379170E-12	-8.742869E-12	-6.042095E-12	-5.858054E-12	-7.460043E-12	-5.111148E-12	-8.315434E-12	-7.960946E-12	-5.098563E-12	-5.737493E-12	-5.652395E-12	-6.377503E-12	-7.281541E-12	-6.819593E-12	-7.223220E-12	-5.707247E-12	-9.053419E-12
0:02:55	0	-4.988667E+0	2.552700E+1	2.581300E+1	1.253909E+0	1.551133E+0	1.400000E+2	1.564600E-9	-1.704191E-10	7.126189E-12	-3.530660E-12	-2.781146E-12	-4.809556E-12	-6.462110E-12	-5.657241E-12	-6.253359E-12	-1.078157E-12	-6.085122E-12	-6.572384E-12	-6.638639E-12	-8.398946E-12	-2.026939E-12	-8.645321E-12	-9.881891E-12	-5.063453E-12	-4.434441E-12	-5.664526E-12	-8.188945E-12	-6.645554E-12	-3.218499E-12	-6.173429E-12	-7.266695E-12	-3.273176E-12	-5.296530E-12	-4.898875E-12	-4.167605E-12	-5.381444E-12	-7.072798E-12	-5.829791E-12	-6.335005E-12	-9.813035E-12
0:03:09	0	-4.991632E+0	2.552300E+1	2.580800E+1	1.253795E+0	1.551032E+0	1.600000E+2	1.548500E-9	-1.043881E-10	8.892305E-12	-9.456237E-13	-3.982617E-12	-7.592984E-13	-5.764990E-12	-2.829117E-12	-6.126717E-12	2.917130E-12	-4.564092E-12	-4.676888E-12	-4.046465E-12	-7.766907E-12	-2.279932E-12	-5.806053E-12	7.410918E-12	-1.835352E-12	-4.751472E-12	-3.901876E-12	-6.235929E-12	-5.077936E-12	-1.262098E-12	-4.031424E-12	-5.434311E-12	-3.273176E-12	-3.657104E-12	-3.642677E-12	-4.230403E-12	-5.065594E-12	-6.061971E-12	-3.865188E-12	-4.641842E-12	-7.091412E-12
0:03:23	0	-4.991327E+0	2.552100E+1	2.581200E+1	1.247968E+0	1.545737E+0	1.800000E+2	1.631300E-9	-7.418394E-11	1.109945E-11	5.046644E-13	-2.212343E-12	1.138948E-12	-3.041523E-12	-1.508333E-12	-4.548170E-12	-5.707124E-12	-3.803577E-12	-2.148894E-12	-4.421767E-13	-1.016746E-11	-2.089937E-12	-3.722927E-12	8.361908E-12	-5.694886E-13	-2.407239E-12	-2.265413E-12	-5.417532E-12	-3.761690E-12	-1.072833E-12	-4.661893E-12	-4.170495E-12	-2.076787E-12	-3.405268E-12	-1.821338E-12	-2.525882E-12	-3.609286E-12	-3.662503E-12	-3.295013E-12	-3.449696E-12	-7.724092E-12
0:03:37	0	-4.989959E+0	2.552400E+1	2.580700E+1	1.252110E+0	1.549639E+0	2.000000E+2	1.631400E-9	3.410298E-12	1.406322E-11	2.837866E-12	7.584036E-13	2.974252E-12	-1.204207E-12	-5.031085E-13	-2.842980E-12	-2.029177E-12	-1.330902E-12	-2.148894E-12	1.327528E-12	5.556763E-12	3.356899E-12	-1.892845E-12	2.343974E-12	2.088125E-12	3.800378E-13	-6.925407E-13	-3.527163E-12	-1.065862E-12	-3.218499E-12	-1.575179E-12	-3.475246E-12	2.454385E-12	7.565049E-13	2.508430E-13	-9.469565E-13	-1.519278E-12	-1.831252E-12	-9.502920E-13	-1.944662E-12	-3.039462E-12
0:03:50	0	-4.993304E+0	2.552000E+1	2.580900E+1	1.253567E+0	1.550994E+0	2.200000E+2	1.701500E-9	7.682207E-11	1.608121E-11	5.296488E-12	4.614287E-12	6.771743E-12	1.204207E-12	4.903075E-12	2.522883E-13	3.805083E-12	-6.334291E-13	4.419499E-13	3.730055E-12	8.082927E-12	6.207814E-12	-4.413318E-13	5.699937E-13	4.873623E-12	2.344233E-12	1.321491E-12	-1.386204E-12	7.521401E-13	-1.640628E-12	6.294749E-13	-1.266809E-13	5.287362E-12	2.333221E-12	2.951619E-12	3.159844E-13	6.297009E-14	-1.263035E-12	1.330409E-12	1.505034E-12	-3.355302E-12
0:04:04	0	-4.990643E+0	2.552200E+1	2.581200E+1	1.248994E+0	1.546446E+0	2.400000E+2	1.791800E-9	1.663402E-10	1.980161E-11	9.079978E-12	6.068226E-12	1.189801E-11	4.434762E-12	8.486358E-12	-3.161083E-13	1.661383E-11	3.739533E-12	2.969943E-12	5.121464E-12	5.241740E-12	9.881704E-12	3.722927E-12	3.420962E-12	7.910896E-12	3.674365E-12	4.909388E-12	2.330891E-12	3.636004E-12	3.533277E-12	1.071002E-12	6.314095E-13	4.972366E-12	4.666441E-12	6.343453E-12	3.346245E-12	2.785677E-12	1.073630E-12	3.295013E-12	3.261567E-12	-1.266359E-12
0:04:18	0	-4.993076E+0	2.552100E+1	2.581000E+1	1.252135E+0	1.549487E+0	2.600000E+2	1.946400E-9	3.137339E-10	2.427962E-11	1.330443E-11	1.118845E-11	1.746686E-11	8.933535E-12	1.301136E-11	5.747785E-12	1.921362E-11	6.782595E-12	8.342179E-12	9.420459E-12	8.020122E-12	1.292161E-11	7.825420E-12	1.925679E-11	1.341695E-11	7.031699E-12	8.748667E-12	6.613804E-12	7.209659E-12	1.142064E-11	4.157717E-12	5.559994E-12	1.170752E-11	1.046664E-11	9.545915E-12	3.914419E-12	6.521902E-12	5.304350E-12	6.907123E-12	7.213271E-12	2.278847E-12
0:04:32	0	-4.990339E+0	2.552000E+1	2.581400E+1	1.253567E+0	1.550690E+0	2.800000E+2	2.059900E-9	4.582120E-10	2.718067E-11	1.872633E-11	1.485473E-11	2.290983E-11	1.495157E-11	2.124666E-11	9.348628E-12	1.750178E-11	1.255050E-11	1.301807E-11	1.498510E-11	7.830709E-12	1.906643E-11	1.356771E-11	3.059566E-11	2.126490E-11	1.362035E-11	1.353187E-11	8.000008E-12	1.115839E-11	1.451263E-11	6.929196E-12	7.077173E-12	1.718368E-11	1.563775E-11	1.620366E-11	9.975937E-12	1.139659E-11	8.777448E-12	1.039219E-11	9.847081E-12	4.368789E-12
0:04:45	0	-4.991860E+0	2.552700E+1	2.581300E+1	1.253567E+0	1.550665E+0	3.000000E+2	2.304100E-9	6.916045E-10	3.380211E-11	2.629331E-11	2.199769E-11	3.221323E-11	2.280792E-11	3.124036E-11	1.579145E-11	2.834541E-11	1.838245E-11	1.959045E-11	2.004268E-11	1.572422E-11	2.685719E-11	1.880591E-11	4.345452E-11	3.031478E-11	2.090608E-11	2.032910E-11	1.486540E-11	1.786630E-11	2.113890E-11	1.203162E-11	1.200576E-11	2.486282E-11	2.333021E-11	2.386578E-11	1.439673E-11	1.893101E-11	1.616526E-11	1.805855E-11	1.737423E-11	9.813035E-12
0:04:59	0	-4.990187E+0	2.552800E+1	2.581600E+1	1.248436E+0	1.546370E+0	3.200000E+2	2.589300E-9	9.809315E-10	4.313544E-11	3.738996E-11	3.065747E-11	4.550296E-11	3.326171E-11	4.670375E-11	2.634069E-11	3.494049E-11	2.903167E-11	2.881653E-11	2.996920E-11	2.816463E-11	3.901883E-11	3.060631E-11	4.136355E-11	4.202326E-11	2.983797E-11	2.995909E-11	2.362115E-11	2.639220E-11	2.479868E-11	1.864558E-11	1.838668E-11	3.266817E-11	3.354403E-11	3.278409E-11	2.184678E-11	2.830156E-11	2.367967E-11	2.769051E-11	2.690743E-11	1.494144E-11
0:05:13	0	-4.990492E+0	2.552900E+1	2.581200E+1	1.252718E+0	1.550120E+0	3.400000E+2	3.068700E-9	1.437184E-9	5.442405E-11	5.447788E-11	4.323699E-11	6.328652E-11	4.929047E-11	6.839000E-11	3.840566E-11	6.036878E-11	4.265990E-11	4.290905E-11	4.185606E-11	5.310826E-11	5.618531E-11	4.707705E-11	4.668449E-11	5.784506E-11	4.250823E-11	4.500223E-11	3.678611E-11	3.949428E-11	3.407366E-11	2.677208E-11	3.064481E-11	4.638987E-11	5.088392E-11	4.873691E-11	3.112895E-11	4.362428E-11	3.542480E-11	4.074352E-11	4.064285E-11	2.412179E-11
0:05:27	0	-4.990492E+0	2.552900E+1	2.581200E+1	1.253693E+0	1.551019E+0	3.600000E+2	3.781300E-9	2.123949E-9	7.214494E-11	7.868982E-11	6.460201E-11	8.847425E-11	7.374567E-11	1.032772E-10	5.609177E-11	9.435825E-11	6.535327E-11	6.471125E-11	5.703081E-11	6.624351E-11	8.266252E-11	7.055331E-11	7.461918E-11	8.740051E-11	6.030999E-11	6.715658E-11	5.751056E-11	5.805037E-11	5.483402E-11	3.874006E-11	4.764199E-11	6.244075E-11	7.528618E-11	7.473733E-11	4.716740E-11	6.660736E-11	5.512696E-11	6.063963E-11	6.171728E-11	3.602477E-11
0:05:40	0	-4.990036E+0	2.552600E+1	2.581600E+1	1.252870E+0	1.549867E+0	3.620000E+2	3.524000E-9	2.225538E-9	7.718943E-11	8.102303E-11	6.795296E-11	9.366345E-11	7.634412E-11	1.076771E-10	5.760849E-11	9.366050E-11	6.871255E-11	6.749164E-11	6.057122E-11	6.820044E-11	8.532344E-11	7.396043E-11	8.538806E-11	9.088139E-11	6.474444E-11	6.948558E-11	5.984145E-11	6.149834E-11	5.514880E-11	3.911794E-11	4.922201E-11	6.684672E-11	7.881687E-11	7.850593E-11	4.950290E-11	6.964592E-11	5.942148E-11	6.292034E-11	6.617100E-11	3.900027E-11
0:05:54	0	-4.991632E+0	2.553100E+1	2.581400E+1	1.247968E+0	1.545952E+0	3.640000E+2	3.553300E-9	2.315864E-9	7.687384E-11	7.932090E-11	6.833216E-11	9.689147E-11	8.071487E-11	1.109458E-10	6.203001E-11	9.803619E-11	7.162852E-11	6.881948E-11	6.189974E-11	6.895909E-11	8.994730E-11	7.661141E-11	9.229198E-11	9.607073E-11	6.778574E-11	7.458376E-11	6.122666E-11	6.400614E-11	5.805153E-11	4.144889E-11	5.288678E-11	7.213408E-11	8.102367E-11	8.164593E-11	5.228197E-11	7.243259E-11	6.112613E-11	6.672250E-11	6.893055E-11	4.020366E-11
0:06:07	0	-4.990187E+0	2.552100E+1	2.581600E+1	1.250679E+0	1.548461E+0	3.660000E+2	3.610900E-9	2.414010E-9	7.983860E-11	8.613039E-11	7.332565E-11	1.012584E-10	8.286924E-11	1.186770E-10	6.291352E-11	1.062800E-10	7.498780E-11	7.412787E-11	6.366945E-11	7.798908E-11	9.444417E-11	8.001853E-11	7.924313E-11	1.004378E-10	6.886284E-11	7.691177E-11	6.777782E-11	6.701569E-11	6.177507E-11	4.365354E-11	5.465532E-11	7.238648E-11	8.474349E-11	8.541452E-11	5.341831E-11	7.559809E-11	6.226256E-11	7.027059E-11	6.955732E-11	4.349599E-11
0:06:21	0	-4.990567E+0	2.552200E+1	2.581200E+1	1.252959E+0	1.550348E+0	3.680000E+2	3.744300E-9	2.526646E-9	7.996404E-11	9.249892E-11	7.541126E-11	1.046753E-10	8.705096E-11	1.232030E-10	6.556704E-11	1.150314E-10	7.777669E-11	7.551757E-11	6.518762E-11	7.558952E-11	9.767507E-11	8.323736E-11	9.362297E-11	1.042354E-10	7.070003E-11	7.980712E-11	7.036029E-11	6.902172E-11	6.821107E-11	4.472454E-11	5.730964E-11	7.446326E-11	8.859071E-11	8.886882E-11	5.682736E-11	8.040981E-11	6.579846E-11	7.426282E-11	7.463780E-11	4.640852E-11
0:06:34	0	-4.996420E+0	2.552500E+1	2.580900E+1	1.253693E+0	1.550779E+0	3.700000E+2	3.805300E-9	2.638656E-9	8.400002E-11	9.338183E-11	7.819340E-11	1.087255E-10	9.211883E-11	1.282311E-10	6.923070E-11	1.148412E-10	8.316434E-11	7.867706E-11	7.081414E-11	7.306336E-11	1.019819E-10	8.670824E-11	1.035679E-10	1.117037E-10	7.627458E-11	8.377259E-11	7.155756E-11	7.397397E-11	7.206012E-11	4.812550E-11	6.072104E-11	8.107222E-11	9.413908E-11	9.257396E-11	5.922665E-11	8.351233E-11	6.712529E-11	7.432684E-11	7.626859E-11	4.552197E-11
0:06:48	0	-4.990339E+0	2.552400E+1	2.580800E+1	1.253782E+0	1.550880E+0	3.720000E+2	3.931400E-9	2.741112E-9	8.576614E-11	1.005069E-10	8.306016E-11	1.143583E-10	9.528737E-11	1.349571E-10	7.327330E-11	1.201039E-10	8.620740E-11	8.455410E-11	7.119344E-11	7.489468E-11	1.054028E-10	9.036841E-11	9.919691E-11	1.144882E-10	7.760471E-11	8.547165E-11	7.476950E-11	7.535356E-11	7.067151E-11	4.995227E-11	6.236391E-11	8.144982E-11	9.817443E-11	9.822635E-11	6.427841E-11	8.731153E-11	7.192423E-11	7.977552E-11	8.116094E-11	4.900420E-11
0:07:01	0	-4.990948E+0	2.552600E+1	2.581100E+1	1.253744E+0	1.550753E+0	3.740000E+2	4.048500E-9	2.877843E-9	8.948653E-11	1.008214E-10	8.287056E-11	1.187253E-10	1.005453E-10	1.396091E-10	7.491566E-11	1.222602E-10	9.070745E-11	8.802984E-11	7.656843E-11	8.076746E-11	1.103437E-10	9.529080E-11	1.102188E-10	1.242974E-10	8.191314E-11	9.101098E-11	7.848659E-11	8.105794E-11	7.767631E-11	5.203162E-11	6.602867E-11	8.610818E-11	1.022098E-10	1.010530E-10	6.554135E-11	9.167945E-11	7.653376E-11	8.446496E-11	8.473638E-11	5.185276E-11
0:07:15	0	-4.989580E+0	2.552700E+1	2.581000E+1	1.250552E+0	1.547624E+0	3.760000E+2	4.178400E-9	3.026991E-9	9.264045E-11	1.067490E-10	8.988679E-11	1.241683E-10	1.046640E-10	1.484726E-10	7.946383E-11	1.289814E-10	9.501837E-11	9.137988E-11	8.042525E-11	8.645083E-11	1.165515E-10	1.000867E-10	1.199107E-10	1.273357E-10	8.609456E-11	9.755683E-11	8.415571E-11	8.268791E-11	7.653972E-11	5.398469E-11	6.956776E-11	9.510892E-11	1.075690E-10	1.063287E-10	6.775125E-11	9.718784E-11	7.880663E-11	8.871026E-11	8.875047E-11	5.400567E-11
0:07:28	0	-4.990187E+0	2.552000E+1	2.580800E+1	1.248842E+0	1.546852E+0	3.780000E+2	4.379100E-9	3.164070E-9	9.636085E-11	1.115408E-10	9.753569E-11	1.297371E-10	1.106820E-10	1.558267E-10	8.350643E-11	1.371622E-10	9.913816E-11	9.750932E-11	8.118384E-11	9.693331E-11	1.234553E-10	1.039989E-10	1.064178E-10	1.317657E-10	9.033898E-11	1.008924E-10	8.881650E-11	8.789054E-11	8.083105E-11	5.656722E-11	7.291632E-11	9.246573E-11	1.147578E-10	1.112900E-10	7.122409E-11	1.014938E-10	8.587942E-11	9.232137E-11	9.702914E-11	5.660136E-11
0:07:42	0	-4.988363E+0	2.552000E+1	2.580700E+1	1.251679E+0	1.549423E+0	3.800000E+2	4.509000E-9	3.333951E-9	1.007751E-10	1.162699E-10	1.003168E-10	1.358125E-10	1.161940E-10	1.644381E-10	8.944368E-11	1.497817E-10	1.058577E-10	1.011118E-10	8.491389E-11	1.040692E-10	1.296631E-10	1.098049E-10	1.143997E-10	1.382209E-10	9.756070E-11	1.071232E-10	9.246995E-11	9.271810E-11	8.442709E-11	5.908612E-11	7.752871E-11	9.882229E-11	1.199279E-10	1.190780E-10	7.374997E-11	1.067483E-10	8.771068E-11	9.650366E-11	1.004165E-10	5.900714E-11
0:07:55	0	-4.989883E+0	2.552400E+1	2.580800E+1	1.253427E+0	1.550690E+0	3.820000E+2	4.620500E-9	3.502596E-9	1.053159E-10	1.206835E-10	1.065118E-10	1.437871E-10	1.222130E-10	1.739297E-10	9.234948E-11	1.598005E-10	1.097243E-10	1.071155E-10	8.769571E-11	1.005960E-10	1.356169E-10	1.161788E-10	1.237746E-10	1.449299E-10	9.977792E-11	1.124728E-10	9.725703E-11	9.867386E-11	9.244096E-11	6.173230E-11	8.094111E-11	1.031657E-10	1.263592E-10	1.251072E-10	7.949550E-11	1.123836E-10	9.124658E-11	1.012561E-10	1.068772E-10	6.318603E-11
0:08:09	0	-4.991251E+0	2.552500E+1	2.582000E+1	1.253858E+0	1.550918E+0	3.840000E+2	4.855800E-9	3.698833E-9	1.067027E-10	1.293852E-10	1.103677E-10	1.489763E-10	1.286751E-10	1.826046E-10	9.771834E-11	1.637317E-10	1.158094E-10	1.126134E-10	9.420858E-11	1.017962E-10	1.417617E-10	1.204696E-10	1.455644E-10	1.544223E-10	1.067466E-10	1.187673E-10	1.040608E-10	1.039398E-10	9.811990E-11	6.582637E-11	8.732303E-11	1.088306E-10	1.332952E-10	1.311364E-10	8.353651E-11	1.199180E-10	9.895039E-11	1.086694E-10	1.102635E-10	6.464229E-11
0:08:22	0	-4.990720E+0	2.553300E+1	2.581600E+1	1.253339E+0	1.550082E+0	3.860000E+2	5.015300E-9	3.883175E-9	1.126312E-10	1.351227E-10	1.194705E-10	1.582788E-10	1.347582E-10	1.920961E-10	1.024560E-10	1.732439E-10	1.233526E-10	1.184905E-10	9.869723E-11	1.044480E-10	1.490455E-10	1.284216E-10	1.508853E-10	1.615110E-10	1.114351E-10	1.222290E-10	1.092884E-10	1.087664E-10	1.010854E-10	6.891309E-11	9.029255E-11	1.146844E-10	1.389072E-10	1.366628E-10	8.814570E-11	1.263760E-10	1.043185E-10	1.131058E-10	1.163480E-10	6.970773E-11
0:08:36	0	-4.989352E+0	2.553100E+1	2.581700E+1	1.248196E+0	1.545851E+0	3.880000E+2	5.263100E-9	4.080400E-9	1.180550E-10	1.395999E-10	1.206081E-10	1.644181E-10	1.432476E-10	2.021533E-10	1.075725E-10	1.771120E-10	1.312759E-10	1.253781E-10	1.038826E-10	1.148677E-10	1.583572E-10	1.343531E-10	1.501893E-10	1.713212E-10	1.169466E-10	1.325505E-10	1.161547E-10	1.143461E-10	1.082157E-10	7.206344E-11	9.610591E-11	1.172650E-10	1.483646E-10	1.440741E-10	9.319746E-11	1.335306E-10	1.083599E-10	1.183014E-10	1.224939E-10	7.603852E-11
0:08:49	0	-4.991936E+0	2.552900E+1	2.581300E+1	1.248158E+0	1.545788E+0	3.900000E+2	5.485400E-9	4.309110E-9	1.225947E-10	1.489317E-10	1.281303E-10	1.746067E-10	1.519271E-10	2.151647E-10	1.144581E-10	1.854830E-10	1.382486E-10	1.315085E-10	1.103944E-10	1.218779E-10	1.669090E-10	1.427464E-10	1.532293E-10	1.817628E-10	1.226482E-10	1.412992E-10	1.219502E-10	1.210540E-10	1.122540E-10	7.590593E-11	1.021078E-10	1.262667E-10	1.570036E-10	1.527416E-10	9.717568E-11	1.404323E-10	1.157477E-10	1.249544E-10	1.310241E-10	7.857124E-11
0:09:03	0	-4.990720E+0	2.553300E+1	2.581600E+1	1.250045E+0	1.548080E+0	3.920000E+2	5.710000E-9	4.566956E-9	1.300992E-10	1.573169E-10	1.352104E-10	1.866945E-10	1.615568E-10	2.271708E-10	1.219749E-10	1.997503E-10	1.452844E-10	1.397230E-10	1.146306E-10	1.396219E-10	1.790076E-10	1.515183E-10	1.541163E-10	1.916359E-10	1.304400E-10	1.474049E-10	1.286902E-10	1.277619E-10	1.159775E-10	8.031523E-11	1.077945E-10	1.309241E-10	1.652008E-10	1.623500E-10	1.041842E-10	1.506894E-10	1.232621E-10	1.338891E-10	1.381116E-10	8.464917E-11
0:09:16	0	-4.992239E+0	2.553200E+1	2.581600E+1	1.252693E+0	1.550145E+0	3.940000E+2	6.005400E-9	4.850526E-9	1.347664E-10	1.660814E-10	1.427325E-10	1.934033E-10	1.678928E-10	2.411884E-10	1.289861E-10	2.166184E-10	1.554903E-10	1.487605E-10	1.188038E-10	1.436644E-10	1.886353E-10	1.605422E-10	1.753371E-10	2.015090E-10	1.377887E-10	1.603704E-10	1.379492E-10	1.355357E-10	1.239277E-10	8.610979E-11	1.143031E-10	1.452758E-10	1.740280E-10	1.729647E-10	1.094253E-10	1.601229E-10	1.297667E-10	1.434571E-10	1.467675E-10	8.832131E-11
0:09:30	0	-4.989655E+0	2.553200E+1	2.581700E+1	1.253947E+0	1.550905E+0	3.960000E+2	6.279700E-9	5.139261E-9	1.405048E-10	1.754769E-10	1.521507E-10	2.080857E-10	1.810071E-10	2.560862E-10	1.365667E-10	2.310769E-10	1.655051E-10	1.563435E-10	1.253795E-10	1.479580E-10	2.015570E-10	1.724691E-10	1.799610E-10	2.166984E-10	1.469746E-10	1.660349E-10	1.455713E-10	1.445623E-10	1.326358E-10	9.033115E-11	1.212536E-10	1.486751E-10	1.850620E-10	1.828249E-10	1.170648E-10	1.694305E-10	1.386069E-10	1.510604E-10	1.563007E-10	9.604540E-11
0:09:43	0	-4.990795E+0	2.552800E+1	2.581800E+1	1.253959E+0	1.551032E+0	3.980000E+2	6.611300E-9	5.459453E-9	1.505957E-10	1.867000E-10	1.621387E-10	2.176419E-10	1.907638E-10	2.740641E-10	1.452832E-10	2.473734E-10	1.745703E-10	1.666441E-10	1.316389E-10	1.490317E-10	2.123256E-10	1.814940E-10	1.999778E-10	2.308117E-10	1.549574E-10	1.778041E-10	1.557759E-10	1.532763E-10	1.438672E-10	9.448787E-11	1.298469E-10	1.579273E-10	1.988075E-10	1.943181E-10	1.235688E-10	1.808901E-10	1.466895E-10	1.599311E-10	1.657092E-10	1.005411E-10
0:09:57	0	-4.990036E+0	2.552500E+1	2.581200E+1	1.251097E+0	1.547713E+0	4.000000E+2	6.937200E-9	5.823931E-9	1.572172E-10	1.981131E-10	1.723781E-10	2.317549E-10	2.052093E-10	2.919785E-10	1.550745E-10	2.594224E-10	1.882615E-10	1.795364E-10	1.409965E-10	1.580617E-10	2.263242E-10	1.924107E-10	2.133427E-10	2.468863E-10	1.661065E-10	1.888192E-10	1.684994E-10	1.626176E-10	1.537737E-10	1.012918E-10	1.404622E-10	1.686282E-10	2.103462E-10	2.066282E-10	1.313349E-10	1.943767E-10	1.565406E-10	1.716537E-10	1.783158E-10	1.075686E-10
0:10:10	0	-4.991404E+0	2.552300E+1	2.580600E+1	1.248614E+0	1.546421E+0	4.020000E+2	7.392200E-9	6.223802E-9	1.666132E-10	2.112911E-10	1.827453E-10	2.461835E-10	2.228853E-10	3.130357E-10	1.666967E-10	2.736897E-10	2.003057E-10	1.905323E-10	1.511126E-10	1.767537E-10	2.433007E-10	2.061687E-10	2.236045E-10	2.644805E-10	1.792208E-10	2.036100E-10	1.794597E-10	1.743401E-10	1.611571E-10	1.068347E-10	1.500660E-10	1.795179E-10	2.249746E-10	2.217006E-10	1.418800E-10	2.077353E-10	1.683486E-10	1.822990E-10	1.891045E-10	1.141532E-10
0:10:24	0	-4.989959E+0	2.551800E+1	2.580700E+1	1.251591E+0	1.549005E+0	4.040000E+2	7.812100E-9	6.655438E-9	1.755055E-10	2.239018E-10	1.941234E-10	2.631449E-10	2.346693E-10	3.349105E-10	1.778772E-10	2.949965E-10	2.155180E-10	2.030446E-10	1.621780E-10	1.919097E-10	2.597062E-10	2.202415E-10	2.387444E-10	2.832776E-10	1.908140E-10	2.174558E-10	1.944524E-10	1.868781E-10	1.708743E-10	1.135750E-10	1.613765E-10	1.910366E-10	2.423145E-10	2.377159E-10	1.519825E-10	2.209690E-10	1.814833E-10	1.952890E-10	2.033420E-10	1.221302E-10
0:10:37	0	-4.991632E+0	2.552100E+1	2.580500E+1	1.253250E+0	1.550373E+0	4.060000E+2	8.305100E-9	7.175330E-9	1.881182E-10	2.414934E-10	2.094840E-10	2.813081E-10	2.558310E-10	3.609342E-10	1.915845E-10	3.204889E-10	2.323164E-10	2.191593E-10	1.717252E-10	2.094024E-10	2.827625E-10	2.389836E-10	2.558472E-10	3.047314E-10	2.039903E-10	2.365896E-10	2.093804E-10	2.007957E-10	1.816644E-10	1.236535E-10	1.747089E-10	2.058285E-10	2.595917E-10	2.559293E-10	1.632852E-10	2.390764E-10	1.945543E-10	2.125873E-10	2.175170E-10	1.320072E-10
0:10:51	0	-4.990187E+0	2.551700E+1	2.580300E+1	1.253655E+0	1.550893E+0	4.080000E+2	8.841200E-9	7.695046E-9	1.992804E-10	2.609135E-10	2.260452E-10	3.035215E-10	2.731899E-10	3.888433E-10	2.056070E-10	3.454096E-10	2.512062E-10	2.369799E-10	1.838646E-10	2.224739E-10	3.045529E-10	2.552651E-10	2.556572E-10	3.277057E-10	2.188778E-10	2.525767E-10	2.268920E-10	2.157781E-10	1.981962E-10	1.305827E-10	1.869032E-10	2.196128E-10	2.807141E-10	2.762783E-10	1.752816E-10	2.585772E-10	2.104045E-10	2.258934E-10	2.365210E-10	1.414404E-10
0:11:04	0	-4.993379E+0	2.551700E+1	2.580300E+1	1.254137E+0	1.550943E+0	4.100000E+2	9.417000E-9	8.363534E-9	2.134064E-10	2.795771E-10	2.458305E-10	3.278870E-10	2.961249E-10	4.237930E-10	2.233569E-10	3.882776E-10	2.733282E-10	2.554959E-10	1.969523E-10	2.340300E-10	3.285601E-10	2.780460E-10	2.945508E-10	3.555517E-10	2.342723E-10	2.753610E-10	2.425767E-10	2.318264E-10	2.154861E-10	1.440632E-10	2.029528E-10	2.410773E-10	3.032878E-10	2.988879E-10	1.901200E-10	2.806747E-10	2.275178E-10	2.486414E-10	2.570311E-10	1.549896E-10
0:11:18	0	-4.990036E+0	2.551500E+1	2.579900E+1	1.254175E+0	1.550475E+0	4.107947E+2	9.642000E-9	8.655530E-9	2.186410E-10	2.869540E-10	2.522151E-10	3.378858E-10	3.077189E-10	4.407022E-10	2.298636E-10	3.975986E-10	2.824563E-10	2.637114E-10	2.025169E-10	2.385769E-10	3.387578E-10	2.872602E-10	3.200145E-10	3.698549E-10	2.440923E-10	2.854937E-10	2.511436E-10	2.424840E-10	2.218593E-10	1.484726E-10	2.111661E-10	2.522810E-10	3.152048E-10	3.068018E-10	1.956771E-10	2.910577E-10	2.366103E-10	2.549143E-10	2.637423E-10	1.598011E-10
0:11:31	0	-4.991251E+0	2.551100E+1	2.579800E+1	1.248892E+0	1.545927E+0	4.115893E+2	1.001200E-8	8.926395E-9	2.248841E-10	2.983672E-10	2.600536E-10	3.511126E-10	3.164624E-10	4.539021E-10	2.347268E-10	4.048284E-10	2.894291E-10	2.739491E-10	2.099141E-10	2.396506E-10	3.507935E-10	2.967254E-10	3.309734E-10	3.823227E-10	2.527711E-10	2.941798E-10	2.609067E-10	2.523885E-10	2.330279E-10	1.515593E-10	2.161585E-10	2.561842E-10	3.244739E-10	3.184199E-10	2.021802E-10	2.996057E-10	2.441247E-10	2.646723E-10	2.719586E-10	1.656892E-10
0:11:45	0	-4.990036E+0	2.551100E+1	2.579600E+1	1.250577E+0	1.547916E+0	4.123840E+2	1.018700E-8	9.249995E-9	2.333971E-10	3.082036E-10	2.682074E-10	3.617447E-10	3.293236E-10	4.718800E-10	2.460339E-10	4.154177E-10	3.011550E-10	2.834286E-10	2.162364E-10	2.577106E-10	3.632081E-10	3.065702E-10	3.407283E-10	3.975120E-10	2.611330E-10	3.037462E-10	2.689703E-10	2.602247E-10	2.376340E-10	1.566617E-10	2.262680E-10	2.660027E-10	3.348779E-10	3.296622E-10	2.119039E-10	3.112552E-10	2.523967E-10	2.744944E-10	2.829355E-10	1.710714E-10
0:11:58	0	-4.991860E+0	2.551800E+1	2.580000E+1	1.252731E+0	1.549791E+0	4.131787E+2	1.044000E-8	9.560545E-9	2.402714E-10	3.191749E-10	2.774370E-10	3.730733E-10	3.419948E-10	4.880976E-10	2.514666E-10	4.274667E-10	3.124386E-10	2.929071E-10	2.255311E-10	2.734348E-10	3.744838E-10	3.160991E-10	3.404753E-10	4.101697E-10	2.698758E-10	3.156416E-10	2.780403E-10	2.688762E-10	2.452684E-10	1.623936E-10	2.351776E-10	2.784664E-10	3.462901E-10	3.414697E-10	2.175867E-10	3.215123E-10	2.626266E-10	2.826048E-10	2.918419E-10	1.783518E-10
0:12:12	0	-4.991860E+0	2.552000E+1	2.580300E+1	1.253541E+0	1.550867E+0	4.139734E+2	1.082100E-8	9.916083E-9	2.482170E-10	3.310280E-10	2.875507E-10	3.876288E-10	3.542849E-10	5.073318E-10	2.633421E-10	4.494703E-10	3.238484E-10	3.044087E-10	2.311586E-10	2.855592E-10	3.900663E-10	3.294776E-10	3.376873E-10	4.269406E-10	2.791888E-10	3.291109E-10	2.902606E-10	2.785937E-10	2.523359E-10	1.693228E-10	2.461719E-10	2.855156E-10	3.600356E-10	3.531513E-10	2.274370E-10	3.346191E-10	2.706464E-10	2.947076E-10	3.037584E-10	1.832273E-10
0:12:25	0	-4.991099E+0	2.551800E+1	2.580500E+1	1.253921E+0	1.551057E+0	4.147680E+2	1.124600E-8	1.027755E-8	2.548394E-10	3.411173E-10	2.989916E-10	4.008556E-10	3.654988E-10	5.281379E-10	2.727536E-10	4.733769E-10	3.348778E-10	3.149626E-10	2.372283E-10	2.922534E-10	4.045079E-10	3.420361E-10	3.594150E-10	4.408641E-10	2.890717E-10	3.384895E-10	3.017251E-10	2.893760E-10	2.645774E-10	1.739210E-10	2.523005E-10	2.942649E-10	3.742231E-10	3.674077E-10	2.345721E-10	3.467753E-10	2.799921E-10	3.049727E-10	3.147977E-10	1.893682E-10
0:12:39	0	-4.989427E+0	2.552200E+1	2.580700E+1	1.250653E+0	1.547688E+0	4.155627E+2	1.167100E-8	1.071614E-8	2.656233E-10	3.554301E-10	3.104964E-10	4.168678E-10	3.831118E-10	5.483158E-10	2.862714E-10	4.975379E-10	3.489494E-10	3.266539E-10	2.464591E-10	2.950946E-10	4.226873E-10	3.573084E-10	3.783548E-10	4.614966E-10	2.985107E-10	3.530279E-10	3.129370E-10	3.010985E-10	2.819300E-10	1.809129E-10	2.644957E-10	3.100644E-10	3.873375E-10	3.809740E-10	2.425285E-10	3.634264E-10	2.937579E-10	3.180887E-10	3.284707E-10	1.979159E-10
0:12:52	0	-4.994140E+0	2.552400E+1	2.581200E+1	1.249260E+0	1.546953E+0	4.163574E+2	1.200700E-8	1.111943E-8	2.738844E-10	3.690490E-10	3.207368E-10	4.316132E-10	3.976203E-10	5.708197E-10	2.997893E-10	5.159276E-10	3.610566E-10	3.410616E-10	2.554374E-10	3.065880E-10	4.375729E-10	3.700552E-10	4.033756E-10	4.801658E-10	3.095968E-10	3.645457E-10	3.253463E-10	3.110664E-10	2.908264E-10	1.847554E-10	2.728986E-10	3.169247E-10	4.019032E-10	3.953563E-10	2.514309E-10	3.762163E-10	3.073343E-10	3.303815E-10	3.401367E-10	2.059568E-10
0:13:06	0	-4.990948E+0	2.552600E+1	2.581200E+1	1.251945E+0	1.549309E+0	4.171521E+2	1.248500E-8	1.155253E-8	2.838479E-10	3.821016E-10	3.344540E-10	4.473716E-10	4.135230E-10	5.940143E-10	3.085695E-10	5.275951E-10	3.758896E-10	3.525633E-10	2.651742E-10	3.242063E-10	4.539154E-10	3.834336E-10	4.137644E-10	5.004816E-10	3.249283E-10	3.794626E-10	3.387002E-10	3.246702E-10	3.006074E-10	1.947086E-10	2.865472E-10	3.335420E-10	4.184229E-10	4.101154E-10	2.626070E-10	3.907154E-10	3.158595E-10	3.441318E-10	3.537473E-10	2.128573E-10
0:13:19	0	-4.989580E+0	2.553200E+1	2.581700E+1	1.253098E+0	1.550386E+0	4.179467E+2	1.304500E-8	1.205946E-8	2.918571E-10	3.952796E-10	3.480444E-10	4.692055E-10	4.320862E-10	6.213578E-10	3.258767E-10	5.469359E-10	3.937647E-10	3.694991E-10	2.766818E-10	3.379098E-10	4.762127E-10	4.013559E-10	4.333372E-10	5.238346E-10	3.364584E-10	3.968974E-10	3.527472E-10	3.410946E-10	3.110190E-10	2.013852E-10	2.967834E-10	3.483339E-10	4.346907E-10	4.287680E-10	2.732149E-10	4.100902E-10	3.308255E-10	3.607329E-10	3.689254E-10	2.242535E-10
0:13:33	0	-4.990036E+0	2.552900E+1	2.582200E+1	1.253579E+0	1.550779E+0	4.187414E+2	1.348600E-8	1.248799E-8	3.040288E-10	4.124930E-10	3.603704E-10	4.866094E-10	4.471648E-10	6.471930E-10	3.351625E-10	5.705892E-10	4.092312E-10	3.829601E-10	2.878101E-10	3.539500E-10	4.963551E-10	4.173853E-10	4.270663E-10	5.452893E-10	3.507119E-10	4.101143E-10	3.664789E-10	3.505606E-10	3.163194E-10	2.090712E-10	3.099263E-10	3.568944E-10	4.502021E-10	4.445949E-10	2.845804E-10	4.244624E-10	3.435805E-10	3.728356E-10	3.839787E-10	2.300156E-10
0:13:46	0	-4.993076E+0	2.553600E+1	2.581700E+1	1.253706E+0	1.551019E+0	4.195361E+2	1.400900E-8	1.306469E-8	3.151273E-10	4.290762E-10	3.782598E-10	5.062912E-10	4.688325E-10	6.754157E-10	3.483643E-10	6.092077E-10	4.227964E-10	3.986957E-10	2.960298E-10	3.713162E-10	5.178285E-10	4.361912E-10	4.612719E-10	5.706685E-10	3.628751E-10	4.301920E-10	3.826679E-10	3.671740E-10	3.315891E-10	2.214171E-10	3.238263E-10	3.794917E-10	4.708835E-10	4.619923E-10	2.936731E-10	4.434564E-10	3.579783E-10	3.913383E-10	3.986558E-10	2.421085E-10
0:14:00	0	-4.989731E+0	2.552900E+1	2.581500E+1	1.253630E+0	1.550791E+0	4.203308E+2	1.470300E-8	1.369651E-8	3.295061E-10	4.481181E-10	3.944417E-10	5.307826E-10	4.921476E-10	7.126913E-10	3.673776E-10	6.482696E-10	4.456159E-10	4.160744E-10	3.088010E-10	3.853985E-10	5.425957E-10	4.563849E-10	4.850897E-10	5.987683E-10	3.797898E-10	4.493884E-10	4.018172E-10	3.814667E-10	3.514659E-10	2.285352E-10	3.372854E-10	3.911992E-10	4.914395E-10	4.856697E-10	3.078167E-10	4.638437E-10	3.768590E-10	4.110443E-10	4.214857E-10	2.553408E-10
0:14:13	0	-4.990036E+0	2.553500E+1	2.581600E+1	1.248842E+0	1.546206E+0	4.211254E+2	1.542400E-8	1.432651E-8	3.415513E-10	4.672227E-10	4.128998E-10	5.555277E-10	5.162227E-10	7.424859E-10	3.843687E-10	6.742054E-10	4.659006E-10	4.366755E-10	3.218258E-10	3.920917E-10	5.664130E-10	4.791030E-10	5.155583E-10	6.261088E-10	3.962614E-10	4.721101E-10	4.181941E-10	4.008382E-10	3.719105E-10	2.407558E-10	3.578835E-10	4.104606E-10	5.163455E-10	5.081534E-10	3.244861E-10	4.857513E-10	3.927093E-10	4.285327E-10	4.384213E-10	2.655336E-10
0:14:27	0	-4.990187E+0	2.553700E+1	2.581700E+1	1.250311E+0	1.547916E+0	4.219201E+2	1.601000E-8	1.499400E-8	3.567495E-10	4.833650E-10	4.319897E-10	5.796404E-10	5.406779E-10	7.804532E-10	4.014246E-10	7.104783E-10	4.885299E-10	4.556973E-10	3.385177E-10	4.143836E-10	5.961201E-10	5.008747E-10	5.387421E-10	6.582589E-10	4.126690E-10	4.897962E-10	4.383517E-10	4.201465E-10	3.884423E-10	2.502049E-10	3.736169E-10	4.321129E-10	5.401794E-10	5.295068E-10	3.392616E-10	5.059487E-10	4.128531E-10	4.497602E-10	4.572996E-10	2.779434E-10
0:14:40	0	-4.989655E+0	2.552900E+1	2.581400E+1	1.252946E+0	1.549955E+0	4.227148E+2	1.672300E-8	1.579955E-8	3.749741E-10	5.116123E-10	4.527230E-10	6.094479E-10	5.713422E-10	8.259622E-10	4.256173E-10	7.412964E-10	5.138851E-10	4.819858E-10	3.547674E-10	4.377491E-10	6.271582E-10	5.316703E-10	5.626858E-10	6.976235E-10	4.357923E-10	5.174263E-10	4.627923E-10	4.428403E-10	4.083191E-10	2.647554E-10	3.952264E-10	4.519408E-10	5.681750E-10	5.543154E-10	3.549841E-10	5.351368E-10	4.348909E-10	4.751060E-10	4.843328E-10	2.930117E-10
0:14:54	0	-4.990111E+0	2.552400E+1	2.581400E+1	1.253275E+0	1.550500E+0	4.235095E+2	1.738700E-8	1.659807E-8	3.896058E-10	5.333656E-10	4.772494E-10	6.407110E-10	6.014993E-10	8.692097E-10	4.480411E-10	7.726861E-10	5.413317E-10	5.022716E-10	3.734197E-10	4.673024E-10	6.602872E-10	5.565343E-10	5.787126E-10	7.393940E-10	4.582185E-10	5.437985E-10	4.870429E-10	4.657846E-10	4.267435E-10	2.763465E-10	4.191103E-10	4.766784E-10	5.917571E-10	5.865344E-10	3.738634E-10	5.614123E-10	4.602124E-10	5.010220E-10	5.111145E-10	3.068138E-10
0:15:07	0	-4.987603E+0	2.552600E+1	2.581100E+1	1.253643E+0	1.550931E+0	4.243041E+2	1.854400E-8	1.759289E-8	4.091545E-10	5.677923E-10	5.053153E-10	6.749493E-10	6.409701E-10	9.253425E-10	4.764659E-10	8.323581E-10	5.742930E-10	5.370290E-10	3.934624E-10	4.965407E-10	7.008900E-10	5.906752E-10	6.164652E-10	7.803413E-10	4.836231E-10	5.774707E-10	5.184124E-10	4.926162E-10	4.459888E-10	2.929137E-10	4.435637E-10	5.021076E-10	6.274462E-10	6.160526E-10	3.953314E-10	5.956651E-10	4.871768E-10	5.290926E-10	5.380843E-10	3.253014E-10
0:15:21	0	-4.989731E+0	2.552800E+1	2.581100E+1	1.251059E+0	1.548055E+0	4.250988E+2	1.957900E-8	1.859648E-8	4.327402E-10	5.995085E-10	5.335080E-10	7.172882E-10	6.746749E-10	9.805316E-10	5.029332E-10	8.922824E-10	6.030085E-10	5.632547E-10	4.155922E-10	5.163692E-10	7.414298E-10	6.263305E-10	6.533318E-10	8.286938E-10	5.079495E-10	6.066120E-10	5.437977E-10	5.200119E-10	4.731851E-10	3.094799E-10	4.713656E-10	5.332654E-10	6.633862E-10	6.517258E-10	4.176836E-10	6.283355E-10	5.114246E-10	5.603312E-10	5.712643E-10	3.451813E-10
0:15:34	0	-4.990264E+0	2.552900E+1	2.581200E+1	1.248842E+0	1.546712E+0	4.258935E+2	2.069700E-8	1.971653E-8	4.522900E-10	6.347554E-10	5.651763E-10	7.596900E-10	7.145898E-10	1.043516E-9	5.323682E-10	9.494177E-10	6.373638E-10	5.943458E-10	4.331056E-10	5.492064E-10	7.851354E-10	6.609127E-10	7.156621E-10	8.811587E-10	5.360143E-10	6.445646E-10	5.747894E-10	5.509803E-10	5.060605E-10	3.253540E-10	4.951866E-10	5.707171E-10	6.968675E-10	6.883410E-10	4.420562E-10	6.639186E-10	5.454608E-10	5.958781E-10	6.060118E-10	3.656320E-10
0:15:48	0	-4.990795E+0	2.552200E+1	2.580800E+1	1.252047E+0	1.549195E+0	4.266882E+2	2.213000E-8	2.106016E-8	4.819934E-10	6.768744E-10	6.020287E-10	8.057625E-10	7.702793E-10	1.119261E-9	5.683736E-10	1.023865E-9	6.795173E-10	6.359919E-10	4.637076E-10	5.817285E-10	8.417007E-10	7.074847E-10	7.543027E-10	9.488140E-10	5.681335E-10	6.889369E-10	6.178751E-10	5.882805E-10	5.404499E-10	3.477168E-10	5.313914E-10	6.101830E-10	7.439062E-10	7.328066E-10	4.669343E-10	7.134311E-10	5.765921E-10	6.350371E-10	6.454011E-10	3.914000E-10
0:16:01	0	-4.990492E+0	2.551700E+1	2.580800E+1	1.253389E+0	1.550221E+0	4.274828E+2	2.336000E-8	2.246223E-8	5.093622E-10	7.171023E-10	6.376807E-10	8.601882E-10	8.210901E-10	1.201606E-9	6.090529E-10	1.095521E-9	7.252833E-10	6.746670E-10	4.928553E-10	6.193019E-10	8.971891E-10	7.570862E-10	8.146690E-10	1.016215E-9	6.048771E-10	7.289036E-10	6.601414E-10	6.271483E-10	5.732615E-10	3.695117E-10	5.710725E-10	6.485161E-10	7.899345E-10	7.812917E-10	4.991996E-10	7.621200E-10	6.166902E-10	6.782514E-10	6.869846E-10	4.154588E-10
0:16:15	0	-4.991555E+0	2.551800E+1	2.581000E+1	1.253554E+0	1.550538E+0	4.282775E+2	2.517800E-8	2.416642E-8	5.452460E-10	7.668510E-10	6.867963E-10	9.263231E-10	8.869804E-10	1.294385E-9	6.569966E-10	1.181446E-9	7.754233E-10	7.241484E-10	5.293374E-10	6.709577E-10	9.677540E-10	8.175427E-10	8.794073E-10	1.101338E-9	6.493495E-10	7.826535E-10	7.049911E-10	6.707180E-10	6.165483E-10	3.959049E-10	6.142916E-10	7.052293E-10	8.452330E-10	8.328543E-10	5.360751E-10	8.144811E-10	6.673332E-10	7.289430E-10	7.421164E-10	4.487609E-10
0:16:28	0	-4.989352E+0	2.552100E+1	2.580900E+1	1.253769E+0	1.550791E+0	4.290722E+2	2.700800E-8	2.598865E-8	5.774712E-10	8.236621E-10	7.392619E-10	9.974564E-10	9.512864E-10	1.402690E-9	7.115727E-10	1.278341E-9	8.343732E-10	7.766626E-10	5.686651E-10	7.243820E-10	1.040978E-9	8.810267E-10	9.423706E-10	1.197915E-9	6.906547E-10	8.409362E-10	7.589109E-10	7.242545E-10	6.564274E-10	4.266458E-10	6.610488E-10	7.608723E-10	9.037467E-10	8.942146E-10	5.744019E-10	8.759599E-10	7.129889E-10	7.824224E-10	7.958689E-10	4.811775E-10
0:16:42	0	-4.990567E+0	2.552100E+1	2.580700E+1	1.253529E+0	1.550551E+0	4.298668E+2	2.921600E-8	2.831169E-8	6.253365E-10	8.968036E-10	8.013362E-10	1.078906E-9	1.039605E-9	1.525642E-9	7.781498E-10	1.425331E-9	8.990920E-10	8.469985E-10	6.105841E-10	7.884781E-10	1.140427E-9	9.594054E-10	1.039605E-9	1.313859E-9	7.510917E-10	9.139461E-10	8.253661E-10	7.838725E-10	7.162451E-10	4.599055E-10	7.208851E-10	8.317474E-10	9.733571E-10	9.646192E-10	6.260519E-10	9.509243E-10	7.768933E-10	8.590300E-10	8.657401E-10	5.224576E-10
0:16:55	0	-4.986615E+0	2.552200E+1	2.580500E+1	1.254149E+0	1.551032E+0	4.306615E+2	3.171400E-8	3.074919E-8	6.734537E-10	9.737286E-10	8.721960E-10	1.171178E-9	1.139517E-9	1.679646E-9	8.460543E-10	1.569342E-9	9.804822E-10	9.168286E-10	6.555384E-10	8.532054E-10	1.239305E-9	1.045104E-9	1.127400E-9	1.435499E-9	8.037989E-10	9.892214E-10	8.911909E-10	8.500727E-10	7.778937E-10	5.002198E-10	7.886205E-10	9.017411E-10	1.046247E-9	1.038540E-9	6.727767E-10	1.032475E-9	8.377663E-10	9.294276E-10	9.445177E-10	5.662065E-10
0:17:09	0	-4.991480E+0	2.552100E+1	2.580300E+1	1.248449E+0	1.545306E+0	4.314562E+2	3.449000E-8	3.362536E-8	7.274357E-10	1.055886E-9	9.471652E-10	1.275727E-9	1.247347E-9	1.853325E-9	9.258342E-10	1.751084E-9	1.059146E-9	1.001067E-9	7.181338E-10	9.217218E-10	1.350915E-9	1.149923E-9	1.251870E-9	1.583530E-9	8.741189E-10	1.078030E-9	9.733310E-10	9.282468E-10	8.603653E-10	5.463305E-10	8.660863E-10	9.853313E-10	1.140576E-9	1.122070E-9	7.350346E-10	1.120989E-9	9.167633E-10	1.007430E-9	1.028940E-9	6.216055E-10
0:17:22	0	-4.990187E+0	2.550900E+1	2.579600E+1	1.247473E+0	1.544090E+0	4.322509E+2	3.827300E-8	3.749742E-8	8.009048E-10	1.169382E-9	1.054373E-9	1.419324E-9	1.406498E-9	2.082823E-9	1.040291E-9	1.989453E-9	1.171279E-9	1.100915E-9	7.916669E-10	1.039306E-9	1.522701E-9	1.291660E-9	1.413524E-9	1.806684E-9	9.586293E-10	1.181942E-9	1.080541E-9	1.032312E-9	9.517972E-10	6.031494E-10	9.748284E-10	1.101967E-9	1.254388E-9	1.240018E-9	8.123840E-10	1.240653E-9	1.014577E-9	1.119077E-9	1.134625E-9	6.957450E-10
0:17:36	0	-4.991176E+0	2.550600E+1	2.579200E+1	1.247321E+0	1.544597E+0	4.330455E+2	4.256200E-8	4.168245E-8	8.789135E-10	1.293534E-9	1.162907E-9	1.589374E-9	1.568244E-9	2.336143E-9	1.171425E-9	2.238857E-9	1.295266E-9	1.223513E-9	8.693093E-10	1.153163E-9	1.689990E-9	1.440023E-9	1.592662E-9	2.024837E-9	1.060371E-9	1.307067E-9	1.189640E-9	1.139511E-9	1.053577E-9	6.737003E-10	1.077190E-9	1.236857E-9	1.369397E-9	1.367638E-9	8.972463E-10	1.371714E-9	1.126094E-9	1.256641E-9	1.256681E-9	7.709599E-10
0:17:49	0	-4.989199E+0	2.551400E+1	2.579500E+1	1.249868E+0	1.546801E+0	4.338402E+2	4.745600E-8	4.641522E-8	9.644278E-10	1.408794E-9	1.293693E-9	1.756830E-9	1.762050E-9	2.644591E-9	1.320436E-9	2.562961E-9	1.422929E-9	1.343266E-9	9.661740E-10	1.285397E-9	1.894271E-9	1.612556E-9	1.778007E-9	2.299002E-9	1.162684E-9	1.442827E-9	1.326267E-9	1.268088E-9	1.159837E-9	7.470863E-10	1.207668E-9	1.387987E-9	1.502188E-9	1.500784E-9	9.882338E-10	1.513666E-9	1.251188E-9	1.385968E-9	1.392786E-9	8.625735E-10
0:18:13	1	-4.990036E+0	2.551700E+1	2.579800E+1	1.248538E+0	1.545534E+0	0.000000E+0	-2.691400E-9	2.573738E-9	9.409098E-11	7.642033E-11	8.324976E-11	8.062650E-11	8.008176E-11	8.071070E-11	8.218017E-11	8.053441E-11	7.980506E-11	7.924571E-11	7.827525E-11	7.540011E-11	8.202954E-11	7.717926E-11	8.038412E-11	8.037582E-11	7.779473E-11	7.590525E-11	6.758888E-11	6.977386E-11	7.874814E-11	7.533811E-11	7.626489E-11	7.496706E-11	1.002548E-10	7.944783E-11	8.498885E-11	8.325845E-11	8.291174E-11	8.142302E-11	8.793458E-11	8.654821E-11
0:18:27	1	-4.991708E+0	2.552100E+1	2.580100E+1	1.249209E+0	1.546054E+0	0.000000E+0	1.852000E-9	2.680722E-9	9.762221E-11	8.304069E-11	8.735911E-11	8.347487E-11	8.432649E-11	8.473359E-11	8.578001E-11	8.789031E-11	8.310129E-11	8.202710E-11	8.194242E-11	7.716763E-11	8.538644E-11	8.090219E-11	8.519806E-11	8.214823E-11	8.146910E-11	7.779309E-11	7.873818E-11	8.099560E-11	8.833989E-11	8.081842E-11	8.157252E-11	8.019083E-11	8.531186E-11	8.239945E-11	8.587300E-11	8.357530E-11	8.284794E-11	8.421088E-11	8.780982E-11	8.667514E-11
0:18:40	1	-4.989808E+0	2.552700E+1	2.580800E+1	1.250704E+0	1.547561E+0	1.000000E+1	3.182500E-9	2.931161E-9	1.055050E-10	9.022842E-11	9.336347E-11	9.151244E-11	9.148572E-11	9.340749E-11	9.342345E-11	8.985642E-11	9.178518E-11	9.302298E-11	9.054141E-11	8.815554E-11	9.362119E-11	8.860109E-11	9.324297E-11	9.088139E-11	9.116206E-11	8.679413E-11	8.749393E-11	8.901974E-11	9.231545E-11	8.988962E-11	8.871253E-11	9.007296E-11	9.319345E-11	8.974825E-11	9.250270E-11	9.022314E-11	9.118377E-11	9.206829E-11	9.590037E-11	9.224632E-11
0:18:54	1	-4.988439E+0	2.553000E+1	2.581300E+1	1.251097E+0	1.548030E+0	2.000000E+1	3.502600E-9	2.932626E-9	1.053159E-10	9.111134E-11	9.431247E-11	9.182815E-11	9.135870E-11	9.416265E-11	9.538193E-11	8.763703E-11	9.064440E-11	9.144273E-11	9.098359E-11	9.497638E-11	9.311421E-11	8.885413E-11	8.215710E-11	8.948964E-11	9.109906E-11	8.717170E-11	8.705341E-11	8.858034E-11	8.789761E-11	9.020485E-11	9.003919E-11	9.101794E-11	9.439091E-11	9.150614E-11	9.269209E-11	9.155351E-11	9.364605E-11	9.301858E-11	9.571224E-11	9.427230E-11
0:19:07	1	-4.990948E+0	2.552600E+1	2.581000E+1	1.251591E+0	1.548423E+0	3.000000E+1	3.720900E-9	2.980401E-9	1.065772E-10	9.130046E-11	9.519661E-11	9.391722E-11	9.230886E-11	9.422517E-11	9.493918E-11	1.000654E-10	9.191226E-11	9.194853E-11	9.079394E-11	9.737594E-11	9.488815E-11	9.030465E-11	8.412107E-11	9.069156E-11	9.071902E-11	8.924833E-11	8.944695E-11	9.052402E-11	8.979125E-11	9.190533E-11	9.041824E-11	9.284333E-11	9.445462E-11	9.282579E-11	9.464980E-11	9.212324E-11	9.175199E-11	9.390586E-11	9.721826E-11	9.800841E-11
0:19:21	1	-4.992088E+0	2.553000E+1	2.581300E+1	1.251629E+0	1.548258E+0	4.000000E+1	3.882100E-9	3.008603E-9	1.073966E-10	9.394920E-11	9.551295E-11	9.416999E-11	9.059856E-11	9.554496E-11	9.582368E-11	1.047584E-10	9.394064E-11	9.321253E-11	9.022500E-11	9.194479E-11	9.482416E-11	9.087350E-11	9.400297E-11	9.252691E-11	9.014896E-11	9.056982E-11	8.850226E-11	9.008561E-11	9.534369E-11	9.190533E-11	9.136685E-11	9.290593E-11	9.609405E-11	9.357931E-11	9.414442E-11	9.345261E-11	9.402486E-11	9.403290E-11	9.671625E-11	9.642521E-11
0:19:34	1	-4.989808E+0	2.552600E+1	2.581600E+1	1.246992E+0	1.543710E+0	5.000000E+1	4.029800E-9	3.028012E-9	1.078386E-10	9.407562E-11	9.570255E-11	9.771371E-11	9.389313E-11	9.529390E-11	9.670819E-11	1.058996E-10	9.330721E-11	9.397073E-11	8.990859E-11	8.449290E-11	9.647111E-11	9.358624E-11	9.577595E-11	9.214725E-11	9.217616E-11	9.113617E-11	8.762022E-11	9.090009E-11	9.723633E-11	9.341687E-11	9.212494E-11	9.233954E-11	9.659772E-11	9.408199E-11	9.496578E-11	9.383243E-11	9.269902E-11	9.415894E-11	9.809554E-11	9.984448E-11
0:19:48	1	-4.989731E+0	2.553400E+1	2.581600E+1	1.247537E+0	1.544787E+0	6.000000E+1	4.108800E-9	3.044893E-9	1.074603E-10	9.476841E-11	9.545008E-11	9.632200E-11	9.294297E-11	9.535642E-11	9.778216E-11	9.873394E-11	9.546167E-11	9.460223E-11	9.256464E-11	8.809274E-11	9.507815E-11	9.257706E-11	1.010969E-10	9.461603E-11	9.166911E-11	9.201750E-11	8.995012E-11	9.259241E-11	9.755211E-11	9.429893E-11	9.288303E-11	9.429112E-11	9.703968E-11	9.508635E-11	9.572335E-11	9.427522E-11	9.402486E-11	9.625058E-11	9.797078E-11	9.636224E-11
0:20:01	1	-4.990720E+0	2.553100E+1	2.581800E+1	1.249944E+0	1.546750E+0	7.000000E+1	4.243300E-9	3.059497E-9	1.086580E-10	9.546220E-11	9.785202E-11	9.777765E-11	9.459025E-11	9.629913E-11	9.740323E-11	9.480272E-11	9.489128E-11	9.523472E-11	9.553611E-11	9.377611E-11	9.678810E-11	9.276634E-11	9.919691E-11	9.429932E-11	9.477342E-11	9.226987E-11	8.780916E-11	9.152655E-11	9.458663E-11	9.410998E-11	9.300971E-11	9.170954E-11	9.798531E-11	9.602825E-11	9.629152E-11	9.522577E-11	9.478347E-11	9.574342E-11	9.909955E-11	9.921080E-11
0:20:15	1	-4.991783E+0	2.553500E+1	2.581600E+1	1.250666E+0	1.547675E+0	8.000000E+1	4.324200E-9	3.077038E-9	1.097929E-10	9.830007E-11	9.861043E-11	9.733406E-11	9.287996E-11	9.717932E-11	9.626643E-11	9.150519E-11	9.596901E-11	9.668827E-11	9.610505E-11	9.724933E-11	9.818205E-11	9.472295E-11	8.975901E-11	9.480586E-11	9.629357E-11	9.340258E-11	9.310040E-11	9.309417E-11	9.357655E-11	9.467681E-11	9.319923E-11	9.523511E-11	9.949832E-11	9.621663E-11	9.698629E-11	9.427522E-11	9.560390E-11	9.827820E-11	9.872330E-11	9.952764E-11
0:20:28	1	-4.990339E+0	2.553600E+1	2.581700E+1	1.251299E+0	1.548220E+0	9.000000E+1	4.457800E-9	3.128710E-9	1.134506E-10	9.785811E-11	9.917923E-11	9.746095E-11	9.851793E-11	9.862513E-11	9.929788E-11	9.873394E-11	9.590597E-11	9.668827E-11	9.755934E-11	1.035647E-10	9.989200E-11	9.510152E-11	9.279898E-11	9.714676E-11	9.509045E-11	9.333899E-11	9.316305E-11	9.315651E-11	9.395508E-11	9.625199E-11	9.490493E-11	9.743810E-11	9.949832E-11	9.822635E-11	9.774385E-11	9.769460E-11	9.749795E-11	9.777105E-11	1.017967E-10	9.940070E-11
0:20:42	1	-4.993532E+0	2.554000E+1	2.582400E+1	1.249386E+0	1.545990E+0	1.000000E+2	4.555500E-9	3.195338E-9	1.130095E-10	1.017043E-10	1.015812E-10	1.006890E-10	1.011794E-10	1.007626E-10	1.015086E-10	1.117970E-10	9.875790E-11	9.820467E-11	9.755934E-11	9.756535E-11	1.014120E-10	9.781526E-11	9.514295E-11	9.898211E-11	9.756070E-11	9.692689E-11	9.417138E-11	9.246771E-11	9.919274E-11	9.833035E-11	9.736873E-11	9.768950E-11	1.024616E-10	9.998523E-11	9.938557E-11	9.731478E-11	9.831938E-11	1.013191E-10	1.032394E-10	1.019334E-10
0:20:55	1	-4.990720E+0	2.554900E+1	2.582600E+1	1.248854E+0	1.544901E+0	1.200000E+2	4.879400E-9	3.395466E-9	1.196947E-10	1.072536E-10	1.088509E-10	1.059411E-10	1.060572E-10	1.073626E-10	1.069413E-10	1.171237E-10	1.055405E-10	1.038293E-10	1.032497E-10	1.047640E-10	1.064158E-10	1.024846E-10	1.093958E-10	1.030325E-10	1.031353E-10	1.024652E-10	1.004700E-10	1.019338E-10	1.083422E-10	1.031185E-10	1.014764E-10	1.056210E-10	1.073799E-10	1.063287E-10	1.058887E-10	1.044064E-10	1.031183E-10	1.061986E-10	1.098873E-10	1.077585E-10
0:21:09	1	-4.988211E+0	2.553700E+1	2.582400E+1	1.251236E+0	1.546598E+0	1.400000E+2	5.307300E-9	3.706995E-9	1.270727E-10	1.177829E-10	1.178898E-10	1.176493E-10	1.159409E-10	1.177968E-10	1.162899E-10	1.178214E-10	1.139712E-10	1.143194E-10	1.153891E-10	1.075424E-10	1.174375E-10	1.135916E-10	1.264986E-10	1.144882E-10	1.148554E-10	1.109625E-10	1.100441E-10	1.108358E-10	1.180595E-10	1.138892E-10	1.115859E-10	1.158808E-10	1.175947E-10	1.160630E-10	1.164338E-10	1.128274E-10	1.144846E-10	1.143721E-10	1.195462E-10	1.180783E-10
0:21:23	1	-4.989580E+0	2.554100E+1	2.582800E+1	1.251299E+0	1.546750E+0	1.600000E+2	5.805800E-9	4.254442E-9	1.472527E-10	1.352491E-10	1.360317E-10	1.352430E-10	1.330469E-10	1.352092E-10	1.343560E-10	1.357667E-10	1.305785E-10	1.311923E-10	1.339785E-10	1.298971E-10	1.336540E-10	1.311981E-10	1.386605E-10	1.334741E-10	1.315171E-10	1.265710E-10	1.264220E-10	1.276362E-10	1.294173E-10	1.307717E-10	1.285831E-10	1.306727E-10	1.361331E-10	1.313247E-10	1.340502E-10	1.309348E-10	1.310925E-10	1.309742E-10	1.364808E-10	1.370726E-10
0:21:37	1	-4.990036E+0	2.553500E+1	2.582300E+1	1.246055E+0	1.541873E+0	1.800000E+2	6.599600E-9	5.070693E-9	1.731720E-10	1.599657E-10	1.622016E-10	1.603678E-10	1.581362E-10	1.607923E-10	1.612013E-10	1.630349E-10	1.566311E-10	1.586820E-10	1.578780E-10	1.555355E-10	1.601312E-10	1.587121E-10	1.614012E-10	1.585996E-10	1.552734E-10	1.536357E-10	1.516809E-10	1.527122E-10	1.548466E-10	1.557796E-10	1.525936E-10	1.597527E-10	1.587058E-10	1.579538E-10	1.558969E-10	1.555641E-10	1.564140E-10	1.580936E-10	1.628239E-10	1.625238E-10
0:21:50	1	-4.989580E+0	2.553800E+1	2.582000E+1	1.253440E+0	1.548929E+0	2.000000E+2	7.666400E-9	6.175238E-9	2.079198E-10	1.950861E-10	1.965882E-10	1.958710E-10	1.936783E-10	1.966221E-10	1.967011E-10	2.055215E-10	1.925084E-10	1.923649E-10	1.922101E-10	2.018867E-10	1.948432E-10	1.924744E-10	1.862950E-10	1.917628E-10	1.884067E-10	1.853575E-10	1.852551E-10	1.861260E-10	1.889840E-10	1.878421E-10	1.847546E-10	1.895888E-10	1.979246E-10	1.915548E-10	1.907519E-10	1.900077E-10	1.895660E-10	1.923111E-10	1.976971E-10	1.967764E-10
0:22:04	1	-4.990339E+0	2.553700E+1	2.582000E+1	1.253921E+0	1.549347E+0	2.200000E+2	9.136700E-9	7.688433E-9	2.565418E-10	2.428172E-10	2.443766E-10	2.442853E-10	2.403083E-10	2.482915E-10	2.454027E-10	2.547934E-10	2.403668E-10	2.390021E-10	2.380498E-10	2.344717E-10	2.416538E-10	2.411923E-10	2.459023E-10	2.420766E-10	2.335752E-10	2.307363E-10	2.290966E-10	2.306982E-10	2.369397E-10	2.338892E-10	2.332814E-10	2.378041E-10	2.430083E-10	2.380926E-10	2.362766E-10	2.361009E-10	2.364209E-10	2.392005E-10	2.479365E-10	2.458436E-10
0:22:18	1	-4.990795E+0	2.553100E+1	2.581500E+1	1.248778E+0	1.543850E+0	2.400000E+2	1.103300E-8	9.781686E-9	3.216233E-10	3.089601E-10	3.092321E-10	3.091543E-10	3.081619E-10	3.145450E-10	3.118543E-10	3.289229E-10	3.026130E-10	3.024494E-10	3.033641E-10	2.870117E-10	3.072768E-10	3.061916E-10	3.263494E-10	3.067575E-10	2.974336E-10	2.939910E-10	2.893159E-10	2.955822E-10	3.050243E-10	2.983940E-10	2.973520E-10	3.047134E-10	3.090880E-10	3.033475E-10	3.000506E-10	3.013778E-10	3.009573E-10	3.038954E-10	3.127272E-10	3.139681E-10
0:22:32	1	-4.990264E+0	2.552800E+1	2.581300E+1	1.251236E+0	1.546738E+0	2.600000E+2	1.396100E-8	1.264156E-8	4.119929E-10	4.003870E-10	3.990560E-10	4.000963E-10	3.996477E-10	4.075129E-10	4.052139E-10	4.153547E-10	3.918634E-10	3.930711E-10	3.928934E-10	3.893762E-10	3.975401E-10	3.983901E-10	4.069865E-10	3.999798E-10	3.845412E-10	3.783299E-10	3.781324E-10	3.804641E-10	3.905242E-10	3.854485E-10	3.833473E-10	3.932770E-10	3.997591E-10	3.901432E-10	3.845969E-10	3.894490E-10	3.901204E-10	3.933659E-10	4.049908E-10	4.057087E-10
0:22:45	1	-4.990036E+0	2.552800E+1	2.581000E+1	1.253263E+0	1.548625E+0	2.800000E+2	1.802400E-8	1.668452E-8	5.402633E-10	5.271235E-10	5.276922E-10	5.296436E-10	5.296540E-10	5.414648E-10	5.363480E-10	5.405951E-10	5.176877E-10	5.176281E-10	5.187790E-10	5.185794E-10	5.287231E-10	5.276316E-10	5.331041E-10	5.290249E-10	5.064293E-10	5.006841E-10	4.978779E-10	5.030224E-10	5.130643E-10	5.114956E-10	5.078866E-10	5.211793E-10	5.221467E-10	5.131147E-10	5.089871E-10	5.132932E-10	5.121195E-10	5.181302E-10	5.352000E-10	5.359428E-10
0:22:59	1	-4.988287E+0	2.552800E+1	2.581100E+1	1.249336E+0	1.544318E+0	3.000000E+2	2.362900E-8	2.235952E-8	7.162736E-10	7.050590E-10	7.073400E-10	7.099470E-10	7.115482E-10	7.273370E-10	7.226893E-10	7.482088E-10	6.922579E-10	6.932458E-10	6.937912E-10	6.919865E-10	7.070338E-10	7.091883E-10	7.154721E-10	7.100913E-10	6.743730E-10	6.684816E-10	6.678888E-10	6.732881E-10	6.866520E-10	6.850388E-10	6.822793E-10	6.976754E-10	6.993271E-10	6.823743E-10	6.789648E-10	6.860791E-10	6.858352E-10	6.946635E-10	7.167150E-10	7.184105E-10
0:23:13	1	-4.989124E+0	2.552200E+1	2.580700E+1	1.251413E+0	1.547042E+0	3.200000E+2	3.185900E-8	3.065875E-8	9.752744E-10	9.636393E-10	9.684674E-10	9.702435E-10	9.756786E-10	9.993897E-10	9.946222E-10	1.032236E-9	9.524012E-10	9.499429E-10	9.454356E-10	9.519710E-10	9.717438E-10	9.765068E-10	9.746133E-10	9.757748E-10	9.229627E-10	9.142601E-10	9.169541E-10	9.249869E-10	9.434676E-10	9.362520E-10	9.370436E-10	9.485096E-10	9.598644E-10	9.411927E-10	9.309011E-10	9.420605E-10	9.406324E-10	9.499579E-10	9.850358E-10	9.867307E-10
0:23:27	1	-4.990871E+0	2.552000E+1	2.580500E+1	1.253959E+0	1.548929E+0	3.400000E+2	4.468700E-8	4.334018E-8	1.367718E-9	1.359613E-9	1.368093E-9	1.371226E-9	1.382105E-9	1.416331E-9	1.411080E-9	1.456658E-9	1.340398E-9	1.343709E-9	1.334535E-9	1.333959E-9	1.372452E-9	1.380640E-9	1.385020E-9	1.382464E-9	1.302119E-9	1.293598E-9	1.297166E-9	1.307332E-9	1.335633E-9	1.324724E-9	1.326837E-9	1.350850E-9	1.353949E-9	1.327757E-9	1.316509E-9	1.330180E-9	1.329615E-9	1.345859E-9	1.393351E-9	1.398706E-9
0:23:40	1	-4.989352E+0	2.552000E+1	2.580500E+1	1.253896E+0	1.548929E+0	3.600000E+2	6.497700E-8	6.361323E-8	1.994756E-9	1.987243E-9	2.003750E-9	2.009849E-9	2.032008E-9	2.082132E-9	2.072182E-9	2.142977E-9	1.965465E-9	1.968704E-9	1.956058E-9	1.957365E-9	2.018486E-9	2.028363E-9	2.041076E-9	2.036103E-9	1.910227E-9	1.897817E-9	1.904143E-9	1.918181E-9	1.957165E-9	1.947842E-9	1.951237E-9	1.980923E-9	1.985809E-9	1.943683E-9	1.928290E-9	1.956427E-9	1.953189E-9	1.976713E-9	2.048347E-9	2.056717E-9
0:23:54	1	-4.990567E+0	2.551600E+1	2.580400E+1	1.254035E+0	1.548663E+0	3.620000E+2	6.724900E-8	6.635406E-8	2.076613E-9	2.071670E-9	2.089972E-9	2.095159E-9	2.120075E-9	2.170008E-9	2.162829E-9	2.246911E-9	2.049772E-9	2.052058E-9	2.037242E-9	2.045963E-9	2.107739E-9	2.119176E-9	2.123235E-9	2.122492E-9	1.991127E-9	1.979135E-9	1.985589E-9	2.002875E-9	2.041340E-9	2.031558E-9	2.037865E-9	2.067787E-9	2.070174E-9	2.027401E-9	2.009681E-9	2.038800E-9	2.037173E-9	2.062066E-9	2.134654E-9	2.145926E-9
0:24:07	1	-4.990795E+0	2.551900E+1	2.580800E+1	1.247423E+0	1.542849E+0	3.640000E+2	6.986600E-8	6.910364E-8	2.162949E-9	2.157615E-9	2.177016E-9	2.181167E-9	2.207379E-9	2.264422E-9	2.253788E-9	2.339367E-9	2.135664E-9	2.139206E-9	2.121083E-9	2.121176E-9	2.194328E-9	2.203863E-9	2.211790E-9	2.210273E-9	2.072026E-9	2.057936E-9	2.068171E-9	2.084436E-9	2.128862E-9	2.113891E-9	2.121588E-9	2.155092E-9	2.155613E-9	2.111688E-9	2.094988E-9	2.125795E-9	2.121792E-9	2.148053E-9	2.226478E-9	2.236148E-9
0:24:21	1	-4.991708E+0	2.552000E+1	2.580700E+1	1.249804E+0	1.545332E+0	3.660000E+2	7.314300E-8	7.221243E-8	2.259120E-9	2.254905E-9	2.274994E-9	2.278185E-9	2.307037E-9	2.367132E-9	2.354160E-9	2.436833E-9	2.230682E-9	2.235198E-9	2.217250E-9	2.225056E-9	2.290863E-9	2.306475E-9	2.314661E-9	2.310521E-9	2.164141E-9	2.153732E-9	2.158438E-9	2.179474E-9	2.221177E-9	2.211655E-9	2.219526E-9	2.251649E-9	2.251202E-9	2.207842E-9	2.186543E-9	2.223237E-9	2.217143E-9	2.242529E-9	2.324448E-9	2.336625E-9
0:24:34	1	-4.989731E+0	2.552700E+1	2.580700E+1	1.252718E+0	1.547853E+0	3.680000E+2	7.623500E-8	7.537076E-8	2.356363E-9	2.352763E-9	2.374173E-9	2.378241E-9	2.406759E-9	2.468964E-9	2.456238E-9	2.539054E-9	2.328109E-9	2.332582E-9	2.314810E-9	2.324768E-9	2.392972E-9	2.407697E-9	2.410183E-9	2.413238E-9	2.261131E-9	2.248456E-9	2.256262E-9	2.273759E-9	2.317215E-9	2.307403E-9	2.316263E-9	2.351227E-9	2.349819E-9	2.303933E-9	2.284855E-9	2.318399E-9	2.313253E-9	2.343468E-9	2.427561E-9	2.440838E-9
0:24:48	1	-4.990111E+0	2.552200E+1	2.580700E+1	1.253567E+0	1.548841E+0	3.700000E+2	7.981900E-8	7.885543E-8	2.462878E-9	2.461341E-9	2.484984E-9	2.489055E-9	2.518140E-9	2.584624E-9	2.572212E-9	2.656241E-9	2.433903E-9	2.441908E-9	2.420273E-9	2.435468E-9	2.504329E-9	2.518575E-9	2.515398E-9	2.528611E-9	2.366484E-9	2.350166E-9	2.361709E-9	2.377009E-9	2.421771E-9	2.413607E-9	2.423995E-9	2.458295E-9	2.458271E-9	2.409319E-9	2.388724E-9	2.428377E-9	2.422307E-9	2.452012E-9	2.541463E-9	2.553978E-9
0:25:01	1	-4.992011E+0	2.551800E+1	2.580200E+1	1.254073E+0	1.549271E+0	3.720000E+2	8.344200E-8	8.248048E-8	2.571157E-9	2.572818E-9	2.595604E-9	2.602781E-9	2.633510E-9	2.702232E-9	2.691976E-9	2.791437E-9	2.545402E-9	2.550414E-9	2.530541E-9	2.548442E-9	2.620563E-9	2.637025E-9	2.634992E-9	2.640884E-9	2.472724E-9	2.461633E-9	2.468415E-9	2.487656E-9	2.530050E-9	2.529197E-9	2.537034E-9	2.572477E-9	2.569434E-9	2.519040E-9	2.498528E-9	2.538861E-9	2.530982E-9	2.564610E-9	2.657246E-9	2.672816E-9
0:25:15	1	-4.991555E+0	2.551300E+1	2.580300E+1	1.250311E+0	1.545091E+0	3.740000E+2	8.748200E-8	8.649417E-8	2.696653E-9	2.696844E-9	2.723798E-9	2.729607E-9	2.763136E-9	2.833607E-9	2.824120E-9	2.936336E-9	2.668121E-9	2.676234E-9	2.650989E-9	2.669309E-9	2.746553E-9	2.766268E-9	2.763328E-9	2.773347E-9	2.588023E-9	2.576308E-9	2.589230E-9	2.609588E-9	2.663759E-9	2.648442E-9	2.658287E-9	2.692826E-9	2.698127E-9	2.640128E-9	2.618749E-9	2.657197E-9	2.658096E-9	2.688867E-9	2.786389E-9	2.801910E-9
0:25:28	1	-4.992316E+0	2.551100E+1	2.579900E+1	1.251426E+0	1.545813E+0	3.760000E+2	9.095000E-8	9.064104E-8	2.827573E-9	2.824653E-9	2.855405E-9	2.859597E-9	2.898590E-9	2.972336E-9	2.959486E-9	3.073054E-9	2.795086E-9	2.801802E-9	2.777443E-9	2.784240E-9	2.875709E-9	2.898917E-9	2.914973E-9	2.905934E-9	2.713902E-9	2.700551E-9	2.712251E-9	2.732899E-9	2.789706E-9	2.777387E-9	2.788323E-9	2.825702E-9	2.823036E-9	2.764418E-9	2.741939E-9	2.785726E-9	2.784895E-9	2.816419E-9	2.921303E-9	2.937780E-9
0:25:42	1	-4.989731E+0	2.551800E+1	2.580000E+1	1.247499E+0	1.543330E+0	3.780000E+2	9.589000E-8	9.530546E-8	2.968771E-9	2.965955E-9	2.998137E-9	3.006421E-9	3.046969E-9	3.125271E-9	3.113676E-9	3.226070E-9	2.939928E-9	2.945760E-9	2.921601E-9	2.934598E-9	3.029315E-9	3.050120E-9	3.061425E-9	3.058902E-9	2.854352E-9	2.838262E-9	2.851586E-9	2.876145E-9	2.931050E-9	2.922646E-9	2.930049E-9	2.970726E-9	2.968941E-9	2.906231E-9	2.884009E-9	2.927804E-9	2.928869E-9	2.959813E-9	3.072837E-9	3.089224E-9
0:25:55	1	-4.989883E+0	2.551700E+1	2.580400E+1	1.251464E+0	1.546649E+0	3.800000E+2	1.005400E-7	1.002024E-7	3.122204E-9	3.121002E-9	3.155029E-9	3.159385E-9	3.204346E-9	3.287132E-9	3.277088E-9	3.390816E-9	3.092502E-9	3.101029E-9	3.072271E-9	3.093291E-9	3.183239E-9	3.207443E-9	3.198945E-9	3.218641E-9	2.999805E-9	2.984786E-9	2.999866E-9	3.020456E-9	3.083499E-9	3.068347E-9	3.081188E-9	3.122045E-9	3.120711E-9	3.053634E-9	3.034035E-9	3.079506E-9	3.078527E-9	3.114232E-9	3.229263E-9	3.248139E-9
0:26:09	1	-4.990339E+0	2.552800E+1	2.581100E+1	1.253161E+0	1.548334E+0	3.820000E+2	1.058300E-7	1.053226E-7	3.276016E-9	3.276428E-9	3.315587E-9	3.321841E-9	3.369830E-9	3.454901E-9	3.443722E-9	3.567295E-9	3.244190E-9	3.257562E-9	3.233627E-9	3.256467E-9	3.350527E-9	3.374423E-9	3.365984E-9	3.382746E-9	3.153940E-9	3.137163E-9	3.154193E-9	3.175614E-9	3.238093E-9	3.228032E-9	3.244840E-9	3.286770E-9	3.277021E-9	3.207882E-9	3.184754E-9	3.234880E-9	3.232794E-9	3.270678E-9	3.391272E-9	3.413576E-9
0:26:22	1	-4.991327E+0	2.553700E+1	2.581700E+1	1.253883E+0	1.549107E+0	3.840000E+2	1.113600E-7	1.109143E-7	3.449252E-9	3.454678E-9	3.489735E-9	3.497713E-9	3.548494E-9	3.642032E-9	3.626084E-9	3.760894E-9	3.419901E-9	3.429578E-9	3.401621E-9	3.427854E-9	3.528838E-9	3.549984E-9	3.538343E-9	3.563497E-9	3.315422E-9	3.300680E-9	3.319984E-9	3.345816E-9	3.405181E-9	3.400630E-9	3.415631E-9	3.459993E-9	3.451238E-9	3.381789E-9	3.353596E-9	3.408110E-9	3.406384E-9	3.447782E-9	3.576174E-9	3.597373E-9
0:26:36	1	-4.992695E+0	2.554000E+1	2.582000E+1	1.253845E+0	1.548461E+0	3.860000E+2	1.171400E-7	1.167782E-7	3.630432E-9	3.631164E-9	3.673872E-9	3.680231E-9	3.732985E-9	3.835825E-9	3.821648E-9	3.977766E-9	3.597639E-9	3.607534E-9	3.578089E-9	3.602397E-9	3.714623E-9	3.738988E-9	3.739651E-9	3.755576E-9	3.490017E-9	3.477666E-9	3.493272E-9	3.522915E-9	3.590695E-9	3.577638E-9	3.597227E-9	3.640895E-9	3.632643E-9	3.556198E-9	3.527930E-9	3.585328E-9	3.584584E-9	3.631221E-9	3.763961E-9	3.787564E-9
0:26:49	1	-4.988819E+0	2.554200E+1	2.582500E+1	1.247537E+0	1.542887E+0	3.880000E+2	1.238500E-7	1.232650E-7	3.825740E-9	3.837284E-9	3.879879E-9	3.883001E-9	3.945481E-9	4.054322E-9	4.036920E-9	4.199460E-9	3.799213E-9	3.808746E-9	3.774029E-9	3.794181E-9	3.917003E-9	3.948816E-9	3.950904E-9	3.962908E-9	3.680261E-9	3.669317E-9	3.688732E-9	3.713868E-9	3.795895E-9	3.775938E-9	3.796198E-9	3.845653E-9	3.828677E-9	3.748695E-9	3.727270E-9	3.788505E-9	3.780717E-9	3.829869E-9	3.977840E-9	3.999726E-9
0:27:03	1	-4.990036E+0	2.555100E+1	2.583200E+1	1.249842E+0	1.545534E+0	3.900000E+2	1.308200E-7	1.301559E-7	4.036245E-9	4.049962E-9	4.093788E-9	4.101465E-9	4.164247E-9	4.280866E-9	4.265459E-9	4.431804E-9	4.009027E-9	4.018680E-9	3.983437E-9	4.011161E-9	4.139021E-9	4.169878E-9	4.175585E-9	4.188023E-9	3.881020E-9	3.872737E-9	3.893261E-9	3.925446E-9	4.006522E-9	3.990804E-9	4.013367E-9	4.066966E-9	4.037510E-9	3.960472E-9	3.928313E-9	3.994468E-9	3.992637E-9	4.047208E-9	4.196927E-9	4.229554E-9
0:27:16	1	-4.990795E+0	2.554500E+1	2.583200E+1	1.252300E+0	1.547802E+0	3.920000E+2	1.394000E-7	1.379012E-7	4.271158E-9	4.287611E-9	4.333678E-9	4.347208E-9	4.413238E-9	4.540786E-9	4.523431E-9	4.693954E-9	4.246098E-9	4.259770E-9	4.224714E-9	4.255928E-9	4.389987E-9	4.416247E-9	4.419842E-9	4.443266E-9	4.113772E-9	4.100138E-9	4.123807E-9	4.156647E-9	4.241823E-9	4.229861E-9	4.250632E-9	4.306911E-9	4.278818E-9	4.194673E-9	4.164211E-9	4.234370E-9	4.230260E-9	4.284130E-9	4.446557E-9	4.477676E-9
0:27:30	1	-4.991404E+0	2.554400E+1	2.583200E+1	1.253326E+0	1.548473E+0	3.940000E+2	1.475000E-7	1.460878E-7	4.522654E-9	4.536986E-9	4.597397E-9	4.607506E-9	4.679712E-9	4.807998E-9	4.794796E-9	4.978740E-9	4.495276E-9	4.512864E-9	4.473007E-9	4.515344E-9	4.650706E-9	4.682619E-9	4.677907E-9	4.710405E-9	4.355776E-9	4.344031E-9	4.370543E-9	4.402767E-9	4.489995E-9	4.475908E-9	4.504954E-9	4.562214E-9	4.529266E-9	4.440365E-9	4.405668E-9	4.481360E-9	4.481710E-9	4.540628E-9	4.711742E-9	4.746946E-9
0:27:43	1	-4.986235E+0	2.553700E+1	2.582600E+1	1.253807E+0	1.548929E+0	3.960000E+2	1.563300E-7	1.554745E-7	4.806439E-9	4.828291E-9	4.887098E-9	4.900395E-9	4.981666E-9	5.119778E-9	5.103428E-9	5.305825E-9	4.778239E-9	4.799578E-9	4.753167E-9	4.804882E-9	4.952726E-9	4.986286E-9	4.984555E-9	5.017288E-9	4.628946E-9	4.622476E-9	4.649088E-9	4.684057E-9	4.779054E-9	4.772223E-9	4.799399E-9	4.864411E-9	4.817862E-9	4.724117E-9	4.689239E-9	4.772102E-9	4.769470E-9	4.830013E-9	5.012115E-9	5.050278E-9
0:27:57	1	-4.988591E+0	2.553800E+1	2.582000E+1	1.253947E+0	1.549081E+0	3.980000E+2	1.659100E-7	1.653929E-7	5.108828E-9	5.130882E-9	5.196203E-9	5.207840E-9	5.300980E-9	5.451797E-9	5.430759E-9	5.662333E-9	5.082881E-9	5.103103E-9	5.056594E-9	5.102946E-9	5.270646E-9	5.306551E-9	5.309766E-9	5.343350E-9	4.920488E-9	4.910487E-9	4.945963E-9	4.980955E-9	5.091778E-9	5.078616E-9	5.107556E-9	5.176363E-9	5.114025E-9	5.020431E-9	4.983606E-9	5.074367E-9	5.069984E-9	5.138724E-9	5.337011E-9	5.377099E-9
0:28:10	1	-4.989808E+0	2.553500E+1	2.581700E+1	1.250856E+0	1.545281E+0	4.000000E+2	1.770400E-7	1.768121E-7	5.455173E-9	5.480387E-9	5.558091E-9	5.566991E-9	5.671230E-9	5.826561E-9	5.817213E-9	6.057902E-9	5.427522E-9	5.457373E-9	5.399854E-9	5.448750E-9	5.632270E-9	5.678752E-9	5.684509E-9	5.718648E-9	5.253589E-9	5.249355E-9	5.283153E-9	5.328508E-9	5.447219E-9	5.430428E-9	5.465567E-9	5.541441E-9	5.464982E-9	5.359578E-9	5.323690E-9	5.419750E-9	5.415145E-9	5.492108E-9	5.706312E-9	5.750011E-9
0:28:24	1	-4.991099E+0	2.553100E+1	2.581500E+1	1.247891E+0	1.543469E+0	4.020000E+2	1.893700E-7	1.888715E-7	5.818355E-9	5.848806E-9	5.929966E-9	5.948482E-9	6.059031E-9	6.238034E-9	6.220026E-9	6.484990E-9	5.791050E-9	5.824471E-9	5.766066E-9	5.818866E-9	6.026897E-9	6.073167E-9	6.097260E-9	6.119641E-9	5.605441E-9	5.598229E-9	5.639238E-9	5.684711E-9	5.808907E-9	5.799184E-9	5.834824E-9	5.915394E-9	5.826910E-9	5.718193E-9	5.681831E-9	5.793117E-9	5.793772E-9	5.871723E-9	6.088724E-9	6.146223E-9
0:28:37	1	-4.989047E+0	2.552500E+1	2.580900E+1	1.251223E+0	1.546358E+0	4.040000E+2	2.030100E-7	2.027334E-7	6.238546E-9	6.274857E-9	6.363727E-9	6.384779E-9	6.503600E-9	6.704070E-9	6.686892E-9	6.965153E-9	6.210234E-9	6.248318E-9	6.192596E-9	6.263877E-9	6.470363E-9	6.523622E-9	6.540418E-9	6.581392E-9	6.010888E-9	6.005134E-9	6.052393E-9	6.106049E-9	6.239184E-9	6.223309E-9	6.265498E-9	6.349146E-9	6.247918E-9	6.132076E-9	6.094652E-9	6.211312E-9	6.210855E-9	6.294239E-9	6.541635E-9	6.596696E-9
0:28:51	1	-4.992316E+0	2.552600E+1	2.580600E+1	1.252883E+0	1.548017E+0	4.060000E+2	2.183400E-7	2.183568E-7	6.710199E-9	6.752484E-9	6.856717E-9	6.879426E-9	7.014057E-9	7.223282E-9	7.205302E-9	7.517415E-9	6.685138E-9	6.728979E-9	6.662439E-9	6.745643E-9	6.976600E-9	7.026705E-9	7.061233E-9	7.096303E-9	6.467906E-9	6.464721E-9	6.510841E-9	6.573153E-9	6.713760E-9	6.711941E-9	6.756136E-9	6.850812E-9	6.714390E-9	6.599661E-9	6.555022E-9	6.682439E-9	6.680542E-9	6.781384E-9	7.046478E-9	7.105731E-9
0:29:04	1	-4.989427E+0	2.551600E+1	2.580100E+1	1.253465E+0	1.548435E+0	4.080000E+2	2.352900E-7	2.353985E-7	7.228516E-9	7.276769E-9	7.388075E-9	7.414512E-9	7.561324E-9	7.798125E-9	7.787319E-9	8.121931E-9	7.197691E-9	7.244331E-9	7.183051E-9	7.279125E-9	7.524326E-9	7.588667E-9	7.607640E-9	7.662351E-9	6.967620E-9	6.965657E-9	7.015962E-9	7.080500E-9	7.235595E-9	7.231562E-9	7.290625E-9	7.390309E-9	7.228339E-9	7.102789E-9	7.062177E-9	7.201430E-9	7.204217E-9	7.305407E-9	7.589330E-9	7.663200E-9
0:29:18	1	-4.989352E+0	2.551100E+1	2.579700E+1	1.253883E+0	1.548549E+0	4.100000E+2	2.554100E-7	2.553861E-7	7.826483E-9	7.887816E-9	8.011912E-9	8.050477E-9	8.214648E-9	8.480646E-9	8.462321E-9	8.848772E-9	7.795818E-9	7.850495E-9	7.792623E-9	7.894891E-9	8.173275E-9	8.237021E-9	8.268446E-9	8.330482E-9	7.538667E-9	7.540484E-9	7.613554E-9	7.672040E-9	7.849177E-9	7.851090E-9	7.909971E-9	8.025166E-9	7.826907E-9	7.685932E-9	7.649145E-9	7.805263E-9	7.807962E-9	7.923399E-9	8.238117E-9	8.323110E-9
0:29:31	1	-4.990871E+0	2.550900E+1	2.579500E+1	1.254137E+0	1.548397E+0	4.107947E+2	2.635400E-7	2.635560E-7	8.076214E-9	8.137569E-9	8.270132E-9	8.304002E-9	8.478719E-9	8.751001E-9	8.735264E-9	9.142311E-9	8.040114E-9	8.101251E-9	8.043951E-9	8.135804E-9	8.426206E-9	8.511852E-9	8.538042E-9	8.611484E-9	7.767935E-9	7.778585E-9	7.855627E-9	7.921860E-9	8.114511E-9	8.097830E-9	8.161639E-9	8.276063E-9	8.077103E-9	7.934074E-9	7.889905E-9	8.053710E-9	8.055181E-9	8.178567E-9	8.497973E-9	8.591496E-9
0:29:45	1	-4.992164E+0	2.550800E+1	2.579200E+1	1.247803E+0	1.542570E+0	4.115893E+2	2.721500E-7	2.723614E-7	8.328088E-9	8.408196E-9	8.538974E-9	8.591452E-9	8.769648E-9	9.049706E-9	9.037137E-9	9.455697E-9	8.305392E-9	8.366986E-9	8.308810E-9	8.403558E-9	8.718027E-9	8.801510E-9	8.852039E-9	8.894572E-9	8.030145E-9	8.039029E-9	8.113133E-9	8.185344E-9	8.383761E-9	8.371471E-9	8.440734E-9	8.559127E-9	8.324021E-9	8.196723E-9	8.148724E-9	8.312984E-9	8.322986E-9	8.443877E-9	8.782853E-9	8.876720E-9
0:29:58	1	-4.990643E+0	2.551300E+1	2.579500E+1	1.249120E+0	1.544622E+0	4.123840E+2	2.824500E-7	2.825765E-7	8.634895E-9	8.711103E-9	8.856551E-9	8.908517E-9	9.099224E-9	9.387948E-9	9.376658E-9	9.818545E-9	8.611558E-9	8.678223E-9	8.608573E-9	8.729722E-9	9.048488E-9	9.134585E-9	9.185419E-9	9.245820E-9	8.318203E-9	8.339065E-9	8.411522E-9	8.490709E-9	8.693518E-9	8.697203E-9	8.769994E-9	8.887381E-9	8.638219E-9	8.499320E-9	8.442779E-9	8.625572E-9	8.635502E-9	8.759748E-9	9.113456E-9	9.218482E-9
0:30:12	1	-4.990567E+0	2.551100E+1	2.579600E+1	1.252148E+0	1.547105E+0	4.131787E+2	2.922700E-7	2.923738E-7	8.933247E-9	9.015775E-9	9.172357E-9	9.204127E-9	9.420628E-9	9.728201E-9	9.714032E-9	1.016256E-8	8.903079E-9	8.979093E-9	8.905424E-9	9.047046E-9	9.364379E-9	9.449107E-9	9.485734E-9	9.577576E-9	8.611395E-9	8.619020E-9	8.698444E-9	8.785727E-9	8.989456E-9	8.998242E-9	9.070821E-9	9.195998E-9	8.934130E-9	8.781188E-9	8.741251E-9	8.916946E-9	8.934943E-9	9.066241E-9	9.433020E-9	9.534603E-9
0:30:25	1	-4.990187E+0	2.551900E+1	2.580100E+1	1.253263E+0	1.548309E+0	4.139734E+2	3.037400E-7	3.038929E-7	9.272907E-9	9.354370E-9	9.521792E-9	9.576821E-9	9.795124E-9	1.011265E-8	1.010674E-8	1.058071E-8	9.255452E-9	9.330961E-9	9.264238E-9	9.397081E-9	9.740066E-9	9.837148E-9	9.872450E-9	9.958380E-9	8.939555E-9	8.952914E-9	9.044262E-9	9.116854E-9	9.347674E-9	9.348982E-9	9.435592E-9	9.580211E-9	9.275187E-9	9.115309E-9	9.080891E-9	9.266697E-9	9.281492E-9	9.420448E-9	9.798058E-9	9.911885E-9
0:30:39	1	-4.990871E+0	2.552000E+1	2.580400E+1	1.253896E+0	1.548701E+0	4.147680E+2	3.151700E-7	3.150171E-7	9.601466E-9	9.699207E-9	9.871606E-9	9.922744E-9	1.016221E-8	1.049558E-8	1.048505E-8	1.098693E-8	9.578983E-9	9.673982E-9	9.595990E-9	9.748505E-9	1.008909E-8	1.020260E-8	1.025980E-8	1.033912E-8	9.259287E-9	9.277871E-9	9.376790E-9	9.458952E-9	9.686330E-9	9.696258E-9	9.782734E-9	9.926028E-9	9.592976E-9	9.439382E-9	9.396538E-9	9.603215E-9	9.612822E-9	9.762868E-9	1.015594E-8	1.027625E-8
0:30:52	1	-4.989808E+0	2.552900E+1	2.580800E+1	1.250805E+0	1.545154E+0	4.155627E+2	3.277600E-7	3.279153E-7	9.989810E-9	1.009550E-8	1.027648E-8	1.033581E-8	1.058296E-8	1.093660E-8	1.092728E-8	1.146697E-8	9.965839E-9	1.005385E-8	9.986860E-9	1.013858E-8	1.051773E-8	1.062503E-8	1.070600E-8	1.077682E-8	9.623494E-9	9.642858E-9	9.746040E-9	9.834338E-9	1.009048E-8	1.009386E-8	1.018169E-8	1.034694E-8	9.978801E-9	9.819602E-9	9.770716E-9	9.985194E-9	9.994670E-9	1.016181E-8	1.055887E-8	1.070380E-8
0:31:06	1	-4.991555E+0	2.553200E+1	2.581300E+1	1.247600E+0	1.543279E+0	4.163574E+2	3.401300E-7	3.405069E-7	1.035312E-8	1.046827E-8	1.066789E-8	1.073205E-8	1.099084E-8	1.136838E-8	1.135706E-8	1.192804E-8	1.034173E-8	1.044009E-8	1.036559E-8	1.050914E-8	1.092338E-8	1.104747E-8	1.111856E-8	1.120959E-8	9.983771E-9	1.001452E-8	1.012329E-8	1.021856E-8	1.047716E-8	1.048958E-8	1.057875E-8	1.073512E-8	1.034300E-8	1.018356E-8	1.014950E-8	1.036420E-8	1.037671E-8	1.055011E-8	1.097992E-8	1.111793E-8
0:31:19	1	-4.992239E+0	2.554000E+1	2.581900E+1	1.247410E+0	1.543140E+0	4.171521E+2	3.539600E-7	3.538697E-7	1.076278E-8	1.087849E-8	1.109779E-8	1.115297E-8	1.143332E-8	1.183529E-8	1.181805E-8	1.241119E-8	1.072890E-8	1.084302E-8	1.077259E-8	1.094758E-8	1.135835E-8	1.148435E-8	1.156146E-8	1.167165E-8	1.036451E-8	1.039077E-8	1.052291E-8	1.061126E-8	1.088378E-8	1.089223E-8	1.100304E-8	1.116912E-8	1.073847E-8	1.056711E-8	1.052798E-8	1.075036E-8	1.078022E-8	1.094804E-8	1.140052E-8	1.156157E-8
0:31:33	1	-4.991555E+0	2.554000E+1	2.582300E+1	1.250717E+0	1.546256E+0	4.179467E+2	3.695500E-7	3.697304E-7	1.122220E-8	1.135795E-8	1.157833E-8	1.164129E-8	1.195803E-8	1.237053E-8	1.236666E-8	1.299408E-8	1.120615E-8	1.132185E-8	1.124066E-8	1.144892E-8	1.188416E-8	1.200643E-8	1.209222E-8	1.220447E-8	1.081367E-8	1.084973E-8	1.097461E-8	1.108557E-8	1.137381E-8	1.139579E-8	1.150644E-8	1.167884E-8	1.120198E-8	1.102828E-8	1.099365E-8	1.122902E-8	1.126165E-8	1.145134E-8	1.191220E-8	1.207991E-8
0:31:46	1	-4.990720E+0	2.554100E+1	2.582300E+1	1.252655E+0	1.548093E+0	4.187414E+2	3.836200E-7	3.837423E-7	1.163930E-8	1.178166E-8	1.201607E-8	1.208822E-8	1.242376E-8	1.284914E-8	1.285885E-8	1.351045E-8	1.161107E-8	1.174664E-8	1.168186E-8	1.189090E-8	1.233928E-8	1.247064E-8	1.254513E-8	1.269268E-8	1.120968E-8	1.124618E-8	1.138626E-8	1.150396E-8	1.180314E-8	1.183213E-8	1.195127E-8	1.213116E-8	1.160123E-8	1.143262E-8	1.138589E-8	1.165778E-8	1.167336E-8	1.187804E-8	1.237170E-8	1.253228E-8
0:32:00	1	-4.990492E+0	2.554200E+1	2.582700E+1	1.253453E+0	1.548714E+0	4.195361E+2	4.005600E-7	4.002143E-7	1.212987E-8	1.227808E-8	1.253750E-8	1.262020E-8	1.296539E-8	1.342555E-8	1.341238E-8	1.412733E-8	1.210911E-8	1.224411E-8	1.215391E-8	1.239085E-8	1.287605E-8	1.301841E-8	1.310827E-8	1.326335E-8	1.167018E-8	1.172308E-8	1.187160E-8	1.199344E-8	1.231273E-8	1.233695E-8	1.245524E-8	1.264806E-8	1.207571E-8	1.190177E-8	1.187347E-8	1.214062E-8	1.218352E-8	1.238508E-8	1.290326E-8	1.307924E-8
0:32:13	1	-4.990339E+0	2.554200E+1	2.582500E+1	1.253909E+0	1.548600E+0	4.203308E+2	4.196700E-7	4.198115E-7	1.270223E-8	1.287463E-8	1.313890E-8	1.323940E-8	1.360718E-8	1.409890E-8	1.410077E-8	1.487535E-8	1.268043E-8	1.283094E-8	1.275710E-8	1.299418E-8	1.352025E-8	1.368014E-8	1.377059E-8	1.394743E-8	1.222843E-8	1.227707E-8	1.243599E-8	1.257846E-8	1.291938E-8	1.292776E-8	1.306012E-8	1.328959E-8	1.264818E-8	1.246256E-8	1.242729E-8	1.272736E-8	1.275829E-8	1.299167E-8	1.353029E-8	1.373067E-8
0:32:27	1	-4.991251E+0	2.554500E+1	2.583100E+1	1.247740E+0	1.542963E+0	4.211254E+2	4.387100E-7	4.391044E-7	1.326388E-8	1.345560E-8	1.374928E-8	1.385442E-8	1.423593E-8	1.476526E-8	1.478506E-8	1.559021E-8	1.324040E-8	1.342251E-8	1.334246E-8	1.359826E-8	1.413994E-8	1.431796E-8	1.444090E-8	1.459999E-8	1.277376E-8	1.283340E-8	1.299535E-8	1.314712E-8	1.351504E-8	1.354042E-8	1.368395E-8	1.390009E-8	1.319958E-8	1.300532E-8	1.298717E-8	1.329232E-8	1.333463E-8	1.356879E-8	1.415518E-8	1.437019E-8
0:32:40	1	-4.990492E+0	2.554100E+1	2.582800E+1	1.249399E+0	1.545053E+0	4.219201E+2	4.605000E-7	4.601509E-7	1.387893E-8	1.408159E-8	1.441035E-8	1.451842E-8	1.494203E-8	1.548965E-8	1.550876E-8	1.639225E-8	1.385735E-8	1.405578E-8	1.396025E-8	1.426423E-8	1.483386E-8	1.503169E-8	1.515568E-8	1.534445E-8	1.335425E-8	1.343164E-8	1.361531E-8	1.376618E-8	1.415563E-8	1.417337E-8	1.434273E-8	1.458291E-8	1.380774E-8	1.361158E-8	1.359914E-8	1.391407E-8	1.396887E-8	1.422106E-8	1.482730E-8	1.505384E-8
0:32:54	1	-4.990720E+0	2.553800E+1	2.582400E+1	1.252199E+0	1.547270E+0	4.227148E+2	4.856900E-7	4.852667E-7	1.459596E-8	1.483218E-8	1.518994E-8	1.530494E-8	1.577104E-8	1.636565E-8	1.639385E-8	1.732829E-8	1.458910E-8	1.480755E-8	1.472005E-8	1.503913E-8	1.565656E-8	1.586167E-8	1.602457E-8	1.621821E-8	1.406321E-8	1.413222E-8	1.433850E-8	1.452906E-8	1.493403E-8	1.495850E-8	1.513931E-8	1.540402E-8	1.453165E-8	1.433056E-8	1.430974E-8	1.466410E-8	1.471773E-8	1.498619E-8	1.562706E-8	1.590211E-8
0:33:07	1	-4.992467E+0	2.553700E+1	2.581900E+1	1.253047E+0	1.548220E+0	4.235095E+2	5.108000E-7	5.102612E-7	1.534497E-8	1.558194E-8	1.597288E-8	1.608052E-8	1.660410E-8	1.722323E-8	1.726429E-8	1.828513E-8	1.530811E-8	1.555489E-8	1.549743E-8	1.583172E-8	1.647958E-8	1.669783E-8	1.686762E-8	1.709715E-8	1.475659E-8	1.484866E-8	1.506875E-8	1.525300E-8	1.569773E-8	1.575252E-8	1.594607E-8	1.621060E-8	1.522430E-8	1.502481E-8	1.501390E-8	1.539285E-8	1.545958E-8	1.575239E-8	1.644011E-8	1.672796E-8
0:33:21	1	-4.989731E+0	2.553500E+1	2.581900E+1	1.253592E+0	1.548866E+0	4.243041E+2	5.403000E-7	5.404533E-7	1.621972E-8	1.647055E-8	1.689995E-8	1.705039E-8	1.758884E-8	1.830176E-8	1.834773E-8	1.946538E-8	1.618926E-8	1.645144E-8	1.638432E-8	1.676121E-8	1.746520E-8	1.770993E-8	1.792731E-8	1.816160E-8	1.557572E-8	1.569766E-8	1.593809E-8	1.614990E-8	1.660448E-8	1.670074E-8	1.691199E-8	1.720676E-8	1.607105E-8	1.589014E-8	1.586594E-8	1.628693E-8	1.636618E-8	1.669031E-8	1.739065E-8	1.771216E-8
0:33:34	1	-4.991099E+0	2.552900E+1	2.581600E+1	1.253959E+0	1.548967E+0	4.250988E+2	5.703600E-7	5.708892E-7	1.708413E-8	1.738217E-8	1.782676E-8	1.802702E-8	1.862034E-8	1.935162E-8	1.943837E-8	2.064911E-8	1.705812E-8	1.736182E-8	1.727974E-8	1.771697E-8	1.847647E-8	1.875945E-8	1.898218E-8	1.925699E-8	1.641950E-8	1.654426E-8	1.681215E-8	1.702461E-8	1.756214E-8	1.764726E-8	1.788417E-8	1.819410E-8	1.693103E-8	1.673166E-8	1.672518E-8	1.716352E-8	1.727259E-8	1.760162E-8	1.838008E-8	1.872409E-8
0:33:48	1	-4.990795E+0	2.553300E+1	2.581500E+1	1.251553E+0	1.545813E+0	4.258935E+2	6.043900E-7	6.047078E-7	1.805083E-8	1.837160E-8	1.889953E-8	1.908365E-8	1.974281E-8	2.056285E-8	2.065167E-8	2.197165E-8	1.803842E-8	1.837376E-8	1.829960E-8	1.877036E-8	1.958890E-8	1.989404E-8	2.017280E-8	2.044535E-8	1.732948E-8	1.747746E-8	1.779216E-8	1.805166E-8	1.860146E-8	1.869387E-8	1.897260E-8	1.928940E-8	1.787217E-8	1.766701E-8	1.767022E-8	1.815465E-8	1.826879E-8	1.863528E-8	1.946836E-8	1.984543E-8
0:34:01	1	-4.991023E+0	2.553000E+1	2.581200E+1	1.247208E+0	1.543001E+0	4.266882E+2	6.449700E-7	6.458464E-7	1.922047E-8	1.959042E-8	2.016402E-8	2.041204E-8	2.113101E-8	2.202275E-8	2.213180E-8	2.358044E-8	1.919943E-8	1.958558E-8	1.954024E-8	2.006170E-8	2.095971E-8	2.130788E-8	2.161458E-8	2.194059E-8	1.844712E-8	1.862152E-8	1.895875E-8	1.925405E-8	1.985090E-8	1.998604E-8	2.027025E-8	2.066449E-8	1.900090E-8	1.880391E-8	1.883412E-8	1.934035E-8	1.947811E-8	1.988337E-8	2.078626E-8	2.120362E-8
0:34:15	1	-4.990948E+0	2.552900E+1	2.580900E+1	1.250717E+0	1.546054E+0	4.274828E+2	6.884100E-7	6.881122E-7	2.043760E-8	2.083881E-8	2.146486E-8	2.173004E-8	2.255309E-8	2.355662E-8	2.367218E-8	2.526906E-8	2.040019E-8	2.082565E-8	2.079018E-8	2.137583E-8	2.237321E-8	2.277523E-8	2.315460E-8	2.348793E-8	1.957344E-8	1.980605E-8	2.015784E-8	2.046660E-8	2.114237E-8	2.132015E-8	2.159494E-8	2.206054E-8	2.015371E-8	1.996467E-8	1.999922E-8	2.056448E-8	2.070398E-8	2.116238E-8	2.212530E-8	2.261145E-8
0:34:28	1	-4.991632E+0	2.552300E+1	2.580600E+1	1.252579E+0	1.547536E+0	4.282775E+2	7.394000E-7	7.394561E-7	2.186724E-8	2.233733E-8	2.305224E-8	2.336612E-8	2.427409E-8	2.538494E-8	2.555784E-8	2.735047E-8	2.185906E-8	2.235459E-8	2.231213E-8	2.301158E-8	2.411533E-8	2.452870E-8	2.497214E-8	2.536309E-8	2.093701E-8	2.119588E-8	2.161292E-8	2.197135E-8	2.272693E-8	2.290843E-8	2.328447E-8	2.374594E-8	2.152374E-8	2.135109E-8	2.142219E-8	2.202940E-8	2.219784E-8	2.272736E-8	2.377963E-8	2.433508E-8
0:34:42	1	-4.991251E+0	2.551900E+1	2.580600E+1	1.253668E+0	1.548473E+0	4.290722E+2	7.933200E-7	7.935308E-7	2.336935E-8	2.391000E-8	2.469834E-8	2.509017E-8	2.611844E-8	2.735342E-8	2.752353E-8	2.960151E-8	2.335780E-8	2.392391E-8	2.391905E-8	2.469684E-8	2.591700E-8	2.641672E-8	2.691852E-8	2.738331E-8	2.237997E-8	2.266980E-8	2.313717E-8	2.356235E-8	2.437889E-8	2.461728E-8	2.501670E-8	2.553614E-8	2.298936E-8	2.282091E-8	2.287906E-8	2.358827E-8	2.377980E-8	2.433701E-8	2.551394E-8	2.612620E-8
0:34:55	1	-4.991555E+0	2.552200E+1	2.580500E+1	1.253820E+0	1.548372E+0	4.298668E+2	8.608800E-7	8.616281E-7	2.524751E-8	2.588672E-8	2.680026E-8	2.721932E-8	2.843740E-8	2.982993E-8	3.010281E-8	3.245369E-8	2.524569E-8	2.590829E-8	2.592822E-8	2.683702E-8	2.821458E-8	2.878952E-8	2.942480E-8	2.996180E-8	2.415304E-8	2.452608E-8	2.504075E-8	2.551821E-8	2.646055E-8	2.676412E-8	2.717324E-8	2.780026E-8	2.478727E-8	2.460727E-8	2.472691E-8	2.552210E-8	2.576614E-8	2.640497E-8	2.768497E-8	2.840464E-8
0:35:09	1	-4.991099E+0	2.553200E+1	2.580800E+1	1.248208E+0	1.542836E+0	4.306615E+2	9.360000E-7	9.370809E-7	2.735541E-8	2.808803E-8	2.913929E-8	2.965060E-8	3.100926E-8	3.261256E-8	3.293585E-8	3.565776E-8	2.730275E-8	2.806949E-8	2.812119E-8	2.922621E-8	3.075590E-8	3.143753E-8	3.222107E-8	3.281249E-8	2.610280E-8	2.653392E-8	2.718187E-8	2.770421E-8	2.874433E-8	2.909729E-8	2.964557E-8	3.031659E-8	2.673298E-8	2.660560E-8	2.676501E-8	2.762346E-8	2.795474E-8	2.866524E-8	3.008030E-8	3.093159E-8
0:35:22	1	-4.991251E+0	2.552800E+1	2.581300E+1	1.249690E+0	1.544977E+0	4.314562E+2	1.022900E-6	1.022791E-6	2.964587E-8	3.050360E-8	3.176031E-8	3.239217E-8	3.401442E-8	3.576921E-8	3.622481E-8	3.940529E-8	2.962040E-8	3.058812E-8	3.068025E-8	3.191876E-8	3.367526E-8	3.443969E-8	3.540691E-8	3.617752E-8	2.827924E-8	2.880743E-8	2.952204E-8	3.015820E-8	3.137805E-8	3.181037E-8	3.244963E-8	3.325805E-8	2.890669E-8	2.882336E-8	2.901458E-8	3.002132E-8	3.037124E-8	3.123866E-8	3.275931E-8	3.377042E-8
0:35:36	1	-4.990795E+0	2.552800E+1	2.581200E+1	1.252351E+0	1.547295E+0	4.322509E+2	1.131600E-6	1.133422E-6	3.259989E-8	3.366691E-8	3.510707E-8	3.589698E-8	3.782274E-8	4.002676E-8	4.054707E-8	4.434206E-8	3.254931E-8	3.374104E-8	3.387424E-8	3.542467E-8	3.747749E-8	3.840246E-8	3.959872E-8	4.055934E-8	3.106296E-8	3.167880E-8	3.255372E-8	3.330806E-8	3.476368E-8	3.529063E-8	3.609672E-8	3.701754E-8	3.170716E-8	3.160738E-8	3.189745E-8	3.306417E-8	3.350105E-8	3.449236E-8	3.622730E-8	3.751588E-8
0:35:49	1	-4.990036E+0	2.553400E+1	2.581600E+1	1.253529E+0	1.548232E+0	4.330455E+2	1.254900E-6	1.255241E-6	3.580301E-8	3.707361E-8	3.880402E-8	3.978796E-8	4.204605E-8	4.466529E-8	4.535267E-8	4.998442E-8	3.577068E-8	3.718477E-8	3.741522E-8	3.929944E-8	4.167720E-8	4.282206E-8	4.425624E-8	4.547670E-8	3.404680E-8	3.482075E-8	3.591912E-8	3.679017E-8	3.844335E-8	3.911791E-8	4.003490E-8	4.121487E-8	3.466595E-8	3.465191E-8	3.502425E-8	3.633920E-8	3.690801E-8	3.808595E-8	4.015440E-8	4.160426E-8
0:36:03	1	-4.990415E+0	2.553500E+1	2.581800E+1	1.253592E+0	1.548727E+0	4.338402E+2	1.391000E-6	1.391801E-6	3.935941E-8	4.087881E-8	4.294010E-8	4.415119E-8	4.684222E-8	4.996411E-8	5.086107E-8	5.654565E-8	3.930507E-8	4.096553E-8	4.135011E-8	4.353914E-8	4.636023E-8	4.782622E-8	4.976567E-8	5.117846E-8	3.731300E-8	3.832826E-8	3.953246E-8	4.061945E-8	4.258365E-8	4.345883E-8	4.451554E-8	4.595202E-8	3.790584E-8	3.795476E-8	3.846429E-8	3.999424E-8	4.068684E-8	4.206018E-8	4.441237E-8	4.618590E-8
