APD#	0018	Started	07/16/07 15:14	Sense_ohms	1.004464E+6	1.004628E+6	1.002105E+6	1.000924E+6	9.998282E+5	1.007735E+6	1.002821E+6	9.989270E+5	9.993226E+5	1.002376E+6	1.001862E+6	1.003102E+6	1.000030E+6	1.003780E+6	1.000011E+6	1.000898E+6	9.999006E+5	1.006439E+6	1.005624E+6	1.010450E+6	1.003884E+6	1.005600E+6	1.002519E+6	1.006362E+6	1.004620E+6	1.008599E+6	1.003214E+6	1.000475E+6	1.003139E+6	9.996927E+5	1.009944E+6	1.000506E+6					
ElapTime	Shutter_Open	DegC	H2O_In	H2O_Out	TE_A	TE_V	BiasV	KE237_Amps	Pixel_Sum	A1	A2	A3	A4	A5	A6	A7	A8	B1	B2	B3	B4	B5	B6	B7	B8	C1	C2	C3	C4	C5	C6	C7	C8	D1	D2	D3	D4	D5	D6	D7	D8
0:00:00	0	1.001539E+1	2.557600E+1	2.568800E+1	5.974890E-1	7.961453E-1	0.000000E+0	-6.425700E-10	-1.458875E-10	-6.301868E-13	-4.980948E-12	-4.108352E-12	-5.758679E-12	-4.054697E-12	-3.583283E-12	-4.864278E-12	-5.075446E-13	-5.007392E-12	-5.371238E-12	-4.362876E-12	-6.504822E-12	-2.850914E-12	-4.795872E-12	-3.736959E-12	-4.303136E-12	-5.574554E-12	-6.545851E-12	-7.747428E-12	-4.701866E-12	-3.722542E-12	-4.724543E-12	-5.244788E-12	-5.476161E-12	-4.098067E-12	-4.333734E-12	-4.609186E-12	-5.445413E-12	-4.420125E-12	-4.942519E-12	-5.080480E-12	-3.799078E-12
0:00:13	0	1.001722E+1	2.555100E+1	2.567400E+1	5.964375E-1	7.955119E-1	0.000000E+0	-4.207300E-10	-3.828244E-10	-1.264356E-13	-1.380909E-11	-1.030331E-11	-1.291007E-11	-1.241813E-11	-1.288632E-11	-1.149657E-11	-1.242934E-11	-1.217024E-11	-1.232272E-11	-1.492122E-11	-1.370349E-11	-6.777797E-12	-1.621869E-11	-1.184487E-11	-1.240486E-11	-1.438043E-11	-1.283933E-11	-1.297602E-11	-1.316443E-11	-1.148439E-11	-1.190533E-11	-1.307905E-11	-9.504532E-12	-1.204336E-11	-1.231015E-11	-1.161766E-11	-1.411929E-11	-1.161853E-11	-1.153254E-11	-1.154024E-11	-1.196595E-11
0:00:26	0	1.001699E+1	2.555500E+1	2.566700E+1	5.955381E-1	7.948278E-1	1.000000E+1	2.236900E-10	-2.854982E-10	3.216641E-12	-8.007939E-12	-7.205832E-12	-8.669989E-12	-8.489458E-12	-8.297816E-12	-1.035978E-11	-9.385070E-12	-9.698570E-12	-8.278331E-12	-8.661872E-12	-6.694234E-12	-4.560863E-12	-1.281058E-11	-1.070488E-11	-1.025279E-11	-1.013601E-11	-7.929939E-12	-1.070877E-11	-1.134643E-11	-8.770934E-12	-9.385442E-12	-9.035240E-12	-1.107852E-11	-1.179053E-11	-8.729931E-12	-7.513850E-12	-9.687398E-12	-9.535069E-12	-9.630960E-12	-1.116399E-11	-1.019384E-11
0:00:40	0	1.001828E+1	2.555900E+1	2.566900E+1	5.965642E-1	7.953219E-1	2.000000E+1	3.310500E-10	-2.440436E-10	5.170917E-12	-7.125025E-12	-7.459298E-12	-6.138328E-12	-6.526121E-12	-8.045766E-12	-8.211834E-12	-5.960396E-12	-8.683882E-12	-7.520132E-12	-1.125404E-11	-5.115133E-12	-2.469926E-12	-1.091773E-11	-1.146487E-11	-8.797100E-12	-9.882982E-12	-9.692589E-12	-8.315235E-12	-7.522391E-12	-7.635344E-12	-7.873906E-12	-8.150469E-12	-1.051212E-11	-9.394597E-12	-5.840775E-12	-4.672981E-12	-8.421000E-12	-7.956026E-12	-9.250843E-12	-8.906434E-12	-9.497194E-12
0:00:53	0	1.001562E+1	2.555200E+1	2.566500E+1	5.957788E-1	7.944985E-1	3.000000E+1	2.757700E-10	-2.046118E-10	6.810597E-12	-4.729114E-12	-5.878625E-12	-5.316088E-12	-6.526121E-12	-7.229083E-12	-6.758933E-12	-4.565899E-12	-6.719552E-12	-8.278331E-12	-6.828286E-12	-9.093791E-12	-2.026939E-12	-1.072845E-11	-6.143932E-12	-5.443112E-12	-9.628957E-12	-7.741155E-12	-8.000008E-12	-7.334356E-12	-6.120229E-12	-7.558671E-12	-7.645740E-12	-8.371739E-12	-5.170114E-12	-5.778312E-12	-4.041012E-12	-6.901722E-12	-7.766621E-12	-6.335947E-12	-8.467796E-12	-8.293803E-12
0:01:07	0	1.001699E+1	2.555400E+1	2.566300E+1	5.968429E-1	7.959679E-1	4.000000E+1	3.087200E-10	-1.653841E-10	6.810597E-12	-5.485613E-12	-4.424686E-12	-4.873497E-12	-5.131882E-12	-3.834341E-12	-5.558320E-12	-4.248559E-12	-3.233190E-12	-5.814185E-12	-4.236112E-12	-2.526164E-12	-1.393958E-12	-8.961127E-12	-6.207932E-12	-4.430022E-12	-5.828579E-12	-8.308502E-12	-6.929031E-12	-7.585729E-12	-5.805452E-12	-5.858194E-12	-5.307630E-12	-5.476161E-12	-7.125082E-12	-5.149718E-12	-3.156854E-12	-6.141083E-12	-6.630188E-12	-7.667356E-12	-8.153917E-12	-6.711604E-12
0:01:20	0	1.001615E+1	2.555000E+1	2.566500E+1	5.955381E-1	7.947898E-1	5.000000E+1	9.855000E-10	-1.269641E-10	8.828589E-12	-3.657075E-12	-1.643540E-12	-2.974252E-12	-3.927675E-12	-3.457258E-12	-4.042596E-12	-3.297538E-12	-2.852933E-12	-5.308387E-12	-4.298995E-12	-1.641907E-12	-9.499715E-13	-6.815238E-12	-8.234909E-12	-3.733647E-12	-6.398636E-12	-6.483254E-12	-6.046992E-12	-5.892424E-12	-2.965482E-12	-5.291368E-12	-6.065720E-12	-5.413559E-12	-2.963310E-12	-3.139999E-12	-3.156854E-12	-4.875684E-12	-5.872566E-12	-4.562402E-12	-5.142859E-12	-4.685629E-12
0:01:34	0	1.001387E+1	2.555000E+1	2.566900E+1	5.951454E-1	7.942071E-1	6.000000E+1	1.142200E-9	-9.561795E-11	9.396056E-12	-2.017662E-12	-1.201471E-12	-2.594603E-12	-3.167544E-12	-3.080175E-12	-4.169239E-12	-2.917130E-12	-1.204816E-12	-4.044391E-12	-2.655056E-12	-4.925720E-12	6.329810E-13	-5.616769E-12	-1.583983E-12	-1.392749E-12	-5.131510E-12	-4.783201E-12	-4.409203E-12	-6.895937E-12	-2.524196E-12	-4.031424E-12	-3.475246E-12	-3.713376E-12	-4.540025E-12	-3.516759E-12	-1.010751E-12	-4.685774E-12	-4.104117E-12	-4.815480E-12	-3.449696E-12	-3.988982E-12
0:01:47	0	1.001722E+1	2.555000E+1	2.566700E+1	5.970203E-1	7.958919E-1	7.000000E+1	1.206100E-9	-7.002121E-11	9.333336E-12	-5.046644E-13	-1.011870E-12	-6.324156E-13	-3.547609E-12	-1.822900E-12	-2.463052E-12	-9.510204E-13	-5.703864E-13	-3.602441E-12	-1.643939E-12	-6.125000E-12	1.266962E-12	-5.111678E-12	-3.610960E-12	3.796591E-13	-4.307428E-12	-2.517788E-12	-3.401868E-12	-2.946212E-12	-1.703384E-12	-3.213007E-12	-3.412404E-12	-2.958180E-12	-3.278852E-12	-6.910576E-13	0.000000E+0	-4.621805E-12	-4.420125E-12	-3.738149E-12	-4.014084E-12	-4.178885E-12
0:02:01	0	1.001509E+1	2.554900E+1	2.566400E+1	5.963235E-1	7.953092E-1	8.000000E+1	1.343700E-9	-3.490903E-11	1.027911E-11	-3.782495E-13	1.267332E-13	-1.645480E-12	-1.014174E-12	-1.131250E-12	-5.055738E-13	4.501830E-12	-1.901288E-13	-1.769795E-12	-1.517175E-12	-5.682373E-13	2.723918E-12	-4.670346E-12	-7.474918E-12	-3.167156E-13	-3.547353E-12	-3.713091E-12	-2.141954E-12	-3.197585E-12	-1.199342E-12	-2.015712E-12	-1.769543E-12	-2.202985E-12	-2.837889E-12	3.391834E-12	6.279817E-14	-1.266398E-12	-3.789106E-12	-2.851876E-12	-2.697179E-12	-1.583199E-12
0:02:14	0	1.001813E+1	2.555600E+1	2.567000E+1	5.952594E-1	7.945491E-1	9.000000E+1	1.382200E-9	-9.800103E-12	1.046827E-11	5.673742E-13	8.212712E-13	-6.324156E-13	-8.231414E-13	-1.131250E-12	-1.958475E-12	4.185491E-12	1.394945E-12	-4.419499E-13	-9.482344E-13	6.948446E-13	3.230903E-12	-3.218833E-12	-3.169965E-13	1.962238E-12	-3.357334E-12	-2.329004E-12	-1.133624E-12	-1.629967E-12	1.829893E-12	-1.448886E-12	-9.476130E-13	-2.140383E-12	-3.027015E-12	6.276032E-13	-1.262941E-12	-1.203428E-12	-1.768449E-12	-3.422052E-12	-2.947688E-12	5.067436E-13
0:02:28	0	1.001539E+1	2.555900E+1	2.567000E+1	5.966782E-1	7.952205E-1	1.000000E+2	1.442700E-9	3.252970E-11	1.318016E-11	2.080372E-12	6.005359E-12	1.898246E-13	1.204207E-12	6.251644E-14	-3.161083E-13	1.078157E-12	1.965331E-12	-3.162486E-13	-2.525298E-13	2.272949E-12	2.343930E-12	-2.524458E-12	1.329985E-12	3.987419E-12	-2.530252E-13	4.401658E-13	-1.322562E-12	-1.629967E-12	-5.050384E-13	9.447096E-13	1.642862E-12	8.813926E-13	-1.828552E-12	3.516759E-12	2.083304E-12	-1.836128E-12	-1.704649E-12	-8.872727E-13	-1.257495E-13	8.225838E-13
0:02:42	0	1.001509E+1	2.556100E+1	2.567500E+1	5.952214E-1	7.943591E-1	1.200000E+2	1.760700E-9	9.265110E-11	1.500900E-11	3.405241E-12	4.803888E-12	2.025129E-12	3.547609E-12	1.006217E-12	1.769010E-12	3.805083E-12	4.754221E-12	1.074447E-12	2.655056E-12	7.073059E-12	5.510835E-12	-1.199466E-12	1.899979E-13	4.619851E-12	1.267126E-12	1.007513E-12	1.448852E-12	1.256866E-13	2.019158E-12	3.086714E-12	3.601927E-12	3.776971E-12	1.072047E-12	4.648032E-12	4.230403E-12	9.495490E-13	2.336665E-12	1.270390E-13	8.782665E-13	2.025975E-12
0:02:55	0	1.001722E+1	2.556400E+1	2.567800E+1	5.962349E-1	7.950685E-1	1.400000E+2	1.808700E-9	2.031783E-10	1.658596E-11	7.881524E-12	8.090969E-12	5.505913E-12	5.068871E-12	5.468700E-12	5.368854E-12	1.135118E-11	8.747926E-12	6.193285E-12	5.121464E-12	7.073059E-12	9.564713E-12	2.145889E-12	7.474918E-12	1.113900E-11	4.751472E-12	4.343035E-12	4.346555E-12	3.510317E-12	8.013874E-12	6.613962E-12	6.571447E-12	6.105159E-12	4.161773E-12	6.029155E-12	6.945677E-12	3.039556E-12	3.914712E-12	2.597798E-12	4.829971E-12	4.621661E-12
0:03:09	0	1.001813E+1	2.556400E+1	2.568100E+1	5.952214E-1	7.945745E-1	1.600000E+2	1.958100E-9	3.275274E-10	2.213519E-11	1.097123E-11	1.194685E-11	9.998761E-12	1.102389E-11	8.863441E-12	8.464123E-12	7.038552E-12	1.331102E-11	1.055392E-11	9.230812E-12	1.098792E-11	1.412558E-11	5.806053E-12	1.019889E-11	1.480970E-11	8.108806E-12	9.252424E-12	9.385218E-12	7.397694E-12	9.527993E-12	8.629674E-12	1.074194E-11	1.057472E-11	8.512671E-12	1.117887E-11	1.142827E-11	7.027662E-12	8.650845E-12	7.920434E-12	9.721331E-12	1.000294E-11
0:03:23	0	1.001661E+1	2.555500E+1	2.567700E+1	5.957281E-1	7.946378E-1	1.800000E+2	2.000200E-9	4.975136E-10	2.699151E-11	1.519567E-11	1.712994E-11	1.537879E-11	1.552167E-11	1.376652E-11	1.282283E-11	1.959503E-11	1.914297E-11	1.453447E-11	1.416263E-11	1.837600E-11	1.855944E-11	1.224272E-11	1.349185E-11	2.170751E-11	1.222722E-11	1.460198E-11	1.606266E-11	1.473205E-11	1.463914E-11	1.373210E-11	1.623909E-11	1.586209E-11	1.134957E-11	1.626613E-11	1.673222E-11	1.304280E-11	1.269216E-11	1.241982E-11	1.404929E-11	1.424579E-11
0:03:37	0	1.001555E+1	2.555900E+1	2.567200E+1	5.951708E-1	7.945111E-1	2.000000E+2	2.326500E-9	7.061864E-10	3.373839E-11	2.408653E-11	2.383084E-11	2.025129E-11	2.147769E-11	1.986336E-11	1.825550E-11	2.580869E-11	2.630582E-11	2.154980E-11	2.004268E-11	2.317611E-11	2.451326E-11	2.025743E-11	2.305775E-11	2.772011E-11	1.932192E-11	1.856744E-11	2.028293E-11	2.219209E-11	2.347283E-11	2.022076E-11	2.293622E-11	2.310103E-11	1.834823E-11	2.298634E-11	2.216277E-11	1.861416E-11	1.831252E-11	1.862872E-11	2.151307E-11	2.159008E-11
0:03:50	0	1.001593E+1	2.554700E+1	2.566400E+1	5.952721E-1	7.942198E-1	2.200000E+2	2.561000E-9	9.589614E-10	3.991880E-11	3.013951E-11	3.211141E-11	2.765645E-11	2.755973E-11	2.803515E-11	2.596176E-11	3.291131E-11	3.473653E-11	3.052348E-11	2.756667E-11	3.113243E-11	3.148106E-11	2.688338E-11	3.141865E-11	3.797290E-11	2.787477E-11	2.611981E-11	2.985708E-11	2.871196E-11	2.940479E-11	2.777944E-11	3.342480E-11	3.084278E-11	2.559973E-11	2.964409E-11	3.296007E-11	2.564282E-11	2.753158E-11	2.699330E-11	2.947886E-11	3.108627E-11
0:04:04	0	1.001790E+1	2.554100E+1	2.565900E+1	5.957281E-1	7.948278E-1	2.400000E+2	2.832800E-9	1.303510E-9	4.950501E-11	4.312840E-11	4.292065E-11	3.721262E-11	3.871065E-11	3.689760E-11	3.600543E-11	4.318434E-11	4.589309E-11	4.158220E-11	3.939065E-11	4.458270E-11	4.174275E-11	3.874753E-11	3.749959E-11	5.126297E-11	3.889787E-11	3.744887E-11	3.968382E-11	3.987035E-11	4.069893E-11	3.874006E-11	4.543056E-11	4.330549E-11	3.676017E-11	4.057212E-11	4.015793E-11	3.672256E-11	3.738266E-11	3.763857E-11	3.951407E-11	4.241954E-11
0:04:18	0	1.001684E+1	2.554100E+1	2.565600E+1	5.968176E-1	7.957019E-1	2.600000E+2	3.327800E-9	1.755659E-9	6.155024E-11	5.485613E-11	5.689025E-11	5.024957E-11	5.423232E-11	5.091517E-11	4.705925E-11	6.081325E-11	5.996462E-11	5.447357E-11	5.190934E-11	5.632927E-11	5.637531E-11	5.414533E-11	5.213243E-11	6.727559E-11	5.258123E-11	5.035178E-11	5.517967E-11	5.491613E-11	5.445549E-11	5.278739E-11	6.274295E-11	5.941997E-11	4.892994E-11	5.646149E-11	5.329172E-11	4.856293E-11	5.089624E-11	5.189495E-11	5.488126E-11	5.913408E-11
0:04:32	0	1.001296E+1	2.553900E+1	2.565400E+1	5.963995E-1	7.952712E-1	2.800000E+2	3.957100E-9	2.373096E-9	7.983860E-11	7.452908E-11	7.440039E-11	6.891932E-11	7.190835E-11	7.027641E-11	6.575650E-11	7.875851E-11	7.847416E-11	7.368492E-11	7.201591E-11	7.584174E-11	7.411078E-11	7.137321E-11	7.392219E-11	8.708480E-11	7.076303E-11	6.948558E-11	7.306906E-11	7.491415E-11	7.565615E-11	7.288186E-11	8.403731E-11	7.968802E-11	6.715176E-11	7.480079E-11	7.406595E-11	6.831655E-11	7.293406E-11	7.058769E-11	7.394865E-11	7.990057E-11
0:04:45	0	1.001479E+1	2.553500E+1	2.564900E+1	5.970456E-1	7.957526E-1	3.000000E+2	4.800000E-9	3.230560E-9	1.048111E-10	1.015789E-10	1.013287E-10	9.537288E-11	9.915203E-11	9.560847E-11	9.114987E-11	1.001294E-10	1.067453E-10	9.858376E-11	9.926617E-11	1.048906E-10	1.015390E-10	9.712088E-11	9.583995E-11	1.141715E-10	9.819476E-11	9.522783E-11	9.946262E-11	1.037518E-10	1.010226E-10	1.004097E-10	1.148716E-10	1.099634E-10	9.224782E-11	1.024342E-10	9.906959E-11	9.395937E-11	9.901419E-11	1.009390E-10	1.036780E-10	1.090248E-10
0:04:59	0	1.001547E+1	2.553300E+1	2.564800E+1	5.965135E-1	7.952965E-1	3.200000E+2	5.991200E-9	4.480676E-9	1.393699E-10	1.399782E-10	1.408994E-10	1.323317E-10	1.377357E-10	1.296144E-10	1.258280E-10	1.396348E-10	1.441436E-10	1.332773E-10	1.362543E-10	1.457479E-10	1.387208E-10	1.366256E-10	1.332765E-10	1.558151E-10	1.291098E-10	1.350683E-10	1.410985E-10	1.444376E-10	1.412803E-10	1.421728E-10	1.587860E-10	1.557243E-10	1.288189E-10	1.431322E-10	1.370176E-10	1.342272E-10	1.399328E-10	1.432670E-10	1.441961E-10	1.531535E-10
0:05:13	0	1.002170E+1	2.552300E+1	2.564700E+1	5.971849E-1	7.958793E-1	3.400000E+2	7.887600E-9	6.345208E-9	1.937939E-10	1.959691E-10	1.960194E-10	1.865686E-10	1.948825E-10	1.857472E-10	1.797719E-10	1.914434E-10	2.013194E-10	1.873090E-10	1.945497E-10	1.978453E-10	1.963001E-10	1.924744E-10	1.915529E-10	2.159391E-10	1.872656E-10	1.918397E-10	1.996800E-10	2.043684E-10	2.024875E-10	2.015115E-10	2.264576E-10	2.206830E-10	1.836754E-10	2.007864E-10	1.935928E-10	1.929833E-10	2.007429E-10	2.077718E-10	2.099909E-10	2.198857E-10
0:05:27	0	1.001463E+1	2.553100E+1	2.564300E+1	5.958548E-1	7.946125E-1	3.600000E+2	1.056600E-8	9.275311E-9	2.758387E-10	2.838016E-10	2.853384E-10	2.726381E-10	2.859241E-10	2.709839E-10	2.622681E-10	2.731831E-10	2.902526E-10	2.699047E-10	2.840790E-10	2.904849E-10	2.890973E-10	2.801919E-10	2.743440E-10	3.118829E-10	2.735502E-10	2.824732E-10	2.925915E-10	3.025405E-10	2.956856E-10	2.983940E-10	3.316615E-10	3.270592E-10	2.716978E-10	2.944917E-10	2.830652E-10	2.826367E-10	2.961574E-10	3.070003E-10	3.099053E-10	3.261879E-10
0:05:40	0	1.001676E+1	2.553400E+1	2.564600E+1	5.956015E-1	7.944731E-1	3.620000E+2	1.071400E-8	9.679734E-9	2.861815E-10	2.941427E-10	2.988649E-10	2.838397E-10	2.971380E-10	2.826755E-10	2.747120E-10	2.875776E-10	3.017254E-10	2.807110E-10	2.949548E-10	3.033042E-10	2.987250E-10	2.937596E-10	2.905598E-10	3.258064E-10	2.834332E-10	2.932985E-10	3.058827E-10	3.158306E-10	3.100089E-10	3.123777E-10	3.473949E-10	3.414099E-10	2.838675E-10	3.055456E-10	2.938625E-10	2.963762E-10	3.100498E-10	3.232213E-10	3.231397E-10	3.393563E-10
0:05:54	0	1.001577E+1	2.553600E+1	2.564900E+1	5.962729E-1	7.947645E-1	3.640000E+2	1.092900E-8	1.005234E-8	2.969026E-10	3.069425E-10	3.094845E-10	2.945978E-10	3.091131E-10	2.921671E-10	2.831762E-10	2.926500E-10	3.128189E-10	2.926547E-10	3.082321E-10	3.159978E-10	3.113307E-10	3.056865E-10	2.959437E-10	3.379585E-10	2.956594E-10	3.049425E-10	3.194882E-10	3.292464E-10	3.214306E-10	3.235909E-10	3.601588E-10	3.547550E-10	2.968565E-10	3.177298E-10	3.065537E-10	3.077728E-10	3.229323E-10	3.355771E-10	3.354958E-10	3.544886E-10
0:06:07	0	1.001441E+1	2.553900E+1	2.565000E+1	5.960068E-1	7.945111E-1	3.660000E+2	1.137900E-8	1.049903E-8	3.091997E-10	3.189220E-10	3.217477E-10	3.080783E-10	3.224804E-10	3.066243E-10	2.992209E-10	3.118646E-10	3.263841E-10	3.042820E-10	3.217000E-10	3.242063E-10	3.239363E-10	3.184971E-10	3.088026E-10	3.525774E-10	3.071265E-10	3.192295E-10	3.325269E-10	3.434767E-10	3.397922E-10	3.378262E-10	3.758921E-10	3.728201E-10	3.080797E-10	3.312327E-10	3.186140E-10	3.218921E-10	3.372663E-10	3.507848E-10	3.523671E-10	3.715830E-10
0:06:21	0	1.001676E+1	2.553600E+1	2.564900E+1	5.966782E-1	7.954105E-1	3.680000E+2	1.188300E-8	1.095767E-8	3.212450E-10	3.317855E-10	3.344540E-10	3.208615E-10	3.378760E-10	3.180648E-10	3.141907E-10	3.250548E-10	3.403926E-10	3.168581E-10	3.362419E-10	3.377842E-10	3.379349E-10	3.337066E-10	3.307194E-10	3.657416E-10	3.216970E-10	3.328875E-10	3.449997E-10	3.570182E-10	3.541794E-10	3.509288E-10	3.926360E-10	3.882410E-10	3.229599E-10	3.465570E-10	3.328841E-10	3.363282E-10	3.509055E-10	3.666257E-10	3.676085E-10	3.882975E-10
0:06:34	0	1.001532E+1	2.554200E+1	2.565100E+1	5.952214E-1	7.939791E-1	3.700000E+2	1.224900E-8	1.144105E-8	3.368841E-10	3.461610E-10	3.489295E-10	3.347217E-10	3.535247E-10	3.325219E-10	3.251188E-10	3.300011E-10	3.556689E-10	3.291180E-10	3.494563E-10	3.586226E-10	3.527564E-10	3.482207E-10	3.404753E-10	3.841580E-10	3.358874E-10	3.493774E-10	3.608734E-10	3.730665E-10	3.714682E-10	3.694491E-10	4.086217E-10	4.062435E-10	3.368318E-10	3.596831E-10	3.469021E-10	3.532332E-10	3.678922E-10	3.842411E-10	3.856095E-10	4.053289E-10
0:06:48	0	1.001676E+1	2.553600E+1	2.564900E+1	5.947781E-1	7.935230E-1	3.720000E+2	1.288500E-8	1.194887E-8	3.510738E-10	3.627442E-10	3.642892E-10	3.481383E-10	3.677172E-10	3.477343E-10	3.453956E-10	3.488974E-10	3.691070E-10	3.447269E-10	3.652000E-10	3.678430E-10	3.699229E-10	3.634292E-10	3.552341E-10	4.008031E-10	3.496348E-10	3.644205E-10	3.779434E-10	3.904320E-10	3.857288E-10	3.831812E-10	4.283989E-10	4.250001E-10	3.514603E-10	3.760127E-10	3.639503E-10	3.685549E-10	3.853205E-10	4.010332E-10	4.026075E-10	4.229300E-10
0:07:01	0	1.001646E+1	2.553900E+1	2.566100E+1	5.971723E-1	7.955626E-1	3.740000E+2	1.333800E-8	1.249196E-8	3.637492E-10	3.768051E-10	3.808513E-10	3.650986E-10	3.853932E-10	3.629456E-10	3.561972E-10	3.672871E-10	3.862857E-10	3.614103E-10	3.819548E-10	3.850825E-10	3.862024E-10	3.809102E-10	3.697399E-10	4.165619E-10	3.652193E-10	3.805953E-10	3.960844E-10	4.088624E-10	4.030814E-10	4.056693E-10	4.477342E-10	4.451430E-10	3.684846E-10	3.949161E-10	3.768309E-10	3.847642E-10	4.017389E-10	4.199150E-10	4.222393E-10	4.442022E-10
0:07:15	0	1.000977E+1	2.553800E+1	2.565700E+1	5.959942E-1	7.948912E-1	3.760000E+2	1.378100E-8	1.307108E-8	3.817220E-10	3.943340E-10	3.963377E-10	3.819970E-10	4.028162E-10	3.794152E-10	3.729988E-10	3.816185E-10	4.039706E-10	3.765144E-10	4.019985E-10	4.002385E-10	4.033049E-10	3.982008E-10	3.907067E-10	4.368137E-10	3.838442E-10	3.993516E-10	4.132181E-10	4.274185E-10	4.206233E-10	4.241885E-10	4.689637E-10	4.650335E-10	3.850053E-10	4.121876E-10	3.982361E-10	4.040121E-10	4.208719E-10	4.400652E-10	4.415572E-10	4.635135E-10
0:07:28	0	1.001707E+1	2.554600E+1	2.566000E+1	5.953608E-1	7.944605E-1	3.780000E+2	1.466700E-8	1.368977E-8	3.981815E-10	4.126821E-10	4.146691E-10	3.997167E-10	4.199852E-10	3.978328E-10	3.900537E-10	3.996919E-10	4.209582E-10	3.925653E-10	4.181843E-10	4.253087E-10	4.232573E-10	4.166909E-10	4.057825E-10	4.563702E-10	4.005698E-10	4.175415E-10	4.333757E-10	4.498619E-10	4.415092E-10	4.445982E-10	4.889304E-10	4.873783E-10	4.041737E-10	4.339812E-10	4.164206E-10	4.230690E-10	4.427213E-10	4.638265E-10	4.629445E-10	4.869386E-10
0:07:42	0	1.001387E+1	2.554900E+1	2.566200E+1	5.966656E-1	7.952079E-1	3.800000E+2	1.531500E-8	1.436846E-8	4.182987E-10	4.331743E-10	4.349604E-10	4.192087E-10	4.405127E-10	4.156847E-10	4.086881E-10	4.186522E-10	4.422566E-10	4.107660E-10	4.406295E-10	4.429270E-10	4.438437E-10	4.383361E-10	4.299803E-10	4.774453E-10	4.198917E-10	4.384369E-10	4.552328E-10	4.704864E-10	4.651085E-10	4.668347E-10	5.150895E-10	5.142553E-10	4.240350E-10	4.514411E-10	4.361213E-10	4.441530E-10	4.643175E-10	4.863845E-10	4.885974E-10	5.127076E-10
0:07:55	0	1.002011E+1	2.554800E+1	2.566600E+1	5.959435E-1	7.946251E-1	3.820000E+2	1.597500E-8	1.505274E-8	4.365244E-10	4.518379E-10	4.553774E-10	4.380053E-10	4.624334E-10	4.369929E-10	4.267541E-10	4.379299E-10	4.620340E-10	4.310508E-10	4.609258E-10	4.612402E-10	4.651910E-10	4.576471E-10	4.488571E-10	4.992796E-10	4.403538E-10	4.604661E-10	4.767756E-10	4.921768E-10	4.864357E-10	4.890076E-10	5.397953E-10	5.394331E-10	4.456620E-10	4.738623E-10	4.572105E-10	4.666304E-10	4.890080E-10	5.127446E-10	5.121185E-10	5.389823E-10
0:08:09	0	1.001691E+1	2.554700E+1	2.566200E+1	5.961335E-1	7.951699E-1	3.840000E+2	1.674700E-8	1.582178E-8	4.563260E-10	4.734658E-10	4.769331E-10	4.598391E-10	4.852414E-10	4.578624E-10	4.520208E-10	4.587923E-10	4.828251E-10	4.530426E-10	4.841305E-10	4.854890E-10	4.893243E-10	4.818167E-10	4.686838E-10	5.266201E-10	4.644272E-10	4.824952E-10	5.030429E-10	5.201366E-10	5.099723E-10	5.160939E-10	5.678496E-10	5.684505E-10	4.685513E-10	4.989842E-10	4.801309E-10	4.907529E-10	5.152137E-10	5.385965E-10	5.383982E-10	5.662695E-10
0:08:22	0	1.001532E+1	2.554400E+1	2.566700E+1	5.951454E-1	7.941058E-1	3.860000E+2	1.739900E-8	1.662568E-8	4.777682E-10	4.982451E-10	5.010802E-10	4.821155E-10	5.084293E-10	4.813716E-10	4.734344E-10	4.859334E-10	5.091939E-10	4.730760E-10	5.063861E-10	5.095494E-10	5.133316E-10	5.068073E-10	4.950346E-10	5.523150E-10	4.872974E-10	5.091188E-10	5.282392E-10	5.462784E-10	5.377992E-10	5.411655E-10	5.979258E-10	5.955799E-10	4.927634E-10	5.226616E-10	5.041885E-10	5.177881E-10	5.399670E-10	5.668572E-10	5.670621E-10	5.969130E-10
0:08:36	0	1.001433E+1	2.554300E+1	2.566200E+1	5.955381E-1	7.941058E-1	3.880000E+2	1.837200E-8	1.749515E-8	5.023625E-10	5.228990E-10	5.263650E-10	5.085061E-10	5.352930E-10	5.055724E-10	4.975634E-10	5.036254E-10	5.351195E-10	4.960155E-10	5.345856E-10	5.355667E-10	5.404418E-10	5.340055E-10	5.198653E-10	5.803508E-10	5.118769E-10	5.333498E-10	5.536871E-10	5.748647E-10	5.669520E-10	5.709606E-10	6.299611E-10	6.295071E-10	5.191197E-10	5.519914E-10	5.317181E-10	5.450131E-10	5.694565E-10	5.977787E-10	6.004927E-10	6.302791E-10
0:08:49	0	1.001380E+1	2.553100E+1	2.566200E+1	5.978943E-1	7.971460E-1	3.900000E+2	1.936700E-8	1.840408E-8	5.277770E-10	5.491923E-10	5.528503E-10	5.329346E-10	5.629157E-10	5.320982E-10	5.237146E-10	5.287363E-10	5.612992E-10	5.242005E-10	5.655669E-10	5.666991E-10	5.701499E-10	5.616460E-10	5.484970E-10	6.121213E-10	5.377244E-10	5.636238E-10	5.832926E-10	6.047682E-10	5.926960E-10	5.996848E-10	6.641450E-10	6.613565E-10	5.446567E-10	5.797507E-10	5.577952E-10	5.712257E-10	5.988193E-10	6.295245E-10	6.314142E-10	6.632014E-10
0:09:03	0	1.000756E+1	2.553300E+1	2.565000E+1	5.996932E-1	7.989575E-1	3.920000E+2	2.019000E-8	1.938782E-8	5.543265E-10	5.770614E-10	5.811696E-10	5.611605E-10	5.916797E-10	5.593792E-10	5.520766E-10	5.588577E-10	5.928026E-10	5.492879E-10	5.927543E-10	5.893060E-10	5.999840E-10	5.902967E-10	5.721877E-10	6.425000E-10	5.684495E-10	5.944642E-10	6.163626E-10	6.378683E-10	6.286633E-10	6.340782E-10	6.992755E-10	6.956612E-10	5.749856E-10	6.105885E-10	5.898084E-10	6.052255E-10	6.341185E-10	6.661487E-10	6.661617E-10	7.011262E-10
0:09:16	0	1.001182E+1	2.553100E+1	2.564900E+1	5.981730E-1	7.973234E-1	3.940000E+2	2.140700E-8	2.047073E-8	5.837770E-10	6.072636E-10	6.120167E-10	5.918541E-10	6.235471E-10	5.910601E-10	5.820809E-10	5.958914E-10	6.227849E-10	5.768414E-10	6.241149E-10	6.180388E-10	6.317190E-10	6.250682E-10	6.091803E-10	6.757891E-10	5.974644E-10	6.253673E-10	6.483626E-10	6.742907E-10	6.658289E-10	6.691647E-10	7.389566E-10	7.414221E-10	6.065119E-10	6.456957E-10	6.221375E-10	6.413783E-10	6.691645E-10	7.075264E-10	7.059263E-10	7.405063E-10
0:09:30	0	1.001395E+1	2.552800E+1	2.564700E+1	5.975650E-1	7.969433E-1	3.960000E+2	2.248700E-8	2.167838E-8	6.143635E-10	6.405555E-10	6.467835E-10	6.260925E-10	6.591532E-10	6.245005E-10	6.172647E-10	6.228413E-10	6.569510E-10	6.100814E-10	6.624306E-10	6.582651E-10	6.692179E-10	6.611020E-10	6.459199E-10	7.167364E-10	6.343981E-10	6.641386E-10	6.864086E-10	7.153526E-10	7.058345E-10	7.109288E-10	7.824919E-10	7.832798E-10	6.435249E-10	6.850750E-10	6.579384E-10	6.784178E-10	7.112833E-10	7.492202E-10	7.492673E-10	7.885610E-10
0:09:43	0	1.001729E+1	2.552000E+1	2.564400E+1	5.996298E-1	7.985522E-1	3.980000E+2	2.377300E-8	2.291119E-8	6.494260E-10	6.755506E-10	6.824345E-10	6.593807E-10	6.967867E-10	6.598272E-10	6.511850E-10	6.560069E-10	6.932086E-10	6.438911E-10	6.985962E-10	6.960279E-10	7.070338E-10	6.990287E-10	6.761986E-10	7.562289E-10	6.705717E-10	7.012725E-10	7.281708E-10	7.567282E-10	7.455871E-10	7.499204E-10	8.284272E-10	8.318100E-10	6.811043E-10	7.219410E-10	6.978441E-10	7.199520E-10	7.548545E-10	7.945882E-10	7.961828E-10	8.314243E-10
0:09:57	0	1.001524E+1	2.553500E+1	2.565300E+1	5.998958E-1	7.989702E-1	4.000000E+2	2.520200E-8	2.435683E-8	6.893458E-10	7.153364E-10	7.226368E-10	6.994407E-10	7.393610E-10	6.996165E-10	6.912959E-10	6.996347E-10	7.358054E-10	6.829453E-10	7.419076E-10	7.368224E-10	7.515005E-10	7.432665E-10	7.198431E-10	8.028081E-10	7.105466E-10	7.447009E-10	7.749099E-10	8.049364E-10	7.935429E-10	8.000000E-10	8.814407E-10	8.867604E-10	7.241066E-10	7.681655E-10	7.431176E-10	7.656023E-10	8.040461E-10	8.459770E-10	8.474886E-10	8.899247E-10
0:10:10	0	1.001106E+1	2.554000E+1	2.565500E+1	5.987557E-1	7.978808E-1	4.020000E+2	2.673900E-8	2.586790E-8	7.275622E-10	7.589068E-10	7.658738E-10	7.420324E-10	7.844078E-10	7.409150E-10	7.346914E-10	7.438962E-10	7.780851E-10	7.247799E-10	7.872412E-10	7.777424E-10	7.976781E-10	7.911634E-10	7.675416E-10	8.522367E-10	7.557161E-10	7.900807E-10	8.220906E-10	8.542105E-10	8.466098E-10	8.506454E-10	9.372331E-10	9.437886E-10	7.685593E-10	8.163998E-10	7.878847E-10	8.144811E-10	8.538059E-10	9.024343E-10	9.025570E-10	9.466530E-10
0:10:24	0	1.001334E+1	2.554900E+1	2.566600E+1	5.987937E-1	7.981848E-1	4.040000E+2	2.839900E-8	2.758411E-8	7.740397E-10	8.070161E-10	8.129038E-10	7.886753E-10	8.343313E-10	7.907615E-10	7.816240E-10	7.861926E-10	8.283521E-10	7.699646E-10	8.357997E-10	8.323670E-10	8.491755E-10	8.446781E-10	8.159990E-10	9.080566E-10	8.060801E-10	8.467259E-10	8.789080E-10	9.117601E-10	9.021371E-10	9.096689E-10	1.000546E-9	1.010824E-9	8.209572E-10	8.707256E-10	8.404189E-10	8.693121E-10	9.135424E-10	9.655457E-10	9.645881E-10	1.012436E-9
0:10:37	0	1.001790E+1	2.554800E+1	2.567200E+1	5.987051E-1	7.977794E-1	4.060000E+2	3.033700E-8	2.949202E-8	8.243640E-10	8.601691E-10	8.666337E-10	8.431639E-10	8.914782E-10	8.445683E-10	8.358211E-10	8.400304E-10	8.808997E-10	8.200775E-10	8.970667E-10	8.893273E-10	9.075148E-10	9.026729E-10	8.682584E-10	9.691297E-10	8.613856E-10	9.026796E-10	9.374259E-10	9.768945E-10	9.643535E-10	9.741100E-10	1.068470E-9	1.080251E-9	8.777050E-10	9.309557E-10	9.002775E-10	9.356026E-10	9.787726E-10	1.038604E-9	1.036216E-9	1.087144E-9
0:10:51	0	1.001327E+1	2.554900E+1	2.566700E+1	5.982617E-1	7.974121E-1	4.080000E+2	3.238100E-8	3.153515E-8	8.762016E-10	9.145216E-10	9.241567E-10	9.001223E-10	9.479289E-10	8.991927E-10	8.914083E-10	8.991318E-10	9.402309E-10	8.760046E-10	9.548561E-10	9.413619E-10	9.686399E-10	9.679880E-10	9.305888E-10	1.038240E-9	9.191614E-10	9.652418E-10	1.007597E-9	1.046605E-9	1.032691E-9	1.042960E-9	1.148211E-9	1.159751E-9	9.404432E-10	9.955185E-10	9.615247E-10	1.000690E-9	1.052465E-9	1.114388E-9	1.111043E-9	1.166286E-9
0:11:04	0	1.001403E+1	2.555800E+1	2.567300E+1	5.993131E-1	7.986915E-1	4.100000E+2	3.473900E-8	3.389306E-8	9.383821E-10	9.785204E-10	9.897067E-10	9.619532E-10	1.019267E-9	9.641255E-10	9.571648E-10	9.640664E-10	1.005964E-9	9.371773E-10	1.026493E-9	1.009816E-9	1.041802E-9	1.038478E-9	1.000964E-9	1.110831E-9	9.886583E-10	1.036740E-9	1.079533E-9	1.127225E-9	1.114784E-9	1.124031E-9	1.235407E-9	1.245606E-9	1.013775E-9	1.071387E-9	1.036348E-9	1.079897E-9	1.133166E-9	1.203035E-9	1.201048E-9	1.257710E-9
0:11:18	0	1.001190E+1	2.555700E+1	2.568200E+1	5.981224E-1	7.977161E-1	4.107874E+2	3.570300E-8	3.484944E-8	9.626617E-10	1.007021E-9	1.016130E-9	9.874576E-10	1.045750E-9	9.912804E-10	9.845785E-10	9.851190E-10	1.033538E-9	9.631506E-10	1.054565E-9	1.042463E-9	1.069863E-9	1.069084E-9	1.028139E-9	1.141843E-9	1.015076E-9	1.063805E-9	1.111910E-9	1.155247E-9	1.144062E-9	1.157543E-9	1.269969E-9	1.284381E-9	1.041393E-9	1.099022E-9	1.066909E-9	1.111428E-9	1.168024E-9	1.240927E-9	1.238115E-9	1.298989E-9
0:11:31	0	1.001577E+1	2.555100E+1	2.567100E+1	5.976156E-1	7.971587E-1	4.115747E+2	3.664500E-8	3.586943E-8	9.896532E-10	1.032556E-9	1.044006E-9	1.015557E-9	1.073753E-9	1.017053E-9	1.012245E-9	1.016952E-9	1.060414E-9	9.890600E-10	1.083523E-9	1.068670E-9	1.102801E-9	1.099060E-9	1.056390E-9	1.176335E-9	1.044977E-9	1.096218E-9	1.147626E-9	1.191732E-9	1.179145E-9	1.192692E-9	1.305921E-9	1.324287E-9	1.074496E-9	1.137081E-9	1.097343E-9	1.142958E-9	1.204711E-9	1.278439E-9	1.278508E-9	1.335267E-9
0:11:45	0	1.001752E+1	2.555400E+1	2.566900E+1	6.003899E-1	7.994642E-1	4.123621E+2	3.784900E-8	3.700842E-8	1.018599E-9	1.066668E-9	1.074031E-9	1.046123E-9	1.108535E-9	1.049739E-9	1.044650E-9	1.052400E-9	1.095468E-9	1.019646E-9	1.120258E-9	1.096456E-9	1.137386E-9	1.134083E-9	1.089963E-9	1.212408E-9	1.079947E-9	1.133165E-9	1.178239E-9	1.231853E-9	1.216122E-9	1.231180E-9	1.347941E-9	1.371307E-9	1.106274E-9	1.166788E-9	1.132388E-9	1.181897E-9	1.245062E-9	1.324188E-9	1.316642E-9	1.379016E-9
0:11:58	0	1.001859E+1	2.554800E+1	2.566500E+1	5.987937E-1	7.980834E-1	4.131494E+2	3.878600E-8	3.813487E-8	1.046283E-9	1.093845E-9	1.103804E-9	1.077577E-9	1.138946E-9	1.079723E-9	1.071496E-9	1.077258E-9	1.125894E-9	1.049664E-9	1.151682E-9	1.131566E-9	1.170895E-9	1.168351E-9	1.120748E-9	1.249242E-9	1.112510E-9	1.168726E-9	1.218931E-9	1.271411E-9	1.256695E-9	1.270173E-9	1.395898E-9	1.412347E-9	1.144044E-9	1.205978E-9	1.168126E-9	1.217480E-9	1.282824E-9	1.366578E-9	1.358665E-9	1.427514E-9
0:12:12	0	1.001813E+1	2.555000E+1	2.566400E+1	5.979577E-1	7.976401E-1	4.139368E+2	4.004400E-8	3.918912E-8	1.074977E-9	1.123290E-9	1.135031E-9	1.105170E-9	1.168660E-9	1.106375E-9	1.104659E-9	1.107824E-9	1.153912E-9	1.076964E-9	1.181589E-9	1.166677E-9	1.202313E-9	1.202112E-9	1.152040E-9	1.283038E-9	1.140637E-9	1.195223E-9	1.250427E-9	1.304449E-9	1.291336E-9	1.306645E-9	1.431914E-9	1.451813E-9	1.170022E-9	1.243221E-9	1.199633E-9	1.253949E-9	1.321659E-9	1.408842E-9	1.402821E-9	1.471896E-9
0:12:25	0	1.001334E+1	2.554400E+1	2.566000E+1	5.990091E-1	7.979694E-1	4.147241E+2	4.130200E-8	4.051949E-8	1.108212E-9	1.157528E-9	1.168723E-9	1.139851E-9	1.207180E-9	1.143838E-9	1.142116E-9	1.144919E-9	1.191374E-9	1.110963E-9	1.218261E-9	1.200525E-9	1.242219E-9	1.242942E-9	1.196128E-9	1.324365E-9	1.179598E-9	1.238588E-9	1.292189E-9	1.351277E-9	1.337526E-9	1.354519E-9	1.481830E-9	1.501791E-9	1.215357E-9	1.282412E-9	1.241433E-9	1.299853E-9	1.368450E-9	1.460801E-9	1.452559E-9	1.522167E-9
0:12:39	0	1.001509E+1	2.553800E+1	2.565900E+1	5.989331E-1	7.978554E-1	4.155115E+2	4.255400E-8	4.180044E-8	1.137158E-9	1.195738E-9	1.206144E-9	1.173140E-9	1.241835E-9	1.178600E-9	1.174584E-9	1.179797E-9	1.226047E-9	1.140917E-9	1.258536E-9	1.235762E-9	1.280795E-9	1.281752E-9	1.231347E-9	1.368034E-9	1.216279E-9	1.278618E-9	1.334897E-9	1.392151E-9	1.379487E-9	1.394960E-9	1.528272E-9	1.551516E-9	1.253568E-9	1.327379E-9	1.281907E-9	1.343730E-9	1.417326E-9	1.510859E-9	1.501105E-9	1.578198E-9
0:12:52	0	1.002193E+1	2.553400E+1	2.565300E+1	5.990471E-1	7.983241E-1	4.162988E+2	4.395200E-8	4.313049E-8	1.171716E-9	1.226319E-9	1.241669E-9	1.209846E-9	1.281370E-9	1.215435E-9	1.210716E-9	1.212328E-9	1.260656E-9	1.180856E-9	1.297294E-9	1.277188E-9	1.321777E-9	1.320373E-9	1.266376E-9	1.409297E-9	1.256000E-9	1.319906E-9	1.376093E-9	1.440359E-9	1.424793E-9	1.441385E-9	1.580780E-9	1.606782E-9	1.293355E-9	1.367323E-9	1.321497E-9	1.387290E-9	1.466012E-9	1.561804E-9	1.555234E-9	1.628659E-9
0:13:06	0	1.001380E+1	2.553500E+1	2.565100E+1	5.989078E-1	7.982355E-1	4.170862E+2	4.547000E-8	4.469166E-8	1.213087E-9	1.269510E-9	1.282884E-9	1.249147E-9	1.325529E-9	1.258368E-9	1.255627E-9	1.258619E-9	1.306549E-9	1.218205E-9	1.341237E-9	1.321455E-9	1.363014E-9	1.367766E-9	1.315152E-9	1.460118E-9	1.299902E-9	1.365349E-9	1.428564E-9	1.491139E-9	1.479753E-9	1.498141E-9	1.638973E-9	1.666579E-9	1.337870E-9	1.415243E-9	1.374031E-9	1.437372E-9	1.518234E-9	1.625676E-9	1.614129E-9	1.694441E-9
0:13:19	0	1.001524E+1	2.553100E+1	2.564800E+1	5.977170E-1	7.968420E-1	4.178735E+2	4.698100E-8	4.622983E-8	1.250420E-9	1.307405E-9	1.321948E-9	1.291295E-9	1.368484E-9	1.299791E-9	1.294095E-9	1.296603E-9	1.345215E-9	1.258333E-9	1.385686E-9	1.365407E-9	1.412865E-9	1.418567E-9	1.358732E-9	1.507141E-9	1.344692E-9	1.413183E-9	1.476185E-9	1.547685E-9	1.534019E-9	1.550236E-9	1.700769E-9	1.728076E-9	1.387746E-9	1.469192E-9	1.423282E-9	1.492583E-9	1.572857E-9	1.683970E-9	1.673149E-9	1.750219E-9
0:13:33	0	1.001509E+1	2.553400E+1	2.565100E+1	5.977043E-1	7.966900E-1	4.186609E+2	4.874700E-8	4.795868E-8	1.294059E-9	1.354568E-9	1.369547E-9	1.333950E-9	1.415620E-9	1.343667E-9	1.341596E-9	1.343212E-9	1.393581E-9	1.302253E-9	1.438860E-9	1.408854E-9	1.461195E-9	1.467916E-9	1.409280E-9	1.565999E-9	1.396006E-9	1.468380E-9	1.536403E-9	1.605861E-9	1.590367E-9	1.610645E-9	1.763513E-9	1.794734E-9	1.439702E-9	1.522640E-9	1.475564E-9	1.552858E-9	1.637771E-9	1.755001E-9	1.738882E-9	1.826195E-9
0:13:46	0	1.001471E+1	2.553300E+1	2.566000E+1	5.996172E-1	7.989829E-1	4.194482E+2	5.045900E-8	4.966646E-8	1.337069E-9	1.395868E-9	1.413605E-9	1.381985E-9	1.464532E-9	1.388610E-9	1.390551E-9	1.389757E-9	1.439790E-9	1.344720E-9	1.489884E-9	1.461267E-9	1.519407E-9	1.520105E-9	1.452545E-9	1.616819E-9	1.442062E-9	1.518292E-9	1.586229E-9	1.663723E-9	1.650627E-9	1.669102E-9	1.823097E-9	1.864161E-9	1.491910E-9	1.575960E-9	1.529423E-9	1.612754E-9	1.701486E-9	1.822865E-9	1.809944E-9	1.898308E-9
0:14:00	0	1.001577E+1	2.554000E+1	2.566200E+1	5.980844E-1	7.974247E-1	4.202356E+2	5.220800E-8	5.132536E-8	1.376673E-9	1.441897E-9	1.456842E-9	1.422615E-9	1.511605E-9	1.433554E-9	1.433820E-9	1.432751E-9	1.483781E-9	1.389588E-9	1.535155E-9	1.508881E-9	1.566345E-9	1.571852E-9	1.504613E-9	1.671627E-9	1.488245E-9	1.567511E-9	1.640716E-9	1.719767E-9	1.704072E-9	1.731401E-9	1.893296E-9	1.926602E-9	1.538948E-9	1.632674E-9	1.583726E-9	1.663089E-9	1.759834E-9	1.890158E-9	1.872729E-9	1.970992E-9
0:14:13	0	1.001615E+1	2.554500E+1	2.566100E+1	5.971596E-1	7.967407E-1	4.210229E+2	5.407300E-8	5.340678E-8	1.425357E-9	1.493916E-9	1.510509E-9	1.479129E-9	1.565647E-9	1.489373E-9	1.489091E-9	1.484433E-9	1.539753E-9	1.439701E-9	1.595410E-9	1.563126E-9	1.625760E-9	1.629278E-9	1.566248E-9	1.741813E-9	1.550709E-9	1.628813E-9	1.708368E-9	1.789917E-9	1.779098E-9	1.800629E-9	1.973542E-9	2.010947E-9	1.607045E-9	1.701068E-9	1.650972E-9	1.739701E-9	1.839398E-9	1.975319E-9	1.959032E-9	2.053678E-9
0:14:27	0	1.001661E+1	2.554800E+1	2.567000E+1	5.995792E-1	7.985142E-1	4.218103E+2	5.612800E-8	5.541942E-8	1.476375E-9	1.548457E-9	1.565314E-9	1.531594E-9	1.626785E-9	1.540163E-9	1.541961E-9	1.537953E-9	1.591477E-9	1.491395E-9	1.649153E-9	1.620465E-9	1.690496E-9	1.695666E-9	1.618633E-9	1.803266E-9	1.607092E-9	1.692445E-9	1.772808E-9	1.860631E-9	1.845101E-9	1.872314E-9	2.050502E-9	2.094037E-9	1.665875E-9	1.764564E-9	1.713419E-9	1.807573E-9	1.912838E-9	2.058391E-9	2.036243E-9	2.136430E-9
0:14:40	0	1.001881E+1	2.554700E+1	2.567400E+1	5.989964E-1	7.980074E-1	4.225976E+2	5.833100E-8	5.763396E-8	1.526132E-9	1.602241E-9	1.622015E-9	1.585577E-9	1.682792E-9	1.598684E-9	1.600580E-9	1.598956E-9	1.651379E-9	1.545426E-9	1.713645E-9	1.681215E-9	1.753396E-9	1.760729E-9	1.683054E-9	1.877059E-9	1.670190E-9	1.760106E-9	1.847388E-9	1.935797E-9	1.928014E-9	1.954015E-9	2.138837E-9	2.179074E-9	1.734477E-9	1.835533E-9	1.783948E-9	1.882539E-9	1.994992E-9	2.151728E-9	2.123489E-9	2.230956E-9
0:14:54	0	1.001783E+1	2.554800E+1	2.566600E+1	5.988064E-1	7.981468E-1	4.233850E+2	6.101800E-8	6.015352E-8	1.587493E-9	1.661700E-9	1.685922E-9	1.647471E-9	1.753306E-9	1.662422E-9	1.663747E-9	1.671944E-9	1.714957E-9	1.612855E-9	1.784270E-9	1.749795E-9	1.830738E-9	1.837151E-9	1.758687E-9	1.950853E-9	1.742093E-9	1.832172E-9	1.927009E-9	2.025381E-9	2.020833E-9	2.041637E-9	2.232795E-9	2.279407E-9	1.811276E-9	1.915169E-9	1.863381E-9	1.969912E-9	2.087755E-9	2.260461E-9	2.229174E-9	2.341753E-9
0:15:07	0	1.001456E+1	2.555400E+1	2.566800E+1	5.980337E-1	7.970194E-1	4.241724E+2	6.341900E-8	6.265562E-8	1.644881E-9	1.724626E-9	1.749197E-9	1.709618E-9	1.824455E-9	1.726727E-9	1.733925E-9	1.728826E-9	1.778852E-9	1.673396E-9	1.858055E-9	1.823995E-9	1.903519E-9	1.911175E-9	1.827416E-9	2.029520E-9	1.809879E-9	1.911916E-9	2.009525E-9	2.112521E-9	2.108229E-9	2.133670E-9	2.329469E-9	2.378922E-9	1.887445E-9	2.001400E-9	1.949254E-9	2.062162E-9	2.181087E-9	2.361021E-9	2.329214E-9	2.441724E-9
0:15:21	0	1.001038E+1	2.554400E+1	2.566500E+1	5.976790E-1	7.967660E-1	4.249597E+2	6.651300E-8	6.559663E-8	1.710909E-9	1.795372E-9	1.824166E-9	1.784232E-9	1.901053E-9	1.804797E-9	1.812947E-9	1.810692E-9	1.857199E-9	1.745690E-9	1.941136E-9	1.900910E-9	1.982825E-9	2.001606E-9	1.908243E-9	2.122492E-9	1.896987E-9	2.000283E-9	2.107352E-9	2.209941E-9	2.210955E-9	2.237166E-9	2.445667E-9	2.494174E-9	1.980701E-9	2.095484E-9	2.044220E-9	2.164544E-9	2.296203E-9	2.483250E-9	2.451835E-9	2.573605E-9
0:15:34	0	1.001456E+1	2.554100E+1	2.566200E+1	5.999338E-1	7.988055E-1	4.257471E+2	6.938100E-8	6.851851E-8	1.783052E-9	1.864920E-9	1.898250E-9	1.858847E-9	1.979740E-9	1.876708E-9	1.883756E-9	1.891480E-9	1.933961E-9	1.815520E-9	2.018336E-9	1.975931E-9	2.075052E-9	2.089830E-9	1.998888E-9	2.215273E-9	1.979344E-9	2.086638E-9	2.198311E-9	2.316827E-9	2.314060E-9	2.342993E-9	2.553841E-9	2.614965E-9	2.069922E-9	2.187054E-9	2.135083E-9	2.264076E-9	2.402100E-9	2.621258E-9	2.571193E-9	2.701306E-9
0:15:48	0	1.001395E+1	2.554200E+1	2.566000E+1	5.975776E-1	7.968673E-1	4.265344E+2	7.224300E-8	7.136423E-8	1.843279E-9	1.936738E-9	1.967467E-9	1.930867E-9	2.049875E-9	1.949184E-9	1.959872E-9	1.957810E-9	2.007682E-9	1.885161E-9	2.098573E-9	2.059035E-9	2.156703E-9	2.170102E-9	2.076105E-9	2.303370E-9	2.060940E-9	2.175949E-9	2.291725E-9	2.415877E-9	2.409909E-9	2.445922E-9	2.669345E-9	2.732230E-9	2.150507E-9	2.284276E-9	2.224491E-9	2.366329E-9	2.519553E-9	2.750267E-9	2.688105E-9	2.826983E-9
0:16:01	0	1.001266E+1	2.554100E+1	2.565800E+1	5.978943E-1	7.972220E-1	4.273218E+2	7.556800E-8	7.476087E-8	1.921540E-9	2.024508E-9	2.052550E-9	2.012001E-9	2.140856E-9	2.031340E-9	2.047421E-9	2.044939E-9	2.092748E-9	1.970158E-9	2.192592E-9	2.148203E-9	2.255327E-9	2.276436E-9	2.172390E-9	2.412352E-9	2.154828E-9	2.276779E-9	2.398873E-9	2.528405E-9	2.532890E-9	2.564851E-9	2.803614E-9	2.873099E-9	2.256625E-9	2.391671E-9	2.335811E-9	2.488653E-9	2.644962E-9	2.896639E-9	2.833869E-9	2.983935E-9
0:16:15	0	1.001790E+1	2.553700E+1	2.565800E+1	5.998832E-1	7.988055E-1	4.281091E+2	7.962400E-8	7.869620E-8	2.011153E-9	2.105280E-9	2.146422E-9	2.103768E-9	2.239121E-9	2.130030E-9	2.145331E-9	2.149763E-9	2.193410E-9	2.061032E-9	2.305642E-9	2.254484E-9	2.369979E-9	2.391668E-9	2.283179E-9	2.534181E-9	2.261005E-9	2.396993E-9	2.532854E-9	2.670272E-9	2.668176E-9	2.709859E-9	2.966317E-9	3.036188E-9	2.383805E-9	2.523624E-9	2.464305E-9	2.633200E-9	2.796451E-9	3.069306E-9	3.005725E-9	3.153676E-9
0:16:28	0	1.001114E+1	2.554000E+1	2.566100E+1	5.984137E-1	7.975894E-1	4.288965E+2	8.354300E-8	8.272369E-8	2.104551E-9	2.204715E-9	2.246359E-9	2.199899E-9	2.351767E-9	2.234627E-9	2.245197E-9	2.248497E-9	2.299013E-9	2.158480E-9	2.413508E-9	2.359248E-9	2.489443E-9	2.513085E-9	2.397579E-9	2.661643E-9	2.383146E-9	2.515823E-9	2.662488E-9	2.803300E-9	2.814126E-9	2.861103E-9	3.118531E-9	3.202109E-9	2.503795E-9	2.651495E-9	2.595577E-9	2.777242E-9	2.961326E-9	3.250212E-9	3.164598E-9	3.331205E-9
0:16:42	0	1.001577E+1	2.554200E+1	2.565600E+1	5.983630E-1	7.977161E-1	4.296838E+2	8.843900E-8	8.756476E-8	2.205137E-9	2.310770E-9	2.357991E-9	2.316284E-9	2.470685E-9	2.352990E-9	2.370521E-9	2.370630E-9	2.406013E-9	2.275391E-9	2.545147E-9	2.490218E-9	2.624300E-9	2.651729E-9	2.535352E-9	2.811255E-9	2.514092E-9	2.660270E-9	2.817130E-9	2.977076E-9	2.980962E-9	3.035780E-9	3.317757E-9	3.406490E-9	2.659096E-9	2.809889E-9	2.758357E-9	2.954587E-9	3.151146E-9	3.477120E-9	3.383934E-9	3.566666E-9
0:16:55	0	1.001403E+1	2.553600E+1	2.565700E+1	5.983757E-1	7.973741E-1	4.304712E+2	9.302000E-8	9.267008E-8	2.318211E-9	2.425652E-9	2.481191E-9	2.429060E-9	2.599805E-9	2.472170E-9	2.495275E-9	2.499865E-9	2.534373E-9	2.391353E-9	2.680516E-9	2.631419E-9	2.775247E-9	2.800029E-9	2.670529E-9	2.968653E-9	2.650170E-9	2.815478E-9	2.989158E-9	3.156494E-9	3.173605E-9	3.227465E-9	3.518497E-9	3.618424E-9	2.810172E-9	2.985491E-9	2.926693E-9	3.137883E-9	3.357319E-9	3.716510E-9	3.609354E-9	3.804026E-9
0:17:09	0	1.001562E+1	2.553800E+1	2.565200E+1	5.984264E-1	7.972474E-1	4.312585E+2	9.968000E-8	9.861497E-8	2.438283E-9	2.564054E-9	2.617539E-9	2.567783E-9	2.742925E-9	2.615425E-9	2.640052E-9	2.647427E-9	2.673319E-9	2.527980E-9	2.838710E-9	2.775841E-9	2.940952E-9	2.976790E-9	2.844345E-9	3.155669E-9	2.810449E-9	2.993408E-9	3.186570E-9	3.356474E-9	3.380131E-9	3.445984E-9	3.769976E-9	3.872152E-9	2.988740E-9	3.183011E-9	3.125464E-9	3.361637E-9	3.590457E-9	4.013815E-9	3.881877E-9	4.087731E-9
0:17:22	0	1.001471E+1	2.552800E+1	2.565500E+1	5.993638E-1	7.985142E-1	4.320459E+2	1.059100E-7	1.047248E-7	2.566680E-9	2.692178E-9	2.750094E-9	2.701001E-9	2.899921E-9	2.755285E-9	2.793800E-9	2.788014E-9	2.816829E-9	2.668208E-9	3.001710E-9	2.933398E-9	3.110521E-9	3.155318E-9	3.010306E-9	3.341040E-9	2.980547E-9	3.174989E-9	3.379700E-9	3.575825E-9	3.601863E-9	3.682961E-9	4.021644E-9	4.136645E-9	3.177964E-9	3.387818E-9	3.329033E-9	3.588683E-9	3.845190E-9	4.307511E-9	4.157664E-9	4.392457E-9
0:17:36	0	1.001699E+1	2.552900E+1	2.565100E+1	5.974890E-1	7.969560E-1	4.328332E+2	1.118200E-7	1.108667E-7	2.690158E-9	2.833606E-9	2.888465E-9	2.833902E-9	3.043422E-9	2.893637E-9	2.934915E-9	2.940775E-9	2.959768E-9	2.806606E-9	3.155162E-9	3.098406E-9	3.278507E-9	3.332204E-9	3.183553E-9	3.532929E-9	3.145070E-9	3.357199E-9	3.575033E-9	3.805207E-9	3.820188E-9	3.915150E-9	4.263711E-9	4.403909E-9	3.373997E-9	3.591746E-9	3.540875E-9	3.807310E-9	4.116721E-9	4.622114E-9	4.436271E-9	4.686229E-9
0:17:49	0	1.001342E+1	2.553300E+1	2.565100E+1	5.970583E-1	7.963353E-1	4.336206E+2	1.195200E-7	1.184337E-7	2.833753E-9	2.986509E-9	3.046242E-9	3.000789E-9	3.222212E-9	3.074543E-9	3.108307E-9	3.116619E-9	3.135416E-9	2.974197E-9	3.346866E-9	3.285200E-9	3.494696E-9	3.541844E-9	3.393729E-9	3.760133E-9	3.348554E-9	3.575348E-9	3.819121E-9	4.064868E-9	4.108681E-9	4.198049E-9	4.574964E-9	4.726310E-9	3.603638E-9	3.850941E-9	3.796725E-9	4.103116E-9	4.430245E-9	5.010602E-9	4.811344E-9	5.090164E-9
0:18:13	1	1.001501E+1	2.553700E+1	2.565700E+1	5.993891E-1	7.986282E-1	0.000000E+0	-2.810400E-9	2.567241E-9	9.434285E-11	7.742866E-11	8.249136E-11	8.031079E-11	7.982871E-11	8.052216E-11	8.243246E-11	8.744683E-11	7.967797E-11	7.949911E-11	7.720025E-11	7.464246E-11	8.335950E-11	7.522266E-11	7.404919E-11	7.885719E-11	7.779473E-11	8.018469E-11	6.532163E-11	7.077639E-11	7.294369E-11	7.269292E-11	7.500107E-11	7.773644E-11	1.029036E-10	8.076649E-11	8.309493E-11	8.161323E-11	8.158590E-11	8.326059E-11	8.555128E-11	8.870112E-11
0:18:27	1	1.001745E+1	2.553800E+1	2.566000E+1	5.973876E-1	7.968293E-1	0.000000E+0	1.889400E-9	2.655258E-9	9.572966E-11	8.253602E-11	8.495617E-11	8.182939E-11	8.470655E-11	8.548775E-11	8.394818E-11	8.871419E-11	8.341851E-11	8.158416E-11	7.960278E-11	7.931496E-11	8.589342E-11	7.882006E-11	8.108011E-11	7.822376E-11	8.001295E-11	7.873701E-11	7.930499E-11	8.099560E-11	8.360727E-11	8.000000E-11	8.220493E-11	8.170221E-11	8.569011E-11	8.189776E-11	8.233737E-11	8.218296E-11	8.158590E-11	8.414786E-11	8.630479E-11	8.870112E-11
0:18:40	1	1.001676E+1	2.554100E+1	2.566100E+1	6.002125E-1	7.989955E-1	1.000000E+1	3.125800E-9	2.939931E-9	1.065135E-10	9.363366E-11	9.349020E-11	9.176521E-11	9.306999E-11	9.403663E-11	9.361292E-11	9.759272E-11	8.931350E-11	9.062168E-11	8.858106E-11	8.544096E-11	9.482416E-11	8.607663E-11	8.874502E-11	9.037484E-11	9.052900E-11	8.931093E-11	8.698977E-11	8.964620E-11	8.934897E-11	8.900756E-11	8.966015E-11	9.177314E-11	9.294061E-11	9.125530E-11	9.446040E-11	9.098378E-11	9.200420E-11	9.232137E-11	9.615187E-11	9.585550E-11
0:18:54	1	1.001904E+1	2.554900E+1	2.566300E+1	5.986797E-1	7.979694E-1	2.000000E+1	3.494000E-9	2.980862E-9	1.080278E-10	9.369637E-11	9.589215E-11	9.429687E-11	9.326002E-11	9.592204E-11	9.493918E-11	9.549947E-11	9.419381E-11	9.276958E-11	9.136288E-11	9.364950E-11	9.666110E-11	8.803323E-11	8.583106E-11	9.176759E-11	9.109906E-11	8.949971E-11	9.007641E-11	8.939581E-11	8.985401E-11	8.938544E-11	9.098780E-11	9.082914E-11	9.540025E-11	9.056424E-11	9.477639E-11	9.263000E-11	9.314163E-11	9.352574E-11	9.746877E-11	9.642521E-11
0:19:07	1	1.001395E+1	2.555000E+1	2.566700E+1	5.987684E-1	7.981975E-1	3.000000E+1	3.713300E-9	3.023106E-9	1.089108E-10	9.602958E-11	9.677728E-11	9.486634E-11	9.579346E-11	9.680223E-11	9.651872E-11	1.000023E-10	9.780725E-11	9.213808E-11	9.047753E-11	9.529141E-11	9.742108E-11	8.916894E-11	8.994901E-11	9.335017E-11	8.957890E-11	9.214369E-11	9.177685E-11	9.115048E-11	9.408159E-11	9.108691E-11	9.218778E-11	9.133195E-11	9.552567E-11	9.326501E-11	9.471259E-11	9.263000E-11	9.232021E-11	9.346272E-11	9.815891E-11	9.838822E-11
0:19:21	1	1.001585E+1	2.553800E+1	2.566500E+1	5.987304E-1	7.974881E-1	4.000000E+1	3.873700E-9	3.057927E-9	1.088471E-10	9.634511E-11	9.892676E-11	9.739800E-11	9.592048E-11	9.724183E-11	9.803444E-11	1.010805E-10	9.907511E-11	9.131603E-11	9.345000E-11	9.162877E-11	9.735808E-11	9.118831E-11	9.260898E-11	9.537535E-11	9.255620E-11	9.157733E-11	9.202943E-11	9.171557E-11	9.408159E-11	9.266110E-11	9.408300E-11	9.328353E-11	9.703968E-11	9.609171E-11	9.629152E-11	9.465604E-11	9.370984E-11	9.498319E-11	9.790741E-11	9.946467E-11
0:19:34	1	1.001577E+1	2.554400E+1	2.565700E+1	5.983757E-1	7.971714E-1	5.000000E+1	4.083500E-9	3.106528E-9	1.117482E-10	9.823636E-11	1.003807E-10	9.904348E-11	9.826488E-11	9.875116E-11	9.929788E-11	1.017141E-10	1.004060E-10	9.561382E-11	9.534646E-11	9.188198E-11	9.944802E-11	9.213473E-11	9.381297E-11	9.695693E-11	9.350629E-11	9.271004E-11	9.316305E-11	9.409768E-11	9.540644E-11	9.442522E-11	9.383064E-11	9.378733E-11	9.804802E-11	9.835227E-11	9.805984E-11	9.547865E-11	9.478347E-11	9.631360E-11	1.002907E-10	1.012368E-10
0:19:48	1	1.001479E+1	2.553200E+1	2.565500E+1	5.995411E-1	7.986408E-1	6.000000E+1	4.179500E-9	3.146254E-9	1.123793E-10	9.930840E-11	1.014544E-10	9.897954E-11	9.997518E-11	9.906473E-11	1.015086E-10	1.045041E-10	1.002799E-10	9.586622E-11	9.635858E-11	9.756535E-11	1.010320E-10	9.314491E-11	9.425596E-11	9.809691E-11	9.597654E-11	9.459788E-11	9.498978E-11	9.472413E-11	9.382957E-11	9.530728E-11	9.591539E-11	9.561271E-11	9.905736E-11	9.985931E-11	9.932178E-11	9.718784E-11	9.604651E-11	9.675773E-11	1.009185E-10	1.023772E-10
0:20:01	1	1.001410E+1	2.553100E+1	2.565500E+1	5.981730E-1	7.972727E-1	7.000000E+1	4.308700E-9	3.183367E-9	1.135770E-10	1.018934E-10	1.027826E-10	9.935919E-11	1.002922E-10	9.931678E-11	1.034671E-10	1.055192E-10	1.023083E-10	9.731977E-11	9.591541E-11	1.000915E-10	1.024259E-10	9.472295E-11	9.425596E-11	9.898211E-11	9.686363E-11	9.686429E-11	9.606075E-11	9.622841E-11	9.793064E-11	9.631464E-11	9.585255E-11	9.813069E-11	1.003185E-10	9.935762E-11	9.989095E-11	9.668208E-11	9.598271E-11	9.840524E-11	1.026750E-10	1.035796E-10
0:20:15	1	1.001585E+1	2.553400E+1	2.564900E+1	5.976030E-1	7.968927E-1	8.000000E+1	4.429600E-9	3.222783E-9	1.151540E-10	1.023981E-10	1.048054E-10	1.017650E-10	1.021926E-10	1.026480E-10	1.026454E-10	1.046943E-10	1.018010E-10	1.019967E-10	9.907652E-11	9.497638E-11	1.026159E-10	9.573213E-11	9.938691E-11	1.025899E-10	9.844779E-11	9.592037E-11	9.637598E-11	9.622841E-11	9.976053E-11	9.782717E-11	9.850686E-11	9.882229E-11	1.001294E-10	1.011790E-10	1.014689E-10	9.870811E-11	9.737235E-11	9.998873E-11	1.042424E-10	1.033267E-10
0:20:28	1	1.001562E+1	2.553000E+1	2.565000E+1	6.003519E-1	7.993122E-1	9.000000E+1	4.510500E-9	3.271175E-9	1.162889E-10	1.039111E-10	1.049311E-10	1.022076E-10	1.039669E-10	1.030251E-10	1.042250E-10	1.072941E-10	1.038924E-10	1.023119E-10	9.958258E-11	9.800698E-11	1.059098E-10	9.762498E-11	9.552295E-11	1.037289E-10	1.005380E-10	9.931849E-11	9.977685E-11	9.930031E-11	9.931924E-11	9.883453E-11	9.806398E-11	1.022843E-10	1.037228E-10	1.028119E-10	1.024796E-10	9.991054E-11	1.007816E-10	9.954559E-11	1.050583E-10	1.069989E-10
0:20:42	1	1.001669E+1	2.553100E+1	2.565600E+1	5.990218E-1	7.982481E-1	1.000000E+2	4.653900E-9	3.351024E-9	1.172347E-10	1.061179E-10	1.081553E-10	1.051818E-10	1.053601E-10	1.052251E-10	1.073202E-10	1.133827E-10	1.071886E-10	1.043980E-10	1.026179E-10	1.056483E-10	1.076828E-10	9.983463E-11	9.818392E-11	1.048049E-10	1.019951E-10	1.012073E-10	1.014146E-10	9.936365E-11	1.031045E-10	1.029286E-10	1.023612E-10	1.026619E-10	1.031554E-10	1.045698E-10	1.060153E-10	1.018736E-10	1.021085E-10	1.026505E-10	1.086961E-10	1.085811E-10
0:20:55	1	1.001532E+1	2.553200E+1	2.565800E+1	5.995665E-1	7.987422E-1	1.200000E+2	5.055500E-9	3.569527E-9	1.252439E-10	1.138740E-10	1.145399E-10	1.125230E-10	1.127094E-10	1.115740E-10	1.128786E-10	1.230210E-10	1.142244E-10	1.109703E-10	1.091298E-10	1.070380E-10	1.139536E-10	1.052611E-10	1.090148E-10	1.128427E-10	1.097879E-10	1.072494E-10	1.076506E-10	1.078886E-10	1.096043E-10	1.081573E-10	1.076688E-10	1.095232E-10	1.119199E-10	1.109757E-10	1.118874E-10	1.084585E-10	1.078544E-10	1.111412E-10	1.145291E-10	1.164321E-10
0:21:09	1	1.001433E+1	2.553000E+1	2.565200E+1	5.987684E-1	7.977794E-1	1.400000E+2	5.438200E-9	3.942703E-9	1.375410E-10	1.258535E-10	1.269288E-10	1.232821E-10	1.231632E-10	1.249634E-10	1.244380E-10	1.292987E-10	1.255711E-10	1.228501E-10	1.234192E-10	1.227612E-10	1.259262E-10	1.180089E-10	1.168067E-10	1.251836E-10	1.213811E-10	1.181373E-10	1.196193E-10	1.195497E-10	1.177437E-10	1.196221E-10	1.207478E-10	1.224897E-10	1.234586E-10	1.229716E-10	1.239476E-10	1.201719E-10	1.204210E-10	1.220395E-10	1.258812E-10	1.285250E-10
0:21:23	1	1.001387E+1	2.553400E+1	2.564900E+1	5.997945E-1	7.988815E-1	1.600000E+2	6.028700E-9	4.519160E-9	1.538114E-10	1.440762E-10	1.446286E-10	1.417610E-10	1.426135E-10	1.414320E-10	1.424412E-10	1.472450E-10	1.437003E-10	1.400393E-10	1.376457E-10	1.415170E-10	1.436617E-10	1.364990E-10	1.316926E-10	1.451197E-10	1.391828E-10	1.362646E-10	1.367529E-10	1.376040E-10	1.358533E-10	1.365036E-10	1.400193E-10	1.411212E-10	1.416814E-10	1.421903E-10	1.418800E-10	1.384063E-10	1.393645E-10	1.387676E-10	1.462655E-10	1.494184E-10
0:21:37	1	1.001555E+1	2.553700E+1	2.565100E+1	5.989458E-1	7.978174E-1	1.800000E+2	6.851800E-9	5.369361E-9	1.806137E-10	1.673425E-10	1.711148E-10	1.661904E-10	1.670057E-10	1.676443E-10	1.684658E-10	1.780631E-10	1.712740E-10	1.680976E-10	1.650227E-10	1.627980E-10	1.690619E-10	1.640130E-10	1.603872E-10	1.704349E-10	1.651564E-10	1.621320E-10	1.644054E-10	1.633064E-10	1.642491E-10	1.630867E-10	1.666203E-10	1.677468E-10	1.689206E-10	1.693845E-10	1.680838E-10	1.647447E-10	1.650649E-10	1.686128E-10	1.737374E-10	1.765797E-10
0:21:50	1	1.001547E+1	2.553800E+1	2.565300E+1	5.998958E-1	7.990335E-1	2.000000E+2	8.008400E-9	6.519563E-9	2.153616E-10	2.047335E-10	2.063866E-10	2.028965E-10	2.030549E-10	2.035366E-10	2.038390E-10	2.096429E-10	2.061366E-10	2.013386E-10	1.993548E-10	1.981613E-10	2.044079E-10	1.980902E-10	1.995338E-10	2.080282E-10	2.020271E-10	1.987006E-10	1.991132E-10	1.998545E-10	2.003419E-10	1.984885E-10	2.028889E-10	2.051985E-10	2.042932E-10	2.041158E-10	2.058424E-10	2.024169E-10	2.015005E-10	2.032094E-10	2.122484E-10	2.148203E-10
0:22:04	1	1.001395E+1	2.554100E+1	2.565600E+1	5.985024E-1	7.975387E-1	2.200000E+2	9.290000E-9	8.058650E-9	2.630368E-10	2.515190E-10	2.557546E-10	2.460576E-10	2.517122E-10	2.500518E-10	2.515294E-10	2.599299E-10	2.557693E-10	2.494294E-10	2.491151E-10	2.512068E-10	2.501415E-10	2.454831E-10	2.405814E-10	2.570761E-10	2.480827E-10	2.466598E-10	2.489390E-10	2.483141E-10	2.436915E-10	2.462361E-10	2.528062E-10	2.544840E-10	2.544206E-10	2.512822E-10	2.516841E-10	2.499663E-10	2.503133E-10	2.530138E-10	2.626760E-10	2.676866E-10
0:22:18	1	1.001479E+1	2.554300E+1	2.565800E+1	6.000859E-1	7.991222E-1	2.400000E+2	1.146700E-8	1.016487E-8	3.264159E-10	3.157696E-10	3.191562E-10	3.093442E-10	3.148781E-10	3.156762E-10	3.161491E-10	3.280980E-10	3.215028E-10	3.135720E-10	3.092442E-10	3.108188E-10	3.156375E-10	3.119976E-10	3.088666E-10	3.233386E-10	3.143482E-10	3.106070E-10	3.143859E-10	3.135118E-10	3.134794E-10	3.111177E-10	3.195929E-10	3.203241E-10	3.199966E-10	3.196136E-10	3.183618E-10	3.160679E-10	3.175642E-10	3.208136E-10	3.338650E-10	3.407496E-10
0:22:32	1	1.001441E+1	2.553900E+1	2.565400E+1	5.991738E-1	7.978934E-1	2.600000E+2	1.415300E-8	1.303813E-8	4.099122E-10	4.022783E-10	4.053138E-10	3.957293E-10	4.020551E-10	4.015411E-10	4.075513E-10	4.198565E-10	4.085978E-10	4.016656E-10	3.964338E-10	3.996064E-10	4.019739E-10	3.989579E-10	3.950777E-10	4.139673E-10	4.046872E-10	3.995404E-10	4.024466E-10	4.044119E-10	4.040278E-10	4.003779E-10	4.141188E-10	4.163770E-10	4.123071E-10	4.092360E-10	4.071395E-10	4.069877E-10	4.110218E-10	4.131990E-10	4.314586E-10	4.402772E-10
0:22:45	1	1.001669E+1	2.554400E+1	2.565700E+1	5.998072E-1	7.987802E-1	2.800000E+2	1.813800E-8	1.697101E-8	5.281553E-10	5.199984E-10	5.265546E-10	5.131888E-10	5.241420E-10	5.215379E-10	5.256103E-10	5.397071E-10	5.271331E-10	5.185130E-10	5.150480E-10	5.198424E-10	5.223893E-10	5.189862E-10	5.120744E-10	5.356060E-10	5.254342E-10	5.196291E-10	5.274198E-10	5.289139E-10	5.268836E-10	5.249761E-10	5.397324E-10	5.443429E-10	5.396120E-10	5.352851E-10	5.351281E-10	5.334906E-10	5.385146E-10	5.435390E-10	5.645531E-10	5.750700E-10
0:22:59	1	1.001403E+1	2.553600E+1	2.565400E+1	5.985151E-1	7.978428E-1	3.000000E+2	2.376400E-8	2.254966E-8	6.947686E-10	6.870892E-10	6.976684E-10	6.789367E-10	6.908947E-10	6.928280E-10	6.988126E-10	7.161214E-10	6.968851E-10	6.851571E-10	6.830422E-10	6.909756E-10	6.934782E-10	6.913298E-10	6.791125E-10	7.068003E-10	6.954691E-10	6.913911E-10	7.012740E-10	7.041942E-10	7.023640E-10	7.011018E-10	7.205060E-10	7.268190E-10	7.181173E-10	7.098203E-10	7.105363E-10	7.113411E-10	7.185455E-10	7.272325E-10	7.578598E-10	7.691878E-10
0:23:13	1	1.001372E+1	2.554100E+1	2.565900E+1	5.973876E-1	7.968420E-1	3.200000E+2	3.185800E-8	3.067051E-8	9.329593E-10	9.300328E-10	9.410970E-10	9.213866E-10	9.386783E-10	9.404913E-10	9.490158E-10	9.715485E-10	9.415618E-10	9.284570E-10	9.296280E-10	9.325203E-10	9.402628E-10	9.385174E-10	9.277388E-10	9.605854E-10	9.442489E-10	9.417024E-10	9.539291E-10	9.608462E-10	9.615145E-10	9.576054E-10	9.823475E-10	9.925077E-10	9.779608E-10	9.665655E-10	9.681553E-10	9.711857E-10	9.831300E-10	9.968473E-10	1.033770E-9	1.053715E-9
0:23:27	1	1.001767E+1	2.554800E+1	2.565900E+1	5.975650E-1	7.969053E-1	3.400000E+2	4.417500E-8	4.294092E-8	1.294627E-9	1.292713E-9	1.308294E-9	1.283574E-9	1.308993E-9	1.310351E-9	1.327637E-9	1.351519E-9	1.309275E-9	1.292079E-9	1.300266E-9	1.306110E-9	1.316457E-9	1.314126E-9	1.294818E-9	1.340567E-9	1.320301E-9	1.319402E-9	1.336597E-9	1.347453E-9	1.349136E-9	1.349795E-9	1.382502E-9	1.399569E-9	1.370279E-9	1.355453E-9	1.355530E-9	1.367979E-9	1.383985E-9	1.404724E-9	1.458894E-9	1.487914E-9
0:23:40	1	1.001555E+1	2.554800E+1	2.566200E+1	5.982870E-1	7.977034E-1	3.600000E+2	6.354900E-8	6.219830E-8	1.856206E-9	1.857039E-9	1.881056E-9	1.848278E-9	1.887240E-9	1.889657E-9	1.919761E-9	1.953244E-9	1.882680E-9	1.860957E-9	1.873103E-9	1.879755E-9	1.903076E-9	1.902276E-9	1.872453E-9	1.940474E-9	1.909784E-9	1.911664E-9	1.940173E-9	1.958992E-9	1.959500E-9	1.964408E-9	2.012465E-9	2.038832E-9	1.988015E-9	1.966229E-9	1.972112E-9	1.991376E-9	2.019366E-9	2.052434E-9	2.130514E-9	2.175177E-9
0:23:54	1	1.001349E+1	2.555300E+1	2.567000E+1	5.998832E-1	7.989829E-1	3.620000E+2	6.559300E-8	6.474463E-8	1.929991E-9	1.929927E-9	1.956658E-9	1.924981E-9	1.963584E-9	1.967098E-9	1.997772E-9	2.029593E-9	1.960268E-9	1.935400E-9	1.951885E-9	1.951366E-9	1.981621E-9	1.980529E-9	1.946250E-9	2.020280E-9	1.984855E-9	1.989646E-9	2.020549E-9	2.039925E-9	2.041972E-9	2.046677E-9	2.096503E-9	2.126705E-9	2.069544E-9	2.046620E-9	2.050660E-9	2.073876E-9	2.102975E-9	2.136203E-9	2.221710E-9	2.269007E-9
0:24:07	1	1.001722E+1	2.555200E+1	2.566800E+1	5.990851E-1	7.984381E-1	3.640000E+2	6.831200E-8	6.735368E-8	2.006170E-9	2.005969E-9	2.033840E-9	2.001052E-9	2.045250E-9	2.046111E-9	2.077046E-9	2.116471E-9	2.035572E-9	2.013131E-9	2.029022E-9	2.031754E-9	2.062636E-9	2.059663E-9	2.025556E-9	2.099708E-9	2.064487E-9	2.070083E-9	2.103950E-9	2.121485E-9	2.123625E-9	2.126679E-9	2.181109E-9	2.211428E-9	2.154983E-9	2.130404E-9	2.134893E-9	2.158846E-9	2.187212E-9	2.224153E-9	2.311339E-9	2.360051E-9
0:24:21	1	1.001547E+1	2.555300E+1	2.567500E+1	5.982110E-1	7.975261E-1	3.660000E+2	7.096900E-8	7.021586E-8	2.089101E-9	2.087308E-9	2.118482E-9	2.085983E-9	2.129198E-9	2.130470E-9	2.160933E-9	2.204932E-9	2.122606E-9	2.095412E-9	2.114696E-9	2.115745E-9	2.148089E-9	2.147509E-9	2.116647E-9	2.188122E-9	2.150647E-9	2.157445E-9	2.190941E-9	2.211383E-9	2.219726E-9	2.221293E-9	2.276077E-9	2.308614E-9	2.247609E-9	2.218644E-9	2.223986E-9	2.253059E-9	2.281616E-9	2.322368E-9	2.412069E-9	2.465150E-9
0:24:34	1	1.001577E+1	2.555200E+1	2.567400E+1	5.986291E-1	7.975387E-1	3.680000E+2	7.389800E-8	7.314957E-8	2.174426E-9	2.174701E-9	2.204513E-9	2.170282E-9	2.217833E-9	2.219477E-9	2.254041E-9	2.291173E-9	2.210017E-9	2.181547E-9	2.201571E-9	2.204090E-9	2.236262E-9	2.237121E-9	2.200705E-9	2.280649E-9	2.240162E-9	2.248708E-9	2.282907E-9	2.305605E-9	2.308381E-9	2.316032E-9	2.371171E-9	2.406114E-9	2.341558E-9	2.312161E-9	2.320025E-9	2.349170E-9	2.380567E-9	2.422673E-9	2.516876E-9	2.569046E-9
0:24:48	1	1.001555E+1	2.554800E+1	2.566700E+1	5.983757E-1	7.974247E-1	3.700000E+2	7.719400E-8	7.636519E-8	2.265615E-9	2.269470E-9	2.299268E-9	2.263692E-9	2.315781E-9	2.315589E-9	2.353718E-9	2.392825E-9	2.304719E-9	2.275201E-9	2.297992E-9	2.298814E-9	2.336660E-9	2.336134E-9	2.294454E-9	2.378746E-9	2.339244E-9	2.347900E-9	2.385204E-9	2.406599E-9	2.410918E-9	2.419654E-9	2.477955E-9	2.513372E-9	2.445660E-9	2.414281E-9	2.421684E-9	2.453197E-9	2.485580E-9	2.530330E-9	2.629273E-9	2.685668E-9
0:25:01	1	1.001562E+1	2.554700E+1	2.566400E+1	5.997438E-1	7.989829E-1	3.720000E+2	8.040400E-8	7.966519E-8	2.362481E-9	2.363104E-9	2.398383E-9	2.361216E-9	2.413666E-9	2.413837E-9	2.452574E-9	2.497329E-9	2.401195E-9	2.373027E-9	2.396752E-9	2.392842E-9	2.437186E-9	2.434832E-9	2.396629E-9	2.479436E-9	2.440099E-9	2.448415E-9	2.486493E-9	2.515365E-9	2.519513E-9	2.523591E-9	2.587267E-9	2.624154E-9	2.550707E-9	2.519040E-9	2.526879E-9	2.560262E-9	2.594318E-9	2.641851E-9	2.749321E-9	2.803430E-9
0:25:15	1	1.001775E+1	2.554300E+1	2.566600E+1	5.978690E-1	7.971714E-1	3.740000E+2	8.397200E-8	8.331332E-8	2.466662E-9	2.469412E-9	2.504769E-9	2.462854E-9	2.519596E-9	2.522896E-9	2.564506E-9	2.610204E-9	2.509461E-9	2.480837E-9	2.504429E-9	2.500701E-9	2.546136E-9	2.547225E-9	2.513434E-9	2.597406E-9	2.553307E-9	2.558748E-9	2.598679E-9	2.625762E-9	2.636752E-9	2.640568E-9	2.706497E-9	2.746392E-9	2.669122E-9	2.635919E-9	2.643754E-9	2.679420E-9	2.717518E-9	2.768453E-9	2.875516E-9	2.936387E-9
0:25:28	1	1.001539E+1	2.554400E+1	2.566500E+1	5.971216E-1	7.965887E-1	3.760000E+2	8.799700E-8	8.701327E-8	2.577085E-9	2.576223E-9	2.614189E-9	2.572213E-9	2.631482E-9	2.635665E-9	2.677447E-9	2.716230E-9	2.618044E-9	2.586497E-9	2.616024E-9	2.616011E-9	2.659519E-9	2.659113E-9	2.618016E-9	2.711197E-9	2.665248E-9	2.673801E-9	2.716408E-9	2.748195E-9	2.749827E-9	2.761197E-9	2.827625E-9	2.869889E-9	2.787599E-9	2.753929E-9	2.762903E-9	2.800161E-9	2.840022E-9	2.895435E-9	3.006729E-9	3.069344E-9
0:25:42	1	1.001722E+1	2.554700E+1	2.566300E+1	6.003519E-1	7.992235E-1	3.780000E+2	9.235000E-8	9.118667E-8	2.693437E-9	2.697285E-9	2.735682E-9	2.693787E-9	2.754963E-9	2.761068E-9	2.801191E-9	2.850982E-9	2.741651E-9	2.709917E-9	2.739064E-9	2.737636E-9	2.787852E-9	2.789869E-9	2.745338E-9	2.842456E-9	2.790240E-9	2.802199E-9	2.848814E-9	2.883730E-9	2.886186E-9	2.896820E-9	2.964043E-9	3.008241E-9	2.920327E-9	2.884940E-9	2.896258E-9	2.935592E-9	2.977239E-9	3.033632E-9	3.155126E-9	3.221105E-9
0:25:55	1	1.001555E+1	2.554900E+1	2.566300E+1	5.986797E-1	7.978681E-1	3.800000E+2	9.612000E-8	9.562378E-8	2.818239E-9	2.824021E-9	2.862738E-9	2.822574E-9	2.886299E-9	2.891814E-9	2.940852E-9	2.989032E-9	2.871596E-9	2.840604E-9	2.870071E-9	2.866080E-9	2.921885E-9	2.924285E-9	2.877600E-9	2.976944E-9	2.929232E-9	2.937645E-9	2.986323E-9	3.020080E-9	3.026646E-9	3.039497E-9	3.112592E-9	3.158992E-9	3.064656E-9	3.027507E-9	3.041422E-9	3.083495E-9	3.127150E-9	3.186214E-9	3.313749E-9	3.383946E-9
0:26:09	1	1.001395E+1	2.554700E+1	2.566400E+1	5.983250E-1	7.976654E-1	3.820000E+2	1.010600E-7	1.001846E-7	2.952060E-9	2.953280E-9	2.998706E-9	2.953261E-9	3.020360E-9	3.027400E-9	3.077040E-9	3.126765E-9	3.004520E-9	2.972491E-9	3.008348E-9	3.004630E-9	3.059276E-9	3.062488E-9	3.012587E-9	3.120355E-9	3.067528E-9	3.080895E-9	3.130068E-9	3.167840E-9	3.175309E-9	3.185827E-9	3.263100E-9	3.315094E-9	3.212895E-9	3.172147E-9	3.184438E-9	3.231715E-9	3.278386E-9	3.340125E-9	3.476511E-9	3.549128E-9
0:26:22	1	1.001653E+1	2.554300E+1	2.566100E+1	5.982490E-1	7.977794E-1	3.840000E+2	1.057100E-7	1.052416E-7	3.093511E-9	3.100131E-9	3.143145E-9	3.101984E-9	3.171084E-9	3.175809E-9	3.231924E-9	3.286122E-9	3.152023E-9	3.119103E-9	3.158702E-9	3.159218E-9	3.214151E-9	3.216404E-9	3.163662E-9	3.275790E-9	3.220268E-9	3.237614E-9	3.288615E-9	3.325192E-9	3.338800E-9	3.349859E-9	3.430226E-9	3.485423E-9	3.370529E-9	3.332550E-9	3.348102E-9	3.398296E-9	3.447935E-9	3.515898E-9	3.656269E-9	3.733242E-9
0:26:36	1	1.001524E+1	2.554200E+1	2.565800E+1	5.993385E-1	7.980328E-1	3.860000E+2	1.113100E-7	1.104667E-7	3.242467E-9	3.249692E-9	3.297192E-9	3.251340E-9	3.323961E-9	3.332139E-9	3.394957E-9	3.446113E-9	3.309415E-9	3.271402E-9	3.310258E-9	3.307871E-9	3.371367E-9	3.375558E-9	3.322973E-9	3.438250E-9	3.379342E-9	3.397481E-9	3.451949E-9	3.495268E-9	3.504879E-9	3.514268E-9	3.601839E-9	3.664058E-9	3.541846E-9	3.500867E-9	3.514923E-9	3.570259E-9	3.623103E-9	3.692748E-9	3.843115E-9	3.925840E-9
0:26:49	1	1.001555E+1	2.553600E+1	2.565800E+1	5.988318E-1	7.977161E-1	3.880000E+2	1.163800E-7	1.162890E-7	3.407125E-9	3.415018E-9	3.466663E-9	3.419049E-9	3.499773E-9	3.505565E-9	3.568413E-9	3.624556E-9	3.478280E-9	3.441080E-9	3.481793E-9	3.480520E-9	3.550121E-9	3.552887E-9	3.494510E-9	3.617419E-9	3.556536E-9	3.574845E-9	3.636701E-9	3.681394E-9	3.692601E-9	3.702677E-9	3.796388E-9	3.860886E-9	3.730880E-9	3.684885E-9	3.703969E-9	3.761533E-9	3.818543E-9	3.894120E-9	4.051224E-9	4.139078E-9
0:27:03	1	1.001342E+1	2.553500E+1	2.565400E+1	5.987431E-1	7.980328E-1	3.900000E+2	1.223500E-7	1.223643E-7	3.579351E-9	3.589738E-9	3.643150E-9	3.592517E-9	3.673811E-9	3.681633E-9	3.756397E-9	3.809785E-9	3.654562E-9	3.616445E-9	3.662307E-9	3.660810E-9	3.731599E-9	3.738041E-9	3.680551E-9	3.806207E-9	3.741268E-9	3.761082E-9	3.827310E-9	3.876485E-9	3.886948E-9	3.903812E-9	3.998077E-9	4.068476E-9	3.925148E-9	3.878387E-9	3.898384E-9	3.962811E-9	4.023075E-9	4.102145E-9	4.271503E-9	4.362447E-9
0:27:16	1	1.001380E+1	2.553500E+1	2.565700E+1	5.978943E-1	7.970954E-1	3.920000E+2	1.299900E-7	1.291372E-7	3.771253E-9	3.777888E-9	3.836894E-9	3.787565E-9	3.877246E-9	3.884604E-9	3.954803E-9	4.014926E-9	3.849099E-9	3.811148E-9	3.860334E-9	3.861308E-9	3.938667E-9	3.943010E-9	3.880338E-9	4.017842E-9	3.946842E-9	3.970105E-9	4.039652E-9	4.091009E-9	4.109375E-9	4.125102E-9	4.226874E-9	4.299170E-9	4.144953E-9	4.098328E-9	4.116665E-9	4.187071E-9	4.250152E-9	4.338876E-9	4.513167E-9	4.612913E-9
0:27:30	1	1.001570E+1	2.553900E+1	2.565400E+1	5.975523E-1	7.965126E-1	3.940000E+2	1.362900E-7	1.362106E-7	3.968389E-9	3.975748E-9	4.041701E-9	3.986790E-9	4.082265E-9	4.093293E-9	4.169065E-9	4.234464E-9	4.054729E-9	4.012549E-9	4.070754E-9	4.064838E-9	4.150865E-9	4.158708E-9	4.094505E-9	4.237833E-9	4.165150E-9	4.186746E-9	4.261128E-9	4.319327E-9	4.338239E-9	4.359120E-9	4.458892E-9	4.541254E-9	4.370624E-9	4.324176E-9	4.344547E-9	4.421085E-9	4.492003E-9	4.583843E-9	4.773209E-9	4.874711E-9
0:27:43	1	1.001334E+1	2.553100E+1	2.565100E+1	5.997438E-1	7.987802E-1	3.960000E+2	1.451800E-7	1.441668E-7	4.189995E-9	4.202678E-9	4.269392E-9	4.214370E-9	4.314846E-9	4.323987E-9	4.411058E-9	4.475813E-9	4.285019E-9	4.242454E-9	4.304443E-9	4.298491E-9	4.388783E-9	4.400092E-9	4.333441E-9	4.484213E-9	4.407850E-9	4.432713E-9	4.514288E-9	4.572719E-9	4.591080E-9	4.618332E-9	4.727114E-9	4.812732E-9	4.634503E-9	4.575144E-9	4.600651E-9	4.685931E-9	4.761008E-9	4.859224E-9	5.062918E-9	5.171521E-9
0:27:57	1	1.001676E+1	2.553400E+1	2.565200E+1	5.982237E-1	7.973994E-1	3.980000E+2	1.527300E-7	1.525448E-7	4.423077E-9	4.434399E-9	4.509976E-9	4.446315E-9	4.557246E-9	4.569262E-9	4.659619E-9	4.733523E-9	4.526463E-9	4.485059E-9	4.551029E-9	4.544329E-9	4.642156E-9	4.654978E-9	4.580737E-9	4.748631E-9	4.661698E-9	4.691646E-9	4.775636E-9	4.842787E-9	4.866385E-9	4.893041E-9	5.010629E-9	5.099004E-9	4.897814E-9	4.848974E-9	4.875634E-9	4.964326E-9	5.044663E-9	5.156530E-9	5.366490E-9	5.482705E-9
0:28:10	1	1.001752E+1	2.553000E+1	2.565100E+1	5.978057E-1	7.971080E-1	4.000000E+2	1.621700E-7	1.620486E-7	4.685106E-9	4.701239E-9	4.775718E-9	4.722244E-9	4.837341E-9	4.852314E-9	4.944184E-9	5.023891E-9	4.800615E-9	4.754774E-9	4.827332E-9	4.825532E-9	4.931886E-9	4.945583E-9	4.867622E-9	5.038743E-9	4.947539E-9	4.982742E-9	5.076164E-9	5.148713E-9	5.172293E-9	5.198805E-9	5.328517E-9	5.429085E-9	5.209235E-9	5.151190E-9	5.181998E-9	5.278305E-9	5.369995E-9	5.489573E-9	5.711519E-9	5.838777E-9
0:28:24	1	1.001547E+1	2.553700E+1	2.565000E+1	5.996298E-1	7.983495E-1	4.020000E+2	1.726200E-7	1.720844E-7	4.965990E-9	4.982455E-9	5.066746E-9	5.000577E-9	5.127637E-9	5.138761E-9	5.246123E-9	5.329034E-9	5.087571E-9	5.039908E-9	5.120642E-9	5.116712E-9	5.230358E-9	5.251145E-9	5.165276E-9	5.350058E-9	5.251752E-9	5.289258E-9	5.391685E-9	5.468996E-9	5.499845E-9	5.534931E-9	5.665044E-9	5.775342E-9	5.529548E-9	5.473569E-9	5.506864E-9	5.618242E-9	5.716228E-9	5.839534E-9	6.083581E-9	6.220996E-9
0:28:37	1	1.001456E+1	2.553400E+1	2.565600E+1	5.983504E-1	7.975387E-1	4.040000E+2	1.835200E-7	1.834742E-7	5.278028E-9	5.296713E-9	5.387357E-9	5.321567E-9	5.455314E-9	5.470278E-9	5.585580E-9	5.669752E-9	5.410913E-9	5.360433E-9	5.456948E-9	5.450960E-9	5.575515E-9	5.595704E-9	5.503155E-9	5.704977E-9	5.598219E-9	5.640398E-9	5.747833E-9	5.837047E-9	5.869230E-9	5.910301E-9	6.052246E-9	6.169437E-9	5.899799E-9	5.841542E-9	5.884958E-9	6.000410E-9	6.101991E-9	6.245129E-9	6.501807E-9	6.650702E-9
0:28:51	1	1.001691E+1	2.554500E+1	2.565800E+1	5.987431E-1	7.980834E-1	4.060000E+2	1.961400E-7	1.960361E-7	5.614597E-9	5.638965E-9	5.740774E-9	5.669958E-9	5.812958E-9	5.833664E-9	5.954790E-9	6.054669E-9	5.771464E-9	5.717609E-9	5.820504E-9	5.818676E-9	5.951645E-9	5.978634E-9	5.882270E-9	6.092933E-9	5.979593E-9	6.025148E-9	6.147005E-9	6.247291E-9	6.277424E-9	6.325611E-9	6.476224E-9	6.605896E-9	6.304731E-9	6.243871E-9	6.289131E-9	6.420695E-9	6.537389E-9	6.692737E-9	6.976607E-9	7.132639E-9
0:29:04	1	1.001722E+1	2.553800E+1	2.565500E+1	5.980337E-1	7.970067E-1	4.080000E+2	2.101100E-7	2.095403E-7	5.980617E-9	6.009212E-9	6.117389E-9	6.046385E-9	6.202532E-9	6.223199E-9	6.361079E-9	6.459308E-9	6.149889E-9	6.104424E-9	6.211374E-9	6.203759E-9	6.360589E-9	6.386176E-9	6.286089E-9	6.508168E-9	6.383713E-9	6.440551E-9	6.571375E-9	6.679725E-9	6.727389E-9	6.769075E-9	6.938680E-9	7.075650E-9	6.745223E-9	6.678982E-9	6.732324E-9	6.881247E-9	7.010041E-9	7.174370E-9	7.475365E-9	7.646359E-9
0:29:18	1	1.001289E+1	2.553200E+1	2.565400E+1	5.979957E-1	7.970447E-1	4.100000E+2	2.254700E-7	2.250271E-7	6.399548E-9	6.424922E-9	6.543755E-9	6.468634E-9	6.646658E-9	6.669686E-9	6.818216E-9	6.918798E-9	6.590372E-9	6.531685E-9	6.656306E-9	6.651803E-9	6.824893E-9	6.863197E-9	6.747110E-9	6.992637E-9	6.855108E-9	6.913543E-9	7.064213E-9	7.184064E-9	7.229853E-9	7.287311E-9	7.469060E-9	7.621000E-9	7.247570E-9	7.181484E-9	7.239922E-9	7.406253E-9	7.545462E-9	7.729567E-9	8.058797E-9	8.245679E-9
0:29:31	1	1.001516E+1	2.553800E+1	2.565600E+1	5.996172E-1	7.988942E-1	4.107874E+2	2.314500E-7	2.314035E-7	6.568622E-9	6.600967E-9	6.721317E-9	6.648431E-9	6.823420E-9	6.853799E-9	7.001526E-9	7.112714E-9	6.761456E-9	6.716340E-9	6.837957E-9	6.838219E-9	7.009538E-9	7.047593E-9	6.934545E-9	7.189780E-9	7.046302E-9	7.110040E-9	7.268428E-9	7.390250E-9	7.441364E-9	7.499027E-9	7.685914E-9	7.844390E-9	7.455711E-9	7.381580E-9	7.454857E-9	7.627285E-9	7.771022E-9	7.959200E-9	8.303849E-9	8.498046E-9
0:29:45	1	1.001722E+1	2.554000E+1	2.565600E+1	5.976663E-1	7.971460E-1	4.115747E+2	2.389100E-7	2.380944E-7	6.746775E-9	6.783064E-9	6.905579E-9	6.829682E-9	7.013551E-9	7.039232E-9	7.196774E-9	7.323245E-9	6.951809E-9	6.899352E-9	7.036617E-9	7.025267E-9	7.209892E-9	7.250544E-9	7.133510E-9	7.395655E-9	7.246111E-9	7.322272E-9	7.480077E-9	7.599948E-9	7.661833E-9	7.721641E-9	7.915783E-9	8.084019E-9	7.674317E-9	7.603218E-9	7.669414E-9	7.850406E-9	8.004159E-9	8.206954E-9	8.551851E-9	8.761870E-9
0:29:58	1	1.001630E+1	2.553500E+1	2.565400E+1	5.973243E-1	7.967913E-1	4.123621E+2	2.465100E-7	2.457610E-7	6.952803E-9	6.984456E-9	7.114810E-9	7.043843E-9	7.235612E-9	7.260054E-9	7.423669E-9	7.546205E-9	7.160292E-9	7.111560E-9	7.255951E-9	7.246351E-9	7.436406E-9	7.486687E-9	7.371810E-9	7.631340E-9	7.479623E-9	7.550869E-9	7.720134E-9	7.854530E-9	7.914485E-9	7.973106E-9	8.181290E-9	8.353172E-9	7.920036E-9	7.851172E-9	7.919645E-9	8.109680E-9	8.269185E-9	8.488676E-9	8.850027E-9	9.063493E-9
0:30:12	1	1.001501E+1	2.554300E+1	2.565800E+1	5.998832E-1	7.987802E-1	4.131494E+2	2.533200E-7	2.530935E-7	7.144579E-9	7.184775E-9	7.312790E-9	7.240412E-9	7.438161E-9	7.468493E-9	7.640267E-9	7.755785E-9	7.370042E-9	7.320228E-9	7.464665E-9	7.455184E-9	7.656333E-9	7.697399E-9	7.583443E-9	7.854430E-9	7.707561E-9	7.779844E-9	7.955404E-9	8.089930E-9	8.159439E-9	8.223626E-9	8.435995E-9	8.609545E-9	8.160586E-9	8.092530E-9	8.173222E-9	8.368068E-9	8.532257E-9	8.749356E-9	9.123429E-9	9.345678E-9
0:30:25	1	1.001532E+1	2.553900E+1	2.565800E+1	5.997185E-1	7.988689E-1	4.139368E+2	2.602200E-7	2.601270E-7	7.332192E-9	7.365170E-9	7.509884E-9	7.428625E-9	7.634690E-9	7.672344E-9	7.841453E-9	7.972530E-9	7.560269E-9	7.509939E-9	7.663261E-9	7.660418E-9	7.863021E-9	7.917830E-9	7.784623E-9	8.075812E-9	7.913453E-9	7.998369E-9	8.178580E-9	8.326085E-9	8.394678E-9	8.470432E-9	8.678880E-9	8.864910E-9	8.388653E-9	8.318128E-9	8.397569E-9	8.603285E-9	8.781370E-9	9.004524E-9	9.394134E-9	9.621912E-9
0:30:39	1	1.001653E+1	2.554600E+1	2.566100E+1	5.987557E-1	7.980961E-1	4.147241E+2	2.692400E-7	2.688334E-7	7.560481E-9	7.600358E-9	7.747750E-9	7.664177E-9	7.874555E-9	7.909698E-9	8.096899E-9	8.235883E-9	7.807037E-9	7.753113E-9	7.909024E-9	7.909162E-9	8.127794E-9	8.178522E-9	8.052949E-9	8.348646E-9	8.170405E-9	8.261016E-9	8.454671E-9	8.606309E-9	8.674588E-9	8.752888E-9	8.982803E-9	9.178437E-9	8.671260E-9	8.598489E-9	8.689222E-9	8.902447E-9	9.091168E-9	9.331548E-9	9.728061E-9	9.963991E-9
0:30:52	1	1.001532E+1	2.555000E+1	2.566400E+1	5.979577E-1	7.974881E-1	4.155115E+2	2.778000E-7	2.773237E-7	7.781392E-9	7.825772E-9	7.979863E-9	7.897704E-9	8.118158E-9	8.150824E-9	8.344385E-9	8.481548E-9	8.034600E-9	7.990093E-9	8.151501E-9	8.155191E-9	8.377746E-9	8.433537E-9	8.304870E-9	8.603700E-9	8.433251E-9	8.525869E-9	8.725215E-9	8.881705E-9	8.955824E-9	9.040258E-9	9.270109E-9	9.475786E-9	8.947687E-9	8.879540E-9	8.970140E-9	9.197748E-9	9.389851E-9	9.637978E-9	1.005697E-8	1.030487E-8
0:31:06	1	1.001653E+1	2.554900E+1	2.566900E+1	5.984897E-1	7.976654E-1	4.162988E+2	2.860500E-7	2.862048E-7	8.017312E-9	8.060897E-9	8.220827E-9	8.135091E-9	8.359226E-9	8.402388E-9	8.600972E-9	8.739892E-9	8.283207E-9	8.239774E-9	8.399417E-9	8.409052E-9	8.637265E-9	8.698647E-9	8.561036E-9	8.882167E-9	8.698947E-9	8.796572E-9	9.004516E-9	9.170203E-9	9.251698E-9	9.341549E-9	9.583383E-9	9.792963E-9	9.238678E-9	9.165490E-9	9.266150E-9	9.501532E-9	9.707731E-9	9.971273E-9	1.040489E-8	1.066202E-8
0:31:19	1	1.001486E+1	2.555200E+1	2.567200E+1	5.983504E-1	7.974627E-1	4.170862E+2	2.962500E-7	2.964624E-7	8.277322E-9	8.329314E-9	8.495169E-9	8.417604E-9	8.642936E-9	8.695120E-9	8.899876E-9	9.051250E-9	8.558249E-9	8.511515E-9	8.696458E-9	8.693223E-9	8.936814E-9	9.007111E-9	8.868065E-9	9.197278E-9	9.011838E-9	9.113096E-9	9.332255E-9	9.506534E-9	9.593195E-9	9.696950E-9	9.941394E-9	1.016314E-8	9.567314E-9	9.499423E-9	9.610589E-9	9.855335E-9	1.007480E-8	1.035254E-8	1.079476E-8	1.107190E-8
0:31:33	1	1.001349E+1	2.555000E+1	2.567900E+1	5.989331E-1	7.984128E-1	4.178735E+2	3.067200E-7	3.064676E-7	8.531597E-9	8.586384E-9	8.762176E-9	8.676066E-9	8.923095E-9	8.966418E-9	9.192275E-9	9.345929E-9	8.830500E-9	8.787992E-9	8.981866E-9	8.980234E-9	9.233512E-9	9.311725E-9	9.167936E-9	9.507200E-9	9.307307E-9	9.419674E-9	9.647334E-9	9.824746E-9	9.937656E-9	1.002860E-8	1.029258E-8	1.052344E-8	9.899290E-9	9.826888E-9	9.937095E-9	1.020401E-8	1.043935E-8	1.072436E-8	1.119248E-8	1.147787E-8
0:31:46	1	1.001661E+1	2.554600E+1	2.566500E+1	5.977423E-1	7.971587E-1	4.186609E+2	3.185800E-7	3.180708E-7	8.832535E-9	8.890426E-9	9.068816E-9	8.987878E-9	9.244942E-9	9.290580E-9	9.519541E-9	9.682335E-9	9.141608E-9	9.100110E-9	9.308940E-9	9.311136E-9	9.586775E-9	9.653004E-9	9.504547E-9	9.863258E-9	9.656119E-9	9.775346E-9	1.002194E-8	1.021800E-8	1.031588E-8	1.043062E-8	1.070177E-8	1.093723E-8	1.028316E-8	1.021125E-8	1.032889E-8	1.059884E-8	1.085422E-8	1.115898E-8	1.164940E-8	1.194271E-8
0:32:00	1	1.001365E+1	2.554300E+1	2.566400E+1	5.972356E-1	7.966520E-1	4.194482E+2	3.290500E-7	3.292711E-7	9.113104E-9	9.176183E-9	9.369578E-9	9.281210E-9	9.549811E-9	9.600850E-9	9.845039E-9	1.000612E-8	9.452397E-9	9.409891E-9	9.630892E-9	9.617029E-9	9.914069E-9	9.991317E-9	9.833430E-9	1.021533E-8	9.992007E-9	1.012592E-8	1.037576E-8	1.058380E-8	1.069770E-8	1.080587E-8	1.108948E-8	1.134845E-8	1.064667E-8	1.056755E-8	1.070067E-8	1.100178E-8	1.125142E-8	1.158054E-8	1.209359E-8	1.240369E-8
0:32:13	1	1.001387E+1	2.554400E+1	2.565900E+1	6.000099E-1	7.989955E-1	4.202356E+2	3.401700E-7	3.401509E-7	9.383897E-9	9.455066E-9	9.650491E-9	9.566062E-9	9.844604E-9	9.907412E-9	1.015146E-8	1.032839E-8	9.740368E-9	9.705199E-9	9.932043E-9	9.925638E-9	1.023275E-8	1.031997E-8	1.016238E-8	1.055051E-8	1.031579E-8	1.046164E-8	1.072208E-8	1.094483E-8	1.105188E-8	1.119686E-8	1.148009E-8	1.174273E-8	1.099214E-8	1.092635E-8	1.106538E-8	1.138046E-8	1.165732E-8	1.198962E-8	1.252217E-8	1.284536E-8
0:32:27	1	1.001463E+1	2.553600E+1	2.565300E+1	5.984644E-1	7.977668E-1	4.210229E+2	3.543400E-7	3.538369E-7	9.733206E-9	9.800660E-9	1.001605E-8	9.935022E-9	1.021840E-8	1.027840E-8	1.054082E-8	1.072402E-8	1.010713E-8	1.007464E-8	1.030692E-8	1.031375E-8	1.062465E-8	1.072247E-8	1.056873E-8	1.096574E-8	1.072460E-8	1.087837E-8	1.115829E-8	1.139764E-8	1.151982E-8	1.165884E-8	1.196637E-8	1.224087E-8	1.144278E-8	1.137924E-8	1.152714E-8	1.186292E-8	1.214968E-8	1.252264E-8	1.306998E-8	1.340708E-8
0:32:40	1	1.001722E+1	2.553300E+1	2.564900E+1	5.981984E-1	7.975387E-1	4.218103E+2	3.676700E-7	3.672792E-7	1.007488E-8	1.014209E-8	1.035922E-8	1.028133E-8	1.058105E-8	1.065776E-8	1.092437E-8	1.112276E-8	1.046597E-8	1.042347E-8	1.068881E-8	1.069966E-8	1.102764E-8	1.111613E-8	1.096033E-8	1.137983E-8	1.112739E-8	1.128691E-8	1.158310E-8	1.184198E-8	1.198304E-8	1.211856E-8	1.244071E-8	1.273134E-8	1.188308E-8	1.181416E-8	1.197153E-8	1.233342E-8	1.264841E-8	1.302911E-8	1.361051E-8	1.397069E-8
0:32:54	1	1.001532E+1	2.552800E+1	2.565200E+1	5.990851E-1	7.981848E-1	4.225976E+2	3.814700E-7	3.815140E-7	1.042753E-8	1.050648E-8	1.073167E-8	1.064902E-8	1.097000E-8	1.103478E-8	1.132700E-8	1.153235E-8	1.084776E-8	1.081364E-8	1.108543E-8	1.109074E-8	1.144659E-8	1.154411E-8	1.137884E-8	1.181437E-8	1.155051E-8	1.171899E-8	1.203953E-8	1.229059E-8	1.246260E-8	1.260385E-8	1.294815E-8	1.326284E-8	1.234880E-8	1.229606E-8	1.246227E-8	1.283696E-8	1.317038E-8	1.357487E-8	1.418472E-8	1.456260E-8
0:33:07	1	1.001395E+1	2.552900E+1	2.565000E+1	5.982744E-1	7.972474E-1	4.233850E+2	3.985600E-7	3.982148E-7	1.083083E-8	1.091803E-8	1.116536E-8	1.107114E-8	1.141944E-8	1.148982E-8	1.179228E-8	1.201156E-8	1.129331E-8	1.125903E-8	1.154105E-8	1.155198E-8	1.192616E-8	1.204360E-8	1.187970E-8	1.232637E-8	1.203616E-8	1.223402E-8	1.257162E-8	1.285787E-8	1.301781E-8	1.318136E-8	1.355404E-8	1.387202E-8	1.289049E-8	1.283914E-8	1.303390E-8	1.344029E-8	1.379023E-8	1.422430E-8	1.487566E-8	1.527626E-8
0:33:21	1	1.001334E+1	2.552700E+1	2.564700E+1	5.991358E-1	7.983368E-1	4.241724E+2	4.144200E-7	4.146660E-7	1.123822E-8	1.131785E-8	1.158888E-8	1.149370E-8	1.185064E-8	1.194045E-8	1.225883E-8	1.248329E-8	1.172320E-8	1.169097E-8	1.198971E-8	1.201360E-8	1.239794E-8	1.253444E-8	1.235358E-8	1.283717E-8	1.253315E-8	1.273131E-8	1.309406E-8	1.339406E-8	1.357827E-8	1.376782E-8	1.414015E-8	1.449202E-8	1.344473E-8	1.338516E-8	1.359637E-8	1.402215E-8	1.440433E-8	1.487505E-8	1.553912E-8	1.595580E-8
0:33:34	1	1.001532E+1	2.552900E+1	2.564400E+1	5.978437E-1	7.970954E-1	4.249597E+2	4.343900E-7	4.341230E-7	1.170022E-8	1.180600E-8	1.207587E-8	1.199126E-8	1.236984E-8	1.245262E-8	1.280522E-8	1.304716E-8	1.222993E-8	1.220588E-8	1.252316E-8	1.255239E-8	1.297544E-8	1.310082E-8	1.291418E-8	1.342878E-8	1.310667E-8	1.332892E-8	1.372201E-8	1.404904E-8	1.424384E-8	1.443944E-8	1.485238E-8	1.521532E-8	1.407697E-8	1.401686E-8	1.425216E-8	1.472191E-8	1.513380E-8	1.562997E-8	1.634816E-8	1.680673E-8
0:33:48	1	1.001638E+1	2.553400E+1	2.565400E+1	5.974890E-1	7.966900E-1	4.257471E+2	4.530000E-7	4.532834E-7	1.216020E-8	1.225992E-8	1.256500E-8	1.247806E-8	1.287181E-8	1.296763E-8	1.333235E-8	1.358160E-8	1.272366E-8	1.270645E-8	1.305079E-8	1.308094E-8	1.351709E-8	1.367837E-8	1.349764E-8	1.401718E-8	1.367455E-8	1.391483E-8	1.432868E-8	1.467362E-8	1.490135E-8	1.511982E-8	1.554496E-8	1.594875E-8	1.470713E-8	1.465583E-8	1.490239E-8	1.540210E-8	1.586385E-8	1.640549E-8	1.712817E-8	1.762315E-8
0:34:01	1	1.001516E+1	2.554200E+1	2.565500E+1	5.998958E-1	7.990082E-1	4.265344E+2	4.723700E-7	4.719567E-7	1.261067E-8	1.271845E-8	1.302247E-8	1.294240E-8	1.336035E-8	1.347949E-8	1.385379E-8	1.411941E-8	1.320604E-8	1.319185E-8	1.355364E-8	1.358544E-8	1.406044E-8	1.422039E-8	1.402163E-8	1.458588E-8	1.423223E-8	1.447738E-8	1.493244E-8	1.529657E-8	1.554042E-8	1.577803E-8	1.623394E-8	1.664164E-8	1.530873E-8	1.528834E-8	1.555364E-8	1.608134E-8	1.656004E-8	1.714153E-8	1.792009E-8	1.843805E-8
0:34:15	1	1.001555E+1	2.554100E+1	2.566100E+1	5.984264E-1	7.978048E-1	4.273218E+2	4.941000E-7	4.940766E-7	1.313409E-8	1.324361E-8	1.358271E-8	1.348622E-8	1.393606E-8	1.405150E-8	1.445097E-8	1.472456E-8	1.377368E-8	1.376237E-8	1.414898E-8	1.418384E-8	1.469577E-8	1.487752E-8	1.465830E-8	1.526522E-8	1.489121E-8	1.516676E-8	1.564878E-8	1.602954E-8	1.630273E-8	1.656549E-8	1.702932E-8	1.747767E-8	1.604519E-8	1.601751E-8	1.631488E-8	1.688949E-8	1.740873E-8	1.804042E-8	1.885112E-8	1.942237E-8
0:34:28	1	1.001403E+1	2.554600E+1	2.566500E+1	5.976790E-1	7.972347E-1	4.281091E+2	5.204100E-7	5.200770E-7	1.372493E-8	1.385334E-8	1.421831E-8	1.413762E-8	1.460168E-8	1.472246E-8	1.516368E-8	1.546421E-8	1.442150E-8	1.443040E-8	1.484663E-8	1.490513E-8	1.542472E-8	1.561732E-8	1.542381E-8	1.605259E-8	1.565250E-8	1.594633E-8	1.647679E-8	1.691560E-8	1.720840E-8	1.748631E-8	1.799310E-8	1.848170E-8	1.689781E-8	1.688352E-8	1.721825E-8	1.785562E-8	1.840765E-8	1.910754E-8	1.997759E-8	2.055992E-8
0:34:42	1	1.001524E+1	2.555100E+1	2.566900E+1	5.997058E-1	7.986282E-1	4.288965E+2	5.460600E-7	5.464380E-7	1.434522E-8	1.447485E-8	1.485669E-8	1.476853E-8	1.526470E-8	1.541321E-8	1.586831E-8	1.620367E-8	1.506990E-8	1.508952E-8	1.553461E-8	1.561347E-8	1.618681E-8	1.639959E-8	1.620067E-8	1.687141E-8	1.642368E-8	1.674069E-8	1.732124E-8	1.778642E-8	1.811534E-8	1.843787E-8	1.897462E-8	1.949284E-8	1.777413E-8	1.776951E-8	1.813621E-8	1.881059E-8	1.942936E-8	2.016484E-8	2.111134E-8	2.178819E-8
0:34:55	1	1.001699E+1	2.555400E+1	2.567600E+1	5.998705E-1	7.990209E-1	4.296838E+2	5.783700E-7	5.779551E-7	1.503981E-8	1.518578E-8	1.561788E-8	1.552195E-8	1.606488E-8	1.622522E-8	1.672895E-8	1.706589E-8	1.585420E-8	1.589791E-8	1.638767E-8	1.645462E-8	1.706962E-8	1.733066E-8	1.709484E-8	1.782218E-8	1.733334E-8	1.770002E-8	1.833167E-8	1.884952E-8	1.922470E-8	1.957658E-8	2.017263E-8	2.071377E-8	1.881174E-8	1.881301E-8	1.923362E-8	1.998350E-8	2.065371E-8	2.149055E-8	2.249084E-8	2.321381E-8
0:35:09	1	1.001638E+1	2.556200E+1	2.567700E+1	5.986924E-1	7.980454E-1	4.304712E+2	6.091700E-7	6.096990E-7	1.574309E-8	1.592527E-8	1.635829E-8	1.627209E-8	1.686082E-8	1.702183E-8	1.757375E-8	1.793047E-8	1.662670E-8	1.667262E-8	1.721784E-8	1.730038E-8	1.796618E-8	1.823238E-8	1.801878E-8	1.877783E-8	1.824364E-8	1.868452E-8	1.934160E-8	1.991750E-8	2.034062E-8	2.072745E-8	2.135521E-8	2.196404E-8	1.984922E-8	1.988252E-8	2.033583E-8	2.118300E-8	2.192012E-8	2.285403E-8	2.392195E-8	2.467944E-8
0:35:22	1	1.002087E+1	2.555700E+1	2.567800E+1	5.986417E-1	7.980961E-1	4.312585E+2	6.482700E-7	6.480385E-7	1.656853E-8	1.675599E-8	1.724205E-8	1.718139E-8	1.780888E-8	1.798966E-8	1.857380E-8	1.897069E-8	1.755514E-8	1.762863E-8	1.820267E-8	1.830508E-8	1.903395E-8	1.934268E-8	1.911723E-8	1.993152E-8	1.935551E-8	1.981291E-8	2.058832E-8	2.122997E-8	2.168395E-8	2.213628E-8	2.281676E-8	2.349479E-8	2.111818E-8	2.116298E-8	2.169679E-8	2.265204E-8	2.346463E-8	2.446868E-8	2.565343E-8	2.649538E-8
0:35:36	1	1.001585E+1	2.555500E+1	2.567400E+1	5.983124E-1	7.973361E-1	4.320459E+2	6.867100E-7	6.871983E-7	1.741982E-8	1.763394E-8	1.815502E-8	1.807088E-8	1.874800E-8	1.896265E-8	1.959085E-8	2.002677E-8	1.849367E-8	1.858748E-8	1.922095E-8	1.932936E-8	2.013137E-8	2.046074E-8	2.023640E-8	2.111728E-8	2.049742E-8	2.101965E-8	2.184195E-8	2.253060E-8	2.304880E-8	2.355839E-8	2.433000E-8	2.504688E-8	2.239665E-8	2.248823E-8	2.309829E-8	2.412949E-8	2.503919E-8	2.615987E-8	2.743967E-8	2.838806E-8
0:35:49	1	1.001532E+1	2.554900E+1	2.566900E+1	5.981097E-1	7.973234E-1	4.328332E+2	7.267100E-7	7.265701E-7	1.824444E-8	1.847721E-8	1.903525E-8	1.896784E-8	1.968820E-8	1.991006E-8	2.059204E-8	2.108507E-8	1.941013E-8	1.952333E-8	2.019616E-8	2.033033E-8	2.121365E-8	2.159532E-8	2.135873E-8	2.228482E-8	2.162146E-8	2.221110E-8	2.311103E-8	2.388940E-8	2.444653E-8	2.500872E-8	2.584514E-8	2.663647E-8	2.371031E-8	2.382516E-8	2.448717E-8	2.566405E-8	2.666226E-8	2.791634E-8	2.928104E-8	3.034132E-8
0:36:03	1	1.001653E+1	2.553400E+1	2.566100E+1	5.996298E-1	7.987802E-1	4.336206E+2	7.748200E-7	7.752436E-7	1.923214E-8	1.948619E-8	2.010403E-8	2.006118E-8	2.082690E-8	2.110802E-8	2.182102E-8	2.237134E-8	2.051923E-8	2.066994E-8	2.141411E-8	2.160146E-8	2.252701E-8	2.294991E-8	2.272931E-8	2.372469E-8	2.300581E-8	2.368187E-8	2.468076E-8	2.552542E-8	2.619452E-8	2.685332E-8	2.778456E-8	2.863094E-8	2.532108E-8	2.549295E-8	2.624712E-8	2.750493E-8	2.869596E-8	3.010172E-8	3.159188E-8	3.278425E-8
