APD#	0006	Started	03/06/07 23:48	Sense_ohms	1.004464E+6	1.004628E+6	1.002105E+6	1.000924E+6	9.998282E+5	1.007735E+6	1.002821E+6	9.989270E+5	9.993226E+5	1.002376E+6	1.001862E+6	1.003102E+6	1.000030E+6	1.003780E+6	1.000011E+6	1.000898E+6	9.999006E+5	1.006439E+6	1.005624E+6	1.010450E+6	1.003884E+6	1.005600E+6	1.002519E+6	1.006362E+6	1.004620E+6	1.008599E+6	1.003214E+6	1.000475E+6	1.003139E+6	9.996927E+5	1.009944E+6	1.000506E+6	
ElapTime	Shutter_Open	DegC	BiasV	KE237_Amps	Pixel_Sum	A1	A2	A3	A4	A5	A6	A7	A8	B1	B2	B3	B4	B5	B6	B7	B8	C1	C2	C3	C4	C5	C6	C7	C8	D1	D2	D3	D4	D5	D6	D7	D8
   0:00:00	0	2.683100E+1	0.000000E+0	-1.837000E-11	-1.562729E-10	-1.513245E-12	-4.287159E-12	-4.108352E-12	-3.543726E-12	-4.117707E-12	-6.222866E-12	-4.232061E-12	-7.165689E-12	-3.803577E-12	-3.475742E-12	-4.742170E-12	-3.410421E-12	-6.207814E-12	-4.670346E-12	-5.700937E-12	-8.354498E-12	-5.194516E-12	-5.853311E-12	-6.424867E-12	-5.265971E-12	-5.741699E-12	-5.731901E-12	-4.928585E-12	-4.028372E-12	-4.035357E-12	-4.898875E-12	-4.609186E-12	-4.368925E-12	-5.052141E-12	-4.942519E-12	-4.954730E-12	-4.685629E-12
   0:00:13	0	2.679100E+1	0.000000E+0	-1.929000E-11	-3.688529E-10	-1.387805E-12	-9.583647E-12	-1.144092E-11	-1.082200E-11	-1.083386E-11	-1.200613E-11	-1.054924E-11	-1.135118E-11	-1.102947E-11	-1.036437E-11	-1.194975E-11	-1.035687E-11	-1.216164E-11	-1.009683E-11	-1.127488E-11	-1.563196E-11	-1.545754E-11	-1.504214E-11	-1.360548E-11	-1.372953E-11	-1.350355E-11	-1.278739E-11	-1.232096E-11	-1.107852E-11	-1.160140E-11	-1.155563E-11	-1.092389E-11	-9.940278E-12	-1.123972E-11	-1.178562E-11	-1.191749E-11	-1.152317E-11
   0:00:27	0	2.679300E+1	1.000000E+1	2.096200E-9	1.687745E-9	5.467593E-11	6.885434E-11	5.505710E-11	-1.025253E-11	4.891040E-11	7.498995E-11	-1.010649E-11	8.021707E-11	7.454450E-11	7.254763E-11	7.359596E-11	4.590959E-11	5.954221E-11	-1.123254E-11	5.777036E-11	7.594580E-11	4.238221E-11	5.154709E-11	5.429763E-11	7.058835E-11	7.123931E-11	7.363763E-11	4.814772E-11	5.400641E-11	6.488224E-11	3.849895E-11	4.823996E-11	6.673330E-11	6.693589E-11	4.023636E-11	4.754224E-11	3.786084E-11
   0:00:41	0	2.679400E+1	2.000000E+1	2.309600E-9	1.876406E-9	5.782885E-11	7.415083E-11	6.453915E-11	-9.808937E-12	5.860407E-11	8.567629E-11	-9.600916E-12	9.473865E-11	7.961493E-11	7.956196E-11	8.017172E-11	5.348708E-11	6.891693E-11	-1.066469E-11	6.385130E-11	8.803395E-11	4.624660E-11	5.582753E-11	5.744791E-11	7.811173E-11	7.799108E-11	7.987371E-11	5.351819E-11	5.929377E-11	7.011507E-11	4.314698E-11	5.196598E-11	7.097629E-11	7.388109E-11	4.530592E-11	5.080381E-11	4.279934E-11
   0:00:55	0	2.679600E+1	3.000000E+1	2.511600E-9	2.077790E-9	6.413570E-11	8.108574E-11	7.269398E-11	-9.998761E-12	6.722055E-11	9.686475E-11	-1.004367E-11	1.078017E-10	8.747526E-11	8.638675E-11	8.782247E-11	5.992810E-11	7.797566E-11	-1.167487E-11	6.917224E-11	9.986832E-11	4.897087E-11	6.086211E-11	6.469118E-11	8.444356E-11	8.537441E-11	8.787391E-11	5.971059E-11	6.565133E-11	7.742928E-11	4.685212E-11	5.663797E-11	7.743422E-11	8.076448E-11	4.961425E-11	5.557140E-11	4.919411E-11
   0:01:09	0	2.679800E+1	4.000000E+1	2.712100E-9	2.282903E-9	6.728862E-11	8.884184E-11	8.192255E-11	-1.056923E-11	7.520292E-11	1.082427E-10	-1.111764E-11	1.218157E-10	9.647635E-11	9.390688E-11	9.484041E-11	6.681175E-11	8.887033E-11	-1.098049E-11	7.550617E-11	1.116397E-10	5.568554E-11	6.797431E-11	7.092711E-11	9.253006E-11	9.206243E-11	9.549622E-11	6.558679E-11	7.156769E-11	8.348331E-11	5.099747E-11	5.853288E-11	8.351233E-11	8.733187E-11	5.398659E-11	6.071426E-11	5.381577E-11
   0:01:23	0	2.680000E+1	5.000000E+1	2.966500E-9	2.583777E-9	7.807248E-11	9.987577E-11	9.563968E-11	-1.202489E-11	8.768406E-11	1.250259E-10	-1.143275E-11	1.422987E-10	1.065552E-10	1.050923E-10	1.061583E-10	7.546291E-11	1.009690E-10	-1.154835E-11	8.773203E-11	1.303100E-10	6.303427E-11	7.515011E-11	7.836030E-11	1.009303E-10	1.014649E-10	1.084726E-10	7.386394E-11	8.069462E-11	9.275149E-11	5.658740E-11	6.831942E-11	9.313576E-11	9.604651E-11	6.025952E-11	6.773841E-11	6.109708E-11
   0:01:37	0	2.680100E+1	6.000000E+1	3.311000E-9	2.936423E-9	8.412646E-11	1.107216E-10	1.053113E-10	-1.158130E-11	9.611051E-11	1.372206E-10	-1.067489E-11	1.552986E-10	1.205637E-10	1.207022E-10	1.209538E-10	8.461951E-11	1.149046E-10	-1.148558E-11	9.932391E-11	1.457521E-10	7.500746E-11	8.773805E-11	9.190314E-11	1.164145E-10	1.194481E-10	1.214489E-10	8.441636E-11	9.322093E-11	1.071908E-10	6.594494E-11	7.968489E-11	1.060526E-10	1.100017E-10	6.817995E-11	8.003216E-11	6.787166E-11
   0:01:51	0	2.680200E+1	7.000000E+1	3.441900E-9	3.060136E-9	8.797329E-11	1.147569E-10	1.115691E-10	-1.164424E-11	1.025726E-10	1.466497E-10	-1.048542E-11	1.648739E-10	1.253809E-10	1.243675E-10	1.256321E-10	8.670305E-11	1.221883E-10	-1.180039E-11	1.029339E-10	1.533473E-10	7.494445E-11	8.981468E-11	9.473819E-11	1.228720E-10	1.220978E-10	1.275587E-10	8.624874E-11	9.718570E-11	1.119826E-10	6.720114E-11	8.258956E-11	1.103576E-10	1.154955E-10	7.090479E-11	8.065893E-11	7.046734E-11
   0:02:05	0	2.680400E+1	8.000000E+1	3.571400E-9	3.172628E-9	8.992856E-11	1.196751E-10	1.177002E-10	-1.069512E-11	1.071344E-10	1.530611E-10	-1.092817E-11	1.747655E-10	1.265857E-10	1.293596E-10	1.298682E-10	8.935582E-11	1.282062E-10	-1.060192E-11	1.060378E-10	1.628398E-10	7.703466E-11	9.315021E-11	9.889482E-11	1.271978E-10	1.260106E-10	1.307090E-10	8.839633E-11	9.838209E-11	1.148205E-10	6.851980E-11	8.366311E-11	1.142197E-10	1.183365E-10	7.324951E-11	8.329373E-11	7.445633E-11
   0:02:19	0	2.680500E+1	9.000000E+1	3.694300E-9	3.286013E-9	9.219843E-11	1.221338E-10	1.219992E-10	-1.006270E-11	1.122033E-10	1.594100E-10	-1.174886E-11	1.835800E-10	1.340648E-10	1.326458E-10	1.321449E-10	9.200759E-11	1.330840E-10	-1.243201E-11	1.097758E-10	1.718267E-10	7.849180E-11	9.573158E-11	9.996579E-11	1.294542E-10	1.312472E-10	1.354326E-10	9.187158E-11	1.034807E-10	1.179730E-10	7.059297E-11	8.827229E-11	1.180189E-10	1.225045E-10	7.508707E-11	8.699393E-11	7.806450E-11
   0:02:33	0	2.680600E+1	1.000000E+2	3.801200E-9	3.379995E-9	9.453201E-11	1.249706E-10	1.254759E-10	-1.018958E-11	1.158779E-10	1.656328E-10	-1.168603E-11	1.908728E-10	1.362203E-10	1.353634E-10	1.375189E-10	9.396552E-11	1.387208E-10	-1.451414E-11	1.123728E-10	1.790422E-10	8.096305E-11	9.705308E-11	1.029898E-10	1.324004E-10	1.347178E-10	1.404724E-10	9.332491E-11	1.063762E-10	1.221347E-10	7.260269E-11	8.921925E-11	1.206147E-10	1.259776E-10	7.857215E-11	8.856234E-11	7.983760E-11
   0:02:47	0	2.680600E+1	1.200000E+2	4.002500E-9	3.611460E-9	9.793781E-11	1.317174E-10	1.372331E-10	-1.120165E-11	1.255706E-10	1.829816E-10	-1.073871E-11	2.100234E-10	1.466163E-10	1.437684E-10	1.443472E-10	9.939667E-11	1.486025E-10	-1.161111E-11	1.216207E-10	1.974587E-10	8.444739E-11	1.026540E-10	1.089105E-10	1.411144E-10	1.444988E-10	1.481573E-10	9.755825E-11	1.121038E-10	1.291334E-10	7.630783E-11	9.502858E-11	1.269457E-10	1.322917E-10	8.205722E-11	9.263880E-11	8.388955E-11
   0:03:01	0	2.680600E+1	1.400000E+2	4.272300E-9	3.870200E-9	1.062616E-10	1.389061E-10	1.486112E-10	-9.872877E-12	1.358343E-10	1.974388E-10	-1.136993E-11	2.313933E-10	1.544756E-10	1.521724E-10	1.537687E-10	1.058377E-10	1.618411E-10	-1.154835E-11	1.313126E-10	2.194200E-10	8.989494E-11	1.076270E-10	1.135723E-10	1.500797E-10	1.517546E-10	1.574175E-10	1.036250E-10	1.200353E-10	1.380243E-10	8.089241E-11	9.944837E-11	1.361903E-10	1.410064E-10	8.807607E-11	9.702914E-11	9.104393E-11
   0:03:16	0	2.680700E+1	1.600000E+2	4.621400E-9	4.162102E-9	1.125048E-10	1.506339E-10	1.572709E-10	-1.227766E-11	1.464782E-10	2.167365E-10	-9.790381E-12	2.573291E-10	1.642383E-10	1.624101E-10	1.633159E-10	1.137312E-10	1.745098E-10	-1.217996E-11	1.412574E-10	2.453677E-10	9.768771E-11	1.142354E-10	1.210045E-10	1.616765E-10	1.614718E-10	1.681891E-10	1.109545E-10	1.293511E-10	1.472298E-10	8.453508E-11	1.047523E-10	1.434709E-10	1.506043E-10	9.409592E-11	1.036156E-10	9.769157E-11
   0:03:30	0	2.680700E+1	1.800000E+2	4.975100E-9	4.520129E-9	1.209551E-10	1.613523E-10	1.724420E-10	-1.170818E-11	1.609867E-10	2.384228E-10	-1.111764E-11	2.859919E-10	1.768518E-10	1.746071E-10	1.763407E-10	1.213725E-10	1.877484E-10	-8.140230E-12	1.557003E-10	2.758093E-10	1.047824E-10	1.224803E-10	1.302017E-10	1.734000E-10	1.736505E-10	1.821102E-10	1.175888E-10	1.412474E-10	1.575710E-10	9.238558E-11	1.132131E-10	1.534751E-10	1.596349E-10	1.005589E-10	1.127726E-10	1.074416E-10
   0:03:44	0	2.680700E+1	2.000000E+2	5.321600E-9	4.889860E-9	1.314870E-10	1.709996E-10	1.852101E-10	-1.189801E-11	1.741649E-10	2.621205E-10	-1.282283E-11	3.199183E-10	1.884517E-10	1.888254E-10	1.879111E-10	1.298343E-10	2.040909E-10	-1.224272E-11	1.706491E-10	3.129590E-10	1.125112E-10	1.301589E-10	1.385160E-10	1.841823E-10	1.858292E-10	1.978580E-10	1.266869E-10	1.557243E-10	1.698035E-10	9.621663E-11	1.204120E-10	1.640491E-10	1.728325E-10	1.088595E-10	1.182293E-10	1.183321E-10
   0:03:58	0	2.680800E+1	2.200000E+2	5.751700E-9	5.302615E-9	1.410095E-10	1.824128E-10	2.015827E-10	-1.094888E-11	1.898776E-10	2.893380E-10	-1.092817E-11	3.627222E-10	2.015735E-10	2.010852E-10	1.998609E-10	1.403805E-10	2.195464E-10	-1.180039E-11	1.886389E-10	3.563120E-10	1.204310E-10	1.380898E-10	1.471464E-10	1.977238E-10	1.964301E-10	2.143626E-10	1.355336E-10	1.691320E-10	1.815940E-10	1.040047E-10	1.265991E-10	1.750658E-10	1.854618E-10	1.172870E-10	1.245020E-10	1.285879E-10
   0:04:12	0	2.680800E+1	2.400000E+2	6.162100E-9	5.757462E-9	1.536222E-10	1.950861E-10	2.172587E-10	-1.101183E-11	2.057794E-10	3.220877E-10	-1.092817E-11	4.126277E-10	2.128562E-10	2.150520E-10	2.144028E-10	1.501054E-10	2.374099E-10	-1.173763E-11	2.121397E-10	4.109290E-10	1.283498E-10	1.447609E-10	1.545160E-10	2.107002E-10	2.092393E-10	2.331335E-10	1.454536E-10	1.831687E-10	1.938265E-10	1.104106E-10	1.351865E-10	1.846893E-10	1.976486E-10	1.269820E-10	1.325301E-10	1.411876E-10
   0:04:27	0	2.680800E+1	2.600000E+2	6.743600E-9	6.299817E-9	1.661085E-10	2.112274E-10	2.366648E-10	-1.107477E-11	2.256728E-10	3.631977E-10	-1.181168E-11	4.744551E-10	2.280695E-10	2.333785E-10	2.310947E-10	1.613455E-10	2.563493E-10	-1.211620E-11	2.402644E-10	4.835208E-10	1.351284E-10	1.538871E-10	1.661058E-10	2.258083E-10	2.233097E-10	2.537321E-10	1.561317E-10	2.023029E-10	2.069419E-10	1.171933E-10	1.442793E-10	1.942497E-10	2.128668E-10	1.369301E-10	1.399305E-10	1.546727E-10
   0:04:41	0	2.680800E+1	2.800000E+2	7.487800E-9	6.994045E-9	1.824426E-10	2.370798E-10	2.628347E-10	-1.120165E-11	2.536766E-10	4.277533E-10	-1.136993E-11	5.707164E-10	2.438532E-10	2.539795E-10	2.489884E-10	1.761855E-10	2.735778E-10	-1.255853E-11	2.779539E-10	5.816807E-10	1.436803E-10	1.613143E-10	1.762478E-10	2.426721E-10	2.394002E-10	2.799374E-10	1.628927E-10	2.240188E-10	2.235253E-10	1.249813E-10	1.520453E-10	2.077353E-10	2.294747E-10	1.500471E-10	1.485865E-10	1.718940E-10
   0:04:55	0	2.680800E+1	3.000000E+2	8.460100E-9	7.983915E-9	2.028116E-10	2.617964E-10	2.960209E-10	-1.101183E-11	2.874454E-10	4.996006E-10	-1.111764E-11	6.747130E-10	2.777021E-10	2.972677E-10	2.885687E-10	1.946253E-10	3.026529E-10	-1.199068E-11	3.323033E-10	7.243945E-10	1.526762E-10	1.720134E-10	1.917436E-10	2.819783E-10	2.780809E-10	3.341726E-10	1.822908E-10	2.550504E-10	2.400450E-10	1.308221E-10	1.648003E-10	2.252740E-10	2.554910E-10	1.636063E-10	1.577434E-10	1.923447E-10
   0:05:09	0	2.680700E+1	3.200000E+2	9.673000E-9	9.208411E-9	2.297394E-10	2.863239E-10	3.360975E-10	-1.145442E-11	3.286265E-10	5.921914E-10	-1.174886E-11	8.263967E-10	3.000142E-10	3.312031E-10	3.193604E-10	2.183058E-10	3.319170E-10	-1.098049E-11	4.025526E-10	9.126764E-10	1.644593E-10	1.843500E-10	2.074284E-10	3.172102E-10	3.068542E-10	3.868974E-10	2.033946E-10	2.944537E-10	2.850650E-10	1.457071E-10	1.848798E-10	2.610470E-10	3.002625E-10	1.903465E-10	1.727967E-10	2.220376E-10
   0:05:23	0	2.680700E+1	3.400000E+2	1.128000E-8	1.084412E-8	2.682714E-10	3.212552E-10	3.976649E-10	-1.132853E-11	3.943257E-10	7.282798E-10	-1.092817E-11	1.048279E-9	3.323421E-10	3.811274E-10	3.591932E-10	2.491860E-10	3.715069E-10	-1.123254E-11	5.102374E-10	1.194434E-9	1.790308E-10	1.987632E-10	2.280892E-10	3.557019E-10	3.413064E-10	4.571340E-10	2.309433E-10	3.499079E-10	3.190510E-10	1.596502E-10	2.048955E-10	2.871326E-10	3.411182E-10	2.225354E-10	1.856548E-10	2.605951E-10
   0:05:38	0	2.680700E+1	3.600000E+2	1.358700E-8	1.331493E-8	3.263532E-10	3.702475E-10	4.886274E-10	-1.132853E-11	4.912604E-10	9.383538E-10	-1.099099E-11	1.390518E-9	3.772205E-10	4.512738E-10	4.179308E-10	3.005258E-10	4.314291E-10	-1.142183E-11	6.755656E-10	1.638970E-9	1.984157E-10	2.194708E-10	2.602146E-10	4.124984E-10	3.921648E-10	5.629604E-10	2.758691E-10	4.359525E-10	3.660260E-10	1.778636E-10	2.340667E-10	3.203728E-10	3.998449E-10	2.698689E-10	2.078581E-10	3.169436E-10
   0:05:51	0	2.680600E+1	3.620000E+2	1.402700E-8	1.362346E-8	3.343614E-10	3.769316E-10	5.017119E-10	-1.246748E-11	5.027914E-10	9.658859E-10	-1.155939E-11	1.433448E-9	3.818477E-10	4.597417E-10	4.238747E-10	3.071562E-10	4.363699E-10	-1.129630E-11	6.976093E-10	1.697764E-9	2.010130E-10	2.216736E-10	2.635528E-10	4.202722E-10	3.978438E-10	5.763773E-10	2.791548E-10	4.483526E-10	3.731510E-10	1.799982E-10	2.384875E-10	3.222719E-10	4.081169E-10	2.752546E-10	2.101790E-10	3.235923E-10
   0:06:05	0	2.680600E+1	3.640000E+2	1.409500E-8	1.394303E-8	3.428754E-10	3.844975E-10	5.120791E-10	-1.069512E-11	5.145754E-10	9.938575E-10	-1.206496E-11	1.476823E-9	3.883771E-10	4.720644E-10	4.319048E-10	3.121457E-10	4.441607E-10	-1.224272E-11	7.197801E-10	1.755293E-9	2.032942E-10	2.253241E-10	2.682772E-10	4.264160E-10	4.052271E-10	5.909288E-10	2.836405E-10	4.602499E-10	3.745376E-10	1.829508E-10	2.400654E-10	3.280972E-10	4.149365E-10	2.812104E-10	2.125623E-10	3.318861E-10
   0:06:19	0	2.680500E+1	3.660000E+2	1.468200E-8	1.429429E-8	3.499389E-10	3.908661E-10	5.269338E-10	-1.113871E-11	5.273096E-10	1.021704E-9	-1.080153E-11	1.529329E-9	3.937647E-10	4.804694E-10	4.389856E-10	3.213023E-10	4.508755E-10	-1.255853E-11	7.445468E-10	1.822316E-9	2.046243E-10	2.264568E-10	2.721822E-10	4.345658E-10	4.098332E-10	6.054167E-10	2.882529E-10	4.720826E-10	3.851307E-10	1.860908E-10	2.455588E-10	3.327190E-10	4.217561E-10	2.893849E-10	2.151337E-10	3.412563E-10
   0:06:33	0	2.680500E+1	3.680000E+2	1.490100E-8	1.466357E-8	3.576952E-10	3.993150E-10	5.409663E-10	-1.234060E-11	5.430853E-10	1.056214E-9	-1.181168E-11	1.580186E-9	3.997238E-10	4.896955E-10	4.482174E-10	3.285010E-10	4.586032E-10	-1.192692E-11	7.689345E-10	1.891742E-9	2.076646E-10	2.306111E-10	2.776624E-10	4.423386E-10	4.167105E-10	6.204087E-10	2.977939E-10	4.858053E-10	3.912474E-10	1.880371E-10	2.492210E-10	3.361383E-10	4.310390E-10	2.959109E-10	2.178933E-10	3.482838E-10
   0:06:46	0	2.680500E+1	3.700000E+2	1.543900E-8	1.505899E-8	3.679116E-10	4.073229E-10	5.548101E-10	-1.158130E-11	5.584809E-10	1.084940E-9	-1.130710E-11	1.635165E-9	4.060621E-10	5.016391E-10	4.581439E-10	3.359529E-10	4.673440E-10	-1.224272E-11	7.977562E-10	1.963258E-9	2.096918E-10	2.327503E-10	2.815048E-10	4.515543E-10	4.241566E-10	6.394958E-10	3.024062E-10	4.995896E-10	3.991917E-10	1.916797E-10	2.549675E-10	3.422164E-10	4.405112E-10	3.046556E-10	2.209667E-10	3.599968E-10
   0:07:00	0	2.680400E+1	3.720000E+2	1.593800E-8	1.547218E-8	3.788847E-10	4.121774E-10	5.701708E-10	-1.088494E-11	5.740026E-10	1.122278E-9	-1.149657E-11	1.691349E-9	4.134150E-10	5.141524E-10	4.665533E-10	3.452989E-10	4.762127E-10	-1.211620E-11	8.259449E-10	2.040912E-9	2.133662E-10	2.367784E-10	2.874265E-10	4.606443E-10	4.342524E-10	6.567552E-10	3.098625E-10	5.143189E-10	4.056867E-10	1.951340E-10	2.588820E-10	3.467753E-10	4.488461E-10	3.127661E-10	2.258591E-10	3.679738E-10
   0:07:14	0	2.680400E+1	3.740000E+2	1.622500E-8	1.592392E-8	3.884072E-10	4.234015E-10	5.871740E-10	-1.050529E-11	5.909185E-10	1.159742E-9	-1.124328E-11	1.756156E-9	4.205149E-10	5.268542E-10	4.791987E-10	3.531924E-10	4.869804E-10	-1.192692E-11	8.576166E-10	2.124327E-9	2.155204E-10	2.391074E-10	2.923389E-10	4.705488E-10	4.427075E-10	6.769759E-10	3.184558E-10	5.299286E-10	4.142621E-10	1.976464E-10	2.636177E-10	3.529803E-10	4.590132E-10	3.208136E-10	2.288691E-10	3.803206E-10
   0:07:27	0	2.680300E+1	3.760000E+2	1.663900E-8	1.638504E-8	4.002632E-10	4.326069E-10	6.044945E-10	-1.126459E-11	6.091016E-10	1.200914E-9	-1.155939E-11	1.820140E-9	4.279939E-10	5.392408E-10	4.899467E-10	3.639271E-10	4.981291E-10	-1.274781E-11	8.907452E-10	2.212741E-9	2.188778E-10	2.432616E-10	2.966854E-10	4.798278E-10	4.497751E-10	6.971331E-10	3.261644E-10	5.469871E-10	4.229629E-10	1.999705E-10	2.691111E-10	3.574752E-10	4.706317E-10	3.295583E-10	2.320059E-10	3.899437E-10
   0:07:41	0	2.680300E+1	3.780000E+2	1.714500E-8	1.689130E-8	4.124976E-10	4.411195E-10	6.225725E-10	-1.177112E-11	6.293121E-10	1.244412E-9	-1.181168E-11	1.894079E-9	4.380097E-10	5.539648E-10	5.001896E-10	3.740318E-10	5.081368E-10	-1.268405E-11	9.260918E-10	2.308306E-9	2.229962E-10	2.464084E-10	3.043076E-10	4.921768E-10	4.596816E-10	7.176691E-10	3.357054E-10	5.634782E-10	4.309709E-10	2.048069E-10	2.757408E-10	3.636803E-10	4.813670E-10	3.391262E-10	2.355804E-10	4.011500E-10
   0:07:55	0	2.680200E+1	3.800000E+2	1.782500E-8	1.744075E-8	4.261188E-10	4.520907E-10	6.454553E-10	-1.202489E-11	6.514239E-10	1.290991E-9	-9.221985E-12	1.970175E-9	4.440948E-10	5.705853E-10	5.111283E-10	3.849559E-10	5.209954E-10	-1.180039E-11	9.630214E-10	2.410327E-9	2.274936E-10	2.503738E-10	3.103546E-10	5.031481E-10	4.689576E-10	7.440623E-10	3.443616E-10	5.850052E-10	4.419422E-10	2.080718E-10	2.812969E-10	3.697584E-10	4.933015E-10	3.509749E-10	2.405361E-10	4.127991E-10
   0:08:09	0	2.680100E+1	3.820000E+2	1.848400E-8	1.798372E-8	4.374701E-10	4.631874E-10	6.641031E-10	-1.297401E-11	6.751190E-10	1.338449E-9	-1.276000E-11	2.046398E-9	4.538564E-10	5.844883E-10	5.232677E-10	3.965758E-10	5.330310E-10	-1.293710E-11	1.001661E-9	2.514245E-9	2.327521E-10	2.550944E-10	3.180393E-10	5.154347E-10	4.798104E-10	7.672434E-10	3.528292E-10	6.054621E-10	4.499502E-10	2.119663E-10	2.871690E-10	3.764062E-10	5.060575E-10	3.602257E-10	2.444244E-10	4.276776E-10
   0:08:22	0	2.680000E+1	3.840000E+2	1.882200E-8	1.862051E-8	4.527320E-10	4.741586E-10	6.893878E-10	-1.170818E-11	6.967227E-10	1.394331E-9	-1.092817E-11	2.138602E-9	4.627945E-10	6.041416E-10	5.383785E-10	4.093313E-10	5.482336E-10	-1.281058E-11	1.045432E-9	2.629935E-9	2.356664E-10	2.590589E-10	3.244642E-10	5.288505E-10	4.913576E-10	7.952118E-10	3.647711E-10	6.278079E-10	4.609843E-10	2.171795E-10	2.955670E-10	3.847003E-10	5.196967E-10	3.728356E-10	2.517625E-10	4.418604E-10
   0:08:36	0	2.679900E+1	3.860000E+2	1.944400E-8	1.926109E-8	4.654701E-10	4.853826E-10	7.137246E-10	-1.151836E-11	7.226351E-10	1.450652E-9	-1.143275E-11	2.228585E-9	4.730635E-10	6.217098E-10	5.519732E-10	4.236030E-10	5.619791E-10	-1.243201E-11	1.092053E-9	2.756005E-9	2.397208E-10	2.633394E-10	3.324642E-10	5.417646E-10	5.029047E-10	8.224244E-10	3.750074E-10	6.499013E-10	4.733432E-10	2.228319E-10	3.019446E-10	3.898928E-10	5.372516E-10	3.857615E-10	2.535190E-10	4.575615E-10
   0:08:50	0	2.679800E+1	3.880000E+2	2.015300E-8	1.996833E-8	4.855246E-10	4.989389E-10	7.402099E-10	-1.240454E-11	7.510820E-10	1.510116E-9	-1.231725E-11	2.328904E-9	4.831413E-10	6.414898E-10	5.680962E-10	4.385696E-10	5.773707E-10	-1.255853E-11	1.142031E-9	2.888340E-9	2.444083E-10	2.689413E-10	3.418504E-10	5.583780E-10	5.168506E-10	8.553063E-10	3.874550E-10	6.753931E-10	4.844409E-10	2.273530E-10	3.110373E-10	3.985037E-10	5.491861E-10	3.986885E-10	2.593520E-10	4.746558E-10
   0:09:03	0	2.679800E+1	3.900000E+2	2.094700E-8	2.071517E-8	5.038757E-10	5.119278E-10	7.675174E-10	-1.158130E-11	7.795289E-10	1.577877E-9	-1.200214E-11	2.438799E-9	4.949323E-10	6.637340E-10	5.834596E-10	4.524625E-10	5.937772E-10	-1.211620E-11	1.193151E-9	3.031435E-9	2.496668E-10	2.742282E-10	3.506052E-10	5.734227E-10	5.291548E-10	8.861724E-10	3.996493E-10	7.039067E-10	4.965470E-10	2.331313E-10	3.178564E-10	4.060381E-10	5.673092E-10	4.140862E-10	2.654989E-10	4.911175E-10
   0:09:17	0	2.679700E+1	3.920000E+2	2.190500E-8	2.154901E-8	5.242458E-10	5.278800E-10	7.996926E-10	-1.145442E-11	8.126636E-10	1.645954E-9	-1.181168E-11	2.558840E-9	5.072296E-10	6.857257E-10	6.028705E-10	4.714067E-10	6.118296E-10	-1.299986E-11	1.255101E-9	3.192819E-9	2.558124E-10	2.805217E-10	3.604956E-10	5.909763E-10	5.444245E-10	9.230857E-10	4.091274E-10	7.344981E-10	5.112381E-10	2.391605E-10	3.262544E-10	4.160414E-10	5.851163E-10	4.306874E-10	2.707675E-10	5.108075E-10
   0:09:31	0	2.679600E+1	3.940000E+2	2.287200E-8	2.243398E-8	5.457498E-10	5.432648E-10	8.331951E-10	-1.158130E-11	8.461164E-10	1.724904E-9	-1.200214E-11	2.683382E-9	5.213642E-10	7.118247E-10	6.217753E-10	4.893411E-10	6.322890E-10	-1.369424E-11	1.317179E-9	3.363064E-9	2.620841E-10	2.859349E-10	3.710144E-10	6.087802E-10	5.574867E-10	9.611963E-10	4.307998E-10	7.662223E-10	5.273168E-10	2.441218E-10	3.359154E-10	4.231960E-10	6.055761E-10	4.482387E-10	2.784818E-10	5.314481E-10
   0:09:45	0	2.679600E+1	3.960000E+2	2.374900E-8	2.341586E-8	5.699030E-10	5.587760E-10	8.683401E-10	-1.132853E-11	8.851431E-10	1.809826E-9	-1.212779E-11	2.822446E-9	5.346762E-10	7.384933E-10	6.431465E-10	5.093600E-10	6.554093E-10	-1.180039E-11	1.386540E-9	3.551409E-9	2.669615E-10	2.939910E-10	3.793923E-10	6.292800E-10	5.784354E-10	1.004094E-9	4.466599E-10	8.027300E-10	5.435846E-10	2.504028E-10	3.487332E-10	4.361758E-10	6.264775E-10	4.675657E-10	2.856950E-10	5.574689E-10
   0:09:58	0	2.679500E+1	3.980000E+2	2.490700E-8	2.444004E-8	5.940571E-10	5.763676E-10	9.090485E-10	-1.202489E-11	9.252470E-10	1.901725E-9	-1.162221E-11	2.970770E-9	5.508401E-10	7.661726E-10	6.631891E-10	5.298195E-10	6.778327E-10	-1.243201E-11	1.457676E-9	3.748108E-9	2.735502E-10	3.007256E-10	3.942577E-10	6.506566E-10	5.951574E-10	1.052094E-9	4.658685E-10	8.395528E-10	5.620593E-10	2.571855E-10	3.601614E-10	4.449127E-10	6.466213E-10	4.891093E-10	2.939737E-10	5.793758E-10
   0:10:12	0	2.679300E+1	4.000000E+2	2.603700E-8	2.560434E-8	6.218043E-10	5.986883E-10	9.523493E-10	-1.278419E-11	9.719400E-10	2.000727E-9	-1.181168E-11	3.138814E-9	5.666869E-10	7.980857E-10	6.889232E-10	5.545737E-10	7.026629E-10	-1.268405E-11	1.542810E-9	3.976705E-9	2.825461E-10	3.085930E-10	4.086826E-10	6.729121E-10	6.154117E-10	1.103244E-9	4.869723E-10	8.812843E-10	5.797774E-10	2.657270E-10	3.712747E-10	4.575757E-10	6.744688E-10	5.094496E-10	3.005602E-10	6.083732E-10
   0:10:26	0	2.679200E+1	4.020000E+2	2.728100E-8	2.684891E-8	6.520751E-10	6.184239E-10	1.000326E-9	-1.309990E-11	1.020851E-9	2.106898E-9	-1.187550E-11	3.319033E-9	5.833582E-10	8.327165E-10	7.165528E-10	5.807176E-10	7.300911E-10	-1.173763E-11	1.632252E-9	4.218024E-9	2.888817E-10	3.155790E-10	4.223517E-10	7.007462E-10	6.347207E-10	1.157543E-9	5.056752E-10	9.306959E-10	6.003325E-10	2.772202E-10	3.865546E-10	4.688463E-10	6.998542E-10	5.357456E-10	3.102192E-10	6.393325E-10
   0:10:39	0	2.679100E+1	4.040000E+2	2.879300E-8	2.827774E-8	6.846786E-10	6.437089E-10	1.052160E-9	-1.145442E-11	1.076541E-9	2.233558E-9	-1.238107E-11	3.526203E-9	6.070652E-10	8.711392E-10	7.446894E-10	6.095771E-10	7.601792E-10	-1.236924E-11	1.735313E-9	4.499655E-9	2.978766E-10	3.256491E-10	4.402411E-10	7.298342E-10	6.612856E-10	1.222109E-9	5.324029E-10	9.789112E-10	6.244819E-10	2.853850E-10	4.029091E-10	4.824588E-10	7.313642E-10	5.638163E-10	3.191256E-10	6.716222E-10
   0:10:53	0	2.679000E+1	4.060000E+2	3.026400E-8	2.983767E-8	7.224540E-10	6.677317E-10	1.110947E-9	-1.265730E-11	1.139010E-9	2.371345E-9	-8.338477E-12	3.748718E-9	6.243699E-10	9.143645E-10	7.773775E-10	6.432357E-10	7.955241E-10	-1.262129E-11	1.848573E-9	4.808058E-9	3.084567E-10	3.372306E-10	4.592641E-10	7.601128E-10	6.855155E-10	1.289701E-9	5.596991E-10	1.042800E-9	6.498925E-10	2.943657E-10	4.184411E-10	4.958185E-10	7.648950E-10	5.958781E-10	3.285331E-10	7.089773E-10
   0:11:07	0	2.678900E+1	4.080000E+2	3.170800E-8	3.153195E-8	7.643908E-10	6.958536E-10	1.174918E-9	-1.158130E-11	1.203949E-9	2.519377E-9	-1.257054E-11	3.997044E-9	6.486474E-10	9.612551E-10	8.108242E-10	6.761356E-10	8.335300E-10	-1.142183E-11	1.970193E-9	5.143042E-9	3.197968E-10	3.481185E-10	4.756420E-10	7.929002E-10	7.163089E-10	1.365101E-9	5.885744E-10	1.101905E-9	6.785192E-10	3.062367E-10	4.387100E-10	5.135461E-10	8.017094E-10	6.290813E-10	3.413288E-10	7.508900E-10
   0:11:21	0	2.678800E+1	4.100000E+2	3.367200E-8	3.351033E-8	8.076526E-10	7.275061E-10	1.250203E-9	-1.208783E-11	1.284665E-9	2.693746E-9	-1.219161E-11	4.280628E-9	6.753335E-10	1.015412E-9	8.552735E-10	7.185092E-10	8.745758E-10	-1.236924E-11	2.116647E-9	5.534416E-9	3.324030E-10	3.603924E-10	4.998936E-10	8.339621E-10	7.487419E-10	1.451715E-9	6.229478E-10	1.177816E-9	7.080916E-10	3.207439E-10	4.589788E-10	5.318444E-10	8.429440E-10	6.691906E-10	3.551900E-10	7.975514E-10
   0:11:34	0	2.678700E+1	4.110000E+2	3.502200E-8	3.452660E-8	8.324360E-10	7.427645E-10	1.289773E-9	-1.215077E-11	1.322171E-9	2.778291E-9	-1.023313E-11	4.431424E-9	6.875678E-10	1.040817E-9	8.726611E-10	7.367586E-10	8.976331E-10	-1.148558E-11	2.192027E-9	5.731558E-9	3.386117E-10	3.670009E-10	5.113581E-10	8.552130E-10	7.650217E-10	1.499653E-9	6.427250E-10	1.218667E-9	7.274492E-10	3.262714E-10	4.705965E-10	5.391889E-10	8.659926E-10	6.899110E-10	3.617755E-10	8.251555E-10
   0:11:48	0	2.678600E+1	4.120000E+2	3.598500E-8	3.563204E-8	8.576614E-10	7.620592E-10	1.329408E-9	-1.170818E-11	1.368357E-9	2.875596E-9	-1.105382E-11	4.593000E-9	7.034145E-10	1.069192E-9	8.951063E-10	7.603135E-10	9.218303E-10	-1.186415E-11	2.270003E-9	5.950597E-9	3.443132E-10	3.745533E-10	5.256567E-10	8.764649E-10	7.830686E-10	1.550803E-9	6.603536E-10	1.260713E-9	7.435279E-10	3.331165E-10	4.841091E-10	5.498258E-10	8.885997E-10	7.118347E-10	3.703681E-10	8.528235E-10
   0:12:02	0	2.678500E+1	4.130000E+2	3.704500E-8	3.682330E-8	8.893818E-10	7.816057E-10	1.374098E-9	-1.234060E-11	1.412960E-9	2.984405E-9	-1.130710E-11	4.765293E-9	7.165354E-10	1.103569E-9	9.173619E-10	7.860786E-10	9.452666E-10	-1.268405E-11	2.359192E-9	6.193181E-9	3.532461E-10	3.822954E-10	5.384438E-10	8.995982E-10	8.028816E-10	1.600125E-9	6.812050E-10	1.304271E-9	7.645239E-10	3.408421E-10	4.969897E-10	5.590065E-10	9.140478E-10	7.350899E-10	3.768288E-10	8.813141E-10
   0:12:15	0	2.678400E+1	4.140000E+2	3.853900E-8	3.814547E-8	9.167516E-10	8.006476E-10	1.423087E-9	-1.170818E-11	1.463834E-9	3.099121E-9	-1.136993E-11	4.965741E-9	7.346016E-10	1.138516E-9	9.456252E-10	8.111488E-10	9.744048E-10	-1.287334E-11	2.456045E-9	6.450448E-9	3.602148E-10	3.907917E-10	5.534981E-10	9.276827E-10	8.232624E-10	1.665511E-9	7.010451E-10	1.353934E-9	7.838815E-10	3.493827E-10	5.112598E-10	5.714795E-10	9.424636E-10	7.655683E-10	3.878680E-10	9.136037E-10
   0:12:29	0	2.678200E+1	4.150000E+2	3.983000E-8	3.949322E-8	9.514995E-10	8.215807E-10	1.471507E-9	-1.246748E-11	1.518447E-9	3.210507E-9	-1.219161E-11	5.161306E-9	7.498139E-10	1.173463E-9	9.717376E-10	8.413970E-10	1.005443E-9	-1.236924E-11	2.556002E-9	6.720689E-9	3.683236E-10	3.998553E-10	5.681756E-10	9.540126E-10	8.435178E-10	1.727559E-9	7.296051E-10	1.408003E-9	8.060132E-10	3.590555E-10	5.232573E-10	5.819266E-10	9.725213E-10	7.912301E-10	3.974012E-10	9.464001E-10
   0:12:43	0	2.678100E+1	4.160000E+2	4.129900E-8	4.095546E-8	9.875088E-10	8.460455E-10	1.524289E-9	-9.745995E-12	1.575341E-9	3.346219E-9	-1.149657E-11	5.365750E-9	7.694642E-10	1.211948E-9	1.000190E-9	8.708247E-10	1.036227E-9	-1.192692E-11	2.662167E-9	7.011561E-9	3.786496E-10	4.103031E-10	5.839857E-10	9.806561E-10	8.702091E-10	1.790550E-9	7.542480E-10	1.463646E-9	8.290279E-10	3.690406E-10	5.396735E-10	5.959189E-10	1.004285E-9	8.231660E-10	4.047393E-10	9.829946E-10
   0:12:57	0	2.678000E+1	4.170000E+2	4.272200E-8	4.250417E-8	1.023140E-9	8.715823E-10	1.586552E-9	-1.145442E-11	1.634261E-9	3.473194E-9	-1.212779E-11	5.597018E-9	7.878467E-10	1.252456E-9	1.028706E-9	9.050505E-10	1.066949E-9	-1.287334E-11	2.776693E-9	7.317495E-9	3.847952E-10	4.204368E-10	6.044575E-10	1.012690E-9	8.941242E-10	1.865196E-9	7.841976E-10	1.525772E-9	8.509078E-10	3.800946E-10	5.576696E-10	6.089617E-10	1.036678E-9	8.567493E-10	4.152141E-10	1.021742E-9
   0:13:10	0	2.677900E+1	4.180000E+2	4.475000E-8	4.433486E-8	1.068229E-9	8.942813E-10	1.651597E-9	-1.291007E-11	1.705410E-9	3.632037E-9	-1.124328E-11	5.866522E-9	8.092082E-10	1.302380E-9	1.069107E-9	9.420567E-10	1.109262E-9	-1.287334E-11	2.911806E-9	7.681147E-9	3.984156E-10	4.317023E-10	6.263782E-10	1.049301E-9	9.249166E-10	1.947401E-9	8.162329E-10	1.592871E-9	8.833798E-10	3.914618E-10	5.762958E-10	6.241575E-10	1.074251E-9	8.929934E-10	4.270059E-10	1.072076E-9
   0:13:24	0	2.677800E+1	4.190000E+2	4.652100E-8	4.616250E-8	1.104681E-9	9.207637E-10	1.721004E-9	-1.177112E-11	1.777762E-9	3.798864E-9	-1.219161E-11	6.130827E-9	8.344372E-10	1.351419E-9	1.102428E-9	9.774200E-10	1.145558E-9	-1.299986E-11	3.048692E-9	8.049737E-9	4.081086E-10	4.466192E-10	6.476695E-10	1.086476E-9	9.527435E-10	2.029227E-9	8.482044E-10	1.665634E-9	9.109345E-10	4.027676E-10	5.978904E-10	6.387826E-10	1.115801E-9	9.318994E-10	4.382322E-10	1.114876E-9
   0:13:38	0	2.677700E+1	4.200000E+2	4.841200E-8	4.813391E-8	1.153870E-9	9.523535E-10	1.790790E-9	-1.196095E-11	1.855246E-9	3.955822E-9	-1.105382E-11	6.424114E-9	8.564321E-10	1.400774E-9	1.143084E-9	1.017077E-9	1.191607E-9	-1.268405E-11	3.194258E-9	8.447378E-9	4.205878E-10	4.605287E-10	6.695902E-10	1.125407E-9	9.828416E-10	2.120442E-9	8.864949E-10	1.744252E-9	9.427137E-10	4.150143E-10	6.175911E-10	6.545481E-10	1.153436E-9	9.760009E-10	4.529093E-10	1.164450E-9
   0:13:51	0	2.677500E+1	4.210000E+2	5.108700E-8	5.050379E-8	1.208987E-9	9.839423E-10	1.878844E-9	-1.189801E-11	1.946351E-9	4.163006E-9	-1.023313E-11	6.760582E-9	8.871119E-10	1.462767E-9	1.185761E-9	1.067407E-9	1.247096E-9	-1.230549E-11	3.368011E-9	8.920583E-9	4.343992E-10	4.804812E-10	6.969911E-10	1.168349E-9	1.021269E-9	2.229292E-9	9.264283E-10	1.839802E-9	9.820589E-10	4.320339E-10	6.455632E-10	6.720868E-10	1.207806E-9	1.025108E-9	4.678368E-10	1.228268E-9
   0:14:05	0	2.677400E+1	4.220000E+2	5.313200E-8	5.290790E-8	1.264294E-9	1.020892E-9	1.967214E-9	-1.145442E-11	2.046011E-9	4.367359E-9	-1.073871E-11	7.115505E-9	9.172213E-10	1.523813E-9	1.234509E-9	1.119063E-9	1.293146E-9	-1.287334E-11	3.546895E-9	9.401698E-9	4.500467E-10	4.943270E-10	7.248962E-10	1.215805E-9	1.058751E-9	2.341985E-9	9.698370E-10	1.928680E-9	1.020521E-9	4.461654E-10	6.746078E-10	6.905110E-10	1.260785E-9	1.075229E-9	4.834545E-10	1.289745E-9
   0:14:19	0	2.677300E+1	4.230000E+2	5.583800E-8	5.552999E-8	1.325402E-9	1.053427E-9	2.061716E-9	-1.196095E-11	2.138194E-9	4.603143E-9	-1.193832E-11	7.504670E-9	9.428297E-10	1.591938E-9	1.280223E-9	1.174066E-9	1.349269E-9	-1.281058E-11	3.745859E-9	9.931103E-9	4.649972E-10	5.075449E-10	7.549422E-10	1.267148E-9	1.099324E-9	2.466836E-9	1.016910E-9	2.031972E-9	1.062767E-9	4.640020E-10	7.051058E-10	7.107084E-10	1.319575E-9	1.132827E-9	5.026477E-10	1.357553E-9
   0:14:33	0	2.677200E+1	4.240000E+2	5.873400E-8	5.846747E-8	1.393385E-9	1.096997E-9	2.170569E-9	-1.253042E-11	2.250335E-9	4.861303E-9	-1.231725E-11	7.924906E-9	9.750315E-10	1.667709E-9	1.333902E-9	1.232983E-9	1.410204E-9	-1.293710E-11	3.955844E-9	1.052791E-8	4.825460E-10	5.492106E-10	7.899016E-10	1.327142E-9	1.140212E-9	2.603466E-9	1.073019E-9	2.149616E-9	1.107788E-9	4.837849E-10	7.325725E-10	7.341353E-10	1.380765E-9	1.197902E-9	5.182020E-10	1.433908E-9
   0:14:46	0	2.677100E+1	4.250000E+2	6.231700E-8	6.191571E-8	1.468493E-9	1.142836E-9	2.291303E-9	-1.132853E-11	2.391618E-9	5.154916E-9	-1.276000E-11	8.426823E-9	1.014015E-9	1.754601E-9	1.402378E-9	1.302637E-9	1.490903E-9	-1.236924E-11	4.218155E-9	1.120706E-8	5.021849E-10	5.679043E-10	8.310353E-10	1.392715E-9	1.198895E-9	2.763528E-9	1.135510E-9	2.289856E-9	1.165671E-9	5.070231E-10	7.750041E-10	7.604108E-10	1.459193E-9	1.272166E-9	5.420360E-10	1.523306E-9
   0:15:00	0	2.677100E+1	4.260000E+2	6.580800E-8	6.556992E-8	1.552746E-9	1.189685E-9	2.422657E-9	-1.183407E-11	2.528466E-9	5.449032E-9	-1.263336E-11	8.960696E-9	1.060161E-9	1.848572E-9	1.468324E-9	1.375385E-9	1.566408E-9	-1.243201E-11	4.490725E-9	1.194759E-8	5.247372E-10	5.886109E-10	8.725458E-10	1.465435E-9	1.258841E-9	2.948221E-9	1.199201E-9	2.440105E-9	1.228157E-9	5.301978E-10	8.169932E-10	7.882686E-10	1.540084E-9	1.355236E-9	5.635501E-10	1.626190E-9
   0:15:14	0	2.677000E+1	4.270000E+2	6.995700E-8	6.965355E-8	1.639647E-9	1.240506E-9	2.563809E-9	-1.278419E-11	2.680710E-9	5.800097E-9	-1.168603E-11	9.562230E-9	1.106688E-9	1.953791E-9	1.546346E-9	1.464930E-9	1.651604E-9	-1.281058E-11	4.799907E-9	1.277761E-8	5.499517E-10	6.163046E-10	9.219301E-10	1.544613E-9	1.317713E-9	3.142048E-9	1.274139E-9	2.593626E-9	1.291589E-9	5.560733E-10	8.668749E-10	8.203064E-10	1.632340E-9	1.445403E-9	5.903317E-10	1.739710E-9
   0:15:27	0	2.676900E+1	4.280000E+2	7.486800E-8	7.428977E-8	1.742251E-9	1.301982E-9	2.732331E-9	-1.158130E-11	2.855382E-9	6.192776E-9	-1.200214E-11	1.021621E-8	1.152390E-9	2.072470E-9	1.629932E-9	1.559842E-9	1.755360E-9	-1.236924E-11	5.146273E-9	1.369523E-8	5.747221E-10	6.507319E-10	9.766066E-10	1.642033E-9	1.393369E-9	3.373040E-9	1.366896E-9	2.787117E-9	1.371162E-9	5.910555E-10	9.190940E-10	8.525330E-10	1.736343E-9	1.553503E-9	6.179917E-10	1.867095E-9
   0:15:41	0	2.676800E+1	4.290000E+2	8.036500E-8	8.004538E-8	1.868378E-9	1.373989E-9	2.926455E-9	-1.088494E-11	3.071172E-9	6.668932E-9	-1.206496E-11	1.106277E-8	1.218821E-9	2.210047E-9	1.734826E-9	1.677236E-9	1.873558E-9	-1.211620E-11	5.562889E-9	1.485486E-8	6.091846E-10	7.178259E-10	1.038337E-9	1.753245E-9	1.479690E-9	3.656316E-9	1.473869E-9	3.014724E-9	1.475957E-9	6.272314E-10	9.860239E-10	8.955246E-10	1.871098E-9	1.693094E-9	6.578820E-10	2.026517E-9
   0:15:55	0	2.676800E+1	4.300000E+2	8.678400E-8	8.634610E-8	2.005792E-9	1.457345E-9	3.135876E-9	-1.139147E-11	3.304701E-9	7.223031E-9	-1.231725E-11	1.197072E-8	1.284490E-9	2.370056E-9	1.848761E-9	1.800756E-9	2.006768E-9	-1.243201E-11	6.035120E-9	1.609910E-8	6.454212E-10	7.737796E-10	1.120603E-9	1.879564E-9	1.576043E-9	3.965418E-9	1.593607E-9	3.279532E-9	1.585923E-9	6.721373E-10	1.059774E-9	9.411739E-10	2.009642E-9	1.840734E-9	6.974595E-10	2.198919E-9
   0:16:09	0	2.676700E+1	4.310000E+2	9.435000E-8	9.391988E-8	2.166858E-9	1.541458E-9	3.391125E-9	-1.234060E-11	3.581945E-9	7.849291E-9	-1.124328E-11	1.303580E-8	1.366133E-9	2.555533E-9	1.987355E-9	1.950545E-9	2.167218E-9	-1.299986E-11	6.605599E-9	1.760662E-8	6.913507E-10	8.133687E-10	1.212946E-9	2.037291E-9	1.704956E-9	4.353513E-9	1.746895E-9	3.598911E-9	1.719344E-9	7.228205E-10	1.156128E-9	1.000500E-9	2.193274E-9	2.026581E-9	7.473226E-10	2.425770E-9
   0:16:22	0	2.676700E+1	4.320000E+2	1.037700E-7	1.033872E-7	2.370994E-9	1.655647E-9	3.710851E-9	-1.151836E-11	3.927868E-9	8.622707E-9	-1.099099E-11	1.438276E-8	1.456715E-9	2.782717E-9	2.144223E-9	2.143783E-9	2.369409E-9	-1.180039E-11	7.298901E-9	1.949451E-8	7.442490E-10	9.023647E-10	1.327841E-9	2.227494E-9	1.848634E-9	4.844222E-9	1.922678E-9	3.996971E-9	1.893498E-9	7.983113E-10	1.274393E-9	1.069197E-9	2.432157E-9	2.262615E-9	8.123648E-10	2.703396E-9
   0:16:36	0	2.676600E+1	4.330000E+2	1.137900E-7	1.141127E-7	2.589950E-9	1.779798E-9	4.064773E-9	-1.259436E-11	4.305217E-9	9.459481E-9	-1.193832E-11	1.586447E-8	1.564981E-9	3.042953E-9	2.347878E-9	2.354322E-9	2.592882E-9	-1.255853E-11	8.101535E-9	2.160504E-8	8.092474E-10	9.886551E-10	1.467681E-9	2.467470E-9	2.025755E-9	5.417389E-9	2.134541E-9	4.446711E-9	2.102144E-9	8.685900E-10	1.425302E-9	1.155051E-9	2.702614E-9	2.551367E-9	8.789745E-10	3.035028E-9
   0:16:50	0	2.676500E+1	4.340000E+2	1.279000E-7	1.275027E-7	2.845735E-9	1.929108E-9	4.472112E-9	-1.208783E-11	4.773415E-9	1.050665E-8	-1.067489E-11	1.771740E-8	1.695751E-9	3.355072E-9	2.573599E-9	2.622136E-9	2.876722E-9	-1.268405E-11	9.081978E-9	2.421625E-8	8.901475E-10	1.103331E-9	1.641850E-9	2.763052E-9	2.240990E-9	6.158113E-9	2.408135E-9	5.039899E-9	2.377247E-9	9.794408E-10	1.605699E-9	1.255912E-9	3.070633E-9	2.914445E-9	9.775096E-10	3.445802E-9
   0:17:03	0	2.676400E+1	4.350000E+2	1.447300E-7	1.444719E-7	3.179655E-9	2.114675E-9	4.989374E-9	-1.164424E-11	5.364399E-9	1.180738E-8	-1.155939E-11	2.003914E-8	1.852445E-9	3.753767E-9	2.867162E-9	2.959415E-9	3.219914E-9	-1.249477E-11	1.030389E-8	2.745546E-8	9.998074E-10	1.204160E-9	1.867609E-9	3.133862E-9	2.519576E-9	7.120507E-9	2.767409E-9	5.770874E-9	2.767233E-9	1.117737E-9	1.864012E-9	1.389189E-9	3.551621E-9	3.412171E-9	1.097244E-9	4.017960E-9
   0:17:17	0	2.676300E+1	4.360000E+2	1.687600E-7	1.689297E-7	3.607477E-9	2.342108E-9	5.695577E-9	-1.259436E-11	6.145765E-9	1.359967E-8	-1.124328E-11	2.323236E-8	2.084254E-9	4.304132E-9	3.273649E-9	3.420403E-9	3.728811E-9	-1.287334E-11	1.206739E-8	3.211024E-8	1.151470E-9	1.454597E-9	2.182689E-9	3.717754E-9	2.947203E-9	8.571533E-9	3.279086E-9	6.845022E-9	3.389887E-9	1.328510E-9	2.258904E-9	1.595722E-9	4.304521E-9	4.182681E-9	1.269978E-9	4.875027E-9
   0:17:31	0	2.676200E+1	4.370000E+2	2.018700E-7	2.011135E-7	4.141876E-9	2.634421E-9	6.569799E-9	-1.145442E-11	7.116187E-9	1.587013E-8	-1.042260E-11	2.730989E-8	2.351056E-9	4.997378E-9	3.789962E-9	4.043178E-9	4.357239E-9	-1.281058E-11	1.429698E-8	3.799933E-8	1.349949E-9	1.688355E-9	2.671685E-9	4.514105E-9	3.521095E-9	1.060801E-8	3.978868E-9	8.326292E-9	4.282916E-9	1.647872E-9	2.863929E-9	1.902862E-9	5.377257E-9	5.298846E-9	1.529016E-9	6.109691E-9
   0:17:45	0	2.676100E+1	4.380000E+2	2.498000E-7	2.492397E-7	4.868683E-9	3.005867E-9	7.731821E-9	-1.202489E-11	8.509699E-9	1.900703E-8	-1.269618E-11	3.300361E-8	2.750715E-9	6.012602E-9	4.514547E-9	4.883566E-9	5.300607E-9	-1.451414E-11	1.750594E-8	4.629698E-8	1.674180E-9	1.952197E-9	3.408360E-9	5.805326E-9	4.436991E-9	1.382867E-8	5.087968E-9	1.054679E-8	6.042804E-9	2.203131E-9	3.917390E-9	2.400899E-9	7.264775E-9	7.245908E-9	1.938774E-9	8.133108E-9
   0:17:58	0	2.676000E+1	4.390000E+2	3.322500E-7	3.324127E-7	5.935652E-9	3.564391E-9	9.383990E-9	-1.189801E-11	1.047487E-8	2.357919E-8	-1.061206E-11	4.153406E-8	3.341933E-9	7.525611E-9	5.641888E-9	6.217968E-9	6.752175E-9	-1.180039E-11	2.248993E-8	5.904594E-8	2.216025E-9	2.616149E-9	4.793777E-9	8.203775E-9	6.123207E-9	1.990446E-8	7.044580E-9	1.438628E-8	1.065713E-8	3.444908E-9	6.287363E-9	3.427231E-9	1.136767E-8	1.159632E-8	2.719528E-9	1.217102E-8
   0:18:12	0	2.676000E+1	4.400000E+2	5.543600E-7	5.536508E-7	7.657536E-9	4.467123E-9	1.217271E-8	-1.031547E-11	1.393125E-8	3.158256E-8	-1.553916E-11	5.683240E-8	4.362542E-9	1.032659E-8	7.729587E-9	8.794198E-9	9.560425E-9	-1.647074E-11	3.180794E-8	8.256365E-8	3.527204E-9	4.028702E-9	8.622037E-9	1.471010E-8	1.049704E-8	3.592534E-8	1.169271E-8	2.299186E-8	4.120752E-8	9.943830E-9	1.701784E-8	7.116968E-9	2.684544E-8	2.845316E-8	5.046924E-9	2.427791E-8
   0:18:37	1	2.675600E+1	0.000000E+0	1.154000E-11	1.404214E-10	2.345928E-11	1.147589E-11	-1.776261E-11	-1.272025E-11	-1.697892E-11	-2.137169E-11	-1.276000E-11	-2.200461E-11	1.242442E-11	1.384012E-11	1.163334E-11	1.477716E-11	-1.697549E-11	-1.205344E-11	1.437884E-11	-2.063147E-11	9.628957E-12	9.063639E-12	1.077142E-11	8.525904E-12	9.717258E-12	1.052009E-11	1.339526E-11	1.221131E-11	1.298899E-11	1.256099E-11	1.332318E-11	1.190335E-11	1.420840E-11	1.482756E-11	1.379878E-11	1.424579E-11
   0:18:50	1	2.675400E+1	0.000000E+0	4.682200E-10	2.156114E-10	2.327012E-11	1.179043E-11	-3.034612E-12	-1.164424E-11	-3.484599E-12	-6.096841E-12	-1.206496E-11	-4.121422E-12	1.305785E-11	1.276567E-11	1.239292E-11	1.338747E-11	-5.573833E-12	-1.262129E-11	1.279586E-11	-8.227612E-12	1.013601E-11	1.000756E-11	1.014196E-11	9.466079E-12	9.212220E-12	1.070903E-11	7.898105E-12	1.145612E-11	1.210607E-11	1.362881E-11	1.363817E-11	1.215623E-11	1.206114E-11	1.343313E-11	1.361066E-11	1.335924E-11
   0:19:04	1	2.675400E+1	1.000000E+1	2.759100E-9	2.386629E-9	7.971216E-11	9.464299E-11	6.972223E-11	-1.158130E-11	6.335588E-11	8.881899E-11	-1.238107E-11	9.556354E-11	1.017369E-10	1.008584E-10	1.009740E-10	7.533631E-11	7.423777E-11	-1.224272E-11	8.475407E-11	9.189448E-11	6.898986E-11	7.414260E-11	7.993544E-11	9.698055E-11	9.780512E-11	1.004097E-10	7.500107E-11	7.968802E-11	9.186857E-11	6.581902E-11	7.539169E-11	9.288288E-11	9.408866E-11	6.798989E-11	7.438729E-11	6.584568E-11
   0:19:18	1	2.675300E+1	2.000000E+1	3.004600E-9	2.598139E-9	8.557698E-11	9.962394E-11	8.122702E-11	-1.101183E-11	7.463282E-11	1.025855E-10	-1.193832E-11	1.106557E-10	1.080132E-10	1.079994E-10	1.069798E-10	8.196774E-11	8.823635E-11	-1.211620E-11	9.007501E-11	1.065773E-10	7.177713E-11	8.251369E-11	8.636031E-11	1.030620E-10	1.051875E-10	1.065821E-10	8.043538E-11	8.661197E-11	9.836356E-11	6.977600E-11	7.899013E-11	9.661811E-11	1.010349E-10	7.179206E-11	7.796274E-11	7.198657E-11
   0:19:32	1	2.675200E+1	3.000000E+1	3.196000E-9	2.796828E-9	9.118993E-11	1.060552E-10	9.083579E-11	-1.164424E-11	8.432649E-11	1.154083E-10	-1.181168E-11	1.261914E-10	1.144785E-10	1.134345E-10	1.142513E-10	8.670305E-11	9.767507E-11	-1.293710E-11	9.596594E-11	1.177792E-10	7.678163E-11	8.679413E-11	9.007641E-11	1.100836E-10	1.114342E-10	1.143934E-10	8.934494E-11	9.070295E-11	1.035974E-10	7.348114E-11	8.410469E-11	1.046593E-10	1.074128E-10	7.597335E-11	8.398386E-11	7.610249E-11
   0:19:46	1	2.675100E+1	4.000000E+1	3.441500E-9	3.013999E-9	9.358623E-11	1.139367E-10	1.001272E-10	-1.189801E-11	9.211883E-11	1.285457E-10	-1.092817E-11	1.419813E-10	1.236698E-10	1.210175E-10	1.215227E-10	9.333448E-11	1.078728E-10	-1.375700E-11	1.021109E-10	1.325879E-10	8.159611E-11	9.554181E-11	9.580917E-11	1.178564E-10	1.186910E-10	1.228978E-10	9.237730E-11	9.825590E-11	1.109743E-10	7.863184E-11	8.934584E-11	1.108004E-10	1.144846E-10	8.123296E-11	8.762169E-11	8.205348E-11
   0:20:00	1	2.675000E+1	5.000000E+1	3.771400E-9	3.329851E-9	1.055677E-10	1.261691E-10	1.159300E-10	-1.259436E-11	1.076415E-10	1.461466E-10	-1.225443E-11	1.632251E-10	1.344451E-10	1.338460E-10	1.343578E-10	1.019856E-10	1.229483E-10	-1.217996E-11	1.150967E-10	1.506257E-10	8.907185E-11	1.026540E-10	1.044386E-10	1.276362E-10	1.289761E-10	1.339210E-10	9.901159E-11	1.078866E-10	1.197388E-10	8.283966E-11	9.654371E-11	1.207416E-10	1.225045E-10	8.814009E-11	9.608850E-11	8.870112E-11
   0:20:14	1	2.674900E+1	6.000000E+1	4.147000E-9	3.687245E-9	1.125685E-10	1.368248E-10	1.264867E-10	-1.196095E-11	1.161940E-10	1.602892E-10	-1.282283E-11	1.783804E-10	1.487077E-10	1.457906E-10	1.475722E-10	1.113945E-10	1.368839E-10	-1.186415E-11	1.251676E-10	1.680931E-10	9.958790E-11	1.130391E-10	1.187372E-10	1.428700E-10	1.452558E-10	1.491657E-10	1.146193E-10	1.205381E-10	1.343672E-10	9.182044E-11	1.078464E-10	1.347340E-10	1.364597E-10	9.599650E-11	1.072535E-10	9.724879E-11
   0:20:28	1	2.674800E+1	7.000000E+1	4.283800E-9	3.814704E-9	1.148384E-10	1.404818E-10	1.329980E-10	-1.253042E-11	1.217699E-10	1.680214E-10	-1.149657E-11	1.883361E-10	1.530817E-10	1.526154E-10	1.526298E-10	1.140472E-10	1.442957E-10	-1.281058E-11	1.297926E-10	1.775226E-10	1.019321E-10	1.163757E-10	1.223280E-10	1.486377E-10	1.494834E-10	1.535113E-10	1.124068E-10	1.234337E-10	1.390327E-10	9.408199E-11	1.096147E-10	1.380264E-10	1.432164E-10	9.916547E-11	1.093229E-10	1.005411E-10
   0:20:42	1	2.674700E+1	8.000000E+1	4.409400E-9	3.934758E-9	1.179286E-10	1.455265E-10	1.379277E-10	-1.227766E-11	1.291822E-10	1.744953E-10	-1.257054E-11	1.967071E-10	1.584693E-10	1.574180E-10	1.561712E-10	1.182153E-10	1.506295E-10	-1.274781E-11	1.315026E-10	1.857502E-10	1.044024E-10	1.197738E-10	1.244063E-10	1.534019E-10	1.545318E-10	1.575428E-10	1.162621E-10	1.278397E-10	1.415550E-10	9.671931E-11	1.122662E-10	1.410020E-10	1.470055E-10	1.013191E-10	1.114557E-10	1.029469E-10
   0:20:56	1	2.674500E+1	9.000000E+1	4.541600E-9	4.044856E-9	1.183069E-10	1.487426E-10	1.439969E-10	-1.278419E-11	1.338710E-10	1.831702E-10	-1.174886E-11	2.053313E-10	1.626532E-10	1.607670E-10	1.603444E-10	1.205511E-10	1.562673E-10	-1.312638E-11	1.373305E-10	1.949899E-10	1.069366E-10	1.224178E-10	1.279335E-10	1.562858E-10	1.569295E-10	1.627715E-10	1.185992E-10	1.290361E-10	1.447075E-10	9.923171E-11	1.135291E-10	1.453070E-10	1.507309E-10	1.030937E-10	1.140271E-10	1.046560E-10
   0:21:10	1	2.674400E+1	1.000000E+2	4.650800E-9	4.166763E-9	1.227212E-10	1.537863E-10	1.508235E-10	-1.316384E-11	1.406502E-10	1.909014E-10	-1.257054E-11	2.158576E-10	1.669001E-10	1.641171E-10	1.659081E-10	1.224462E-10	1.618411E-10	-1.337843E-11	1.406245E-10	2.026480E-10	1.088368E-10	1.260047E-10	1.309575E-10	1.577277E-10	1.618514E-10	1.664250E-10	1.205583E-10	1.330018E-10	1.505087E-10	1.006128E-10	1.184543E-10	1.477768E-10	1.541412E-10	1.057555E-10	1.168491E-10	1.071888E-10
   0:21:24	1	2.674200E+1	1.200000E+2	4.875400E-9	4.442301E-9	1.284596E-10	1.619206E-10	1.634020E-10	-1.234060E-11	1.528143E-10	2.074335E-10	-1.149657E-11	2.357059E-10	1.750136E-10	1.739118E-10	1.745071E-10	1.305919E-10	1.759037E-10	-1.274781E-11	1.500623E-10	2.245464E-10	1.143484E-10	1.302225E-10	1.371308E-10	1.702024E-10	1.713156E-10	1.766299E-10	1.280145E-10	1.418764E-10	1.576337E-10	1.075849E-10	1.211696E-10	1.580339E-10	1.623504E-10	1.115213E-10	1.230593E-10	1.135196E-10
   0:21:38	1	2.674100E+1	1.400000E+2	5.165000E-9	4.746540E-9	1.374146E-10	1.720089E-10	1.768038E-10	-1.259436E-11	1.657385E-10	2.236511E-10	-1.136993E-11	2.587877E-10	1.858529E-10	1.837065E-10	1.853818E-10	1.365913E-10	1.880654E-10	-1.249477E-11	1.604512E-10	2.468234E-10	1.230912E-10	1.383412E-10	1.448782E-10	1.812361E-10	1.819802E-10	1.871500E-10	1.336374E-10	1.511921E-10	1.689206E-10	1.121695E-10	1.308933E-10	1.672775E-10	1.716960E-10	1.184914E-10	1.290171E-10	1.217504E-10
   0:21:53	1	2.674000E+1	1.600000E+2	5.601500E-9	5.168836E-9	1.476947E-10	1.843668E-10	1.928590E-10	-1.265730E-11	1.815772E-10	2.481029E-10	-1.118046E-11	2.882753E-10	1.996713E-10	1.988735E-10	2.000505E-10	1.485263E-10	2.067518E-10	-1.262129E-11	1.764771E-10	2.771381E-10	1.322771E-10	1.499852E-10	1.549565E-10	1.948399E-10	1.959250E-10	2.046609E-10	1.451374E-10	1.640334E-10	1.838008E-10	1.218413E-10	1.416906E-10	1.777876E-10	1.849564E-10	1.293898E-10	1.397424E-10	1.339062E-10
   0:22:07	1	2.673900E+1	1.800000E+2	6.156500E-9	5.696537E-9	1.619471E-10	2.015174E-10	2.131503E-10	-1.265730E-11	2.011546E-10	2.756350E-10	-1.610756E-11	3.242940E-10	2.183079E-10	2.166951E-10	2.168692E-10	1.631768E-10	2.268942E-10	-1.180039E-11	1.967468E-10	3.125793E-10	1.457075E-10	1.637685E-10	1.691925E-10	2.145242E-10	2.127088E-10	2.228033E-10	1.604289E-10	1.829789E-10	1.994386E-10	1.335863E-10	1.546978E-10	1.960859E-10	2.044692E-10	1.440903E-10	1.537927E-10	1.498612E-10
   0:22:21	1	2.673800E+1	2.000000E+2	6.775700E-9	6.316657E-9	1.796042E-10	2.186053E-10	2.348317E-10	-1.240454E-11	2.252927E-10	3.078815E-10	-1.124328E-11	3.672871E-10	2.389719E-10	2.359693E-10	2.353318E-10	1.811112E-10	2.507745E-10	-1.482994E-11	2.219576E-10	3.582103E-10	1.611650E-10	1.800069E-10	1.869566E-10	2.328923E-10	2.323336E-10	2.463624E-10	1.764146E-10	2.041919E-10	2.206874E-10	1.482819E-10	1.726930E-10	2.133706E-10	2.237915E-10	1.606284E-10	1.695975E-10	1.699320E-10
   0:22:35	1	2.673700E+1	2.200000E+2	7.523700E-9	7.064571E-9	2.004153E-10	2.423763E-10	2.621392E-10	-1.189801E-11	2.509521E-10	3.482999E-10	-1.294947E-11	4.192859E-10	2.624888E-10	2.628904E-10	2.608753E-10	2.015717E-10	2.778227E-10	-1.293710E-11	2.506532E-10	4.142200E-10	1.810580E-10	1.983230E-10	2.081205E-10	2.570281E-10	2.539138E-10	2.742045E-10	1.980242E-10	2.295585E-10	2.443322E-10	1.686309E-10	1.909413E-10	2.367975E-10	2.471562E-10	1.804615E-10	1.878500E-10	1.919649E-10
   0:22:50	1	2.673600E+1	2.400000E+2	8.456400E-9	7.987998E-9	2.280998E-10	2.693624E-10	2.949461E-10	-1.189801E-11	2.838968E-10	3.941235E-10	-1.294947E-11	4.854259E-10	2.939291E-10	2.930966E-10	2.919833E-10	2.275262E-10	3.113937E-10	-1.394628E-11	2.896098E-10	4.848496E-10	2.054474E-10	2.218624E-10	2.329390E-10	2.854886E-10	2.843277E-10	3.070237E-10	2.226033E-10	2.610303E-10	2.728962E-10	1.907378E-10	2.154406E-10	2.637057E-10	2.756348E-10	2.070746E-10	2.109315E-10	2.214050E-10
   0:23:04	1	2.673500E+1	2.600000E+2	9.573000E-9	9.198232E-9	2.625958E-10	3.076363E-10	3.384995E-10	-1.189801E-11	3.257750E-10	4.596853E-10	-1.200214E-11	5.684970E-10	3.296163E-10	3.327205E-10	3.311833E-10	2.630151E-10	3.525034E-10	-1.186415E-11	3.409182E-10	5.779460E-10	2.364895E-10	2.525767E-10	2.656947E-10	3.239804E-10	3.215561E-10	3.512440E-10	2.548909E-10	3.022590E-10	3.100974E-10	2.222657E-10	2.475165E-10	2.976426E-10	3.135867E-10	2.412911E-10	2.427937E-10	2.595197E-10
   0:23:18	1	2.673400E+1	2.800000E+2	1.101900E-8	1.079646E-8	3.073709E-10	3.624924E-10	3.918502E-10	-1.272025E-11	3.820986E-10	5.514585E-10	-1.143275E-11	6.910735E-10	3.759527E-10	3.858672E-10	3.796152E-10	3.072200E-10	4.022909E-10	-9.970312E-12	4.086335E-10	7.080662E-10	2.748173E-10	2.914732E-10	3.066385E-10	3.737562E-10	3.691970E-10	4.102675E-10	2.979834E-10	3.560130E-10	3.593418E-10	2.618335E-10	2.912738E-10	3.429761E-10	3.631561E-10	2.857098E-10	2.833117E-10	3.088397E-10
   0:23:32	1	2.673300E+1	3.000000E+2	1.335500E-8	1.309329E-8	3.719476E-10	4.329851E-10	4.673881E-10	-1.278419E-11	4.585058E-10	6.657355E-10	-1.225443E-11	8.426301E-10	4.569625E-10	4.732655E-10	4.639611E-10	3.715056E-10	4.745658E-10	-1.224272E-11	5.051694E-10	8.930570E-10	3.301858E-10	3.486222E-10	3.658495E-10	4.561304E-10	4.532456E-10	5.082200E-10	3.586416E-10	4.309801E-10	4.254853E-10	3.164736E-10	3.486066E-10	4.073035E-10	4.369743E-10	3.497075E-10	3.407644E-10	3.756979E-10
   0:23:46	1	2.673100E+1	3.200000E+2	1.668700E-8	1.623781E-8	4.616233E-10	5.188637E-10	5.729519E-10	-1.183407E-11	5.676045E-10	8.224424E-10	-1.181168E-11	1.058425E-9	5.477340E-10	5.737448E-10	5.594333E-10	4.585875E-10	5.684399E-10	-1.325191E-11	6.393330E-10	1.147981E-9	4.082986E-10	4.276116E-10	4.498162E-10	5.560582E-10	5.458758E-10	6.259527E-10	4.453960E-10	5.366011E-10	5.391073E-10	4.000034E-10	4.383940E-10	5.132932E-10	5.502597E-10	4.424730E-10	4.239324E-10	4.744659E-10
   0:24:01	1	2.673100E+1	3.400000E+2	2.119200E-8	2.080130E-8	5.941826E-10	6.478697E-10	7.308546E-10	-1.291007E-11	7.286542E-10	1.055900E-9	-1.149657E-11	1.378786E-9	6.795803E-10	7.236426E-10	6.986601E-10	5.922738E-10	7.088707E-10	-1.211620E-11	8.477987E-10	1.529229E-9	5.237241E-10	5.417835E-10	5.695608E-10	6.958563E-10	6.816037E-10	7.958423E-10	5.742944E-10	6.938994E-10	6.807260E-10	5.189565E-10	5.651197E-10	6.430246E-10	6.969493E-10	5.786428E-10	5.438549E-10	6.176795E-10
   0:24:15	1	2.672900E+1	3.600000E+2	2.829900E-8	2.793515E-8	8.049407E-10	8.482523E-10	9.753579E-10	-1.246748E-11	9.787191E-10	1.419160E-9	-1.124328E-11	1.877212E-9	8.829281E-10	9.525338E-10	9.154654E-10	7.977613E-10	9.245533E-10	-1.325191E-11	1.173324E-9	2.133314E-9	7.041480E-10	7.243092E-10	7.629422E-10	9.110703E-10	8.898956E-10	1.063748E-9	7.773738E-10	9.399490E-10	8.990802E-10	7.088774E-10	7.645856E-10	8.456953E-10	9.239617E-10	7.945882E-10	7.333981E-10	8.449724E-10
   0:24:29	1	2.672800E+1	3.620000E+2	2.939400E-8	2.887848E-8	8.325624E-10	8.758695E-10	1.008481E-9	-1.259436E-11	1.011095E-9	1.466303E-9	-1.263336E-11	1.938595E-9	9.093610E-10	9.831201E-10	9.444235E-10	8.288300E-10	9.524244E-10	-1.255853E-11	1.214941E-9	2.211412E-9	7.272083E-10	7.497990E-10	7.862481E-10	9.422267E-10	9.163977E-10	1.099086E-9	8.051748E-10	9.746314E-10	9.282117E-10	7.346904E-10	7.911682E-10	8.720348E-10	9.528829E-10	8.243063E-10	7.599926E-10	8.747934E-10
   0:24:42	1	2.672700E+1	3.640000E+2	3.026100E-8	2.983679E-8	8.610035E-10	9.031084E-10	1.039581E-9	-1.120165E-11	1.043722E-9	1.514139E-9	-1.231725E-11	2.007019E-9	9.371889E-10	1.013517E-9	9.730023E-10	8.567424E-10	9.821955E-10	-1.262129E-11	1.259978E-9	2.294193E-9	7.524218E-10	7.722684E-10	8.116970E-10	9.688070E-10	9.461183E-10	1.134551E-9	8.324082E-10	1.005537E-9	9.571530E-10	7.613829E-10	8.178145E-10	8.994498E-10	9.846452E-10	8.538974E-10	7.835751E-10	9.058167E-10
   0:24:56	1	2.672600E+1	3.660000E+2	3.132000E-8	3.090011E-8	8.892564E-10	9.327433E-10	1.077318E-9	-1.170818E-11	1.080976E-9	1.570586E-9	-1.181168E-11	2.079753E-9	9.666638E-10	1.047769E-9	1.004869E-9	8.874960E-10	1.012347E-9	-9.402459E-12	1.307424E-9	2.379885E-9	7.788394E-10	7.998994E-10	8.423735E-10	1.003224E-9	9.752073E-10	1.174739E-9	8.638749E-10	1.044751E-9	9.915799E-10	7.886395E-10	8.472380E-10	9.283210E-10	1.016155E-9	8.863404E-10	8.139956E-10	9.407650E-10
   0:25:10	1	2.672500E+1	3.680000E+2	3.237000E-8	3.197823E-8	9.243198E-10	9.638921E-10	1.113349E-9	-1.284713E-11	1.117595E-9	1.621816E-9	-1.257054E-11	2.154329E-9	9.963289E-10	1.083347E-9	1.038632E-9	9.227955E-10	1.044082E-9	-1.167487E-11	1.358352E-9	2.472918E-9	8.067132E-10	8.260819E-10	8.722306E-10	1.036449E-9	1.007956E-9	1.214110E-9	8.912968E-10	1.081259E-9	1.023611E-9	8.182211E-10	8.741993E-10	9.605487E-10	1.053096E-9	9.203668E-10	8.424705E-10	9.749537E-10
   0:25:23	1	2.672300E+1	3.700000E+2	3.359200E-8	3.317254E-8	9.574908E-10	9.963011E-10	1.154121E-9	-1.158130E-11	1.160360E-9	1.682349E-9	-1.294947E-11	2.235624E-9	1.030685E-9	1.123981E-9	1.074671E-9	9.534863E-10	1.079048E-9	-1.199068E-11	1.411117E-9	2.573419E-9	8.375653E-10	8.572998E-10	9.048601E-10	1.070427E-9	1.045563E-9	1.258456E-9	9.274398E-10	1.121984E-9	1.058480E-9	8.506909E-10	9.127165E-10	9.941058E-10	1.091869E-9	9.568010E-10	8.751485E-10	1.013005E-9
   0:25:37	1	2.672200E+1	3.720000E+2	3.484100E-8	3.438635E-8	9.923651E-10	1.030413E-9	1.195778E-9	-1.360643E-11	1.202682E-9	1.743698E-9	-1.231725E-11	2.321295E-9	1.065422E-9	1.160318E-9	1.110963E-9	9.896072E-10	1.117623E-9	-1.344119E-11	1.467748E-9	2.673731E-9	8.698115E-10	8.884552E-10	9.372996E-10	1.107728E-9	1.077366E-9	1.305260E-9	9.609284E-10	1.166486E-9	1.097636E-9	8.837258E-10	9.462448E-10	1.028421E-9	1.131020E-9	9.935523E-10	9.085157E-10	1.051626E-9
   0:25:51	1	2.672200E+1	3.740000E+2	3.609200E-8	3.573529E-8	1.032410E-9	1.066416E-9	1.242617E-9	-1.265730E-11	1.251656E-9	1.811460E-9	-1.238107E-11	2.415526E-9	1.103899E-9	1.203543E-9	1.153579E-9	1.028633E-9	1.156895E-9	-1.281058E-11	1.529001E-9	2.790244E-9	9.025637E-10	9.238275E-10	9.743383E-10	1.149730E-9	1.116866E-9	1.353700E-9	9.993447E-10	1.211050E-9	1.139314E-9	9.187090E-10	9.844460E-10	1.066410E-9	1.172696E-9	1.035436E-9	9.434513E-10	1.095375E-9
   0:26:05	1	2.672100E+1	3.760000E+2	3.738800E-8	3.713020E-8	1.074852E-9	1.105130E-9	1.289078E-9	-1.297401E-11	1.297399E-9	1.885004E-9	-1.143275E-11	2.510011E-9	1.142692E-9	1.249106E-9	1.193475E-9	1.071196E-9	1.198702E-9	-1.268405E-11	1.592218E-9	2.909415E-9	9.405745E-10	9.590735E-10	1.010621E-9	1.191105E-9	1.159016E-9	1.406172E-9	1.039089E-9	1.259139E-9	1.180677E-9	9.575223E-10	1.024920E-9	1.105730E-9	1.216583E-9	1.076433E-9	9.820247E-10	1.140327E-9
   0:26:18	1	2.672000E+1	3.780000E+2	3.895500E-8	3.867048E-8	1.118428E-9	1.147943E-9	1.341797E-9	-1.215077E-11	1.352201E-9	1.960246E-9	-1.105382E-11	2.617560E-9	1.184401E-9	1.296692E-9	1.240264E-9	1.115021E-9	1.243993E-9	-1.293710E-11	1.663545E-9	3.039662E-9	9.778882E-10	9.972775E-10	1.054021E-9	1.237559E-9	1.205331E-9	1.465007E-9	1.086099E-9	1.314468E-9	1.228157E-9	9.996639E-10	1.067793E-9	1.151696E-9	1.265585E-9	1.123196E-9	1.021352E-9	1.189774E-9
   0:26:32	1	2.671900E+1	3.800000E+2	4.083300E-8	4.032417E-8	1.167807E-9	1.195296E-9	1.399319E-9	-1.354349E-11	1.409412E-9	2.043408E-9	-1.282283E-11	2.730941E-9	1.232956E-9	1.350534E-9	1.287178E-9	1.163646E-9	1.295680E-9	-1.249477E-11	1.736707E-9	3.178707E-9	1.019193E-9	1.040013E-9	1.097044E-9	1.286080E-9	1.251710E-9	1.528881E-9	1.132224E-9	1.373258E-9	1.277528E-9	1.043062E-9	1.116160E-9	1.196713E-9	1.319260E-9	1.178450E-9	1.067702E-9	1.244160E-9
   0:26:46	1	2.671900E+1	3.820000E+2	4.240600E-8	4.201136E-8	1.216681E-9	1.242019E-9	1.455578E-9	-1.309990E-11	1.466559E-9	2.131224E-9	-1.206496E-11	2.846606E-9	1.278405E-9	1.407662E-9	1.341680E-9	1.212965E-9	1.345468E-9	-1.331567E-11	1.814747E-9	3.319078E-9	1.063286E-9	1.085142E-9	1.143594E-9	1.338426E-9	1.301496E-9	1.590865E-9	1.181825E-9	1.430474E-9	1.329232E-9	1.087402E-9	1.164210E-9	1.244515E-9	1.372366E-9	1.228445E-9	1.112736E-9	1.297153E-9
   0:26:59	1	2.671800E+1	3.840000E+2	4.413300E-8	4.391082E-8	1.270726E-9	1.293596E-9	1.519169E-9	-1.183407E-11	1.532702E-9	2.225323E-9	-1.231725E-11	2.978379E-9	1.331587E-9	1.467001E-9	1.396498E-9	1.270305E-9	1.399182E-9	-1.192692E-11	1.901718E-9	3.480274E-9	1.112067E-9	1.134990E-9	1.194994E-9	1.395787E-9	1.355698E-9	1.663495E-9	1.235849E-9	1.497070E-9	1.389763E-9	1.142545E-9	1.215735E-9	1.299473E-9	1.433618E-9	1.287563E-9	1.163979E-9	1.357807E-9
   0:27:13	1	2.671700E+1	3.860000E+2	4.630300E-8	4.588305E-8	1.331014E-9	1.345615E-9	1.586616E-9	-1.221471E-11	1.601126E-9	2.324892E-9	-1.497077E-11	3.114907E-9	1.387369E-9	1.529817E-9	1.457259E-9	1.327454E-9	1.459041E-9	-1.192692E-11	1.992744E-9	3.646531E-9	1.163191E-9	1.186159E-9	1.246395E-9	1.455844E-9	1.415012E-9	1.736566E-9	1.292969E-9	1.567693E-9	1.449412E-9	1.193479E-9	1.272562E-9	1.352151E-9	1.496765E-9	1.348709E-9	1.218797E-9	1.422069E-9
   0:27:27	1	2.671600E+1	3.880000E+2	4.845600E-8	4.807581E-8	1.391871E-9	1.406966E-9	1.660890E-9	-1.120165E-11	1.673732E-9	2.432191E-9	-1.168603E-11	3.265829E-9	1.447967E-9	1.601165E-9	1.518779E-9	1.391740E-9	1.525741E-9	-1.236924E-11	2.091054E-9	3.836205E-9	1.217989E-9	1.244127E-9	1.307307E-9	1.523235E-9	1.476156E-9	1.819905E-9	1.356155E-9	1.643163E-9	1.517888E-9	1.256033E-9	1.335893E-9	1.417175E-9	1.566731E-9	1.416446E-9	1.275435E-9	1.493296E-9
   0:27:41	1	2.671500E+1	3.900000E+2	5.065400E-8	5.038334E-8	1.460169E-9	1.468253E-9	1.738513E-9	-1.309990E-11	1.756855E-9	2.547412E-9	-1.092817E-11	3.424425E-9	1.511419E-9	1.672384E-9	1.589466E-9	1.460256E-9	1.594722E-9	-1.337843E-11	2.194307E-9	4.029171E-9	1.278806E-9	1.303983E-9	1.369793E-9	1.590377E-9	1.544682E-9	1.904692E-9	1.424522E-9	1.725621E-9	1.589832E-9	1.319528E-9	1.401751E-9	1.483972E-9	1.641623E-9	1.488364E-9	1.337529E-9	1.568321E-9
   0:27:54	1	2.671400E+1	3.920000E+2	5.325600E-8	5.296019E-8	1.531051E-9	1.541016E-9	1.826884E-9	-1.183407E-11	1.845363E-9	2.674574E-9	-1.200214E-11	3.598113E-9	1.581145E-9	1.755486E-9	1.663885E-9	1.536793E-9	1.671557E-9	-1.009683E-11	2.312824E-9	4.245175E-9	1.344248E-9	1.376551E-9	1.441918E-9	1.671935E-9	1.618509E-9	2.001259E-9	1.498765E-9	1.815757E-9	1.668208E-9	1.388865E-9	1.477332E-9	1.555011E-9	1.721882E-9	1.569661E-9	1.409031E-9	1.651324E-9
   0:28:08	1	2.671200E+1	3.940000E+2	5.618200E-8	5.565382E-8	1.610323E-9	1.613275E-9	1.914938E-9	-1.075906E-11	1.935708E-9	2.808966E-9	-1.200214E-11	3.785752E-9	1.658478E-9	1.838081E-9	1.746650E-9	1.615603E-9	1.752192E-9	-1.236924E-11	2.434508E-9	4.473265E-9	1.412730E-9	1.447736E-9	1.515995E-9	1.749043E-9	1.698393E-9	2.104001E-9	1.574840E-9	1.910551E-9	1.750240E-9	1.466429E-9	1.552028E-9	1.632951E-9	1.810793E-9	1.652415E-9	1.483480E-9	1.739583E-9
   0:28:22	1	2.671100E+1	3.960000E+2	5.897900E-8	5.871551E-8	1.702016E-9	1.697325E-9	2.020312E-9	-1.297401E-11	2.044806E-9	2.964918E-9	-1.174886E-11	3.994888E-9	1.742593E-9	1.938118E-9	1.837444E-9	1.704643E-9	1.842647E-9	-1.217996E-11	2.574309E-9	4.731353E-9	1.491539E-9	1.524649E-9	1.598387E-9	1.841887E-9	1.786228E-9	2.216694E-9	1.663932E-9	2.017431E-9	1.844443E-9	1.549269E-9	1.641437E-9	1.719946E-9	1.906586E-9	1.748982E-9	1.566962E-9	1.838668E-9
   0:28:35	1	2.671100E+1	3.980000E+2	6.220200E-8	6.195711E-8	1.791882E-9	1.782131E-9	2.129418E-9	-1.145442E-11	2.154287E-9	3.125711E-9	-1.124328E-11	4.215757E-9	1.832161E-9	2.038409E-9	1.929123E-9	1.798546E-9	1.941588E-9	-1.243201E-11	2.720887E-9	5.004884E-9	1.577887E-9	1.620568E-9	1.687014E-9	1.942693E-9	1.881131E-9	2.338269E-9	1.753972E-9	2.132117E-9	1.945076E-9	1.635060E-9	1.736908E-9	1.814285E-9	2.012041E-9	1.850745E-9	1.652953E-9	1.946743E-9
   0:28:49	1	2.671000E+1	4.000000E+2	6.598200E-8	6.564080E-8	1.897323E-9	1.878666E-9	2.252554E-9	-1.126459E-11	2.280555E-9	3.304984E-9	-1.155939E-11	4.465286E-9	1.932060E-9	2.150771E-9	2.036482E-9	1.907414E-9	2.048448E-9	-1.167487E-11	2.889572E-9	5.316958E-9	1.671267E-9	1.730083E-9	1.789311E-9	2.050519E-9	1.988022E-9	2.476410E-9	1.865052E-9	2.259328E-9	2.061284E-9	1.740447E-9	1.844628E-9	1.919261E-9	2.129370E-9	1.969553E-9	1.755565E-9	2.064125E-9
   0:29:03	1	2.670900E+1	4.020000E+2	7.006000E-8	6.955575E-8	2.012666E-9	1.984405E-9	2.380495E-9	-1.398608E-11	2.413983E-9	3.500600E-9	-1.238107E-11	4.731557E-9	2.036269E-9	2.274506E-9	2.152822E-9	2.018746E-9	2.163480E-9	-1.274781E-11	3.065225E-9	5.649727E-9	1.775162E-9	1.836577E-9	1.896079E-9	2.171449E-9	2.102423E-9	2.625261E-9	1.979355E-9	2.397932E-9	2.184429E-9	1.851046E-9	1.956389E-9	2.030694E-9	2.256042E-9	2.089819E-9	1.865390E-9	2.192335E-9
   0:29:17	1	2.670900E+1	4.040000E+2	7.450700E-8	7.409108E-8	2.140813E-9	2.102127E-9	2.530559E-9	-1.208783E-11	2.566670E-9	3.727205E-9	-1.231725E-11	5.039300E-9	2.160639E-9	2.419032E-9	2.282501E-9	2.152750E-9	2.298591E-9	-1.224272E-11	3.270334E-9	6.026607E-9	1.890398E-9	1.984360E-9	2.019416E-9	2.306859E-9	2.233797E-9	2.793828E-9	2.109140E-9	2.557748E-9	2.325984E-9	1.975650E-9	2.088103E-9	2.157960E-9	2.403300E-9	2.235559E-9	1.988009E-9	2.340487E-9
   0:29:30	1	2.670900E+1	4.060000E+2	7.950300E-8	7.912443E-8	2.284219E-9	2.234287E-9	2.696870E-9	-1.215077E-11	2.734373E-9	3.970154E-9	-1.244390E-11	5.373043E-9	2.296289E-9	2.573860E-9	2.428303E-9	2.299888E-9	2.442570E-9	-1.255853E-11	3.494700E-9	6.448613E-9	2.020838E-9	2.152725E-9	2.159509E-9	2.460449E-9	2.380315E-9	2.984883E-9	2.257627E-9	2.736573E-9	2.482547E-9	2.119350E-9	2.236993E-9	2.301748E-9	2.566976E-9	2.394223E-9	2.123677E-9	2.505987E-9
   0:29:44	1	2.670800E+1	4.080000E+2	8.497000E-8	8.454555E-8	2.439418E-9	2.371743E-9	2.876328E-9	-1.259436E-11	2.916837E-9	4.240385E-9	-1.219161E-11	5.740267E-9	2.438784E-9	2.739935E-9	2.588647E-9	2.457255E-9	2.603207E-9	-1.268405E-11	3.740221E-9	6.904667E-9	2.159516E-9	2.329647E-9	2.307347E-9	2.621060E-9	2.535477E-9	3.186016E-9	2.415527E-9	2.928050E-9	2.651466E-9	2.268637E-9	2.395291E-9	2.459211E-9	2.741829E-9	2.565116E-9	2.275087E-9	2.686048E-9
   0:29:58	1	2.670700E+1	4.100000E+2	9.137100E-8	9.093820E-8	2.619085E-9	2.537950E-9	3.082525E-9	-1.234060E-11	3.130029E-9	4.542232E-9	-1.263336E-11	6.164817E-9	2.609424E-9	2.931984E-9	2.767896E-9	2.636534E-9	2.788485E-9	-1.217996E-11	4.028184E-9	7.434071E-9	2.331705E-9	2.572846E-9	2.483091E-9	2.814208E-9	2.719602E-9	3.432190E-9	2.603442E-9	3.150243E-9	2.854626E-9	2.454539E-9	2.582191E-9	2.644407E-9	2.944088E-9	2.771051E-9	2.450705E-9	2.893208E-9
   0:30:11	1	2.670600E+1	4.110000E+2	9.487000E-8	9.445751E-8	2.716456E-9	2.630512E-9	3.195168E-9	-1.170818E-11	3.249137E-9	4.707802E-9	-9.854201E-12	6.395451E-9	2.700956E-9	3.041310E-9	2.869186E-9	2.735931E-9	2.890847E-9	-1.199068E-11	4.184770E-9	7.720829E-9	2.418178E-9	2.742468E-9	2.583183E-9	2.917646E-9	2.819300E-9	3.561449E-9	2.703781E-9	3.271851E-9	2.963519E-9	2.551760E-9	2.683597E-9	2.741342E-9	3.054973E-9	2.878770E-9	2.550935E-9	3.009957E-9
   0:30:25	1	2.670500E+1	4.120000E+2	9.857000E-8	9.808897E-8	2.814519E-9	2.720173E-9	3.311858E-9	-1.221471E-11	3.364698E-9	4.877206E-9	-1.193832E-11	6.634200E-9	2.795721E-9	3.152343E-9	2.970412E-9	2.841201E-9	2.995047E-9	-1.331567E-11	4.345160E-9	8.015371E-9	2.512826E-9	2.916497E-9	2.680251E-9	3.028104E-9	2.925307E-9	3.692221E-9	2.808732E-9	3.400762E-9	3.073799E-9	2.650992E-9	2.792769E-9	2.843785E-9	3.180256E-9	2.998338E-9	2.650787E-9	3.133100E-9
   0:30:39	1	2.670400E+1	4.130000E+2	1.027700E-7	1.020357E-7	2.921600E-9	2.820050E-9	3.435878E-9	-1.259436E-11	3.496415E-9	5.062765E-9	-1.187550E-11	6.894384E-9	2.900184E-9	3.271086E-9	3.084917E-9	2.950195E-9	3.103553E-9	-1.268405E-11	4.517456E-9	8.339343E-9	2.615644E-9	3.127155E-9	2.785761E-9	3.142576E-9	3.036616E-9	3.841764E-9	2.921582E-9	3.536407E-9	3.197447E-9	2.766490E-9	2.908066E-9	2.959651E-9	3.302507E-9	3.121645E-9	2.755906E-9	3.255801E-9
   0:30:53	1	2.670400E+1	4.140000E+2	1.070400E-7	1.064685E-7	3.044574E-9	2.929131E-9	3.578927E-9	-1.202489E-11	3.640549E-9	5.276359E-9	-1.105382E-11	7.180185E-9	3.013965E-9	3.405564E-9	3.206059E-9	3.077251E-9	3.236067E-9	-9.402459E-12	4.715343E-9	8.706290E-9	2.730690E-9	3.301057E-9	2.912183E-9	3.275290E-9	3.164771E-9	4.006678E-9	3.049975E-9	3.691628E-9	3.335787E-9	2.891409E-9	3.045842E-9	3.086598E-9	3.445156E-9	3.266306E-9	2.882165E-9	3.405155E-9
   0:31:06	1	2.670300E+1	4.150000E+2	1.112900E-7	1.110189E-7	3.166412E-9	3.038528E-9	3.717867E-9	-1.215077E-11	3.785950E-9	5.492970E-9	-1.193832E-11	7.479304E-9	3.131359E-9	3.535556E-9	3.335549E-9	3.209232E-9	3.361422E-9	-1.306262E-11	4.909556E-9	9.077917E-9	2.845292E-9	3.566915E-9	3.028275E-9	3.411516E-9	3.295893E-9	4.183057E-9	3.180707E-9	3.851067E-9	3.481188E-9	3.016516E-9	3.175599E-9	3.215570E-9	3.587741E-9	3.408495E-9	3.009739E-9	3.556852E-9
   0:31:20	1	2.670100E+1	4.160000E+2	1.160700E-7	1.159674E-7	3.300927E-9	3.164571E-9	3.876592E-9	-1.075906E-11	3.944847E-9	5.717627E-9	-1.219161E-11	7.795417E-9	3.257754E-9	3.689499E-9	3.468136E-9	3.343866E-9	3.495583E-9	-1.262129E-11	5.126764E-9	9.467455E-9	2.975416E-9	3.885074E-9	3.167421E-9	3.558962E-9	3.432125E-9	4.354270E-9	3.320347E-9	4.017366E-9	3.630184E-9	3.159460E-9	3.316278E-9	3.359547E-9	3.754953E-9	3.568301E-9	3.140513E-9	3.713679E-9
   0:31:34	1	2.670000E+1	4.170000E+2	1.208800E-7	1.211130E-7	3.437900E-9	3.291749E-9	4.035632E-9	-1.183407E-11	4.116034E-9	5.962712E-9	-1.206496E-11	8.140954E-9	3.390488E-9	3.837816E-9	3.609196E-9	3.486899E-9	3.648493E-9	-1.306262E-11	5.359237E-9	9.894713E-9	3.110037E-9	4.071060E-9	3.312111E-9	3.713178E-9	3.580914E-9	4.556411E-9	3.463715E-9	4.204250E-9	3.797527E-9	3.314399E-9	3.475523E-9	3.504221E-9	3.927344E-9	3.733808E-9	3.286214E-9	3.887409E-9
   0:31:47	1	2.670000E+1	4.180000E+2	1.276400E-7	1.273522E-7	3.603063E-9	3.442068E-9	4.231148E-9	-1.126459E-11	4.308827E-9	6.257647E-9	-1.263336E-11	8.535893E-9	3.547500E-9	4.023609E-9	3.785284E-9	3.663463E-9	3.822495E-9	-1.255853E-11	5.624966E-9	1.039855E-8	3.272912E-9	4.459840E-9	3.482626E-9	3.896546E-9	3.757594E-9	4.786899E-9	3.650618E-9	4.416246E-9	3.990094E-9	3.486673E-9	3.658129E-9	3.681503E-9	4.118993E-9	3.934610E-9	3.455310E-9	4.095582E-9
   0:32:01	1	2.669900E+1	4.190000E+2	1.337900E-7	1.335510E-7	3.762172E-9	3.593521E-9	4.427674E-9	-1.468243E-11	4.511756E-9	6.546545E-9	-1.351787E-11	8.936726E-9	3.702990E-9	4.207192E-9	3.952076E-9	3.838385E-9	3.997259E-9	-1.299986E-11	5.897092E-9	1.090675E-8	3.431734E-9	4.782342E-9	3.648039E-9	4.082546E-9	3.935472E-9	5.015308E-9	3.834173E-9	4.628683E-9	4.196091E-9	3.664411E-9	3.840672E-9	3.864926E-9	4.322580E-9	4.137502E-9	3.628546E-9	4.299008E-9
   0:32:15	1	2.669800E+1	4.200000E+2	1.407300E-7	1.403240E-7	3.941082E-9	3.757774E-9	4.627992E-9	-1.158130E-11	4.727862E-9	6.849838E-9	-1.168603E-11	9.373324E-9	3.875088E-9	4.402906E-9	4.132653E-9	4.022339E-9	4.188364E-9	-1.142183E-11	6.189869E-9	1.144597E-8	3.609244E-9	5.156896E-9	3.836696E-9	4.286917E-9	4.126664E-9	5.271183E-9	4.023161E-9	4.868690E-9	4.405996E-9	3.865449E-9	4.047904E-9	4.065381E-9	4.554708E-9	4.355795E-9	3.822417E-9	4.526554E-9
   0:32:29	1	2.669700E+1	4.210000E+2	1.488400E-7	1.482925E-7	4.154867E-9	3.943907E-9	4.877426E-9	-1.158130E-11	4.980969E-9	7.216556E-9	-1.269618E-11	9.879422E-9	4.075204E-9	4.638748E-9	4.353950E-9	4.242730E-9	4.411968E-9	-1.161111E-11	6.539594E-9	1.209340E-8	3.815895E-9	5.559144E-9	4.054580E-9	4.524637E-9	4.358305E-9	5.570900E-9	4.260678E-9	5.151563E-9	4.665840E-9	4.091107E-9	4.295675E-9	4.291290E-9	4.814367E-9	4.620467E-9	4.050346E-9	4.794874E-9
   0:32:42	1	2.669600E+1	4.220000E+2	1.564700E-7	1.564307E-7	4.369032E-9	4.142398E-9	5.127492E-9	-1.215077E-11	5.237180E-9	7.595531E-9	-1.174886E-11	1.040042E-8	4.281089E-9	4.881605E-9	4.579924E-9	4.469751E-9	4.640509E-9	-1.268405E-11	6.900213E-9	1.274926E-8	4.033443E-9	5.908143E-9	4.283931E-9	4.767997E-9	4.591523E-9	5.891593E-9	4.502869E-9	5.438716E-9	4.942456E-9	4.337178E-9	4.537255E-9	4.538597E-9	5.085076E-9	4.883303E-9	4.274325E-9	5.076489E-9
   0:32:56	1	2.669600E+1	4.230000E+2	1.650700E-7	1.655568E-7	4.605331E-9	4.348015E-9	5.395258E-9	-1.234060E-11	5.523358E-9	8.005998E-9	-1.174886E-11	1.098021E-8	4.509222E-9	5.135648E-9	4.819745E-9	4.719189E-9	4.893627E-9	-1.186415E-11	7.289019E-9	1.347922E-8	4.267781E-9	6.471770E-9	4.541059E-9	5.039005E-9	4.853512E-9	6.225829E-9	4.767996E-9	5.752116E-9	5.230108E-9	4.609436E-9	4.822910E-9	4.806672E-9	5.391780E-9	5.185423E-9	4.540263E-9	5.383240E-9
   0:33:10	1	2.669500E+1	4.240000E+2	1.756900E-7	1.754905E-7	4.858782E-9	4.581438E-9	5.699433E-9	-1.189801E-11	5.838236E-9	8.470966E-9	-7.895726E-12	1.160578E-8	4.748321E-9	5.427798E-9	5.095668E-9	4.999697E-9	5.178037E-9	-1.243201E-11	7.709181E-9	1.426318E-8	4.539050E-9	6.950363E-9	4.813682E-9	5.346688E-9	5.142446E-9	6.599248E-9	5.054353E-9	6.110144E-9	5.561201E-9	4.910208E-9	5.127822E-9	5.103365E-9	5.729300E-9	5.512701E-9	4.825205E-9	5.720444E-9
   0:33:23	1	2.669300E+1	4.250000E+2	1.881400E-7	1.873689E-7	5.172775E-9	4.862276E-9	6.054178E-9	-1.227766E-11	6.207981E-9	8.987727E-9	-1.231725E-11	1.237276E-8	5.046560E-9	5.772272E-9	5.407758E-9	5.322516E-9	5.501024E-9	-1.262129E-11	8.231390E-9	1.523775E-8	4.863725E-9	7.427256E-9	5.156099E-9	5.714927E-9	5.499466E-9	7.061862E-9	5.410153E-9	6.527782E-9	5.964051E-9	5.267255E-9	5.503518E-9	5.467616E-9	6.136911E-9	5.932490E-9	5.162268E-9	6.133814E-9
   0:33:37	1	2.669300E+1	4.260000E+2	2.000300E-7	1.999297E-7	5.482921E-9	5.154527E-9	6.422009E-9	-1.196095E-11	6.592235E-9	9.564204E-9	-1.124328E-11	1.316409E-8	5.357921E-9	6.133620E-9	5.740333E-9	5.670718E-9	5.851183E-9	-1.287334E-11	8.763548E-9	1.624378E-8	5.188717E-9	7.998558E-9	5.513634E-9	6.100657E-9	5.854528E-9	7.540980E-9	5.788383E-9	6.978904E-9	6.386385E-9	5.662485E-9	5.915076E-9	5.855483E-9	6.573382E-9	6.357667E-9	5.538596E-9	6.571244E-9
   0:33:51	1	2.669200E+1	4.270000E+2	2.138200E-7	2.140709E-7	5.850202E-9	5.468974E-9	6.850522E-9	-1.341660E-11	7.025525E-9	1.020146E-8	-1.345405E-11	1.405993E-8	5.690201E-9	6.538257E-9	6.119632E-9	6.054980E-9	6.241123E-9	-1.142183E-11	9.392935E-9	1.737746E-8	5.584599E-9	8.518317E-9	5.923703E-9	6.537857E-9	6.272124E-9	8.093295E-9	6.196247E-9	7.481956E-9	6.893209E-9	6.110472E-9	6.374183E-9	6.290393E-9	7.076851E-9	6.850134E-9	5.958201E-9	7.076480E-9
   0:34:05	1	2.669200E+1	4.280000E+2	2.304400E-7	2.304607E-7	6.244158E-9	5.833798E-9	7.325559E-9	-1.234060E-11	7.513871E-9	1.090775E-8	-1.174886E-11	1.506318E-8	6.094551E-9	6.993702E-9	6.540663E-9	6.495257E-9	6.688389E-9	-1.299986E-11	1.007902E-8	1.863157E-8	6.027550E-9	9.478585E-9	6.396324E-9	7.037181E-9	6.743858E-9	8.727124E-9	6.682020E-9	8.057456E-9	7.454323E-9	6.620888E-9	6.908490E-9	6.795519E-9	7.641697E-9	7.423644E-9	6.448557E-9	7.643067E-9
   0:34:18	1	2.669100E+1	4.290000E+2	2.506600E-7	2.505582E-7	6.732145E-9	6.267165E-9	7.888143E-9	-1.158130E-11	8.117271E-9	1.177249E-8	-1.206496E-11	1.629847E-8	6.564827E-9	7.537113E-9	7.061276E-9	7.028108E-9	7.225347E-9	-1.243201E-11	1.092511E-8	2.021808E-8	6.564136E-9	1.054170E-8	6.970420E-9	7.659064E-9	7.350941E-9	9.497832E-9	7.289297E-9	8.779495E-9	8.165441E-9	7.266711E-9	7.561694E-9	7.426008E-9	8.348245E-9	8.133641E-9	7.042400E-9	8.361731E-9
   0:34:32	1	2.669000E+1	4.300000E+2	2.722700E-7	2.718527E-7	7.250714E-9	6.739936E-9	8.503071E-9	-1.278419E-11	8.756026E-9	1.271814E-8	-1.288565E-11	1.764434E-8	7.068443E-9	8.142771E-9	7.625262E-9	7.597396E-9	7.816844E-9	-1.173763E-11	1.184385E-8	2.194673E-8	7.169204E-9	1.092544E-8	7.595917E-9	8.353419E-9	7.992729E-9	1.038482E-8	7.940553E-9	9.558684E-9	8.952668E-9	7.984129E-9	8.307652E-9	8.134246E-9	9.156903E-9	8.917841E-9	7.704046E-9	9.158336E-9
   0:34:46	1	2.668900E+1	4.310000E+2	2.976100E-7	2.976830E-7	7.858014E-9	7.281687E-9	9.217174E-9	-1.354349E-11	9.518892E-9	1.382288E-8	-1.238107E-11	1.919898E-8	7.673416E-9	8.842340E-9	8.285859E-9	8.272774E-9	8.502091E-9	-1.249477E-11	1.291532E-8	2.393778E-8	7.887985E-9	1.207352E-8	8.355146E-9	9.175406E-9	8.752075E-9	1.141620E-8	8.704597E-9	1.047497E-8	9.903830E-9	8.859819E-9	9.204460E-9	8.979502E-9	1.012077E-8	9.857154E-9	8.518233E-9	1.011056E-8
   0:34:59	1	2.668900E+1	4.320000E+2	3.313400E-7	3.312973E-7	8.622912E-9	7.975461E-9	1.010985E-8	-1.101183E-11	1.045852E-8	1.520207E-8	-1.168603E-11	2.118171E-8	8.450426E-9	9.751711E-9	9.127225E-9	9.129330E-9	9.392439E-9	-1.337843E-11	1.431909E-8	2.649361E-8	8.838890E-9	1.361102E-8	9.349200E-9	1.025110E-8	9.783567E-9	1.274546E-8	9.717021E-9	1.168287E-8	1.120381E-8	1.002780E-8	1.039797E-8	1.010385E-8	1.139167E-8	1.111532E-8	9.545228E-9	1.135422E-8
   0:35:13	1	2.668800E+1	4.330000E+2	3.685900E-7	3.685991E-7	9.453835E-9	8.713625E-9	1.108812E-8	-1.291007E-11	1.150630E-8	1.675814E-8	-1.269618E-11	2.338494E-8	9.265213E-9	1.073913E-8	1.005919E-8	1.010536E-8	1.035253E-8	-1.318915E-11	1.587470E-8	2.937993E-8	9.899261E-9	1.471794E-8	1.050225E-8	1.147017E-8	1.089962E-8	1.427957E-8	1.086068E-8	1.303637E-8	1.267832E-8	1.138150E-8	1.177440E-8	1.142137E-8	1.287088E-8	1.257257E-8	1.079175E-8	1.280022E-8
   0:35:27	1	2.668700E+1	4.340000E+2	4.163300E-7	4.160304E-7	1.050302E-8	9.624363E-9	1.229243E-8	-1.253042E-11	1.278463E-8	1.865006E-8	-1.206496E-11	2.609508E-8	1.029932E-8	1.198236E-8	1.120063E-8	1.130267E-8	1.159006E-8	-1.173763E-11	1.779048E-8	3.290533E-8	1.128311E-8	1.622144E-8	1.196602E-8	1.306493E-8	1.239893E-8	1.626294E-8	1.232666E-8	1.476281E-8	1.467283E-8	1.314211E-8	1.358127E-8	1.313612E-8	1.478303E-8	1.445817E-8	1.235025E-8	1.463566E-8
   0:35:41	1	2.668700E+1	4.350000E+2	4.715400E-7	4.714563E-7	1.170369E-8	1.073561E-8	1.375370E-8	-1.234060E-11	1.436574E-8	2.102706E-8	-1.168603E-11	2.948844E-8	1.154356E-8	1.347654E-8	1.260934E-8	1.279621E-8	1.309668E-8	-1.318915E-11	2.012890E-8	3.732936E-8	1.305555E-8	1.305639E-8	1.383515E-8	1.505076E-8	1.427306E-8	1.883932E-8	1.421193E-8	1.698670E-8	1.728741E-8	1.555042E-8	1.600062E-8	1.541128E-8	1.736914E-8	1.700644E-8	1.444156E-8	1.706295E-8
   0:35:54	1	2.668600E+1	4.360000E+2	5.590000E-7	5.593790E-7	1.337285E-8	1.223104E-8	1.576239E-8	-1.183407E-11	1.652567E-8	2.418967E-8	-1.143275E-11	3.417777E-8	1.333554E-8	1.558541E-8	1.459157E-8	1.481742E-8	1.518218E-8	-1.167487E-11	2.351649E-8	4.358964E-8	1.569051E-8	1.570710E-8	1.661600E-8	1.806426E-8	1.706876E-8	2.255914E-8	1.693644E-8	2.015558E-8	2.150980E-8	1.921427E-8	1.974728E-8	1.892082E-8	2.130627E-8	2.077073E-8	1.756571E-8	2.070357E-8
   0:36:08	1	2.668600E+1	4.370000E+2	6.759500E-7	6.762515E-7	1.540690E-8	1.404275E-8	1.817044E-8	-1.177112E-11	1.915880E-8	2.813293E-8	-1.086435E-11	4.003656E-8	1.548705E-8	1.819511E-8	1.701621E-8	1.740836E-8	1.781700E-8	-1.116978E-11	2.773725E-8	5.133162E-8	1.924471E-8	1.919578E-8	2.042385E-8	2.217208E-8	2.081172E-8	2.773383E-8	2.056969E-8	2.437267E-8	2.752090E-8	2.455363E-8	2.509699E-8	2.392131E-8	2.689684E-8	2.622425E-8	2.189787E-8	2.570821E-8
   0:36:22	1	2.668700E+1	4.380000E+2	8.552400E-7	8.550539E-7	1.812600E-8	1.643391E-8	2.139520E-8	-1.227766E-11	2.274139E-8	3.350327E-8	-1.181168E-11	4.813866E-8	1.844391E-8	2.179095E-8	2.047057E-8	2.096296E-8	2.153461E-8	-1.375700E-11	3.367501E-8	6.240996E-8	2.475051E-8	2.469168E-8	2.626170E-8	2.845498E-8	2.654612E-8	3.559897E-8	2.604088E-8	3.060765E-8	3.818744E-8	3.381485E-8	3.425227E-8	3.227343E-8	3.619786E-8	3.514096E-8	2.886194E-8	3.378409E-8
   0:36:36	1	2.668700E+1	4.390000E+2	1.183600E-6	1.184386E-6	2.199861E-8	1.998204E-8	2.615860E-8	-9.872877E-12	2.806435E-8	4.172891E-8	-9.411450E-12	6.055418E-8	2.299079E-8	2.737637E-8	2.563820E-8	2.658392E-8	2.736053E-8	-1.236924E-11	4.308538E-8	7.953018E-8	3.494240E-8	3.477871E-8	3.713151E-8	4.012025E-8	3.707617E-8	5.010149E-8	3.564810E-8	4.122652E-8	6.312795E-8	5.427702E-8	5.383313E-8	4.996774E-8	5.567562E-8	5.323013E-8	4.284609E-8	4.938264E-8
   0:36:50	1	2.669000E+1	4.400000E+2	2.038000E-6	2.036842E-6	2.827380E-8	2.559214E-8	3.383594E-8	-8.037573E-12	3.702142E-8	5.556684E-8	-1.162221E-11	8.205653E-8	3.062200E-8	3.696599E-8	3.486704E-8	3.641289E-8	3.777679E-8	-1.072845E-11	6.001795E-8	1.104744E-7	5.882078E-8	5.857409E-8	6.285813E-8	6.783446E-8	6.099653E-8	8.440387E-8	5.669859E-8	6.356334E-8	1.667039E-7	1.307012E-7	1.173262E-7	1.055255E-7	1.148072E-7	1.085272E-7	8.000929E-8	9.003818E-8
