APD#	0018	Started	07/16/07 13:08	Sense_ohms	1.004464E+6	1.004628E+6	1.002105E+6	1.000924E+6	9.998282E+5	1.007735E+6	1.002821E+6	9.989270E+5	9.993226E+5	1.002376E+6	1.001862E+6	1.003102E+6	1.000030E+6	1.003780E+6	1.000011E+6	1.000898E+6	9.999006E+5	1.006439E+6	1.005624E+6	1.010450E+6	1.003884E+6	1.005600E+6	1.002519E+6	1.006362E+6	1.004620E+6	1.008599E+6	1.003214E+6	1.000475E+6	1.003139E+6	9.996927E+5	1.009944E+6	1.000506E+6					
ElapTime	Shutter_Open	DegC	H2O_In	H2O_Out	TE_A	TE_V	BiasV	KE237_Amps	Pixel_Sum	A1	A2	A3	A4	A5	A6	A7	A8	B1	B2	B3	B4	B5	B6	B7	B8	C1	C2	C3	C4	C5	C6	C7	C8	D1	D2	D3	D4	D5	D6	D7	D8
0:00:00	0	1.030438E-2	2.550600E+1	2.575100E+1	1.050375E+0	1.327572E+0	0.000000E+0	-1.779200E-10	-1.559699E-10	3.155912E-13	-6.557651E-12	-5.309823E-12	-5.695737E-12	-4.688806E-12	-5.029100E-12	-5.495497E-12	-6.467940E-12	-4.944349E-12	-5.939887E-12	-7.334343E-12	-3.283814E-12	-2.533924E-12	-7.320329E-12	-5.510939E-12	-5.632942E-12	-5.764573E-12	-5.286957E-12	-7.180616E-12	-4.325795E-12	-2.586952E-12	-3.275656E-12	-4.676221E-12	-5.224760E-12	-4.602735E-12	-4.458660E-12	-2.209897E-12	-4.431895E-12	-5.620358E-12	-4.689441E-12	-5.394358E-12	-4.811565E-12
0:00:13	0	1.281238E-2	2.549500E+1	2.574000E+1	1.050566E+0	1.327902E+0	0.000000E+0	-2.207000E-10	-3.848161E-10	-1.324089E-12	-1.229510E-11	-1.264239E-11	-1.354349E-11	-1.153098E-11	-1.181759E-11	-1.155939E-11	-6.848348E-12	-1.198012E-11	-1.225987E-11	-1.277222E-11	-8.840577E-12	-8.361749E-12	-1.464066E-11	-1.729281E-11	-1.170849E-11	-1.368336E-11	-1.183281E-11	-1.209398E-11	-1.366619E-11	-1.381933E-11	-1.102327E-11	-1.301621E-11	-1.252631E-11	-1.317812E-11	-1.387965E-11	-1.256561E-11	-1.234614E-11	-1.262936E-11	-1.254586E-11	-1.329678E-11	-1.329527E-11
0:00:26	0	9.695992E-3	2.549500E+1	2.574700E+1	1.052352E+0	1.329586E+0	1.000000E+1	2.937600E-10	-3.408192E-10	3.155912E-13	-1.090852E-11	-1.043004E-11	-1.044235E-11	-1.020075E-11	-1.137700E-11	-1.086435E-11	-4.438763E-12	-1.198012E-11	-1.067963E-11	-1.213940E-11	-1.180837E-11	-7.980761E-12	-1.388352E-11	-1.368185E-11	-1.082228E-11	-1.254325E-11	-1.082530E-11	-1.240921E-11	-1.184819E-11	-8.455160E-12	-1.127586E-11	-1.099431E-11	-1.132992E-11	-1.198065E-11	-1.011205E-11	-9.723748E-12	-1.032010E-11	-1.225055E-11	-1.279993E-11	-1.066297E-11	-1.196595E-11
0:00:40	0	1.098838E-2	2.549200E+1	2.574100E+1	1.050452E+0	1.327522E+0	2.000000E+1	3.211100E-10	-3.224379E-10	1.198649E-12	-1.034114E-11	-1.030331E-11	-8.986696E-12	-1.064383E-11	-1.225719E-11	-1.054924E-11	-7.799369E-12	-1.052213E-11	-1.118542E-11	-1.150757E-11	-1.528160E-11	-8.170755E-12	-1.268405E-11	-8.234909E-12	-9.619362E-12	-1.254325E-11	-1.139165E-11	-8.188945E-12	-1.053194E-11	-4.921883E-12	-9.638027E-12	-1.156287E-11	-1.164492E-11	-1.216978E-11	-9.671832E-12	-8.903385E-12	-1.120668E-11	-1.035649E-11	-1.102539E-11	-1.197987E-11	-9.813035E-12
0:00:53	0	1.076038E-2	2.549000E+1	2.574200E+1	1.050654E+0	1.327509E+0	3.000000E+1	2.351200E-10	-3.004983E-10	1.702400E-12	-8.890853E-12	-9.292439E-12	-9.366345E-12	-6.209067E-12	-9.742641E-12	-9.727559E-12	-9.004662E-12	-9.381355E-12	-1.143782E-11	-1.226616E-11	-1.307145E-11	-7.664770E-12	-1.262129E-11	-4.306953E-12	-8.860044E-12	-1.083308E-11	-1.082530E-11	-1.077142E-11	-1.222426E-11	-7.067550E-12	-9.889618E-12	-9.540966E-12	-1.019713E-11	-1.040393E-11	-8.415634E-12	-8.460807E-12	-1.006722E-11	-1.079810E-11	-9.440901E-12	-1.110161E-11	-1.031978E-11
0:01:07	0	1.136818E-2	2.549200E+1	2.573900E+1	1.050413E+0	1.327509E+0	4.000000E+1	2.850800E-10	-2.898078E-10	2.901050E-12	-8.070649E-12	-8.723637E-12	-9.049638E-12	-8.933535E-12	-1.125197E-11	-9.600916E-12	-1.261954E-11	-9.824655E-12	-9.605178E-12	-9.484340E-12	-1.180837E-11	-6.904793E-12	-1.142183E-11	-6.840925E-12	-7.594180E-12	-8.742869E-12	-9.818777E-12	-9.133632E-12	-1.097036E-11	-1.091660E-11	-8.755967E-12	-1.067810E-11	-9.000737E-12	-9.836555E-12	-7.976411E-12	-8.587400E-12	-8.737850E-12	-9.472267E-12	-9.504921E-12	-9.345073E-12	-9.497194E-12
0:01:20	0	1.068418E-2	2.548500E+1	2.573600E+1	1.050110E+0	1.327496E+0	5.000000E+1	9.888000E-10	-2.874485E-10	1.891556E-12	-8.007939E-12	-8.090969E-12	-8.480164E-12	-8.172404E-12	-8.988474E-12	-8.969696E-12	-1.407811E-11	-7.225895E-12	-9.036529E-12	-8.030048E-12	-1.263082E-12	-6.777797E-12	-1.104326E-11	-1.393585E-11	-8.290555E-12	-8.805875E-12	-9.503805E-12	-1.077142E-11	-1.404226E-11	-1.079009E-11	-8.629674E-12	-9.730489E-12	-1.088972E-11	-9.647429E-12	-8.792394E-12	-8.460807E-12	-8.863790E-12	-9.597872E-12	-1.013812E-11	-1.072535E-11	-9.560163E-12
0:01:34	0	1.197658E-2	2.549200E+1	2.573700E+1	1.050566E+0	1.327711E+0	6.000000E+1	9.782000E-10	-2.748959E-10	2.901050E-12	-7.944234E-12	-7.838500E-12	-6.455036E-12	-8.996546E-12	-9.554099E-12	-7.706261E-12	-9.448138E-12	-7.796281E-12	-9.415628E-12	-7.650754E-12	-4.168071E-12	-3.863884E-12	-1.217996E-11	-1.564583E-11	-8.734157E-12	-1.045304E-11	-1.007016E-11	-9.637797E-12	-1.103370E-11	-1.154715E-11	-8.504375E-12	-8.593353E-12	-8.938136E-12	-9.521013E-12	-8.855849E-12	-7.387257E-12	-9.370549E-12	-8.904050E-12	-9.187823E-12	-9.784701E-12	-8.610643E-12
0:01:47	0	1.144439E-2	2.548700E+1	2.573700E+1	1.052580E+0	1.330093E+0	7.000000E+1	9.814000E-10	-2.530655E-10	4.035983E-12	-8.638023E-12	-7.395433E-12	-7.593983E-12	-8.489458E-12	-7.919741E-12	-9.032519E-12	-1.255547E-11	-7.225895E-12	-8.531729E-12	-7.586873E-12	-5.683370E-12	-5.510835E-12	-1.142183E-11	-9.311898E-12	-7.214521E-12	-8.171812E-12	-1.057391E-11	-8.566820E-12	-8.400218E-12	-6.814532E-12	-8.125497E-12	-9.414285E-12	-9.315733E-12	-8.448966E-12	-7.411270E-12	-5.366751E-12	-7.977211E-12	-8.461440E-12	-8.110492E-12	-9.220313E-12	-8.610643E-12
0:02:01	0	7.872000E-3	2.548800E+1	2.573400E+1	1.050718E+0	1.327699E+0	8.000000E+1	1.129900E-9	-2.335441E-10	2.901050E-12	-6.684066E-12	-6.194960E-12	-7.593983E-12	-7.476284E-12	-7.165574E-12	-9.221985E-12	-7.608164E-13	-7.352981E-12	-7.709682E-12	-9.863634E-12	-7.073059E-12	-5.700829E-12	-1.098049E-11	-8.614905E-12	-6.834862E-12	-1.000899E-11	-7.363586E-12	-8.188945E-12	-8.588253E-12	-6.499755E-12	-6.613962E-12	-7.645740E-12	-8.245542E-12	-8.890924E-12	-6.531833E-12	-5.556143E-12	-8.863790E-12	-9.597872E-12	-8.934746E-12	-8.279667E-12	-7.407252E-12
0:02:14	0	1.205219E-2	2.548400E+1	2.573300E+1	1.050705E+0	1.327496E+0	9.000000E+1	1.184200E-9	-2.276062E-10	4.098703E-12	-6.052987E-12	-7.080096E-12	-7.973632E-12	-5.701980E-12	-7.291599E-12	-1.162221E-11	-2.409585E-12	-7.225895E-12	-7.709682E-12	-8.725753E-12	-1.187217E-11	-4.496865E-12	-1.022336E-11	-4.687948E-12	-5.948658E-12	-9.122907E-12	-8.686070E-12	-8.882047E-12	-6.080459E-12	-5.048392E-12	-6.740255E-12	-8.909557E-12	-8.560538E-12	-9.269176E-12	-6.279998E-12	-5.241155E-12	-8.547940E-12	-7.641015E-12	-8.300551E-12	-8.028168E-12	-7.344284E-12
0:02:28	0	1.144439E-2	2.547800E+1	2.573000E+1	1.050388E+0	1.327306E+0	1.000000E+2	1.227800E-9	-2.120098E-10	3.846828E-12	-6.431236E-12	-6.257827E-12	-6.834685E-12	-6.652143E-12	-6.788491E-12	-6.506645E-12	-6.975485E-12	-5.831951E-12	-6.699083E-12	-6.322228E-12	-1.218819E-11	-4.243873E-12	-8.519795E-12	-3.103966E-12	-5.253283E-12	-7.791775E-12	-8.937452E-12	-8.504173E-12	-7.334356E-12	-3.029234E-12	-6.802904E-12	-6.508605E-12	-6.672549E-12	-8.259840E-12	-6.405916E-12	-5.303953E-12	-8.358030E-12	-8.019826E-12	-7.983453E-12	-7.902418E-12	-9.433227E-12
0:02:42	0	1.076038E-2	2.547400E+1	2.572800E+1	1.050401E+0	1.327509E+0	1.200000E+2	1.445400E-9	-1.737618E-10	4.540730E-12	-5.422903E-12	-4.678152E-12	-2.784427E-12	-5.638969E-12	-5.971808E-12	-5.558320E-12	-7.926505E-12	-4.373963E-12	-6.572384E-12	-5.753287E-12	-1.579102E-12	-3.863884E-12	-7.825420E-12	-7.157921E-12	-3.797590E-12	-7.221718E-12	-6.608448E-12	-9.070985E-12	-7.146321E-12	-5.237657E-12	-5.165076E-12	-5.939040E-12	-5.476161E-12	-5.926619E-12	-4.081900E-12	-4.546388E-12	-6.015143E-12	-7.008999E-12	-6.272928E-12	-6.209255E-12	-7.471220E-12
0:02:55	0	1.038058E-2	2.548600E+1	2.573100E+1	1.050299E+0	1.327509E+0	1.400000E+2	1.496200E-9	-1.338104E-10	7.630936E-12	-1.891247E-12	-4.867753E-12	-4.873497E-12	-4.561784E-12	-5.091616E-12	-5.116566E-12	-7.546097E-12	-3.549404E-12	-4.550189E-12	-4.552523E-12	-6.948446E-13	-2.279932E-12	-7.257566E-12	-8.170910E-12	-2.784500E-12	-6.208617E-12	-4.783201E-12	-5.102305E-12	-5.767727E-12	-3.533277E-12	-4.157717E-12	-2.653316E-12	-4.847162E-12	-5.548367E-12	-3.516759E-12	-3.662230E-12	-4.875684E-12	-4.988342E-12	-4.435363E-12	-5.330989E-12	-4.241854E-12
0:03:09	0	1.273678E-2	2.549000E+1	2.573600E+1	1.052554E+0	1.329523E+0	1.600000E+2	1.569700E-9	-6.982036E-11	9.585212E-12	-1.009329E-12	-1.959874E-12	-1.138948E-12	-1.837316E-12	-3.771825E-12	-3.726488E-12	1.458565E-12	-1.965331E-12	-3.854841E-12	-3.161114E-12	2.272949E-12	3.799886E-13	-6.184622E-12	-8.741904E-12	-1.898295E-13	-3.927390E-12	-3.901876E-12	-3.338226E-12	-3.447969E-12	-2.145666E-12	-2.267303E-12	-3.412404E-12	-2.958180E-12	-4.350899E-12	-1.821338E-12	5.053757E-13	-2.468827E-12	-2.842079E-12	-3.865188E-12	-3.011058E-12	-2.722622E-12
0:03:23	0	7.567793E-3	2.548900E+1	2.573400E+1	1.050452E+0	1.327635E+0	1.800000E+2	1.624300E-9	1.314856E-11	1.147776E-11	1.891247E-12	6.955359E-13	-1.645480E-12	1.204207E-12	-1.885416E-13	-5.683966E-13	5.579987E-12	1.330902E-12	-6.314996E-13	-2.402526E-12	7.576498E-13	3.230903E-12	-1.892845E-12	-2.976967E-12	2.088125E-12	-1.204120E-12	-2.014032E-12	1.262897E-13	-1.379583E-12	1.514119E-12	-1.322593E-12	2.523643E-13	8.813926E-13	-1.513010E-12	3.705140E-12	-1.893913E-13	5.067593E-13	-1.263035E-12	-1.140350E-12	-1.128775E-12	-6.326799E-13
0:03:37	0	1.418039E-2	2.548300E+1	2.573500E+1	1.050604E+0	1.327458E+0	2.000000E+2	1.722000E-9	1.085544E-10	1.494628E-11	4.476284E-12	4.551419E-12	1.645480E-12	2.724468E-12	1.822900E-12	3.161083E-13	8.053642E-12	3.866619E-12	4.107241E-12	2.275763E-12	-5.054321E-13	4.053878E-12	1.578035E-12	5.003945E-12	6.771919E-12	4.430440E-13	1.447678E-12	2.960351E-12	2.256420E-12	6.562511E-12	2.456245E-12	5.307630E-12	5.538762E-12	2.080389E-12	3.580214E-12	3.220649E-12	1.899098E-12	8.204247E-13	1.014312E-12	1.505034E-12	1.773103E-12
0:03:50	0	1.152058E-2	2.548600E+1	2.573600E+1	1.050350E+0	1.327332E+0	2.200000E+2	1.801600E-9	2.462017E-10	1.791005E-11	7.944234E-12	8.659771E-12	6.328153E-12	6.969197E-12	6.788491E-12	5.622140E-12	5.960396E-12	8.747926E-12	8.088781E-12	5.942934E-12	5.177938E-12	9.437717E-12	4.733109E-12	1.171887E-11	1.265763E-11	5.954592E-12	4.720604E-12	6.046992E-12	6.018111E-12	9.527993E-12	9.889618E-12	7.708582E-12	7.994141E-12	5.801198E-12	8.918311E-12	9.913139E-12	5.761263E-12	5.304350E-12	6.590025E-12	6.021126E-12	7.344284E-12
0:04:04	0	1.144439E-2	2.549300E+1	2.574000E+1	1.050477E+0	1.327509E+0	2.400000E+2	1.985300E-9	4.196907E-10	2.219791E-11	1.368268E-11	1.276912E-11	1.227766E-11	1.406542E-11	1.169157E-11	1.143275E-11	1.521933E-11	1.470596E-11	1.282852E-11	1.239292E-11	1.079850E-11	1.475856E-11	9.402459E-12	1.539283E-11	1.911284E-11	1.216321E-11	1.114027E-11	1.272444E-11	8.901974E-12	1.167366E-11	1.285004E-11	1.516480E-11	1.409930E-11	9.269176E-12	1.457071E-11	1.382856E-11	1.107974E-11	1.130352E-11	1.159556E-11	1.279477E-11	1.380202E-11
0:04:18	0	1.091219E-2	2.549200E+1	2.573800E+1	1.050388E+0	1.327635E+0	2.600000E+2	2.222300E-9	6.431528E-10	2.945053E-11	2.112324E-11	2.338877E-11	1.892252E-11	1.881623E-11	1.835502E-11	1.686542E-11	1.775605E-11	2.250224E-11	1.984285E-11	1.890480E-11	2.494362E-11	2.153635E-11	1.697583E-11	1.450584E-11	2.677096E-11	1.944893E-11	1.523093E-11	1.965347E-11	1.861844E-11	1.709959E-11	1.946500E-11	2.451624E-11	2.152704E-11	1.601601E-11	2.235874E-11	2.077323E-11	1.804443E-11	1.888073E-11	1.907286E-11	2.013379E-11	2.165304E-11
0:04:32	0	9.239987E-3	2.549600E+1	2.574400E+1	1.050477E+0	1.327838E+0	2.800000E+2	2.546500E-9	9.802456E-10	4.212595E-11	3.165251E-11	3.255447E-11	2.740268E-11	2.844689E-11	2.759456E-11	2.627687E-11	3.202336E-11	3.416614E-11	2.982813E-11	2.940026E-11	3.732123E-11	3.078508E-11	2.877623E-11	2.248675E-11	3.544117E-11	2.888787E-11	2.813385E-11	3.048754E-11	3.059231E-11	2.864773E-11	3.023667E-11	3.595244E-11	3.273077E-11	2.648265E-11	3.052353E-11	3.030859E-11	2.716210E-11	3.068967E-11	2.965411E-11	2.991750E-11	3.355602E-11
0:04:45	0	1.068418E-2	2.550200E+1	2.574800E+1	1.050667E+0	1.327711E+0	3.000000E+2	2.991900E-9	1.456004E-9	5.272065E-11	4.628081E-11	4.652407E-11	4.221200E-11	4.390554E-11	4.148710E-11	3.979474E-11	4.882839E-11	4.697082E-11	4.252995E-11	4.191995E-11	4.685665E-11	4.674760E-11	4.139752E-11	4.149054E-11	5.240294E-11	4.193817E-11	4.223207E-11	4.560551E-11	4.682963E-11	4.770372E-11	4.655131E-11	5.219153E-11	4.991444E-11	4.060640E-11	4.622452E-11	4.539909E-11	4.273770E-11	4.401284E-11	4.574906E-11	4.672734E-11	4.951095E-11
0:04:59	0	1.174860E-2	2.549700E+1	2.574900E+1	1.050528E+0	1.327547E+0	3.200000E+2	3.712400E-9	2.162730E-9	7.227039E-11	6.790772E-11	6.795296E-11	6.183087E-11	6.677647E-11	6.241820E-11	5.912421E-11	6.962771E-11	6.985332E-11	6.313200E-11	6.335403E-11	6.561147E-11	6.707999E-11	6.386360E-11	6.733526E-11	7.493271E-11	6.271723E-11	6.419863E-11	6.727365E-11	6.908407E-11	7.130306E-11	6.840990E-11	7.797159E-11	7.414827E-11	6.406203E-11	6.789220E-11	6.566794E-11	6.407456E-11	6.807232E-11	6.919426E-11	7.024746E-11	7.534188E-11
0:05:13	0	1.182419E-2	2.548800E+1	2.574100E+1	1.050502E+0	1.327395E+0	3.400000E+2	4.737700E-9	3.217761E-9	1.024775E-10	1.001286E-10	9.987476E-11	9.448669E-11	9.927806E-11	9.378557E-11	8.836971E-11	9.467559E-11	1.007863E-10	9.371733E-11	9.736970E-11	9.617566E-11	9.843505E-11	9.548009E-11	1.005269E-10	1.092349E-10	9.173212E-11	9.837457E-11	1.005326E-10	1.060082E-10	1.043666E-10	1.024881E-10	1.175250E-10	1.128590E-10	9.281519E-11	1.026225E-10	9.875361E-11	9.693496E-11	1.034343E-10	1.055654E-10	1.062495E-10	1.126970E-10
0:05:27	0	7.492200E-3	2.549000E+1	2.574000E+1	1.050287E+0	1.327344E+0	3.600000E+2	6.440100E-9	4.955853E-9	1.503429E-10	1.520204E-10	1.533522E-10	1.444825E-10	1.528143E-10	1.457060E-10	1.396610E-10	1.384936E-10	1.526374E-10	1.429464E-10	1.511765E-10	1.523155E-10	1.518334E-10	1.479209E-10	1.503793E-10	1.672068E-10	1.440603E-10	1.503628E-10	1.565317E-10	1.618022E-10	1.612198E-10	1.606295E-10	1.771727E-10	1.745445E-10	1.448339E-10	1.587707E-10	1.514144E-10	1.530323E-10	1.597605E-10	1.648737E-10	1.655834E-10	1.779719E-10
0:05:40	0	1.174860E-2	2.548700E+1	2.573700E+1	1.050768E+0	1.327711E+0	3.620000E+2	6.261100E-9	5.189991E-9	1.574691E-10	1.580744E-10	1.584086E-10	1.512542E-10	1.600365E-10	1.492892E-10	1.467989E-10	1.570735E-10	1.600544E-10	1.482547E-10	1.562341E-10	1.608401E-10	1.596242E-10	1.565034E-10	1.587403E-10	1.732824E-10	1.486218E-10	1.562161E-10	1.634607E-10	1.680717E-10	1.674038E-10	1.671181E-10	1.860823E-10	1.841127E-10	1.508869E-10	1.638580E-10	1.589282E-10	1.603768E-10	1.710012E-10	1.733013E-10	1.736126E-10	1.850004E-10
0:05:54	0	1.174860E-2	2.548100E+1	2.573300E+1	1.050528E+0	1.327458E+0	3.640000E+2	6.478700E-9	5.416785E-9	1.633976E-10	1.636228E-10	1.656782E-10	1.581529E-10	1.669427E-10	1.570204E-10	1.526105E-10	1.578344E-10	1.669631E-10	1.554586E-10	1.644538E-10	1.628608E-10	1.653880E-10	1.631294E-10	1.665322E-10	1.813202E-10	1.563505E-10	1.630134E-10	1.708303E-10	1.771617E-10	1.767425E-10	1.765036E-10	1.942327E-10	1.936172E-10	1.596514E-10	1.720228E-10	1.649269E-10	1.670876E-10	1.756108E-10	1.810957E-10	1.825814E-10	1.939908E-10
0:06:07	0	1.152058E-2	2.548000E+1	2.573200E+1	1.050540E+0	1.327255E+0	3.660000E+2	6.727100E-9	5.684364E-9	1.719106E-10	1.731437E-10	1.738321E-10	1.650505E-10	1.753691E-10	1.648152E-10	1.600016E-10	1.630349E-10	1.747604E-10	1.619682E-10	1.734321E-10	1.713864E-10	1.750167E-10	1.708293E-10	1.740701E-10	1.884718E-10	1.637623E-10	1.722032E-10	1.791455E-10	1.843080E-10	1.851349E-10	1.839370E-10	2.044061E-10	2.030581E-10	1.673439E-10	1.801241E-10	1.728824E-10	1.756985E-10	1.864717E-10	1.925012E-10	1.924909E-10	2.038039E-10
0:06:21	0	1.015198E-2	2.548300E+1	2.573200E+1	1.050072E+0	1.327255E+0	3.680000E+2	6.936700E-9	5.951220E-9	1.780910E-10	1.790703E-10	1.817335E-10	1.739742E-10	1.825284E-10	1.727359E-10	1.666339E-10	1.691225E-10	1.826207E-10	1.714476E-10	1.820311E-10	1.838268E-10	1.839475E-10	1.787802E-10	1.807210E-10	2.001163E-10	1.735823E-10	1.798182E-10	1.875234E-10	1.942125E-10	1.901823E-10	1.928819E-10	2.148947E-10	2.141367E-10	1.759193E-10	1.886032E-10	1.811538E-10	1.833599E-10	1.934179E-10	1.975067E-10	2.029033E-10	2.137438E-10
0:06:34	0	1.250879E-2	2.548700E+1	2.573500E+1	1.050173E+0	1.327408E+0	3.700000E+2	7.283600E-9	6.253312E-9	1.885593E-10	1.901052E-10	1.904571E-10	1.819479E-10	1.929181E-10	1.807181E-10	1.769927E-10	1.784435E-10	1.911775E-10	1.790306E-10	1.915783E-10	1.982241E-10	1.918662E-10	1.874255E-10	1.802770E-10	2.071420E-10	1.822611E-10	1.900145E-10	1.966570E-10	2.042437E-10	1.986385E-10	2.025825E-10	2.239938E-10	2.240824E-10	1.852511E-10	1.987143E-10	1.917617E-10	1.939329E-10	2.040266E-10	2.115100E-10	2.125623E-10	2.262165E-10
0:06:48	0	1.098838E-2	2.548800E+1	2.573800E+1	1.050261E+0	1.327585E+0	3.720000E+2	7.579800E-9	6.568895E-9	1.958119E-10	1.998780E-10	1.985481E-10	1.909985E-10	2.002674E-10	1.895816E-10	1.854568E-10	1.963897E-10	2.005589E-10	1.873718E-10	2.000505E-10	2.055494E-10	2.030139E-10	1.982167E-10	1.873719E-10	2.180902E-10	1.897999E-10	2.002108E-10	2.074284E-10	2.156524E-10	2.098699E-10	2.131653E-10	2.361880E-10	2.356011E-10	1.947722E-10	2.073183E-10	1.985818E-10	2.040001E-10	2.136254E-10	2.253232E-10	2.233500E-10	2.368532E-10
0:07:01	0	1.235638E-2	2.549600E+1	2.574500E+1	1.050426E+0	1.327699E+0	3.740000E+2	7.932500E-9	6.907068E-9	2.063429E-10	2.096517E-10	2.104320E-10	2.011242E-10	2.114813E-10	2.005190E-10	1.952482E-10	2.041260E-10	2.119055E-10	1.967884E-10	2.088391E-10	2.137589E-10	2.135926E-10	2.092610E-10	1.976338E-10	2.310645E-10	1.985427E-10	2.102810E-10	2.170652E-10	2.248058E-10	2.219848E-10	2.247554E-10	2.489519E-10	2.476862E-10	2.048605E-10	2.189374E-10	2.108304E-10	2.136875E-10	2.263176E-10	2.341309E-10	2.330090E-10	2.494528E-10
0:07:15	0	3.539980E-3	2.549400E+1	2.574600E+1	1.050743E+0	1.327889E+0	3.760000E+2	8.287300E-9	7.272949E-9	2.136582E-10	2.212530E-10	2.196606E-10	2.113767E-10	2.230123E-10	2.097595E-10	2.043445E-10	2.137644E-10	2.214770E-10	2.062041E-10	2.190192E-10	2.221579E-10	2.245513E-10	2.203670E-10	2.180306E-10	2.417599E-10	2.095658E-10	2.206035E-10	2.291602E-10	2.392241E-10	2.362454E-10	2.370396E-10	2.595033E-10	2.607153E-10	2.133732E-10	2.303681E-10	2.217543E-10	2.271731E-10	2.369891E-10	2.483883E-10	2.488148E-10	2.636346E-10
0:07:28	0	1.038058E-2	2.550100E+1	2.574900E+1	1.050464E+0	1.327585E+0	3.780000E+2	8.674800E-9	7.664231E-9	2.258299E-10	2.290719E-10	2.300907E-10	2.215653E-10	2.350494E-10	2.201313E-10	2.167246E-10	2.246080E-10	2.328237E-10	2.184639E-10	2.319801E-10	2.324509E-10	2.353189E-10	2.297067E-10	2.320934E-10	2.565067E-10	2.210960E-10	2.333803E-10	2.403721E-10	2.521382E-10	2.508218E-10	2.495117E-10	2.751100E-10	2.757596E-10	2.249119E-10	2.428666E-10	2.340039E-10	2.397101E-10	2.518923E-10	2.610612E-10	2.608570E-10	2.783232E-10
0:07:42	0	9.239987E-3	2.550500E+1	2.575500E+1	1.050236E+0	1.327382E+0	3.800000E+2	9.106000E-9	8.079837E-9	2.372439E-10	2.438266E-10	2.444405E-10	2.343495E-10	2.470244E-10	2.327030E-10	2.271472E-10	2.294912E-10	2.451210E-10	2.290179E-10	2.458902E-10	2.452074E-10	2.490015E-10	2.430851E-10	2.455223E-10	2.696069E-10	2.318650E-10	2.454019E-10	2.551122E-10	2.641744E-10	2.623690E-10	2.626144E-10	2.919177E-10	2.896075E-10	2.387211E-10	2.566828E-10	2.465057E-10	2.533856E-10	2.649005E-10	2.772192E-10	2.772273E-10	2.934545E-10
0:07:55	0	1.045619E-2	2.550200E+1	2.575400E+1	1.050072E+0	1.327395E+0	3.820000E+2	9.515300E-9	8.518039E-9	2.489736E-10	2.547341E-10	2.552497E-10	2.449816E-10	2.606458E-10	2.458404E-10	2.408545E-10	2.393198E-10	2.593197E-10	2.412777E-10	2.582192E-10	2.612476E-10	2.615432E-10	2.571579E-10	2.556572E-10	2.843527E-10	2.477026E-10	2.601290E-10	2.687804E-10	2.797219E-10	2.756195E-10	2.776691E-10	3.067034E-10	3.068538E-10	2.526557E-10	2.702491E-10	2.599555E-10	2.678218E-10	2.806241E-10	2.922998E-10	2.924687E-10	3.094094E-10
0:08:09	0	1.129259E-2	2.550300E+1	2.575300E+1	1.050287E+0	1.327547E+0	3.840000E+2	9.846000E-9	9.017007E-9	2.621547E-10	2.690469E-10	2.714945E-10	2.597270E-10	2.768016E-10	2.601091E-10	2.555720E-10	2.562520E-10	2.721233E-10	2.546110E-10	2.732043E-10	2.777923E-10	2.787086E-10	2.726195E-10	2.638281E-10	2.995420E-10	2.641743E-10	2.741021E-10	2.848430E-10	2.965223E-10	2.886180E-10	2.950547E-10	3.255958E-10	3.258629E-10	2.670950E-10	2.855109E-10	2.754248E-10	2.823839E-10	2.976098E-10	3.119429E-10	3.107202E-10	3.279601E-10
0:08:22	0	1.152058E-2	2.550100E+1	2.575200E+1	1.050299E+0	1.327648E+0	3.860000E+2	1.040400E-8	9.541898E-9	2.765326E-10	2.833606E-10	2.886883E-10	2.737131E-10	2.913100E-10	2.739381E-10	2.694688E-10	2.750852E-10	2.884144E-10	2.680721E-10	2.893902E-10	2.967365E-10	2.929612E-10	2.878280E-10	2.760540E-10	3.159972E-10	2.760214E-10	2.898367E-10	3.014725E-10	3.143263E-10	3.074847E-10	3.118109E-10	3.452463E-10	3.458795E-10	2.837411E-10	3.030332E-10	2.905163E-10	3.006822E-10	3.149753E-10	3.281638E-10	3.315441E-10	3.496131E-10
0:08:36	0	1.053239E-2	2.550300E+1	2.575300E+1	1.051161E+0	1.328332E+0	3.880000E+2	1.084500E-8	1.012379E-8	2.937487E-10	3.012040E-10	3.031638E-10	2.885863E-10	3.084790E-10	2.911609E-10	2.859553E-10	2.949965E-10	3.049586E-10	2.843125E-10	3.066520E-10	3.079777E-10	3.111407E-10	3.068232E-10	2.950568E-10	3.338442E-10	2.940122E-10	3.092219E-10	3.203076E-10	3.353278E-10	3.290022E-10	3.317164E-10	3.654026E-10	3.652036E-10	2.998825E-10	3.194877E-10	3.085742E-10	3.198661E-10	3.353723E-10	3.507218E-10	3.497956E-10	3.718359E-10
0:08:49	0	1.068418E-2	2.550300E+1	2.575200E+1	1.050502E+0	1.327610E+0	3.900000E+2	1.168500E-8	1.074420E-8	3.087577E-10	3.187329E-10	3.213057E-10	3.085209E-10	3.277393E-10	3.076930E-10	3.019362E-10	3.126254E-10	3.211225E-10	3.023237E-10	3.256826E-10	3.249650E-10	3.287501E-10	3.246817E-10	3.185575E-10	3.568815E-10	3.089637E-10	3.247052E-10	3.390780E-10	3.539463E-10	3.512766E-10	3.521261E-10	3.878340E-10	3.915142E-10	3.195557E-10	3.397108E-10	3.281483E-10	3.398106E-10	3.554522E-10	3.734057E-10	3.722503E-10	3.961485E-10
0:09:03	0	1.235638E-2	2.550200E+1	2.575200E+1	1.050490E+0	1.327635E+0	3.920000E+2	1.228000E-8	1.143067E-8	3.271098E-10	3.382794E-10	3.398267E-10	3.252285E-10	3.476327E-10	3.275564E-10	3.212029E-10	3.295566E-10	3.410901E-10	3.200815E-10	3.455366E-10	3.446040E-10	3.512365E-10	3.461386E-10	3.430722E-10	3.773861E-10	3.321500E-10	3.498185E-10	3.613140E-10	3.783958E-10	3.741817E-10	3.744879E-10	4.132341E-10	4.163144E-10	3.385350E-10	3.620071E-10	3.489226E-10	3.612744E-10	3.786903E-10	3.966609E-10	3.960843E-10	4.230559E-10
0:09:16	0	1.136818E-2	2.549800E+1	2.575200E+1	1.050299E+0	1.327496E+0	3.940000E+2	1.303400E-8	1.215842E-8	3.470378E-10	3.588353E-10	3.603704E-10	3.482013E-10	3.683503E-10	3.467916E-10	3.429316E-10	3.476931E-10	3.623244E-10	3.407454E-10	3.684240E-10	3.651274E-10	3.716968E-10	3.679731E-10	3.632150E-10	4.011198E-10	3.520420E-10	3.693925E-10	3.847462E-10	4.022802E-10	3.970240E-10	4.006931E-10	4.396455E-10	4.423736E-10	3.606667E-10	3.856210E-10	3.728527E-10	3.854599E-10	4.036968E-10	4.253017E-10	4.244344E-10	4.513566E-10
0:09:30	0	7.795781E-3	2.549800E+1	2.575300E+1	1.050350E+0	1.327471E+0	3.960000E+2	1.369900E-8	1.298739E-8	3.682272E-10	3.814078E-10	3.847072E-10	3.723769E-10	3.910312E-10	3.698601E-10	3.658609E-10	3.664001E-10	3.852710E-10	3.628010E-10	3.927667E-10	3.900710E-10	3.991240E-10	3.939728E-10	3.838018E-10	4.292196E-10	3.776365E-10	3.965198E-10	4.114550E-10	4.298639E-10	4.238408E-10	4.283463E-10	4.709227E-10	4.747268E-10	3.845633E-10	4.115600E-10	3.975413E-10	4.135086E-10	4.333118E-10	4.566663E-10	4.543519E-10	4.856722E-10
0:09:43	0	8.176178E-3	2.549900E+1	2.575300E+1	1.050173E+0	1.327661E+0	3.980000E+2	1.481000E-8	1.388784E-8	3.932635E-10	4.065027E-10	4.088544E-10	3.947802E-10	4.186549E-10	3.955068E-10	3.901175E-10	3.925262E-10	4.115138E-10	3.866254E-10	4.200808E-10	4.236668E-10	4.252842E-10	4.218026E-10	4.050225E-10	4.576360E-10	4.034201E-10	4.264153E-10	4.409342E-10	4.593280E-10	4.486395E-10	4.598419E-10	5.043485E-10	5.091577E-10	4.145767E-10	4.396336E-10	4.258294E-10	4.420000E-10	4.662116E-10	4.880950E-10	4.885350E-10	5.190384E-10
0:09:57	0	1.190038E-2	2.549700E+1	2.575000E+1	1.051440E+0	1.328687E+0	4.000000E+2	1.575900E-8	1.490700E-8	4.193082E-10	4.342463E-10	4.364772E-10	4.247785E-10	4.494452E-10	4.227242E-10	4.200580E-10	4.220128E-10	4.402913E-10	4.134197E-10	4.493553E-10	4.533467E-10	4.573363E-10	4.532298E-10	4.325772E-10	4.913048E-10	4.328150E-10	4.556193E-10	4.688392E-10	4.939324E-10	4.850481E-10	4.932916E-10	5.433333E-10	5.475535E-10	4.470496E-10	4.716642E-10	4.568317E-10	4.746076E-10	5.020162E-10	5.269379E-10	5.274223E-10	5.601286E-10
0:10:10	0	1.159617E-2	2.549700E+1	2.574900E+1	1.050591E+0	1.327762E+0	4.020000E+2	1.680200E-8	1.599606E-8	4.451638E-10	4.645749E-10	4.679570E-10	4.535100E-10	4.778291E-10	4.515761E-10	4.484200E-10	4.560654E-10	4.709710E-10	4.426792E-10	4.809056E-10	4.820158E-10	4.893243E-10	4.875590E-10	4.676699E-10	5.249106E-10	4.624630E-10	4.889149E-10	5.082078E-10	5.333643E-10	5.228443E-10	5.315901E-10	5.813715E-10	5.885934E-10	4.783869E-10	5.087820E-10	4.907388E-10	5.126595E-10	5.393988E-10	5.692649E-10	5.666859E-10	6.016616E-10
0:10:24	0	1.098838E-2	2.549200E+1	2.574600E+1	1.050667E+0	1.327597E+0	4.040000E+2	1.805800E-8	1.729062E-8	4.801008E-10	4.998218E-10	5.041777E-10	4.883178E-10	5.175529E-10	4.884121E-10	4.837932E-10	4.925916E-10	5.060878E-10	4.751610E-10	5.177669E-10	5.159904E-10	5.295471E-10	5.259280E-10	5.097304E-10	5.666811E-10	5.000937E-10	5.275600E-10	5.471995E-10	5.756168E-10	5.675825E-10	5.736058E-10	6.320469E-10	6.407108E-10	5.176067E-10	5.504209E-10	5.304551E-10	5.552073E-10	5.848641E-10	6.179919E-10	6.137895E-10	6.542110E-10
0:10:37	0	1.159617E-2	2.548600E+1	2.574000E+1	1.050604E+0	1.327433E+0	4.060000E+2	1.963900E-8	1.873260E-8	5.169304E-10	5.379056E-10	5.419781E-10	5.264156E-10	5.590510E-10	5.270066E-10	5.217561E-10	5.286733E-10	5.479872E-10	5.125093E-10	5.605712E-10	5.563422E-10	5.718598E-10	5.706709E-10	5.562879E-10	6.138308E-10	5.408288E-10	5.712398E-10	5.962686E-10	6.265842E-10	6.167376E-10	6.282836E-10	6.870184E-10	6.937106E-10	5.612401E-10	5.923117E-10	5.762330E-10	6.038961E-10	6.364552E-10	6.704580E-10	6.697995E-10	7.117628E-10
0:10:51	0	1.015198E-2	2.548200E+1	2.573500E+1	1.050401E+0	1.327293E+0	4.080000E+2	2.103100E-8	2.030939E-8	5.562818E-10	5.787635E-10	5.854047E-10	5.676785E-10	6.033367E-10	5.717624E-10	5.655945E-10	5.659603E-10	5.901408E-10	5.533961E-10	6.081816E-10	6.010515E-10	6.193044E-10	6.206509E-10	6.013894E-10	6.647770E-10	5.877724E-10	6.164298E-10	6.488031E-10	6.820021E-10	6.715706E-10	6.808184E-10	7.433794E-10	7.561514E-10	6.086560E-10	6.445029E-10	6.256103E-10	6.562573E-10	6.944232E-10	7.328722E-10	7.313910E-10	7.750758E-10
0:11:04	0	1.129259E-2	2.548200E+1	2.573600E+1	1.050477E+0	1.327433E+0	4.100000E+2	2.295200E-8	2.217730E-8	6.025701E-10	6.295216E-10	6.348995E-10	6.183716E-10	6.571889E-10	6.204151E-10	6.165697E-10	6.137736E-10	6.418018E-10	6.035091E-10	6.631891E-10	6.586439E-10	6.753627E-10	6.797177E-10	6.526978E-10	7.264836E-10	6.379464E-10	6.758452E-10	7.054317E-10	7.441269E-10	7.307587E-10	7.447554E-10	8.154110E-10	8.295444E-10	6.636390E-10	7.049838E-10	6.860371E-10	7.205218E-10	7.630637E-10	8.059947E-10	8.021405E-10	8.523807E-10
0:11:18	0	1.129259E-2	2.548400E+1	2.573600E+1	1.052428E+0	1.329282E+0	4.106839E+2	2.379500E-8	2.287987E-8	6.184622E-10	6.449064E-10	6.529146E-10	6.346995E-10	6.758791E-10	6.369462E-10	6.358991E-10	6.357772E-10	6.617052E-10	6.206354E-10	6.849396E-10	6.809357E-10	6.967721E-10	6.994072E-10	6.672037E-10	7.474318E-10	6.622098E-10	6.965519E-10	7.310058E-10	7.686387E-10	7.553672E-10	7.693854E-10	8.408120E-10	8.556036E-10	6.865900E-10	7.297291E-10	7.067475E-10	7.450881E-10	7.887013E-10	8.336212E-10	8.289232E-10	8.863795E-10
0:11:31	0	1.296480E-2	2.548700E+1	2.573800E+1	1.050452E+0	1.327585E+0	4.113678E+2	2.429400E-8	2.364965E-8	6.388950E-10	6.682364E-10	6.736480E-10	6.566592E-10	6.962796E-10	6.588845E-10	6.571233E-10	6.620944E-10	6.813556E-10	6.395305E-10	7.068159E-10	7.042375E-10	7.222993E-10	7.223784E-10	6.880444E-10	7.713543E-10	6.813417E-10	7.182661E-10	7.547533E-10	7.922727E-10	7.805444E-10	7.988027E-10	8.719625E-10	8.856902E-10	7.112441E-10	7.546627E-10	7.308680E-10	7.691477E-10	8.169915E-10	8.642256E-10	8.599071E-10	9.111350E-10
0:11:45	0	9.164393E-3	2.548700E+1	2.573900E+1	1.050616E+0	1.327572E+0	4.120517E+2	2.515900E-8	2.444366E-8	6.597061E-10	6.888550E-10	6.958981E-10	6.762781E-10	7.183904E-10	6.795646E-10	6.751255E-10	6.849860E-10	6.999912E-10	6.605745E-10	7.273018E-10	7.214770E-10	7.435197E-10	7.473052E-10	7.134452E-10	7.938851E-10	7.036409E-10	7.451420E-10	7.808943E-10	8.196061E-10	8.091283E-10	8.257637E-10	9.006493E-10	9.172892E-10	7.336276E-10	7.811658E-10	7.565664E-10	7.994752E-10	8.480589E-10	8.959083E-10	8.924594E-10	9.479823E-10
0:11:58	0	1.220459E-2	2.549100E+1	2.574100E+1	1.050578E+0	1.327686E+0	4.127357E+2	2.565100E-8	2.510867E-8	6.738947E-10	7.039242E-10	7.117647E-10	6.918467E-10	7.377137E-10	6.977936E-10	6.928116E-10	7.039463E-10	7.202759E-10	6.798487E-10	7.457644E-10	7.354327E-10	7.641691E-10	7.662366E-10	7.364389E-10	8.181873E-10	7.219498E-10	7.641496E-10	8.026887E-10	8.451205E-10	8.361982E-10	8.526611E-10	9.237750E-10	9.421520E-10	7.556340E-10	8.003845E-10	7.758245E-10	8.199265E-10	8.708554E-10	9.244221E-10	9.180499E-10	9.748277E-10
0:12:12	0	1.167239E-2	2.549400E+1	2.574400E+1	1.050616E+0	1.327484E+0	4.134196E+2	2.687000E-8	2.598775E-8	6.940119E-10	7.247319E-10	7.367332E-10	7.158955E-10	7.621699E-10	7.228746E-10	7.174471E-10	7.257607E-10	7.428412E-10	7.005136E-10	7.726354E-10	7.623970E-10	7.880494E-10	7.937516E-10	7.650076E-10	8.455277E-10	7.488104E-10	7.910246E-10	8.286417E-10	8.757128E-10	8.620060E-10	8.799364E-10	9.592217E-10	9.781560E-10	7.819902E-10	8.275787E-10	8.086590E-10	8.524071E-10	8.996500E-10	9.587026E-10	9.534242E-10	1.011485E-9
0:12:25	0	1.076038E-2	2.549300E+1	2.574400E+1	1.050198E+0	1.327230E+0	4.141035E+2	2.756400E-8	2.692502E-8	7.176604E-10	7.536103E-10	7.608175E-10	7.399443E-10	7.862451E-10	7.422348E-10	7.375972E-10	7.450384E-10	7.699085E-10	7.241484E-10	8.008977E-10	7.849421E-10	8.158575E-10	8.251151E-10	7.926883E-10	8.764130E-10	7.751010E-10	8.181519E-10	8.593172E-10	9.095650E-10	8.946283E-10	9.123150E-10	9.967542E-10	1.015356E-9	8.114362E-10	8.584155E-10	8.371982E-10	8.835573E-10	9.393065E-10	9.964042E-10	9.910569E-10	1.053335E-9
0:12:39	0	6.427780E-3	2.549900E+1	2.574900E+1	1.053923E+0	1.330701E+0	4.147874E+2	2.875400E-8	2.788262E-8	7.404267E-10	7.749217E-10	7.835097E-10	7.631069E-10	8.145649E-10	7.707731E-10	7.689279E-10	7.671692E-10	7.912060E-10	7.478461E-10	8.285283E-10	8.204948E-10	8.454386E-10	8.506735E-10	8.116921E-10	9.055248E-10	8.013917E-10	8.498101E-10	8.896794E-10	9.390301E-10	9.239703E-10	9.516219E-10	1.037383E-9	1.053941E-9	8.396837E-10	8.920790E-10	8.660545E-10	9.212304E-10	9.740365E-10	1.033726E-9	1.030258E-9	1.093918E-9
0:12:52	0	1.068418E-2	2.550200E+1	2.575300E+1	1.050325E+0	1.327484E+0	4.154713E+2	2.971600E-8	2.893054E-8	7.651474E-10	7.986927E-10	8.103752E-10	7.881048E-10	8.418076E-10	7.967333E-10	7.919838E-10	7.961493E-10	8.175128E-10	7.741347E-10	8.555260E-10	8.505536E-10	8.757167E-10	8.851292E-10	8.408308E-10	9.408401E-10	8.308506E-10	8.812168E-10	9.250803E-10	9.770201E-10	9.646065E-10	9.837480E-10	1.077442E-9	1.098380E-9	8.727240E-10	9.263077E-10	9.012873E-10	9.558000E-10	1.014451E-9	1.080742E-9	1.073598E-9	1.138048E-9
0:13:06	0	1.182419E-2	2.550200E+1	2.575800E+1	1.050274E+0	1.327661E+0	4.161552E+2	3.091600E-8	3.007846E-8	7.933365E-10	8.300306E-10	8.419178E-10	8.204449E-10	8.715217E-10	8.266538E-10	8.269143E-10	8.314061E-10	8.500939E-10	8.014348E-10	8.887841E-10	8.828853E-10	9.108717E-10	9.187651E-10	8.699054E-10	9.741292E-10	8.627798E-10	9.133162E-10	9.633153E-10	1.015010E-9	1.004611E-9	1.027590E-9	1.118260E-9	1.144015E-9	9.045659E-10	9.622952E-10	9.360784E-10	9.946116E-10	1.057959E-9	1.124780E-9	1.119259E-9	1.190914E-9
0:13:19	0	1.106459E-2	2.550400E+1	2.575600E+1	1.050578E+0	1.327623E+0	4.168392E+2	3.204300E-8	3.115147E-8	8.181836E-10	8.570167E-10	8.676446E-10	8.456956E-10	9.019960E-10	8.530546E-10	8.540128E-10	8.660303E-10	8.762095E-10	8.289883E-10	9.174258E-10	9.093452E-10	9.426067E-10	9.524009E-10	9.049980E-10	1.010140E-9	8.940749E-10	9.498211E-10	9.961337E-10	1.054003E-9	1.040137E-9	1.063118E-9	1.160784E-9	1.183607E-9	9.382363E-10	9.952677E-10	9.699227E-10	1.034880E-9	1.098562E-9	1.169642E-9	1.160844E-9	1.236689E-9
0:13:33	0	1.212840E-2	2.550600E+1	2.575700E+1	1.050604E+0	1.327597E+0	4.175231E+2	3.316500E-8	3.242533E-8	8.487691E-10	8.879127E-10	8.971645E-10	8.775292E-10	9.366509E-10	8.876272E-10	8.846494E-10	8.949463E-10	9.103116E-10	8.585631E-10	9.535285E-10	9.405404E-10	9.799786E-10	9.892546E-10	9.430676E-10	1.052607E-9	9.272712E-10	9.837457E-10	1.035818E-9	1.096318E-9	1.089859E-9	1.109165E-9	1.212659E-9	1.239564E-9	9.760059E-10	1.039231E-9	1.013933E-9	1.077364E-9	1.149206E-9	1.226607E-9	1.214595E-9	1.290885E-9
0:13:46	0	1.076038E-2	2.550400E+1	2.575700E+1	1.050211E+0	1.327357E+0	4.182070E+2	3.449900E-8	3.378861E-8	8.767064E-10	9.198808E-10	9.345228E-10	9.092988E-10	9.707368E-10	9.229530E-10	9.226751E-10	9.283651E-10	9.453023E-10	8.924356E-10	9.915278E-10	9.766614E-10	1.019758E-9	1.031788E-9	9.877251E-10	1.095705E-9	9.687653E-10	1.029377E-9	1.081297E-9	1.144088E-9	1.136111E-9	1.156472E-9	1.264978E-9	1.293319E-9	1.018000E-9	1.084828E-9	1.059332E-9	1.126243E-9	1.198965E-9	1.282367E-9	1.268598E-9	1.349829E-9
0:14:00	0	1.235638E-2	2.549800E+1	2.575300E+1	1.051098E+0	1.328560E+0	4.188909E+2	3.600400E-8	3.524666E-8	9.118963E-10	9.576500E-10	9.694792E-10	9.450558E-10	1.011601E-9	9.557026E-10	9.585539E-10	9.607058E-10	9.782637E-10	9.309211E-10	1.029274E-9	1.015310E-9	1.060931E-9	1.073880E-9	1.030926E-9	1.141019E-9	1.008423E-9	1.074127E-9	1.129296E-9	1.195869E-9	1.186276E-9	1.213921E-9	1.322350E-9	1.358718E-9	1.061380E-9	1.127975E-9	1.105931E-9	1.181517E-9	1.258071E-9	1.341296E-9	1.332322E-9	1.418017E-9
0:14:13	0	8.176178E-3	2.550300E+1	2.575400E+1	1.050122E+0	1.327319E+0	4.195748E+2	3.765300E-8	3.680536E-8	9.452564E-10	9.945990E-10	1.006332E-9	9.806858E-10	1.051389E-9	9.993262E-10	9.970224E-10	9.967235E-10	1.020290E-9	9.678903E-10	1.079477E-9	1.066712E-9	1.107362E-9	1.118812E-9	1.068299E-9	1.189182E-9	1.052833E-9	1.119633E-9	1.179687E-9	1.249845E-9	1.238964E-9	1.272567E-9	1.385220E-9	1.416690E-9	1.110751E-9	1.182551E-9	1.157139E-9	1.235588E-9	1.315029E-9	1.413024E-9	1.397929E-9	1.488548E-9
0:14:27	0	1.250879E-2	2.550000E+1	2.575300E+1	1.050185E+0	1.327408E+0	4.202587E+2	3.914900E-8	3.850987E-8	9.812029E-10	1.033061E-9	1.049632E-9	1.024164E-9	1.096371E-9	1.041128E-9	1.041555E-9	1.043142E-9	1.060985E-9	1.011178E-9	1.125380E-9	1.116411E-9	1.157465E-9	1.172957E-9	1.109853E-9	1.241268E-9	1.099586E-9	1.168222E-9	1.236316E-9	1.308085E-9	1.300675E-9	1.332913E-9	1.449101E-9	1.486684E-9	1.161383E-9	1.240521E-9	1.212262E-9	1.299409E-9	1.382532E-9	1.486274E-9	1.470183E-9	1.569968E-9
0:14:40	0	9.544194E-3	2.550100E+1	2.575100E+1	1.050312E+0	1.327509E+0	4.209427E+2	4.066500E-8	3.998855E-8	1.011915E-9	1.066795E-9	1.084335E-9	1.056186E-9	1.135018E-9	1.076203E-9	1.078508E-9	1.087151E-9	1.095024E-9	1.044229E-9	1.159459E-9	1.153921E-9	1.200159E-9	1.216311E-9	1.151090E-9	1.288861E-9	1.139750E-9	1.215867E-9	1.284630E-9	1.361621E-9	1.355888E-9	1.390109E-9	1.510201E-9	1.550824E-9	1.206277E-9	1.291581E-9	1.262838E-9	1.349238E-9	1.444984E-9	1.553376E-9	1.531462E-9	1.634737E-9
0:14:54	0	1.243257E-2	2.549700E+1	2.575100E+1	1.050363E+0	1.327597E+0	4.216266E+2	4.276000E-8	4.198393E-8	1.055238E-9	1.115093E-9	1.131554E-9	1.102702E-9	1.182978E-9	1.123787E-9	1.125377E-9	1.140163E-9	1.145227E-9	1.089097E-9	1.219905E-9	1.201661E-9	1.257611E-9	1.276893E-9	1.216968E-9	1.350249E-9	1.195310E-9	1.272827E-9	1.347936E-9	1.435157E-9	1.426434E-9	1.459842E-9	1.591964E-9	1.626672E-9	1.270087E-9	1.352815E-9	1.329327E-9	1.421860E-9	1.524044E-9	1.639615E-9	1.622408E-9	1.733125E-9
0:15:07	0	1.121640E-2	2.549300E+1	2.574900E+1	1.050464E+0	1.327534E+0	4.223105E+2	4.491400E-8	4.411739E-8	1.101464E-9	1.159797E-9	1.181934E-9	1.156495E-9	1.234486E-9	1.174262E-9	1.177932E-9	1.190704E-9	1.194543E-9	1.141296E-9	1.273268E-9	1.258370E-9	1.319117E-9	1.343218E-9	1.273724E-9	1.419613E-9	1.254797E-9	1.333060E-9	1.411556E-9	1.511199E-9	1.502532E-9	1.543433E-9	1.676695E-9	1.722851E-9	1.339069E-9	1.427616E-9	1.401435E-9	1.504295E-9	1.608408E-9	1.732190E-9	1.713793E-9	1.834236E-9
0:15:21	0	1.152058E-2	2.550000E+1	2.575500E+1	1.050401E+0	1.327420E+0	4.229944E+2	4.708200E-8	4.649403E-8	1.153114E-9	1.211312E-9	1.239520E-9	1.206238E-9	1.298032E-9	1.231778E-9	1.234529E-9	1.246317E-9	1.254000E-9	1.198298E-9	1.336052E-9	1.318108E-9	1.387907E-9	1.402475E-9	1.345050E-9	1.489863E-9	1.318654E-9	1.409217E-9	1.497097E-9	1.593511E-9	1.589357E-9	1.634771E-9	1.775581E-9	1.824884E-9	1.406283E-9	1.502291E-9	1.477647E-9	1.592430E-9	1.704770E-9	1.846373E-9	1.819290E-9	1.949275E-9
0:15:34	0	1.098838E-2	2.549800E+1	2.575000E+1	1.050337E+0	1.327255E+0	4.236783E+2	4.975700E-8	4.905550E-8	1.206464E-9	1.269447E-9	1.294830E-9	1.264019E-9	1.359043E-9	1.290803E-9	1.298011E-9	1.303008E-9	1.315740E-9	1.256563E-9	1.408131E-9	1.382015E-9	1.455747E-9	1.484260E-9	1.416058E-9	1.570429E-9	1.385173E-9	1.481849E-9	1.577600E-9	1.689803E-9	1.679589E-9	1.729070E-9	1.883313E-9	1.934974E-9	1.488694E-9	1.586261E-9	1.561437E-9	1.690631E-9	1.813382E-9	1.970377E-9	1.939652E-9	2.069126E-9
0:15:48	0	1.159617E-2	2.549500E+1	2.574800E+1	1.050236E+0	1.327154E+0	4.243622E+2	5.275800E-8	5.189389E-8	1.260194E-9	1.329789E-9	1.357410E-9	1.326926E-9	1.426518E-9	1.355860E-9	1.368632E-9	1.372191E-9	1.378495E-9	1.320579E-9	1.481474E-9	1.465814E-9	1.539867E-9	1.569833E-9	1.489982E-9	1.656564E-9	1.465566E-9	1.568706E-9	1.671834E-9	1.791359E-9	1.781749E-9	1.830487E-9	1.998943E-9	2.057716E-9	1.567448E-9	1.677265E-9	1.659433E-9	1.799279E-9	1.933045E-9	2.101607E-9	2.072934E-9	2.216394E-9
0:16:01	0	9.695992E-3	2.549500E+1	2.574800E+1	1.050173E+0	1.327408E+0	4.250462E+2	5.571100E-8	5.511618E-8	1.322753E-9	1.400975E-9	1.430862E-9	1.398756E-9	1.506283E-9	1.430222E-9	1.442158E-9	1.447716E-9	1.453673E-9	1.390599E-9	1.561204E-9	1.547529E-9	1.630701E-9	1.665249E-9	1.577460E-9	1.757509E-9	1.553180E-9	1.662864E-9	1.777909E-9	1.898747E-9	1.896148E-9	1.958928E-9	2.134920E-9	2.201231E-9	1.672811E-9	1.791381E-9	1.771636E-9	1.916792E-9	2.067674E-9	2.248865E-9	2.219390E-9	2.380058E-9
0:16:15	0	1.060858E-2	2.549800E+1	2.574900E+1	1.050274E+0	1.327522E+0	4.257301E+2	5.892600E-8	5.828501E-8	1.385628E-9	1.462831E-9	1.498057E-9	1.465459E-9	1.572616E-9	1.500499E-9	1.520548E-9	1.534021E-9	1.521561E-9	1.454616E-9	1.644095E-9	1.633285E-9	1.708930E-9	1.755743E-9	1.656513E-9	1.858326E-9	1.632876E-9	1.760672E-9	1.875167E-9	2.014096E-9	2.018814E-9	2.085544E-9	2.268368E-9	2.337065E-9	1.769408E-9	1.896830E-9	1.879482E-9	2.040129E-9	2.208809E-9	2.401573E-9	2.376695E-9	2.546760E-9
0:16:28	0	1.212840E-2	2.549600E+1	2.574800E+1	1.050401E+0	1.327560E+0	4.264140E+2	6.309200E-8	6.225733E-8	1.461934E-9	1.537737E-9	1.577450E-9	1.547542E-9	1.667396E-9	1.588816E-9	1.601275E-9	1.624701E-9	1.611888E-9	1.545869E-9	1.746460E-9	1.724788E-9	1.821743E-9	1.867063E-9	1.765402E-9	1.972245E-9	1.739496E-9	1.873649E-9	2.008959E-9	2.157532E-9	2.162683E-9	2.240001E-9	2.440991E-9	2.517338E-9	1.892237E-9	2.036320E-9	2.012522E-9	2.199747E-9	2.377852E-9	2.611435E-9	2.567305E-9	2.756959E-9
0:16:42	0	9.392381E-3	2.549500E+1	2.574800E+1	1.050604E+0	1.327547E+0	4.270979E+2	6.742300E-8	6.674467E-8	1.534520E-9	1.628661E-9	1.671826E-9	1.637978E-9	1.768639E-9	1.683731E-9	1.703541E-9	1.726416E-9	1.706209E-9	1.641546E-9	1.853440E-9	1.831067E-9	1.946403E-9	1.988354E-9	1.895890E-9	2.108379E-9	1.857266E-9	2.000912E-9	2.160454E-9	2.327860E-9	2.336839E-9	2.422111E-9	2.638194E-9	2.713094E-9	2.022190E-9	2.180773E-9	2.167538E-9	2.376649E-9	2.586109E-9	2.837330E-9	2.789212E-9	3.001536E-9
0:16:55	0	9.467974E-3	2.549300E+1	2.574500E+1	1.050540E+0	1.327395E+0	4.277818E+2	7.258100E-8	7.187545E-8	1.625962E-9	1.723555E-9	1.765885E-9	1.737148E-9	1.877421E-9	1.789774E-9	1.816231E-9	1.835169E-9	1.814095E-9	1.746196E-9	1.975469E-9	1.947514E-9	2.082717E-9	2.134258E-9	2.038859E-9	2.260460E-9	1.990177E-9	2.147689E-9	2.321457E-9	2.510538E-9	2.533205E-9	2.618269E-9	2.858270E-9	2.958451E-9	2.190735E-9	2.354114E-9	2.356964E-9	2.584574E-9	2.814131E-9	3.115435E-9	3.052766E-9	3.297966E-9
0:17:09	0	8.555979E-3	2.548800E+1	2.574300E+1	1.050363E+0	1.327281E+0	4.284657E+2	7.850600E-8	7.773660E-8	1.717656E-9	1.829673E-9	1.877263E-9	1.860366E-9	2.011735E-9	1.912915E-9	1.939722E-9	1.956795E-9	1.928636E-9	1.869300E-9	2.119249E-9	2.098252E-9	2.235185E-9	2.293980E-9	2.192090E-9	2.447349E-9	2.138547E-9	2.322032E-9	2.514019E-9	2.721364E-9	2.749133E-9	2.854300E-9	3.112592E-9	3.230120E-9	2.358772E-9	2.551195E-9	2.554724E-9	2.819409E-9	3.084588E-9	3.420662E-9	3.365556E-9	3.649416E-9
0:17:22	0	1.136818E-2	2.548300E+1	2.573700E+1	1.050072E+0	1.327154E+0	4.291497E+2	8.552100E-8	8.472253E-8	1.837477E-9	1.959058E-9	2.012980E-9	1.982003E-9	2.149472E-9	2.047934E-9	2.084310E-9	2.099540E-9	2.061752E-9	2.001502E-9	2.273839E-9	2.262503E-9	2.411025E-9	2.486328E-9	2.364576E-9	2.641327E-9	2.317197E-9	2.519852E-9	2.728377E-9	2.963221E-9	3.015098E-9	3.147906E-9	3.430163E-9	3.555857E-9	2.581667E-9	2.798521E-9	2.806723E-9	3.117178E-9	3.414278E-9	3.824736E-9	3.755493E-9	4.070636E-9
0:17:36	0	9.695992E-3	2.547700E+1	2.573000E+1	1.050173E+0	1.327306E+0	4.298336E+2	9.946000E-8	1.078751E-7	1.937179E-9	2.070095E-9	2.137003E-9	2.088450E-9	2.277640E-9	2.187797E-9	2.182726E-9	9.569650E-9	2.196833E-9	2.128463E-9	2.432665E-9	2.404084E-9	2.574260E-9	2.690856E-9	1.172869E-8	2.830749E-9	2.331705E-9	2.719936E-9	2.948717E-9	3.257612E-9	3.262955E-9	3.440315E-9	3.734908E-9	3.884301E-9	2.765341E-9	3.010487E-9	3.047231E-9	3.398930E-9	3.756974E-9	4.236986E-9	4.133075E-9	4.508447E-9
0:17:49	0	1.144439E-2	2.548300E+1	2.573300E+1	1.054759E+0	1.331702E+0	4.305175E+2	2.008200E-7	1.928191E-7	2.075604E-9	2.285864E-9	2.288964E-9	2.278438E-9	2.462893E-9	1.030480E-8	2.854771E-8	2.166504E-9	2.561122E-9	2.232228E-9	2.648460E-9	8.697075E-9	4.185767E-9	3.218803E-9	3.505681E-8	1.994531E-8	3.005191E-9	2.922539E-9	3.416423E-9	3.106154E-9	3.872435E-9	4.030110E-9	4.173859E-9	4.351980E-9	3.031112E-9	3.401196E-9	3.386682E-9	3.857265E-9	4.240174E-9	4.738515E-9	4.871305E-9	5.457759E-9
0:18:13	1	1.121640E-2	2.547600E+1	2.572800E+1	1.050110E+0	1.327116E+0	0.000000E+0	-2.787000E-9	2.963981E-9	9.396454E-11	7.705041E-11	8.268096E-11	7.999409E-11	8.020878E-11	8.127633E-11	8.281139E-11	7.837810E-11	7.929772E-11	7.697112E-11	7.783307E-11	7.906275E-11	8.234553E-11	7.522266E-11	7.499918E-11	7.917290E-11	8.001295E-11	7.817066E-11	7.810872E-11	6.952249E-11	7.092453E-11	7.288186E-11	7.569632E-11	7.786264E-11	5.048068E-10	6.600740E-11	8.511544E-11	8.091656E-11	8.240633E-11	8.414786E-11	8.787220E-11	8.825834E-11
0:18:27	1	9.544194E-3	2.547800E+1	2.573100E+1	1.050059E+0	1.327028E+0	0.000000E+0	1.813900E-9	2.644288E-9	9.257674E-11	8.222148E-11	8.502003E-11	8.353781E-11	8.242616E-11	8.278466E-11	8.527544E-11	8.142237E-11	8.208761E-11	8.253190E-11	8.036137E-11	7.779967E-11	8.462646E-11	7.882006E-11	7.994012E-11	8.050271E-11	8.375032E-11	8.012209E-11	8.006074E-11	8.174774E-11	7.824410E-11	8.031523E-11	8.068775E-11	8.182741E-11	8.543728E-11	8.208614E-11	8.252676E-11	8.173917E-11	8.430038E-11	8.307053E-11	8.881285E-11	8.762466E-11
0:18:40	1	1.319279E-2	2.547800E+1	2.573600E+1	1.050413E+0	1.327522E+0	1.000000E+1	3.149200E-9	2.891608E-9	1.039281E-10	9.035484E-11	9.190953E-11	8.974008E-11	9.085261E-11	9.152208E-11	9.367574E-11	9.232907E-11	9.102466E-11	8.859849E-11	8.813889E-11	9.200759E-11	9.260722E-11	8.544601E-11	7.943313E-11	8.784412E-11	9.198614E-11	8.893336E-11	8.780916E-11	8.801623E-11	8.644624E-11	8.711814E-11	8.852301E-11	9.032535E-11	9.142760E-11	8.924558E-11	9.142915E-11	9.060296E-11	9.036235E-11	9.162516E-11	9.508547E-11	9.325981E-11
0:18:54	1	1.182419E-2	2.548600E+1	2.574000E+1	1.050287E+0	1.327446E+0	2.000000E+1	3.458600E-9	2.918715E-9	1.037389E-10	9.041854E-11	9.431247E-11	9.075314E-11	9.237287E-11	9.277935E-11	9.342345E-11	9.689497E-11	9.121479E-11	8.904144E-11	8.915000E-11	9.466036E-11	9.292421E-11	8.689753E-11	8.184110E-11	9.005913E-11	8.945189E-11	8.830441E-11	8.749393E-11	8.751447E-11	8.903419E-11	8.837808E-11	8.833349E-11	8.988416E-11	9.281519E-11	8.993663E-11	9.142915E-11	9.091981E-11	9.061556E-11	9.130806E-11	9.797078E-11	9.484301E-11
0:19:07	1	1.304039E-2	2.549500E+1	2.574800E+1	1.050375E+0	1.327522E+0	3.000000E+1	3.630300E-9	2.937868E-9	1.049376E-10	9.256162E-11	9.323773E-11	9.195503E-11	9.389313E-11	9.315643E-11	9.411849E-11	1.011435E-10	9.292695E-11	8.986249E-11	8.820177E-11	8.948243E-11	9.393718E-11	8.853833E-11	8.627505E-11	9.056467E-11	9.160611E-11	8.855579E-11	8.850226E-11	9.115048E-11	9.029529E-11	8.705549E-11	9.029255E-11	8.963276E-11	9.281519E-11	9.106692E-11	9.281868E-11	8.984332E-11	9.036235E-11	9.080090E-11	9.558748E-11	9.269010E-11
0:19:21	1	9.088173E-3	2.549800E+1	2.575200E+1	1.050375E+0	1.327433E+0	4.000000E+1	3.784600E-9	2.960227E-9	1.058833E-10	9.432745E-11	9.475454E-11	9.094297E-11	9.376611E-11	9.372206E-11	9.576086E-11	1.026021E-10	9.305303E-11	9.169513E-11	9.028788E-11	8.777672E-11	9.400118E-11	8.809600E-11	8.887202E-11	9.100827E-11	8.913486E-11	8.717170E-11	8.938331E-11	8.977188E-11	9.231545E-11	8.869332E-11	8.972399E-11	9.183574E-11	9.426549E-11	9.163206E-11	9.294527E-11	9.085684E-11	9.048896E-11	9.232137E-11	9.715489E-11	9.598243E-11
0:19:34	1	1.152058E-2	2.550800E+1	2.576000E+1	1.050363E+0	1.327357E+0	5.000000E+1	3.909600E-9	2.982495E-9	1.068928E-10	9.331812E-11	9.551295E-11	9.189209E-11	9.452724E-11	9.466477E-11	9.525528E-11	1.041878E-10	9.419381E-11	9.106363E-11	9.016212E-11	8.493553E-11	9.400118E-11	8.847457E-11	9.431896E-11	9.170465E-11	9.027497E-11	9.069601E-11	9.007641E-11	9.002227E-11	9.281949E-11	9.108691E-11	9.086112E-11	9.158434E-11	9.344528E-11	9.062769E-11	9.256649E-11	9.212324E-11	9.282562E-11	9.257545E-11	9.634000E-11	9.946467E-11
0:19:48	1	9.544194E-3	2.551100E+1	2.576600E+1	1.050198E+0	1.327281E+0	6.000000E+1	4.014400E-9	2.994940E-9	1.065772E-10	9.470570E-11	9.551295E-11	9.423293E-11	9.554041E-11	9.497933E-11	9.670819E-11	9.562661E-11	9.444798E-11	9.131603E-11	9.205859E-11	8.588259E-11	9.495115E-11	8.948475E-11	9.393897E-11	9.290657E-11	9.166911E-11	9.271004E-11	8.995012E-11	9.102578E-11	9.155739E-11	9.089797E-11	9.136685E-11	9.170954E-11	9.596763E-11	9.320255E-11	9.458700E-11	9.256603E-11	9.200420E-11	9.282853E-11	9.677863E-11	9.724879E-11
0:20:01	1	1.076038E-2	2.552100E+1	2.577000E+1	1.050363E+0	1.327623E+0	7.000000E+1	4.210600E-9	3.016978E-9	1.072711E-10	9.382279E-11	9.658768E-11	9.663871E-11	9.503333E-11	9.699078E-11	9.790880E-11	9.416804E-11	9.520849E-11	9.447652E-11	9.401894E-11	9.314506E-11	9.514115E-11	8.992608E-11	8.836503E-11	9.448915E-11	9.274622E-11	9.107358E-11	8.843862E-11	9.102578E-11	9.092684E-11	9.026750E-11	9.326207E-11	9.429112E-11	9.533655E-11	9.395607E-11	9.471259E-11	9.357955E-11	9.250961E-11	9.263847E-11	9.753115E-11	1.014906E-10
0:20:15	1	1.281238E-2	2.552300E+1	2.577500E+1	1.050160E+0	1.327560E+0	8.000000E+1	4.261100E-9	3.043486E-9	1.088471E-10	9.602958E-11	9.734609E-11	9.511911E-11	9.509734E-11	9.711680E-11	9.841338E-11	9.587988E-11	9.685661E-11	9.384403E-11	9.408182E-11	9.705992E-11	9.723108E-11	9.106278E-11	8.880802E-11	9.480586E-11	9.350629E-11	9.453529E-11	9.045429E-11	9.127616E-11	9.086408E-11	9.146480E-11	9.218778E-11	9.366113E-11	9.615676E-11	9.483551E-11	9.477639E-11	9.389540E-11	9.402486E-11	9.555336E-11	9.859755E-11	1.000974E-10
0:20:28	1	1.060858E-2	2.552400E+1	2.577800E+1	1.050274E+0	1.327661E+0	9.000000E+1	4.316500E-9	3.088335E-9	1.096674E-10	9.766899E-11	9.835796E-11	9.822024E-11	9.668061E-11	9.736786E-11	1.002452E-10	1.024750E-10	9.717383E-11	9.573952E-11	9.420858E-11	1.014802E-10	9.881504E-11	9.213473E-11	8.608505E-11	9.518552E-11	9.490043E-11	9.333899E-11	9.184049E-11	9.278044E-11	9.244096E-11	9.266110E-11	9.452589E-11	9.517152E-11	9.754335E-11	9.583987E-11	9.780665E-11	9.661811E-11	9.490908E-11	9.625058E-11	1.000402E-10	1.001613E-10
0:20:42	1	1.152058E-2	2.552600E+1	2.578000E+1	1.050350E+0	1.327686E+0	1.000000E+2	4.444300E-9	3.143706E-9	1.107397E-10	9.968665E-11	1.001272E-10	9.758783E-11	9.680763E-11	9.875116E-11	1.012564E-10	1.081190E-10	9.863181E-11	9.776172E-11	9.484041E-11	9.661829E-11	9.989200E-11	9.434438E-11	9.058200E-11	9.923589E-11	9.534348E-11	9.629794E-11	9.524136E-11	9.547627E-11	9.711082E-11	9.543258E-11	9.509446E-11	9.706050E-11	9.880452E-11	9.741037E-11	9.850142E-11	9.649217E-11	9.781396E-11	9.827820E-11	1.016086E-10	1.027570E-10
0:20:55	1	8.936390E-3	2.552300E+1	2.577700E+1	1.050502E+0	1.327737E+0	1.200000E+2	4.771800E-9	3.336691E-9	1.176757E-10	1.058661E-10	1.051846E-10	1.040429E-10	1.046640E-10	1.058542E-10	1.078886E-10	1.143337E-10	1.052873E-10	1.022491E-10	1.021119E-10	9.680770E-11	1.061628E-10	9.996015E-11	1.002739E-10	1.051216E-10	1.007920E-10	1.013961E-10	1.013520E-10	1.005542E-10	1.044931E-10	1.008502E-10	1.012869E-10	1.033545E-10	1.051731E-10	1.056376E-10	1.054471E-10	1.025063E-10	1.032449E-10	1.035368E-10	1.044939E-10	1.090878E-10
0:21:09	1	1.114018E-2	2.552300E+1	2.577700E+1	1.050452E+0	1.327560E+0	1.400000E+2	5.107300E-9	3.682307E-9	1.275775E-10	1.164590E-10	1.173210E-10	1.146750E-10	1.175252E-10	1.166031E-10	1.172373E-10	1.208647E-10	1.164429E-10	1.138764E-10	1.129866E-10	1.072902E-10	1.160445E-10	1.124559E-10	1.161097E-10	1.142984E-10	1.119411E-10	1.119064E-10	1.119971E-10	1.127785E-10	1.141477E-10	1.098578E-10	1.122812E-10	1.136142E-10	1.164600E-10	1.149952E-10	1.151708E-10	1.137130E-10	1.112009E-10	1.151334E-10	1.186680E-10	1.206739E-10
0:21:23	1	1.083660E-2	2.551000E+1	2.576900E+1	1.050490E+0	1.327597E+0	1.600000E+2	5.700900E-9	4.237151E-9	1.449828E-10	1.348071E-10	1.350208E-10	1.310030E-10	1.332369E-10	1.335748E-10	1.341655E-10	1.330408E-10	1.336215E-10	1.318238E-10	1.315760E-10	1.293926E-10	1.334640E-10	1.279165E-10	1.318195E-10	1.325250E-10	1.299329E-10	1.294664E-10	1.285003E-10	1.297056E-10	1.299851E-10	1.286297E-10	1.294679E-10	1.313653E-10	1.342408E-10	1.318899E-10	1.312093E-10	1.308718E-10	1.310297E-10	1.327478E-10	1.377987E-10	1.383390E-10
0:21:37	1	1.197658E-2	2.551100E+1	2.576200E+1	1.049907E+0	1.327357E+0	1.800000E+2	6.515200E-9	5.063008E-9	1.701445E-10	1.603439E-10	1.603056E-10	1.579630E-10	1.587063E-10	1.595985E-10	1.605700E-10	1.615123E-10	1.598002E-10	1.589982E-10	1.553487E-10	1.594514E-10	1.585472E-10	1.537897E-10	1.479724E-10	1.584097E-10	1.556535E-10	1.545171E-10	1.569095E-10	1.539661E-10	1.545318E-10	1.535113E-10	1.560050E-10	1.570459E-10	1.586431E-10	1.576404E-10	1.597486E-10	1.560709E-10	1.562246E-10	1.585377E-10	1.653953E-10	1.671454E-10
0:21:50	1	7.948190E-3	2.550200E+1	2.576000E+1	1.050236E+0	1.327496E+0	2.000000E+2	7.685700E-9	6.205279E-9	2.049561E-10	1.949597E-10	1.962728E-10	1.919476E-10	1.936153E-10	1.936045E-10	1.973961E-10	2.017795E-10	1.938403E-10	1.928069E-10	1.898715E-10	1.955095E-10	1.945262E-10	1.868577E-10	1.817340E-10	1.933454E-10	1.919541E-10	1.887556E-10	1.907353E-10	1.908902E-10	1.890467E-10	1.904883E-10	1.910098E-10	1.939312E-10	1.983038E-10	1.929359E-10	1.938460E-10	1.939329E-10	1.926602E-10	1.956061E-10	2.032796E-10	2.048803E-10
0:22:04	1	1.167239E-2	2.550200E+1	2.575500E+1	1.050515E+0	1.327496E+0	2.200000E+2	9.108600E-9	7.760922E-9	2.531360E-10	2.424390E-10	2.426702E-10	2.385266E-10	2.415125E-10	2.389884E-10	2.452133E-10	2.533348E-10	2.424582E-10	2.379915E-10	2.362162E-10	2.412287E-10	2.426037E-10	2.351970E-10	2.308265E-10	2.422035E-10	2.370596E-10	2.359606E-10	2.396164E-10	2.384086E-10	2.406623E-10	2.381106E-10	2.406747E-10	2.444130E-10	2.471701E-10	2.433058E-10	2.430329E-10	2.432555E-10	2.431149E-10	2.461706E-10	2.560904E-10	2.593298E-10
0:22:18	1	1.121640E-2	2.549900E+1	2.575200E+1	1.050540E+0	1.327395E+0	2.400000E+2	1.102000E-8	9.914730E-9	3.170198E-10	3.065642E-10	3.089157E-10	3.007371E-10	3.075288E-10	3.081961E-10	3.112849E-10	3.257525E-10	3.085080E-10	3.042192E-10	3.009606E-10	3.017889E-10	3.075298E-10	3.014585E-10	2.990477E-10	3.094151E-10	3.061124E-10	3.043761E-10	3.061343E-10	3.069919E-10	3.087468E-10	3.043775E-10	3.092939E-10	3.135263E-10	3.162131E-10	3.095651E-10	3.111001E-10	3.116350E-10	3.111234E-10	3.153639E-10	3.283449E-10	3.328986E-10
0:22:32	1	1.190038E-2	2.549200E+1	2.574800E+1	1.050325E+0	1.327205E+0	2.600000E+2	1.412700E-8	1.289462E-8	4.070111E-10	3.948377E-10	4.005099E-10	3.916791E-10	3.978744E-10	3.997182E-10	4.051511E-10	4.137059E-10	3.989633E-10	3.939560E-10	3.920710E-10	3.888717E-10	3.991240E-10	3.945406E-10	3.959006E-10	4.024486E-10	3.982886E-10	3.948833E-10	3.991711E-10	4.005245E-10	4.023244E-10	3.986774E-10	4.055255E-10	4.083829E-10	4.117398E-10	4.052165E-10	4.051817E-10	4.061011E-10	4.078009E-10	4.102841E-10	4.292634E-10	4.348959E-10
0:22:45	1	4.527599E-3	2.548900E+1	2.574300E+1	1.050299E+0	1.327192E+0	2.800000E+2	1.812600E-8	1.702708E-8	5.306781E-10	5.195575E-10	5.254799E-10	5.157205E-10	5.238250E-10	5.252472E-10	5.331270E-10	5.391996E-10	5.247244E-10	5.186387E-10	5.173876E-10	5.177579E-10	5.258102E-10	5.203112E-10	5.136573E-10	5.292148E-10	5.270184E-10	5.227132E-10	5.281129E-10	5.293523E-10	5.289027E-10	5.273697E-10	5.376467E-10	5.440289E-10	5.466744E-10	5.370440E-10	5.389797E-10	5.373528E-10	5.433135E-10	5.481014E-10	5.712643E-10	5.788691E-10
0:22:59	1	1.076038E-2	2.548900E+1	2.574000E+1	1.050211E+0	1.327028E+0	3.000000E+2	2.423900E-8	2.297437E-8	7.069402E-10	6.978713E-10	7.050010E-10	6.929857E-10	7.034389E-10	7.079768E-10	7.178260E-10	7.270922E-10	7.024638E-10	6.962796E-10	6.984704E-10	6.998800E-10	7.069078E-10	7.038245E-10	6.929854E-10	7.129398E-10	7.097866E-10	7.049230E-10	7.137469E-10	7.168568E-10	7.162451E-10	7.152755E-10	7.282785E-10	7.363861E-10	7.378521E-10	7.230713E-10	7.261322E-10	7.310957E-10	7.364792E-10	7.444038E-10	7.742924E-10	7.866619E-10
0:23:13	1	1.144439E-2	2.548700E+1	2.573800E+1	1.050337E+0	1.327306E+0	3.200000E+2	3.288300E-8	3.181779E-8	9.693468E-10	9.601713E-10	9.699852E-10	9.549276E-10	9.714969E-10	9.770743E-10	9.903273E-10	1.006997E-9	9.709737E-10	9.615075E-10	9.632654E-10	9.679474E-10	9.782057E-10	9.746140E-10	9.549135E-10	9.858377E-10	9.795354E-10	9.769484E-10	9.898342E-10	9.959523E-10	9.936317E-10	9.962828E-10	1.013751E-9	1.022784E-9	1.020396E-9	1.003809E-9	1.010713E-9	1.016962E-9	1.024239E-9	1.037844E-9	1.081000E-9	1.096515E-9
0:23:27	1	1.266059E-2	2.547500E+1	2.573400E+1	1.050477E+0	1.327332E+0	3.400000E+2	4.668800E-8	4.546239E-8	1.367528E-9	1.360180E-9	1.377385E-9	1.358569E-9	1.381788E-9	1.390182E-9	1.415312E-9	1.440424E-9	1.375959E-9	1.366206E-9	1.370574E-9	1.375132E-9	1.394242E-9	1.390864E-9	1.368741E-9	1.409741E-9	1.397146E-9	1.396252E-9	1.416406E-9	1.426819E-9	1.429210E-9	1.427527E-9	1.453271E-9	1.475165E-9	1.460636E-9	1.435969E-9	1.443424E-9	1.460608E-9	1.472327E-9	1.492737E-9	1.552223E-9	1.579845E-9
0:23:40	1	1.076038E-2	2.548100E+1	2.573300E+1	1.050578E+0	1.327344E+0	3.600000E+2	6.883900E-8	6.749707E-8	2.006297E-9	2.001115E-9	2.028782E-9	2.002887E-9	2.040118E-9	2.053780E-9	2.090058E-9	2.126427E-9	2.028853E-9	2.016922E-9	2.028263E-9	2.026829E-9	2.067324E-9	2.063450E-9	2.033791E-9	2.090783E-9	2.071836E-9	2.075685E-9	2.104832E-9	2.125185E-9	2.132837E-9	2.136568E-9	2.170052E-9	2.203938E-9	2.172828E-9	2.136370E-9	2.151120E-9	2.180119E-9	2.199210E-9	2.236192E-9	2.325576E-9	2.369041E-9
0:23:54	1	1.197658E-2	2.549100E+1	2.574700E+1	1.050325E+0	1.327534E+0	3.620000E+2	7.136000E-8	7.046168E-8	2.093516E-9	2.086614E-9	2.117408E-9	2.089274E-9	2.132556E-9	2.144487E-9	2.181526E-9	2.214634E-9	2.116457E-9	2.105397E-9	2.117732E-9	2.124333E-9	2.157336E-9	2.155966E-9	2.114557E-9	2.181223E-9	2.163634E-9	2.167453E-9	2.198562E-9	2.219344E-9	2.222628E-9	2.224631E-9	2.267104E-9	2.304396E-9	2.268921E-9	2.229824E-9	2.247222E-9	2.273762E-9	2.298603E-9	2.335231E-9	2.433206E-9	2.474140E-9
0:24:07	1	1.235638E-2	2.549900E+1	2.575000E+1	1.050528E+0	1.327724E+0	3.640000E+2	7.426600E-8	7.349583E-8	2.179723E-9	2.174008E-9	2.207926E-9	2.180407E-9	2.222331E-9	2.232804E-9	2.277729E-9	2.314129E-9	2.206595E-9	2.193301E-9	2.207893E-9	2.213310E-9	2.248931E-9	2.243305E-9	2.203619E-9	2.273687E-9	2.256696E-9	2.260918E-9	2.294120E-9	2.315134E-9	2.318414E-9	2.318804E-9	2.365169E-9	2.404919E-9	2.365393E-9	2.326417E-9	2.346860E-9	2.376522E-9	2.401848E-9	2.439022E-9	2.541275E-9	2.584621E-9
0:24:21	1	7.111788E-3	2.550900E+1	2.575800E+1	1.050401E+0	1.327635E+0	3.660000E+2	7.766200E-8	7.688293E-8	2.278670E-9	2.271677E-9	2.307106E-9	2.276160E-9	2.324397E-9	2.336331E-9	2.378606E-9	2.424277E-9	2.306938E-9	2.293274E-9	2.307919E-9	2.306202E-9	2.354586E-9	2.350586E-9	2.312127E-9	2.379822E-9	2.357741E-9	2.364265E-9	2.398495E-9	2.424402E-9	2.428208E-9	2.430489E-9	2.476249E-9	2.516456E-9	2.475736E-9	2.433562E-9	2.454581E-9	2.482448E-9	2.513301E-9	2.551430E-9	2.659504E-9	2.707385E-9
0:24:34	1	1.243257E-2	2.550600E+1	2.575800E+1	1.050566E+0	1.327458E+0	3.680000E+2	8.107700E-8	8.035425E-8	2.374652E-9	2.371679E-9	2.406791E-9	2.376849E-9	2.426654E-9	2.438225E-9	2.485737E-9	2.525801E-9	2.408865E-9	2.398114E-9	2.411990E-9	2.409830E-9	2.454858E-9	2.452629E-9	2.424499E-9	2.489310E-9	2.463728E-9	2.470506E-9	2.508792E-9	2.532041E-9	2.541976E-9	2.545198E-9	2.589857E-9	2.635673E-9	2.588350E-9	2.545669E-9	2.563437E-9	2.599707E-9	2.627029E-9	2.669161E-9	2.782187E-9	2.834454E-9
0:24:48	1	1.083660E-2	2.550600E+1	2.576000E+1	1.050337E+0	1.327293E+0	3.700000E+2	8.481600E-8	8.418213E-8	2.487220E-9	2.481644E-9	2.519118E-9	2.488423E-9	2.537969E-9	2.554389E-9	2.600384E-9	2.642735E-9	2.518589E-9	2.507947E-9	2.524788E-9	2.521477E-9	2.572613E-9	2.570827E-9	2.536239E-9	2.607848E-9	2.581182E-9	2.588392E-9	2.630300E-9	2.655477E-9	2.662875E-9	2.669229E-9	2.714901E-9	2.762884E-9	2.711808E-9	2.666442E-9	2.689469E-9	2.729882E-9	2.755342E-9	2.802352E-9	2.917413E-9	2.971969E-9
0:25:01	1	1.098838E-2	2.550400E+1	2.575900E+1	1.050046E+0	1.327179E+0	3.720000E+2	8.889200E-8	8.812663E-8	2.599851E-9	2.593815E-9	2.634606E-9	2.603097E-9	2.656444E-9	2.672877E-9	2.721411E-9	2.765121E-9	2.637378E-9	2.625553E-9	2.643212E-9	2.643038E-9	2.691507E-9	2.689025E-9	2.650448E-9	2.728285E-9	2.703956E-9	2.712447E-9	2.751495E-9	2.781170E-9	2.787876E-9	2.793828E-9	2.844306E-9	2.895822E-9	2.838231E-9	2.792491E-9	2.816636E-9	2.854929E-9	2.885803E-9	2.937699E-9	3.060292E-9	3.113979E-9
0:25:15	1	1.281238E-2	2.550900E+1	2.576300E+1	1.050198E+0	1.327357E+0	3.740000E+2	9.298000E-8	9.257143E-8	2.726419E-9	2.720489E-9	2.763684E-9	2.731949E-9	2.789238E-9	2.805760E-9	2.858862E-9	2.900381E-9	2.765421E-9	2.754786E-9	2.772574E-9	2.779819E-9	2.829785E-9	2.825713E-9	2.775996E-9	2.868848E-9	2.837690E-9	2.845312E-9	2.892845E-9	2.924604E-9	2.928715E-9	2.936064E-9	2.992034E-9	3.044371E-9	2.983254E-9	2.933802E-9	2.959148E-9	3.005364E-9	3.035208E-9	3.088823E-9	3.218664E-9	3.275807E-9
0:25:28	1	1.243257E-2	2.551300E+1	2.576300E+1	1.051592E+0	1.328636E+0	3.760000E+2	9.819000E-8	9.712992E-8	2.852798E-9	2.850377E-9	2.895987E-9	2.861622E-9	2.920955E-9	2.940340E-9	2.997513E-9	3.043313E-9	2.898472E-9	2.885914E-9	2.909587E-9	2.916410E-9	2.969836E-9	2.973067E-9	2.920674E-9	3.007892E-9	2.974402E-9	2.985792E-9	3.032180E-9	3.067600E-9	3.077757E-9	3.090520E-9	3.142921E-9	3.194367E-9	3.132755E-9	3.079886E-9	3.104375E-9	3.150166E-9	3.187139E-9	3.243115E-9	3.378540E-9	3.443650E-9
0:25:42	1	1.136818E-2	2.550900E+1	2.576200E+1	1.050477E+0	1.327560E+0	3.780000E+2	1.026700E-7	1.021590E-7	2.997907E-9	2.994769E-9	3.041438E-9	3.008890E-9	3.069397E-9	3.090447E-9	3.150629E-9	3.201275E-9	3.045215E-9	3.032842E-9	3.057349E-9	3.062095E-9	3.118755E-9	3.123259E-9	3.069216E-9	3.163453E-9	3.129675E-9	3.141820E-9	3.189845E-9	3.228462E-9	3.240050E-9	3.255496E-9	3.310553E-9	3.364946E-9	3.292217E-9	3.239725E-9	3.266270E-9	3.319026E-9	3.355740E-9	3.413502E-9	3.560369E-9	3.624407E-9
0:25:55	1	1.562458E-2	2.550600E+1	2.576000E+1	1.050375E+0	1.327370E+0	3.800000E+2	1.077200E-7	1.075462E-7	3.146926E-9	3.146727E-9	3.199151E-9	3.160903E-9	3.229244E-9	3.249668E-9	3.316568E-9	3.373885E-9	3.202861E-9	3.190703E-9	3.216556E-9	3.216116E-9	3.282054E-9	3.290428E-9	3.242336E-9	3.329205E-9	3.293184E-9	3.305967E-9	3.361306E-9	3.400544E-9	3.414709E-9	3.419528E-9	3.484883E-9	3.545346E-9	3.466938E-9	3.410742E-9	3.440037E-9	3.495990E-9	3.538613E-9	3.599159E-9	3.752797E-9	3.823084E-9
0:26:09	1	1.129259E-2	2.550200E+1	2.575600E+1	1.050363E+0	1.327167E+0	3.820000E+2	1.143800E-7	1.131868E-7	3.308242E-9	3.306441E-9	3.360594E-9	3.324308E-9	3.396440E-9	3.419701E-9	3.486044E-9	3.540914E-9	3.366591E-9	3.355008E-9	3.385561E-9	3.381629E-9	3.453079E-9	3.459237E-9	3.413048E-9	3.501728E-9	3.464929E-9	3.479050E-9	3.537616E-9	3.581091E-9	3.596247E-9	3.607938E-9	3.674503E-9	3.736696E-9	3.649541E-9	3.592625E-9	3.619486E-9	3.683529E-9	3.729253E-9	3.790076E-9	3.955135E-9	4.030496E-9
0:26:22	1	1.091219E-2	2.549800E+1	2.575200E+1	1.050375E+0	1.327141E+0	3.840000E+2	1.194400E-7	1.195162E-7	3.489611E-9	3.483115E-9	3.542075E-9	3.502903E-9	3.576813E-9	3.604756E-9	3.675733E-9	3.734071E-9	3.549528E-9	3.534482E-9	3.569173E-9	3.571265E-9	3.647353E-9	3.653352E-9	3.599850E-9	3.696908E-9	3.660495E-9	3.673723E-9	3.735470E-9	3.783328E-9	3.797157E-9	3.815685E-9	3.883205E-9	3.953099E-9	3.855159E-9	3.795861E-9	3.831075E-9	3.893797E-9	3.944710E-9	4.013245E-9	4.183881E-9	4.265325E-9
0:26:36	1	1.212840E-2	2.549800E+1	2.575100E+1	1.050084E+0	1.327028E+0	3.860000E+2	1.272400E-7	1.261024E-7	3.669531E-9	3.666852E-9	3.728676E-9	3.692889E-9	3.771189E-9	3.799116E-9	3.875213E-9	3.933884E-9	3.742164E-9	3.728110E-9	3.763723E-9	3.766333E-9	3.847200E-9	3.854788E-9	3.798878E-9	3.902342E-9	3.858404E-9	3.879032E-9	3.945229E-9	3.992022E-9	4.010497E-9	4.034709E-9	4.101954E-9	4.171644E-9	4.067082E-9	4.005880E-9	4.043484E-9	4.114703E-9	4.164460E-9	4.239901E-9	4.423726E-9	4.508827E-9
0:26:49	1	1.106459E-2	2.549500E+1	2.575000E+1	1.050135E+0	1.327585E+0	3.880000E+2	1.336800E-7	1.334489E-7	3.878334E-9	3.880980E-9	3.943406E-9	3.899012E-9	3.988372E-9	4.016229E-9	4.101287E-9	4.161536E-9	3.955210E-9	3.941203E-9	3.978000E-9	3.985459E-9	4.066366E-9	4.074146E-9	4.007533E-9	4.126760E-9	4.084441E-9	4.105677E-9	4.172816E-9	4.227800E-9	4.245546E-9	4.261672E-9	4.342567E-9	4.424555E-9	4.308075E-9	4.243222E-9	4.282541E-9	4.358277E-9	4.416290E-9	4.497350E-9	4.691044E-9	4.783161E-9
0:27:03	1	1.106459E-2	2.549800E+1	2.575000E+1	1.050337E+0	1.327382E+0	3.900000E+2	1.420500E-7	1.412304E-7	4.094579E-9	4.091704E-9	4.167492E-9	4.124692E-9	4.215695E-9	4.244534E-9	4.334247E-9	4.405108E-9	4.177511E-9	4.164723E-9	4.209540E-9	4.218481E-9	4.305931E-9	4.307136E-9	4.236841E-9	4.368079E-9	4.321376E-9	4.343968E-9	4.420684E-9	4.481193E-9	4.494033E-9	4.511939E-9	4.597710E-9	4.687348E-9	4.560541E-9	4.489919E-9	4.539213E-9	4.619577E-9	4.680369E-9	4.768676E-9	4.975547E-9	5.071994E-9
0:27:16	1	1.144439E-2	2.549800E+1	2.575100E+1	1.050299E+0	1.327547E+0	3.920000E+2	1.502000E-7	1.500438E-7	4.335231E-9	4.340512E-9	4.419014E-9	4.372080E-9	4.474060E-9	4.499866E-9	4.598600E-9	4.675564E-9	4.430240E-9	4.418072E-9	4.466557E-9	4.471456E-9	4.571275E-9	4.576347E-9	4.502760E-9	4.645092E-9	4.584854E-9	4.614546E-9	4.701244E-9	4.762419E-9	4.785302E-9	4.801514E-9	4.897021E-9	4.985955E-9	4.845669E-9	4.768584E-9	4.823604E-9	4.912155E-9	4.980190E-9	5.080809E-9	5.301071E-9	5.402108E-9
0:27:30	1	8.555979E-3	2.549800E+1	2.575200E+1	1.050490E+0	1.327395E+0	3.940000E+2	1.602200E-7	1.593851E-7	4.590826E-9	4.599283E-9	4.681532E-9	4.637630E-9	4.743955E-9	4.780592E-9	4.883292E-9	4.958258E-9	4.694821E-9	4.682099E-9	4.737296E-9	4.742617E-9	4.852200E-9	4.860010E-9	4.787555E-9	4.929129E-9	4.871771E-9	4.903249E-9	4.992701E-9	5.061449E-9	5.088370E-9	5.108852E-9	5.209537E-9	5.308232E-9	5.150154E-9	5.068099E-9	5.131168E-9	5.227652E-9	5.300534E-9	5.409607E-9	5.639640E-9	5.752987E-9
0:27:43	1	1.098838E-2	2.549200E+1	2.575000E+1	1.050274E+0	1.327192E+0	3.960000E+2	1.700400E-7	1.700235E-7	4.879403E-9	4.885228E-9	4.978880E-9	4.930013E-9	5.043120E-9	5.086777E-9	5.193567E-9	5.281095E-9	4.996039E-9	4.986761E-9	5.045845E-9	5.051163E-9	5.167775E-9	5.192076E-9	5.114348E-9	5.260378E-9	5.192264E-9	5.228585E-9	5.331906E-9	5.405052E-9	5.444443E-9	5.469734E-9	5.569634E-9	5.677464E-9	5.491905E-9	5.414909E-9	5.473462E-9	5.590826E-9	5.670573E-9	5.781493E-9	6.035725E-9	6.153062E-9
0:27:57	1	1.273678E-2	2.549400E+1	2.574900E+1	1.050350E+0	1.327306E+0	3.980000E+2	1.813300E-7	1.813178E-7	5.187279E-9	5.201691E-9	5.293740E-9	5.248470E-9	5.369911E-9	5.413769E-9	5.534605E-9	5.617309E-9	5.317227E-9	5.306022E-9	5.378104E-9	5.376824E-9	5.509449E-9	5.530200E-9	5.445955E-9	5.608906E-9	5.539113E-9	5.579095E-9	5.682450E-9	5.769781E-9	5.809980E-9	5.845293E-9	5.955320E-9	6.062873E-9	5.864678E-9	5.779554E-9	5.851240E-9	5.965523E-9	6.059619E-9	6.180561E-9	6.453261E-9	6.579982E-9
0:28:10	1	1.266059E-2	2.549300E+1	2.574700E+1	1.049996E+0	1.327028E+0	4.000000E+2	1.951300E-7	1.942942E-7	5.540056E-9	5.551195E-9	5.658535E-9	5.606355E-9	5.738071E-9	5.788468E-9	5.918721E-9	6.012879E-9	5.678981E-9	5.679313E-9	5.749753E-9	5.760138E-9	5.904012E-9	5.927329E-9	5.835269E-9	6.005849E-9	5.931447E-9	5.972657E-9	6.100329E-9	6.189615E-9	6.233442E-9	6.270619E-9	6.388585E-9	6.512360E-9	6.277744E-9	6.199654E-9	6.274103E-9	6.408286E-9	6.512635E-9	6.646544E-9	6.939350E-9	7.081863E-9
0:28:24	1	1.296480E-2	2.549200E+1	2.574800E+1	1.050097E+0	1.327255E+0	4.020000E+2	2.082700E-7	2.082975E-7	5.912571E-9	5.925289E-9	6.042546E-9	5.991200E-9	6.138733E-9	6.192964E-9	6.334170E-9	6.432484E-9	6.071795E-9	6.069729E-9	6.153648E-9	6.165301E-9	6.314856E-9	6.353740E-9	6.253277E-9	6.441841E-9	6.357612E-9	6.408956E-9	6.541202E-9	6.644681E-9	6.693883E-9	6.746208E-9	6.870060E-9	7.001690E-9	6.738476E-9	6.650846E-9	6.730999E-9	6.883589E-9	7.000821E-9	7.148137E-9	7.469720E-9	7.616475E-9
0:28:37	1	7.720187E-3	2.549100E+1	2.574500E+1	1.050084E+0	1.327243E+0	4.040000E+2	2.244100E-7	2.244945E-7	6.347017E-9	6.359600E-9	6.494513E-9	6.436358E-9	6.594326E-9	6.654600E-9	6.809878E-9	6.923807E-9	6.526477E-9	6.527261E-9	6.618053E-9	6.639805E-9	6.804180E-9	6.835682E-9	6.721392E-9	6.935741E-9	6.842121E-9	6.914109E-9	7.048717E-9	7.173406E-9	7.222029E-9	7.277484E-9	7.422746E-9	7.572470E-9	7.267559E-9	7.174073E-9	7.273829E-9	7.441963E-9	7.568700E-9	7.735714E-9	8.083446E-9	8.247451E-9
0:28:51	1	1.190038E-2	2.548800E+1	2.574200E+1	1.050363E+0	1.327293E+0	4.060000E+2	2.433300E-7	2.427827E-7	6.821883E-9	6.851855E-9	6.993886E-9	6.935435E-9	7.109914E-9	7.180098E-9	7.349890E-9	7.475753E-9	7.027051E-9	7.033325E-9	7.141764E-9	7.165520E-9	7.346776E-9	7.386538E-9	7.268115E-9	7.498815E-9	7.395050E-9	7.470558E-9	7.636167E-9	7.762628E-9	7.829680E-9	7.894806E-9	8.048158E-9	8.214817E-9	7.865685E-9	7.776183E-9	7.878855E-9	8.070046E-9	8.209449E-9	8.397177E-9	8.777020E-9	8.969853E-9
0:29:04	1	9.467974E-3	2.549200E+1	2.574500E+1	1.050426E+0	1.327255E+0	4.080000E+2	2.630200E-7	2.630182E-7	7.351679E-9	7.383140E-9	7.546610E-9	7.481216E-9	7.675935E-9	7.744506E-9	7.938351E-9	8.070312E-9	7.590505E-9	7.594746E-9	7.717636E-9	7.739733E-9	7.946381E-9	8.000878E-9	7.891865E-9	8.123847E-9	8.001510E-9	8.082268E-9	8.276845E-9	8.424195E-9	8.506112E-9	8.583125E-9	8.751671E-9	8.924015E-9	8.517346E-9	8.432747E-9	8.558202E-9	8.775881E-9	8.934943E-9	9.135371E-9	9.554072E-9	9.762593E-9
0:29:18	1	8.783996E-3	2.549300E+1	2.574800E+1	1.051414E+0	1.328522E+0	4.100000E+2	2.866400E-7	2.868271E-7	7.960050E-9	7.995764E-9	8.177274E-9	8.118763E-9	8.333441E-9	8.416091E-9	8.626238E-9	8.778320E-9	8.231292E-9	8.254120E-9	8.388858E-9	8.411073E-9	8.656711E-9	8.721555E-9	8.609304E-9	8.861283E-9	8.721246E-9	8.822818E-9	9.041239E-9	9.200984E-9	9.301421E-9	9.381045E-9	9.585722E-9	9.775087E-9	9.295553E-9	9.200786E-9	9.350696E-9	9.595238E-9	9.794874E-9	1.001214E-8	1.048210E-8	1.072603E-8
0:29:31	1	1.167239E-2	2.549200E+1	2.574500E+1	1.050464E+0	1.327217E+0	4.106839E+2	2.965600E-7	2.957958E-7	8.190737E-9	8.228051E-9	8.414764E-9	8.356656E-9	8.576412E-9	8.664508E-9	8.891033E-9	9.035016E-9	8.479332E-9	8.498117E-9	8.641388E-9	8.672131E-9	8.923765E-9	8.981490E-9	8.857297E-9	9.126522E-9	8.988841E-9	9.090878E-9	9.318271E-9	9.499638E-9	9.603038E-9	9.695061E-9	9.895395E-9	1.010661E-8	9.591148E-9	9.493771E-9	9.651631E-9	9.918587E-9	1.011610E-8	1.036020E-8	1.084412E-8	1.108533E-8
0:29:45	1	1.114018E-2	2.549400E+1	2.574700E+1	1.050160E+0	1.327091E+0	4.113678E+2	3.052500E-7	3.053109E-7	8.428047E-9	8.475726E-9	8.672415E-9	8.607147E-9	8.846182E-9	8.931532E-9	9.161766E-9	9.318915E-9	8.731805E-9	8.754119E-9	8.912000E-9	8.945630E-9	9.204121E-9	9.269759E-9	9.130374E-9	9.427773E-9	9.268156E-9	9.384680E-9	9.627556E-9	9.809764E-9	9.920114E-9	1.001229E-8	1.022813E-8	1.044759E-8	9.896832E-9	9.805660E-9	9.973465E-9	1.025435E-8	1.046354E-8	1.071315E-8	1.121593E-8	1.147242E-8
0:29:58	1	1.250879E-2	2.549500E+1	2.574700E+1	1.050008E+0	1.327243E+0	4.120517E+2	3.160100E-7	3.154922E-7	8.684210E-9	8.729388E-9	8.937778E-9	8.873900E-9	9.115697E-9	9.213389E-9	9.451322E-9	9.617273E-9	9.005577E-9	9.038054E-9	9.196206E-9	9.239020E-9	9.502720E-9	9.579990E-9	9.441266E-9	9.739150E-9	9.574080E-9	9.701958E-9	9.943895E-9	1.014415E-8	1.025681E-8	1.037172E-8	1.058974E-8	1.081241E-8	1.023436E-8	1.015197E-8	1.032011E-8	1.061018E-8	1.082764E-8	1.108883E-8	1.161497E-8	1.188440E-8
0:30:12	1	1.060858E-2	2.549800E+1	2.574900E+1	1.050388E+0	1.327382E+0	4.127357E+2	3.236800E-7	3.238727E-7	8.897427E-9	8.941436E-9	9.156238E-9	9.096287E-9	9.350239E-9	9.440435E-9	9.683396E-9	9.863188E-9	9.223948E-9	9.262141E-9	9.430905E-9	9.478733E-9	9.745134E-9	9.825474E-9	9.669686E-9	9.991227E-9	9.824824E-9	9.960199E-9	1.020789E-8	1.041861E-8	1.054575E-8	1.066357E-8	1.088154E-8	1.111599E-8	1.050915E-8	1.042259E-8	1.059750E-8	1.090864E-8	1.114047E-8	1.142131E-8	1.195811E-8	1.224066E-8
0:30:25	1	1.114018E-2	2.550100E+1	2.575500E+1	1.050718E+0	1.327902E+0	4.134196E+2	3.354200E-7	3.350918E-7	9.167780E-9	9.224229E-9	9.450110E-9	9.388544E-9	9.655868E-9	9.758185E-9	1.001439E-8	1.019826E-8	9.521807E-9	9.564844E-9	9.738378E-9	9.787215E-9	1.008003E-8	1.016334E-8	1.002581E-8	1.034039E-8	1.016318E-8	1.029435E-8	1.057305E-8	1.078528E-8	1.093413E-8	1.105059E-8	1.128277E-8	1.152022E-8	1.086893E-8	1.078046E-8	1.098513E-8	1.130417E-8	1.153615E-8	1.183558E-8	1.240720E-8	1.269145E-8
0:30:39	1	9.923994E-3	2.550300E+1	2.575600E+1	1.050464E+0	1.327306E+0	4.141035E+2	3.472500E-7	3.470409E-7	9.466574E-9	9.531234E-9	9.753021E-9	9.702634E-9	9.969606E-9	1.007952E-8	1.034298E-8	1.054203E-8	9.841345E-9	9.886189E-9	1.006912E-8	1.012108E-8	1.043152E-8	1.053157E-8	1.038402E-8	1.070006E-8	1.050433E-8	1.067085E-8	1.094305E-8	1.118581E-8	1.133866E-8	1.147950E-8	1.170358E-8	1.196071E-8	1.126945E-8	1.117619E-8	1.138892E-8	1.172034E-8	1.198985E-8	1.229592E-8	1.287824E-8	1.318301E-8
0:30:52	1	1.387680E-2	2.550400E+1	2.575800E+1	1.050528E+0	1.327458E+0	4.147874E+2	3.593800E-7	3.592420E-7	9.773440E-9	9.823485E-9	1.007704E-8	1.001818E-8	1.029703E-8	1.041688E-8	1.068326E-8	1.089631E-8	1.016824E-8	1.021183E-8	1.040966E-8	1.045931E-8	1.078086E-8	1.087165E-8	1.072880E-8	1.107902E-8	1.087722E-8	1.104918E-8	1.135079E-8	1.158909E-8	1.174471E-8	1.187276E-8	1.213691E-8	1.240629E-8	1.166397E-8	1.158618E-8	1.181475E-8	1.216044E-8	1.244552E-8	1.276489E-8	1.338515E-8	1.369914E-8
0:31:06	1	1.235638E-2	2.550500E+1	2.575800E+1	1.050439E+0	1.327281E+0	4.154713E+2	3.728200E-7	3.726425E-7	1.009103E-8	1.015697E-8	1.040682E-8	1.035891E-8	1.065512E-8	1.077021E-8	1.107224E-8	1.127800E-8	1.051567E-8	1.057640E-8	1.078144E-8	1.083442E-8	1.117301E-8	1.129289E-8	1.115213E-8	1.150483E-8	1.127386E-8	1.145678E-8	1.177176E-8	1.204409E-8	1.220117E-8	1.235157E-8	1.261333E-8	1.289720E-8	1.209564E-8	1.202173E-8	1.227070E-8	1.263853E-8	1.293112E-8	1.327231E-8	1.392123E-8	1.426136E-8
0:31:19	1	6.731987E-3	2.550400E+1	2.576100E+1	1.049970E+0	1.327116E+0	4.161552E+2	3.867700E-7	3.866178E-7	1.043447E-8	1.050648E-8	1.077661E-8	1.071446E-8	1.103538E-8	1.116132E-8	1.148087E-8	1.168378E-8	1.087996E-8	1.093952E-8	1.117168E-8	1.123415E-8	1.158411E-8	1.169601E-8	1.153923E-8	1.192892E-8	1.169825E-8	1.187671E-8	1.223222E-8	1.249377E-8	1.265581E-8	1.282124E-8	1.311187E-8	1.340787E-8	1.256772E-8	1.247701E-8	1.273751E-8	1.314043E-8	1.344697E-8	1.382801E-8	1.449582E-8	1.485966E-8
0:31:33	1	1.304039E-2	2.550800E+1	2.576100E+1	1.050185E+0	1.327268E+0	4.168392E+2	4.003800E-7	4.002051E-7	1.076013E-8	1.083517E-8	1.111890E-8	1.105975E-8	1.138453E-8	1.151704E-8	1.184319E-8	1.206051E-8	1.123537E-8	1.130491E-8	1.154200E-8	1.160869E-8	1.198431E-8	1.209850E-8	1.193000E-8	1.233434E-8	1.208976E-8	1.229375E-8	1.266377E-8	1.295153E-8	1.315329E-8	1.331969E-8	1.360908E-8	1.392024E-8	1.301074E-8	1.293033E-8	1.320337E-8	1.362523E-8	1.396837E-8	1.435229E-8	1.506765E-8	1.542866E-8
0:31:46	1	1.015198E-2	2.550800E+1	2.576100E+1	1.050388E+0	1.327458E+0	4.175231E+2	4.167300E-7	4.161843E-7	1.113012E-8	1.122301E-8	1.151986E-8	1.146934E-8	1.180515E-8	1.195397E-8	1.229275E-8	1.252609E-8	1.164359E-8	1.172686E-8	1.197036E-8	1.206475E-8	1.244526E-8	1.255192E-8	1.238253E-8	1.282103E-8	1.257116E-8	1.278613E-8	1.318168E-8	1.349204E-8	1.367361E-8	1.388637E-8	1.418925E-8	1.451934E-8	1.354556E-8	1.345701E-8	1.374923E-8	1.421590E-8	1.457407E-8	1.497155E-8	1.572064E-8	1.612415E-8
0:32:00	1	1.205219E-2	2.550900E+1	2.576400E+1	1.050413E+0	1.327484E+0	4.182070E+2	4.330400E-7	4.333928E-7	1.153651E-8	1.163696E-8	1.196613E-8	1.189424E-8	1.225618E-8	1.241950E-8	1.276530E-8	1.301520E-8	1.208971E-8	1.217005E-8	1.244589E-8	1.252466E-8	1.294523E-8	1.309779E-8	1.292558E-8	1.335531E-8	1.306746E-8	1.331916E-8	1.372000E-8	1.405725E-8	1.428246E-8	1.449141E-8	1.482591E-8	1.514904E-8	1.409299E-8	1.403438E-8	1.433759E-8	1.482492E-8	1.520503E-8	1.564607E-8	1.643046E-8	1.686440E-8
0:32:13	1	1.235638E-2	2.550700E+1	2.576000E+1	1.050363E+0	1.327230E+0	4.188909E+2	4.511900E-7	4.516300E-7	1.197555E-8	1.208123E-8	1.240223E-8	1.235921E-8	1.273180E-8	1.289515E-8	1.327626E-8	1.354501E-8	1.255206E-8	1.265583E-8	1.293945E-8	1.302626E-8	1.346894E-8	1.360340E-8	1.342473E-8	1.390275E-8	1.360740E-8	1.386876E-8	1.432981E-8	1.466654E-8	1.490955E-8	1.511126E-8	1.548070E-8	1.585137E-8	1.468506E-8	1.462713E-8	1.498227E-8	1.548992E-8	1.591133E-8	1.638743E-8	1.721190E-8	1.766968E-8
0:32:27	1	2.124898E-2	2.550500E+1	2.575800E+1	1.055164E+0	1.332095E+0	4.195748E+2	4.718400E-7	4.714790E-7	1.242790E-8	1.253811E-8	1.289314E-8	1.284974E-8	1.325347E-8	1.342052E-8	1.381292E-8	1.409601E-8	1.305036E-8	1.314881E-8	1.347277E-8	1.356081E-8	1.404758E-8	1.420045E-8	1.402283E-8	1.450614E-8	1.419372E-8	1.448468E-8	1.495462E-8	1.533606E-8	1.560144E-8	1.581954E-8	1.620317E-8	1.660570E-8	1.534404E-8	1.528030E-8	1.564703E-8	1.622861E-8	1.666941E-8	1.718455E-8	1.806855E-8	1.855600E-8
0:32:40	1	6.124183E-3	2.550300E+1	2.575600E+1	1.054252E+0	1.331233E+0	4.202587E+2	4.939500E-7	4.938313E-7	1.293040E-8	1.305603E-8	1.343619E-8	1.340148E-8	1.380783E-8	1.400888E-8	1.442709E-8	1.470331E-8	1.359537E-8	1.374171E-8	1.406514E-8	1.418391E-8	1.467430E-8	1.485745E-8	1.468022E-8	1.518326E-8	1.484009E-8	1.516147E-8	1.565419E-8	1.608972E-8	1.637637E-8	1.662994E-8	1.702060E-8	1.745809E-8	1.607527E-8	1.603993E-8	1.644180E-8	1.706386E-8	1.755624E-8	1.808357E-8	1.902956E-8	1.955799E-8
0:32:54	1	1.258439E-2	2.551000E+1	2.576000E+1	1.052187E+0	1.329485E+0	4.209427E+2	5.125400E-7	5.123249E-7	1.335992E-8	1.347981E-8	1.388190E-8	1.383284E-8	1.427888E-8	1.447925E-8	1.493874E-8	1.521823E-8	1.405671E-8	1.420435E-8	1.456906E-8	1.468822E-8	1.521208E-8	1.539745E-8	1.521079E-8	1.574437E-8	1.539511E-8	1.572258E-8	1.625216E-8	1.669393E-8	1.702119E-8	1.731139E-8	1.772658E-8	1.815577E-8	1.668658E-8	1.665284E-8	1.708970E-8	1.774829E-8	1.826942E-8	1.883006E-8	1.982725E-8	2.038941E-8
0:33:07	1	1.182419E-2	2.551100E+1	2.576400E+1	1.052466E+0	1.329941E+0	4.216266E+2	5.367000E-7	5.369425E-7	1.390870E-8	1.403846E-8	1.447564E-8	1.442178E-8	1.490186E-8	1.510143E-8	1.558330E-8	1.592427E-8	1.467188E-8	1.482107E-8	1.521145E-8	1.534465E-8	1.591602E-8	1.612242E-8	1.593684E-8	1.649459E-8	1.609730E-8	1.647169E-8	1.705019E-8	1.754218E-8	1.789512E-8	1.821721E-8	1.864663E-8	1.912763E-8	1.748414E-8	1.747539E-8	1.794092E-8	1.866484E-8	1.921321E-8	1.984757E-8	2.091126E-8	2.148283E-8
0:33:21	1	1.296480E-2	2.551300E+1	2.576600E+1	1.052580E+0	1.330080E+0	4.223105E+2	5.633800E-7	5.638322E-7	1.449361E-8	1.464005E-8	1.510005E-8	1.507192E-8	1.556564E-8	1.579646E-8	1.631174E-8	1.665390E-8	1.532433E-8	1.549410E-8	1.591467E-8	1.607510E-8	1.667315E-8	1.689939E-8	1.669000E-8	1.729360E-8	1.689039E-8	1.729714E-8	1.792179E-8	1.846234E-8	1.881903E-8	1.917274E-8	1.966101E-8	2.016710E-8	1.836323E-8	1.837507E-8	1.890756E-8	1.966078E-8	2.028551E-8	2.098585E-8	2.210366E-8	2.276131E-8
0:33:34	1	1.235638E-2	2.550700E+1	2.576400E+1	1.052605E+0	1.329916E+0	4.229944E+2	5.929200E-7	5.933702E-7	1.513711E-8	1.531434E-8	1.578780E-8	1.576219E-8	1.630519E-8	1.654454E-8	1.709760E-8	1.744218E-8	1.602946E-8	1.623727E-8	1.667814E-8	1.685562E-8	1.748477E-8	1.773296E-8	1.755415E-8	1.818115E-8	1.772542E-8	1.818252E-8	1.886054E-8	1.945723E-8	1.988845E-8	2.025583E-8	2.080259E-8	2.132811E-8	1.933603E-8	1.936381E-8	1.995047E-8	2.079153E-8	2.148946E-8	2.223477E-8	2.343949E-8	2.411950E-8
0:33:48	1	1.258439E-2	2.550600E+1	2.576200E+1	1.052567E+0	1.329789E+0	4.236783E+2	6.249100E-7	6.254618E-7	1.581423E-8	1.600049E-8	1.653585E-8	1.650232E-8	1.706774E-8	1.734781E-8	1.792729E-8	1.831589E-8	1.678847E-8	1.702202E-8	1.750667E-8	1.769247E-8	1.838342E-8	1.865425E-8	1.846985E-8	1.916326E-8	1.867544E-8	1.915821E-8	1.991923E-8	2.054459E-8	2.103409E-8	2.144487E-8	2.199756E-8	2.259229E-8	2.038946E-8	2.043124E-8	2.110471E-8	2.203016E-8	2.276332E-8	2.359121E-8	2.491451E-8	2.567890E-8
0:34:01	1	4.527599E-3	2.550400E+1	2.575900E+1	1.052402E+0	1.329726E+0	4.243622E+2	6.605300E-7	6.616691E-7	1.657061E-8	1.678134E-8	1.732296E-8	1.732790E-8	1.795282E-8	1.822846E-8	1.885351E-8	1.927621E-8	1.763127E-8	1.790877E-8	1.842454E-8	1.864109E-8	1.939139E-8	1.973678E-8	1.952700E-8	2.023403E-8	1.969248E-8	2.026078E-8	2.106509E-8	2.177638E-8	2.232694E-8	2.282528E-8	2.341804E-8	2.405638E-8	2.159946E-8	2.165154E-8	2.237784E-8	2.340099E-8	2.426426E-8	2.515916E-8	2.657913E-8	2.740664E-8
0:34:15	1	1.190038E-2	2.550400E+1	2.575700E+1	1.052554E+0	1.329916E+0	4.250462E+2	7.008100E-7	7.010398E-7	1.737404E-8	1.760828E-8	1.820989E-8	1.819498E-8	1.887940E-8	1.918297E-8	1.986278E-8	2.031131E-8	1.854495E-8	1.883647E-8	1.943130E-8	1.965110E-8	2.047976E-8	2.084960E-8	2.062381E-8	2.141284E-8	2.082653E-8	2.144997E-8	2.234834E-8	2.315010E-8	2.375577E-8	2.428450E-8	2.495680E-8	2.563736E-8	2.286974E-8	2.296819E-8	2.380125E-8	2.492687E-8	2.588940E-8	2.688914E-8	2.844685E-8	2.938555E-8
0:34:28	1	1.205219E-2	2.549700E+1	2.575500E+1	1.052884E+0	1.330080E+0	4.257301E+2	7.397500E-7	7.405896E-7	1.816782E-8	1.842003E-8	1.907551E-8	1.907283E-8	1.980192E-8	2.013937E-8	2.086499E-8	2.135432E-8	1.943422E-8	1.976575E-8	2.039293E-8	2.067500E-8	2.155684E-8	2.193389E-8	2.172004E-8	2.258848E-8	2.193752E-8	2.265218E-8	2.362056E-8	2.448276E-8	2.516738E-8	2.579795E-8	2.651737E-8	2.725761E-8	2.418063E-8	2.433068E-8	2.523995E-8	2.644770E-8	2.756545E-8	2.869249E-8	3.036342E-8	3.137199E-8
0:34:42	1	1.228018E-2	2.549200E+1	2.574700E+1	1.052884E+0	1.329852E+0	4.264140E+2	7.894300E-7	7.900287E-7	1.911314E-8	1.939609E-8	2.010410E-8	2.013750E-8	2.089830E-8	2.130301E-8	2.207419E-8	2.263413E-8	2.051593E-8	2.089605E-8	2.160455E-8	2.192371E-8	2.289762E-8	2.335865E-8	2.317684E-8	2.406309E-8	2.330401E-8	2.410174E-8	2.521001E-8	2.621269E-8	2.697816E-8	2.772394E-8	2.851897E-8	2.929469E-8	2.578156E-8	2.600386E-8	2.703469E-8	2.846985E-8	2.967859E-8	3.089263E-8	3.279224E-8	3.393414E-8
0:34:55	1	1.205219E-2	2.548800E+1	2.574200E+1	1.052605E+0	1.329637E+0	4.270979E+2	8.443500E-7	8.455394E-7	2.015898E-8	2.046396E-8	2.126056E-8	2.129463E-8	2.215484E-8	2.259803E-8	2.341768E-8	2.402718E-8	2.171345E-8	2.216564E-8	2.295097E-8	2.330756E-8	2.438010E-8	2.491226E-8	2.472060E-8	2.570232E-8	2.484243E-8	2.573975E-8	2.700266E-8	2.808154E-8	2.902537E-8	2.988186E-8	3.078614E-8	3.167109E-8	2.760388E-8	2.789410E-8	2.904760E-8	3.068853E-8	3.210266E-8	3.348455E-8	3.557895E-8	3.687953E-8
0:35:09	1	1.691699E-2	2.548500E+1	2.574000E+1	1.052542E+0	1.329751E+0	4.277818E+2	9.110000E-7	9.112576E-7	2.136557E-8	2.172445E-8	2.257410E-8	2.264681E-8	2.359257E-8	2.407062E-8	2.499969E-8	2.564288E-8	2.311655E-8	2.361880E-8	2.450681E-8	2.493876E-8	2.611229E-8	2.671364E-8	2.653269E-8	2.761292E-8	2.665219E-8	2.768899E-8	2.915757E-8	3.038201E-8	3.145523E-8	3.239084E-8	3.344784E-8	3.446212E-8	2.972009E-8	3.013655E-8	3.147876E-8	3.336561E-8	3.499441E-8	3.669574E-8	3.898421E-8	4.047627E-8
0:35:22	1	9.544194E-3	2.548100E+1	2.573700E+1	1.052656E+0	1.329662E+0	4.284657E+2	9.822000E-7	9.838752E-7	2.263857E-8	2.304920E-8	2.400490E-8	2.410449E-8	2.513256E-8	2.565787E-8	2.667538E-8	2.740063E-8	2.461478E-8	2.517782E-8	2.619662E-8	2.669406E-8	2.801125E-8	2.870465E-8	2.855318E-8	2.973928E-8	2.863432E-8	2.981768E-8	3.146379E-8	3.289086E-8	3.421786E-8	3.533201E-8	3.651198E-8	3.762842E-8	3.208731E-8	3.259957E-8	3.417063E-8	3.636478E-8	3.826289E-8	4.017977E-8	4.279654E-8	4.456160E-8
0:35:36	1	1.000020E-2	2.548500E+1	2.574400E+1	1.052643E+0	1.329840E+0	4.291497E+2	1.067200E-6	1.069213E-6	2.406545E-8	2.456922E-8	2.559873E-8	2.573950E-8	2.686528E-8	2.749441E-8	2.859477E-8	2.941609E-8	2.627587E-8	2.696244E-8	2.812752E-8	2.867359E-8	3.018772E-8	3.097168E-8	3.081103E-8	3.218885E-8	3.091788E-8	3.230934E-8	3.420798E-8	3.586079E-8	3.741962E-8	3.873599E-8	4.013354E-8	4.140251E-8	3.487447E-8	3.552748E-8	3.734143E-8	3.993485E-8	4.224833E-8	4.450249E-8	4.760463E-8	4.964950E-8
0:35:49	1	1.190038E-2	2.548300E+1	2.574400E+1	1.052643E+0	1.329840E+0	4.298336E+2	1.161700E-6	1.156589E-6	2.533372E-8	2.587619E-8	2.700071E-8	2.719831E-8	2.844183E-8	2.911001E-8	3.037184E-8	4.008343E-8	2.778260E-8	2.859287E-8	2.983693E-8	3.045237E-8	3.218872E-8	3.305760E-8	3.296663E-8	3.441387E-8	3.290806E-8	3.456258E-8	3.663785E-8	3.868554E-8	4.034600E-8	4.194122E-8	4.355208E-8	4.500451E-8	3.736124E-8	3.818764E-8	4.037415E-8	4.327782E-8	4.598542E-8	4.852975E-8	5.208431E-8	5.444273E-8
0:36:03	1	1.311658E-2	2.548500E+1	2.574100E+1	1.052833E+0	1.329700E+0	4.305175E+2	1.476400E-6	1.352987E-6	2.708335E-8	2.774925E-8	2.895313E-8	2.921411E-8	3.058624E-8	3.155666E-8	4.998324E-8	6.046990E-8	3.011546E-8	3.115674E-8	3.253553E-8	3.322910E-8	3.468653E-8	4.027648E-8	3.935459E-8	7.493976E-8	3.614937E-8	3.794647E-8	4.034655E-8	4.261582E-8	4.486181E-8	4.694514E-8	4.859178E-8	5.038338E-8	4.108854E-8	4.207370E-8	4.458951E-8	4.835106E-8	5.161989E-8	5.474872E-8	5.884511E-8	6.193969E-8
