APD#	0015	Started	04/27/07 16:32	Sense_ohms	1.004464E+6	1.004628E+6	1.002105E+6	1.000924E+6	9.998282E+5	1.007735E+6	1.002821E+6	9.989270E+5	9.993226E+5	1.002376E+6	1.001862E+6	1.003102E+6	1.000030E+6	1.003780E+6	1.000011E+6	1.000898E+6	9.999006E+5	1.006439E+6	1.005624E+6	1.010450E+6	1.003884E+6	1.005600E+6	1.002519E+6	1.006362E+6	1.004620E+6	1.008599E+6	1.003214E+6	1.000475E+6	1.003139E+6	9.996927E+5	1.009944E+6	1.000506E+6	
ElapTime	Shutter_Open	DegC	BiasV	KE237_Amps	Pixel_Sum	A1	A2	A3	A4	A5	A6	A7	A8	B1	B2	B3	B4	B5	B6	B7	B8	C1	C2	C3	C4	C5	C6	C7	C8	D1	D2	D3	D4	D5	D6	D7	D8
   0:00:00	0	1.501969E+1	0.000000E+0	-2.328400E-10	-1.205161E-10	1.264356E-13	-3.405241E-12	-2.464812E-12	-2.911310E-12	-3.801653E-12	-3.206200E-12	-2.968626E-12	-2.980198E-12	-5.514736E-12	-4.550189E-12	-3.098231E-12	-2.399557E-12	-9.499715E-13	-4.228018E-12	-3.673960E-12	-3.353988E-12	-5.321529E-12	-5.098173E-12	-4.850720E-12	-5.704389E-12	-4.416845E-12	-4.220366E-12	-3.727610E-12	-4.028372E-12	-4.035357E-12	-4.019437E-12	-3.599431E-12	-5.255504E-12	-5.177747E-12	-4.182285E-12	-3.825955E-12	-3.672142E-12
   0:00:13	0	1.502349E+1	0.000000E+0	-1.205200E-10	-3.898422E-10	1.513245E-12	-1.191685E-11	-1.068251E-11	-1.215077E-11	-1.134095E-11	-1.093740E-11	-1.105382E-11	-1.090670E-11	-1.280467E-11	-1.232272E-11	-1.270834E-11	-9.093791E-12	-6.524804E-12	-1.350495E-11	-1.152887E-11	-1.544213E-11	-1.564756E-11	-1.636463E-11	-1.656683E-11	-1.642437E-11	-1.318778E-11	-1.190533E-11	-1.112099E-11	-1.221131E-11	-1.267345E-11	-1.325205E-11	-1.319659E-11	-1.215623E-11	-1.420840E-11	-1.279993E-11	-1.310865E-11	-1.361211E-11
   0:00:27	0	1.502356E+1	1.000000E+1	3.633700E-10	-1.765689E-10	6.621442E-12	-4.539989E-12	-3.476682E-12	-4.177140E-12	-4.244729E-12	-4.462483E-12	-4.358704E-12	-4.628967E-12	-7.099809E-12	-6.129436E-12	-4.488642E-12	-5.746175E-12	6.299811E-14	-6.500428E-12	-4.687948E-12	-8.544327E-12	-1.000899E-11	-9.000049E-12	-9.952030E-12	-1.084566E-11	-5.805452E-12	-4.598250E-12	-3.917133E-12	-4.343367E-12	-6.746830E-12	-5.714858E-12	-4.609186E-12	-7.471451E-12	-7.766621E-12	-7.160200E-12	-5.832997E-12	-6.394764E-12
   0:00:41	0	1.502288E+1	2.000000E+1	1.009600E-9	-8.033586E-11	9.459772E-12	-2.017662E-12	-1.453939E-12	-2.657544E-12	-4.430761E-13	-8.801917E-13	-2.842980E-12	-2.917130E-12	-1.775203E-12	-2.338444E-12	-2.339644E-12	-3.914856E-12	3.356899E-12	-3.722927E-12	-2.533972E-12	-4.619851E-12	-3.421340E-12	-7.049608E-12	-7.117969E-12	-5.642041E-12	-4.290336E-12	-2.835123E-12	-2.084749E-12	-3.149960E-13	-2.522347E-12	-3.956974E-12	-8.203634E-13	-3.989105E-12	-2.904882E-12	-2.914896E-12	-3.512076E-12	-5.318309E-12
   0:00:55	0	1.502349E+1	3.000000E+1	1.056400E-9	4.331854E-12	1.059471E-11	8.192087E-13	7.584036E-13	-6.963566E-13	1.330229E-12	1.760383E-12	-6.950393E-13	-1.966110E-12	-1.901288E-13	-1.895496E-12	8.853515E-13	-1.894124E-13	6.967791E-12	-2.524458E-12	1.203987E-12	-2.088125E-12	-2.154214E-12	-3.650494E-12	-6.362219E-12	-2.131723E-12	-1.199342E-12	-1.764121E-12	2.021907E-12	2.202985E-12	1.261173E-12	-9.419006E-13	3.978214E-12	-1.519278E-12	3.094287E-12	-5.071558E-13	-1.881292E-12	-1.899039E-13
   0:01:09	0	1.502318E+1	4.000000E+1	1.263700E-9	9.156592E-11	1.519816E-11	3.530660E-12	4.487554E-12	3.290959E-12	2.660457E-12	6.599949E-12	2.084121E-12	1.521633E-12	2.852933E-12	8.848975E-13	4.173229E-12	1.073669E-12	1.032469E-11	6.943753E-13	2.913968E-12	-6.963747E-13	-2.530252E-13	-8.177346E-13	-3.842390E-12	6.234846E-14	1.767136E-12	2.267303E-12	4.991427E-12	5.098563E-12	1.954968E-12	1.318661E-12	3.978214E-12	6.297009E-14	5.241547E-12	1.964604E-12	3.011058E-12	3.165398E-12
   0:01:23	0	1.502387E+1	5.000000E+1	1.530800E-9	1.913975E-10	1.803649E-11	6.179402E-12	6.637029E-12	6.708801E-12	5.258903E-12	9.491583E-12	4.674812E-12	3.360606E-12	6.592466E-12	4.550189E-12	6.955050E-12	5.115133E-12	1.330160E-11	4.985156E-12	5.193943E-12	3.291045E-12	4.054403E-12	2.076629E-12	-1.826726E-12	3.824039E-12	4.479601E-12	4.283015E-12	8.214308E-12	7.364149E-12	6.746830E-12	5.840775E-12	8.398009E-12	2.278918E-12	7.703818E-12	5.322636E-12	4.327963E-12	7.976964E-12
   0:01:37	0	1.502524E+1	6.000000E+1	1.717600E-9	2.393666E-10	1.854024E-11	8.259774E-12	8.534036E-12	6.961568E-12	8.299426E-12	1.169157E-11	5.937251E-12	3.550810E-12	7.986410E-12	4.044391E-12	7.334343E-12	5.999390E-12	1.577253E-11	2.335173E-12	6.080933E-12	4.367078E-12	5.384535E-12	2.580385E-12	8.183973E-13	6.268494E-12	6.689020E-12	5.417661E-12	9.730489E-12	1.038592E-11	9.205471E-12	7.096973E-12	1.161766E-11	4.621805E-12	1.490222E-11	6.843103E-12	5.018100E-12	7.091412E-12
   0:01:51	0	1.502425E+1	7.000000E+1	1.776700E-9	2.848213E-10	1.923414E-11	1.084481E-11	9.355307E-12	6.581918E-12	8.679491E-12	1.206865E-11	7.075041E-12	6.277736E-12	1.172694E-11	6.509533E-12	8.219695E-12	7.514689E-12	1.577253E-11	5.490247E-12	7.537917E-12	4.240192E-12	6.525649E-12	5.538339E-12	2.771414E-12	6.707902E-12	6.941041E-12	7.118138E-12	1.307905E-11	9.755933E-12	1.116044E-11	9.106692E-12	1.250182E-11	6.394962E-12	1.534483E-11	6.717064E-12	8.342047E-12	9.687098E-12
   0:02:05	0	1.502470E+1	8.000000E+1	1.916200E-9	3.230233E-10	2.043279E-11	1.191685E-11	1.055678E-11	9.808937E-12	9.693665E-12	1.420612E-11	7.769083E-12	7.038552E-12	1.121960E-11	7.078182E-12	9.167929E-12	7.830709E-12	1.811646E-11	7.004523E-12	9.817892E-12	7.594180E-12	8.108806E-12	6.483254E-12	-1.575141E-12	1.059429E-11	8.076630E-12	7.747613E-12	1.175240E-11	1.296651E-11	1.273715E-11	1.092803E-11	1.370196E-11	9.053699E-12	1.414460E-11	9.124804E-12	8.530176E-12	1.139623E-11
   0:02:19	0	1.502364E+1	9.000000E+1	2.003600E-9	3.745331E-10	2.226162E-11	1.235880E-11	1.131518E-11	9.935819E-12	1.159399E-11	1.621756E-11	9.285805E-12	6.848348E-12	1.255050E-11	6.761934E-12	1.188687E-11	9.093791E-12	2.026939E-11	1.205344E-11	1.070488E-11	8.227612E-12	1.058005E-11	7.174801E-12	5.606469E-12	1.021822E-11	1.028505E-11	9.071201E-12	1.428003E-11	1.510689E-11	1.475483E-11	1.136725E-11	1.370196E-11	8.547940E-12	1.490222E-11	1.267289E-11	1.172837E-11	1.316934E-11
   0:02:33	0	1.502432E+1	1.000000E+2	2.081300E-9	4.248415E-10	2.427962E-11	1.519567E-11	1.479186E-11	1.126459E-11	1.260817E-11	1.885714E-11	1.061206E-11	9.448138E-12	1.419862E-11	9.605178E-12	1.144369E-11	1.016746E-11	2.090337E-11	1.098049E-11	1.190887E-11	8.923986E-12	1.235323E-11	8.371098E-12	6.613804E-12	1.159780E-11	1.243072E-11	1.014220E-11	1.630194E-11	1.775007E-11	1.683522E-11	1.356535E-11	1.717480E-11	9.877308E-12	1.616526E-11	1.356017E-11	1.279477E-11	1.411886E-11
   0:02:48	0	1.502303E+1	1.200000E+2	2.463600E-9	5.238479E-10	2.598202E-11	1.746617E-11	1.517106E-11	1.449261E-11	1.723296E-11	2.105812E-11	1.497077E-11	1.135118E-11	1.641712E-11	1.099587E-11	1.555404E-11	1.281923E-11	2.432327E-11	1.369424E-11	1.659582E-11	1.164454E-11	1.640763E-11	1.120286E-11	9.385218E-12	1.485774E-11	1.558547E-11	1.474045E-11	1.946098E-11	2.020545E-11	1.923115E-11	1.651796E-11	2.096263E-11	1.297983E-11	2.134400E-11	1.622098E-11	1.724848E-11	1.772803E-11
   0:03:02	0	1.502242E+1	1.400000E+2	2.592600E-9	6.561144E-10	3.159496E-11	2.351915E-11	2.003782E-11	1.765669E-11	2.065355E-11	2.438935E-11	1.718153E-11	1.502913E-11	2.034778E-11	1.371342E-11	1.871515E-11	1.578703E-11	2.825115E-11	1.501923E-11	1.950979E-11	1.626539E-11	2.058905E-11	1.611225E-11	1.562214E-11	1.949626E-11	2.006606E-11	1.851929E-11	2.331527E-11	2.486282E-11	2.238359E-11	2.185606E-11	2.645597E-11	1.753867E-11	2.595353E-11	2.325515E-11	2.038430E-11	2.203285E-11
   0:03:16	0	1.502182E+1	1.600000E+2	2.811100E-9	8.368361E-10	3.682860E-11	2.900477E-11	2.648525E-11	2.018835E-11	2.337802E-11	3.054970E-11	2.236092E-11	1.959503E-11	2.478479E-11	1.725201E-11	2.478485E-11	2.140759E-11	3.331800E-11	2.145590E-11	2.432373E-11	2.126490E-11	2.983797E-11	2.221794E-11	1.990505E-11	2.520164E-11	2.688060E-11	2.563743E-11	3.051912E-11	3.090538E-11	3.026617E-11	2.914141E-11	3.182372E-11	2.374272E-11	3.050026E-11	2.693028E-11	2.728369E-11	2.906030E-11
   0:03:30	0	1.502250E+1	1.800000E+2	2.978000E-9	1.063261E-9	4.458597E-11	3.726454E-11	3.261734E-11	2.790921E-11	3.028420E-11	3.890904E-11	2.836199E-11	2.485767E-11	3.106004E-11	2.173935E-11	2.946414E-11	2.721757E-11	4.028579E-11	2.625177E-11	3.192565E-11	2.835254E-11	3.655363E-11	2.844882E-11	2.947921E-11	3.366421E-11	3.369513E-11	3.231504E-11	3.683721E-11	3.908832E-11	3.972348E-11	3.730620E-11	3.971635E-11	2.963093E-11	3.997153E-11	3.428053E-11	3.531186E-11	3.615171E-11
   0:03:45	0	1.502333E+1	2.000000E+2	3.229800E-9	1.338753E-9	5.379287E-11	4.798293E-11	4.304739E-11	3.309842E-11	3.687333E-11	4.708083E-11	3.556268E-11	3.081907E-11	3.980797E-11	2.793163E-11	3.920101E-11	3.498448E-11	4.890053E-11	3.521290E-11	3.895657E-11	3.512446E-11	4.884386E-11	3.430213E-11	4.088108E-11	4.269187E-11	4.290735E-11	4.157518E-11	4.770483E-11	4.802646E-11	4.974916E-11	4.666374E-11	4.887193E-11	3.672256E-11	4.912779E-11	4.194689E-11	4.559857E-11	4.476235E-11
   0:03:59	0	1.492270E+1	2.200000E+2	3.504300E-9	1.679520E-9	6.463945E-11	6.015261E-11	5.208636E-11	4.214905E-11	4.656600E-11	5.845882E-11	4.541688E-11	3.950639E-11	4.817463E-11	3.564132E-11	4.805253E-11	4.186813E-11	5.865524E-11	4.455259E-11	4.953546E-11	4.385861E-11	6.113408E-11	4.814897E-11	5.045524E-11	5.466574E-11	5.344542E-11	5.341687E-11	5.775152E-11	5.885258E-11	6.418845E-11	5.809445E-11	6.326865E-11	4.849896E-11	6.365220E-11	5.309932E-11	5.619817E-11	5.533500E-11
   0:04:13	0	1.502349E+1	2.400000E+2	3.971700E-9	2.107110E-9	7.870267E-11	7.774420E-11	6.403321E-11	5.360347E-11	5.860407E-11	7.304202E-11	5.577665E-11	4.705249E-11	5.990158E-11	4.101355E-11	6.057122E-11	5.399252E-11	7.271782E-11	5.294586E-11	6.144432E-11	5.455401E-11	7.760471E-11	6.331730E-11	6.519534E-11	6.908407E-11	6.720099E-11	6.677208E-11	7.386394E-11	7.257528E-11	8.133921E-11	7.335621E-11	7.917952E-11	6.033934E-11	7.918544E-11	6.779983E-11	7.488930E-11	6.970773E-11
   0:04:27	0	1.502090E+1	2.600000E+2	4.476000E-9	2.659362E-9	9.787409E-11	1.004431E-10	8.053148E-11	6.480512E-11	7.070515E-11	8.951064E-11	7.238879E-11	5.840367E-11	7.321259E-11	5.049303E-11	7.650455E-11	6.681175E-11	8.912333E-11	6.563092E-11	7.804014E-11	6.847751E-11	9.996794E-11	8.075104E-11	8.705341E-11	8.995992E-11	8.632073E-11	8.497613E-11	9.199826E-11	8.868876E-11	1.037228E-10	9.282579E-11	1.013423E-10	7.819386E-11	1.022341E-10	8.744287E-11	9.602612E-11	8.490204E-11
   0:04:42	0	1.502151E+1	2.800000E+2	5.174800E-9	3.385697E-9	1.205767E-10	1.315920E-10	1.018346E-10	8.246181E-11	8.964840E-11	1.144031E-10	9.197055E-11	7.311545E-11	9.070745E-11	6.268905E-11	9.686364E-11	8.537716E-11	1.119906E-10	8.178585E-11	9.868991E-11	8.714774E-11	1.276527E-10	1.075634E-10	1.143907E-10	1.147222E-10	1.094778E-10	1.096689E-10	1.162621E-10	1.103420E-10	1.312775E-10	1.212137E-10	1.289994E-10	9.934081E-11	1.314085E-10	1.119644E-10	1.236237E-10	1.069349E-10
   0:04:56	0	1.502273E+1	3.000000E+2	6.113500E-9	4.348093E-9	1.519198E-10	1.756023E-10	1.291422E-10	1.054985E-10	1.173352E-10	1.472153E-10	1.197641E-10	9.156825E-11	1.173305E-10	7.703397E-11	1.249364E-10	1.047012E-10	1.442957E-10	1.003387E-10	1.274486E-10	1.107535E-10	1.640793E-10	1.383412E-10	1.507999E-10	1.466940E-10	1.422266E-10	1.427397E-10	1.498765E-10	1.384144E-10	1.711901E-10	1.546878E-10	1.611381E-10	1.264399E-10	1.718217E-10	1.466881E-10	1.616951E-10	1.363760E-10
   0:05:10	0	1.502295E+1	3.200000E+2	7.506500E-9	5.695097E-9	1.965685E-10	2.409260E-10	1.687119E-10	1.384711E-10	1.504699E-10	1.917816E-10	1.586744E-10	1.194702E-10	1.517508E-10	1.001002E-10	1.644538E-10	1.382960E-10	1.880024E-10	1.309460E-10	1.671652E-10	1.446761E-10	2.160905E-10	1.828397E-10	2.028293E-10	1.923945E-10	1.859548E-10	1.907399E-10	1.954965E-10	1.765587E-10	2.216968E-10	2.029855E-10	2.076735E-10	1.624029E-10	2.256866E-10	1.942117E-10	2.103671E-10	1.767056E-10
   0:05:24	0	1.502463E+1	3.400000E+2	9.285000E-9	7.658162E-9	2.622802E-10	3.397924E-10	2.282575E-10	1.844795E-10	2.020417E-10	2.571549E-10	2.158401E-10	1.583419E-10	2.011933E-10	1.310656E-10	2.216742E-10	1.845216E-10	2.500145E-10	1.705135E-10	2.249355E-10	1.941047E-10	2.919220E-10	2.481710E-10	2.726238E-10	2.587204E-10	2.501275E-10	2.593387E-10	2.637366E-10	2.312577E-10	2.975493E-10	2.723213E-10	2.737831E-10	2.159034E-10	3.085345E-10	2.630888E-10	2.877021E-10	2.371700E-10
   0:05:39	0	1.502303E+1	3.600000E+2	1.227600E-8	1.066312E-8	3.628034E-10	4.967948E-10	3.169438E-10	2.568796E-10	2.806662E-10	3.579175E-10	3.015573E-10	2.171890E-10	2.797305E-10	1.790306E-10	3.074735E-10	2.561325E-10	3.479426E-10	2.348184E-10	3.148835E-10	2.681512E-10	4.074745E-10	3.484334E-10	3.865729E-10	3.587105E-10	3.479954E-10	3.630867E-10	3.666664E-10	3.149741E-10	4.179192E-10	3.748814E-10	3.708321E-10	2.987821E-10	4.278181E-10	3.661825E-10	4.075622E-10	3.263139E-10
   0:05:52	0	1.502303E+1	3.620000E+2	1.202500E-8	1.106568E-8	3.769931E-10	5.178544E-10	3.283857E-10	2.675118E-10	2.901058E-10	3.713059E-10	3.155179E-10	2.230233E-10	2.910772E-10	1.845914E-10	3.184121E-10	2.654147E-10	3.600412E-10	2.432117E-10	3.234354E-10	2.792263E-10	4.246432E-10	3.613364E-10	4.006199E-10	3.756999E-10	3.604261E-10	3.743616E-10	3.806302E-10	3.251713E-10	4.336197E-10	3.905834E-10	3.830818E-10	3.078368E-10	4.490993E-10	3.794256E-10	4.241829E-10	3.388505E-10
   0:06:06	0	1.502425E+1	3.640000E+2	1.224000E-8	1.146152E-8	3.904251E-10	5.385357E-10	3.408375E-10	2.761189E-10	3.015098E-10	3.852610E-10	3.234765E-10	2.316476E-10	3.005216E-10	1.911638E-10	3.297929E-10	2.752661E-10	3.725198E-10	2.526779E-10	3.359143E-10	2.884670E-10	4.382636E-10	3.739869E-10	4.149821E-10	3.878618E-10	3.735511E-10	3.887868E-10	3.946579E-10	3.388930E-10	4.483108E-10	4.038979E-10	3.958368E-10	3.194862E-10	4.650113E-10	3.936830E-10	4.393620E-10	3.508165E-10
   0:06:20	0	1.502295E+1	3.660000E+2	1.262600E-8	1.189820E-8	4.040463E-10	5.624331E-10	3.533542E-10	2.871307E-10	3.110764E-10	3.988380E-10	3.375627E-10	2.401447E-10	3.128819E-10	1.982420E-10	3.419952E-10	2.844865E-10	3.872154E-10	2.615752E-10	3.485832E-10	2.983401E-10	4.544812E-10	3.900366E-10	4.323047E-10	4.029066E-10	3.874322E-10	4.037162E-10	4.108331E-10	3.490901E-10	4.672264E-10	4.195989E-10	4.111805E-10	3.306300E-10	4.811776E-10	4.103471E-10	4.564847E-10	3.628454E-10
   0:06:34	0	1.502235E+1	3.680000E+2	1.314700E-8	1.234754E-8	4.179841E-10	5.859522E-10	3.666282E-10	2.985851E-10	3.233676E-10	4.149930E-10	3.512062E-10	2.494026E-10	3.234681E-10	2.046248E-10	3.556528E-10	2.949690E-10	4.022909E-10	2.690221E-10	3.617580E-10	3.121367E-10	4.723460E-10	4.030021E-10	4.491858E-10	4.173883E-10	4.026401E-10	4.199055E-10	4.260608E-10	3.624342E-10	4.836207E-10	4.347347E-10	4.242505E-10	3.429131E-10	5.016374E-10	4.251116E-10	4.721648E-10	3.781037E-10
   0:06:47	0	1.502303E+1	3.700000E+2	1.356600E-8	1.282721E-8	4.346955E-10	6.116772E-10	3.814201E-10	3.089645E-10	3.366088E-10	4.305189E-10	3.652925E-10	2.581540E-10	3.338632E-10	2.129031E-10	3.677922E-10	3.056409E-10	4.164165E-10	2.836000E-10	3.753139E-10	3.230219E-10	4.902107E-10	4.187368E-10	4.674530E-10	4.353179E-10	4.186669E-10	4.371022E-10	4.415418E-10	3.743305E-10	5.019062E-10	4.515660E-10	4.425616E-10	3.551963E-10	5.191913E-10	4.407624E-10	4.938036E-10	3.929832E-10
   0:07:01	0	1.502371E+1	3.720000E+2	1.412200E-8	1.331964E-8	4.514069E-10	6.384124E-10	3.970961E-10	3.214949E-10	3.479498E-10	4.475532E-10	3.796321E-10	2.675391E-10	3.483159E-10	2.204233E-10	3.822712E-10	3.199754E-10	4.328860E-10	2.900367E-10	3.914667E-10	3.344137E-10	5.091536E-10	4.360453E-10	4.861618E-10	4.527458E-10	4.350094E-10	4.529763E-10	4.576542E-10	3.905702E-10	5.232814E-10	4.673929E-10	4.531695E-10	3.700112E-10	5.382624E-10	4.578077E-10	5.117422E-10	4.067852E-10
   0:07:15	0	1.502417E+1	3.740000E+2	1.463000E-8	1.387688E-8	4.703892E-10	6.677317E-10	4.109400E-10	3.353541E-10	3.604939E-10	4.655311E-10	3.950446E-10	2.778752E-10	3.618811E-10	2.310400E-10	3.992795E-10	3.318476E-10	4.513815E-10	3.003855E-10	4.056555E-10	3.470084E-10	5.308198E-10	4.539828E-10	5.068853E-10	4.699847E-10	4.531828E-10	4.725666E-10	4.776209E-10	4.062435E-10	5.439629E-10	4.877419E-10	4.764686E-10	3.840676E-10	5.651620E-10	4.788441E-10	5.341960E-10	4.233098E-10
   0:07:29	0	1.502295E+1	3.760000E+2	1.533500E-8	1.441865E-8	4.876690E-10	6.976821E-10	4.277546E-10	3.459863E-10	3.751925E-10	4.847663E-10	4.117205E-10	2.906849E-10	3.769674E-10	2.369171E-10	4.147697E-10	3.432782E-10	4.689909E-10	3.138905E-10	4.218084E-10	3.612476E-10	5.519789E-10	4.715437E-10	5.270419E-10	4.883527E-10	4.695881E-10	4.921569E-10	4.952495E-10	4.205316E-10	5.662211E-10	5.058294E-10	4.917495E-10	3.987566E-10	5.857483E-10	4.963965E-10	5.576537E-10	4.405301E-10
   0:07:42	0	1.502197E+1	3.780000E+2	1.580800E-8	1.502767E-8	5.107500E-10	7.312259E-10	4.446949E-10	3.616179E-10	3.907151E-10	5.025547E-10	4.294066E-10	3.002602E-10	3.924338E-10	2.481025E-10	4.316513E-10	3.569806E-10	4.874874E-10	3.248710E-10	4.415091E-10	3.763740E-10	5.763683E-10	4.916840E-10	5.498447E-10	5.094166E-10	4.908535E-10	5.140155E-10	5.159114E-10	4.369601E-10	5.893612E-10	5.272462E-10	5.123334E-10	4.154087E-10	6.122063E-10	5.174960E-10	5.797945E-10	4.581312E-10
   0:07:56	0	1.502341E+1	3.800000E+2	1.633200E-8	1.567499E-8	5.301733E-10	7.679231E-10	4.653654E-10	3.750355E-10	4.089613E-10	5.258128E-10	4.481039E-10	3.128797E-10	4.089150E-10	2.563180E-10	4.507457E-10	3.711896E-10	5.097207E-10	3.383132E-10	4.588650E-10	3.928292E-10	6.010757E-10	5.132094E-10	5.732142E-10	5.316087E-10	5.091525E-10	5.335432E-10	5.400476E-10	4.545849E-10	6.154028E-10	5.491023E-10	5.334864E-10	4.330093E-10	6.414435E-10	5.408782E-10	6.068267E-10	4.772525E-10
   0:08:10	0	1.502432E+1	3.820000E+2	1.706400E-8	1.633018E-8	5.518037E-10	7.999538E-10	4.836968E-10	3.923125E-10	4.243569E-10	5.471220E-10	4.668650E-10	3.260689E-10	4.256493E-10	2.661766E-10	4.695247E-10	3.885557E-10	5.319540E-10	3.523222E-10	4.804657E-10	4.072583E-10	6.241350E-10	5.345461E-10	5.982842E-10	5.543025E-10	5.335089E-10	5.581096E-10	5.617839E-10	4.736566E-10	6.412544E-10	5.710208E-10	5.544490E-10	4.511177E-10	6.675864E-10	5.622948E-10	6.339223E-10	4.961190E-10
   0:08:24	0	1.502318E+1	3.840000E+2	1.782000E-8	1.706126E-8	5.766508E-10	8.413164E-10	5.056945E-10	4.102859E-10	4.441873E-10	5.732082E-10	4.874569E-10	3.389417E-10	4.453627E-10	2.790051E-10	4.895045E-10	4.036479E-10	5.552643E-10	3.663323E-10	5.002285E-10	4.252321E-10	6.537210E-10	5.589032E-10	6.258741E-10	5.787520E-10	5.566032E-10	5.848190E-10	5.866792E-10	4.943649E-10	6.704485E-10	5.975249E-10	5.789483E-10	4.686564E-10	6.954340E-10	5.889080E-10	6.601406E-10	5.191653E-10
   0:08:37	0	1.502204E+1	3.860000E+2	1.864000E-8	1.780201E-8	6.013088E-10	8.836883E-10	5.263011E-10	4.269935E-10	4.612302E-10	5.974080E-10	5.106395E-10	3.535904E-10	4.629846E-10	2.923384E-10	5.149851E-10	4.204458E-10	5.781947E-10	3.813515E-10	5.199923E-10	4.433329E-10	6.820388E-10	5.823801E-10	6.551017E-10	6.039527E-10	5.805183E-10	6.086297E-10	6.127744E-10	5.131861E-10	7.004619E-10	6.193809E-10	6.043317E-10	4.906260E-10	7.277017E-10	6.152681E-10	6.903086E-10	5.405645E-10
   0:08:51	0	1.502295E+1	3.880000E+2	1.938200E-8	1.862869E-8	6.288050E-10	9.311676E-10	5.503854E-10	4.462956E-10	4.842282E-10	6.243745E-10	5.333165E-10	3.683653E-10	4.836486E-10	3.032714E-10	5.337003E-10	4.405275E-10	6.053048E-10	3.978850E-10	5.443160E-10	4.640912E-10	7.143480E-10	6.130943E-10	6.861561E-10	6.308467E-10	6.061995E-10	6.372285E-10	6.405764E-10	5.362235E-10	7.341950E-10	6.500929E-10	6.288937E-10	5.137360E-10	7.631275E-10	6.422604E-10	7.248055E-10	5.672200E-10
   0:09:05	0	1.502410E+1	3.900000E+2	2.027600E-8	1.948229E-8	6.573725E-10	9.773220E-10	5.783246E-10	4.664210E-10	5.046287E-10	6.513409E-10	5.583300E-10	3.861844E-10	5.056445E-10	3.174268E-10	5.582326E-10	4.598505E-10	6.314661E-10	4.155552E-10	5.720607E-10	4.839634E-10	7.466562E-10	6.387739E-10	7.178409E-10	6.599980E-10	6.339637E-10	6.665195E-10	6.710955E-10	5.603938E-10	7.679292E-10	6.810556E-10	6.583172E-10	5.353267E-10	7.946376E-10	6.731188E-10	7.598669E-10	5.926711E-10
   0:09:19	0	1.502455E+1	3.920000E+2	2.109600E-8	2.043058E-8	6.884627E-10	1.029971E-9	6.041153E-10	4.892040E-10	5.262324E-10	6.843416E-10	5.865653E-10	4.033698E-10	5.308726E-10	3.332253E-10	5.862414E-10	4.819530E-10	6.613642E-10	4.347397E-10	5.994894E-10	5.077600E-10	7.823238E-10	6.717546E-10	7.531781E-10	6.919689E-10	6.659554E-10	6.994640E-10	7.040146E-10	5.867680E-10	8.050049E-10	7.110130E-10	6.893205E-10	5.609056E-10	8.382717E-10	7.075894E-10	7.949906E-10	6.201492E-10
   0:09:32	0	1.502250E+1	3.940000E+2	2.220200E-8	2.140359E-8	7.192373E-10	1.086151E-9	6.309169E-10	5.101516E-10	5.529690E-10	7.168402E-10	6.118320E-10	4.219498E-10	5.550240E-10	3.460538E-10	6.120384E-10	5.053185E-10	6.935422E-10	4.544283E-10	6.282471E-10	5.319993E-10	8.211576E-10	7.029726E-10	7.917920E-10	7.261349E-10	6.954230E-10	7.343616E-10	7.372509E-10	6.140852E-10	8.448548E-10	7.450533E-10	7.198813E-10	5.874979E-10	8.791902E-10	7.423131E-10	8.340660E-10	6.508557E-10
   0:09:46	0	1.502227E+1	3.960000E+2	2.324600E-8	2.250047E-8	7.543008E-10	1.146872E-9	6.661258E-10	5.369848E-10	5.816689E-10	7.534868E-10	6.455000E-10	4.408460E-10	5.834212E-10	3.638116E-10	6.436525E-10	5.305143E-10	7.291411E-10	4.812489E-10	6.602357E-10	5.569978E-10	8.620187E-10	7.397289E-10	8.301532E-10	7.631847E-10	7.323994E-10	7.716527E-10	7.753519E-10	6.429774E-10	8.879835E-10	7.824854E-10	7.558088E-10	6.190290E-10	9.220676E-10	7.793175E-10	8.771556E-10	6.843487E-10
   0:10:00	0	1.502326E+1	3.980000E+2	2.445400E-8	2.362075E-8	7.944088E-10	1.209673E-9	6.967833E-10	5.652737E-10	6.082785E-10	7.909500E-10	6.768307E-10	4.642461E-10	6.123258E-10	3.828334E-10	6.769725E-10	5.588056E-10	7.654360E-10	4.994232E-10	6.929854E-10	5.857940E-10	9.047179E-10	7.759189E-10	8.730500E-10	7.997961E-10	7.668515E-10	8.104564E-10	8.139576E-10	6.750156E-10	9.340756E-10	8.216120E-10	7.879475E-10	6.477103E-10	9.711954E-10	8.174002E-10	9.225650E-10	7.174610E-10
   0:10:14	0	1.502455E+1	4.000000E+2	2.560700E-8	2.488543E-8	8.339493E-10	1.281364E-9	7.350268E-10	5.943228E-10	6.410331E-10	8.313684E-10	7.125200E-10	4.872018E-10	6.448438E-10	4.040041E-10	7.135813E-10	5.843174E-10	8.071158E-10	5.271902E-10	7.266840E-10	6.167422E-10	9.544489E-10	8.185295E-10	9.222453E-10	8.421743E-10	8.092549E-10	8.533542E-10	8.576825E-10	7.105167E-10	9.817433E-10	8.644456E-10	8.312633E-10	6.825968E-10	1.025249E-9	8.630222E-10	9.712994E-10	7.563353E-10
   0:10:27	0	1.502402E+1	4.020000E+2	2.689300E-8	2.620649E-8	8.782196E-10	1.355326E-9	7.720688E-10	6.257128E-10	6.728376E-10	8.771294E-10	7.518091E-10	5.142148E-10	6.786927E-10	4.218876E-10	7.518970E-10	6.153233E-10	8.505055E-10	5.530007E-10	7.652606E-10	6.471828E-10	1.004369E-9	8.610139E-10	9.716932E-10	8.873106E-10	8.520367E-10	9.002834E-10	9.007749E-10	7.443177E-10	1.036726E-9	9.100416E-10	8.762836E-10	7.209016E-10	1.079681E-9	9.087082E-10	1.024236E-9	7.970447E-10
   0:10:41	0	1.502242E+1	4.040000E+2	2.831200E-8	2.768164E-8	9.258958E-10	1.440510E-9	8.161909E-10	6.598873E-10	7.119283E-10	9.271019E-10	7.928045E-10	5.395169E-10	7.160280E-10	4.445118E-10	7.923626E-10	6.501821E-10	8.966191E-10	5.836707E-10	8.105521E-10	6.852197E-10	1.061576E-9	9.101068E-10	1.027188E-9	9.375249E-10	8.988558E-10	9.504873E-10	9.535989E-10	7.861128E-10	1.097006E-9	9.582758E-10	9.234500E-10	7.576881E-10	1.142638E-9	9.600330E-10	1.083131E-9	8.409845E-10
   0:10:55	0	1.502197E+1	4.060000E+2	3.004100E-8	2.929369E-8	9.786165E-10	1.531937E-9	8.631571E-10	6.958970E-10	7.510190E-10	9.787087E-10	8.409377E-10	5.690035E-10	7.573570E-10	4.690306E-10	8.392134E-10	6.861137E-10	9.485605E-10	6.150342E-10	8.553366E-10	7.242047E-10	1.121125E-9	9.624090E-10	1.089737E-9	9.908744E-10	9.526808E-10	1.006866E-9	1.010845E-9	8.321250E-10	1.162329E-9	1.015176E-9	9.749116E-10	8.038442E-10	1.212289E-9	1.016744E-9	1.146793E-9	8.908112E-10
   0:11:09	0	1.502341E+1	4.080000E+2	3.182600E-8	3.098708E-8	1.035185E-9	1.625318E-9	9.099975E-10	7.382359E-10	7.936574E-10	1.033899E-9	8.891338E-10	6.009008E-10	7.996367E-10	4.962679E-10	8.860013E-10	7.253918E-10	1.003289E-9	6.501215E-10	9.046180E-10	7.660381E-10	1.186820E-9	1.020251E-9	1.152224E-9	1.048862E-9	1.007451E-9	1.065575E-9	1.069671E-9	8.775083E-10	1.230426E-9	1.071261E-9	1.030665E-9	8.493046E-10	1.283518E-9	1.078968E-9	1.213717E-9	9.431708E-10
   0:11:22	0	1.502410E+1	4.100000E+2	3.375400E-8	3.291328E-8	1.097617E-9	1.737174E-9	9.690372E-10	7.817137E-10	8.394002E-10	1.097952E-9	9.431414E-10	6.371727E-10	8.478113E-10	5.264122E-10	9.409460E-10	7.698489E-10	1.068659E-9	6.889318E-10	9.629574E-10	8.112255E-10	1.263729E-9	1.084575E-9	1.227560E-9	1.115125E-9	1.070866E-9	1.132472E-9	1.136332E-9	9.297519E-10	1.307036E-9	1.137270E-9	1.092039E-9	8.987531E-10	1.364599E-9	1.144930E-9	1.289547E-9	9.986967E-10
   0:11:36	0	1.502402E+1	4.109156E+2	3.443600E-8	3.375611E-8	1.124861E-9	1.786418E-9	9.929937E-10	7.996231E-10	8.622711E-10	1.125170E-9	9.659441E-10	6.524551E-10	8.703776E-10	5.385454E-10	9.676912E-10	7.886676E-10	1.093933E-9	7.055281E-10	9.837352E-10	8.320478E-10	1.296228E-9	1.110443E-9	1.257292E-9	1.141643E-9	1.097305E-9	1.161323E-9	1.166724E-9	9.561887E-10	1.341338E-9	1.165406E-9	1.119380E-9	9.265489E-10	1.403181E-9	1.173761E-9	1.323103E-9	1.025984E-9
   0:11:50	0	1.502212E+1	4.118313E+2	3.543400E-8	3.471731E-8	1.157275E-9	1.841842E-9	1.020934E-9	8.240516E-10	8.853961E-10	1.157102E-9	9.946850E-10	6.717958E-10	8.978882E-10	5.542810E-10	9.917803E-10	8.115276E-10	1.124084E-9	7.262906E-10	1.013507E-9	8.561602E-10	1.332528E-9	1.143172E-9	1.294204E-9	1.173364E-9	1.127908E-9	1.192629E-9	1.199391E-9	9.796038E-10	1.378350E-9	1.198630E-9	1.150383E-9	9.523806E-10	1.443596E-9	1.207724E-9	1.359544E-9	1.055298E-9
   0:12:04	0	1.502197E+1	4.127469E+2	3.669300E-8	3.586556E-8	1.193789E-9	1.907228E-9	1.053108E-9	8.508218E-10	9.142871E-10	1.196451E-9	1.028732E-9	6.923419E-10	9.247644E-10	5.714063E-10	1.024343E-9	8.384292E-10	1.162026E-9	7.508388E-10	1.045179E-9	8.836904E-10	1.376304E-9	1.181061E-9	1.339054E-9	1.213297E-9	1.164002E-9	1.231558E-9	1.238502E-9	1.015168E-9	1.426586E-9	1.238071E-9	1.188079E-9	9.841016E-10	1.489629E-9	1.248278E-9	1.405832E-9	1.088600E-9
   0:12:17	0	1.502402E+1	4.136626E+2	3.762500E-8	3.684950E-8	1.225951E-9	1.962400E-9	1.083261E-9	8.751873E-10	9.414027E-10	1.227880E-9	1.054757E-9	7.088296E-10	9.508171E-10	5.871420E-10	1.053553E-9	8.583205E-10	1.194078E-9	7.683198E-10	1.074507E-9	9.078667E-10	1.412857E-9	1.212090E-9	1.373258E-9	1.247150E-9	1.199716E-9	1.269858E-9	1.271865E-9	1.041730E-9	1.468328E-9	1.273493E-9	1.220533E-9	1.006832E-9	1.533200E-9	1.281987E-9	1.443652E-9	1.118674E-9
   0:12:31	0	1.502432E+1	4.145782E+2	3.860500E-8	3.793571E-8	1.259816E-9	2.024886E-9	1.111958E-9	8.975277E-10	9.661750E-10	1.263836E-9	1.084255E-9	7.311505E-10	9.790242E-10	6.003496E-10	1.084788E-9	8.850954E-10	1.226573E-9	7.912899E-10	1.105546E-9	9.312837E-10	1.455873E-9	1.250736E-9	1.417730E-9	1.284639E-9	1.231076E-9	1.304000E-9	1.309713E-9	1.073139E-9	1.512592E-9	1.309480E-9	1.254061E-9	1.039248E-9	1.584034E-9	1.321463E-9	1.491007E-9	1.153369E-9
   0:12:45	0	1.502333E+1	4.154939E+2	3.977400E-8	3.908824E-8	1.295763E-9	2.090211E-9	1.146219E-9	9.268926E-10	9.975994E-10	1.300106E-9	1.118997E-9	7.509988E-10	1.007803E-9	6.213936E-10	1.115706E-9	9.116182E-10	1.264262E-9	8.160274E-10	1.140194E-9	9.609021E-10	1.499775E-9	1.286611E-9	1.461885E-9	1.322064E-9	1.270009E-9	1.346645E-9	1.352742E-9	1.104108E-9	1.558179E-9	1.350240E-9	1.291000E-9	1.069893E-9	1.627794E-9	1.361699E-9	1.533533E-9	1.187368E-9
   0:12:59	0	1.502189E+1	4.164095E+2	4.107800E-8	4.027886E-8	1.336438E-9	2.160073E-9	1.182313E-9	9.533461E-10	1.024526E-9	1.340900E-9	1.154054E-9	7.745251E-10	1.036517E-9	6.405411E-10	1.151745E-9	9.397828E-10	1.304802E-9	8.373578E-10	1.175097E-9	9.888120E-10	1.546592E-9	1.324312E-9	1.503711E-9	1.361496E-9	1.308564E-9	1.386204E-9	1.392043E-9	1.136021E-9	1.607613E-9	1.391440E-9	1.326990E-9	1.103387E-9	1.681090E-9	1.403646E-9	1.580385E-9	1.224533E-9
   0:13:12	0	1.502235E+1	4.173252E+2	4.207500E-8	4.155701E-8	1.377556E-9	2.234602E-9	1.219545E-9	9.829008E-10	1.056013E-9	1.382827E-9	1.188480E-9	7.978611E-10	1.071444E-9	6.618385E-10	1.186394E-9	9.673792E-10	1.344771E-9	8.625366E-10	1.210444E-9	1.021406E-9	1.594548E-9	1.369439E-9	1.555237E-9	1.403373E-9	1.350462E-9	1.430803E-9	1.436401E-9	1.170514E-9	1.659695E-9	1.434587E-9	1.370243E-9	1.137577E-9	1.733628E-9	1.450980E-9	1.631064E-9	1.262457E-9
   0:13:26	0	1.502448E+1	4.182408E+2	4.345500E-8	4.289020E-8	1.420438E-9	2.309319E-9	1.255323E-9	1.012139E-9	1.088452E-9	1.423937E-9	1.225181E-9	8.255728E-10	1.104976E-9	6.793429E-10	1.222560E-9	9.975646E-10	1.389681E-9	8.903674E-10	1.249590E-9	1.053239E-9	1.646813E-9	1.413686E-9	1.604559E-9	1.450578E-9	1.396966E-9	1.479747E-9	1.481326E-9	1.209980E-9	1.715372E-9	1.479429E-9	1.415894E-9	1.173919E-9	1.791723E-9	1.496032E-9	1.681617E-9	1.304877E-9
   0:13:40	0	1.502440E+1	4.191565E+2	4.507900E-8	4.442675E-8	1.471646E-9	2.403206E-9	1.301657E-9	1.049478E-9	1.128112E-9	1.477996E-9	1.270408E-9	8.520793E-10	1.141234E-9	7.029777E-10	1.266123E-9	1.031854E-9	1.436618E-9	9.219829E-10	1.294501E-9	1.090199E-9	1.706427E-9	1.463408E-9	1.664905E-9	1.501043E-9	1.441703E-9	1.532661E-9	1.536676E-9	1.250705E-9	1.777227E-9	1.530804E-9	1.463566E-9	1.217290E-9	1.859163E-9	1.549828E-9	1.742331E-9	1.348942E-9
   0:13:54	0	1.502288E+1	4.200721E+2	4.661400E-8	4.591900E-8	1.516169E-9	2.489336E-9	1.344642E-9	1.084222E-9	1.164922E-9	1.527150E-9	1.312098E-9	8.794737E-10	1.181611E-9	7.283824E-10	1.309876E-9	1.067028E-9	1.485899E-9	9.490556E-10	1.334534E-9	1.125767E-9	1.764076E-9	1.511872E-9	1.720966E-9	1.553451E-9	1.494140E-9	1.582362E-9	1.588425E-9	1.290171E-9	1.836371E-9	1.582492E-9	1.510355E-9	1.258318E-9	1.921994E-9	1.602293E-9	1.804487E-9	1.397061E-9
   0:14:07	0	1.502242E+1	4.209878E+2	4.814100E-8	4.748025E-8	1.567503E-9	2.575214E-9	1.391228E-9	1.119662E-9	1.200844E-9	1.572912E-9	1.355809E-9	9.068040E-10	1.220279E-9	7.511323E-10	1.353503E-9	1.102013E-9	1.536763E-9	9.820608E-10	1.384767E-9	1.163994E-9	1.825020E-9	1.564300E-9	1.779295E-9	1.603729E-9	1.544934E-9	1.637416E-9	1.646366E-9	1.332281E-9	1.902136E-9	1.635751E-9	1.560615E-9	1.302511E-9	1.988930E-9	1.660905E-9	1.866518E-9	1.445052E-9
   0:14:21	0	1.502295E+1	4.219034E+2	4.949900E-8	4.902620E-8	1.619340E-9	2.663804E-9	1.436172E-9	1.156748E-9	1.241582E-9	1.625210E-9	1.398320E-9	9.340723E-10	1.260973E-9	7.762836E-10	1.397509E-9	1.138702E-9	1.589908E-9	1.012983E-9	1.426637E-9	1.198865E-9	1.884190E-9	1.618240E-9	1.839326E-9	1.656201E-9	1.594910E-9	1.689322E-9	1.697231E-9	1.377098E-9	1.969036E-9	1.686999E-9	1.611508E-9	1.345819E-9	2.053086E-9	1.710900E-9	1.925602E-9	1.489624E-9
   0:14:35	0	1.502486E+1	4.228191E+2	5.137300E-8	5.077495E-8	1.671683E-9	2.766013E-9	1.486615E-9	1.196239E-9	1.283207E-9	1.679017E-9	1.449738E-9	9.664760E-10	1.307564E-9	8.030779E-10	1.447585E-9	1.177602E-9	1.641913E-9	1.048448E-9	1.478326E-9	1.241648E-9	1.952419E-9	1.672871E-9	1.907608E-9	1.716507E-9	1.651952E-9	1.751685E-9	1.760417E-9	1.424054E-9	2.038584E-9	1.744906E-9	1.666568E-9	1.393305E-9	2.130696E-9	1.776102E-9	1.996728E-9	1.545403E-9
   0:14:49	0	1.502387E+1	4.237347E+2	5.327800E-8	5.261969E-8	1.730205E-9	2.876545E-9	1.538069E-9	1.237945E-9	1.326226E-9	1.741751E-9	1.498440E-9	1.001734E-9	1.354153E-9	8.320850E-10	1.497787E-9	1.219469E-9	1.702089E-9	1.085050E-9	1.530331E-9	1.287342E-9	2.023689E-9	1.733167E-9	1.978913E-9	1.779323E-9	1.712213E-9	1.817322E-9	1.823539E-9	1.474346E-9	2.113936E-9	1.809658E-9	1.725921E-9	1.444844E-9	2.209629E-9	1.840417E-9	2.072621E-9	1.600928E-9
   0:15:02	0	1.502219E+1	4.246504E+2	5.539600E-8	5.473513E-8	1.799701E-9	2.995779E-9	1.600649E-9	1.286802E-9	1.381852E-9	1.811021E-9	1.565017E-9	1.039084E-9	1.408667E-9	8.636190E-10	1.555893E-9	1.267526E-9	1.772779E-9	1.126069E-9	1.586518E-9	1.339174E-9	2.103577E-9	1.804918E-9	2.057966E-9	1.847905E-9	1.780297E-9	1.888818E-9	1.898477E-9	1.534270E-9	2.205363E-9	1.880878E-9	1.797903E-9	1.503726E-9	2.299487E-9	1.914299E-9	2.151965E-9	1.665127E-9
   0:15:16	0	1.502159E+1	4.255660E+2	5.737500E-8	5.685816E-8	1.862324E-9	3.119741E-9	1.657982E-9	1.334773E-9	1.436275E-9	1.878091E-9	1.619025E-9	1.080302E-9	1.459060E-9	8.952160E-10	1.615643E-9	1.318803E-9	1.838339E-9	1.172452E-9	1.654106E-9	1.387020E-9	2.186883E-9	1.876103E-9	2.140737E-9	1.921378E-9	1.847120E-9	1.964597E-9	1.971899E-9	1.591864E-9	2.290422E-9	1.956621E-9	1.864771E-9	1.562292E-9	2.392186E-9	1.992618E-9	2.235635E-9	1.733885E-9
   0:15:30	0	1.502394E+1	4.264817E+2	5.960300E-8	5.907891E-8	1.933270E-9	3.248306E-9	1.724354E-9	1.386161E-9	1.491394E-9	1.951698E-9	1.680612E-9	1.119618E-9	1.515285E-9	9.299105E-10	1.677922E-9	1.365785E-9	1.906750E-9	1.213850E-9	1.716056E-9	1.443030E-9	2.272028E-9	1.948861E-9	2.227916E-9	1.996292E-9	1.919873E-9	2.038613E-9	2.049427E-9	1.656067E-9	2.385507E-9	2.029914E-9	1.937762E-9	1.621618E-9	2.484633E-9	2.074484E-9	2.329842E-9	1.802073E-9
   0:15:44	0	1.502448E+1	4.273973E+2	6.209700E-8	6.146179E-8	2.007243E-9	3.388536E-9	1.790980E-9	1.440525E-9	1.547781E-9	2.025808E-9	1.748706E-9	1.159886E-9	1.575757E-9	9.647937E-10	1.745511E-9	1.419463E-9	1.988398E-9	1.264713E-9	1.789282E-9	1.500812E-9	2.360846E-9	2.028857E-9	2.316922E-9	2.078293E-9	2.002534E-9	2.125985E-9	2.134098E-9	1.720522E-9	2.479582E-9	2.113258E-9	2.011512E-9	1.691201E-9	2.592929E-9	2.156354E-9	2.417087E-9	1.873616E-9
   0:15:57	0	1.502288E+1	4.283130E+2	6.475800E-8	6.401031E-8	2.090236E-9	3.537467E-9	1.865885E-9	1.500520E-9	1.608158E-9	2.112429E-9	1.815473E-9	1.206748E-9	1.645166E-9	1.004796E-9	1.819108E-9	1.480211E-9	2.070745E-9	1.311160E-9	1.859532E-9	1.557581E-9	2.463602E-9	2.109170E-9	2.415691E-9	2.162861E-9	2.081725E-9	2.212851E-9	2.220536E-9	1.791272E-9	2.586774E-9	2.198923E-9	2.098966E-9	1.756985E-9	2.706404E-9	2.244810E-9	2.521894E-9	1.952631E-9
   0:16:11	0	1.502288E+1	4.292286E+2	6.739400E-8	6.675461E-8	2.174363E-9	3.696991E-9	1.946987E-9	1.562287E-9	1.684059E-9	2.200683E-9	1.894811E-9	1.259253E-9	1.713118E-9	1.048273E-9	1.896435E-9	1.540645E-9	2.156703E-9	1.368144E-9	1.935798E-9	1.628021E-9	2.568384E-9	2.204902E-9	2.523090E-9	2.255203E-9	2.169120E-9	2.304756E-9	2.317147E-9	1.865924E-9	2.700207E-9	2.288295E-9	2.184396E-9	1.837141E-9	2.821078E-9	2.346763E-9	2.628018E-9	2.033608E-9
   0:16:25	0	1.502280E+1	4.301443E+2	7.012800E-8	6.948026E-8	2.259309E-9	3.853930E-9	2.022208E-9	1.622790E-9	1.751913E-9	2.284348E-9	1.969916E-9	1.310047E-9	1.780943E-9	1.088908E-9	1.989821E-9	1.603415E-9	2.244877E-9	1.422795E-9	2.016181E-9	1.686815E-9	2.671710E-9	2.291317E-9	2.628033E-9	2.349300E-9	2.260299E-9	2.397166E-9	2.409146E-9	1.942338E-9	2.808154E-9	2.392927E-9	2.275826E-9	1.910207E-9	2.936194E-9	2.441366E-9	2.738533E-9	2.119526E-9
   0:16:39	0	1.502486E+1	4.310599E+2	7.379800E-8	7.311345E-8	2.373580E-9	4.064338E-9	2.126447E-9	1.704809E-9	1.829650E-9	2.409185E-9	2.069718E-9	1.374791E-9	1.877673E-9	1.143887E-9	2.066579E-9	1.685446E-9	2.361364E-9	1.495493E-9	2.115064E-9	1.774659E-9	2.814947E-9	2.416882E-9	2.769509E-9	2.472862E-9	2.380756E-9	2.525355E-9	2.542594E-9	2.040154E-9	2.966356E-9	2.513073E-9	2.392070E-9	2.012714E-9	3.099049E-9	2.576712E-9	2.882854E-9	2.234881E-9
   0:16:52	0	1.502387E+1	4.319756E+2	7.713200E-8	7.653315E-8	2.481229E-9	4.262201E-9	2.225057E-9	1.782271E-9	1.912140E-9	2.517490E-9	2.162260E-9	1.435414E-9	1.960331E-9	1.194253E-9	2.169325E-9	1.763687E-9	2.474621E-9	1.561692E-9	2.214641E-9	1.858579E-9	2.950138E-9	2.527782E-9	2.899018E-9	2.584951E-9	2.495725E-9	2.648253E-9	2.660246E-9	2.134824E-9	3.107344E-9	2.628383E-9	2.497706E-9	2.108131E-9	3.253064E-9	2.700020E-9	3.023726E-9	2.338651E-9
   0:17:06	0	1.502257E+1	4.328912E+2	8.065100E-8	7.997319E-8	2.586166E-9	4.465168E-9	2.325184E-9	1.860810E-9	1.987722E-9	2.622213E-9	2.260736E-9	1.495657E-9	2.049517E-9	1.246579E-9	2.269982E-9	1.842434E-9	2.583761E-9	1.632308E-9	2.315231E-9	1.941676E-9	3.080705E-9	2.643339E-9	3.033566E-9	2.705315E-9	2.604445E-9	2.763655E-9	2.779035E-9	2.225527E-9	3.256718E-9	2.749408E-9	2.609279E-9	2.207219E-9	3.399817E-9	2.826622E-9	3.159706E-9	2.443686E-9
   0:17:20	0	1.502235E+1	4.338069E+2	8.460000E-8	8.400472E-8	2.708068E-9	4.696762E-9	2.439218E-9	1.953271E-9	2.091436E-9	2.752896E-9	2.367172E-9	1.567187E-9	2.149419E-9	1.306803E-9	2.382084E-9	1.932990E-9	2.707470E-9	1.710055E-9	2.430580E-9	2.036545E-9	3.238323E-9	2.774568E-9	3.187704E-9	2.838343E-9	2.743391E-9	2.909607E-9	2.921266E-9	2.339394E-9	3.425701E-9	2.887954E-9	2.739414E-9	2.327327E-9	3.578395E-9	2.974957E-9	3.318641E-9	2.567780E-9
   0:17:34	0	1.502371E+1	4.347225E+2	8.908800E-8	8.841465E-8	2.843591E-9	4.955405E-9	2.564505E-9	2.052124E-9	2.193124E-9	2.890494E-9	2.487442E-9	1.647086E-9	2.258762E-9	1.375180E-9	2.499623E-9	2.030491E-9	2.851131E-9	1.798404E-9	2.553025E-9	2.136985E-9	3.412348E-9	2.930784E-9	3.361306E-9	2.990930E-9	2.880633E-9	3.061607E-9	3.081442E-9	2.463079E-9	3.609187E-9	3.042267E-9	2.885967E-9	2.440534E-9	3.775034E-9	3.132735E-9	3.501410E-9	2.708018E-9
   0:17:47	0	1.502463E+1	4.356382E+2	9.337000E-8	9.342319E-8	2.997844E-9	5.246333E-9	2.710018E-9	2.160663E-9	2.312296E-9	3.054052E-9	2.619586E-9	1.740430E-9	2.392258E-9	1.447601E-9	2.635056E-9	2.143910E-9	3.009553E-9	1.896786E-9	2.697639E-9	2.261726E-9	3.606900E-9	3.093672E-9	3.559097E-9	3.156744E-9	3.051191E-9	3.235906E-9	3.255329E-9	2.595892E-9	3.826154E-9	3.210583E-9	3.051777E-9	2.587804E-9	3.995795E-9	3.311359E-9	3.695281E-9	2.863957E-9
   0:18:01	0	1.502356E+1	4.365538E+2	9.910000E-8	9.922938E-8	3.177701E-9	5.584739E-9	2.873547E-9	2.289070E-9	2.449588E-9	3.231439E-9	2.780977E-9	1.841891E-9	2.535767E-9	1.538980E-9	2.802039E-9	2.274249E-9	3.190966E-9	2.008106E-9	2.859991E-9	2.395264E-9	3.834077E-9	3.286770E-9	3.779626E-9	3.354969E-9	3.239418E-9	3.439686E-9	3.462388E-9	2.763513E-9	4.071307E-9	3.411684E-9	3.239750E-9	2.748054E-9	4.253750E-9	3.530092E-9	3.934124E-9	3.045855E-9
   0:18:15	0	1.502265E+1	4.374694E+2	1.057300E-7	1.051665E-7	3.354152E-9	5.929513E-9	3.041501E-9	2.425769E-9	2.595750E-9	3.424415E-9	2.936746E-9	1.945888E-9	2.689609E-9	1.626947E-9	2.960423E-9	2.402504E-9	3.385049E-9	2.128389E-9	3.032414E-9	2.534181E-9	4.064422E-9	3.483267E-9	4.009227E-9	3.550812E-9	3.432062E-9	3.643591E-9	3.675071E-9	2.925217E-9	4.325604E-9	3.621012E-9	3.430881E-9	2.916850E-9	4.517388E-9	3.749966E-9	4.176982E-9	3.230855E-9
   0:18:40	1	1.502432E+1	0.000000E+0	-5.227200E-9	3.402846E-9	1.208923E-10	1.038484E-10	1.094825E-10	1.110044E-10	1.117592E-10	1.103802E-10	1.110467E-10	1.086896E-10	1.061749E-10	1.031340E-10	1.046412E-10	1.038170E-10	1.082528E-10	1.021688E-10	1.043909E-10	1.029695E-10	9.781372E-11	9.831197E-11	9.876952E-11	9.867386E-11	1.020327E-10	1.024254E-10	1.062154E-10	1.053060E-10	1.073172E-10	1.056376E-10	1.084774E-10	1.088383E-10	1.091175E-10	1.096837E-10	1.095734E-10	1.120003E-10
   0:18:53	1	1.502242E+1	0.000000E+0	2.244200E-9	3.448449E-9	1.202621E-10	1.071272E-10	1.077761E-10	1.081561E-10	1.060572E-10	1.088709E-10	1.100366E-10	1.101482E-10	1.093441E-10	1.078098E-10	1.048308E-10	1.062793E-10	1.107237E-10	1.049453E-10	1.086988E-10	1.089182E-10	1.015521E-10	1.030952E-10	1.015409E-10	1.016824E-10	1.056287E-10	1.075905E-10	1.093745E-10	1.079492E-10	1.084520E-10	1.059519E-10	1.067728E-10	1.073190E-10	1.086121E-10	1.080992E-10	1.118943E-10	1.129498E-10
   0:19:07	1	1.502318E+1	1.000000E+1	4.247600E-9	3.911705E-9	1.347037E-10	1.219446E-10	1.218725E-10	1.220163E-10	1.231632E-10	1.264717E-10	1.245646E-10	1.243524E-10	1.217675E-10	1.210175E-10	1.201952E-10	1.210565E-10	1.284591E-10	1.214160E-10	1.224447E-10	1.222093E-10	1.169466E-10	1.163121E-10	1.143280E-10	1.157257E-10	1.186910E-10	1.203152E-10	1.243498E-10	1.239375E-10	1.225757E-10	1.215904E-10	1.224325E-10	1.231475E-10	1.209892E-10	1.220395E-10	1.259436E-10	1.247259E-10
   0:19:21	1	1.502356E+1	2.000000E+1	4.636000E-9	4.011990E-9	1.369108E-10	1.242141E-10	1.262971E-10	1.246109E-10	1.257616E-10	1.291113E-10	1.269020E-10	1.272065E-10	1.265217E-10	1.219662E-10	1.232924E-10	1.244031E-10	1.308661E-10	1.230568E-10	1.264986E-10	1.257531E-10	1.215711E-10	1.190186E-10	1.178552E-10	1.189223E-10	1.213407E-10	1.239051E-10	1.276983E-10	1.279659E-10	1.257291E-10	1.240394E-10	1.258415E-10	1.228936E-10	1.276194E-10	1.257146E-10	1.278883E-10	1.306139E-10
   0:19:35	1	1.501817E+1	3.000000E+1	4.965300E-9	4.112084E-9	1.389288E-10	1.285650E-10	1.276882E-10	1.264462E-10	1.304494E-10	1.318144E-10	1.310074E-10	1.303769E-10	1.287402E-10	1.267049E-10	1.272760E-10	1.254140E-10	1.353009E-10	1.266542E-10	1.297926E-10	1.280950E-10	1.235343E-10	1.222290E-10	1.193667E-10	1.210540E-10	1.248112E-10	1.268029E-10	1.309212E-10	1.300427E-10	1.298272E-10	1.273053E-10	1.301985E-10	1.275794E-10	1.320395E-10	1.297069E-10	1.310875E-10	1.323240E-10
   0:19:49	1	1.502250E+1	4.000000E+1	5.218400E-9	4.200560E-9	1.420817E-10	1.300780E-10	1.309753E-10	1.300538E-10	1.318437E-10	1.349571E-10	1.323337E-10	1.317724E-10	1.323537E-10	1.279689E-10	1.299321E-10	1.289500E-10	1.382779E-10	1.293052E-10	1.304886E-10	1.298674E-10	1.264486E-10	1.245570E-10	1.224533E-10	1.260062E-10	1.279032E-10	1.293228E-10	1.342059E-10	1.358338E-10	1.332952E-10	1.296293E-10	1.334192E-10	1.289088E-10	1.351338E-10	1.322416E-10	1.345995E-10	1.353625E-10
   0:20:03	1	1.502219E+1	5.000000E+1	5.472000E-9	4.298380E-9	1.443516E-10	1.345553E-10	1.340718E-10	1.339143E-10	1.350742E-10	1.388550E-10	1.358079E-10	1.350699E-10	1.349524E-10	1.330249E-10	1.327768E-10	1.311601E-10	1.414448E-10	1.303772E-10	1.341625E-10	1.335381E-10	1.277797E-10	1.276411E-10	1.240285E-10	1.297056E-10	1.304902E-10	1.327247E-10	1.375555E-10	1.378480E-10	1.341781E-10	1.338371E-10	1.373964E-10	1.322642E-10	1.392379E-10	1.359798E-10	1.353521E-10	1.392246E-10
   0:20:17	1	1.502311E+1	6.000000E+1	5.578800E-9	4.355699E-9	1.452347E-10	1.362574E-10	1.352732E-10	1.342939E-10	1.365955E-10	1.408029E-10	1.373246E-10	1.341820E-10	1.378053E-10	1.330878E-10	1.339147E-10	1.340023E-10	1.438517E-10	1.337853E-10	1.352395E-10	1.346771E-10	1.313271E-10	1.290262E-10	1.258552E-10	1.322124E-10	1.323838E-10	1.333542E-10	1.405250E-10	1.411848E-10	1.385917E-10	1.350933E-10	1.377752E-10	1.327709E-10	1.421428E-10	1.376273E-10	1.367947E-10	1.427068E-10
   0:20:31	1	1.502212E+1	7.000000E+1	5.718600E-9	4.414609E-9	1.482622E-10	1.373921E-10	1.382440E-10	1.356856E-10	1.386858E-10	1.425008E-10	1.382091E-10	1.373524E-10	1.398968E-10	1.332773E-10	1.365707E-10	1.350760E-10	1.456886E-10	1.354261E-10	1.408145E-10	1.354364E-10	1.340513E-10	1.307889E-10	1.282487E-10	1.342818E-10	1.343392E-10	1.354326E-10	1.429260E-10	1.418764E-10	1.413032E-10	1.372290E-10	1.406799E-10	1.344801E-10	1.413852E-10	1.365500E-10	1.391780E-10	1.433405E-10
   0:20:45	1	1.502212E+1	8.000000E+1	5.870600E-9	4.484239E-9	1.493344E-10	1.406083E-10	1.395712E-10	1.387868E-10	1.398890E-10	1.447007E-10	1.403561E-10	1.388109E-10	1.412917E-10	1.356158E-10	1.385939E-10	1.364019E-10	1.477156E-10	1.380133E-10	1.400535E-10	1.384746E-10	1.353185E-10	1.330543E-10	1.302017E-10	1.350962E-10	1.358533E-10	1.391498E-10	1.443793E-10	1.441430E-10	1.450867E-10	1.393011E-10	1.419428E-10	1.376466E-10	1.468789E-10	1.402251E-10	1.422515E-10	1.454924E-10
   0:20:59	1	1.502227E+1	9.000000E+1	5.974700E-9	4.552719E-9	1.514778E-10	1.435088E-10	1.416578E-10	1.406860E-10	1.422974E-10	1.467122E-10	1.397877E-10	1.397620E-10	1.435733E-10	1.370065E-10	1.401111E-10	1.389280E-10	1.482226E-10	1.395913E-10	1.417644E-10	1.411323E-10	1.389928E-10	1.350057E-10	1.336663E-10	1.411777E-10	1.374940E-10	1.386456E-10	1.481708E-10	1.470385E-10	1.452758E-10	1.418760E-10	1.445315E-10	1.385332E-10	1.488368E-10	1.439002E-10	1.448229E-10	1.485318E-10
   0:21:13	1	1.502280E+1	1.000000E+2	6.055200E-9	4.643314E-9	1.554511E-10	1.462203E-10	1.436177E-10	1.415082E-10	1.437537E-10	1.494778E-10	1.452203E-10	1.428062E-10	1.461090E-10	1.389648E-10	1.432093E-10	1.420224E-10	1.527194E-10	1.429357E-10	1.456914E-10	1.430306E-10	1.412100E-10	1.384038E-10	1.360598E-10	1.424939E-10	1.419118E-10	1.429922E-10	1.495603E-10	1.498705E-10	1.483018E-10	1.455811E-10	1.481309E-10	1.413818E-10	1.483314E-10	1.475123E-10	1.478963E-10	1.509376E-10
   0:21:28	1	1.502341E+1	1.200000E+2	6.627600E-9	4.923610E-9	1.639651E-10	1.548583E-10	1.513923E-10	1.500524E-10	1.535744E-10	1.587808E-10	1.527371E-10	1.513033E-10	1.559336E-10	1.471174E-10	1.514290E-10	1.490945E-10	1.613342E-10	1.511397E-10	1.525963E-10	1.505618E-10	1.518531E-10	1.460824E-10	1.447519E-10	1.497036E-10	1.513761E-10	1.511814E-10	1.585965E-10	1.584937E-10	1.577601E-10	1.553789E-10	1.571599E-10	1.503726E-10	1.637390E-10	1.550526E-10	1.553601E-10	1.608776E-10
   0:21:42	1	1.502425E+1	1.400000E+2	7.127800E-9	5.368853E-9	1.773344E-10	1.679736E-10	1.652352E-10	1.641014E-10	1.666256E-10	1.733640E-10	1.659389E-10	1.640490E-10	1.681679E-10	1.591878E-10	1.640745E-10	1.635557E-10	1.750167E-10	1.643288E-10	1.670382E-10	1.665744E-10	1.664235E-10	1.596778E-10	1.592404E-10	1.643723E-10	1.651316E-10	1.650398E-10	1.739498E-10	1.736006E-10	1.721994E-10	1.688193E-10	1.718088E-10	1.660111E-10	1.734007E-10	1.696901E-10	1.712917E-10	1.756301E-10
   0:21:56	1	1.502493E+1	1.600000E+2	7.824700E-9	6.089797E-9	1.997842E-10	1.917446E-10	1.880551E-10	1.847962E-10	1.866461E-10	1.973763E-10	1.890577E-10	1.852288E-10	1.899096E-10	1.770084E-10	1.872154E-10	1.830691E-10	1.981371E-10	1.845225E-10	1.910459E-10	1.865095E-10	1.903069E-10	1.830285E-10	1.817906E-10	1.875046E-10	1.877219E-10	1.896062E-10	1.972022E-10	1.976456E-10	1.958442E-10	1.913664E-10	1.951089E-10	1.868422E-10	1.960705E-10	1.937685E-10	1.958782E-10	2.000048E-10
   0:22:10	1	1.502371E+1	1.800000E+2	8.724700E-9	7.119365E-9	2.332717E-10	2.237127E-10	2.187765E-10	2.155538E-10	2.181975E-10	2.282396E-10	2.203883E-10	2.156033E-10	2.204623E-10	2.099332E-10	2.175010E-10	2.152114E-10	2.290481E-10	2.160762E-10	2.212616E-10	2.190403E-10	2.216020E-10	2.144353E-10	2.142938E-10	2.183483E-10	2.209120E-10	2.221728E-10	2.289213E-10	2.302501E-10	2.299566E-10	2.257835E-10	2.295841E-10	2.184362E-10	2.344002E-10	2.259574E-10	2.307514E-10	2.312820E-10
   0:22:25	1	1.502295E+1	2.000000E+2	9.944000E-9	8.479402E-9	2.750193E-10	2.679121E-10	2.617600E-10	2.556768E-10	2.596956E-10	2.703548E-10	2.617626E-10	2.546032E-10	2.628691E-10	2.468385E-10	2.578399E-10	2.543012E-10	2.719948E-10	2.570952E-10	2.626881E-10	2.601774E-10	2.682917E-10	2.572337E-10	2.577574E-10	2.618546E-10	2.623690E-10	2.652595E-10	2.732776E-10	2.750044E-10	2.756067E-10	2.701232E-10	2.734043E-10	2.624393E-10	2.753826E-10	2.693618E-10	2.757846E-10	2.756635E-10
   0:22:39	1	1.502235E+1	2.200000E+2	1.157100E-8	1.030310E-8	3.322180E-10	3.268673E-10	3.178918E-10	3.091543E-10	3.139279E-10	3.291907E-10	3.170965E-10	3.109767E-10	3.163683E-10	3.014388E-10	3.134803E-10	3.089875E-10	3.287501E-10	3.107354E-10	3.194445E-10	3.144147E-10	3.269555E-10	3.134388E-10	3.152679E-10	3.207838E-10	3.197262E-10	3.229604E-10	3.320406E-10	3.325354E-10	3.351297E-10	3.287203E-10	3.322531E-10	3.180939E-10	3.334772E-10	3.283539E-10	3.381296E-10	3.342918E-10
   0:22:53	1	1.502333E+1	2.400000E+2	1.414000E-8	1.272243E-8	4.073894E-10	4.034767E-10	3.902695E-10	3.790218E-10	3.855832E-10	4.048098E-10	3.911914E-10	3.818727E-10	3.903424E-10	3.698782E-10	3.870763E-10	3.814826E-10	4.031779E-10	3.829295E-10	3.946977E-10	3.881454E-10	4.041802E-10	3.891552E-10	3.916752E-10	3.949458E-10	3.972132E-10	3.992442E-10	4.099483E-10	4.096419E-10	4.162798E-10	4.064103E-10	4.120008E-10	3.947045E-10	4.191044E-10	4.069891E-10	4.160924E-10	4.134958E-10
   0:23:07	1	1.502463E+1	2.600000E+2	1.736200E-8	1.596592E-8	5.075971E-10	5.088381E-10	4.890695E-10	4.714833E-10	4.813137E-10	5.034349E-10	4.888470E-10	4.763581E-10	4.866276E-10	4.610057E-10	4.837503E-10	4.772795E-10	5.035129E-10	4.787872E-10	4.945276E-10	4.868118E-10	5.127640E-10	4.909915E-10	4.956733E-10	4.992607E-10	4.993714E-10	5.025507E-10	5.143314E-10	5.121785E-10	5.254882E-10	5.146228E-10	5.194684E-10	4.998066E-10	5.234858E-10	5.124275E-10	5.266064E-10	5.176461E-10
   0:23:22	1	1.502364E+1	2.800000E+2	2.165700E-8	2.037349E-8	6.441286E-10	6.514013E-10	6.214349E-10	6.021067E-10	6.142335E-10	6.408441E-10	6.227602E-10	6.028028E-10	6.195527E-10	5.862571E-10	6.162745E-10	6.062933E-10	6.388138E-10	6.046215E-10	6.281211E-10	6.201591E-10	6.532769E-10	6.295851E-10	6.362676E-10	6.376169E-10	6.386963E-10	6.445982E-10	6.570678E-10	6.516631E-10	6.712677E-10	6.578174E-10	6.665258E-10	6.378960E-10	6.738378E-10	6.575321E-10	6.758206E-10	6.642149E-10
   0:23:36	1	1.502273E+1	3.000000E+2	2.784300E-8	2.646938E-8	8.331299E-10	8.539907E-10	8.055074E-10	7.835490E-10	7.952416E-10	8.316194E-10	8.103021E-10	7.835928E-10	8.036934E-10	7.582105E-10	8.033003E-10	7.873417E-10	8.279562E-10	7.857997E-10	8.159360E-10	8.036943E-10	8.490324E-10	8.214248E-10	8.288933E-10	8.278806E-10	8.284373E-10	8.391806E-10	8.550292E-10	8.432661E-10	8.737334E-10	8.548987E-10	8.610665E-10	8.279677E-10	8.762863E-10	8.566222E-10	8.808558E-10	8.619409E-10
   0:23:50	1	1.502257E+1	3.200000E+2	3.649400E-8	3.519020E-8	1.105500E-9	1.145106E-9	1.070744E-9	1.040175E-9	1.054619E-9	1.102854E-9	1.079203E-9	1.040478E-9	1.067767E-9	1.007766E-9	1.067401E-9	1.043600E-9	1.098557E-9	1.040938E-9	1.085719E-9	1.070770E-9	1.128411E-9	1.091813E-9	1.105926E-9	1.102399E-9	1.103173E-9	1.117732E-9	1.136648E-9	1.117326E-9	1.163275E-9	1.137458E-9	1.141101E-9	1.098638E-9	1.165624E-9	1.140812E-9	1.171506E-9	1.147165E-9
   0:24:04	1	1.502257E+1	3.400000E+2	4.935800E-8	4.809605E-8	1.508033E-9	1.578218E-9	1.464111E-9	1.422425E-9	1.442547E-9	1.505653E-9	1.474816E-9	1.419244E-9	1.459250E-9	1.376064E-9	1.456500E-9	1.426788E-9	1.499834E-9	1.418945E-9	1.482887E-9	1.460814E-9	1.542854E-9	1.492990E-9	1.516184E-9	1.506497E-9	1.507012E-9	1.529511E-9	1.551462E-9	1.521681E-9	1.590588E-9	1.552660E-9	1.551713E-9	1.502776E-9	1.597483E-9	1.564085E-9	1.602714E-9	1.569715E-9
   0:24:19	1	1.502486E+1	3.600000E+2	6.909100E-8	6.784186E-8	2.124479E-9	2.245825E-9	2.063485E-9	2.002571E-9	2.030171E-9	2.121481E-9	2.082921E-9	1.996428E-9	2.057060E-9	1.940204E-9	2.059118E-9	2.010411E-9	2.113250E-9	1.994853E-9	2.089090E-9	2.057937E-9	2.176874E-9	2.108919E-9	2.144202E-9	2.125749E-9	2.127095E-9	2.159245E-9	2.190144E-9	2.140552E-9	2.245213E-9	2.186990E-9	2.181997E-9	2.116868E-9	2.259957E-9	2.208122E-9	2.269378E-9	2.211265E-9
   0:24:32	1	1.502394E+1	3.620000E+2	7.121800E-8	7.041478E-8	2.204444E-9	2.331326E-9	2.139531E-9	2.078198E-9	2.106074E-9	2.200117E-9	2.160807E-9	2.071383E-9	2.134269E-9	2.013510E-9	2.133981E-9	2.087200E-9	2.193125E-9	2.071023E-9	2.170679E-9	2.135466E-9	2.257266E-9	2.190866E-9	2.227223E-9	2.209815E-9	2.205844E-9	2.243025E-9	2.272412E-9	2.220995E-9	2.331344E-9	2.272091E-9	2.266228E-9	2.198735E-9	2.346405E-9	2.289989E-9	2.355369E-9	2.296041E-9
   0:24:46	1	1.502212E+1	3.640000E+2	7.385900E-8	7.304434E-8	2.285039E-9	2.423193E-9	2.221391E-9	2.157118E-9	2.184444E-9	2.284348E-9	2.240586E-9	2.151284E-9	2.211855E-9	2.087574E-9	2.214216E-9	2.164560E-9	2.274964E-9	2.149718E-9	2.249669E-9	2.215020E-9	2.343805E-9	2.272940E-9	2.310938E-9	2.290058E-9	2.289009E-9	2.325230E-9	2.358092E-9	2.301878E-9	2.419429E-9	2.356877E-9	2.349386E-9	2.277308E-9	2.430579E-9	2.378065E-9	2.443743E-9	2.382020E-9
   0:25:00	1	1.502341E+1	3.660000E+2	7.662400E-8	7.594127E-8	2.375787E-9	2.521619E-9	2.308434E-9	2.241669E-9	2.271622E-9	2.372915E-9	2.330725E-9	2.235243E-9	2.302119E-9	2.170235E-9	2.302670E-9	2.251010E-9	2.364088E-9	2.233208E-9	2.339301E-9	2.302863E-9	2.437501E-9	2.362188E-9	2.402464E-9	2.381021E-9	2.380378E-9	2.420851E-9	2.449964E-9	2.393652E-9	2.515208E-9	2.449138E-9	2.441321E-9	2.368418E-9	2.526499E-9	2.473112E-9	2.541150E-9	2.474900E-9
   0:25:14	1	1.502417E+1	3.680000E+2	7.956700E-8	7.885684E-8	2.468364E-9	2.621810E-9	2.394654E-9	2.327675E-9	2.357912E-9	2.463683E-9	2.420170E-9	2.320089E-9	2.387059E-9	2.254789E-9	2.390872E-9	2.335062E-9	2.455301E-9	2.317960E-9	2.429947E-9	2.390264E-9	2.528093E-9	2.452380E-9	2.496067E-9	2.471420E-9	2.470106E-9	2.513639E-9	2.545058E-9	2.485299E-9	2.614706E-9	2.541838E-9	2.533950E-9	2.460224E-9	2.625639E-9	2.569996E-9	2.643009E-9	2.569806E-9
   0:25:27	1	1.502311E+1	3.700000E+2	8.270200E-8	8.203698E-8	2.566427E-9	2.728937E-9	2.492885E-9	2.420073E-9	2.452566E-9	2.563692E-9	2.514098E-9	2.412673E-9	2.486134E-9	2.344209E-9	2.487167E-9	2.430732E-9	2.553926E-9	2.411168E-9	2.527497E-9	2.487158E-9	2.632876E-9	2.552014E-9	2.596474E-9	2.574168E-9	2.570750E-9	2.611655E-9	2.645587E-9	2.582988E-9	2.718871E-9	2.646093E-9	2.636682E-9	2.560832E-9	2.732293E-9	2.672582E-9	2.749949E-9	2.673829E-9
   0:25:41	1	1.502349E+1	3.720000E+2	8.588600E-8	8.531316E-8	2.665752E-9	2.839344E-9	2.591369E-9	2.515256E-9	2.549057E-9	2.663825E-9	2.617313E-9	2.507539E-9	2.585336E-9	2.438243E-9	2.585359E-9	2.526403E-9	2.655338E-9	2.507278E-9	2.627327E-9	2.586204E-9	2.737278E-9	2.656997E-9	2.700787E-9	2.675475E-9	2.672971E-9	2.717985E-9	2.755277E-9	2.687791E-9	2.828584E-9	2.751229E-9	2.741561E-9	2.663402E-9	2.841600E-9	2.780683E-9	2.859648E-9	2.780954E-9
   0:25:55	1	1.502219E+1	3.740000E+2	8.958600E-8	8.890355E-8	2.780780E-9	2.964756E-9	2.699841E-9	2.620880E-9	2.656634E-9	2.778605E-9	2.727096E-9	2.613374E-9	2.693032E-9	2.540618E-9	2.694742E-9	2.633377E-9	2.768532E-9	2.610711E-9	2.735900E-9	2.692781E-9	2.852198E-9	2.769596E-9	2.815241E-9	2.787878E-9	2.783270E-9	2.835024E-9	2.871412E-9	2.798510E-9	2.947124E-9	2.868988E-9	2.854395E-9	2.773000E-9	2.962273E-9	2.894865E-9	2.977815E-9	2.900298E-9
   0:26:09	1	1.502356E+1	3.760000E+2	9.294000E-8	9.261649E-8	2.893916E-9	3.089980E-9	2.811220E-9	2.730873E-9	2.765036E-9	2.889991E-9	2.841997E-9	2.720479E-9	2.805926E-9	2.648176E-9	2.809310E-9	2.741361E-9	2.883247E-9	2.722535E-9	2.850046E-9	2.807015E-9	2.975289E-9	2.882887E-9	2.936623E-9	2.903478E-9	2.900131E-9	2.951748E-9	2.990581E-9	2.914264E-9	3.072602E-9	2.987626E-9	2.974428E-9	2.891525E-9	3.082694E-9	3.019439E-9	3.104323E-9	3.017744E-9
   0:26:22	1	1.502470E+1	3.780000E+2	9.727000E-8	9.666290E-8	3.021871E-9	3.228822E-9	2.934356E-9	2.850420E-9	2.884779E-9	3.016274E-9	2.965740E-9	2.840646E-9	2.927884E-9	2.760157E-9	2.929567E-9	2.862860E-9	3.008666E-9	2.836820E-9	2.976290E-9	2.927579E-9	3.103511E-9	3.009521E-9	3.063927E-9	3.031804E-9	3.026267E-9	3.082395E-9	3.122071E-9	3.040469E-9	3.205329E-9	3.118951E-9	3.103048E-9	3.014862E-9	3.223385E-9	3.150666E-9	3.241933E-9	3.152031E-9
   0:26:36	1	1.502303E+1	3.800000E+2	1.016500E-7	1.009372E-7	3.156827E-9	3.371637E-9	3.062297E-9	2.975411E-9	3.012568E-9	3.149346E-9	3.095547E-9	2.962526E-9	3.058843E-9	2.886547E-9	3.058045E-9	2.986443E-9	3.139596E-9	2.960319E-9	3.106526E-9	3.058396E-9	3.240857E-9	3.143394E-9	3.200114E-9	3.165646E-9	3.162689E-9	3.216631E-9	3.258615E-9	3.176051E-9	3.347136E-9	3.255991E-9	3.240382E-9	3.151748E-9	3.368054E-9	3.293426E-9	3.383369E-9	3.292205E-9
   0:26:50	1	1.502295E+1	3.820000E+2	1.057700E-7	1.053166E-7	3.292097E-9	3.523532E-9	3.196622E-9	3.104515E-9	3.142637E-9	3.286566E-9	3.232240E-9	3.091825E-9	3.190246E-9	3.008386E-9	3.189747E-9	3.116783E-9	3.275340E-9	3.090318E-9	3.242906E-9	3.188895E-9	3.381686E-9	3.279721E-9	3.338567E-9	3.303376E-9	3.299553E-9	3.356346E-9	3.396485E-9	3.312703E-9	3.496258E-9	3.399752E-9	3.379610E-9	3.285912E-9	3.510702E-9	3.435553E-9	3.532019E-9	3.435672E-9
   0:27:04	1	1.502204E+1	3.840000E+2	1.102800E-7	1.101754E-7	3.443323E-9	3.690182E-9	3.344096E-9	3.247605E-9	3.287595E-9	3.436672E-9	3.378218E-9	3.234441E-9	3.336228E-9	3.143496E-9	3.338015E-9	3.261709E-9	3.426856E-9	3.232685E-9	3.389168E-9	3.336862E-9	3.541015E-9	3.430146E-9	3.492893E-9	3.453768E-9	3.450298E-9	3.511497E-9	3.556598E-9	3.465028E-9	3.656793E-9	3.554313E-9	3.534813E-9	3.441096E-9	3.674126E-9	3.594153E-9	3.696912E-9	3.594840E-9
   0:27:17	1	1.502364E+1	3.860000E+2	1.158600E-7	1.151802E-7	3.600414E-9	3.862505E-9	3.494792E-9	3.392595E-9	3.435403E-9	3.590676E-9	3.532155E-9	3.378831E-9	3.489563E-9	3.292130E-9	3.489570E-9	3.406952E-9	3.582870E-9	3.379786E-9	3.546895E-9	3.484767E-9	3.699709E-9	3.586489E-9	3.652197E-9	3.613690E-9	3.607669E-9	3.671308E-9	3.717785E-9	3.619871E-9	3.825335E-9	3.716915E-9	3.693362E-9	3.594951E-9	3.844495E-9	3.756112E-9	3.865444E-9	3.754959E-9
   0:27:31	1	1.502493E+1	3.880000E+2	1.211400E-7	1.206569E-7	3.769424E-9	4.046620E-9	3.660913E-9	3.554102E-9	3.597848E-9	3.760897E-9	3.699800E-9	3.539012E-9	3.654816E-9	3.445883E-9	3.653645E-9	3.571455E-9	3.750031E-9	3.536291E-9	3.712286E-9	3.651214E-9	3.872911E-9	3.759635E-9	3.828003E-9	3.786024E-9	3.779804E-9	3.847433E-9	3.897421E-9	3.791458E-9	4.007875E-9	3.893082E-9	3.870854E-9	3.766345E-9	4.030841E-9	3.934103E-9	4.049907E-9	3.936920E-9
   0:27:45	1	1.502387E+1	3.900000E+2	1.270800E-7	1.263387E-7	3.947893E-9	4.244483E-9	3.830194E-9	3.719785E-9	3.763840E-9	3.937593E-9	3.870918E-9	3.703315E-9	3.826786E-9	3.608040E-9	3.829732E-9	3.736274E-9	3.930432E-9	3.700304E-9	3.884582E-9	3.823485E-9	4.057706E-9	3.936936E-9	4.007023E-9	3.963749E-9	3.955979E-9	4.030804E-9	4.079902E-9	3.970472E-9	4.195524E-9	4.076787E-9	4.052197E-9	3.944197E-9	4.217441E-9	4.123562E-9	4.244972E-9	4.123755E-9
   0:27:59	1	1.502204E+1	3.920000E+2	1.332900E-7	1.326451E-7	4.143011E-9	4.457602E-9	4.022485E-9	3.903315E-9	3.948458E-9	4.131449E-9	4.066672E-9	3.888290E-9	4.019612E-9	3.786692E-9	4.019666E-9	3.922815E-9	4.124388E-9	3.885458E-9	4.081836E-9	4.012463E-9	4.259735E-9	4.133370E-9	4.211240E-9	4.161224E-9	4.156699E-9	4.228915E-9	4.283362E-9	4.165851E-9	4.409906E-9	4.276571E-9	4.254001E-9	4.141675E-9	4.431635E-9	4.332666E-9	4.455088E-9	4.328955E-9
   0:28:12	1	1.502288E+1	3.940000E+2	1.398300E-7	1.391793E-7	4.345068E-9	4.683142E-9	4.216546E-9	4.094947E-9	4.146508E-9	4.334044E-9	4.264637E-9	4.076120E-9	4.218144E-9	3.971979E-9	4.217253E-9	4.113083E-9	4.329368E-9	4.075344E-9	4.278965E-9	4.209354E-9	4.471708E-9	4.334653E-9	4.417535E-9	4.366031E-9	4.360324E-9	4.439624E-9	4.493833E-9	4.368219E-9	4.628765E-9	4.489730E-9	4.464959E-9	4.347387E-9	4.651322E-9	4.546141E-9	4.679316E-9	4.545231E-9
   0:28:26	1	1.502356E+1	3.960000E+2	1.469800E-7	1.464313E-7	4.570583E-9	4.931445E-9	4.437787E-9	4.309110E-9	4.359386E-9	4.560147E-9	4.484584E-9	4.288111E-9	4.434044E-9	4.177930E-9	4.430265E-9	4.326024E-9	4.553665E-9	4.286059E-9	4.501303E-9	4.426241E-9	4.704397E-9	4.565138E-9	4.649465E-9	4.591965E-9	4.586790E-9	4.673388E-9	4.729706E-9	4.597463E-9	4.871963E-9	4.726630E-9	4.695742E-9	4.575067E-9	4.898415E-9	4.785975E-9	4.920479E-9	4.782021E-9
   0:28:40	1	1.502463E+1	3.980000E+2	1.543600E-7	1.539550E-7	4.810917E-9	5.191476E-9	4.663707E-9	4.526815E-9	4.578597E-9	4.793164E-9	4.714826E-9	4.504539E-9	4.664268E-9	4.397092E-9	4.661108E-9	4.552666E-9	4.783980E-9	4.506488E-9	4.732319E-9	4.652940E-9	4.946145E-9	4.795812E-9	4.890468E-9	4.832005E-9	4.823540E-9	4.907908E-9	4.970001E-9	4.831365E-9	5.125437E-9	4.969559E-9	4.933850E-9	4.810471E-9	5.151128E-9	5.029611E-9	5.173810E-9	5.028941E-9
   0:28:54	1	1.502326E+1	4.000000E+2	1.633200E-7	1.623738E-7	5.065566E-9	5.481332E-9	4.914658E-9	4.776164E-9	4.829422E-9	5.052456E-9	4.971157E-9	4.750835E-9	4.918897E-9	4.633882E-9	4.917304E-9	4.800020E-9	5.049451E-9	4.750079E-9	4.986012E-9	4.910458E-9	5.219632E-9	5.062172E-9	5.161642E-9	5.095677E-9	5.085719E-9	5.180285E-9	5.241637E-9	5.095731E-9	5.404577E-9	5.236669E-9	5.205739E-9	5.074304E-9	5.433899E-9	5.306957E-9	5.456369E-9	5.305113E-9
   0:29:07	1	1.502242E+1	4.020000E+2	1.715100E-7	1.711966E-7	5.339956E-9	5.785248E-9	5.188681E-9	5.029436E-9	5.089433E-9	5.322812E-9	5.237848E-9	5.003979E-9	5.184555E-9	4.886029E-9	5.180519E-9	5.056720E-9	5.317772E-9	5.005597E-9	5.258267E-9	5.169875E-9	5.502876E-9	5.338604E-9	5.439494E-9	5.372140E-9	5.366009E-9	5.466774E-9	5.526984E-9	5.370673E-9	5.700235E-9	5.526324E-9	5.488869E-9	5.355612E-9	5.731194E-9	5.599257E-9	5.757995E-9	5.596795E-9
   0:29:21	1	1.502318E+1	4.040000E+2	1.809100E-7	1.810857E-7	5.644173E-9	6.122393E-9	5.478255E-9	5.316441E-9	5.380491E-9	5.627802E-9	5.539343E-9	5.291684E-9	5.482605E-9	5.167246E-9	5.479584E-9	5.347712E-9	5.624289E-9	5.295067E-9	5.554781E-9	5.466761E-9	5.822673E-9	5.648896E-9	5.757030E-9	5.680574E-9	5.675640E-9	5.779908E-9	5.851884E-9	5.680863E-9	6.035175E-9	5.844305E-9	5.810134E-9	5.664271E-9	6.067133E-9	5.927040E-9	6.095183E-9	5.926401E-9
   0:29:35	1	1.502402E+1	4.060000E+2	1.923100E-7	1.918403E-7	5.980806E-9	6.491759E-9	5.804111E-9	5.633252E-9	5.696636E-9	5.955170E-9	5.866040E-9	5.599998E-9	5.809813E-9	5.477089E-9	5.805329E-9	5.662952E-9	5.956396E-9	5.604792E-9	5.886767E-9	5.790859E-9	6.169900E-9	5.984993E-9	6.102344E-9	6.021481E-9	6.011647E-9	6.124286E-9	6.195804E-9	6.018056E-9	6.395465E-9	6.198901E-9	6.154384E-9	6.001296E-9	6.439511E-9	6.273644E-9	6.454453E-9	6.272406E-9
   0:29:49	1	1.502333E+1	4.080000E+2	2.034200E-7	2.031898E-7	6.331881E-9	6.882814E-9	6.143053E-9	5.963480E-9	6.028494E-9	6.307998E-9	6.206887E-9	5.930189E-9	6.152488E-9	5.793506E-9	6.148464E-9	5.996062E-9	6.307128E-9	5.935153E-9	6.234526E-9	6.131348E-9	6.539239E-9	6.337080E-9	6.464227E-9	6.376181E-9	6.370245E-9	6.491091E-9	6.564621E-9	6.374639E-9	6.776057E-9	6.562731E-9	6.516948E-9	6.361306E-9	6.815929E-9	6.651107E-9	6.847150E-9	6.647789E-9
   0:30:02	1	1.502204E+1	4.100000E+2	2.170900E-7	2.160679E-7	6.731577E-9	7.326960E-9	6.530923E-9	6.340796E-9	6.408377E-9	6.700613E-9	6.599470E-9	6.301409E-9	6.542768E-9	6.161994E-9	6.537565E-9	6.375779E-9	6.704099E-9	6.307167E-9	6.624285E-9	6.516204E-9	6.948108E-9	6.740837E-9	6.873100E-9	6.784417E-9	6.772506E-9	6.904004E-9	6.980067E-9	6.775342E-9	7.216044E-9	6.984151E-9	6.928380E-9	6.764431E-9	7.259029E-9	7.074254E-9	7.277605E-9	7.075658E-9
   0:30:16	1	1.502182E+1	4.109156E+2	2.225800E-7	2.216967E-7	6.903551E-9	7.519713E-9	6.702354E-9	6.498695E-9	6.574939E-9	6.873788E-9	6.767051E-9	6.464825E-9	6.715753E-9	6.318213E-9	6.703094E-9	6.539272E-9	6.877722E-9	6.469287E-9	6.796455E-9	6.687589E-9	7.137908E-9	6.918641E-9	7.057347E-9	6.960324E-9	6.955684E-9	7.083216E-9	7.162927E-9	6.951020E-9	7.405519E-9	7.163145E-9	7.110923E-9	6.945828E-9	7.441586E-9	7.262699E-9	7.468904E-9	7.258758E-9
   0:30:30	1	1.502349E+1	4.118313E+2	2.285000E-7	2.281470E-7	7.099930E-9	7.740966E-9	6.891988E-9	6.687921E-9	6.760064E-9	7.078833E-9	6.959583E-9	6.652083E-9	6.904839E-9	6.506913E-9	6.907318E-9	6.727203E-9	7.076872E-9	6.657596E-9	6.996179E-9	6.876187E-9	7.340949E-9	7.121370E-9	7.260996E-9	7.164630E-9	7.155395E-9	7.288634E-9	7.372956E-9	7.154771E-9	7.622928E-9	7.375677E-9	7.317145E-9	7.150904E-9	7.660957E-9	7.477694E-9	7.685481E-9	7.472059E-9
   0:30:44	1	1.502493E+1	4.127469E+2	2.364000E-7	2.358843E-7	7.343795E-9	8.006798E-9	7.126694E-9	6.912145E-9	6.989729E-9	7.318073E-9	7.195321E-9	6.869969E-9	7.144001E-9	6.723229E-9	7.130952E-9	6.954413E-9	7.320362E-9	6.876513E-9	7.225865E-9	7.105543E-9	7.592073E-9	7.361295E-9	7.512329E-9	7.407803E-9	7.399275E-9	7.537830E-9	7.623929E-9	7.394275E-9	7.883024E-9	7.624823E-9	7.568197E-9	7.392261E-9	7.930909E-9	7.735904E-9	7.950541E-9	7.726386E-9
   0:30:57	1	1.502402E+1	4.136626E+2	2.425700E-7	2.424358E-7	7.545220E-9	8.230636E-9	7.323472E-9	7.104093E-9	7.178148E-9	7.515386E-9	7.395433E-9	7.059638E-9	7.342152E-9	6.912496E-9	7.331066E-9	7.148785E-9	7.515142E-9	7.068861E-9	7.426539E-9	7.306229E-9	7.803032E-9	7.568114E-9	7.720701E-9	7.609100E-9	7.603655E-9	7.749295E-9	7.834654E-9	7.603565E-9	8.107874E-9	7.839615E-9	7.779407E-9	7.598921E-9	8.150343E-9	7.950455E-9	8.176775E-9	7.937028E-9
   0:31:11	1	1.502257E+1	4.145782E+2	2.499300E-7	2.498104E-7	7.774455E-9	8.491111E-9	7.541553E-9	7.318697E-9	7.387856E-9	7.738660E-9	7.614748E-9	7.268520E-9	7.568699E-9	7.118574E-9	7.547872E-9	7.362860E-9	7.750270E-9	7.282286E-9	7.654642E-9	7.524193E-9	8.041612E-9	7.801494E-9	7.956915E-9	7.848512E-9	7.836999E-9	7.984633E-9	8.075770E-9	7.835326E-9	8.351767E-9	8.076703E-9	8.021619E-9	7.836161E-9	8.394345E-9	8.196816E-9	8.419133E-9	8.187620E-9
   0:31:25	1	1.502250E+1	4.154939E+2	2.577100E-7	2.575867E-7	8.013907E-9	8.755493E-9	7.779861E-9	7.541022E-9	7.617394E-9	7.977837E-9	7.847896E-9	7.493953E-9	7.798417E-9	7.342852E-9	7.779915E-9	7.595312E-9	7.987616E-9	7.506250E-9	7.886354E-9	7.754435E-9	8.297677E-9	8.041357E-9	8.209823E-9	8.091246E-9	8.082835E-9	8.231373E-9	8.328639E-9	8.076214E-9	8.618610E-9	8.331631E-9	8.269956E-9	8.082582E-9	8.659371E-9	8.454965E-9	8.689901E-9	8.442014E-9
   0:31:39	1	1.502417E+1	4.164095E+2	2.661400E-7	2.656585E-7	8.261746E-9	9.027629E-9	8.017285E-9	7.777017E-9	7.855739E-9	8.227386E-9	8.095888E-9	7.720717E-9	8.050383E-9	7.570417E-9	8.023592E-9	7.832436E-9	8.229967E-9	7.740312E-9	8.137323E-9	7.997524E-9	8.555836E-9	8.297584E-9	8.462481E-9	8.345081E-9	8.332900E-9	8.491344E-9	8.591242E-9	8.323900E-9	8.892263E-9	8.596919E-9	8.533892E-9	8.336284E-9	8.942836E-9	8.715899E-9	8.963552E-9	8.711157E-9
   0:31:52	1	1.502364E+1	4.173252E+2	2.742600E-7	2.741635E-7	8.526300E-9	9.322844E-9	8.269310E-9	8.021302E-9	8.103586E-9	8.482595E-9	8.347418E-9	7.967520E-9	8.301082E-9	7.808471E-9	8.285859E-9	8.078906E-9	8.496580E-9	7.984975E-9	8.395011E-9	8.250170E-9	8.827612E-9	8.561052E-9	8.743105E-9	8.609506E-9	8.606819E-9	8.769266E-9	8.866036E-9	8.592046E-9	9.181993E-9	8.878912E-9	8.802119E-9	8.607338E-9	9.231985E-9	8.997427E-9	9.257527E-9	8.988784E-9
   0:32:06	1	1.502295E+1	4.182408E+2	2.836500E-7	2.831872E-7	8.801382E-9	9.639559E-9	8.544348E-9	8.282738E-9	8.363915E-9	8.755212E-9	8.620870E-9	8.224153E-9	8.571117E-9	8.070223E-9	8.554387E-9	8.338828E-9	8.778393E-9	8.251851E-9	8.665934E-9	8.518641E-9	9.126630E-9	8.846169E-9	9.022783E-9	8.896750E-9	8.885846E-9	9.054431E-9	9.158460E-9	8.879514E-9	9.493414E-9	9.160340E-9	9.094340E-9	8.891684E-9	9.538120E-9	9.302083E-9	9.561286E-9	9.293825E-9
   0:32:20	1	1.502303E+1	4.191565E+2	2.934700E-7	2.933932E-7	9.118716E-9	9.985342E-9	8.844098E-9	8.578162E-9	8.665491E-9	9.070009E-9	8.920595E-9	8.514459E-9	8.881337E-9	8.359592E-9	8.853515E-9	8.642072E-9	9.092384E-9	8.542396E-9	8.979424E-9	8.824512E-9	9.458780E-9	9.166908E-9	9.351405E-9	9.219352E-9	9.210557E-9	9.384446E-9	9.489678E-9	9.189452E-9	9.839137E-9	9.508027E-9	9.429560E-9	9.216616E-9	9.883153E-9	9.640576E-9	9.906063E-9	9.627421E-9
   0:32:34	1	1.502288E+1	4.200721E+2	3.034300E-7	3.033211E-7	9.425961E-9	1.032816E-8	9.141321E-9	8.861685E-9	8.947424E-9	9.366639E-9	9.223732E-9	8.797471E-9	9.179766E-9	8.642770E-9	9.162443E-9	8.927695E-9	9.396494E-9	8.829845E-9	9.275558E-9	9.119877E-9	9.783138E-9	9.482488E-9	9.670262E-9	9.524338E-9	9.521829E-9	9.707155E-9	9.808893E-9	9.505685E-9	1.017351E-8	9.824564E-9	9.753984E-9	9.534519E-9	1.022819E-8	9.970197E-9	1.024363E-8	9.961902E-9
   0:32:47	1	1.502508E+1	4.209878E+2	3.140100E-7	3.139302E-7	9.755971E-9	1.069185E-8	9.461235E-9	9.165396E-9	9.260148E-9	9.692624E-9	9.542724E-9	9.101853E-9	9.497910E-9	8.942629E-9	9.484268E-9	9.235925E-9	9.720682E-9	9.130609E-9	9.600513E-9	9.433343E-9	1.011801E-8	9.816634E-9	1.001583E-8	9.872140E-9	9.859035E-9	1.004120E-8	1.014896E-8	9.837653E-9	1.052932E-8	1.017740E-8	1.009205E-8	9.870784E-9	1.059166E-8	1.032092E-8	1.060942E-8	1.031145E-8
   0:33:01	1	1.502501E+1	4.219034E+2	3.250300E-7	3.242003E-7	1.007198E-8	1.103940E-8	9.764399E-9	9.459614E-9	9.554943E-9	1.001088E-8	9.853693E-9	9.392982E-9	9.805214E-9	9.225488E-9	9.786937E-9	9.545039E-9	1.003942E-8	9.433015E-9	9.906846E-9	9.738708E-9	1.045574E-8	1.013114E-8	1.035088E-8	1.019104E-8	1.017561E-8	1.037053E-8	1.048701E-8	1.015590E-8	1.088904E-8	1.051033E-8	1.042405E-8	1.020312E-8	1.094522E-8	1.066778E-8	1.096768E-8	1.064663E-8
   0:33:15	1	1.502235E+1	4.228191E+2	3.364900E-7	3.359397E-7	1.042892E-8	1.144868E-8	1.010954E-8	9.801361E-9	9.893579E-9	1.035717E-8	1.019366E-8	9.723870E-9	1.016874E-8	9.563580E-9	1.014139E-8	9.881813E-9	1.039586E-8	9.769435E-9	1.027165E-8	1.008483E-8	1.083490E-8	1.050872E-8	1.072769E-8	1.056161E-8	1.055200E-8	1.075119E-8	1.086953E-8	1.052501E-8	1.127935E-8	1.090029E-8	1.080606E-8	1.057573E-8	1.134690E-8	1.105709E-8	1.136559E-8	1.104405E-8
   0:33:29	1	1.502204E+1	4.237347E+2	3.481200E-7	3.482870E-7	1.081411E-8	1.186395E-8	1.048508E-8	1.015545E-8	1.025154E-8	1.073702E-8	1.056394E-8	1.008608E-8	1.054229E-8	9.908687E-9	1.050842E-8	1.024227E-8	1.078022E-8	1.011677E-8	1.063619E-8	1.045677E-8	1.123844E-8	1.089127E-8	1.112825E-8	1.094583E-8	1.094000E-8	1.114029E-8	1.126495E-8	1.091910E-8	1.171921E-8	1.130123E-8	1.120701E-8	1.097531E-8	1.176897E-8	1.146306E-8	1.178199E-8	1.145330E-8
   0:33:42	1	1.502356E+1	4.246504E+2	3.625400E-7	3.625746E-7	1.124736E-8	1.236535E-8	1.090462E-8	1.056276E-8	1.066329E-8	1.116289E-8	1.099082E-8	1.047734E-8	1.097637E-8	1.031869E-8	1.093850E-8	1.066019E-8	1.121463E-8	1.052804E-8	1.107606E-8	1.088100E-8	1.170528E-8	1.135224E-8	1.158587E-8	1.140127E-8	1.139892E-8	1.160429E-8	1.174200E-8	1.136651E-8	1.220636E-8	1.175845E-8	1.165841E-8	1.142175E-8	1.226075E-8	1.194679E-8	1.227335E-8	1.192441E-8
   0:33:56	1	1.502463E+1	4.255660E+2	3.769700E-7	3.766674E-7	1.166755E-8	1.284361E-8	1.132592E-8	1.096830E-8	1.107453E-8	1.158335E-8	1.140526E-8	1.087767E-8	1.139733E-8	1.072441E-8	1.135883E-8	1.107217E-8	1.164701E-8	1.093255E-8	1.149786E-8	1.129458E-8	1.216749E-8	1.178205E-8	1.203752E-8	1.185471E-8	1.184580E-8	1.206678E-8	1.220521E-8	1.180744E-8	1.268166E-8	1.222767E-8	1.212730E-8	1.187939E-8	1.273979E-8	1.241106E-8	1.275192E-8	1.241072E-8
   0:34:10	1	1.502318E+1	4.264817E+2	3.918700E-7	3.915681E-7	1.213107E-8	1.336537E-8	1.176196E-8	1.139542E-8	1.149084E-8	1.203405E-8	1.185172E-8	1.130552E-8	1.185283E-8	1.113966E-8	1.180907E-8	1.150367E-8	1.210466E-8	1.136697E-8	1.193849E-8	1.172817E-8	1.264275E-8	1.226423E-8	1.252091E-8	1.232268E-8	1.231154E-8	1.253494E-8	1.268600E-8	1.226750E-8	1.319946E-8	1.272044E-8	1.261962E-8	1.234886E-8	1.326138E-8	1.291329E-8	1.327595E-8	1.289912E-8
   0:34:24	1	1.502242E+1	4.273973E+2	4.081600E-7	4.075644E-7	1.262000E-8	1.390410E-8	1.223282E-8	1.185621E-8	1.195486E-8	1.252077E-8	1.232452E-8	1.175239E-8	1.232792E-8	1.159055E-8	1.227505E-8	1.197445E-8	1.259792E-8	1.181812E-8	1.243225E-8	1.220137E-8	1.316952E-8	1.277191E-8	1.304373E-8	1.282960E-8	1.281741E-8	1.305677E-8	1.320425E-8	1.276873E-8	1.374563E-8	1.325107E-8	1.313745E-8	1.286381E-8	1.380810E-8	1.345587E-8	1.382407E-8	1.343316E-8
   0:34:37	1	1.502311E+1	4.283130E+2	4.244500E-7	4.246173E-7	1.314242E-8	1.448923E-8	1.273662E-8	1.234073E-8	1.245670E-8	1.303778E-8	1.282834E-8	1.222760E-8	1.285043E-8	1.207892E-8	1.278979E-8	1.246657E-8	1.311036E-8	1.231067E-8	1.294123E-8	1.270724E-8	1.372726E-8	1.331388E-8	1.357890E-8	1.336754E-8	1.335698E-8	1.360807E-8	1.375580E-8	1.330615E-8	1.433997E-8	1.380809E-8	1.368590E-8	1.342015E-8	1.440313E-8	1.403439E-8	1.439496E-8	1.400152E-8
   0:34:51	1	1.502425E+1	4.292286E+2	4.430400E-7	4.429821E-7	1.370084E-8	1.511314E-8	1.327474E-8	1.286474E-8	1.296855E-8	1.358647E-8	1.336665E-8	1.274632E-8	1.340710E-8	1.259396E-8	1.334714E-8	1.300561E-8	1.368507E-8	1.284183E-8	1.349619E-8	1.325227E-8	1.432276E-8	1.388562E-8	1.418456E-8	1.394761E-8	1.393333E-8	1.419730E-8	1.434987E-8	1.387875E-8	1.497725E-8	1.441950E-8	1.429004E-8	1.401126E-8	1.503555E-8	1.464567E-8	1.503390E-8	1.461850E-8
   0:35:05	1	1.502554E+1	4.301443E+2	4.615600E-7	4.611096E-7	1.427087E-8	1.574254E-8	1.381413E-8	1.338515E-8	1.349346E-8	1.412052E-8	1.389807E-8	1.325502E-8	1.394977E-8	1.311475E-8	1.387723E-8	1.352008E-8	1.422520E-8	1.335281E-8	1.403506E-8	1.378504E-8	1.492910E-8	1.446416E-8	1.475897E-8	1.452222E-8	1.450956E-8	1.478187E-8	1.494685E-8	1.445105E-8	1.560810E-8	1.501256E-8	1.488370E-8	1.459072E-8	1.566632E-8	1.526233E-8	1.565572E-8	1.522669E-8
   0:35:19	1	1.502341E+1	4.310599E+2	4.859100E-7	4.856297E-7	1.500897E-8	1.658266E-8	1.454941E-8	1.407864E-8	1.418587E-8	1.485213E-8	1.461325E-8	1.394432E-8	1.469141E-8	1.381078E-8	1.460808E-8	1.423474E-8	1.498563E-8	1.406010E-8	1.477029E-8	1.450209E-8	1.572251E-8	1.523580E-8	1.556550E-8	1.529707E-8	1.528872E-8	1.556940E-8	1.574375E-8	1.521412E-8	1.644363E-8	1.583512E-8	1.569344E-8	1.539425E-8	1.651577E-8	1.608708E-8	1.649813E-8	1.604704E-8
   0:35:32	1	1.502303E+1	4.319756E+2	5.090800E-7	5.088095E-7	1.572758E-8	1.736830E-8	1.522363E-8	1.473087E-8	1.484813E-8	1.554062E-8	1.530517E-8	1.458270E-8	1.538519E-8	1.446352E-8	1.531546E-8	1.491050E-8	1.569241E-8	1.470221E-8	1.546201E-8	1.518876E-8	1.648653E-8	1.596987E-8	1.631648E-8	1.602659E-8	1.601676E-8	1.631554E-8	1.650653E-8	1.594610E-8	1.725784E-8	1.659292E-8	1.645973E-8	1.614155E-8	1.732051E-8	1.687134E-8	1.730228E-8	1.683180E-8
   0:35:46	1	1.502311E+1	4.328912E+2	5.315800E-7	5.315673E-7	1.640362E-8	1.814329E-8	1.588635E-8	1.536741E-8	1.549576E-8	1.622874E-8	1.596742E-8	1.521797E-8	1.607738E-8	1.510570E-8	1.600445E-8	1.556839E-8	1.638456E-8	1.536098E-8	1.614727E-8	1.584804E-8	1.723097E-8	1.668789E-8	1.704736E-8	1.676157E-8	1.675446E-8	1.706244E-8	1.723360E-8	1.664882E-8	1.805150E-8	1.735701E-8	1.720171E-8	1.687069E-8	1.812204E-8	1.763907E-8	1.809226E-8	1.759858E-8
   0:36:00	1	1.502440E+1	4.338069E+2	5.584500E-7	5.586438E-7	1.723517E-8	1.907817E-8	1.668452E-8	1.614615E-8	1.626148E-8	1.702579E-8	1.675214E-8	1.596561E-8	1.689071E-8	1.586764E-8	1.679037E-8	1.634184E-8	1.720391E-8	1.611819E-8	1.694927E-8	1.665224E-8	1.812460E-8	1.754462E-8	1.793729E-8	1.761841E-8	1.759830E-8	1.793438E-8	1.812130E-8	1.749019E-8	1.900260E-8	1.826479E-8	1.810755E-8	1.776571E-8	1.905907E-8	1.856165E-8	1.903401E-8	1.851611E-8
   0:36:14	1	1.502478E+1	4.347225E+2	5.886100E-7	5.878008E-7	1.811434E-8	2.006679E-8	1.754212E-8	1.695824E-8	1.708935E-8	1.789016E-8	1.760230E-8	1.678199E-8	1.778271E-8	1.668045E-8	1.765626E-8	1.719233E-8	1.809172E-8	1.694628E-8	1.782583E-8	1.748397E-8	1.907968E-8	1.847657E-8	1.888492E-8	1.854917E-8	1.853224E-8	1.888002E-8	1.908678E-8	1.840761E-8	2.000604E-8	1.922489E-8	1.906901E-8	1.871752E-8	2.008060E-8	1.955223E-8	2.004991E-8	1.949879E-8
   0:36:27	1	1.502318E+1	4.356382E+2	6.197500E-7	6.199070E-7	1.908993E-8	2.117122E-8	1.848157E-8	1.784868E-8	1.798456E-8	1.884712E-8	1.852870E-8	1.764764E-8	1.874025E-8	1.756777E-8	1.860277E-8	1.812012E-8	1.906645E-8	1.786555E-8	1.877302E-8	1.842602E-8	2.015811E-8	1.948442E-8	1.991904E-8	1.957534E-8	1.955957E-8	1.991441E-8	2.012720E-8	1.941875E-8	2.116710E-8	2.030249E-8	2.013624E-8	1.975956E-8	2.121850E-8	2.064634E-8	2.115970E-8	2.059885E-8
   0:36:41	1	1.502219E+1	4.365538E+2	6.580600E-7	6.581120E-7	2.024500E-8	2.245278E-8	1.959006E-8	1.893139E-8	1.905857E-8	1.996173E-8	1.963317E-8	1.871260E-8	1.989270E-8	1.865068E-8	1.973517E-8	1.920489E-8	2.021688E-8	1.893526E-8	1.988623E-8	1.953868E-8	2.140917E-8	2.070678E-8	2.117300E-8	2.079416E-8	2.077046E-8	2.115183E-8	2.138061E-8	2.063339E-8	2.250422E-8	2.159031E-8	2.140444E-8	2.103250E-8	2.255645E-8	2.195786E-8	2.249711E-8	2.190392E-8
   0:36:55	1	1.502379E+1	4.374694E+2	6.975000E-7	6.972040E-7	2.142075E-8	2.376958E-8	2.073900E-8	2.002460E-8	2.015837E-8	2.109765E-8	2.075084E-8	1.977540E-8	2.107685E-8	1.976133E-8	2.087655E-8	2.033551E-8	2.140209E-8	2.003811E-8	2.105037E-8	2.066287E-8	2.270116E-8	2.197470E-8	2.246462E-8	2.204752E-8	2.202356E-8	2.243776E-8	2.264970E-8	2.184809E-8	2.389853E-8	2.288767E-8	2.270656E-8	2.229868E-8	2.394555E-8	2.329061E-8	2.386299E-8	2.322641E-8
