APD#	0019	Started	06/28/07 18:16	Sense_ohms	1.004464E+6	1.004628E+6	1.002105E+6	1.000924E+6	9.998282E+5	1.007735E+6	1.002821E+6	9.989270E+5	9.993226E+5	1.002376E+6	1.001862E+6	1.003102E+6	1.000030E+6	1.003780E+6	1.000011E+6	1.000898E+6	9.999006E+5	1.006439E+6	1.005624E+6	1.010450E+6	1.003884E+6	1.005600E+6	1.002519E+6	1.006362E+6	1.004620E+6	1.008599E+6	1.003214E+6	1.000475E+6	1.003139E+6	9.996927E+5	1.009944E+6	1.000506E+6					
ElapTime	Shutter_Open	DegC	H2O_In	H2O_Out	TE_A	TE_V	BiasV	KE237_Amps	Pixel_Sum	A1	A2	A3	A4	A5	A6	A7	A8	B1	B2	B3	B4	B5	B6	B7	B8	C1	C2	C3	C4	C5	C6	C7	C8	D1	D2	D3	D4	D5	D6	D7	D8
0:00:00	0	-1.499550E+1	1.533400E+1	1.634400E+1	1.565955E+0	1.812230E+0	0.000000E+0	-1.759400E-10	-1.968598E-10	-1.766116E-12	-6.052987E-12	-2.781146E-12	-3.480784E-12	-4.307740E-12	-4.273941E-12	-5.179389E-12	-1.553567E-11	-3.613448E-12	-7.457281E-12	-4.679287E-12	-1.679789E-11	-5.320840E-12	-7.004523E-12	-9.501895E-12	-5.063453E-12	-8.171812E-12	-5.538339E-12	-5.291242E-12	-5.892424E-12	-1.003303E-11	-4.220366E-12	-6.444766E-12	-4.909764E-12	-6.368577E-12	-5.714858E-12	-4.482593E-12	-4.875684E-12	-4.104117E-12	-4.942519E-12	-5.519118E-12	-7.534188E-12
0:00:13	0	-1.499565E+1	1.532500E+1	1.634100E+1	1.562294E+0	1.808987E+0	0.000000E+0	-2.084300E-10	-3.913865E-10	-5.674668E-13	-1.185414E-11	-1.080925E-11	-1.240454E-11	-1.172101E-11	-1.294884E-11	-1.080153E-11	-2.295563E-11	-1.134669E-11	-1.276567E-11	-1.157046E-11	-9.472616E-12	-1.000770E-11	-1.438861E-11	-1.488584E-11	-1.101211E-11	-1.355735E-11	-1.283933E-11	-1.240921E-11	-1.366619E-11	-1.236796E-11	-1.033115E-11	-1.301621E-11	-1.277771E-11	-1.191694E-11	-1.331451E-11	-1.206024E-11	-1.266299E-11	-1.187173E-11	-1.210272E-11	-1.241851E-11	-1.456163E-11
0:00:26	0	-1.499580E+1	1.529500E+1	1.633300E+1	1.561724E+0	1.809620E+0	1.000000E+1	2.892000E-10	-3.705169E-10	1.072214E-12	-1.059298E-11	-1.017758E-11	-1.063218E-11	-1.121393E-11	-1.131448E-11	-9.348628E-12	-2.789994E-12	-1.102947E-11	-1.346002E-11	-1.030581E-11	-1.098792E-11	-8.994730E-12	-1.375700E-11	-2.711170E-11	-1.126488E-11	-1.222722E-11	-1.277673E-11	-1.272444E-11	-1.140977E-11	-1.520694E-11	-1.165374E-11	-1.579621E-11	-1.202251E-11	-1.122315E-11	-1.099049E-11	-1.212304E-11	-1.177641E-11	-1.180793E-11	-1.222976E-11	-1.229375E-11	-1.234575E-11
0:00:40	0	-1.499573E+1	1.529500E+1	1.630700E+1	1.565359E+0	1.811989E+0	2.000000E+1	3.892600E-10	-3.433514E-10	0.000000E+0	-1.153860E-11	-9.228574E-12	-1.056923E-11	-1.146697E-11	-1.012072E-11	-1.042260E-11	-2.917130E-12	-1.337506E-11	-1.093302E-11	-1.264545E-11	-1.016746E-11	-1.057868E-11	-1.350495E-11	-1.114888E-11	-1.215109E-11	-1.425442E-11	-1.126646E-11	-1.215763E-11	-1.291405E-11	-8.013874E-12	-8.378083E-12	-1.200576E-11	-1.051212E-11	-1.160140E-11	-1.086557E-11	-1.098669E-11	-1.139659E-11	-1.161853E-11	-1.077231E-11	-1.254426E-11	-1.329527E-11
0:00:53	0	-1.499573E+1	1.530900E+1	1.630500E+1	1.562572E+0	1.808898E+0	3.000000E+1	3.157500E-10	-3.446674E-10	-3.155912E-13	-1.008831E-11	-9.482040E-12	-1.056923E-11	-9.629654E-12	-1.219467E-11	-1.193832E-11	-1.223913E-11	-1.083934E-11	-1.194362E-11	-1.100152E-11	-1.395571E-11	-8.867734E-12	-1.249477E-11	-5.510939E-12	-9.873134E-12	-1.235323E-11	-1.208419E-11	-1.158982E-11	-1.128408E-11	-9.212220E-12	-1.001591E-11	-1.352194E-11	-1.164492E-11	-1.172782E-11	-1.099049E-11	-1.142827E-11	-1.152353E-11	-1.086091E-11	-1.115243E-11	-1.110161E-11	-1.323230E-11
0:01:07	0	-1.499580E+1	1.530400E+1	1.632300E+1	1.560824E+0	1.808784E+0	4.000000E+1	9.253000E-10	-3.501805E-10	1.009494E-12	-1.090852E-11	-8.976105E-12	-1.012564E-11	-1.070684E-11	-1.099992E-11	-1.111764E-11	-1.255547E-11	-1.134669E-11	-1.156452E-11	-8.788636E-12	-1.566142E-11	-1.019869E-11	-1.318915E-11	-1.551883E-11	-8.480385E-12	-1.051605E-11	-1.158043E-11	-1.114930E-11	-1.260033E-11	-9.780014E-12	-1.114956E-11	-1.105715E-11	-1.114112E-11	-1.116044E-11	-1.193338E-11	-1.104949E-11	-1.120668E-11	-1.073530E-11	-1.210272E-11	-1.116399E-11	-1.272556E-11
0:01:20	0	-1.499565E+1	1.528500E+1	1.632800E+1	1.564815E+0	1.811900E+0	5.000000E+1	9.243000E-10	-3.214069E-10	3.657672E-12	-9.647352E-12	-8.217702E-12	-9.808937E-12	-1.020075E-11	-1.062283E-11	-9.159162E-12	-1.211200E-11	-1.058617E-11	-1.137497E-11	-9.799753E-12	5.054321E-13	-8.487745E-12	-1.186415E-11	-1.564583E-11	-9.873134E-12	-1.146614E-11	-1.013375E-11	-1.222027E-11	-1.071998E-11	-1.135789E-11	-1.127586E-11	-8.782876E-12	-1.076352E-11	-1.191694E-11	-1.130479E-11	-1.104949E-11	-1.190335E-11	-1.206114E-11	-1.058225E-11	-1.041147E-11	-1.221982E-11
0:01:34	0	-1.510723E+1	1.532900E+1	1.632500E+1	1.561458E+0	1.808987E+0	6.000000E+1	1.024700E-9	-3.299283E-10	1.450525E-12	-8.259774E-12	-1.112558E-11	-9.808937E-12	-9.883698E-12	-1.024575E-11	-7.706261E-12	6.306767E-14	-7.986410E-12	-1.042722E-11	-1.068510E-11	-1.237760E-11	-8.107757E-12	-1.091773E-11	-1.697581E-11	-9.619362E-12	-1.343033E-11	-1.158043E-11	-1.127559E-11	-1.203622E-11	-5.489678E-12	-1.064539E-11	-1.206860E-11	-1.164492E-11	-1.116044E-11	-9.922675E-12	-2.121581E-11	-1.076389E-11	-1.206114E-11	-1.115243E-11	-1.229375E-11	-1.057365E-11
0:01:47	0	-1.499558E+1	1.530500E+1	1.631700E+1	1.556403E+0	1.803996E+0	7.000000E+1	1.119000E-9	-3.122443E-10	1.261369E-12	-9.394522E-12	-8.217702E-12	-9.619112E-12	-9.693665E-12	-1.106342E-11	-9.979847E-12	3.804082E-13	-9.571484E-12	-1.118542E-11	-1.024293E-11	-1.938686E-11	-9.057728E-12	-1.199068E-11	-1.032489E-11	-7.847953E-12	-1.184618E-11	-1.070010E-11	-1.228292E-11	-1.140977E-11	-4.227580E-12	-9.133850E-12	-9.035240E-12	-1.132992E-11	-1.191694E-11	-9.044229E-12	-9.660950E-12	-1.082686E-11	-1.168233E-11	-1.134249E-11	-1.053722E-11	-1.133327E-11
0:02:01	0	-1.499580E+1	1.531300E+1	1.630700E+1	1.555314E+0	1.802628E+0	8.000000E+1	1.154500E-9	-3.162747E-10	2.207147E-12	-9.458227E-12	-8.534036E-12	-8.986696E-12	-9.629654E-12	-9.994691E-12	-1.099099E-11	-2.098952E-11	-8.113496E-12	-1.175407E-11	-9.484340E-12	-9.787639E-12	-9.501715E-12	-1.167487E-11	-5.069944E-13	-8.923986E-12	-1.115011E-11	-1.101408E-11	-1.070877E-11	-1.278836E-11	-8.644425E-12	-9.638027E-12	-1.194192E-11	-1.164492E-11	-1.084490E-11	-8.918311E-12	-9.975937E-12	-1.133362E-11	-1.004048E-11	-1.001108E-11	-9.972830E-12	-1.152317E-11
0:02:14	0	-1.499580E+1	1.529400E+1	1.633600E+1	1.558443E+0	1.806314E+0	9.000000E+1	1.239200E-9	-3.140235E-10	3.090205E-12	-8.827148E-12	-8.217702E-12	-9.998761E-12	-1.045380E-11	-8.360333E-12	-8.653588E-12	-8.434050E-12	-1.039604E-11	-1.169122E-11	-8.725753E-12	-7.073059E-12	-8.424747E-12	-1.154835E-11	-1.653282E-11	-9.746248E-12	-8.995894E-12	-9.692589E-12	-1.089771E-11	-1.184819E-11	-1.609050E-11	-8.944909E-12	-1.093146E-11	-9.755933E-12	-8.953634E-12	-9.545915E-12	-9.597155E-12	-1.088983E-11	-1.035649E-11	-1.064527E-11	-1.047484E-11	-1.240972E-11
0:02:28	0	-1.499558E+1	1.533900E+1	1.632200E+1	1.560090E+0	1.806542E+0	1.000000E+2	1.337500E-9	-3.045967E-10	1.702400E-12	-8.764438E-12	-7.332565E-12	-8.607047E-12	-8.426448E-12	-9.994691E-12	-9.032519E-12	-8.687321E-12	-9.064140E-12	-1.080632E-11	-1.093863E-11	-3.410421E-12	-6.143816E-12	-1.255853E-11	-2.058677E-11	-8.797100E-12	-1.007300E-11	-9.943971E-12	-1.096036E-11	-1.097036E-11	-6.562511E-12	-1.007856E-11	-1.029906E-11	-8.245542E-12	-1.116044E-11	-1.067719E-11	-9.028981E-12	-1.114371E-11	-1.073530E-11	-1.108841E-11	-1.110161E-11	-1.107939E-11
0:02:42	0	-1.499641E+1	1.531800E+1	1.631800E+1	1.558341E+0	1.805921E+0	1.200000E+2	1.436000E-9	-2.840077E-10	2.207147E-12	-9.836477E-12	-7.016231E-12	-7.657924E-12	-8.743502E-12	-9.868666E-12	-7.706261E-12	3.234471E-12	-9.318312E-12	-9.669026E-12	-9.357576E-12	-2.241746E-11	-7.917762E-12	-9.718265E-12	-6.587928E-12	-7.404351E-12	-1.121311E-11	-1.007016E-11	-1.014196E-11	-1.028156E-11	-6.373246E-12	-6.991846E-12	-1.029906E-11	-8.749337E-12	-1.002568E-11	-8.980774E-12	-1.048131E-11	-1.057398E-11	-1.035649E-11	-9.504921E-12	-1.066297E-11	-1.152317E-11
0:02:55	0	-1.499558E+1	1.530100E+1	1.630000E+1	1.555504E+0	1.802817E+0	1.400000E+2	1.549800E-9	-2.866450E-10	2.585459E-12	-7.944234E-12	-7.142964E-12	-6.075386E-12	-6.969197E-12	-8.234308E-12	-1.017031E-11	-1.242934E-11	-8.430711E-12	-9.100378E-12	-7.776520E-12	-1.433453E-11	-8.867734E-12	-1.085397E-11	-8.107911E-12	-6.138488E-12	-7.538749E-12	-9.629992E-12	-1.064513E-11	-1.084566E-11	-1.047432E-11	-9.133850E-12	-1.017337E-11	-9.693331E-12	-1.034122E-11	-9.420989E-12	-9.471558E-12	-8.990729E-12	-9.851077E-12	-1.102539E-11	-8.592556E-12	-1.082652E-11
0:03:09	0	-1.499520E+1	1.530800E+1	1.632700E+1	1.560166E+0	1.806909E+0	1.600000E+2	1.593400E-9	-2.566092E-10	5.423788E-12	-7.125025E-12	-4.424686E-12	-7.657924E-12	-7.539295E-12	-8.234308E-12	-6.821756E-12	-1.769198E-11	-8.874011E-12	-9.542327E-12	-7.017933E-12	5.682373E-13	-6.207814E-12	-9.907549E-12	-9.184899E-12	-7.088634E-12	-6.651661E-12	-1.000756E-11	-1.001567E-11	-9.904498E-12	-1.236796E-11	-8.062848E-12	-9.224763E-12	-6.105159E-12	-7.818877E-12	-1.011205E-11	-9.155574E-12	-9.497489E-12	-9.156259E-12	-8.364570E-12	-9.784701E-12	-9.053419E-12
0:03:23	0	-1.499664E+1	1.530600E+1	1.630200E+1	1.558696E+0	1.806555E+0	1.800000E+2	1.507800E-9	-2.304382E-10	7.945531E-12	-6.935901E-12	-7.585034E-12	-7.783808E-12	-7.032208E-12	-7.040541E-12	-6.948399E-12	3.297538E-12	-6.782595E-12	-8.594579E-12	-7.144697E-12	-8.209534E-12	-5.763827E-12	-9.150411E-12	-1.330185E-11	-7.594180E-12	-8.615856E-12	-9.441208E-12	-9.259922E-12	-9.278044E-12	-6.246738E-12	-7.369730E-12	-8.845718E-12	-6.797753E-12	-7.629751E-12	-7.222890E-12	-7.197866E-12	-9.433519E-12	-7.956026E-12	-8.617648E-12	-8.467796E-12	-9.433227E-12
0:03:37	0	-1.498114E+1	1.531700E+1	1.633400E+1	1.552806E+0	1.800664E+0	2.000000E+2	1.549500E-9	-1.889985E-10	6.369566E-12	-4.729114E-12	-2.212343E-12	-4.809556E-12	-6.906186E-12	-6.411408E-12	-7.075041E-12	3.550810E-12	-6.719552E-12	-7.393433E-12	-5.753287E-12	-1.237760E-11	-5.383838E-12	-7.761661E-12	-7.030923E-12	-5.063453E-12	-8.552850E-12	-7.804745E-12	-9.385218E-12	-6.645554E-12	-4.354089E-12	-6.109785E-12	-8.972399E-12	-6.357553E-12	-7.755171E-12	-6.469370E-12	4.167605E-12	-7.217572E-12	-9.597872E-12	-7.730376E-12	-8.592556E-12	-7.913996E-12
0:03:50	0	-1.510138E+1	1.531100E+1	1.633300E+1	1.556163E+0	1.803046E+0	2.200000E+2	1.521200E-9	-1.662930E-10	7.126189E-12	-3.089701E-12	-3.097480E-12	-1.076006E-12	-5.194892E-12	-3.896858E-12	-6.126717E-12	-3.424675E-12	-5.958036E-12	-5.560788E-12	-2.402526E-12	-1.787156E-11	-4.813856E-12	-7.636135E-12	-3.103966E-12	-2.277954E-12	-5.891586E-12	-6.797233E-12	-7.306906E-12	-6.080459E-12	-2.713461E-12	-6.551313E-12	-7.898105E-12	-4.028372E-12	-5.170114E-12	-5.338098E-12	-6.566894E-12	-7.534421E-12	-6.756790E-12	-5.639733E-12	-6.523134E-12	-7.091412E-12
0:04:04	0	-1.499672E+1	1.530400E+1	1.628900E+1	1.552159E+0	1.799321E+0	2.400000E+2	1.509900E-9	-1.144048E-10	8.450278E-12	-5.046644E-13	-3.476682E-12	-1.202889E-12	-3.041523E-12	-9.427082E-13	-3.221911E-12	-2.789994E-12	-4.500048E-12	-3.223341E-12	-1.896469E-12	-3.346619E-12	-6.969791E-13	-6.436669E-12	-8.170910E-12	3.167156E-13	-4.117409E-12	-5.224360E-12	-5.291242E-12	-5.579692E-12	-4.227580E-12	-3.968775E-12	-5.434311E-12	-4.279772E-12	-4.224483E-12	-4.081900E-12	-4.103810E-12	-5.888203E-12	-4.357322E-12	-6.082869E-12	-6.021126E-12	-6.837540E-12
0:04:18	0	-1.499535E+1	1.530300E+1	1.631100E+1	1.555808E+0	1.802906E+0	2.600000E+2	1.603200E-9	-6.323934E-11	1.097302E-11	6.300840E-13	-7.584036E-13	2.721485E-12	-1.520261E-12	3.708316E-12	-1.579544E-12	3.741014E-12	-4.437006E-12	-3.223341E-12	-1.074998E-12	3.978658E-12	6.329810E-13	-2.649983E-12	-1.665982E-11	9.491477E-13	-2.470246E-12	-2.832760E-12	-4.346555E-12	-4.388144E-12	-4.101071E-12	-3.653540E-12	-6.128562E-12	-1.636588E-12	-8.192152E-13	-2.951619E-12	-4.230403E-12	-5.255504E-12	-3.599701E-12	-3.675129E-12	-3.073438E-12	-5.508213E-12
0:04:32	0	-1.499603E+1	1.529000E+1	1.629700E+1	1.551209E+0	1.799081E+0	2.800000E+2	1.690500E-9	5.042136E-11	1.362119E-11	4.602699E-12	2.845011E-12	7.531041E-12	2.407414E-12	4.652017E-12	6.282278E-14	1.693117E-11	-5.703864E-13	-5.686489E-13	1.896469E-12	-5.935588E-12	3.546894E-12	-5.678535E-13	1.235186E-11	5.126396E-12	-1.584157E-12	-1.261875E-13	-3.779743E-12	1.256866E-13	3.091991E-12	-2.267303E-12	-2.653316E-12	3.149960E-13	1.198463E-12	1.382115E-12	-1.641724E-12	-1.583248E-12	-2.272865E-12	-1.520467E-12	-1.004016E-12	-5.191373E-12
0:04:45	0	-1.499580E+1	1.528400E+1	1.631800E+1	1.552083E+0	1.798498E+0	3.000000E+2	1.770700E-9	1.592740E-10	1.658596E-11	9.142688E-12	6.320695E-12	1.018958E-11	7.476284E-12	1.137700E-11	3.284734E-12	5.960396E-12	2.345589E-12	3.286192E-12	6.132581E-12	8.204549E-13	6.967791E-12	4.480065E-12	1.539283E-11	1.082228E-11	5.070504E-13	4.216848E-12	3.152272E-13	2.006037E-12	9.465237E-12	-5.668258E-13	-1.137136E-12	4.279772E-12	5.612072E-12	5.589932E-12	8.841583E-13	1.646218E-12	1.266026E-13	4.752460E-12	2.257551E-12	-1.266359E-12
0:04:59	0	-1.499618E+1	1.530800E+1	1.629100E+1	1.555339E+0	1.802361E+0	3.200000E+2	1.893500E-9	3.325928E-10	2.219791E-11	1.399822E-11	1.043004E-11	1.885957E-11	1.172101E-11	1.917171E-11	8.843054E-12	9.638342E-12	9.318312E-12	8.405030E-12	1.081187E-11	1.168276E-11	1.602552E-11	9.023890E-12	1.469584E-11	1.848040E-11	9.248919E-12	1.032253E-11	6.740094E-12	6.331832E-12	6.814532E-12	3.653540E-12	3.348565E-12	9.000737E-12	1.160140E-11	1.180747E-11	4.862372E-12	1.152353E-11	6.819593E-12	7.730376E-12	8.090548E-12	1.393295E-12
0:05:13	0	-1.499558E+1	1.529800E+1	1.628400E+1	1.551209E+0	1.799283E+0	3.400000E+2	2.236800E-9	5.615954E-10	2.800001E-11	2.200516E-11	1.801508E-11	2.885833E-11	2.103361E-11	3.155492E-11	1.471748E-11	3.234070E-11	1.768498E-11	1.636711E-11	1.789368E-11	1.812378E-11	2.438727E-11	1.830082E-11	3.673960E-12	2.828960E-11	1.539453E-11	1.661601E-11	1.366912E-11	1.385422E-11	9.843767E-12	7.244431E-12	1.055242E-11	1.730987E-11	2.150166E-11	2.072578E-11	9.660950E-12	1.677803E-11	1.212394E-11	1.495360E-11	1.486518E-11	5.255341E-12
0:05:27	0	-1.499657E+1	1.528300E+1	1.629700E+1	1.552882E+0	1.799233E+0	3.600000E+2	2.658200E-9	9.822519E-10	3.827912E-11	3.713812E-11	3.065747E-11	4.360471E-11	3.465595E-11	5.324118E-11	2.627687E-11	4.946207E-11	3.004535E-11	3.014338E-11	2.377373E-11	3.157406E-11	4.041279E-11	3.142721E-11	2.869468E-11	4.455499E-11	2.743073E-11	3.014788E-11	2.494471E-11	2.683161E-11	2.378861E-11	1.474045E-11	1.845052E-11	2.807340E-11	3.657104E-11	3.385191E-11	1.982628E-11	3.051750E-11	2.355406E-11	2.756347E-11	2.910260E-11	1.291546E-11
0:05:40	0	-1.499542E+1	1.527300E+1	1.628900E+1	1.550006E+0	1.797472E+0	3.610000E+2	2.161700E-9	9.994089E-10	3.853199E-11	3.770550E-11	3.154260E-11	4.664190E-11	3.776049E-11	5.487554E-11	2.754031E-11	4.102802E-11	3.036257E-11	2.900608E-11	2.813561E-11	3.593154E-11	4.155275E-11	3.445576E-11	2.141076E-11	4.588380E-11	2.933192E-11	3.159556E-11	2.292905E-11	2.589044E-11	1.981305E-11	1.625199E-11	2.091432E-11	2.983519E-11	3.587725E-11	3.554733E-11	2.007946E-11	3.159399E-11	2.355406E-11	2.781655E-11	2.841247E-11	1.760109E-11
0:05:54	0	-1.499679E+1	1.527800E+1	1.630400E+1	1.553110E+0	1.799663E+0	3.620000E+2	2.074800E-9	1.038741E-9	4.067542E-11	3.789462E-11	3.286981E-11	4.499642E-11	3.706337E-11	5.581825E-11	2.798306E-11	4.895453E-11	3.258107E-11	3.058633E-11	2.712449E-11	2.930111E-11	4.326370E-11	3.464504E-11	2.901168E-11	4.733949E-11	2.838082E-11	3.398716E-11	2.777877E-11	2.802217E-11	2.889975E-11	1.675617E-11	2.192577E-11	2.933239E-11	3.587725E-11	3.718029E-11	2.064764E-11	3.210075E-11	2.513211E-11	2.807063E-11	3.016900E-11	1.437173E-11
0:06:07	0	-1.499588E+1	1.530200E+1	1.627800E+1	1.551526E+0	1.799321E+0	3.630000E+2	2.055100E-9	1.082096E-9	4.130661E-11	3.972316E-11	3.381781E-11	4.733826E-11	3.795052E-11	5.669844E-11	2.754031E-11	6.309570E-11	3.226486E-11	3.083873E-11	2.655555E-11	3.580593E-11	4.395968E-11	3.590727E-11	4.250353E-11	4.695983E-11	2.749473E-11	3.266567E-11	2.381009E-11	2.814785E-11	2.984608E-11	1.801611E-11	2.129336E-11	2.939499E-11	3.770580E-11	3.843648E-11	2.058384E-11	3.172093E-11	2.551092E-11	2.908394E-11	3.073339E-11	1.538522E-11
0:06:21	0	-1.499603E+1	1.529300E+1	1.628800E+1	1.555542E+0	1.802552E+0	3.640000E+2	2.093800E-9	1.089178E-9	4.149576E-11	3.959774E-11	3.400841E-11	4.797068E-11	3.680932E-11	5.839531E-11	2.987771E-11	5.225207E-11	3.359576E-11	3.298762E-11	2.712449E-11	2.532245E-11	4.421367E-11	3.622308E-11	4.161754E-11	5.088331E-11	3.110509E-11	3.423953E-11	2.714931E-11	2.846158E-11	2.757490E-11	1.839399E-11	2.154672E-11	3.046518E-11	3.890426E-11	3.912754E-11	2.197338E-11	3.229066E-11	2.645795E-11	3.028831E-11	3.242655E-11	1.639770E-11
0:06:34	0	-1.499580E+1	1.527700E+1	1.629100E+1	1.552818E+0	1.799435E+0	3.650000E+2	2.135100E-9	1.125480E-9	4.181135E-11	4.003870E-11	3.457721E-11	4.986992E-11	4.124409E-11	6.021821E-11	3.000436E-11	4.223332E-11	3.460944E-11	3.393537E-11	3.066490E-11	3.738403E-11	4.567063E-11	3.767459E-11	4.180754E-11	5.284554E-11	3.351233E-11	3.316942E-11	2.771612E-11	2.802217E-11	3.022461E-11	1.807876E-11	2.464193E-11	3.166058E-11	3.940893E-11	3.988106E-11	2.367790E-11	3.475949E-11	2.784759E-11	2.965411E-11	3.236417E-11	1.627177E-11
0:06:48	0	-1.499527E+1	1.532000E+1	1.628900E+1	1.550880E+0	1.799068E+0	3.660000E+2	2.125100E-9	1.146357E-9	4.269342E-11	4.155170E-11	3.495642E-11	5.050234E-11	4.333545E-11	6.034424E-11	3.183619E-11	5.554960E-11	3.663782E-11	3.248182E-11	3.300455E-11	3.776286E-11	4.763357E-11	3.729602E-11	2.369074E-11	5.309832E-11	3.123210E-11	3.675633E-11	3.073912E-11	2.877431E-11	2.801619E-11	1.820505E-11	2.382099E-11	3.229057E-11	4.293962E-11	4.170240E-11	2.329912E-11	3.520328E-11	2.866901E-11	3.237895E-11	3.343057E-11	1.652464E-11
0:07:01	0	-1.499664E+1	1.531400E+1	1.630800E+1	1.555605E+0	1.802552E+0	3.670000E+2	2.180100E-9	1.206904E-9	4.332460E-11	4.230820E-11	3.641036E-11	5.227470E-11	4.320842E-11	6.216714E-11	3.196184E-11	6.354018E-11	3.644769E-11	3.570516E-11	2.921061E-11	3.605815E-11	4.978751E-11	4.070314E-11	4.193354E-11	5.442812E-11	3.078906E-11	3.637876E-11	3.376312E-11	3.115642E-11	3.325384E-11	2.047235E-11	2.578006E-11	3.298316E-11	4.180486E-11	4.239346E-11	2.506743E-11	3.691247E-11	3.024705E-11	3.383640E-11	3.531186E-11	1.728425E-11
0:07:15	0	-1.509515E+1	1.530000E+1	1.628300E+1	1.551703E+0	1.799346E+0	3.680000E+2	2.168600E-9	1.232865E-9	4.389207E-11	4.356936E-11	3.748410E-11	5.284417E-11	4.643998E-11	6.474420E-11	3.297298E-11	5.802326E-11	3.771555E-11	3.627381E-11	3.167702E-11	3.441624E-11	5.004050E-11	4.221841E-11	4.693848E-11	5.423829E-11	3.357634E-11	3.839279E-11	3.231426E-11	2.984017E-11	3.281156E-11	1.996818E-11	2.571622E-11	3.430475E-11	4.306603E-11	4.390050E-11	2.898185E-11	3.931832E-11	3.087907E-11	3.364634E-11	3.524948E-11	1.741119E-11
0:07:28	0	-1.499550E+1	1.528500E+1	1.630600E+1	1.547257E+0	1.795078E+0	3.690000E+2	2.247800E-9	1.270478E-9	4.502700E-11	4.445227E-11	3.780043E-11	5.512207E-11	4.643998E-11	6.637856E-11	3.398413E-11	5.954489E-11	3.898341E-11	3.659006E-11	3.268813E-11	3.334257E-11	5.143446E-11	4.183985E-11	5.314542E-11	5.575693E-11	3.427341E-11	3.908533E-11	3.659718E-11	3.297442E-11	3.401090E-11	2.034606E-11	2.698004E-11	3.600394E-11	4.602934E-11	4.484240E-11	2.569841E-11	3.931832E-11	3.075247E-11	3.491373E-11	3.731890E-11	1.880349E-11
0:07:42	0	-1.499512E+1	1.532800E+1	1.629600E+1	1.551007E+0	1.798422E+0	3.700000E+2	2.268900E-9	1.290116E-9	4.710871E-11	4.646994E-11	3.906477E-11	5.607219E-11	4.701008E-11	6.908165E-11	3.619489E-11	5.301288E-11	3.904645E-11	3.816931E-11	3.654495E-11	4.148930E-11	5.314441E-11	4.284903E-11	3.781658E-11	5.885815E-11	3.731371E-11	4.059560E-11	3.319630E-11	3.335049E-11	2.921553E-11	2.085024E-11	2.824385E-11	3.726293E-11	4.766877E-11	4.609860E-11	2.797210E-11	4.033184E-11	3.277313E-11	3.548390E-11	3.807142E-11	1.975400E-11
0:07:55	0	-1.499664E+1	1.530100E+1	1.631100E+1	1.549778E+0	1.796522E+0	3.710000E+2	2.295700E-9	1.326668E-9	4.906298E-11	4.634352E-11	4.140384E-11	5.866679E-11	4.802325E-11	7.197329E-11	3.651001E-11	5.681797E-11	4.120191E-11	3.842271E-11	3.382602E-11	5.077151E-11	5.352439E-11	4.442707E-11	3.965356E-11	5.892109E-11	3.560354E-11	4.078439E-11	3.615665E-11	3.529418E-11	3.154946E-11	2.192124E-11	2.691720E-11	3.650774E-11	4.880353E-11	4.647536E-11	2.639317E-11	4.153427E-11	3.479378E-11	3.675129E-11	3.838530E-11	1.924726E-11
0:08:09	0	-1.499444E+1	1.530900E+1	1.628800E+1	1.547827E+0	1.795483E+0	3.720000E+2	2.297300E-9	1.367058E-9	4.805448E-11	4.785752E-11	4.184591E-11	5.828714E-11	4.834030E-11	7.373367E-11	3.663665E-11	7.279811E-11	4.354750E-11	3.981241E-11	3.660883E-11	3.852051E-11	5.681830E-11	4.688776E-11	3.502961E-11	6.100921E-11	3.636361E-11	4.235826E-11	3.703869E-11	3.780197E-11	3.337935E-11	2.148071E-11	3.013908E-11	3.808172E-11	4.956003E-11	4.791994E-11	2.898185E-11	4.457383E-11	3.536200E-11	3.814572E-11	4.026659E-11	1.981697E-11
0:08:22	0	-1.499649E+1	1.531000E+1	1.629200E+1	1.551539E+0	1.798460E+0	3.730000E+2	2.372200E-9	1.413067E-9	4.849552E-11	4.993789E-11	4.361619E-11	6.069192E-11	5.024063E-11	7.725344E-11	3.764780E-11	7.349586E-11	4.259686E-11	4.132980E-11	3.426919E-11	3.132184E-11	5.713529E-11	4.650920E-11	5.707337E-11	6.290851E-11	3.668065E-11	4.430969E-11	3.628294E-11	3.742590E-11	3.855426E-11	2.280330E-11	2.976003E-11	3.883692E-11	5.176684E-11	5.055825E-11	2.866686E-11	4.495365E-11	3.555140E-11	3.903199E-11	4.183499E-11	2.152611E-11
0:08:36	0	-1.499550E+1	1.531700E+1	1.626900E+1	1.549297E+0	1.795863E+0	3.740000E+2	2.370400E-9	1.449009E-9	5.082910E-11	5.006430E-11	4.424786E-11	6.221052E-11	5.277507E-11	7.693888E-11	3.328909E-11	5.935469E-11	4.437106E-11	4.398350E-11	3.679848E-11	4.275139E-11	5.840225E-11	4.859232E-11	5.986034E-11	6.638938E-11	4.041802E-11	4.531621E-11	3.792073E-11	4.150032E-11	3.552502E-11	2.475636E-11	3.089817E-11	4.078751E-11	5.189325E-11	5.175099E-11	2.936063E-11	4.634599E-11	3.763586E-11	4.105962E-11	4.170924E-11	2.127324E-11
0:08:49	0	-1.499603E+1	1.527800E+1	1.631600E+1	1.551260E+0	1.797928E+0	3.750000E+2	2.407700E-9	1.477328E-9	5.133385E-11	5.233380E-11	4.570180E-11	6.334947E-11	5.410630E-11	7.995654E-11	4.055260E-11	6.005244E-11	4.614626E-11	4.461499E-11	3.976995E-11	4.597239E-11	6.188614E-11	4.960151E-11	4.073055E-11	6.626250E-11	4.168514E-11	4.638632E-11	4.050321E-11	3.886783E-11	3.823848E-11	2.513425E-11	3.209814E-11	4.110251E-11	5.309072E-11	5.181445E-11	3.157053E-11	4.710662E-11	3.940331E-11	4.232701E-11	4.321527E-11	2.241266E-11
0:09:03	0	-1.499482E+1	1.531000E+1	1.628800E+1	1.547979E+0	1.795065E+0	3.760000E+2	2.443000E-9	1.530340E-9	5.227962E-11	5.384779E-11	4.696614E-11	6.594407E-11	5.480242E-11	8.203049E-11	3.834184E-11	6.931037E-11	4.817463E-11	4.398350E-11	3.749319E-11	5.184518E-11	6.289911E-11	5.199944E-11	4.820447E-11	6.873128E-11	4.276225E-11	4.840035E-11	3.993640E-11	4.131229E-11	3.817573E-11	2.500796E-11	3.273055E-11	4.368309E-11	5.504569E-11	5.420093E-11	3.119175E-11	4.894275E-11	3.997153E-11	4.359440E-11	4.409254E-11	2.443863E-11
0:09:16	0	-1.499755E+1	1.527800E+1	1.631300E+1	1.549487E+0	1.796724E+0	3.770000E+2	2.535200E-9	1.584680E-9	5.423490E-11	5.504525E-11	4.791414E-11	6.752661E-11	5.765390E-11	8.360234E-11	4.257390E-11	8.700235E-11	4.931541E-11	4.790119E-11	3.926389E-11	4.205754E-11	6.467306E-11	5.300962E-11	4.820447E-11	6.942665E-11	4.383936E-11	4.947046E-11	4.251887E-11	4.300559E-11	4.164625E-11	2.507060E-11	3.380385E-11	4.519447E-11	5.510840E-11	5.639902E-11	3.390702E-11	5.008221E-11	3.959272E-11	4.505184E-11	4.791850E-11	2.266553E-11
0:09:30	0	-1.499504E+1	1.532400E+1	1.629400E+1	1.551780E+0	1.798067E+0	3.780000E+2	2.555000E-9	1.640434E-9	5.347728E-11	5.649554E-11	4.943195E-11	6.936191E-11	5.720983E-11	8.737317E-11	4.579581E-11	7.343179E-11	5.121769E-11	4.967098E-11	3.793636E-11	4.363564E-11	6.530704E-11	5.357748E-11	7.043823E-11	7.284459E-11	4.472545E-11	5.261720E-11	4.403037E-11	4.407046E-11	4.682015E-11	2.551213E-11	3.449910E-11	4.651606E-11	5.927017E-11	5.740339E-11	3.365483E-11	5.198131E-11	4.104516E-11	4.682639E-11	4.791850E-11	2.633767E-11
0:09:43	0	-1.499664E+1	1.530300E+1	1.629000E+1	1.547815E+0	1.794811E+0	3.790000E+2	2.568300E-9	1.673092E-9	5.568542E-11	5.819766E-11	5.088589E-11	7.050086E-11	5.955423E-11	9.013977E-11	4.522741E-11	6.880283E-11	5.305594E-11	5.042918E-11	4.356388E-11	4.925621E-11	6.707999E-11	5.534380E-11	5.834036E-11	7.543926E-11	4.846382E-11	5.274339E-11	4.472348E-11	4.476026E-11	4.221404E-11	2.966885E-11	3.607912E-11	4.790026E-11	6.021580E-11	5.916226E-11	3.599132E-11	5.375447E-11	4.363403E-11	4.669935E-11	4.886013E-11	2.671848E-11
0:09:57	0	-1.499573E+1	1.530000E+1	1.629900E+1	1.548803E+0	1.796724E+0	3.800000E+2	2.674800E-9	1.730611E-9	5.694579E-11	6.015261E-11	5.195962E-11	7.398164E-11	6.259575E-11	9.189916E-11	5.110184E-11	7.768035E-11	5.514736E-11	5.213612E-11	4.444824E-11	5.291885E-11	7.164085E-11	5.919325E-11	4.871146E-11	7.714772E-11	4.890686E-11	5.488360E-11	4.604604E-11	4.645356E-11	4.284459E-11	2.645684E-11	3.772198E-11	5.022944E-11	6.254902E-11	6.173712E-11	3.662230E-11	5.527374E-11	4.546528E-11	4.904407E-11	5.180782E-11	2.690838E-11
0:10:10	0	-1.499649E+1	1.527300E+1	1.630500E+1	1.546826E+0	1.793963E+0	3.810000E+2	2.715400E-9	1.791727E-9	5.795529E-11	6.191844E-11	5.379277E-11	7.550024E-11	6.373595E-11	9.567098E-11	4.901772E-11	8.199298E-11	5.603496E-11	5.207228E-11	4.400606E-11	6.037073E-11	7.335080E-11	5.976210E-11	5.783336E-11	7.803393E-11	4.884386E-11	5.620510E-11	4.995108E-11	4.889802E-11	4.429595E-11	2.929097E-11	4.024961E-11	4.978924E-11	6.570146E-11	6.450036E-11	3.719047E-11	5.704690E-11	4.597070E-11	5.056454E-11	5.368912E-11	2.849058E-11
0:10:24	0	-1.499451E+1	1.528800E+1	1.627300E+1	1.550956E+0	1.798270E+0	3.820000E+2	2.779700E-9	1.847360E-9	5.972140E-11	6.292677E-11	5.632144E-11	7.727260E-11	6.538323E-11	9.604807E-11	5.021734E-11	9.486579E-11	5.983853E-11	5.580142E-11	4.463788E-11	4.401447E-11	7.499775E-11	6.184423E-11	6.575128E-11	8.005911E-11	4.941391E-11	5.954062E-11	4.988843E-11	5.002623E-11	4.827151E-11	3.313345E-11	4.094386E-11	5.230722E-11	6.727817E-11	6.575656E-11	3.725327E-11	5.869312E-11	4.672832E-11	5.240210E-11	5.582191E-11	3.019972E-11
0:10:37	0	-1.499542E+1	1.531200E+1	1.629000E+1	1.542545E+0	1.790327E+0	3.830000E+2	2.764500E-9	1.901364E-9	6.047803E-11	6.519727E-11	5.771252E-11	7.917085E-11	6.772764E-11	1.005106E-10	5.078573E-11	9.670476E-11	6.021879E-11	5.643292E-11	4.868535E-11	4.300460E-11	7.645471E-11	6.405288E-11	7.075522E-11	8.613465E-11	5.226520E-11	5.941542E-11	5.133728E-11	5.140581E-11	5.300413E-11	3.067721E-11	4.138675E-11	5.394381E-11	6.816110E-11	6.839487E-11	3.858000E-11	5.913591E-11	4.805416E-11	5.335240E-11	5.732694E-11	3.089637E-11
0:10:51	0	-1.499459E+1	1.528800E+1	1.627600E+1	1.542152E+0	1.789947E+0	3.840000E+2	2.922700E-9	1.961406E-9	6.211771E-11	6.715122E-11	5.853379E-11	8.189233E-11	7.159230E-11	1.040313E-10	5.173306E-11	8.078769E-11	6.161274E-11	5.864466E-11	4.938005E-11	5.891824E-11	7.835565E-11	6.399012E-11	7.455618E-11	8.714774E-11	5.720569E-11	6.312852E-11	5.247090E-11	5.272205E-11	4.751445E-11	3.445704E-11	4.435627E-11	5.620940E-11	7.162907E-11	7.021621E-11	4.217844E-11	6.306105E-11	5.140165E-11	5.449375E-11	5.908347E-11	3.083340E-11
0:11:04	0	-1.499588E+1	1.531000E+1	1.625200E+1	1.545560E+0	1.793203E+0	3.850000E+2	2.985700E-9	2.020636E-9	6.451401E-11	7.011451E-11	6.099960E-11	8.448693E-11	7.285952E-11	1.069855E-10	5.552337E-11	9.461252E-11	6.421150E-11	5.984581E-11	5.121364E-11	6.175942E-11	8.259952E-11	6.815438E-11	6.302731E-11	8.955258E-11	5.669964E-11	6.501636E-11	5.549490E-11	5.497847E-11	4.656813E-11	3.300815E-11	4.378770E-11	5.790859E-11	7.364675E-11	7.279107E-11	4.388396E-11	6.464429E-11	5.165386E-11	5.664741E-11	6.071426E-11	3.273244E-11
0:11:18	0	-1.499489E+1	1.528700E+1	1.628800E+1	1.546066E+0	1.792341E+0	3.865280E+2	3.045200E-9	2.138528E-9	6.659472E-11	7.326792E-11	6.390747E-11	8.758807E-11	7.659716E-11	1.140885E-10	5.703909E-11	1.000023E-10	6.484593E-11	6.344725E-11	5.064470E-11	6.895909E-11	8.633641E-11	7.250892E-11	6.619427E-11	9.303346E-11	5.771274E-11	6.816310E-11	5.826631E-11	5.654609E-11	5.489678E-11	3.477128E-11	4.877913E-11	7.030870E-11	7.705102E-11	7.743811E-11	4.558848E-11	6.939304E-11	5.594838E-11	5.956230E-11	6.435208E-11	3.469544E-11
0:11:31	0	-1.499580E+1	1.531200E+1	1.627200E+1	1.543102E+0	1.790276E+0	3.880560E+2	3.245300E-9	2.258283E-9	6.905474E-11	7.635762E-11	6.694109E-11	9.322086E-11	7.982871E-11	1.179854E-10	6.070276E-11	1.153478E-10	7.124826E-11	6.749164E-11	5.551363E-11	5.898104E-11	8.975731E-11	7.534918E-11	7.297220E-11	9.999520E-11	6.107007E-11	7.118464E-11	6.154189E-11	6.168638E-11	6.089150E-11	3.741746E-11	5.231821E-11	7.137889E-11	8.165476E-11	7.976213E-11	4.735680E-11	7.306529E-11	5.860005E-11	6.456784E-11	6.673538E-11	3.830462E-11
0:11:45	0	-1.499611E+1	1.528900E+1	1.626500E+1	1.545712E+0	1.793076E+0	3.895840E+2	3.352900E-9	2.385649E-9	7.132461E-11	8.020382E-11	7.092371E-11	9.708130E-11	8.381940E-11	1.250884E-10	6.304016E-11	1.140794E-10	7.606553E-11	7.128363E-11	5.620934E-11	5.658148E-11	9.457116E-11	7.970372E-11	9.298898E-11	1.060707E-10	6.556852E-11	7.489773E-11	6.406172E-11	6.607452E-11	6.644393E-11	4.088206E-11	5.440296E-11	7.446326E-11	8.606836E-11	8.422079E-11	5.196598E-11	7.863665E-11	6.207315E-11	6.779983E-11	7.074947E-11	3.830462E-11
0:11:58	0	-1.499649E+1	1.529000E+1	1.627600E+1	1.545091E+0	1.791683E+0	3.911120E+2	3.411000E-9	2.490787E-9	7.422566E-11	8.518476E-11	7.484246E-11	1.018279E-10	8.945837E-11	1.309342E-10	6.676765E-11	1.048215E-10	7.910759E-11	7.343252E-11	6.063510E-11	7.154806E-11	9.875204E-11	8.393174E-11	9.526995E-11	1.102480E-10	6.867283E-11	7.917817E-11	6.708472E-11	6.795586E-11	6.215360E-11	3.968477E-11	5.933154E-11	7.924683E-11	9.136489E-11	8.767508E-11	5.360770E-11	8.091656E-11	6.624107E-11	7.039763E-11	7.576757E-11	4.052050E-11
0:12:12	0	-1.499504E+1	1.528200E+1	1.629300E+1	1.542051E+0	1.789618E+0	3.926401E+2	3.597400E-9	2.620965E-9	7.782061E-11	8.934650E-11	7.699193E-11	1.073338E-10	9.389313E-11	1.382893E-10	7.005139E-11	1.172508E-10	8.468637E-11	7.905616E-11	6.562980E-11	7.862012E-11	1.059728E-10	8.942198E-11	7.861014E-11	1.180320E-10	7.386734E-11	8.396137E-11	7.338429E-11	7.184225E-11	6.347845E-11	4.270883E-11	5.977343E-11	8.113581E-11	9.577850E-11	9.383015E-11	5.670176E-11	8.636098E-11	6.939816E-11	7.457992E-11	7.909151E-11	4.406570E-11
0:12:25	0	-1.499588E+1	1.530000E+1	1.627600E+1	1.544027E+0	1.790694E+0	3.941681E+2	3.744500E-9	2.781173E-9	8.179288E-11	9.426474E-11	8.331362E-11	1.130925E-10	9.889799E-11	1.469632E-10	7.535742E-11	1.294889E-10	8.988389E-11	8.025731E-11	6.759015E-11	7.982040E-11	1.118006E-10	9.428062E-11	8.969501E-11	1.218925E-10	7.659161E-11	8.824082E-11	7.741561E-11	7.698253E-11	7.136582E-11	4.648866E-11	6.482870E-11	8.654838E-11	1.009486E-10	9.916924E-11	6.042679E-11	9.155351E-11	7.306066E-11	7.882522E-11	8.341948E-11	4.691526E-11
0:12:39	0	-1.499611E+1	1.527900E+1	1.627400E+1	1.543913E+0	1.791492E+0	3.956961E+2	3.913700E-9	2.971031E-9	8.469393E-11	1.003804E-10	8.780118E-11	1.218894E-10	1.055511E-10	1.557007E-10	7.908490E-11	1.480058E-10	9.539862E-11	8.878904E-11	7.043485E-11	7.533631E-11	1.197814E-10	9.888721E-11	1.138297E-10	1.293608E-10	8.020297E-11	9.340258E-11	8.144694E-11	8.155970E-11	7.710751E-11	5.014220E-11	6.842963E-11	9.265453E-11	1.076954E-10	1.045698E-10	6.402622E-11	9.579550E-11	7.678597E-11	8.471803E-11	8.831183E-11	4.925708E-11
0:12:52	0	-1.499618E+1	1.529400E+1	1.628800E+1	1.546826E+0	1.793367E+0	3.972241E+2	4.079600E-9	3.124350E-9	8.778413E-11	1.041002E-10	9.146746E-11	1.263193E-10	1.111891E-10	1.651922E-10	8.401200E-11	1.432497E-10	9.970854E-11	9.340208E-11	7.435555E-11	8.316702E-11	1.252292E-10	1.048825E-10	1.195307E-10	1.398035E-10	8.584053E-11	9.925589E-11	8.648560E-11	8.544609E-11	8.291297E-11	5.215792E-11	7.316869E-11	9.554912E-11	1.108479E-10	1.104740E-10	6.781405E-11	1.028232E-10	8.259573E-11	8.845618E-11	9.495972E-11	5.216960E-11
0:13:06	0	-1.499451E+1	1.528700E+1	1.629300E+1	1.543229E+0	1.790112E+0	3.987521E+2	4.354200E-9	3.326098E-9	9.377539E-11	1.096495E-10	9.829409E-11	1.351162E-10	1.182213E-10	1.744328E-10	8.836971E-11	1.429964E-10	1.062380E-10	1.006688E-10	8.023560E-11	9.491258E-11	1.331470E-10	1.117615E-10	1.189607E-10	1.472708E-10	9.483643E-11	1.066831E-10	9.234465E-11	9.378396E-11	8.165087E-11	5.530728E-11	7.847632E-11	1.072576E-10	1.201171E-10	1.178218E-10	7.349678E-11	1.103576E-10	8.777348E-11	9.656768E-11	9.916193E-11	5.641146E-11
0:13:19	0	-1.499580E+1	1.530100E+1	1.627200E+1	1.543013E+0	1.790897E+0	4.002801E+2	4.509600E-9	3.519712E-9	9.825240E-11	1.180984E-10	1.021500E-10	1.425213E-10	1.262677E-10	1.866274E-10	9.456025E-11	1.632251E-10	1.123231E-10	1.073050E-10	8.390277E-11	1.043224E-10	1.444217E-10	1.189553E-10	1.100288E-10	1.565115E-10	9.870081E-11	1.135429E-10	9.977685E-11	9.553961E-11	8.619422E-11	5.940135E-11	8.220493E-11	1.087054E-10	1.258546E-10	1.238510E-10	7.678023E-11	1.154232E-10	9.408866E-11	1.018903E-10	1.074416E-10	6.084321E-11
0:13:33	0	-1.499580E+1	1.529800E+1	1.627800E+1	1.547244E+0	1.793785E+0	4.018081E+2	4.769000E-9	3.775078E-9	1.034243E-10	1.259173E-10	1.092929E-10	1.497986E-10	1.346941E-10	1.983190E-10	1.005613E-10	1.790151E-10	1.192328E-10	1.133078E-10	8.579924E-11	1.127841E-10	1.537334E-10	1.264650E-10	1.279556E-10	1.660679E-10	1.040223E-10	1.216626E-10	1.056986E-10	1.052561E-10	9.616450E-11	6.286595E-11	8.833349E-11	1.168248E-10	1.352501E-10	1.347790E-10	8.385250E-11	1.251735E-10	1.009082E-10	1.092406E-10	1.132112E-10	6.546587E-11
0:13:46	0	-1.499687E+1	1.527700E+1	1.628400E+1	1.540011E+0	1.787160E+0	4.033361E+2	4.922900E-9	4.024142E-9	1.085315E-10	1.336097E-10	1.174478E-10	1.607475E-10	1.428675E-10	2.136564E-10	1.066252E-10	1.933455E-10	1.284870E-10	1.227873E-10	9.275429E-11	1.117105E-10	1.631081E-10	1.346690E-10	1.417644E-10	1.767003E-10	1.090268E-10	1.285224E-10	1.132570E-10	1.112742E-10	1.021582E-10	6.658313E-11	9.597923E-11	1.250703E-10	1.433836E-10	1.421903E-10	8.795631E-11	1.340373E-10	1.068436E-10	1.167169E-10	1.222434E-10	7.008754E-11
0:14:00	0	-1.499558E+1	1.529500E+1	1.627200E+1	1.545699E+0	1.791961E+0	4.048641E+2	5.288800E-9	4.313974E-9	1.161625E-10	1.416803E-10	1.252853E-10	1.737844E-10	1.553487E-10	2.287427E-10	1.166061E-10	2.026044E-10	1.385028E-10	1.295492E-10	9.907652E-11	1.120265E-10	1.736228E-10	1.453974E-10	1.539263E-10	1.914461E-10	1.170726E-10	1.397263E-10	1.212571E-10	1.191736E-10	1.152832E-10	7.086615E-11	1.050145E-10	1.302325E-10	1.547968E-10	1.526781E-10	9.648091E-11	1.417617E-10	1.165053E-10	1.247643E-10	1.305231E-10	7.407552E-11
0:14:13	0	-1.499634E+1	1.530200E+1	1.626700E+1	1.541975E+0	1.789352E+0	4.063921E+2	5.624500E-9	4.627100E-9	1.218381E-10	1.523360E-10	1.355896E-10	1.858723E-10	1.649783E-10	2.437030E-10	1.239962E-10	2.117352E-10	1.490249E-10	1.403555E-10	1.095091E-10	1.244669E-10	1.846445E-10	1.546106E-10	1.691291E-10	2.080282E-10	1.272086E-10	1.497329E-10	1.310201E-10	1.278242E-10	1.177437E-10	7.640911E-11	1.103221E-10	1.402398E-10	1.676594E-10	1.649883E-10	1.027946E-10	1.536020E-10	1.231993E-10	1.347124E-10	1.405583E-10	7.926789E-11
0:14:27	0	-1.499580E+1	1.529000E+1	1.626500E+1	1.544711E+0	1.792481E+0	4.079202E+2	6.029000E-9	4.996130E-9	1.305413E-10	1.647575E-10	1.448810E-10	1.989721E-10	1.803100E-10	2.667725E-10	1.347349E-10	2.334865E-10	1.601175E-10	1.493920E-10	1.196253E-10	1.403167E-10	2.033939E-10	1.679262E-10	1.663422E-10	2.297357E-10	1.382957E-10	1.606844E-10	1.427999E-10	1.372903E-10	1.224763E-10	8.163783E-11	1.210640E-10	1.518847E-10	1.800183E-10	1.729647E-10	1.106245E-10	1.667078E-10	1.349444E-10	1.433931E-10	1.523500E-10	8.768863E-11
0:14:40	0	-1.499603E+1	1.526900E+1	1.626600E+1	1.546269E+0	1.792481E+0	4.094482E+2	6.379600E-9	5.414870E-9	1.405685E-10	1.785666E-10	1.569546E-10	2.154269E-10	1.938053E-10	2.875786E-10	1.468627E-10	2.535250E-10	1.717814E-10	1.634217E-10	1.238624E-10	1.591982E-10	2.189764E-10	1.804838E-10	1.857250E-10	2.428999E-10	1.478617E-10	1.742798E-10	1.549565E-10	1.492642E-10	1.338979E-10	8.944909E-11	1.314259E-10	1.628370E-10	1.964116E-10	1.911781E-10	1.197800E-10	1.803833E-10	1.459319E-10	1.577775E-10	1.650191E-10	9.477904E-11
0:14:54	0	-1.499626E+1	1.528300E+1	1.628300E+1	1.542709E+0	1.789719E+0	4.109762E+2	6.877300E-9	5.896398E-9	1.502164E-10	1.930685E-10	1.705450E-10	2.325142E-10	2.105942E-10	3.128471E-10	1.595589E-10	2.875776E-10	1.899737E-10	1.772608E-10	1.363811E-10	1.661446E-10	2.387398E-10	1.982805E-10	2.003578E-10	2.647343E-10	1.607220E-10	1.901407E-10	1.693188E-10	1.644980E-10	1.495462E-10	9.732299E-11	1.429260E-10	1.770625E-10	2.113555E-10	2.047434E-10	1.303879E-10	1.966556E-10	1.585613E-10	1.709565E-10	1.793198E-10	1.040863E-10
0:15:07	0	-1.499618E+1	1.529400E+1	1.628300E+1	1.543659E+0	1.791100E+0	4.125042E+2	7.378200E-9	6.422073E-9	1.624508E-10	2.086424E-10	1.850844E-10	2.529553E-10	2.288413E-10	3.438999E-10	1.745297E-10	3.132601E-10	2.062007E-10	1.938185E-10	1.441576E-10	1.657030E-10	2.631271E-10	2.162018E-10	2.310795E-10	2.925173E-10	1.742153E-10	2.068193E-10	1.816017E-10	1.764719E-10	1.693602E-10	1.057011E-10	1.553736E-10	1.908478E-10	2.297038E-10	2.252183E-10	1.423216E-10	2.149539E-10	1.728325E-10	1.857211E-10	1.944979E-10	1.139633E-10
0:15:21	0	-1.499679E+1	1.529100E+1	1.627600E+1	1.540847E+0	1.787743E+0	4.140322E+2	8.104800E-9	7.063316E-9	1.750008E-10	2.274324E-10	2.040475E-10	2.780171E-10	2.534225E-10	3.787236E-10	1.905734E-10	3.322205E-10	2.269287E-10	2.105647E-10	1.622409E-10	1.981613E-10	2.849165E-10	2.374694E-10	2.599011E-10	3.223256E-10	1.927772E-10	2.291634E-10	2.006247E-10	1.960305E-10	1.756069E-10	1.159686E-10	1.734451E-10	2.102971E-10	2.518355E-10	2.495858E-10	1.563395E-10	2.352772E-10	1.918398E-10	2.050470E-10	2.136287E-10	1.239033E-10
0:15:34	0	-1.499565E+1	1.529000E+1	1.627700E+1	1.546434E+0	1.793481E+0	4.155602E+2	8.852500E-9	7.865636E-9	1.936675E-10	2.537885E-10	2.265511E-10	3.087747E-10	2.856711E-10	4.234784E-10	2.145139E-10	3.772438E-10	2.524100E-10	2.371066E-10	1.771621E-10	2.248734E-10	3.196284E-10	2.662456E-10	2.688330E-10	3.617541E-10	2.136832E-10	2.543393E-10	2.248763E-10	2.170320E-10	1.959878E-10	1.294491E-10	1.937270E-10	2.332093E-10	2.797685E-10	2.724472E-10	1.721876E-10	2.625033E-10	2.132466E-10	2.289984E-10	2.411005E-10	1.413775E-10
0:15:48	0	-1.499672E+1	1.528000E+1	1.628000E+1	1.544838E+0	1.791265E+0	4.170882E+2	9.710000E-9	8.769788E-9	2.137847E-10	2.812165E-10	2.516463E-10	3.448474E-10	3.170955E-10	4.758404E-10	2.404128E-10	4.202369E-10	2.793502E-10	2.621312E-10	1.953722E-10	2.558165E-10	3.537074E-10	2.976728E-10	3.039257E-10	4.133978E-10	2.338922E-10	2.806479E-10	2.493795E-10	2.448661E-10	2.225526E-10	1.423618E-10	2.152737E-10	2.586385E-10	3.078905E-10	3.044153E-10	1.929618E-10	2.927040E-10	2.379999E-10	2.541541E-10	2.676941E-10	1.579021E-10
0:16:01	0	-1.499504E+1	1.531300E+1	1.626100E+1	1.543596E+0	1.791049E+0	4.186162E+2	1.067700E-8	9.856939E-9	2.347222E-10	3.137520E-10	2.816721E-10	3.845916E-10	3.578335E-10	5.381325E-10	2.692794E-10	4.938599E-10	3.141498E-10	2.947397E-10	2.188924E-10	2.738774E-10	4.029249E-10	3.348423E-10	3.444652E-10	4.610530E-10	2.620841E-10	3.169641E-10	2.806228E-10	2.731397E-10	2.503168E-10	1.617005E-10	2.468661E-10	2.946425E-10	3.450917E-10	3.385181E-10	2.146820E-10	3.277173E-10	2.656581E-10	2.860269E-10	2.984274E-10	1.756931E-10
0:16:15	0	-1.499687E+1	1.529500E+1	1.629300E+1	1.546497E+0	1.793405E+0	4.201442E+2	1.201600E-8	1.127517E-8	2.638571E-10	3.588980E-10	3.226329E-10	4.404730E-10	4.101655E-10	6.188432E-10	3.095169E-10	5.694480E-10	3.558591E-10	3.343636E-10	2.469023E-10	3.076616E-10	4.603762E-10	3.851382E-10	4.218724E-10	5.242782E-10	2.955964E-10	3.585672E-10	3.198034E-10	3.088723E-10	2.884925E-10	1.835591E-10	2.834510E-10	3.345496E-10	3.897971E-10	3.841765E-10	2.485262E-10	3.723541E-10	3.023459E-10	3.283539E-10	3.442141E-10	2.022207E-10
0:16:28	0	-1.499436E+1	1.528600E+1	1.628600E+1	1.544331E+0	1.791024E+0	4.216722E+2	1.401400E-8	1.320747E-8	3.046590E-10	4.173485E-10	3.764266E-10	5.148982E-10	4.835311E-10	7.356974E-10	3.654820E-10	6.664691E-10	4.144297E-10	3.859300E-10	2.881255E-10	3.750416E-10	5.379079E-10	4.559435E-10	4.881936E-10	6.218046E-10	3.458344E-10	4.193031E-10	3.737858E-10	3.615943E-10	3.326619E-10	2.169451E-10	3.322301E-10	3.920180E-10	4.501394E-10	4.454744E-10	2.855911E-10	4.361118E-10	3.567153E-10	3.858256E-10	4.037986E-10	2.375498E-10
0:16:42	0	-1.499634E+1	1.530300E+1	1.627100E+1	1.542228E+0	1.790188E+0	4.232003E+2	1.652600E-8	1.559676E-8	3.506955E-10	4.833650E-10	4.416603E-10	6.052078E-10	5.778673E-10	8.752440E-10	4.384402E-10	8.181529E-10	4.863114E-10	4.583510E-10	3.399091E-10	4.378119E-10	6.468586E-10	5.422094E-10	5.679438E-10	7.499635E-10	4.051943E-10	4.914327E-10	4.413121E-10	4.277322E-10	3.860446E-10	2.512122E-10	3.928883E-10	4.688094E-10	5.196870E-10	5.158790E-10	3.357260E-10	5.098738E-10	4.204303E-10	4.549558E-10	4.747996E-10	2.807919E-10
0:16:55	0	-1.499603E+1	1.527500E+1	1.628400E+1	1.543191E+0	1.789909E+0	4.247283E+2	1.980700E-8	1.896444E-8	4.145156E-10	5.812858E-10	5.321798E-10	7.376025E-10	7.065434E-10	1.090597E-9	5.399488E-10	1.029445E-9	5.839286E-10	5.486564E-10	4.018717E-10	5.387867E-10	7.827285E-10	6.629949E-10	7.116082E-10	9.333718E-10	4.770974E-10	5.886735E-10	5.302548E-10	5.154980E-10	4.721123E-10	3.047554E-10	4.829913E-10	5.688281E-10	6.203838E-10	6.188783E-10	4.040454E-10	6.168130E-10	5.065619E-10	5.505092E-10	5.678147E-10	3.431554E-10
0:17:09	0	-1.499702E+1	1.529700E+1	1.628100E+1	1.545091E+0	1.792443E+0	4.262563E+2	2.534100E-8	2.463198E-8	5.169931E-10	7.403686E-10	6.878710E-10	9.542952E-10	9.335464E-10	1.446754E-9	7.157419E-10	1.439155E-9	7.391017E-10	6.921086E-10	5.127083E-10	6.970378E-10	1.036544E-9	8.720666E-10	9.639084E-10	1.265508E-9	5.990485E-10	7.426868E-10	6.806759E-10	6.647622E-10	6.043069E-10	3.934487E-10	6.310983E-10	7.414847E-10	7.707034E-10	7.668469E-10	5.025468E-10	7.846603E-10	6.452954E-10	7.089199E-10	7.392945E-10	4.424931E-10
0:17:22	0	-1.499611E+1	1.530300E+1	1.631400E+1	1.546902E+0	1.793253E+0	4.277843E+2	3.482700E-8	3.409087E-8	6.762283E-10	9.867802E-10	9.372411E-10	1.310091E-9	1.324515E-9	2.103818E-9	1.029933E-9	2.199795E-9	9.702132E-10	9.294047E-10	6.893654E-10	9.497608E-10	1.419008E-9	1.225651E-9	1.420682E-9	1.896489E-9	7.787124E-10	9.945084E-10	9.036628E-10	9.012905E-10	8.257866E-10	5.337947E-10	8.755645E-10	1.043492E-9	9.939758E-10	1.004625E-9	6.789020E-10	1.045263E-9	8.812747E-10	9.528098E-10	9.972662E-10	6.109688E-10
0:17:36	0	-1.499618E+1	1.531900E+1	1.628900E+1	1.542469E+0	1.789630E+0	4.293123E+2	5.668900E-8	5.343349E-8	9.463286E-10	1.433826E-9	1.400647E-9	2.004343E-9	2.124637E-9	3.536052E-9	1.709985E-9	4.259702E-9	1.398588E-9	1.351166E-9	9.808427E-10	1.455647E-9	2.263816E-9	2.020601E-9	2.457945E-9	3.355533E-9	1.076273E-9	1.418281E-9	1.326456E-9	1.334790E-9	1.223883E-9	8.181414E-10	1.377574E-9	1.663242E-9	1.387746E-9	1.397846E-9	9.607671E-10	1.502649E-9	1.291159E-9	1.531960E-9	1.488248E-9	9.348140E-10
0:17:49	0	-1.499573E+1	1.531300E+1	1.631000E+1	1.544077E+0	1.792139E+0	4.308403E+2	3.025200E-7	1.727305E-7	1.602187E-9	2.575593E-9	2.903888E-9	4.149880E-9	4.950558E-9	9.660188E-9	6.277952E-9	2.287433E-8	2.287033E-9	2.462700E-9	2.184246E-9	2.994715E-9	5.197420E-9	4.869034E-9	7.797419E-9	1.118946E-8	1.716246E-9	2.442939E-9	2.449769E-9	2.613538E-9	8.516712E-9	1.678263E-8	4.499646E-9	6.452753E-9	8.184736E-9	1.903739E-9	1.638154E-9	2.627502E-9	4.406945E-9	6.411336E-9	4.556006E-9	3.551281E-9
0:18:14	1	-1.499558E+1	1.530700E+1	1.629100E+1	1.542608E+0	1.790441E+0	0.000000E+0	-2.960000E-9	2.674971E-9	9.762221E-11	8.077119E-11	8.426163E-11	8.493052E-11	8.578374E-11	8.529921E-11	8.641223E-11	8.611440E-11	8.531980E-11	8.335395E-11	8.099419E-11	8.998686E-11	8.633641E-11	8.020781E-11	7.804014E-11	8.138791E-11	8.127908E-11	8.786325E-11	7.672251E-11	7.196794E-11	7.742329E-11	7.987371E-11	7.891920E-11	7.962443E-11	8.695129E-11	8.139508E-11	8.492605E-11	8.363927E-11	8.486860E-11	8.718979E-11	8.699393E-11	8.851121E-11
0:18:27	1	-1.499717E+1	1.531300E+1	1.629400E+1	1.543191E+0	1.791189E+0	0.000000E+0	1.846000E-9	2.760504E-9	1.002704E-10	8.392360E-11	8.874918E-11	8.898078E-11	8.673390E-11	8.900753E-11	9.165444E-11	8.928580E-11	8.696791E-11	8.385975E-11	8.554671E-11	7.565233E-11	8.754037E-11	8.229094E-11	8.589506E-11	8.512256E-11	8.381333E-11	8.131839E-11	8.226534E-11	8.337770E-11	8.543716E-11	8.736973E-11	8.378395E-11	8.365280E-11	8.587924E-11	8.855452E-11	8.713595E-11	8.655089E-11	8.613163E-11	8.649258E-11	8.893859E-11	8.832131E-11
0:18:40	1	-1.499603E+1	1.530600E+1	1.633100E+1	1.547435E+0	1.794165E+0	1.000000E+1	3.231900E-9	2.992206E-9	1.072711E-10	9.029213E-11	9.418574E-11	9.644888E-11	9.338604E-11	9.567098E-11	9.702429E-11	9.042703E-11	9.375051E-11	9.314868E-11	9.092071E-11	9.889124E-11	9.514115E-11	8.973679E-11	9.020201E-11	9.100827E-11	9.027497E-11	8.962590E-11	8.856491E-11	8.989757E-11	9.111611E-11	9.121221E-11	9.225062E-11	9.152075E-11	9.451733E-11	9.483551E-11	9.496578E-11	9.408531E-11	9.326723E-11	9.460307E-11	9.677863E-11	9.718482E-11
0:18:54	1	-1.499657E+1	1.531800E+1	1.631700E+1	1.544356E+0	1.790745E+0	2.000000E+1	3.550600E-9	2.997416E-9	1.065772E-10	9.281445E-11	9.349020E-11	9.461358E-11	9.287996E-11	9.315643E-11	9.771834E-11	9.816333E-11	9.520849E-11	9.416028E-11	9.104747E-11	1.033753E-10	9.615412E-11	9.011536E-11	8.291709E-11	9.202037E-11	9.128907E-11	9.182871E-11	8.982483E-11	8.889406E-11	9.174666E-11	9.285004E-11	9.105064E-11	9.164694E-11	9.476917E-11	9.307663E-11	9.300807E-11	9.281991E-11	9.383545E-11	9.409592E-11	9.533598E-11	9.693195E-11
0:19:07	1	-1.499679E+1	1.530400E+1	1.631100E+1	1.543976E+0	1.791467E+0	3.000000E+1	3.760100E-9	3.019054E-9	1.067664E-10	9.401191E-11	9.424861E-11	9.651182E-11	9.389313E-11	9.598555E-11	9.708712E-11	1.104015E-10	9.482824E-11	9.346493E-11	9.243788E-11	8.847156E-11	9.539414E-11	9.175616E-11	8.722504E-11	9.322329E-11	9.046499E-11	9.019225E-11	8.774552E-11	9.165223E-11	9.502791E-11	9.152745E-11	9.282019E-11	9.227693E-11	9.565209E-11	9.508635E-11	9.395503E-11	9.535171E-11	9.333103E-11	9.473011E-11	9.546173E-11	9.807138E-11
0:19:21	1	-1.499611E+1	1.529900E+1	1.630200E+1	1.547206E+0	1.793317E+0	4.000000E+1	3.924000E-9	3.024763E-9	1.073339E-10	9.464299E-11	9.532334E-11	9.467652E-11	9.281595E-11	9.416265E-11	9.677101E-11	1.007001E-10	9.425785E-11	9.359163E-11	9.073106E-11	8.676685E-11	9.507815E-11	9.030465E-11	1.014139E-10	9.170465E-11	9.116206E-11	9.277264E-11	8.988747E-11	9.184027E-11	9.565946E-11	9.385839E-11	9.250398E-11	9.227693E-11	9.666142E-11	9.583987E-11	9.313467E-11	9.440216E-11	9.490908E-11	9.523627E-11	9.677863E-11	9.756463E-11
0:19:34	1	-1.499725E+1	1.527900E+1	1.629000E+1	1.539631E+0	1.786856E+0	5.000000E+1	4.089000E-9	3.034308E-9	1.080905E-10	9.584045E-11	9.576541E-11	9.771371E-11	9.528737E-11	9.548244E-11	9.835055E-11	9.156825E-11	9.482824E-11	9.416028E-11	9.465076E-11	9.421873E-11	9.640811E-11	9.005260E-11	9.849992E-11	9.423538E-11	9.407635E-11	9.056982E-11	8.881650E-11	9.234203E-11	9.218894E-11	9.297633E-11	9.124017E-11	9.315733E-11	9.697597E-11	9.351586E-11	9.515517E-11	9.503586E-11	9.415146E-11	9.498319E-11	9.602612E-11	9.794444E-11
0:19:48	1	-1.499618E+1	1.528200E+1	1.628800E+1	1.545762E+0	1.791898E+0	6.000000E+1	4.207200E-9	3.033743E-9	1.087217E-10	9.533579E-11	9.538621E-11	9.587841E-11	9.402015E-11	9.692826E-11	9.866666E-11	8.738276E-11	9.590597E-11	9.397073E-11	9.604217E-11	9.346009E-11	9.571113E-11	9.194545E-11	8.855503E-11	9.651433E-11	9.496344E-11	9.245866E-11	9.158791E-11	9.102578E-11	9.042180E-11	9.366945E-11	9.319923E-11	9.259094E-11	9.584121E-11	9.464713E-11	9.685969E-11	9.522577E-11	9.516229E-11	9.606052E-11	9.740639E-11	9.819831E-11
0:20:01	1	-1.499626E+1	1.527900E+1	1.629800E+1	1.542861E+0	1.789985E+0	7.000000E+1	4.394800E-9	3.077560E-9	1.095410E-10	9.502124E-11	9.677728E-11	9.701836E-11	9.680763E-11	9.730534E-11	9.955017E-11	1.011435E-10	9.761713E-11	9.416028E-11	9.338612E-11	1.016068E-10	9.761107E-11	9.251430E-11	9.286298E-11	9.455209E-11	9.420336E-11	9.145115E-11	9.335199E-11	9.215399E-11	9.136813E-11	9.266110E-11	9.250398E-11	9.485752E-11	9.792260E-11	9.709607E-11	9.629152E-11	9.592144E-11	9.573050E-11	9.783406E-11	9.815891E-11	9.857812E-11
0:20:15	1	-1.499649E+1	1.528900E+1	1.627600E+1	1.544090E+0	1.791378E+0	8.000000E+1	4.396100E-9	3.100291E-9	1.094146E-10	9.804724E-11	9.627135E-11	9.714424E-11	9.883498E-11	9.686475E-11	1.015725E-10	1.088168E-10	9.647635E-11	9.517087E-11	9.420858E-11	9.510199E-11	1.010950E-10	9.428062E-11	8.931502E-11	9.556518E-11	9.306325E-11	9.315021E-11	9.303676E-11	9.321985E-11	9.811990E-11	9.511834E-11	9.282019E-11	9.580151E-11	9.760706E-11	9.784959E-11	9.565955E-11	9.636523E-11	9.503568E-11	9.770803E-11	9.853517E-11	9.902090E-11
0:20:28	1	-1.499542E+1	1.527600E+1	1.628100E+1	1.541835E+0	1.789225E+0	9.000000E+1	4.499700E-9	3.129408E-9	1.118109E-10	9.842549E-11	9.835796E-11	9.935919E-11	9.756776E-11	9.636264E-11	1.013820E-10	1.109090E-10	9.736395E-11	9.637202E-11	9.420858E-11	8.506214E-11	9.811806E-11	9.491223E-11	1.116758E-10	9.505864E-11	9.471041E-11	9.466147E-11	9.404509E-11	9.472413E-11	9.666854E-11	9.555887E-11	9.471541E-11	9.624171E-11	9.886823E-11	9.621663E-11	9.736507E-11	9.579550E-11	9.636152E-11	9.802412E-11	9.859755E-11	9.990745E-11
0:20:42	1	-1.500037E+1	1.528100E+1	1.625900E+1	1.543723E+0	1.790327E+0	1.000000E+2	4.601400E-9	3.179805E-9	1.129468E-10	9.987577E-11	9.917923E-11	1.011316E-10	1.015594E-10	1.008251E-10	1.021409E-10	9.759272E-11	1.000258E-10	9.833136E-11	9.743258E-11	9.099773E-11	9.982801E-11	9.642651E-11	1.107888E-10	9.942572E-11	9.585053E-11	9.566799E-11	9.429668E-11	9.372161E-11	9.868770E-11	9.807876E-11	9.768493E-11	9.737450E-11	1.010113E-10	9.967093E-11	9.869081E-11	9.706190E-11	9.882479E-11	9.986169E-11	1.011066E-10	1.037065E-10
0:20:56	1	-1.499580E+1	1.529100E+1	1.630200E+1	1.539707E+0	1.787527E+0	1.200000E+2	4.972500E-9	3.367939E-9	1.190008E-10	1.061179E-10	1.075865E-10	1.076505E-10	1.066273E-10	1.063563E-10	1.095938E-10	1.065333E-10	1.071256E-10	1.034502E-10	1.061583E-10	1.035647E-10	1.084427E-10	1.026111E-10	9.640994E-11	1.044252E-10	1.039593E-10	9.982224E-11	1.014783E-10	9.999010E-11	1.012119E-10	1.043775E-10	1.021078E-10	1.045508E-10	1.072545E-10	1.052609E-10	1.047523E-10	1.043424E-10	1.050762E-10	1.060716E-10	1.068772E-10	1.091518E-10
0:21:09	1	-1.499611E+1	1.528800E+1	1.627300E+1	1.541493E+0	1.787996E+0	1.400000E+2	5.351500E-9	3.718693E-9	1.326857E-10	1.167746E-10	1.160567E-10	1.181558E-10	1.163840E-10	1.174198E-10	1.197641E-10	1.160455E-10	1.176477E-10	1.148880E-10	1.148841E-10	1.255406E-10	1.186414E-10	1.142222E-10	1.071778E-10	1.128427E-10	1.143484E-10	1.122214E-10	1.113040E-10	1.109605E-10	1.094150E-10	1.143934E-10	1.134183E-10	1.166986E-10	1.182885E-10	1.175710E-10	1.154868E-10	1.144097E-10	1.168841E-10	1.156395E-10	1.183551E-10	1.201682E-10
0:21:23	1	-1.499626E+1	1.529900E+1	1.630600E+1	1.544179E+0	1.790644E+0	1.600000E+2	5.909700E-9	4.311014E-9	1.495862E-10	1.360683E-10	1.332505E-10	1.370783E-10	1.357083E-10	1.371571E-10	1.398515E-10	1.449615E-10	1.341289E-10	1.330878E-10	1.310071E-10	1.337491E-10	1.368839E-10	1.334695E-10	1.335925E-10	1.318926E-10	1.290458E-10	1.291524E-10	1.290681E-10	1.299560E-10	1.317523E-10	1.321579E-10	1.313631E-10	1.355188E-10	1.348719E-10	1.341514E-10	1.366388E-10	1.334046E-10	1.333026E-10	1.347764E-10	1.360422E-10	1.383390E-10
0:21:37	1	-1.499466E+1	1.528500E+1	1.630600E+1	1.538706E+0	1.786337E+0	1.800000E+2	6.701600E-9	5.185369E-9	1.760093E-10	1.617315E-10	1.622644E-10	1.654941E-10	1.642812E-10	1.645641E-10	1.666339E-10	1.770490E-10	1.611952E-10	1.613995E-10	1.590159E-10	1.497265E-10	1.632981E-10	1.588386E-10	1.654552E-10	1.612582E-10	1.570476E-10	1.553348E-10	1.558386E-10	1.557217E-10	1.631125E-10	1.577953E-10	1.585327E-10	1.613892E-10	1.663982E-10	1.625383E-10	1.598124E-10	1.598061E-10	1.603297E-10	1.615156E-10	1.643923E-10	1.675892E-10
0:21:51	1	-1.499550E+1	1.531500E+1	1.628200E+1	1.542532E+0	1.789960E+0	2.000000E+2	7.923800E-9	6.379377E-9	2.142257E-10	2.008236E-10	1.989911E-10	2.029595E-10	2.024218E-10	2.033481E-10	2.064287E-10	2.004481E-10	1.994811E-10	1.979886E-10	1.960040E-10	1.996766E-10	2.013670E-10	1.960081E-10	2.047917E-10	1.988514E-10	1.966415E-10	1.917136E-10	1.923104E-10	1.923321E-10	1.924545E-10	1.944570E-10	1.956861E-10	1.999112E-10	2.009516E-10	1.982750E-10	1.977604E-10	1.969085E-10	1.986594E-10	1.981399E-10	2.034677E-10	2.058928E-10
0:22:04	1	-1.499694E+1	1.532800E+1	1.629400E+1	1.539530E+0	1.787211E+0	2.200000E+2	9.240000E-9	8.046869E-9	2.661907E-10	2.519599E-10	2.511403E-10	2.548545E-10	2.539936E-10	2.591028E-10	2.610047E-10	2.610711E-10	2.526642E-10	2.490503E-10	2.464591E-10	2.608050E-10	2.571093E-10	2.483233E-10	2.471693E-10	2.496079E-10	2.459925E-10	2.414364E-10	2.419473E-10	2.437379E-10	2.417979E-10	2.451651E-10	2.443395E-10	2.546728E-10	2.518992E-10	2.505287E-10	2.477059E-10	2.502201E-10	2.501239E-10	2.514293E-10	2.550874E-10	2.602793E-10
0:22:18	1	-1.499542E+1	1.530500E+1	1.632600E+1	1.543647E+0	1.790036E+0	2.400000E+2	1.157100E-8	1.033578E-8	3.389021E-10	3.242185E-10	3.224433E-10	3.302918E-10	3.278023E-10	3.323334E-10	3.362365E-10	3.369125E-10	3.240385E-10	3.212188E-10	3.164518E-10	3.309005E-10	3.265332E-10	3.218424E-10	3.136166E-10	3.233386E-10	3.130181E-10	3.099771E-10	3.097251E-10	3.120699E-10	3.143003E-10	3.157160E-10	3.155491E-10	3.239123E-10	3.241584E-10	3.226287E-10	3.188034E-10	3.201829E-10	3.202168E-10	3.234114E-10	3.293490E-10	3.356841E-10
0:22:32	1	-1.499573E+1	1.531200E+1	1.631900E+1	1.542925E+0	1.790213E+0	2.600000E+2	1.494600E-8	1.359007E-8	4.401193E-10	4.293281E-10	4.228240E-10	4.330688E-10	4.321492E-10	4.373699E-10	4.414716E-10	4.590456E-10	4.258395E-10	4.215085E-10	4.165404E-10	4.114158E-10	4.307321E-10	4.231913E-10	4.321972E-10	4.247895E-10	4.096917E-10	4.059600E-10	4.082420E-10	4.126241E-10	4.134292E-10	4.137321E-10	4.158245E-10	4.274555E-10	4.246660E-10	4.208551E-10	4.181261E-10	4.205372E-10	4.220093E-10	4.246675E-10	4.314586E-10	4.392008E-10
0:22:46	1	-1.499649E+1	1.530000E+1	1.632700E+1	1.539466E+0	1.787109E+0	2.800000E+2	1.947200E-8	1.818701E-8	5.833360E-10	5.711348E-10	5.658718E-10	5.808423E-10	5.798316E-10	5.878539E-10	5.934509E-10	6.016616E-10	5.702363E-10	5.666666E-10	5.593076E-10	5.593100E-10	5.768647E-10	5.704806E-10	5.731377E-10	5.730094E-10	5.524219E-10	5.444274E-10	5.468217E-10	5.501648E-10	5.526913E-10	5.539529E-10	5.570448E-10	5.689543E-10	5.663465E-10	5.616633E-10	5.572909E-10	5.635013E-10	5.642149E-10	5.667302E-10	5.791044E-10	5.886821E-10
0:22:59	1	-1.499657E+1	1.532900E+1	1.630000E+1	1.542874E+0	1.789770E+0	3.000000E+2	2.599000E-8	2.479585E-8	7.896789E-10	7.764984E-10	7.710579E-10	7.925357E-10	7.913770E-10	8.053447E-10	8.134602E-10	8.150455E-10	7.733309E-10	7.708495E-10	7.610020E-10	7.822893E-10	7.881764E-10	7.796788E-10	7.879383E-10	7.834425E-10	7.498875E-10	7.386588E-10	7.425330E-10	7.498946E-10	7.464070E-10	7.567870E-10	7.611347E-10	7.784336E-10	7.696950E-10	7.637693E-10	7.571346E-10	7.668058E-10	7.677371E-10	7.729815E-10	7.892834E-10	8.029967E-10
0:23:13	1	-1.499603E+1	1.532600E+1	1.629800E+1	1.542735E+0	1.790403E+0	3.200000E+2	3.567700E-8	3.460977E-8	1.095221E-9	1.081864E-9	1.075549E-9	1.103272E-9	1.105368E-9	1.125735E-9	1.137821E-9	1.157856E-9	1.081523E-9	1.074373E-9	1.061394E-9	1.085025E-9	1.101661E-9	1.090793E-9	1.087176E-9	1.095769E-9	1.043520E-9	1.031832E-9	1.041298E-9	1.047295E-9	1.044869E-9	1.055873E-9	1.060825E-9	1.084910E-9	1.074054E-9	1.064855E-9	1.057122E-9	1.067741E-9	1.071725E-9	1.078778E-9	1.102387E-9	1.122283E-9
0:23:27	1	-1.499626E+1	1.533400E+1	1.631000E+1	1.539808E+0	1.787223E+0	3.400000E+2	5.113500E-8	5.000532E-8	1.571034E-9	1.558923E-9	1.552229E-9	1.595450E-9	1.596501E-9	1.629547E-9	1.647702E-9	1.688305E-9	1.557881E-9	1.553010E-9	1.526618E-9	1.557759E-9	1.592315E-9	1.579046E-9	1.578347E-9	1.584985E-9	1.504464E-9	1.488206E-9	1.503019E-9	1.514333E-9	1.514331E-9	1.528630E-9	1.536612E-9	1.567442E-9	1.549163E-9	1.535891E-9	1.525951E-9	1.543615E-9	1.548040E-9	1.556798E-9	1.593681E-9	1.625494E-9
0:23:41	1	-1.499558E+1	1.532800E+1	1.633400E+1	1.542823E+0	1.789136E+0	3.600000E+2	7.656200E-8	7.546183E-8	2.359328E-9	2.347404E-9	2.336816E-9	2.405011E-9	2.416073E-9	2.462426E-9	2.491168E-9	2.541401E-9	2.346872E-9	2.338775E-9	2.299572E-9	2.353564E-9	2.403867E-9	2.383654E-9	2.407651E-9	2.398555E-9	2.267719E-9	2.242917E-9	2.265900E-9	2.281721E-9	2.284025E-9	2.304820E-9	2.322644E-9	2.364194E-9	2.333046E-9	2.314359E-9	2.301525E-9	2.331758E-9	2.337501E-9	2.350438E-9	2.407805E-9	2.459325E-9
0:23:54	1	-1.499664E+1	1.532400E+1	1.632800E+1	1.543203E+0	1.790618E+0	3.610000E+2	7.789500E-8	7.712670E-8	2.410157E-9	2.397657E-9	2.388334E-9	2.457285E-9	2.467708E-9	2.517428E-9	2.546187E-9	2.604179E-9	2.400054E-9	2.391353E-9	2.353948E-9	2.418481E-9	2.458088E-9	2.438556E-9	2.442236E-9	2.449628E-9	2.316310E-9	2.292262E-9	2.316670E-9	2.336386E-9	2.329330E-9	2.355214E-9	2.374331E-9	2.417004E-9	2.384435E-9	2.365545E-9	2.350965E-9	2.383677E-9	2.387955E-9	2.403348E-9	2.460239E-9	2.511748E-9
0:24:08	1	-1.499573E+1	1.531800E+1	1.632300E+1	1.543305E+0	1.789516E+0	3.620000E+2	7.951800E-8	7.898595E-8	2.468743E-9	2.456612E-9	2.446172E-9	2.518989E-9	2.527199E-9	2.577144E-9	2.604679E-9	2.667719E-9	2.456722E-9	2.449808E-9	2.408956E-9	2.461044E-9	2.518961E-9	2.499580E-9	2.509760E-9	2.512600E-9	2.370539E-9	2.348341E-9	2.371598E-9	2.390863E-9	2.391799E-9	2.414048E-9	2.431261E-9	2.476360E-9	2.441939E-9	2.420122E-9	2.407540E-9	2.440407E-9	2.443840E-9	2.458918E-9	2.519511E-9	2.574174E-9
0:24:21	1	-1.499618E+1	1.530000E+1	1.631600E+1	1.540062E+0	1.787299E+0	3.630000E+2	8.148700E-8	8.078119E-8	2.522914E-9	2.507937E-9	2.499586E-9	2.574492E-9	2.585423E-9	2.636105E-9	2.665003E-9	2.723015E-9	2.513899E-9	2.504913E-9	2.463647E-9	2.515099E-9	2.573943E-9	2.554546E-9	2.571965E-9	2.568736E-9	2.426161E-9	2.399259E-9	2.427911E-9	2.448977E-9	2.446318E-9	2.466458E-9	2.490086E-9	2.534710E-9	2.497364E-9	2.473254E-9	2.463799E-9	2.494224E-9	2.501366E-9	2.517784E-9	2.577277E-9	2.635018E-9
0:24:35	1	-1.499558E+1	1.529600E+1	1.629700E+1	1.542127E+0	1.789580E+0	3.640000E+2	8.317900E-8	8.262064E-8	2.577400E-9	2.566135E-9	2.559131E-9	2.632146E-9	2.645357E-9	2.699341E-9	2.727601E-9	2.783638E-9	2.570187E-9	2.563495E-9	2.519413E-9	2.578817E-9	2.633549E-9	2.612541E-9	2.630241E-9	2.630189E-9	2.482607E-9	2.453702E-9	2.482020E-9	2.500382E-9	2.494715E-9	2.523906E-9	2.545690E-9	2.590920E-9	2.553292E-9	2.531978E-9	2.517975E-9	2.549688E-9	2.559146E-9	2.574938E-9	2.637740E-9	2.692759E-9
0:24:48	1	-1.499618E+1	1.529300E+1	1.630400E+1	1.542887E+0	1.789428E+0	3.650000E+2	8.522300E-8	8.464859E-8	2.642860E-9	2.631142E-9	2.620889E-9	2.697900E-9	2.710678E-9	2.764148E-9	2.794180E-9	2.845402E-9	2.632117E-9	2.624352E-9	2.582514E-9	2.655668E-9	2.700122E-9	2.678360E-9	2.693585E-9	2.691768E-9	2.542474E-9	2.515131E-9	2.544066E-9	2.561380E-9	2.555669E-9	2.586647E-9	2.607359E-9	2.650842E-9	2.615842E-9	2.592898E-9	2.578150E-9	2.612750E-9	2.619640E-9	2.636465E-9	2.703472E-9	2.760124E-9
0:25:02	1	-1.499603E+1	1.528200E+1	1.629000E+1	1.539783E+0	1.787147E+0	3.660000E+2	8.715800E-8	8.664295E-8	2.700626E-9	2.692620E-9	2.682141E-9	2.760870E-9	2.773399E-9	2.829773E-9	2.860062E-9	2.928156E-9	2.692905E-9	2.684956E-9	2.642959E-9	2.709408E-9	2.764352E-9	2.743612E-9	2.754333E-9	2.756449E-9	2.600059E-9	2.574231E-9	2.602837E-9	2.624571E-9	2.615235E-9	2.648946E-9	2.670355E-9	2.717626E-9	2.675427E-9	2.653630E-9	2.639018E-9	2.673468E-9	2.683166E-9	2.699449E-9	2.765252E-9	2.823058E-9
0:25:15	1	-1.499482E+1	1.529700E+1	1.629700E+1	1.541265E+0	1.788820E+0	3.670000E+2	8.917600E-8	8.867731E-8	2.764951E-9	2.754979E-9	2.744468E-9	2.823207E-9	2.839480E-9	2.897220E-9	2.926576E-9	3.006598E-9	2.757244E-9	2.746254E-9	2.701317E-9	2.760244E-9	2.829532E-9	2.804573E-9	2.831423E-9	2.823723E-9	2.659166E-9	2.632387E-9	2.661481E-9	2.683938E-9	2.686853E-9	2.707780E-9	2.733289E-9	2.775787E-9	2.740498E-9	2.715304E-9	2.701529E-9	2.737290E-9	2.744102E-9	2.762560E-9	2.831047E-9	2.892511E-9
0:25:29	1	-1.499512E+1	1.529500E+1	1.628500E+1	1.539999E+0	1.787920E+0	3.680000E+2	9.120000E-8	9.080980E-8	2.837222E-9	2.820680E-9	2.812990E-9	2.897062E-9	2.907016E-9	2.967369E-9	2.997070E-9	3.058280E-9	2.822027E-9	2.811471E-9	2.768718E-9	2.834190E-9	2.896232E-9	2.872602E-9	2.911109E-9	2.890050E-9	2.725242E-9	2.695767E-9	2.726361E-9	2.749010E-9	2.744969E-9	2.772977E-9	2.800771E-9	2.844082E-9	2.804245E-9	2.778361E-9	2.767070E-9	2.802631E-9	2.810912E-9	2.827825E-9	2.899036E-9	2.956457E-9
0:25:42	1	-1.499755E+1	1.530900E+1	1.630600E+1	1.543229E+0	1.790555E+0	3.690000E+2	9.411000E-8	9.315198E-8	2.901925E-9	2.892245E-9	2.882017E-9	2.968893E-9	2.983994E-9	3.043932E-9	3.076155E-9	3.136721E-9	2.892450E-9	2.887621E-9	2.840796E-9	2.910980E-9	2.973700E-9	2.948203E-9	2.979648E-9	2.967135E-9	2.798539E-9	2.767393E-9	2.796910E-9	2.820351E-9	2.814315E-9	2.847371E-9	2.872297E-9	2.918419E-9	2.874109E-9	2.851968E-9	2.837032E-9	2.874493E-9	2.882204E-9	2.899490E-9	2.973173E-9	3.037498E-9
0:25:56	1	-1.499657E+1	1.531200E+1	1.628400E+1	1.541253E+0	1.788186E+0	3.700000E+2	9.628000E-8	9.542176E-8	2.976213E-9	2.963243E-9	2.950412E-9	3.040976E-9	3.055903E-9	3.118734E-9	3.154356E-9	3.217382E-9	2.961353E-9	2.957766E-9	2.907754E-9	2.992884E-9	3.043695E-9	3.019513E-9	3.038495E-9	3.039029E-9	2.864234E-9	2.832032E-9	2.866956E-9	2.888306E-9	2.884545E-9	2.912757E-9	2.943824E-9	2.990490E-9	2.944792E-9	2.920676E-9	2.906235E-9	2.945596E-9	2.954696E-9	2.972485E-9	3.045427E-9	3.111004E-9
0:26:09	1	-1.499664E+1	1.530500E+1	1.632900E+1	1.540379E+0	1.788224E+0	3.710000E+2	9.821000E-8	9.776528E-8	3.044574E-9	3.030521E-9	3.025002E-9	3.116539E-9	3.133323E-9	3.195295E-9	3.230914E-9	3.312311E-9	3.034946E-9	3.028987E-9	2.979644E-9	3.055401E-9	3.120529E-9	3.092653E-9	3.109757E-9	3.114152E-9	2.934364E-9	2.901265E-9	2.935994E-9	2.960588E-9	2.953828E-9	2.988599E-9	3.017055E-9	3.064765E-9	3.017619E-9	2.991394E-9	2.978911E-9	3.014862E-9	3.025926E-9	3.047700E-9	3.120756E-9	3.187106E-9
0:26:23	1	-1.499596E+1	1.531400E+1	1.632600E+1	1.544242E+0	1.790948E+0	3.720000E+2	1.005800E-7	1.002068E-7	3.118106E-9	3.110534E-9	3.098644E-9	3.191091E-9	3.207196E-9	3.276760E-9	3.309303E-9	3.394748E-9	3.111202E-9	3.103367E-9	3.049446E-9	3.126697E-9	3.197237E-9	3.172167E-9	3.207560E-9	3.190478E-9	3.003797E-9	2.976541E-9	3.008117E-9	3.033684E-9	3.035038E-9	3.062300E-9	3.089340E-9	3.139857E-9	3.091454E-9	3.065880E-9	3.051777E-9	3.092739E-9	3.101007E-9	3.122342E-9	3.199784E-9	3.268589E-9
0:26:36	1	-1.499657E+1	1.533100E+1	1.630500E+1	1.541975E+0	1.788541E+0	3.730000E+2	1.030300E-7	1.028844E-7	3.202170E-9	3.193954E-9	3.183854E-9	3.276907E-9	3.295894E-9	3.362437E-9	3.399379E-9	3.474078E-9	3.193860E-9	3.186026E-9	3.135562E-9	3.211569E-9	3.281801E-9	3.257297E-9	3.297192E-9	3.277055E-9	3.084887E-9	3.052069E-9	3.090006E-9	3.114680E-9	3.113345E-9	3.143623E-9	3.172934E-9	3.223385E-9	3.173991E-9	3.145957E-9	3.133230E-9	3.176251E-9	3.183350E-9	3.208455E-9	3.283642E-9	3.355581E-9
0:26:50	1	-1.499520E+1	1.530900E+1	1.631100E+1	1.538225E+0	1.786615E+0	3.740000E+2	1.056100E-7	1.054953E-7	3.282385E-9	3.273212E-9	3.261604E-9	3.362914E-9	3.379778E-9	3.450878E-9	3.488886E-9	3.563997E-9	3.276136E-9	3.268432E-9	3.217377E-9	3.290821E-9	3.365540E-9	3.338830E-9	3.369594E-9	3.366798E-9	3.162491E-9	3.130239E-9	3.168491E-9	3.193418E-9	3.191714E-9	3.226332E-9	3.252675E-9	3.306282E-9	3.251989E-9	3.227352E-9	3.211589E-9	3.252926E-9	3.267209E-9	3.285886E-9	3.369194E-9	3.440294E-9
0:27:03	1	-1.499588E+1	1.530100E+1	1.631400E+1	1.539923E+0	1.787261E+0	3.750000E+2	1.083600E-7	1.081990E-7	3.364242E-9	3.356505E-9	3.346181E-9	3.449173E-9	3.466765E-9	3.539509E-9	3.578393E-9	3.653219E-9	3.360886E-9	3.349954E-9	3.296475E-9	3.388133E-9	3.455486E-9	3.426044E-9	3.454666E-9	3.451225E-9	3.241363E-9	3.209165E-9	3.247797E-9	3.277046E-9	3.269706E-9	3.302803E-9	3.341261E-9	3.393146E-9	3.335157E-9	3.309186E-9	3.295000E-9	3.339730E-9	3.346521E-9	3.371238E-9	3.454934E-9	3.528109E-9
0:27:17	1	-1.499558E+1	1.530200E+1	1.631700E+1	1.542101E+0	1.789732E+0	3.760000E+2	1.112900E-7	1.110123E-7	3.452783E-9	3.444527E-9	3.431518E-9	3.537457E-9	3.558440E-9	3.630277E-9	3.672575E-9	3.769645E-9	3.447093E-9	3.437415E-9	3.381389E-9	3.469911E-9	3.545244E-9	3.516349E-9	3.544741E-9	3.542486E-9	3.325178E-9	3.294071E-9	3.332267E-9	3.358542E-9	3.351862E-9	3.391181E-9	3.422265E-9	3.478184E-9	3.420783E-9	3.393911E-9	3.377211E-9	3.425205E-9	3.433664E-9	3.455449E-9	3.547134E-9	3.623521E-9
0:27:30	1	-1.499672E+1	1.532300E+1	1.630800E+1	1.543862E+0	1.790137E+0	3.770000E+2	1.142300E-7	1.141269E-7	3.549081E-9	3.538350E-9	3.529938E-9	3.636754E-9	3.658733E-9	3.733554E-9	3.776484E-9	3.866477E-9	3.542936E-9	3.535114E-9	3.475091E-9	3.565708E-9	3.640828E-9	3.615804E-9	3.646852E-9	3.640772E-9	3.417163E-9	3.386844E-9	3.427446E-9	3.455712E-9	3.452128E-9	3.487118E-9	3.521466E-9	3.575999E-9	3.516120E-9	3.488369E-9	3.472681E-9	3.517518E-9	3.533561E-9	3.556135E-9	3.641968E-9	3.724189E-9
0:27:44	1	-1.499565E+1	1.533800E+1	1.635000E+1	1.540100E+0	1.787223E+0	3.780000E+2	1.178900E-7	1.171682E-7	3.639576E-9	3.632551E-9	3.623618E-9	3.731620E-9	3.755033E-9	3.837333E-9	3.877867E-9	3.966225E-9	3.633390E-9	3.628452E-9	3.569046E-9	3.651085E-9	3.741544E-9	3.711284E-9	3.747442E-9	3.741400E-9	3.508642E-9	3.477288E-9	3.518342E-9	3.546612E-9	3.546272E-9	3.581418E-9	3.616309E-9	3.672996E-9	3.608494E-9	3.579938E-9	3.564174E-9	3.616162E-9	3.626640E-9	3.649153E-9	3.742761E-9	3.825552E-9
0:27:57	1	-1.499588E+1	1.531100E+1	1.632700E+1	1.541759E+0	1.789491E+0	3.790000E+2	1.204100E-7	1.202952E-7	3.736063E-9	3.730094E-9	3.720964E-9	3.834144E-9	3.858683E-9	3.938661E-9	3.979754E-9	4.070413E-9	3.733670E-9	3.726088E-9	3.664330E-9	3.756103E-9	3.838902E-9	3.813832E-9	3.849047E-9	3.842597E-9	3.604429E-9	3.568550E-9	3.609993E-9	3.639832E-9	3.636758E-9	3.677670E-9	3.712856E-9	3.772700E-9	3.704587E-9	3.673642E-9	3.658318E-9	3.709108E-9	3.721738E-9	3.747051E-9	3.839541E-9	3.925080E-9
0:28:11	1	-1.499710E+1	1.533000E+1	1.633500E+1	1.544040E+0	1.790745E+0	3.800000E+2	1.247700E-7	1.238475E-7	3.845037E-9	3.839302E-9	3.830068E-9	3.944199E-9	3.972724E-9	4.056019E-9	4.101981E-9	4.191277E-9	3.837435E-9	3.832571E-9	3.772322E-9	3.881011E-9	3.959823E-9	3.926098E-9	3.959328E-9	3.955820E-9	3.709656E-9	3.670450E-9	3.717770E-9	3.750353E-9	3.740619E-9	3.784630E-9	3.824379E-9	3.884616E-9	3.809949E-9	3.782421E-9	3.765659E-9	3.817630E-9	3.829151E-9	3.858700E-9	3.954571E-9	4.041892E-9
0:28:24	1	-1.499580E+1	1.534700E+1	1.635500E+1	1.540366E+0	1.787401E+0	3.810000E+2	1.282400E-7	1.272762E-7	3.949721E-9	3.941322E-9	3.937212E-9	4.055962E-9	4.079541E-9	4.167657E-9	4.213599E-9	4.321086E-9	3.945131E-9	3.938928E-9	3.875761E-9	3.982554E-9	4.066683E-9	4.031865E-9	4.059285E-9	4.066574E-9	3.813868E-9	3.775684E-9	3.822712E-9	3.851785E-9	3.845807E-9	3.889386E-9	3.930279E-9	3.991244E-9	3.919851E-9	3.886174E-9	3.867571E-9	3.927102E-9	3.937447E-9	3.964201E-9	4.064270E-9	4.155982E-9
0:28:38	1	-1.499725E+1	1.535900E+1	1.635200E+1	1.542583E+0	1.789187E+0	3.820000E+2	1.315400E-7	1.308683E-7	4.059704E-9	4.054375E-9	4.047706E-9	4.172600E-9	4.199222E-9	4.285518E-9	4.340248E-9	4.443282E-9	4.055236E-9	4.051604E-9	3.983374E-9	4.078794E-9	4.181461E-9	4.148422E-9	4.186101E-9	4.184669E-9	3.914659E-9	3.875570E-9	3.925009E-9	3.960865E-9	3.962415E-9	4.001449E-9	4.040916E-9	4.104984E-9	4.025845E-9	3.994826E-9	3.978447E-9	4.033977E-9	4.047953E-9	4.075658E-9	4.179616E-9	4.273745E-9
0:28:51	1	-1.499649E+1	1.534400E+1	1.636000E+1	1.540163E+0	1.788059E+0	3.830000E+2	1.351000E-7	1.346462E-7	4.173344E-9	4.171024E-9	4.163257E-9	4.286580E-9	4.319345E-9	4.408783E-9	4.459886E-9	4.573913E-9	4.170538E-9	4.164344E-9	4.096993E-9	4.206357E-9	4.299660E-9	4.269903E-9	4.320075E-9	4.307260E-9	4.028755E-9	3.994904E-9	4.042801E-9	4.075462E-9	4.074102E-9	4.113134E-9	4.157430E-9	4.221811E-9	4.143377E-9	4.108190E-9	4.090840E-9	4.149526E-9	4.167301E-9	4.190729E-9	4.297595E-9	4.398978E-9
0:29:05	1	-1.499664E+1	1.536400E+1	1.631800E+1	1.543153E+0	1.790694E+0	3.840000E+2	1.395500E-7	1.388025E-7	4.303194E-9	4.300348E-9	4.290442E-9	4.424418E-9	4.454229E-9	4.550907E-9	4.603338E-9	4.712216E-9	4.300865E-9	4.295095E-9	4.225473E-9	4.332150E-9	4.433821E-9	4.405393E-9	4.442330E-9	4.441747E-9	4.152290E-9	4.113230E-9	4.163806E-9	4.199026E-9	4.195066E-9	4.244853E-9	4.285447E-9	4.355001E-9	4.266333E-9	4.232796E-9	4.217821E-9	4.279196E-9	4.292775E-9	4.321198E-9	4.433887E-9	4.533772E-9
0:29:18	1	-1.499512E+1	1.532600E+1	1.632500E+1	1.541721E+0	1.788794E+0	3.850000E+2	1.431800E-7	1.429199E-7	4.430204E-9	4.427211E-9	4.418635E-9	4.558142E-9	4.591014E-9	4.686241E-9	4.741167E-9	4.847412E-9	4.423585E-9	4.423001E-9	4.352685E-9	4.476760E-9	4.568868E-9	4.535202E-9	4.573136E-9	4.569526E-9	4.276143E-9	4.233321E-9	4.287269E-9	4.320644E-9	4.320193E-9	4.370081E-9	4.413651E-9	4.488695E-9	4.390801E-9	4.356019E-9	4.339874E-9	4.403547E-9	4.416290E-9	4.451538E-9	4.560835E-9	4.668185E-9
0:29:32	1	-1.499733E+1	1.531000E+1	1.631100E+1	1.540391E+0	1.788389E+0	3.865280E+2	1.499300E-7	1.493075E-7	4.622421E-9	4.626332E-9	4.612189E-9	4.756228E-9	4.791852E-9	4.899835E-9	4.951449E-9	5.081660E-9	4.621925E-9	4.618273E-9	4.542873E-9	4.668986E-9	4.777520E-9	4.739035E-9	4.767159E-9	4.781161E-9	4.457011E-9	4.426545E-9	4.481029E-9	4.519872E-9	4.508862E-9	4.565860E-9	4.613507E-9	4.691879E-9	4.583933E-9	4.551279E-9	4.532015E-9	4.602672E-9	4.620127E-9	4.646827E-9	4.767126E-9	4.880093E-9
0:29:45	1	-1.499542E+1	1.531500E+1	1.629700E+1	1.543964E+0	1.791227E+0	3.880560E+2	1.578200E-7	1.569153E-7	4.855503E-9	4.851935E-9	4.850750E-9	5.006653E-9	5.034124E-9	5.150138E-9	5.208663E-9	5.350025E-9	4.855255E-9	4.849818E-9	4.775170E-9	4.905353E-9	5.016955E-9	4.978335E-9	5.026870E-9	5.023301E-9	4.686089E-9	4.646770E-9	4.702629E-9	4.746181E-9	4.747378E-9	4.796033E-9	4.848053E-9	4.928362E-9	4.819060E-9	4.783091E-9	4.764883E-9	4.832061E-9	4.850676E-9	4.885773E-9	5.012616E-9	5.126823E-9
0:29:59	1	-1.499672E+1	1.531700E+1	1.634400E+1	1.542139E+0	1.788668E+0	3.895840E+2	1.647500E-7	1.647296E-7	5.094513E-9	5.097275E-9	5.090956E-9	5.245117E-9	5.287991E-9	5.406036E-9	5.472827E-9	5.613694E-9	5.096002E-9	5.094066E-9	5.007466E-9	5.150433E-9	5.271659E-9	5.235242E-9	5.295007E-9	5.282087E-9	4.910542E-9	4.874297E-9	4.937270E-9	4.985907E-9	4.981479E-9	5.033955E-9	5.092454E-9	5.172712E-9	5.053683E-9	5.014213E-9	4.994846E-9	5.076647E-9	5.090444E-9	5.127762E-9	5.259676E-9	5.383367E-9
0:30:12	1	-1.499565E+1	1.536300E+1	1.634800E+1	1.537262E+0	1.785627E+0	3.911120E+2	1.731900E-7	1.728270E-7	5.343740E-9	5.343246E-9	5.342034E-9	5.507502E-9	5.555289E-9	5.678404E-9	5.749119E-9	5.896897E-9	5.342328E-9	5.341600E-9	5.257214E-9	5.399052E-9	5.529528E-9	5.495428E-9	5.541732E-9	5.542137E-9	5.156915E-9	5.112272E-9	5.181862E-9	5.225885E-9	5.225045E-9	5.287813E-9	5.342923E-9	5.432988E-9	5.297071E-9	5.254882E-9	5.239963E-9	5.316167E-9	5.339432E-9	5.379383E-9	5.517459E-9	5.651687E-9
0:30:26	1	-1.499679E+1	1.532900E+1	1.634300E+1	1.540594E+0	1.787907E+0	3.926401E+2	1.815300E-7	1.814883E-7	5.601480E-9	5.608574E-9	5.608155E-9	5.784253E-9	5.831584E-9	5.970130E-9	6.040253E-9	6.192655E-9	5.607480E-9	5.610747E-9	5.520555E-9	5.684865E-9	5.808301E-9	5.767669E-9	5.819179E-9	5.826554E-9	5.410320E-9	5.366926E-9	5.437164E-9	5.483352E-9	5.488423E-9	5.556790E-9	5.616708E-9	5.704782E-9	5.561012E-9	5.521363E-9	5.501118E-9	5.587344E-9	5.604837E-9	5.643675E-9	5.796506E-9	5.925578E-9
0:30:39	1	-1.499634E+1	1.532600E+1	1.632900E+1	1.541658E+0	1.789504E+0	3.941681E+2	1.926200E-7	1.917957E-7	5.926886E-9	5.922704E-9	5.927121E-9	6.115430E-9	6.166862E-9	6.307872E-9	6.385398E-9	6.565271E-9	5.922960E-9	5.924887E-9	5.824615E-9	6.002062E-9	6.142561E-9	6.102574E-9	6.162251E-9	6.166663E-9	5.714722E-9	5.666833E-9	5.745188E-9	5.797929E-9	5.793322E-9	5.865892E-9	5.932003E-9	6.036121E-9	5.864552E-9	5.826217E-9	5.806788E-9	5.896764E-9	5.921517E-9	5.964616E-9	6.123033E-9	6.274115E-9
0:30:53	1	-1.499580E+1	1.536100E+1	1.632100E+1	1.544838E+0	1.791315E+0	3.956961E+2	2.034000E-7	2.025623E-7	6.244789E-9	6.253921E-9	6.250450E-9	6.451674E-9	6.520959E-9	6.666480E-9	6.753470E-9	6.940929E-9	6.254415E-9	6.256407E-9	6.150297E-9	6.340542E-9	6.494306E-9	6.445433E-9	6.514320E-9	6.515382E-9	6.028564E-9	5.977503E-9	6.066881E-9	6.121533E-9	6.128318E-9	6.196790E-9	6.269921E-9	6.372436E-9	6.190035E-9	6.145392E-9	6.132916E-9	6.226507E-9	6.252343E-9	6.301399E-9	6.466181E-9	6.631771E-9
0:31:06	1	-1.499634E+1	1.538000E+1	1.634700E+1	1.540619E+0	1.787451E+0	3.972241E+2	2.136600E-7	2.136827E-7	6.579720E-9	6.592707E-9	6.604818E-9	6.815381E-9	6.873344E-9	7.038289E-9	7.126659E-9	7.331806E-9	6.588091E-9	6.592795E-9	6.496784E-9	6.680220E-9	6.845860E-9	6.811450E-9	6.878802E-9	6.883908E-9	6.352923E-9	6.300071E-9	6.399347E-9	6.460185E-9	6.461297E-9	6.544004E-9	6.616623E-9	6.728826E-9	6.516149E-9	6.482530E-9	6.463150E-9	6.564610E-9	6.591253E-9	6.644834E-9	6.823002E-9	6.993287E-9
0:31:20	1	-1.499596E+1	1.533900E+1	1.636200E+1	1.541316E+0	1.789174E+0	3.987521E+2	2.271300E-7	2.270698E-7	6.992407E-9	7.009866E-9	7.012850E-9	7.236425E-9	7.316518E-9	7.485088E-9	7.586891E-9	7.800744E-9	6.993582E-9	7.010448E-9	6.900236E-9	7.095804E-9	7.284003E-9	7.241267E-9	7.321704E-9	7.325848E-9	6.742850E-9	6.691744E-9	6.795558E-9	6.863092E-9	6.865641E-9	6.953137E-9	7.036934E-9	7.155400E-9	6.918557E-9	6.875248E-9	6.854567E-9	6.968305E-9	7.000821E-9	7.051823E-9	7.245994E-9	7.436477E-9
0:31:33	1	-1.499634E+1	1.534100E+1	1.633400E+1	1.543761E+0	1.790745E+0	4.002801E+2	2.409300E-7	2.404555E-7	7.396012E-9	7.419774E-9	7.428594E-9	7.663291E-9	7.752659E-9	7.939934E-9	8.041944E-9	8.262707E-9	7.395017E-9	7.414452E-9	7.298061E-9	7.536394E-9	7.716066E-9	7.674302E-9	7.752002E-9	7.768675E-9	7.129799E-9	7.085620E-9	7.191454E-9	7.260044E-9	7.265062E-9	7.365862E-9	7.452759E-9	7.578954E-9	7.318695E-9	7.276131E-9	7.260064E-9	7.378458E-9	7.408054E-9	7.477314E-9	7.677202E-9	7.870170E-9
0:31:47	1	-1.499520E+1	1.535300E+1	1.632600E+1	1.537300E+0	1.785095E+0	4.018081E+2	2.560900E-7	2.559479E-7	7.858771E-9	7.890843E-9	7.899332E-9	8.166227E-9	8.249241E-9	8.460909E-9	8.567873E-9	8.815860E-9	7.867637E-9	7.895806E-9	7.767017E-9	8.027504E-9	8.221225E-9	8.171706E-9	8.254827E-9	8.280042E-9	7.581873E-9	7.538659E-9	7.651160E-9	7.733790E-9	7.728972E-9	7.840067E-9	7.936256E-9	8.074137E-9	7.776275E-9	7.733350E-9	7.721632E-9	7.847747E-9	7.886391E-9	7.949632E-9	8.173013E-9	8.380092E-9
0:32:00	1	-1.499611E+1	1.533700E+1	1.632900E+1	1.542899E+0	1.789744E+0	4.033361E+2	2.720300E-7	2.722048E-7	8.347323E-9	8.385056E-9	8.401868E-9	8.677712E-9	8.780038E-9	9.016767E-9	9.136309E-9	9.408454E-9	8.361174E-9	8.391951E-9	8.261958E-9	8.527962E-9	8.747862E-9	8.708996E-9	8.792052E-9	8.828626E-9	8.053459E-9	8.005733E-9	8.132534E-9	8.207536E-9	8.223926E-9	8.343187E-9	8.444840E-9	8.598089E-9	8.256616E-9	8.216319E-9	8.193428E-9	8.332865E-9	8.375211E-9	8.450973E-9	8.680994E-9	8.914961E-9
0:32:14	1	-1.499611E+1	1.536900E+1	1.633300E+1	1.540049E+0	1.787806E+0	4.048641E+2	2.922500E-7	2.920481E-7	8.943904E-9	8.988473E-9	9.005415E-9	9.317663E-9	9.430385E-9	9.678040E-9	9.813709E-9	1.012711E-8	8.956135E-9	8.993248E-9	8.853451E-9	9.147200E-9	9.393200E-9	9.352240E-9	9.465084E-9	9.486758E-9	8.617857E-9	8.580626E-9	8.716271E-9	8.812621E-9	8.826848E-9	8.950557E-9	9.061280E-9	9.227722E-9	8.845666E-9	8.793247E-9	8.783113E-9	8.935625E-9	8.983503E-9	9.070233E-9	9.324011E-9	9.566893E-9
0:32:27	1	-1.499504E+1	1.532600E+1	1.634600E+1	1.542659E+0	1.790390E+0	4.063921E+2	3.119800E-7	3.121985E-7	9.551204E-9	9.601664E-9	9.629442E-9	9.959071E-9	1.009448E-8	1.036465E-8	1.050779E-8	1.084438E-8	9.559079E-9	9.612557E-9	9.464984E-9	9.783300E-9	1.004715E-8	1.000343E-8	1.012823E-8	1.015381E-8	9.212091E-9	9.158412E-9	9.314933E-9	9.415194E-9	9.443396E-9	9.575250E-9	9.699645E-9	9.872084E-9	9.429479E-9	9.376075E-9	9.374311E-9	9.547562E-9	9.597983E-9	9.688542E-9	9.962073E-9	1.022623E-8
0:32:41	1	-1.499672E+1	1.532700E+1	1.634800E+1	1.542697E+0	1.789681E+0	4.079202E+2	3.359300E-7	3.360043E-7	1.026565E-8	1.031769E-8	1.036586E-8	1.072902E-8	1.086787E-8	1.117339E-8	1.133363E-8	1.169976E-8	1.027409E-8	1.033165E-8	1.018457E-8	1.054103E-8	1.082064E-8	1.077529E-8	1.092593E-8	1.095428E-8	9.897297E-9	9.847789E-9	1.001627E-8	1.012879E-8	1.015302E-8	1.031100E-8	1.044783E-8	1.063038E-8	1.011783E-8	1.008288E-8	1.007310E-8	1.025916E-8	1.032347E-8	1.042053E-8	1.071837E-8	1.101625E-8
0:32:54	1	-1.499512E+1	1.531800E+1	1.631300E+1	1.539226E+0	1.787097E+0	4.094482E+2	3.634700E-7	3.631779E-7	1.107274E-8	1.113764E-8	1.120525E-8	1.159996E-8	1.176169E-8	1.209684E-8	1.228277E-8	1.270257E-8	1.109275E-8	1.115432E-8	1.100001E-8	1.139809E-8	1.171643E-8	1.167664E-8	1.180679E-8	1.187361E-8	1.066315E-8	1.062050E-8	1.081909E-8	1.093818E-8	1.097918E-8	1.114432E-8	1.129408E-8	1.150845E-8	1.091427E-8	1.087648E-8	1.088063E-8	1.107909E-8	1.114659E-8	1.124750E-8	1.158166E-8	1.190662E-8
0:33:08	1	-1.499664E+1	1.529700E+1	1.632100E+1	1.543431E+0	1.790770E+0	4.109762E+2	3.942800E-7	3.941751E-7	1.197852E-8	1.208362E-8	1.215096E-8	1.259128E-8	1.279198E-8	1.316997E-8	1.336798E-8	1.385650E-8	1.201060E-8	1.209636E-8	1.192882E-8	1.237412E-8	1.272752E-8	1.269360E-8	1.286078E-8	1.291837E-8	1.154361E-8	1.150562E-8	1.173119E-8	1.185276E-8	1.192858E-8	1.209311E-8	1.227289E-8	1.251242E-8	1.180458E-8	1.176561E-8	1.177459E-8	1.199082E-8	1.207996E-8	1.220956E-8	1.257379E-8	1.293501E-8
0:33:21	1	-1.499634E+1	1.535500E+1	1.632200E+1	1.538580E+0	1.785754E+0	4.125042E+2	4.284200E-7	4.285515E-7	1.300916E-8	1.311215E-8	1.320723E-8	1.368715E-8	1.392808E-8	1.434832E-8	1.458305E-8	1.512146E-8	1.302766E-8	1.313661E-8	1.296379E-8	1.346552E-8	1.386604E-8	1.381140E-8	1.404988E-8	1.408913E-8	1.251339E-8	1.249623E-8	1.272468E-8	1.289611E-8	1.294676E-8	1.315699E-8	1.336208E-8	1.361451E-8	1.279408E-8	1.275215E-8	1.276327E-8	1.302646E-8	1.311437E-8	1.326223E-8	1.365103E-8	1.407053E-8
0:33:35	1	-1.499580E+1	1.532300E+1	1.632900E+1	1.544204E+0	1.790948E+0	4.140322E+2	4.705200E-7	4.703918E-7	1.423291E-8	1.437920E-8	1.448405E-8	1.503680E-8	1.531956E-8	1.580017E-8	1.605282E-8	1.668199E-8	1.425467E-8	1.440626E-8	1.421999E-8	1.478559E-8	1.524242E-8	1.519179E-8	1.546987E-8	1.554033E-8	1.369102E-8	1.367755E-8	1.393681E-8	1.414646E-8	1.420365E-8	1.445771E-8	1.467711E-8	1.498406E-8	1.397098E-8	1.395418E-8	1.397705E-8	1.426927E-8	1.436739E-8	1.452889E-8	1.500204E-8	1.544923E-8
0:33:48	1	-1.499664E+1	1.531600E+1	1.631900E+1	1.540771E+0	1.787933E+0	4.155602E+2	5.217200E-7	5.218286E-7	1.574580E-8	1.590118E-8	1.607377E-8	1.669813E-8	1.703524E-8	1.759240E-8	1.787973E-8	1.862801E-8	1.577433E-8	1.595302E-8	1.577652E-8	1.641326E-8	1.694217E-8	1.692192E-8	1.722254E-8	1.733746E-8	1.512530E-8	1.512044E-8	1.543914E-8	1.566732E-8	1.575749E-8	1.603649E-8	1.630439E-8	1.664422E-8	1.541655E-8	1.540396E-8	1.543695E-8	1.577965E-8	1.592592E-8	1.610635E-8	1.662188E-8	1.714710E-8
0:34:02	1	-1.499618E+1	1.531200E+1	1.630300E+1	1.540543E+0	1.788807E+0	4.170882E+2	5.779400E-7	5.786027E-7	1.737088E-8	1.760935E-8	1.780881E-8	1.851661E-8	1.893541E-8	1.956968E-8	1.994111E-8	2.082419E-8	1.742444E-8	1.765681E-8	1.746329E-8	1.822602E-8	1.880933E-8	1.881460E-8	1.917608E-8	1.931806E-8	1.670521E-8	1.671457E-8	1.708238E-8	1.734496E-8	1.746932E-8	1.781413E-8	1.810803E-8	1.848850E-8	1.699674E-8	1.699544E-8	1.706147E-8	1.744964E-8	1.759956E-8	1.784431E-8	1.842894E-8	1.903483E-8
0:34:15	1	-1.499596E+1	1.529900E+1	1.630300E+1	1.544559E+0	1.791670E+0	4.186162E+2	6.479100E-7	6.475350E-7	1.937674E-8	1.965145E-8	1.990631E-8	2.076144E-8	2.123934E-8	2.200087E-8	2.243108E-8	2.353618E-8	1.940335E-8	1.970319E-8	1.950970E-8	2.041666E-8	2.112579E-8	2.115560E-8	2.158594E-8	2.178408E-8	1.857141E-8	1.863222E-8	1.905374E-8	1.938946E-8	1.954196E-8	1.995126E-8	2.031543E-8	2.076469E-8	1.887706E-8	1.891878E-8	1.899842E-8	1.944418E-8	1.964943E-8	1.992234E-8	2.059904E-8	2.131790E-8
0:34:29	1	-1.499672E+1	1.531200E+1	1.631100E+1	1.541924E+0	1.788655E+0	4.201442E+2	7.372400E-7	7.373397E-7	2.190634E-8	2.227844E-8	2.265767E-8	2.362142E-8	2.429322E-8	2.522150E-8	2.577703E-8	2.710614E-8	2.196783E-8	2.236325E-8	2.218220E-8	2.328060E-8	2.414561E-8	2.420389E-8	2.481625E-8	2.505608E-8	2.099162E-8	2.109159E-8	2.162319E-8	2.199705E-8	2.224188E-8	2.274887E-8	2.317743E-8	2.373473E-8	2.130645E-8	2.135894E-8	2.149714E-8	2.204092E-8	2.228372E-8	2.265151E-8	2.343937E-8	2.427778E-8
0:34:42	1	-1.499558E+1	1.532500E+1	1.629400E+1	1.541544E+0	1.789149E+0	4.216722E+2	8.583700E-7	8.583587E-7	2.534021E-8	2.581522E-8	2.634899E-8	2.755683E-8	2.844075E-8	2.963161E-8	3.032396E-8	3.208419E-8	2.536029E-8	2.592832E-8	2.577591E-8	2.713850E-8	2.821515E-8	2.834153E-8	2.918232E-8	2.948879E-8	2.419289E-8	2.436124E-8	2.505411E-8	2.552818E-8	2.589903E-8	2.652003E-8	2.704491E-8	2.774531E-8	2.449571E-8	2.459182E-8	2.481134E-8	2.549487E-8	2.583566E-8	2.626234E-8	2.724386E-8	2.830486E-8
0:34:56	1	-1.499611E+1	1.529700E+1	1.629100E+1	1.543444E+0	1.790542E+0	4.232003E+2	1.008000E-6	1.009218E-6	2.947800E-8	3.019193E-8	3.091036E-8	3.244179E-8	3.364335E-8	3.518575E-8	3.615779E-8	3.846664E-8	2.951714E-8	3.032820E-8	3.021079E-8	3.199441E-8	3.336855E-8	3.359994E-8	3.475820E-8	3.522048E-8	2.808564E-8	2.836534E-8	2.927713E-8	2.989484E-8	3.043925E-8	3.118870E-8	3.190573E-8	3.284299E-8	2.834987E-8	2.855349E-8	2.887453E-8	2.973476E-8	3.014758E-8	3.075019E-8	3.200239E-8	3.333185E-8
0:35:09	1	-1.499710E+1	1.529800E+1	1.631700E+1	1.542291E+0	1.790542E+0	4.247283E+2	1.213000E-6	1.212867E-6	3.497139E-8	3.595347E-8	3.706379E-8	3.905789E-8	4.078165E-8	4.289148E-8	4.418295E-8	4.750459E-8	3.500527E-8	3.617682E-8	3.610604E-8	3.859469E-8	4.036588E-8	4.084298E-8	4.247892E-8	4.316979E-8	3.321088E-8	3.366921E-8	3.487625E-8	3.579240E-8	3.649949E-8	3.758902E-8	3.855414E-8	3.973794E-8	3.334586E-8	3.376473E-8	3.418610E-8	3.535750E-8	3.594382E-8	3.674858E-8	3.833172E-8	4.011134E-8
0:35:23	1	-1.499611E+1	1.530700E+1	1.631000E+1	1.543900E+0	1.791049E+0	4.262563E+2	1.544700E-6	1.545622E-6	4.363089E-8	4.520546E-8	4.703092E-8	4.990368E-8	5.263041E-8	5.587095E-8	5.790790E-8	6.341150E-8	4.367604E-8	4.552706E-8	4.577007E-8	4.933724E-8	5.201055E-8	5.292005E-8	5.558930E-8	5.696560E-8	4.124136E-8	4.203503E-8	4.381206E-8	4.511244E-8	4.637571E-8	4.805380E-8	4.952478E-8	5.122790E-8	4.107416E-8	4.175314E-8	4.256063E-8	4.419753E-8	4.517266E-8	4.638252E-8	4.850964E-8	5.120136E-8
0:35:36	1	-1.499565E+1	1.531200E+1	1.628800E+1	1.540315E+0	1.787920E+0	4.277843E+2	2.075300E-6	2.076650E-6	5.660293E-8	5.931197E-8	6.266767E-8	6.705193E-8	7.205850E-8	7.765737E-8	8.158068E-8	9.173825E-8	5.666582E-8	5.998953E-8	6.072289E-8	6.654020E-8	7.108159E-8	7.294348E-8	7.809326E-8	8.040678E-8	5.309654E-8	5.459390E-8	5.751261E-8	5.971179E-8	6.194385E-8	6.478089E-8	6.715939E-8	6.997166E-8	5.245510E-8	5.369381E-8	5.504553E-8	5.763587E-8	5.924088E-8	6.126259E-8	6.453324E-8	6.889943E-8
0:35:51	1	-1.499565E+1	1.531800E+1	1.630200E+1	1.541835E+0	1.788946E+0	4.293123E+2	3.027800E-6	3.032467E-6	7.796235E-8	8.313165E-8	8.976183E-8	9.809506E-8	1.082438E-7	1.198049E-7	1.281187E-7	1.524099E-7	7.780736E-8	8.427671E-8	8.648371E-8	9.750955E-8	1.060368E-7	1.109709E-7	1.225003E-7	1.283946E-7	7.204011E-8	7.537378E-8	8.045000E-8	8.446942E-8	8.928266E-8	9.472288E-8	9.914419E-8	1.048808E-7	7.021311E-8	7.264891E-8	7.547673E-8	7.994876E-8	8.287831E-8	8.676534E-8	9.237630E-8	1.002877E-7
0:36:11	1	-1.499649E+1	1.531200E+1	1.630300E+1	1.542861E+0	1.790568E+0	4.308403E+2	5.666500E-6	5.494412E-6	1.215334E-7	1.342964E-7	1.513323E-7	1.715817E-7	2.006838E-7	2.350347E-7	2.602199E-7	3.470185E-7	1.209979E-7	1.367596E-7	1.434743E-7	1.720023E-7	1.944787E-7	2.111189E-7	2.498109E-7	2.712958E-7	1.100715E-7	1.175152E-7	1.293044E-7	1.392091E-7	1.518814E-7	1.659462E-7	1.828475E-7	1.935579E-7	1.038029E-7	1.102717E-7	2.004435E-7	1.259034E-7	1.339659E-7	1.482938E-7	1.557687E-7	2.039899E-7
