APD#	0013	Started	04/20/07 11:37	Sense_ohms	1.004464E+6	1.004628E+6	1.002105E+6	1.000924E+6	9.998282E+5	1.007735E+6	1.002821E+6	9.989270E+5	9.993226E+5	1.002376E+6	1.001862E+6	1.003102E+6	1.000030E+6	1.003780E+6	1.000011E+6	1.000898E+6	9.999006E+5	1.006439E+6	1.005624E+6	1.010450E+6	1.003884E+6	1.005600E+6	1.002519E+6	1.006362E+6	1.004620E+6	1.008599E+6	1.003214E+6	1.000475E+6	1.003139E+6	9.996927E+5	1.009944E+6	1.000506E+6	
ElapTime	Shutter_Open	DegC	BiasV	KE237_Amps	Pixel_Sum	A1	A2	A3	A4	A5	A6	A7	A8	B1	B2	B3	B4	B5	B6	B7	B8	C1	C2	C3	C4	C5	C6	C7	C8	D1	D2	D3	D4	D5	D6	D7	D8
   0:00:00	0	2.602670E+1	0.000000E+0	7.070000E-11	1.112303E-11	8.828589E-12	-8.192087E-13	6.955359E-13	-6.963566E-13	1.267218E-12	1.260252E-13	-6.282278E-14	1.141225E-12	3.172149E-13	1.266990E-13	1.896469E-13	1.957927E-12	3.356899E-12	-1.388751E-12	-1.269986E-13	-1.328807E-12	-1.900189E-13	-1.007513E-12	-1.764079E-12	8.778267E-13	3.157735E-13	0.000000E+0	-1.580020E-12	7.551954E-13	0.000000E+0	-3.767602E-13	2.147099E-12	6.326995E-13	-5.054135E-13	2.530778E-13	-7.525170E-13	-1.266359E-12
   0:00:13	0	2.602571E+1	0.000000E+0	7.443000E-11	-2.753079E-10	1.242354E-11	-8.701728E-12	-6.637029E-12	-7.910691E-12	-8.363437E-12	-8.486358E-12	-7.706261E-12	-8.561186E-12	-8.050453E-12	-7.772532E-12	-9.294693E-12	-7.514689E-12	-2.469926E-12	-1.142183E-11	-8.677905E-12	-1.240486E-11	-1.210020E-11	-1.176922E-11	-1.322761E-11	-1.391756E-11	-1.009579E-11	-1.096062E-11	-9.351444E-12	-8.182940E-12	-9.142760E-12	-9.483452E-12	-8.587400E-12	-9.940278E-12	-9.976683E-12	-8.680668E-12	-8.844055E-12	-9.497194E-12
   0:00:27	0	2.602518E+1	1.000000E+1	1.068900E-9	3.290765E-10	1.401265E-10	7.755109E-12	8.280569E-12	5.758679E-12	5.701980E-12	5.029100E-12	2.905803E-12	7.228756E-12	1.274063E-11	1.118542E-11	8.536106E-12	6.378215E-12	1.241563E-11	6.943753E-13	5.130944E-12	4.177249E-12	7.348730E-12	4.909388E-12	4.093975E-12	1.880350E-12	4.479601E-12	5.228719E-12	6.571447E-12	5.916360E-12	7.440624E-12	7.536196E-12	8.082024E-12	5.065594E-12	4.293523E-12	3.612110E-12	4.014084E-12	4.558693E-12
   0:00:41	0	2.602503E+1	2.000000E+1	1.508000E-9	6.134539E-10	2.353524E-10	1.778071E-11	1.637154E-11	1.069512E-11	1.058082E-11	1.056032E-11	8.148014E-12	1.325322E-11	2.421440E-11	2.104400E-11	1.416263E-11	1.401951E-11	1.767247E-11	4.922393E-12	9.944891E-12	1.082228E-11	2.388337E-11	1.309170E-11	1.196869E-11	8.337869E-12	9.401485E-12	1.033115E-11	9.730489E-12	9.000737E-12	1.425016E-11	1.249853E-11	1.363817E-11	9.370549E-12	9.219061E-12	7.730376E-12	7.025142E-12	4.431758E-12
   0:00:55	0	2.602541E+1	3.000000E+1	1.896100E-9	8.867410E-10	2.920463E-10	2.686069E-11	2.490557E-11	1.626497E-11	1.539564E-11	1.489777E-11	1.162221E-11	1.908748E-11	3.587730E-11	3.147122E-11	2.035909E-11	2.147040E-11	2.400728E-11	9.339696E-12	1.292186E-11	2.018887E-11	3.623660E-11	2.139921E-11	2.217230E-11	1.416794E-11	1.432337E-11	1.543258E-11	1.484860E-11	1.296651E-11	2.440127E-11	2.223282E-11	2.146800E-11	1.570254E-11	1.730169E-11	1.337011E-11	1.279477E-11	1.120633E-11
   0:01:09	0	2.602609E+1	4.000000E+1	2.329100E-9	1.149933E-9	3.278037E-10	3.852570E-11	3.185894E-11	2.151712E-11	2.065355E-11	2.036647E-11	1.680260E-11	2.561849E-11	4.519562E-11	4.063445E-11	2.725126E-11	2.885948E-11	2.951811E-11	1.615493E-11	1.798980E-11	2.702373E-11	5.182115E-11	3.002169E-11	3.092806E-11	2.068781E-11	2.139092E-11	2.299224E-11	2.420004E-11	1.812767E-11	3.581454E-11	3.140197E-11	2.929784E-11	2.209650E-11	2.292205E-11	1.723530E-11	1.812675E-11	1.709435E-11
   0:01:23	0	2.602602E+1	5.000000E+1	2.746700E-9	1.431894E-9	3.513257E-10	4.861401E-11	4.228898E-11	2.556738E-11	2.736970E-11	2.709244E-11	2.166588E-11	3.278418E-11	5.958436E-11	5.213612E-11	3.679848E-11	3.687860E-11	3.629591E-11	2.246608E-11	2.407074E-11	3.442908E-11	6.816578E-11	4.179190E-11	4.295940E-11	3.059231E-11	2.782692E-11	2.746420E-11	2.994956E-11	2.423382E-11	4.729052E-11	4.157648E-11	3.908438E-11	2.937805E-11	3.087907E-11	2.382532E-11	2.433600E-11	2.317227E-11
   0:01:37	0	2.602602E+1	6.000000E+1	3.047100E-9	1.646361E-9	3.589566E-10	5.655825E-11	4.968441E-11	3.328824E-11	3.402184E-11	3.450907E-11	2.810871E-11	3.798476E-11	6.928293E-11	6.028776E-11	4.438535E-11	4.287799E-11	4.446667E-11	2.517982E-11	3.008867E-11	4.170655E-11	7.697165E-11	4.670129E-11	5.114834E-11	3.485576E-11	3.331660E-11	3.458234E-11	3.557339E-11	3.052778E-11	5.561307E-11	4.798240E-11	4.495751E-11	3.703941E-11	3.687724E-11	2.927400E-11	2.947886E-11	3.007378E-11
   0:01:51	0	2.602548E+1	7.000000E+1	3.298600E-9	1.784946E-9	3.668394E-10	6.065728E-11	5.442543E-11	3.664314E-11	3.630324E-11	3.846944E-11	3.101451E-11	4.210618E-11	7.435437E-11	6.603809E-11	4.849570E-11	4.723548E-11	4.883753E-11	3.161649E-11	3.407963E-11	4.328913E-11	8.362331E-11	5.205084E-11	5.587277E-11	3.974566E-11	3.735491E-11	3.722852E-11	4.189247E-11	3.191297E-11	6.034222E-11	5.325803E-11	4.760898E-11	4.286364E-11	4.072915E-11	3.282309E-11	3.393257E-11	3.330215E-11
   0:02:05	0	2.602579E+1	8.000000E+1	3.390500E-9	1.916918E-9	3.713802E-10	6.544910E-11	5.929219E-11	4.335094E-11	4.004088E-11	4.180067E-11	3.392031E-11	4.489617E-11	8.005923E-11	7.039873E-11	5.203611E-11	5.051929E-11	5.308141E-11	3.395166E-11	3.692959E-11	4.626346E-11	9.071902E-11	5.683405E-11	5.908471E-11	4.400812E-11	4.095194E-11	4.125994E-11	4.334581E-11	3.669654E-11	6.746730E-11	5.690071E-11	5.297574E-11	4.666284E-11	4.363403E-11	3.611810E-11	3.738227E-11	3.950701E-11
   0:02:19	0	2.602579E+1	9.000000E+1	3.636300E-9	2.038500E-9	3.795148E-10	6.872793E-11	6.226393E-11	4.354077E-11	4.403256E-11	4.506939E-11	3.846848E-11	4.775024E-11	8.411598E-11	7.551757E-11	5.513434E-11	5.456075E-11	5.650230E-11	3.571799E-11	3.971656E-11	4.923778E-11	9.591353E-11	6.073692E-11	6.544693E-11	4.845960E-11	4.423320E-11	4.447196E-11	4.656770E-11	3.984352E-11	7.339392E-11	6.066930E-11	5.569101E-11	5.198131E-11	4.805416E-11	3.966619E-11	4.139635E-11	4.210270E-11
   0:02:33	0	2.602488E+1	1.000000E+2	3.785700E-9	2.180952E-9	3.834881E-10	7.433995E-11	6.668862E-11	4.803462E-11	4.713710E-11	5.009849E-11	4.200550E-11	5.218900E-11	9.134187E-11	7.924571E-11	5.974975E-11	5.828620E-11	6.144316E-11	4.076690E-11	4.415051E-11	5.335209E-11	1.022492E-10	6.482758E-11	6.840827E-11	5.378792E-11	4.896582E-11	4.793656E-11	5.193817E-11	4.229889E-11	7.969979E-11	6.701276E-11	6.036399E-11	5.445114E-11	5.310630E-11	4.460871E-11	4.434404E-11	4.463541E-11
   0:02:48	0	2.602495E+1	1.200000E+2	4.406500E-9	2.585962E-9	4.090918E-10	8.783251E-11	7.876221E-11	5.974280E-11	5.765390E-11	6.090986E-11	5.230245E-11	6.093939E-11	1.028146E-10	9.295913E-11	7.340632E-11	6.914850E-11	7.227383E-11	5.168364E-11	5.555239E-11	6.322522E-11	1.196069E-10	7.817066E-11	8.283215E-11	6.695235E-11	6.145929E-11	5.959029E-11	6.312299E-11	5.413261E-11	9.716510E-11	8.082994E-11	7.488632E-11	6.799970E-11	6.396721E-11	5.626729E-11	5.274847E-11	5.793169E-11
   0:03:02	0	2.602784E+1	1.400000E+2	4.980700E-9	3.092728E-9	4.217672E-10	1.059925E-10	9.709362E-11	7.474094E-11	7.469683E-11	7.580763E-11	6.607261E-11	7.286118E-11	1.225920E-10	1.081261E-10	9.111035E-11	8.531435E-11	8.804636E-11	6.689314E-11	6.904524E-11	6.930077E-11	1.396259E-10	9.604556E-11	1.001547E-10	8.331436E-11	7.508836E-11	7.533811E-11	7.841348E-11	6.835811E-11	1.162081E-10	1.003620E-10	9.174513E-11	8.433494E-11	8.019626E-11	7.090479E-11	7.093760E-11	7.223945E-11
   0:03:16	0	2.602852E+1	1.600000E+2	5.793400E-9	3.788706E-9	4.459841E-10	1.281868E-10	1.184586E-10	9.556270E-11	9.503333E-11	9.736786E-11	8.559055E-11	8.966621E-11	1.468695E-10	1.340994E-10	1.148841E-10	1.052695E-10	1.082528E-10	8.468888E-11	8.880802E-11	8.031288E-11	1.667406E-10	1.226691E-10	1.247216E-10	1.048800E-10	9.540644E-11	9.442522E-11	9.661064E-11	8.749237E-11	1.442665E-10	1.271794E-10	1.177595E-10	1.085844E-10	1.024235E-10	9.156114E-11	9.251404E-11	9.243623E-11
   0:03:30	0	2.602829E+1	1.800000E+2	6.686800E-9	4.675433E-9	4.776418E-10	1.578216E-10	1.457033E-10	1.225857E-10	1.203757E-10	1.223853E-10	1.095938E-10	1.101482E-10	1.784999E-10	1.662021E-10	1.437154E-10	1.336235E-10	1.334640E-10	1.098049E-10	1.126258E-10	9.562813E-11	2.053844E-10	1.538245E-10	1.552718E-10	1.342818E-10	1.219085E-10	1.210074E-10	1.223279E-10	1.112860E-10	1.804593E-10	1.604037E-10	1.478787E-10	1.373927E-10	1.281876E-10	1.179843E-10	1.184175E-10	1.195975E-10
   0:03:45	0	2.602488E+1	2.000000E+2	7.796300E-9	5.739993E-9	5.197678E-10	1.940141E-10	1.788894E-10	1.528997E-10	1.524972E-10	1.548205E-10	1.390298E-10	1.351330E-10	2.156451E-10	2.007700E-10	1.792492E-10	1.653870E-10	1.624751E-10	1.395913E-10	1.431574E-10	1.143613E-10	2.519470E-10	1.894481E-10	1.914911E-10	1.658142E-10	1.544680E-10	1.511814E-10	1.529727E-10	1.401146E-10	2.261104E-10	2.007864E-10	1.857002E-10	1.713296E-10	1.596349E-10	1.495400E-10	1.524748E-10	1.492915E-10
   0:03:59	0	2.602564E+1	2.200000E+2	8.796000E-9	7.046146E-9	5.695884E-10	2.392229E-10	2.176379E-10	1.909985E-10	1.900036E-10	1.939816E-10	1.770565E-10	1.639860E-10	2.622987E-10	2.481025E-10	2.217371E-10	2.056132E-10	1.988970E-10	1.752466E-10	1.798340E-10	1.340436E-10	3.068725E-10	2.381635E-10	2.353961E-10	2.090702E-10	1.920122E-10	1.885352E-10	1.915156E-10	1.759923E-10	2.779399E-10	2.525384E-10	2.314152E-10	2.153967E-10	1.997330E-10	1.878747E-10	1.881005E-10	1.873422E-10
   0:04:13	0	2.602754E+1	2.400000E+2	1.059000E-8	8.664165E-9	6.328410E-10	2.934489E-10	2.684609E-10	2.401721E-10	2.372668E-10	2.415655E-10	2.217145E-10	2.003209E-10	3.190942E-10	3.015016E-10	2.739629E-10	2.546800E-10	2.441237E-10	2.194834E-10	2.246815E-10	1.589163E-10	3.778266E-10	2.960050E-10	2.918357E-10	2.599743E-10	2.385804E-10	2.369133E-10	2.373890E-10	2.196764E-10	3.464793E-10	3.166620E-10	2.873584E-10	2.686444E-10	2.479138E-10	2.357154E-10	2.378389E-10	2.331180E-10
   0:04:27	0	2.602799E+1	2.600000E+2	1.253500E-8	1.076276E-8	7.143810E-10	3.617986E-10	3.323045E-10	3.032688E-10	2.999265E-10	3.047388E-10	2.830495E-10	2.468028E-10	3.883140E-10	3.708898E-10	3.421849E-10	3.199126E-10	3.017029E-10	2.776047E-10	2.854919E-10	1.908136E-10	4.610058E-10	3.705252E-10	3.638964E-10	3.249839E-10	3.009860E-10	2.985829E-10	3.012691E-10	2.766410E-10	4.300880E-10	3.984339E-10	3.635077E-10	3.384173E-10	3.096081E-10	3.004103E-10	3.021910E-10	2.990267E-10
   0:04:42	0	2.602784E+1	2.800000E+2	1.542300E-8	1.353598E-8	8.078418E-10	4.545493E-10	4.168815E-10	3.851611E-10	3.824787E-10	3.872089E-10	3.646613E-10	3.098985E-10	4.800362E-10	4.627116E-10	4.317151E-10	4.030796E-10	3.799946E-10	3.579390E-10	3.661930E-10	2.324573E-10	5.726309E-10	4.680184E-10	4.602088E-10	4.119966E-10	3.830791E-10	3.802208E-10	3.853064E-10	3.525521E-10	5.402431E-10	5.058294E-10	4.623879E-10	4.321867E-10	3.976348E-10	3.863327E-10	3.916306E-10	3.829162E-10
   0:04:56	0	2.602381E+1	3.000000E+2	1.914800E-8	1.732329E-8	9.285450E-10	5.774396E-10	5.299046E-10	4.914819E-10	4.946820E-10	5.034974E-10	4.804457E-10	3.980431E-10	6.009161E-10	5.882164E-10	5.497593E-10	5.153584E-10	4.869804E-10	4.698261E-10	4.766018E-10	2.873909E-10	7.190355E-10	5.976110E-10	5.901589E-10	5.315463E-10	4.999392E-10	4.944879E-10	5.043485E-10	4.598713E-10	6.902471E-10	6.536096E-10	5.985851E-10	5.605887E-10	5.195073E-10	5.075480E-10	5.168851E-10	5.002349E-10
   0:05:10	0	2.602526E+1	3.200000E+2	2.471000E-8	2.267753E-8	1.099824E-9	7.468635E-10	6.885656E-10	6.438121E-10	6.511699E-10	6.657355E-10	6.413308E-10	5.182731E-10	7.700346E-10	7.620015E-10	7.156674E-10	6.782830E-10	6.371039E-10	6.300534E-10	6.314781E-10	3.625774E-10	9.339228E-10	7.851713E-10	7.722648E-10	7.013727E-10	6.631782E-10	6.548031E-10	6.722955E-10	6.090502E-10	9.029265E-10	8.643822E-10	7.960306E-10	7.446453E-10	6.928452E-10	6.790117E-10	6.930058E-10	6.698501E-10
   0:05:24	0	2.602564E+1	3.400000E+2	3.253400E-8	3.056851E-8	1.354916E-9	9.957965E-10	9.192889E-10	8.618337E-10	8.826716E-10	9.040958E-10	8.797223E-10	6.987468E-10	1.022826E-9	1.020152E-9	9.601672E-10	9.175547E-10	8.566503E-10	8.667656E-10	8.619235E-10	4.695334E-10	1.249918E-9	1.061414E-9	1.048667E-9	9.484962E-10	9.025156E-10	8.940463E-10	9.190988E-10	8.275303E-10	1.220527E-9	1.176334E-9	1.084841E-9	1.013163E-9	9.491566E-10	9.315823E-10	9.568115E-10	9.117676E-10
   0:05:39	0	2.602799E+1	3.600000E+2	4.444700E-8	4.249895E-8	1.732602E-9	1.374872E-9	1.267712E-9	1.193961E-9	1.229481E-9	1.265094E-9	1.235098E-9	9.643197E-10	1.402392E-9	1.408167E-9	1.326505E-9	1.277378E-9	1.189454E-9	1.219593E-9	1.208100E-9	6.303489E-10	1.723468E-9	1.477884E-9	1.463460E-9	1.321625E-9	1.263952E-9	1.254551E-9	1.291705E-9	1.160317E-9	1.701500E-9	1.653524E-9	1.523614E-9	1.426166E-9	1.337319E-9	1.315126E-9	1.360986E-9	1.298673E-9
   0:05:52	0	2.593116E+1	3.620000E+2	4.560500E-8	4.406192E-8	1.782360E-9	1.424494E-9	1.313920E-9	1.236489E-9	1.278202E-9	1.312740E-9	1.283104E-9	9.998949E-10	1.451137E-9	1.457712E-9	1.372977E-9	1.324170E-9	1.232400E-9	1.267049E-9	1.253644E-9	6.523732E-10	1.786313E-9	1.532201E-9	1.516436E-9	1.372091E-9	1.312097E-9	1.301480E-9	1.340168E-9	1.203623E-9	1.762662E-9	1.717020E-9	1.580189E-9	1.478084E-9	1.388279E-9	1.365057E-9	1.414299E-9	1.349259E-9
   0:06:06	0	2.602898E+1	3.640000E+2	4.712900E-8	4.564868E-8	1.832053E-9	1.473298E-9	1.361013E-9	1.280283E-9	1.324452E-9	1.360261E-9	1.327763E-9	1.034328E-9	1.502481E-9	1.509848E-9	1.421220E-9	1.370522E-9	1.277438E-9	1.313936E-9	1.298302E-9	6.728148E-10	1.849157E-9	1.588532E-9	1.573001E-9	1.421113E-9	1.357402E-9	1.349291E-9	1.390906E-9	1.247621E-9	1.827607E-9	1.779260E-9	1.647120E-9	1.531522E-9	1.440501E-9	1.416446E-9	1.465668E-9	1.403519E-9
   0:06:20	0	2.602495E+1	3.660000E+2	4.881800E-8	4.735838E-8	1.883008E-9	1.527712E-9	1.409560E-9	1.326545E-9	1.371715E-9	1.411931E-9	1.381897E-9	1.074151E-9	1.559593E-9	1.565206E-9	1.474330E-9	1.421799E-9	1.324247E-9	1.364359E-9	1.347900E-9	6.970540E-10	1.916435E-9	1.649836E-9	1.632339E-9	1.473397E-9	1.410343E-9	1.401763E-9	1.444867E-9	1.294640E-9	1.896399E-9	1.848659E-9	1.703758E-9	1.590088E-9	1.497017E-9	1.469101E-9	1.524688E-9	1.464045E-9
   0:06:34	0	2.602640E+1	3.680000E+2	5.056300E-8	4.912234E-8	1.948531E-9	1.583955E-9	1.458612E-9	1.375276E-9	1.426138E-9	1.466618E-9	1.435084E-9	1.112389E-9	1.612078E-9	1.622271E-9	1.527883E-9	1.474655E-9	1.373465E-9	1.416610E-9	1.398323E-9	7.216100E-10	1.985488E-9	1.707866E-9	1.691612E-9	1.528565E-9	1.462779E-9	1.452975E-9	1.498891E-9	1.343422E-9	1.967901E-9	1.919816E-9	1.768794E-9	1.650996E-9	1.554165E-9	1.526700E-9	1.581827E-9	1.527042E-9
   0:06:47	0	2.602761E+1	3.700000E+2	5.247600E-8	5.100935E-8	1.998919E-9	1.642847E-9	1.516388E-9	1.427297E-9	1.482271E-9	1.523002E-9	1.490796E-9	1.154305E-9	1.673501E-9	1.683697E-9	1.585926E-9	1.530857E-9	1.426420E-9	1.476246E-9	1.453495E-9	7.462928E-10	2.062207E-9	1.774078E-9	1.758383E-9	1.586113E-9	1.521083E-9	1.509920E-9	1.557653E-9	1.394911E-9	2.044385E-9	1.998323E-9	1.836672E-9	1.716401E-9	1.612702E-9	1.586896E-9	1.645113E-9	1.592254E-9
   0:07:01	0	2.602852E+1	3.720000E+2	5.428500E-8	5.295347E-8	2.072009E-9	1.702684E-9	1.572077E-9	1.481407E-9	1.538467E-9	1.581083E-9	1.548341E-9	1.196855E-9	1.734163E-9	1.744995E-9	1.644980E-9	1.591796E-9	1.478298E-9	1.528750E-9	1.507147E-9	7.714173E-10	2.140258E-9	1.842053E-9	1.825468E-9	1.647988E-9	1.581407E-9	1.569385E-9	1.618501E-9	1.450050E-9	2.119989E-9	2.076453E-9	1.909286E-9	1.782817E-9	1.676606E-9	1.649437E-9	1.712727E-9	1.656580E-9
   0:07:15	0	2.602655E+1	3.740000E+2	5.652800E-8	5.506192E-8	2.129398E-9	1.770845E-9	1.633962E-9	1.540770E-9	1.599289E-9	1.645136E-9	1.612203E-9	1.245937E-9	1.801862E-9	1.815268E-9	1.709662E-9	1.652671E-9	1.537967E-9	1.590784E-9	1.569225E-9	7.996439E-10	2.222931E-9	1.915063E-9	1.898726E-9	1.714001E-9	1.643497E-9	1.632188E-9	1.684783E-9	1.507204E-9	2.205110E-9	2.161491E-9	1.986634E-9	1.856959E-9	1.747078E-9	1.717997E-9	1.781845E-9	1.731796E-9
   0:07:29	0	2.602480E+1	3.760000E+2	5.863700E-8	5.721181E-8	2.194795E-9	1.839131E-9	1.696478E-9	1.599563E-9	1.664165E-9	1.710886E-9	1.674927E-9	1.292672E-9	1.867594E-9	1.883961E-9	1.775481E-9	1.719294E-9	1.596496E-9	1.655278E-9	1.631429E-9	8.273640E-10	2.308327E-9	1.991535E-9	1.974126E-9	1.780703E-9	1.708364E-9	1.697952E-9	1.751381E-9	1.566119E-9	2.292881E-9	2.249858E-9	2.068845E-9	1.928505E-9	1.817044E-9	1.785290E-9	1.854539E-9	1.806821E-9
   0:07:42	0	2.602564E+1	3.780000E+2	6.097200E-8	5.956271E-8	2.269526E-9	1.912903E-9	1.765885E-9	1.665254E-9	1.731766E-9	1.779843E-9	1.747316E-9	1.348095E-9	1.942709E-9	1.960174E-9	1.846485E-9	1.788126E-9	1.662942E-9	1.723560E-9	1.698320E-9	8.598948E-10	2.400124E-9	2.071153E-9	2.056706E-9	1.854801E-9	1.779730E-9	1.766550E-9	1.824677E-9	1.632715E-9	2.388029E-9	2.343815E-9	2.152826E-9	2.010878E-9	1.895030E-9	1.861961E-9	1.933693E-9	1.887228E-9
   0:07:56	0	2.602776E+1	3.800000E+2	6.351300E-8	6.203401E-8	2.348229E-9	1.990647E-9	1.836745E-9	1.731769E-9	1.803738E-9	1.855021E-9	1.821221E-9	1.402503E-9	2.021246E-9	2.042010E-9	1.923179E-9	1.862894E-9	1.731986E-9	1.799540E-9	1.768949E-9	8.926774E-10	2.498951E-9	2.158578E-9	2.141871E-9	1.932286E-9	1.854124E-9	1.841322E-9	1.901447E-9	1.701135E-9	2.484627E-9	2.446249E-9	2.243371E-9	2.093819E-9	1.976363E-9	1.941547E-9	2.015733E-9	1.970231E-9
   0:08:10	0	2.602829E+1	3.820000E+2	6.605200E-8	6.456695E-8	2.434436E-9	2.067257E-9	1.908174E-9	1.799928E-9	1.876407E-9	1.931269E-9	1.896453E-9	1.458117E-9	2.099786E-9	2.122965E-9	2.000000E-9	1.938168E-9	1.802360E-9	1.873437E-9	1.844772E-9	9.271694E-10	2.600376E-9	2.248078E-9	2.228231E-9	2.011651E-9	1.931168E-9	1.918614E-9	1.981693E-9	1.769996E-9	2.588350E-9	2.546422E-9	2.339031E-9	2.183349E-9	2.058391E-9	2.020625E-9	2.101850E-9	2.058426E-9
   0:08:24	0	2.602731E+1	3.840000E+2	6.877300E-8	6.733051E-8	2.514968E-9	2.154650E-9	1.991361E-9	1.875808E-9	1.957502E-9	2.015437E-9	1.978191E-9	1.521148E-9	2.187768E-9	2.213587E-9	2.084345E-9	2.022725E-9	1.879639E-9	1.955602E-9	1.923445E-9	9.631801E-10	2.708580E-9	2.344564E-9	2.326182E-9	2.096598E-9	2.014902E-9	2.003904E-9	2.068636E-9	1.847544E-9	2.698630E-9	2.661417E-9	2.441258E-9	2.277181E-9	2.148440E-9	2.111998E-9	2.192357E-9	2.148966E-9
   0:08:37	0	2.602518E+1	3.860000E+2	7.161000E-8	7.019746E-8	2.607356E-9	2.244186E-9	2.072399E-9	1.955359E-9	2.042209E-9	2.100738E-9	2.066371E-9	1.584371E-9	2.278603E-9	2.303133E-9	2.173561E-9	2.104946E-9	1.957487E-9	2.041237E-9	2.004463E-9	1.003178E-9	2.824260E-9	2.441932E-9	2.423817E-9	2.186620E-9	2.100720E-9	2.089072E-9	2.156466E-9	1.926288E-9	2.816667E-9	2.775408E-9	2.548788E-9	2.377409E-9	2.242023E-9	2.206221E-9	2.290516E-9	2.251659E-9
   0:08:51	0	2.602571E+1	3.880000E+2	7.474300E-8	7.331314E-8	2.697788E-9	2.341539E-9	2.162541E-9	2.041998E-9	2.131732E-9	2.195278E-9	2.159796E-9	1.655457E-9	2.378945E-9	2.403297E-9	2.267832E-9	2.198470E-9	2.046104E-9	2.132869E-9	2.094221E-9	1.043366E-9	2.946781E-9	2.551510E-9	2.535121E-9	2.285294E-9	2.195243E-9	2.183875E-9	2.255352E-9	2.011136E-9	2.941450E-9	2.904661E-9	2.662507E-9	2.484537E-9	2.346089E-9	2.305512E-9	2.395261E-9	2.357581E-9
   0:09:05	0	2.602723E+1	3.900000E+2	7.786900E-8	7.651116E-8	2.798311E-9	2.443875E-9	2.258560E-9	2.128133E-9	2.225815E-9	2.291451E-9	2.257199E-9	1.725464E-9	2.477704E-9	2.508263E-9	2.365392E-9	2.294898E-9	2.132569E-9	2.228286E-9	2.186769E-9	1.085833E-9	3.072976E-9	2.663416E-9	2.644662E-9	2.384093E-9	2.293426E-9	2.278930E-9	2.357397E-9	2.099387E-9	3.069385E-9	3.034164E-9	2.781656E-9	2.597807E-9	2.452744E-9	2.408417E-9	2.503266E-9	2.460908E-9
   0:09:19	0	2.602852E+1	3.920000E+2	8.142100E-8	8.003615E-8	2.906907E-9	2.552831E-9	2.358750E-9	2.224644E-9	2.326552E-9	2.400700E-9	2.360350E-9	1.804540E-9	2.590218E-9	2.623656E-9	2.474648E-9	2.398779E-9	2.230497E-9	2.334052E-9	2.290147E-9	1.131210E-9	3.214567E-9	2.787093E-9	2.767178E-9	2.494427E-9	2.399371E-9	2.385513E-9	2.467593E-9	2.199594E-9	3.209995E-9	3.177234E-9	2.911160E-9	2.720955E-9	2.570007E-9	2.521839E-9	2.625384E-9	2.575758E-9
   0:09:32	0	2.602769E+1	3.940000E+2	8.500300E-8	8.367046E-8	3.023006E-9	2.667839E-9	2.462418E-9	2.324891E-9	2.434636E-9	2.506428E-9	2.470387E-9	1.888943E-9	2.704379E-9	2.738544E-9	2.582261E-9	2.512321E-9	2.332670E-9	2.440323E-9	2.393778E-9	1.183170E-9	3.356220E-9	2.910391E-9	2.890766E-9	2.607268E-9	2.512130E-9	2.495938E-9	2.579052E-9	2.300746E-9	3.358486E-9	3.325013E-9	3.045842E-9	2.846318E-9	2.694153E-9	2.637796E-9	2.743300E-9	2.701053E-9
   0:09:46	0	2.602571E+1	3.960000E+2	8.905900E-8	8.766206E-8	3.146043E-9	2.793630E-9	2.578727E-9	2.435009E-9	2.550830E-9	2.627808E-9	2.588634E-9	1.976960E-9	2.828745E-9	2.869674E-9	2.705365E-9	2.630662E-9	2.442507E-9	2.563065E-9	2.510647E-9	1.232155E-9	3.515294E-9	3.050055E-9	3.031235E-9	2.733902E-9	2.632209E-9	2.617765E-9	2.705614E-9	2.409199E-9	3.519336E-9	3.484852E-9	3.194730E-9	2.984155E-9	2.822404E-9	2.768390E-9	2.879530E-9	2.832934E-9
   0:10:00	0	2.602548E+1	3.980000E+2	9.333000E-8	9.187828E-8	3.276710E-9	2.925789E-9	2.702180E-9	2.546709E-9	2.672410E-9	2.754405E-9	2.715158E-9	2.070938E-9	2.961036E-9	3.006300E-9	2.833779E-9	2.759612E-9	2.561654E-9	2.684860E-9	2.630558E-9	1.288798E-9	3.682984E-9	3.193997E-9	3.179138E-9	2.866678E-9	2.758598E-9	2.746898E-9	2.835334E-9	2.529234E-9	3.691471E-9	3.656308E-9	3.350691E-9	3.132881E-9	2.965810E-9	2.904496E-9	3.021217E-9	2.971652E-9
   0:10:14	0	2.602814E+1	4.000000E+2	9.727000E-8	9.645235E-8	3.418729E-9	3.068037E-9	2.834039E-9	2.674611E-9	2.806534E-9	2.891122E-9	2.852166E-9	2.174493E-9	3.107652E-9	3.157272E-9	2.973890E-9	2.892856E-9	2.686883E-9	2.820665E-9	2.762378E-9	1.348414E-9	3.863092E-9	3.354871E-9	3.338314E-9	3.009235E-9	2.901204E-9	2.884347E-9	2.982683E-9	2.654997E-9	3.871427E-9	3.842588E-9	3.518333E-9	3.293953E-9	3.118372E-9	3.052452E-9	3.178584E-9	3.118158E-9
   0:10:27	0	2.602867E+1	4.020000E+2	1.020100E-7	1.012083E-7	3.567558E-9	3.216590E-9	2.970514E-9	2.804854E-9	2.945664E-9	3.034315E-9	2.993660E-9	2.282549E-9	3.257247E-9	3.306728E-9	3.115582E-9	3.034183E-9	2.814520E-9	2.964168E-9	2.900467E-9	1.412526E-9	4.051308E-9	3.519457E-9	3.505995E-9	3.159754E-9	3.042295E-9	3.026143E-9	3.130348E-9	2.787431E-9	4.061281E-9	4.038224E-9	3.696393E-9	3.464081E-9	3.280091E-9	3.205413E-9	3.337269E-9	3.281695E-9
   0:10:41	0	2.602807E+1	4.040000E+2	1.077100E-7	1.065140E-7	3.736505E-9	3.379140E-9	3.122601E-9	2.948198E-9	3.100442E-9	3.196804E-9	3.153344E-9	2.400497E-9	3.422245E-9	3.475963E-9	3.275167E-9	3.194266E-9	2.966352E-9	3.120293E-9	3.051036E-9	1.482015E-9	4.261129E-9	3.702927E-9	3.688921E-9	3.321430E-9	3.203388E-9	3.190615E-9	3.301138E-9	2.936233E-9	4.274908E-9	4.251637E-9	3.894785E-9	3.653328E-9	3.460438E-9	3.375673E-9	3.514896E-9	3.457641E-9
   0:10:55	0	2.602495E+1	4.060000E+2	1.128600E-7	1.121584E-7	3.900469E-9	3.553987E-9	3.288975E-9	3.099959E-9	3.264913E-9	3.367653E-9	3.322379E-9	2.527703E-9	3.598907E-9	3.659481E-9	3.449042E-9	3.360916E-9	3.120465E-9	3.287841E-9	3.213515E-9	1.555873E-9	4.482035E-9	3.897913E-9	3.884065E-9	3.500910E-9	3.375714E-9	3.359497E-9	3.476163E-9	3.092775E-9	4.505999E-9	4.488034E-9	4.100122E-9	3.854986E-9	3.655813E-9	3.560000E-9	3.707889E-9	3.644414E-9
   0:11:09	0	2.602556E+1	4.080000E+2	1.192100E-7	1.180875E-7	4.086696E-9	3.735832E-9	3.459709E-9	3.264440E-9	3.436037E-9	3.545543E-9	3.498172E-9	2.662836E-9	3.786282E-9	3.849508E-9	3.626331E-9	3.543291E-9	3.285410E-9	3.465800E-9	3.386888E-9	1.633590E-9	4.717194E-9	4.104921E-9	4.089163E-9	3.684905E-9	3.556557E-9	3.539402E-9	3.661297E-9	3.258130E-9	4.741190E-9	4.726944E-9	4.320679E-9	4.065761E-9	3.857503E-9	3.752184E-9	3.905711E-9	3.839608E-9
   0:11:22	0	2.602700E+1	4.100000E+2	1.260400E-7	1.246854E-7	4.283455E-9	3.944096E-9	3.648966E-9	3.442211E-9	3.628258E-9	3.739211E-9	3.695883E-9	2.811666E-9	3.992101E-9	4.062031E-9	3.828721E-9	3.739052E-9	3.468472E-9	3.659916E-9	3.576667E-9	1.719916E-9	4.975920E-9	4.330688E-9	4.317757E-9	3.893537E-9	3.754439E-9	3.741607E-9	3.869746E-9	3.439409E-9	5.007086E-9	4.999706E-9	4.564975E-9	4.305599E-9	4.088494E-9	3.965215E-9	4.129877E-9	4.060696E-9
   0:11:36	0	2.602822E+1	4.112656E+2	1.303100E-7	1.290560E-7	4.417654E-9	4.080101E-9	3.774884E-9	3.564164E-9	3.752626E-9	3.872975E-9	3.826196E-9	2.907166E-9	4.129209E-9	4.201124E-9	3.958968E-9	3.866992E-9	3.587937E-9	3.792502E-9	3.701771E-9	1.777698E-9	5.148996E-9	4.480169E-9	4.471077E-9	4.029950E-9	3.888589E-9	3.872126E-9	4.005911E-9	3.561648E-9	5.185275E-9	5.173046E-9	4.728829E-9	4.465152E-9	4.243395E-9	4.102019E-9	4.278213E-9	4.209673E-9
   0:11:50	0	2.602731E+1	4.125312E+2	1.348200E-7	1.333904E-7	4.555005E-9	4.211191E-9	3.897894E-9	3.678079E-9	3.879718E-9	4.006046E-9	3.958467E-9	3.003997E-9	4.269045E-9	4.340532E-9	4.089280E-9	3.996447E-9	3.708035E-9	3.920987E-9	3.827066E-9	1.834973E-9	5.316941E-9	4.630217E-9	4.619671E-9	4.162352E-9	4.016933E-9	4.000819E-9	4.144035E-9	3.681242E-9	5.355269E-9	5.349718E-9	4.892555E-9	4.622996E-9	4.397851E-9	4.244716E-9	4.423538E-9	4.354786E-9
   0:12:04	0	2.602594E+1	4.137968E+2	1.400500E-7	1.384854E-7	4.718719E-9	4.368571E-9	4.044482E-9	3.818955E-9	4.026449E-9	4.162188E-9	4.109183E-9	3.118141E-9	4.422950E-9	4.503385E-9	4.240268E-9	4.150531E-9	3.847960E-9	4.070990E-9	3.971490E-9	1.901109E-9	5.515673E-9	4.807707E-9	4.797241E-9	4.322650E-9	4.175188E-9	4.152126E-9	4.299917E-9	3.822993E-9	5.559310E-9	5.561935E-9	5.078634E-9	4.805405E-9	4.584324E-9	4.407689E-9	4.599284E-9	4.519906E-9
   0:12:17	0	2.602564E+1	4.150624E+2	1.450200E-7	1.435372E-7	4.862566E-9	4.528095E-9	4.191452E-9	3.956413E-9	4.173498E-9	4.311038E-9	4.260532E-9	3.230191E-9	4.584907E-9	4.661372E-9	4.393278E-9	4.303164E-9	3.987694E-9	4.222763E-9	4.119273E-9	1.968764E-9	5.714089E-9	4.981421E-9	4.972229E-9	4.479939E-9	4.327891E-9	4.310428E-9	4.461672E-9	3.961723E-9	5.759946E-9	5.766616E-9	5.262694E-9	4.988323E-9	4.766817E-9	4.570029E-9	4.767250E-9	4.691104E-9
   0:12:31	0	2.592713E+1	4.163280E+2	1.500100E-7	1.486613E-7	5.027035E-9	4.680810E-9	4.334247E-9	4.094568E-9	4.325427E-9	4.466299E-9	4.415796E-9	3.349788E-9	4.744960E-9	4.825868E-9	4.545971E-9	4.453964E-9	4.126352E-9	4.374217E-9	4.263952E-9	2.034393E-9	5.910604E-9	5.157651E-9	5.148225E-9	4.638543E-9	4.481097E-9	4.465262E-9	4.623174E-9	4.103096E-9	5.965880E-9	5.971987E-9	5.455025E-9	5.178710E-9	4.954805E-9	4.739465E-9	4.943936E-9	4.860149E-9
   0:12:45	0	2.601104E+1	4.175936E+2	1.554900E-7	1.546480E-7	5.200459E-9	4.861961E-9	4.508838E-9	4.255253E-9	4.496741E-9	4.646892E-9	4.591652E-9	3.485935E-9	4.924032E-9	5.019685E-9	4.725726E-9	4.630465E-9	4.294403E-9	4.553377E-9	4.436755E-9	2.114771E-9	6.152162E-9	5.362332E-9	5.356599E-9	4.828995E-9	4.665601E-9	4.647561E-9	4.808688E-9	4.271096E-9	6.206303E-9	6.213974E-9	5.674442E-9	5.396641E-9	5.178218E-9	4.930635E-9	5.147278E-9	5.060534E-9
   0:12:59	0	2.602754E+1	4.188592E+2	1.619600E-7	1.610245E-7	5.397029E-9	5.060010E-9	4.692025E-9	4.426633E-9	4.680409E-9	4.835153E-9	4.783426E-9	3.626205E-9	5.134795E-9	5.225195E-9	4.915976E-9	4.820228E-9	4.467329E-9	4.740676E-9	4.620010E-9	2.194514E-9	6.398220E-9	5.583502E-9	5.575932E-9	5.029101E-9	4.857235E-9	4.838994E-9	5.011198E-9	4.448978E-9	6.464761E-9	6.475684E-9	5.902953E-9	5.628373E-9	5.419565E-9	5.137520E-9	5.362287E-9	5.270544E-9
   0:13:12	0	2.602335E+1	4.201247E+2	1.683300E-7	1.670728E-7	5.576128E-9	5.245009E-9	4.859980E-9	4.591431E-9	4.858059E-9	5.020523E-9	4.967051E-9	3.760577E-9	5.314944E-9	5.420783E-9	5.097312E-9	4.996665E-9	4.638038E-9	4.921097E-9	4.796993E-9	2.275333E-9	6.636040E-9	5.791454E-9	5.786132E-9	5.217923E-9	5.041928E-9	5.024946E-9	5.199428E-9	4.619494E-9	6.700581E-9	6.724203E-9	6.137399E-9	5.844972E-9	5.639821E-9	5.333760E-9	5.566382E-9	5.468460E-9
   0:13:26	0	2.602541E+1	4.213903E+2	1.749200E-7	1.738764E-7	5.784742E-9	5.458570E-9	5.059665E-9	4.777113E-9	5.053004E-9	5.221672E-9	5.167984E-9	3.919553E-9	5.530907E-9	5.637794E-9	5.302485E-9	5.199374E-9	4.824900E-9	5.123416E-9	4.991397E-9	2.363494E-9	6.900024E-9	6.021120E-9	6.019197E-9	5.422919E-9	5.246309E-9	5.229923E-9	5.414197E-9	4.808201E-9	6.971396E-9	6.994326E-9	6.386749E-9	6.097218E-9	5.903394E-9	5.550530E-9	5.796757E-9	5.698095E-9
   0:13:40	0	2.602685E+1	4.226559E+2	1.823900E-7	1.814953E-7	6.015364E-9	5.685246E-9	5.277241E-9	4.980959E-9	5.274370E-9	5.456826E-9	5.395132E-9	4.085948E-9	5.761765E-9	5.878060E-9	5.528585E-9	5.428984E-9	5.032728E-9	5.353187E-9	5.208224E-9	2.463172E-9	7.195177E-9	6.285091E-9	6.284327E-9	5.667346E-9	5.472900E-9	5.461167E-9	5.656388E-9	5.020512E-9	7.289502E-9	7.302885E-9	6.667667E-9	6.370297E-9	6.187113E-9	5.795813E-9	6.057174E-9	5.956158E-9
   0:13:54	0	2.602776E+1	4.239215E+2	1.894900E-7	1.887037E-7	6.232555E-9	5.909084E-9	5.481289E-9	5.178728E-9	5.482621E-9	5.670860E-9	5.611099E-9	4.248858E-9	5.985841E-9	6.103287E-9	5.741344E-9	5.642870E-9	5.237136E-9	5.565224E-9	5.414600E-9	2.558357E-9	7.477850E-9	6.530115E-9	6.530935E-9	5.888578E-9	5.695075E-9	5.682586E-9	5.883224E-9	5.223131E-9	7.568072E-9	7.597880E-9	6.936209E-9	6.638752E-9	6.454414E-9	6.033303E-9	6.301476E-9	6.198330E-9
   0:14:07	0	2.602822E+1	4.251871E+2	1.982700E-7	1.968473E-7	6.479198E-9	6.154423E-9	5.713908E-9	5.391244E-9	5.717417E-9	5.919907E-9	5.853849E-9	4.433643E-9	6.239836E-9	6.368579E-9	5.990396E-9	5.887005E-9	5.460357E-9	5.807174E-9	5.653281E-9	2.665567E-9	7.798217E-9	6.814162E-9	6.813951E-9	6.140089E-9	5.937883E-9	5.925042E-9	6.140832E-9	5.447780E-9	7.892419E-9	7.930934E-9	7.240238E-9	6.938420E-9	6.760234E-9	6.292210E-9	6.579456E-9	6.459687E-9
   0:14:21	0	2.602617E+1	4.264527E+2	2.075100E-7	2.060166E-7	6.759199E-9	6.438291E-9	5.978449E-9	5.642112E-9	5.982624E-9	6.192461E-9	6.126287E-9	4.642272E-9	6.528823E-9	6.657316E-9	6.260881E-9	6.152987E-9	5.716517E-9	6.081750E-9	5.914512E-9	2.781384E-9	8.152033E-9	7.124327E-9	7.132621E-9	6.431849E-9	6.219560E-9	6.206427E-9	6.432816E-9	5.708118E-9	8.260525E-9	8.299033E-9	7.574953E-9	7.270000E-9	7.093079E-9	6.588186E-9	6.889173E-9	6.778024E-9
   0:14:35	0	2.602556E+1	4.277183E+2	2.161200E-7	2.148209E-7	7.021984E-9	6.705193E-9	6.227125E-9	5.879499E-9	6.237124E-9	6.462944E-9	6.391399E-9	4.844876E-9	6.799045E-9	6.938153E-9	6.524667E-9	6.417394E-9	5.955826E-9	6.343201E-9	6.173653E-9	2.899479E-9	8.498947E-9	7.431977E-9	7.435102E-9	6.707309E-9	6.482878E-9	6.475595E-9	6.709063E-9	5.952027E-9	8.611800E-9	8.649738E-9	7.901776E-9	7.588220E-9	7.416074E-9	6.877507E-9	7.186032E-9	7.075278E-9
   0:14:49	0	2.602571E+1	4.289839E+2	2.264900E-7	2.252840E-7	7.333138E-9	7.017748E-9	6.524602E-9	6.159352E-9	6.540284E-9	6.779500E-9	6.707801E-9	5.077031E-9	7.129105E-9	7.273843E-9	6.832520E-9	6.728529E-9	6.248661E-9	6.657407E-9	6.466052E-9	3.039283E-9	8.901987E-9	7.787333E-9	7.796479E-9	7.033295E-9	6.798881E-9	6.797736E-9	7.042052E-9	6.238488E-9	9.030097E-9	9.080830E-9	8.291298E-9	7.978239E-9	7.801332E-9	7.214922E-9	7.545048E-9	7.431096E-9
   0:15:02	0	2.602814E+1	4.302495E+2	2.370700E-7	2.359734E-7	7.656590E-9	7.343543E-9	6.833202E-9	6.445155E-9	6.846988E-9	7.095428E-9	7.030204E-9	5.322820E-9	7.457898E-9	7.617939E-9	7.151374E-9	7.051095E-9	6.537887E-9	6.971677E-9	6.783976E-9	3.177187E-9	9.321879E-9	8.150243E-9	8.168312E-9	7.361476E-9	7.120501E-9	7.118996E-9	7.384518E-9	6.545659E-9	9.458861E-9	9.512612E-9	8.691621E-9	8.369018E-9	8.183243E-9	7.566151E-9	7.908518E-9	7.788876E-9
   0:15:16	0	2.602792E+1	4.315151E+2	2.476000E-7	2.468678E-7	7.982438E-9	7.675580E-9	7.136745E-9	6.740259E-9	7.165034E-9	7.431092E-9	7.353616E-9	5.571145E-9	7.800129E-9	7.959000E-9	7.475160E-9	7.375111E-9	6.838766E-9	7.299135E-9	7.092399E-9	3.322940E-9	9.752856E-9	8.528638E-9	8.546637E-9	7.699562E-9	7.447863E-9	7.451972E-9	7.723509E-9	6.852638E-9	9.892733E-9	9.946845E-9	9.090994E-9	8.763092E-9	8.585995E-9	7.920991E-9	8.280830E-9	8.164068E-9
   0:15:30	0	2.602731E+1	4.327807E+2	2.608000E-7	2.599051E-7	8.375136E-9	8.069094E-9	7.517470E-9	7.092385E-9	7.544661E-9	7.832256E-9	7.742724E-9	5.865317E-9	8.201754E-9	8.374762E-9	7.855661E-9	7.768087E-9	7.207295E-9	7.689953E-9	7.464609E-9	3.489830E-9	1.025498E-8	8.966509E-9	8.992422E-9	8.107986E-9	7.845517E-9	7.844098E-9	8.132258E-9	7.220925E-9	1.042106E-8	1.047680E-8	9.570051E-9	9.251313E-9	9.055111E-9	8.341603E-9	8.727846E-9	8.605678E-9
   0:15:44	0	2.602442E+1	4.340463E+2	2.747900E-7	2.733591E-7	8.773444E-9	8.475663E-9	7.895855E-9	7.449762E-9	7.928851E-9	8.237758E-9	8.151222E-9	6.175977E-9	8.620497E-9	8.795070E-9	8.261958E-9	8.158348E-9	7.571770E-9	8.089920E-9	7.861841E-9	3.667732E-9	1.078301E-8	9.426220E-9	9.458300E-9	8.528197E-9	8.252133E-9	8.259342E-9	8.569443E-9	7.596578E-9	1.095967E-8	1.102062E-8	1.007304E-8	9.738519E-9	9.538940E-9	8.786804E-9	9.196185E-9	9.056401E-9
   0:15:57	0	2.602556E+1	4.353119E+2	2.890600E-7	2.879011E-7	9.216843E-9	8.917917E-9	8.314886E-9	7.848214E-9	8.348139E-9	8.681857E-9	8.590170E-9	6.505600E-9	9.067190E-9	9.259298E-9	8.687417E-9	8.596605E-9	7.973111E-9	8.535581E-9	8.284663E-9	3.854179E-9	1.134893E-8	9.929485E-9	9.963673E-9	8.980504E-9	8.692003E-9	8.705392E-9	9.030319E-9	7.996275E-9	1.153257E-8	1.161086E-8	1.060457E-8	1.026498E-8	1.006280E-8	9.265902E-9	9.687355E-9	9.543784E-9
   0:16:11	0	2.602776E+1	4.365775E+2	3.052300E-7	3.037622E-7	9.684331E-9	9.388734E-9	8.762113E-9	8.265208E-9	8.807598E-9	9.152417E-9	9.070553E-9	6.871618E-9	9.548810E-9	9.763781E-9	9.160924E-9	9.064349E-9	8.412208E-9	9.009509E-9	8.746888E-9	4.066764E-9	1.196191E-8	1.047108E-8	1.051793E-8	9.468982E-9	9.168849E-9	9.192573E-9	9.538142E-9	8.454450E-9	1.216531E-8	1.224456E-8	1.119994E-8	1.084343E-8	1.063447E-8	9.776998E-9	1.024081E-8	1.010695E-8
   0:16:25	0	2.602905E+1	4.378431E+2	3.214200E-7	3.200598E-7	1.016941E-8	9.892591E-9	9.222294E-9	8.703849E-9	9.278521E-9	9.650823E-9	9.558010E-9	7.242901E-9	1.005610E-8	1.026965E-8	9.637341E-9	9.540808E-9	8.866947E-9	9.491451E-9	9.218485E-9	4.277135E-9	1.258890E-8	1.103213E-8	1.107344E-8	9.980468E-9	9.671313E-9	9.691974E-9	1.005810E-8	8.917406E-9	1.283091E-8	1.291048E-8	1.180168E-8	1.144315E-8	1.121347E-8	1.030609E-8	1.079633E-8	1.066765E-8
   0:16:39	0	2.602761E+1	4.391086E+2	3.412800E-7	3.400687E-7	1.075900E-8	1.048800E-8	9.787155E-9	9.234631E-9	9.854425E-9	1.025508E-8	1.016353E-8	7.706829E-9	1.068257E-8	1.090786E-8	1.022643E-8	1.014767E-8	9.413850E-9	1.009323E-8	9.794980E-9	4.545539E-9	1.337110E-8	1.171055E-8	1.177169E-8	1.061452E-8	1.027265E-8	1.031068E-8	1.070120E-8	9.482961E-9	1.362229E-8	1.371282E-8	1.253349E-8	1.217158E-8	1.192974E-8	1.095982E-8	1.148708E-8	1.135574E-8
   0:16:52	0	2.602556E+1	4.403742E+2	3.615200E-7	3.610192E-7	1.137418E-8	1.111109E-8	1.038413E-8	9.804082E-9	1.045339E-8	1.089650E-8	1.079387E-8	8.181919E-9	1.132082E-8	1.156850E-8	1.083088E-8	1.076824E-8	9.993944E-9	1.071786E-8	1.040536E-8	4.817742E-9	1.418459E-8	1.243417E-8	1.249716E-8	1.125865E-8	1.090182E-8	1.095509E-8	1.136977E-8	1.008962E-8	1.445599E-8	1.456772E-8	1.331557E-8	1.293630E-8	1.268674E-8	1.165398E-8	1.221533E-8	1.207415E-8
   0:17:06	0	2.602594E+1	4.416398E+2	3.830200E-7	3.825831E-7	1.201528E-8	1.175316E-8	1.098553E-8	1.038606E-8	1.108429E-8	1.154645E-8	1.144707E-8	8.687577E-9	1.199298E-8	1.224260E-8	1.147637E-8	1.139764E-8	1.059602E-8	1.138124E-8	1.104413E-8	5.094816E-9	1.502786E-8	1.315137E-8	1.323856E-8	1.192661E-8	1.155446E-8	1.161777E-8	1.207644E-8	1.069049E-8	1.531812E-8	1.543455E-8	1.411167E-8	1.371539E-8	1.345625E-8	1.235720E-8	1.296253E-8	1.281257E-8
   0:17:20	0	2.592454E+1	4.429054E+2	4.099300E-7	4.095089E-7	1.280503E-8	1.255684E-8	1.175753E-8	1.109899E-8	1.184709E-8	1.236689E-8	1.225971E-8	9.321135E-9	1.280860E-8	1.308922E-8	1.225229E-8	1.218656E-8	1.132174E-8	1.218325E-8	1.182820E-8	5.450243E-9	1.607481E-8	1.408086E-8	1.417473E-8	1.276992E-8	1.235955E-8	1.244946E-8	1.293804E-8	1.146993E-8	1.639918E-8	1.651329E-8	1.511866E-8	1.470811E-8	1.443086E-8	1.324468E-8	1.389319E-8	1.375036E-8
   0:17:34	0	2.602776E+1	4.441710E+2	4.404200E-7	4.398672E-7	1.369769E-8	1.345289E-8	1.260419E-8	1.191038E-8	1.272077E-8	1.329166E-8	1.316123E-8	1.002863E-8	1.374116E-8	1.403809E-8	1.313046E-8	1.308915E-8	1.216762E-8	1.309874E-8	1.271129E-8	5.852628E-9	1.725738E-8	1.511471E-8	1.521055E-8	1.371741E-8	1.327734E-8	1.337658E-8	1.391584E-8	1.233743E-8	1.761536E-8	1.774407E-8	1.622724E-8	1.578990E-8	1.553081E-8	1.424825E-8	1.495544E-8	1.485232E-8
   0:17:47	0	2.602807E+1	4.454366E+2	4.713100E-7	4.702893E-7	1.458102E-8	1.435543E-8	1.345762E-8	1.271862E-8	1.359755E-8	1.421519E-8	1.409155E-8	1.073265E-8	1.467879E-8	1.499479E-8	1.400862E-8	1.398132E-8	1.300629E-8	1.402148E-8	1.359393E-8	6.258684E-9	1.843844E-8	1.616077E-8	1.627263E-8	1.466096E-8	1.418964E-8	1.432329E-8	1.490691E-8	1.320336E-8	1.882838E-8	1.896588E-8	1.737226E-8	1.691716E-8	1.661258E-8	1.525770E-8	1.600652E-8	1.587932E-8
   0:18:01	0	2.602586E+1	4.467022E+2	5.075600E-7	5.065120E-7	1.563058E-8	1.543616E-8	1.446446E-8	1.367772E-8	1.463614E-8	1.531106E-8	1.519798E-8	1.158713E-8	1.578903E-8	1.611151E-8	1.506344E-8	1.505189E-8	1.399634E-8	1.510647E-8	1.465760E-8	6.738726E-9	1.982849E-8	1.738752E-8	1.752596E-8	1.577972E-8	1.528840E-8	1.544234E-8	1.608583E-8	1.425818E-8	2.028271E-8	2.043106E-8	1.869729E-8	1.821227E-8	1.793417E-8	1.645238E-8	1.727167E-8	1.717774E-8
   0:18:15	0	2.600458E+1	4.479678E+2	5.515600E-7	5.505039E-7	1.691147E-8	1.671463E-8	1.570796E-8	1.484934E-8	1.588679E-8	1.664669E-8	1.654192E-8	1.262920E-8	1.712829E-8	1.748960E-8	1.632198E-8	1.635131E-8	1.520549E-8	1.641871E-8	1.595794E-8	7.309837E-9	2.152909E-8	1.885654E-8	1.904126E-8	1.716322E-8	1.660227E-8	1.680814E-8	1.751958E-8	1.552538E-8	2.202974E-8	2.219487E-8	2.033090E-8	1.982420E-8	1.950773E-8	1.790875E-8	1.883406E-8	1.875702E-8
   0:18:40	1	2.592531E+1	0.000000E+0	-2.517100E-9	3.639336E-9	1.356495E-10	1.128647E-10	1.146666E-10	1.117008E-10	1.134705E-10	1.135854E-10	1.140154E-10	1.117339E-10	1.097243E-10	1.049666E-10	1.048308E-10	1.033115E-10	1.306761E-10	1.060183E-10	1.152867E-10	1.126528E-10	1.107380E-10	1.106475E-10	1.094147E-10	1.092681E-10	1.099828E-10	1.148349E-10	1.163878E-10	1.149994E-10	1.175320E-10	1.159380E-10	1.189597E-10	1.152962E-10	1.141686E-10	1.143091E-10	1.162223E-10	1.154826E-10
   0:18:54	1	2.602609E+1	0.000000E+0	2.932000E-9	3.718377E-9	1.398746E-10	1.203679E-10	1.189017E-10	1.187882E-10	1.185384E-10	1.201854E-10	1.206487E-10	1.199767E-10	1.176477E-10	1.158986E-10	1.145048E-10	1.157519E-10	1.211114E-10	1.111299E-10	1.155397E-10	1.129696E-10	1.087738E-10	1.090111E-10	1.100441E-10	1.103340E-10	1.121285E-10	1.145823E-10	1.153135E-10	1.123562E-10	1.173429E-10	1.149327E-10	1.187065E-10	1.143467E-10	1.133482E-10	1.150063E-10	1.159718E-10	1.143431E-10
   0:19:08	1	2.602655E+1	1.000000E+1	4.796500E-9	4.517227E-9	2.741990E-10	1.415539E-10	1.422895E-10	1.387868E-10	1.393189E-10	1.397977E-10	1.402932E-10	1.397620E-10	1.462361E-10	1.415557E-10	1.385311E-10	1.397485E-10	1.439157E-10	1.319552E-10	1.362535E-10	1.367022E-10	1.377887E-10	1.333056E-10	1.319022E-10	1.302063E-10	1.327624E-10	1.353699E-10	1.362917E-10	1.356450E-10	1.375824E-10	1.339631E-10	1.360707E-10	1.330878E-10	1.331132E-10	1.328118E-10	1.334708E-10	1.329567E-10
   0:19:22	1	2.602624E+1	2.000000E+1	5.403500E-9	4.790292E-9	3.652625E-10	1.499401E-10	1.485473E-10	1.435334E-10	1.435007E-10	1.438205E-10	1.466732E-10	1.457224E-10	1.557435E-10	1.492025E-10	1.437154E-10	1.439794E-10	1.472086E-10	1.342276E-10	1.399275E-10	1.432204E-10	1.517891E-10	1.418655E-10	1.408469E-10	1.349706E-10	1.390718E-10	1.378898E-10	1.402727E-10	1.384780E-10	1.449603E-10	1.431322E-10	1.404277E-10	1.397356E-10	1.393645E-10	1.375643E-10	1.373591E-10	1.383390E-10
   0:19:36	1	2.591953E+1	3.000000E+1	5.865500E-9	5.056750E-9	4.232178E-10	1.595237E-10	1.551215E-10	1.472669E-10	1.488856E-10	1.480945E-10	1.461048E-10	1.527619E-10	1.662666E-10	1.611461E-10	1.499119E-10	1.504204E-10	1.524034E-10	1.399699E-10	1.441084E-10	1.523342E-10	1.652834E-10	1.497965E-10	1.484054E-10	1.409263E-10	1.428581E-10	1.443775E-10	1.458326E-10	1.420652E-10	1.553642E-10	1.514219E-10	1.594336E-10	1.446113E-10	1.436591E-10	1.412394E-10	1.431297E-10	1.408078E-10
   0:19:50	1	2.596893E+1	4.000000E+1	6.255500E-9	5.315268E-9	4.622545E-10	1.690457E-10	1.645406E-10	1.539128E-10	1.545245E-10	1.540663E-10	1.520421E-10	1.597374E-10	1.780566E-10	1.705627E-10	1.562341E-10	1.590726E-10	1.610812E-10	1.474795E-10	1.478454E-10	1.575235E-10	1.766226E-10	1.594891E-10	1.593657E-10	1.487624E-10	1.477800E-10	1.510551E-10	1.536041E-10	1.471011E-10	1.665247E-10	1.604037E-10	1.569705E-10	1.490432E-10	1.502892E-10	1.458648E-10	1.468299E-10	1.475823E-10
   0:20:04	1	2.593032E+1	5.000000E+1	6.726900E-9	5.603866E-9	4.819297E-10	1.810252E-10	1.733271E-10	1.597344E-10	1.602265E-10	1.597235E-10	1.568425E-10	1.653174E-10	1.918750E-10	1.820644E-10	1.654649E-10	1.664606E-10	1.677960E-10	1.521489E-10	1.552563E-10	1.670170E-10	1.961985E-10	1.683003E-10	1.708939E-10	1.587303E-10	1.555409E-10	1.582995E-10	1.591651E-10	1.533951E-10	1.786934E-10	1.708915E-10	1.690307E-10	1.575901E-10	1.601403E-10	1.525809E-10	1.545452E-10	1.536602E-10
   0:20:18	1	2.592721E+1	6.000000E+1	7.016200E-9	5.818716E-9	4.973807E-10	1.870782E-10	1.818602E-10	1.649876E-10	1.659925E-10	1.655693E-10	1.622124E-10	1.729906E-10	2.006859E-10	1.904684E-10	1.734321E-10	1.725856E-10	1.739398E-10	1.582080E-10	1.597542E-10	1.719536E-10	2.081717E-10	1.741536E-10	1.787040E-10	1.632441E-10	1.607148E-10	1.629604E-10	1.678213E-10	1.573609E-10	1.851247E-10	1.765439E-10	1.776181E-10	1.653145E-10	1.664545E-10	1.584107E-10	1.598138E-10	1.572055E-10
   0:20:32	1	2.602662E+1	7.000000E+1	7.309600E-9	5.969466E-9	5.010384E-10	1.927529E-10	1.873596E-10	1.690378E-10	1.691601E-10	1.716036E-10	1.665701E-10	1.757175E-10	2.059465E-10	1.959035E-10	1.765932E-10	1.764387E-10	1.794506E-10	1.620574E-10	1.656452E-10	1.768902E-10	2.119731E-10	1.797556E-10	1.843104E-10	1.688238E-10	1.669615E-10	1.666140E-10	1.704117E-10	1.640960E-10	1.926918E-10	1.823222E-10	1.781235E-10	1.691766E-10	1.699276E-10	1.629101E-10	1.636398E-10	1.655632E-10
   0:20:46	1	2.602640E+1	8.000000E+1	7.525700E-9	6.113369E-9	5.074079E-10	1.981131E-10	1.902046E-10	1.747335E-10	1.751791E-10	1.762557E-10	1.704232E-10	1.800292E-10	2.106377E-10	2.002003E-10	1.826629E-10	1.809846E-10	1.841375E-10	1.652753E-10	1.679252E-10	1.787255E-10	2.191318E-10	1.849799E-10	1.891612E-10	1.728359E-10	1.700535E-10	1.712122E-10	1.741393E-10	1.659840E-10	1.992495E-10	1.864676E-10	1.826699E-10	1.758885E-10	1.742849E-10	1.671554E-10	1.685945E-10	1.686657E-10
   0:21:00	1	2.602731E+1	9.000000E+1	7.733700E-9	6.273686E-9	5.108127E-10	2.025267E-10	1.955144E-10	1.792274E-10	1.779026E-10	1.808442E-10	1.742135E-10	1.844679E-10	2.185611E-10	2.058250E-10	1.868361E-10	1.845216E-10	1.876854E-10	1.700084E-10	1.730561E-10	1.830926E-10	2.266075E-10	1.890080E-10	1.932551E-10	1.773497E-10	1.748499E-10	1.756852E-10	1.793841E-10	1.703910E-10	2.043569E-10	1.926226E-10	1.963709E-10	1.791179E-10	1.787678E-10	1.703233E-10	1.744275E-10	1.760729E-10
   0:21:14	1	2.602761E+1	1.000000E+2	7.979600E-9	6.437834E-9	5.212183E-10	2.092098E-10	2.010139E-10	1.830239E-10	1.825914E-10	1.864389E-10	1.789512E-10	1.880187E-10	2.233153E-10	2.125869E-10	1.920205E-10	1.902678E-10	1.927522E-10	1.739843E-10	1.776170E-10	1.870161E-10	2.341463E-10	1.954276E-10	1.998063E-10	1.840566E-10	1.794560E-10	1.787719E-10	1.829222E-10	1.745445E-10	2.126794E-10	1.984000E-10	1.927086E-10	1.864624E-10	1.841988E-10	1.771034E-10	1.769989E-10	1.801249E-10
   0:21:28	1	2.602685E+1	1.200000E+2	8.518700E-9	6.985291E-9	5.356598E-10	2.272433E-10	2.196606E-10	2.006176E-10	1.982401E-10	2.038502E-10	1.951216E-10	2.017795E-10	2.428385E-10	2.303447E-10	2.104202E-10	2.075711E-10	2.102357E-10	1.905806E-10	1.930099E-10	1.985977E-10	2.542283E-10	2.143091E-10	2.175067E-10	2.009837E-10	1.939686E-10	1.969133E-10	2.006775E-10	1.904702E-10	2.338028E-10	2.166133E-10	2.124093E-10	2.041270E-10	2.017537E-10	1.927542E-10	1.938088E-10	1.951932E-10
   0:21:42	1	2.603088E+1	1.400000E+2	6.444100E-9	7.788713E-9	5.659934E-10	2.532838E-10	2.448197E-10	2.234645E-10	2.235194E-10	2.273594E-10	2.177986E-10	2.243547E-10	2.704122E-10	2.569495E-10	2.354576E-10	2.301152E-10	2.334820E-10	2.141824E-10	2.176506E-10	2.175207E-10	2.837502E-10	2.403663E-10	2.440882E-10	2.257460E-10	2.197136E-10	2.192751E-10	2.234242E-10	2.138217E-10	2.634379E-10	2.466342E-10	2.413912E-10	2.308453E-10	2.260016E-10	2.167056E-10	2.175170E-10	2.196319E-10
   0:21:56	1	2.589277E+1	1.600000E+2	1.047000E-8	8.963306E-9	6.088770E-10	2.907375E-10	2.811661E-10	2.580815E-10	2.594416E-10	2.628121E-10	2.539935E-10	2.568226E-10	3.087622E-10	2.954989E-10	2.735836E-10	2.650359E-10	2.706649E-10	2.476290E-10	2.527432E-10	2.459371E-10	3.271455E-10	2.800816E-10	2.820090E-10	2.634222E-10	2.547974E-10	2.538584E-10	2.583033E-10	2.487564E-10	3.071340E-10	2.870804E-10	2.763717E-10	2.676319E-10	2.624372E-10	2.516833E-10	2.551498E-10	2.556576E-10
   0:22:10	1	2.592310E+1	1.800000E+2	1.214300E-8	1.055858E-8	6.658855E-10	3.445853E-10	3.309134E-10	3.073820E-10	3.080359E-10	3.117159E-10	2.990314E-10	2.991190E-10	3.642267E-10	3.480131E-10	3.252404E-10	3.154295E-10	3.157645E-10	2.938861E-10	2.999347E-10	2.827071E-10	3.835281E-10	3.340202E-10	3.351730E-10	3.128220E-10	3.027531E-10	3.021728E-10	3.071453E-10	2.946425E-10	3.658995E-10	3.437303E-10	3.289059E-10	3.193593E-10	3.097347E-10	3.009805E-10	3.023791E-10	3.034585E-10
   0:22:25	1	2.592310E+1	2.000000E+2	1.414400E-8	1.258649E-8	7.335524E-10	4.088986E-10	3.940625E-10	3.691499E-10	3.693004E-10	3.750778E-10	3.606815E-10	3.552392E-10	4.314172E-10	4.147466E-10	3.920081E-10	3.783882E-10	3.768907E-10	3.532059E-10	3.597310E-10	3.319459E-10	4.606898E-10	4.007367E-10	4.000531E-10	3.758246E-10	3.634543E-10	3.629604E-10	3.685626E-10	3.551326E-10	4.394836E-10	4.136956E-10	3.975413E-10	3.825483E-10	3.716175E-10	3.607969E-10	3.635320E-10	3.655680E-10
   0:22:39	1	2.602731E+1	2.200000E+2	1.671700E-8	1.517496E-8	8.288411E-10	4.938943E-10	4.761108E-10	4.485106E-10	4.467848E-10	4.542792E-10	4.399559E-10	4.263244E-10	5.162297E-10	4.986692E-10	4.740773E-10	4.580192E-10	4.512555E-10	4.311423E-10	4.370112E-10	3.927024E-10	5.568564E-10	4.859569E-10	4.847756E-10	4.571963E-10	4.425183E-10	4.398737E-10	4.441951E-10	4.299099E-10	5.327397E-10	5.033804E-10	4.809522E-10	4.658697E-10	4.488461E-10	4.396221E-10	4.439405E-10	4.445191E-10
   0:22:53	1	2.592835E+1	2.400000E+2	2.015200E-8	1.855026E-8	9.442469E-10	6.040485E-10	5.795261E-10	5.536294E-10	5.532861E-10	5.579959E-10	5.424119E-10	5.211902E-10	6.285538E-10	6.099557E-10	5.809313E-10	5.618362E-10	5.538704E-10	5.294616E-10	5.384251E-10	4.742801E-10	6.775403E-10	5.963521E-10	5.927414E-10	5.605087E-10	5.424053E-10	5.418576E-10	5.460505E-10	5.296772E-10	6.542434E-10	6.211398E-10	5.887348E-10	5.731258E-10	5.531646E-10	5.439832E-10	5.469907E-10	5.480987E-10
   0:23:07	1	2.606159E+1	2.600000E+2	2.462300E-8	2.300399E-8	1.098879E-9	7.473682E-10	7.192869E-10	6.869103E-10	6.871561E-10	6.964113E-10	6.799259E-10	6.439580E-10	7.727605E-10	7.510695E-10	7.241407E-10	7.001960E-10	6.850544E-10	6.625535E-10	6.748056E-10	5.811741E-10	8.345880E-10	7.436308E-10	7.361081E-10	6.987402E-10	6.768083E-10	6.750229E-10	6.836688E-10	6.610424E-10	8.107424E-10	7.745090E-10	7.400864E-10	7.149504E-10	6.898775E-10	6.813564E-10	6.862321E-10	6.849814E-10
   0:23:22	1	2.602609E+1	2.800000E+2	3.039800E-8	2.894327E-8	1.289834E-9	9.369050E-10	9.014006E-10	8.723390E-10	8.720288E-10	8.822210E-10	8.663311E-10	8.101633E-10	9.633676E-10	9.414112E-10	9.076889E-10	8.823809E-10	8.636811E-10	8.422164E-10	8.559696E-10	7.247742E-10	1.044407E-9	9.350303E-10	9.274102E-10	8.815429E-10	8.565163E-10	8.552436E-10	8.671606E-10	8.373498E-10	1.017684E-9	9.791899E-10	9.370264E-10	9.067313E-10	8.746445E-10	8.642896E-10	8.753990E-10	8.709313E-10
   0:23:36	1	2.602320E+1	3.000000E+2	3.865600E-8	3.709927E-8	1.552430E-9	1.196810E-9	1.151845E-9	1.118017E-9	1.121904E-9	1.136547E-9	1.121019E-9	1.039464E-9	1.220405E-9	1.201584E-9	1.163189E-9	1.130745E-9	1.105525E-9	1.090540E-9	1.104406E-9	9.181195E-10	1.324990E-9	1.198307E-9	1.190207E-9	1.134747E-9	1.105066E-9	1.104944E-9	1.123126E-9	1.080440E-9	1.303001E-9	1.261811E-9	1.218197E-9	1.168031E-9	1.130704E-9	1.120851E-9	1.133308E-9	1.128994E-9
   0:23:50	1	2.590455E+1	3.200000E+2	5.014000E-8	4.859312E-8	1.920468E-9	1.560563E-9	1.502798E-9	1.460207E-9	1.473718E-9	1.495156E-9	1.478921E-9	1.360397E-9	1.586089E-9	1.568050E-9	1.519538E-9	1.483559E-9	1.446500E-9	1.442926E-9	1.453052E-9	1.187410E-9	1.729677E-9	1.575567E-9	1.565442E-9	1.489571E-9	1.455838E-9	1.455306E-9	1.480946E-9	1.422103E-9	1.713669E-9	1.664516E-9	1.591934E-9	1.542284E-9	1.492407E-9	1.482789E-9	1.503175E-9	1.488548E-9
   0:24:04	1	2.602883E+1	3.400000E+2	6.707500E-8	6.542018E-8	2.456508E-9	2.093174E-9	2.016013E-9	1.963713E-9	1.988103E-9	2.018579E-9	2.004846E-9	1.828067E-9	2.121084E-9	2.101163E-9	2.038569E-9	1.997906E-9	1.944502E-9	1.956484E-9	1.965632E-9	1.577834E-9	2.320175E-9	2.125283E-9	2.107919E-9	2.009708E-9	1.969723E-9	1.969007E-9	2.009431E-9	1.920497E-9	2.308519E-9	2.253878E-9	2.159771E-9	2.088311E-9	2.025555E-9	2.012324E-9	2.048033E-9	2.019869E-9
   0:24:19	1	2.602678E+1	3.600000E+2	9.229000E-8	9.071063E-8	3.257728E-9	2.892119E-9	2.783913E-9	2.712899E-9	2.757117E-9	2.806515E-9	2.791084E-9	2.529099E-9	2.921862E-9	2.906832E-9	2.818224E-9	2.771547E-9	2.692647E-9	2.726699E-9	2.731212E-9	2.160782E-9	3.208421E-9	2.951365E-9	2.933348E-9	2.792830E-9	2.740362E-9	2.742236E-9	2.796917E-9	2.670922E-9	3.211761E-9	3.144889E-9	3.012692E-9	2.912798E-9	2.826446E-9	2.810527E-9	2.868868E-9	2.825970E-9
   0:24:32	1	2.602799E+1	3.620000E+2	9.484000E-8	9.398552E-8	3.362729E-9	2.992121E-9	2.882902E-9	2.811057E-9	2.859183E-9	2.907780E-9	2.894362E-9	2.619399E-9	3.023599E-9	3.010092E-9	2.918250E-9	2.870691E-9	2.788105E-9	2.826596E-9	2.834273E-9	2.236221E-9	3.323593E-9	3.058173E-9	3.038102E-9	2.893447E-9	2.838356E-9	2.843402E-9	2.901615E-9	2.767731E-9	3.326959E-9	3.261455E-9	3.122433E-9	3.016318E-9	2.930511E-9	2.914128E-9	2.976309E-9	2.935628E-9
   0:24:46	1	2.592614E+1	3.640000E+2	9.850000E-8	9.729899E-8	3.476242E-9	3.096222E-9	2.982524E-9	2.906872E-9	2.960363E-9	3.011245E-9	2.996312E-9	2.711981E-9	3.130852E-9	3.114237E-9	3.018465E-9	2.970467E-9	2.886540E-9	2.928008E-9	2.929733E-9	2.313116E-9	3.437436E-9	3.166744E-9	3.146508E-9	2.994942E-9	2.939946E-9	2.945134E-9	3.004734E-9	2.865609E-9	3.448779E-9	3.378209E-9	3.234005E-9	3.122814E-9	3.033756E-9	3.018171E-9	3.084754E-9	3.044273E-9
   0:25:00	1	2.592986E+1	3.660000E+2	1.023400E-7	1.008790E-7	3.583008E-9	3.210663E-9	3.092323E-9	3.015155E-9	3.069714E-9	3.122065E-9	3.109886E-9	2.809320E-9	3.243112E-9	3.228809E-9	3.130757E-9	3.081545E-9	2.989852E-9	3.037814E-9	3.039128E-9	2.394820E-9	3.566354E-9	3.284441E-9	3.262725E-9	3.108096E-9	3.049236E-9	3.054300E-9	3.117647E-9	2.972552E-9	3.575011E-9	3.504321E-9	3.342861E-9	3.240453E-9	3.146978E-9	3.131340E-9	3.200349E-9	3.164377E-9
   0:25:14	1	2.592128E+1	3.680000E+2	1.051900E-7	1.045497E-7	3.693874E-9	3.326933E-9	3.201932E-9	3.123248E-9	3.180396E-9	3.235902E-9	3.223649E-9	2.911288E-9	3.358984E-9	3.345024E-9	3.241593E-9	3.190793E-9	3.099753E-9	3.147998E-9	3.149790E-9	2.478994E-9	3.696985E-9	3.402453E-9	3.384046E-9	3.222254E-9	3.161363E-9	3.165102E-9	3.231824E-9	3.078675E-9	3.706668E-9	3.638409E-9	3.477606E-9	3.360371E-9	3.264431E-9	3.247930E-9	3.316445E-9	3.284988E-9
   0:25:27	1	2.603004E+1	3.700000E+2	1.097200E-7	1.085317E-7	3.821514E-9	3.451589E-9	3.323615E-9	3.240897E-9	3.301469E-9	3.359607E-9	3.347709E-9	3.019154E-9	3.485506E-9	3.469517E-9	3.365076E-9	3.313365E-9	3.213010E-9	3.268215E-9	3.269447E-9	2.571331E-9	3.833887E-9	3.533053E-9	3.511602E-9	3.341866E-9	3.282705E-9	3.286048E-9	3.357563E-9	3.199088E-9	3.846646E-9	3.779155E-9	3.614371E-9	3.491748E-9	3.393566E-9	3.373962E-9	3.447094E-9	3.418324E-9
   0:25:41	1	2.602328E+1	3.720000E+2	1.139800E-7	1.125837E-7	3.959749E-9	3.580090E-9	3.445550E-9	3.360382E-9	3.422606E-9	3.485136E-9	3.472399E-9	3.133613E-9	3.615451E-9	3.598119E-9	3.487483E-9	3.435747E-9	3.335389E-9	3.391903E-9	3.392145E-9	2.661516E-9	3.974653E-9	3.664974E-9	3.644133E-9	3.468500E-9	3.405560E-9	3.410835E-9	3.482228E-9	3.320759E-9	3.990030E-9	3.921847E-9	3.749937E-9	3.624963E-9	3.521311E-9	3.500374E-9	3.577680E-9	3.548685E-9
   0:25:55	1	2.603210E+1	3.740000E+2	1.175900E-7	1.169923E-7	4.093443E-9	3.716601E-9	3.574882E-9	3.490056E-9	3.558060E-9	3.621351E-9	3.609408E-9	3.255493E-9	3.750658E-9	3.738980E-9	3.625635E-9	3.570761E-9	3.466065E-9	3.525752E-9	3.527638E-9	2.764802E-9	4.132144E-9	3.808287E-9	3.787942E-9	3.604036E-9	3.540720E-9	3.545890E-9	3.621806E-9	3.450237E-9	4.148736E-9	4.080241E-9	3.896111E-9	3.763369E-9	3.661623E-9	3.640916E-9	3.723443E-9	3.697217E-9
   0:26:09	1	2.602723E+1	3.760000E+2	1.227300E-7	1.214814E-7	4.234265E-9	3.859667E-9	3.713315E-9	3.623717E-9	3.695606E-9	3.761023E-9	3.750648E-9	3.377626E-9	3.895436E-9	3.879272E-9	3.761131E-9	3.707793E-9	3.596995E-9	3.665532E-9	3.660914E-9	2.865177E-9	4.290587E-9	3.954747E-9	3.932442E-9	3.741012E-9	3.677709E-9	3.684977E-9	3.760498E-9	3.582608E-9	4.308705E-9	4.240144E-9	4.049419E-9	3.912792E-9	3.802187E-9	3.783866E-9	3.866510E-9	3.845052E-9
   0:26:22	1	2.592416E+1	3.780000E+2	1.277800E-7	1.263912E-7	4.397095E-9	4.013391E-9	3.866351E-9	3.768706E-9	3.843541E-9	3.913015E-9	3.902628E-9	3.514218E-9	4.048897E-9	4.034289E-9	3.912117E-9	3.860045E-9	3.739960E-9	3.812002E-9	3.809139E-9	2.979223E-9	4.460938E-9	4.116692E-9	4.093445E-9	3.892659E-9	3.825173E-9	3.831686E-9	3.915050E-9	3.724737E-9	4.488408E-9	4.412983E-9	4.213148E-9	4.070383E-9	3.958286E-9	3.937841E-9	4.026261E-9	4.008906E-9
   0:26:36	1	2.602510E+1	3.800000E+2	1.324300E-7	1.315705E-7	4.549204E-9	4.174744E-9	4.023053E-9	3.923441E-9	4.001360E-9	4.075316E-9	4.062882E-9	3.657911E-9	4.212186E-9	4.200682E-9	4.072271E-9	4.012614E-9	3.893440E-9	3.969389E-9	3.965726E-9	3.097761E-9	4.643834E-9	4.286189E-9	4.260877E-9	4.055339E-9	3.982733E-9	3.990866E-9	4.076806E-9	3.882349E-9	4.669119E-9	4.598257E-9	4.392661E-9	4.241144E-9	4.124046E-9	4.100244E-9	4.195045E-9	4.179027E-9
   0:26:50	1	2.602738E+1	3.820000E+2	1.381200E-7	1.368453E-7	4.718214E-9	4.341711E-9	4.180893E-9	4.077796E-9	4.161967E-9	4.237683E-9	4.227938E-9	3.807439E-9	4.376298E-9	4.364041E-9	4.232681E-9	4.175791E-9	4.049074E-9	4.132141E-9	4.126177E-9	3.217375E-9	4.829516E-9	4.455623E-9	4.431392E-9	4.215764E-9	4.145531E-9	4.151748E-9	4.242101E-9	4.039270E-9	4.856640E-9	4.787487E-9	4.569332E-9	4.412347E-9	4.293534E-9	4.269302E-9	4.366839E-9	4.351684E-9
   0:27:04	1	2.602738E+1	3.840000E+2	1.442000E-7	1.426549E-7	4.901413E-9	4.524123E-9	4.353210E-9	4.248861E-9	4.338351E-9	4.419909E-9	4.408910E-9	3.966795E-9	4.562974E-9	4.549959E-9	4.413004E-9	4.351094E-9	4.222952E-9	4.306631E-9	4.302339E-9	3.350090E-9	5.033126E-9	4.645575E-9	4.622128E-9	4.397689E-9	4.321329E-9	4.328884E-9	4.422623E-9	4.211488E-9	5.063519E-9	4.992922E-9	4.764945E-9	4.603431E-9	4.477038E-9	4.451981E-9	4.554500E-9	4.543142E-9
   0:27:17	1	2.603194E+1	3.860000E+2	1.491900E-7	1.485856E-7	5.089027E-9	4.710381E-9	4.533364E-9	4.423025E-9	4.515304E-9	4.601697E-9	4.592346E-9	4.128815E-9	4.748321E-9	4.736637E-9	4.596679E-9	4.533531E-9	4.395181E-9	4.488441E-9	4.479640E-9	3.485906E-9	5.242312E-9	4.840184E-9	4.813808E-9	4.579803E-9	4.500848E-9	4.510805E-9	4.610158E-9	4.386347E-9	5.278596E-9	5.207842E-9	4.966620E-9	4.796225E-9	4.664835E-9	4.639413E-9	4.749249E-9	4.740234E-9
   0:27:31	1	2.592112E+1	3.880000E+2	1.560600E-7	1.550752E-7	5.289379E-9	4.912341E-9	4.730585E-9	4.613012E-9	4.715825E-9	4.805987E-9	4.794985E-9	4.312271E-9	4.952176E-9	4.942841E-9	4.790218E-9	4.727336E-9	4.583690E-9	4.688993E-9	4.681581E-9	3.635076E-9	5.466955E-9	5.052857E-9	5.026653E-9	4.779721E-9	4.702957E-9	4.709797E-9	4.815575E-9	4.581034E-9	5.507859E-9	5.433750E-9	5.187113E-9	5.007949E-9	4.875303E-9	4.843066E-9	4.958112E-9	4.950243E-9
   0:27:45	1	2.602594E+1	3.900000E+2	1.623200E-7	1.617450E-7	5.502155E-9	5.123001E-9	4.931156E-9	4.811098E-9	4.917170E-9	5.008707E-9	5.004320E-9	4.495345E-9	5.163066E-9	5.153658E-9	4.997982E-9	4.930170E-9	4.785310E-9	4.886578E-9	4.877947E-9	3.788233E-9	5.700215E-9	5.269811E-9	5.245483E-9	4.986409E-9	4.904813E-9	4.913766E-9	5.022319E-9	4.776917E-9	5.747021E-9	5.672911E-9	5.412088E-9	5.224739E-9	5.089685E-9	5.056287E-9	5.180019E-9	5.166647E-9
   0:27:59	1	2.594423E+1	3.920000E+2	1.702800E-7	1.690714E-7	5.737381E-9	5.350750E-9	5.155558E-9	5.027221E-9	5.140625E-9	5.239272E-9	5.231152E-9	4.697758E-9	5.396334E-9	5.389818E-9	5.222311E-9	5.156749E-9	4.996939E-9	5.112751E-9	5.100666E-9	3.954237E-9	5.959701E-9	5.510681E-9	5.481195E-9	5.213222E-9	5.128690E-9	5.138710E-9	5.254464E-9	4.997600E-9	6.008818E-9	5.933865E-9	5.640094E-9	5.467299E-9	5.322382E-9	5.285983E-9	5.412777E-9	5.406413E-9
   0:28:12	1	2.603263E+1	3.940000E+2	1.775400E-7	1.766341E-7	5.968571E-9	5.589468E-9	5.379834E-9	5.250116E-9	5.366363E-9	5.473359E-9	5.466195E-9	4.906640E-9	5.634736E-9	5.626229E-9	5.454862E-9	5.387180E-9	5.218323E-9	5.341828E-9	5.326298E-9	4.126570E-9	6.221278E-9	5.756585E-9	5.729441E-9	5.447493E-9	5.360773E-9	5.371341E-9	5.489578E-9	5.219481E-9	6.275915E-9	6.202355E-9	5.913498E-9	5.716127E-9	5.565181E-9	5.530189E-9	5.660463E-9	5.657828E-9
   0:28:26	1	2.589703E+1	3.960000E+2	1.862200E-7	1.849713E-7	6.229213E-9	5.848806E-9	5.632554E-9	5.496111E-9	5.626375E-9	5.732838E-9	5.729600E-9	5.139556E-9	5.893929E-9	5.891142E-9	5.707518E-9	5.637692E-9	5.463968E-9	5.596904E-9	5.579169E-9	4.318335E-9	6.514913E-9	6.023638E-9	6.001938E-9	5.705273E-9	5.615696E-9	5.624507E-9	5.749903E-9	5.469432E-9	6.577626E-9	6.498482E-9	6.189175E-9	5.987937E-9	5.834754E-9	5.790743E-9	5.934304E-9	5.929250E-9
   0:28:40	1	2.605695E+1	3.980000E+2	1.946600E-7	1.935561E-7	6.504675E-9	6.113313E-9	5.890965E-9	5.747231E-9	5.884739E-9	5.999359E-9	5.991552E-9	5.376911E-9	6.163833E-9	6.159277E-9	5.970352E-9	5.899887E-9	5.717023E-9	5.859237E-9	5.840083E-9	4.510857E-9	6.815450E-9	6.308127E-9	6.280862E-9	5.970890E-9	5.873521E-9	5.888947E-9	6.020338E-9	5.721966E-9	6.883941E-9	6.809240E-9	6.486512E-9	6.270954E-9	6.110073E-9	6.067329E-9	6.211595E-9	6.207067E-9
   0:28:54	1	2.592363E+1	4.000000E+2	2.044100E-7	2.030756E-7	6.794577E-9	6.413258E-9	6.174533E-9	6.028666E-9	6.173705E-9	6.292472E-9	6.287742E-9	5.637601E-9	6.464674E-9	6.458948E-9	6.263157E-9	6.189740E-9	5.994402E-9	6.148831E-9	6.129123E-9	4.730784E-9	7.153555E-9	6.613887E-9	6.590524E-9	6.261271E-9	6.166998E-9	6.181672E-9	6.321925E-9	6.004586E-9	7.224367E-9	7.147569E-9	6.809231E-9	6.585757E-9	6.418737E-9	6.367362E-9	6.526833E-9	6.519137E-9
   0:29:07	1	2.602716E+1	4.020000E+2	2.143700E-7	2.129055E-7	7.100119E-9	6.724235E-9	6.473590E-9	6.315797E-9	6.469959E-9	6.597524E-9	6.594859E-9	5.910467E-9	6.772739E-9	6.770624E-9	6.563046E-9	6.487426E-9	6.284259E-9	6.450040E-9	6.422344E-9	4.955266E-9	7.493688E-9	6.940795E-9	6.911650E-9	6.565065E-9	6.465903E-9	6.480256E-9	6.629133E-9	6.297469E-9	7.576206E-9	7.497141E-9	7.148240E-9	6.910436E-9	6.736490E-9	6.675755E-9	6.846460E-9	6.838551E-9
   0:29:21	1	2.593062E+1	4.040000E+2	2.253500E-7	2.238233E-7	7.449175E-9	7.063398E-9	6.801090E-9	6.641279E-9	6.801498E-9	6.941864E-9	6.935011E-9	6.217830E-9	7.113322E-9	7.113961E-9	6.897960E-9	6.816054E-9	6.605030E-9	6.778256E-9	6.752304E-9	5.204431E-9	7.877596E-9	7.290425E-9	7.262697E-9	6.900957E-9	6.798881E-9	6.814870E-9	6.972674E-9	6.625409E-9	7.967894E-9	7.887975E-9	7.512443E-9	7.271773E-9	7.089922E-9	7.023815E-9	7.198074E-9	7.195382E-9
   0:29:35	1	2.596992E+1	4.060000E+2	2.365900E-7	2.355007E-7	7.810528E-9	7.427151E-9	7.154317E-9	6.984418E-9	7.157685E-9	7.299593E-9	7.297651E-9	6.538321E-9	7.481668E-9	7.483714E-9	7.253676E-9	7.172909E-9	6.951896E-9	7.135564E-9	7.105258E-9	5.465178E-9	8.288111E-9	7.671273E-9	7.643916E-9	7.261987E-9	7.153376E-9	7.174114E-9	7.338519E-9	6.971351E-9	8.379889E-9	8.310023E-9	7.903544E-9	7.659893E-9	7.468928E-9	7.395068E-9	7.582931E-9	7.578234E-9
   0:29:49	1	2.601309E+1	4.080000E+2	2.486500E-7	2.476604E-7	8.189853E-9	7.802001E-9	7.518101E-9	7.333633E-9	7.525972E-9	7.678002E-9	7.677409E-9	6.879545E-9	7.863263E-9	7.866989E-9	7.621468E-9	7.542583E-9	7.306490E-9	7.504799E-9	7.469170E-9	5.743456E-9	8.714911E-9	8.066910E-9	8.037292E-9	7.639128E-9	7.529640E-9	7.545326E-9	7.721171E-9	7.331141E-9	8.816345E-9	8.743065E-9	8.323627E-9	8.069792E-9	7.869152E-9	7.779562E-9	7.976820E-9	7.973813E-9
   0:30:02	1	2.602624E+1	4.100000E+2	2.623600E-7	2.612368E-7	8.610931E-9	8.227546E-9	7.925881E-9	7.736197E-9	7.932842E-9	8.097206E-9	8.097531E-9	7.251144E-9	8.289038E-9	8.294249E-9	8.036933E-9	7.951725E-9	7.706184E-9	7.918145E-9	7.881350E-9	6.051858E-9	9.190932E-9	8.508938E-9	8.479993E-9	8.057958E-9	7.941428E-9	7.961830E-9	8.150265E-9	7.736755E-9	9.301669E-9	9.231749E-9	8.778883E-9	8.519520E-9	8.317366E-9	8.212151E-9	8.422457E-9	8.416182E-9
   0:30:16	1	2.602723E+1	4.112656E+2	2.716900E-7	2.701769E-7	8.893328E-9	8.506180E-9	8.190612E-9	7.995608E-9	8.204004E-9	8.378061E-9	8.371677E-9	7.499533E-9	8.569976E-9	8.580587E-9	8.310833E-9	8.222823E-9	7.965257E-9	8.188808E-9	8.155630E-9	6.256026E-9	9.498881E-9	8.800034E-9	8.774222E-9	8.328719E-9	8.210613E-9	8.233578E-9	8.426138E-9	8.001562E-9	9.620720E-9	9.554503E-9	9.083606E-9	8.818619E-9	8.613274E-9	8.493364E-9	8.717623E-9	8.712550E-9
   0:30:30	1	2.602845E+1	4.125312E+2	2.797200E-7	2.790880E-7	9.169293E-9	8.776174E-9	8.457243E-9	8.256791E-9	8.469278E-9	8.653759E-9	8.651000E-9	7.745702E-9	8.844572E-9	8.854219E-9	8.580816E-9	8.491778E-9	8.226609E-9	8.465027E-9	8.423389E-9	6.458359E-9	9.812786E-9	9.087920E-9	9.063349E-9	8.608942E-9	8.483774E-9	8.510557E-9	8.708641E-9	8.273041E-9	9.940023E-9	9.871982E-9	9.385045E-9	9.119617E-9	8.911010E-9	8.780721E-9	9.005764E-9	9.000814E-9
   0:30:44	1	2.602769E+1	4.137968E+2	2.903000E-7	2.895986E-7	9.492114E-9	9.103860E-9	8.774566E-9	8.563163E-9	8.790808E-9	8.975721E-9	8.979024E-9	8.037401E-9	9.178308E-9	9.189910E-9	8.895877E-9	8.813584E-9	8.533889E-9	8.783777E-9	8.739223E-9	6.696196E-9	1.018143E-8	9.433709E-9	9.404695E-9	8.934803E-9	8.803248E-9	8.831061E-9	9.039355E-9	8.578576E-9	1.031790E-8	1.024353E-8	9.739714E-9	9.467912E-9	9.264569E-9	9.112307E-9	9.348159E-9	9.350237E-9
   0:30:57	1	2.602640E+1	4.150624E+2	3.012500E-7	2.999845E-7	9.818152E-9	9.430349E-9	9.086895E-9	8.868899E-9	9.102519E-9	9.299506E-9	9.300669E-9	8.328784E-9	9.500699E-9	9.513404E-9	9.213783E-9	9.124215E-9	8.837999E-9	9.098362E-9	9.053600E-9	6.931880E-9	1.054405E-8	9.764835E-9	9.742828E-9	9.255210E-9	9.122218E-9	9.149990E-9	9.365898E-9	8.886626E-9	1.068690E-8	1.061679E-8	1.009482E-8	9.817727E-9	9.609791E-9	9.438443E-9	9.685222E-9	9.693392E-9
   0:31:11	1	2.600352E+1	4.163280E+2	3.114200E-7	3.104346E-7	1.015119E-8	9.755451E-9	9.401184E-9	9.171535E-9	9.418094E-9	9.618765E-9	9.630904E-9	8.616110E-9	9.825498E-9	9.843659E-9	9.536494E-9	9.436107E-9	9.142362E-9	9.414525E-9	9.364557E-9	7.168135E-9	1.090636E-8	1.011113E-8	1.007913E-8	9.576182E-9	9.439863E-9	9.468352E-9	9.692631E-9	9.197572E-9	1.106509E-8	1.098903E-8	1.044457E-8	1.017153E-8	9.967833E-9	9.768571E-9	1.003176E-8	1.003041E-8
   0:31:25	1	2.602640E+1	4.175936E+2	3.233900E-7	3.226814E-7	1.052226E-8	1.013434E-8	9.766232E-9	9.526002E-9	9.783657E-9	1.000157E-8	1.001117E-8	8.952262E-9	1.021470E-8	1.022712E-8	9.900555E-9	9.812160E-9	9.502023E-9	9.789124E-9	9.738034E-9	7.441602E-9	1.133905E-8	1.050841E-8	1.048171E-8	9.951004E-9	9.809312E-9	9.842273E-9	1.008451E-8	9.564349E-9	1.149240E-8	1.142822E-8	1.086093E-8	1.058156E-8	1.038504E-8	1.015630E-8	1.043299E-8	1.044055E-8
   0:31:39	1	2.601568E+1	4.188592E+2	3.365200E-7	3.356694E-7	1.092731E-8	1.053473E-8	1.015170E-8	9.912429E-9	1.018121E-8	1.040129E-8	1.041303E-8	9.317203E-9	1.061855E-8	1.063467E-8	1.029484E-8	1.019933E-8	9.881131E-9	1.018480E-8	1.013013E-8	7.743549E-9	1.178833E-8	1.092274E-8	1.089713E-8	1.035435E-8	1.020924E-8	1.024738E-8	1.048644E-8	9.951519E-9	1.195698E-8	1.189242E-8	1.130071E-8	1.101425E-8	1.082669E-8	1.057222E-8	1.085667E-8	1.086645E-8
   0:31:52	1	2.592531E+1	4.201247E+2	3.493500E-7	3.480323E-7	1.131036E-8	1.092017E-8	1.052098E-8	1.027266E-8	1.055312E-8	1.078593E-8	1.079519E-8	9.664642E-9	1.100388E-8	1.102167E-8	1.066561E-8	1.057412E-8	1.024624E-8	1.056199E-8	1.050570E-8	8.023409E-9	1.222273E-8	1.132530E-8	1.129851E-8	1.073858E-8	1.058670E-8	1.063012E-8	1.087585E-8	1.032006E-8	1.239666E-8	1.233268E-8	1.171555E-8	1.142985E-8	1.124030E-8	1.095767E-8	1.126636E-8	1.126969E-8
   0:32:06	1	2.592470E+1	4.213903E+2	3.625400E-7	3.619272E-7	1.174234E-8	1.134231E-8	1.093932E-8	1.067377E-8	1.096752E-8	1.121469E-8	1.123054E-8	1.004594E-8	1.143783E-8	1.146069E-8	1.108765E-8	1.099355E-8	1.064714E-8	1.098367E-8	1.091852E-8	8.339343E-9	1.269818E-8	1.177809E-8	1.174851E-8	1.116700E-8	1.100562E-8	1.105198E-8	1.131550E-8	1.073436E-8	1.289554E-8	1.282708E-8	1.218609E-8	1.190300E-8	1.172767E-8	1.141193E-8	1.171752E-8	1.173428E-8
   0:32:20	1	2.592302E+1	4.226559E+2	3.783800E-7	3.774660E-7	1.222490E-8	1.182946E-8	1.140412E-8	1.112392E-8	1.143896E-8	1.169637E-8	1.171238E-8	1.048318E-8	1.192617E-8	1.194406E-8	1.155913E-8	1.146540E-8	1.110745E-8	1.146081E-8	1.139341E-8	8.693315E-9	1.324604E-8	1.228009E-8	1.225433E-8	1.164720E-8	1.147660E-8	1.151950E-8	1.180891E-8	1.120103E-8	1.345129E-8	1.337876E-8	1.270758E-8	1.241655E-8	1.225033E-8	1.190186E-8	1.222907E-8	1.223376E-8
   0:32:34	1	2.592378E+1	4.239215E+2	3.930500E-7	3.922006E-7	1.268155E-8	1.228186E-8	1.184356E-8	1.155611E-8	1.188371E-8	1.215750E-8	1.216983E-8	1.089226E-8	1.237591E-8	1.240185E-8	1.199932E-8	1.190669E-8	1.153812E-8	1.190691E-8	1.182795E-8	9.025134E-9	1.376255E-8	1.276353E-8	1.273180E-8	1.209938E-8	1.192549E-8	1.198004E-8	1.227548E-8	1.164926E-8	1.396896E-8	1.390224E-8	1.320103E-8	1.292421E-8	1.276233E-8	1.236892E-8	1.271065E-8	1.272646E-8
   0:32:47	1	2.592477E+1	4.251871E+2	4.101500E-7	4.088458E-7	1.318297E-8	1.279840E-8	1.234553E-8	1.203828E-8	1.238555E-8	1.266654E-8	1.268679E-8	1.135485E-8	1.290266E-8	1.292637E-8	1.250779E-8	1.241409E-8	1.202865E-8	1.240930E-8	1.234307E-8	9.404483E-9	1.433619E-8	1.328782E-8	1.327623E-8	1.261131E-8	1.243982E-8	1.249368E-8	1.279739E-8	1.214425E-8	1.456766E-8	1.450139E-8	1.377285E-8	1.347581E-8	1.332086E-8	1.290277E-8	1.325024E-8	1.327222E-8
   0:33:01	1	2.592492E+1	4.264527E+2	4.282800E-7	4.276569E-7	1.376441E-8	1.337703E-8	1.289851E-8	1.258401E-8	1.295291E-8	1.325112E-8	1.326723E-8	1.188150E-8	1.349376E-8	1.351616E-8	1.306672E-8	1.297909E-8	1.257144E-8	1.299001E-8	1.290690E-8	9.835791E-9	1.499365E-8	1.390633E-8	1.388384E-8	1.319307E-8	1.300608E-8	1.306332E-8	1.338849E-8	1.270818E-8	1.524479E-8	1.516926E-8	1.440477E-8	1.411244E-8	1.395738E-8	1.350251E-8	1.388228E-8	1.390396E-8
   0:33:15	1	2.592576E+1	4.277183E+2	4.468500E-7	4.456004E-7	1.432290E-8	1.392617E-8	1.343682E-8	1.310827E-8	1.348782E-8	1.380447E-8	1.383390E-8	1.238404E-8	1.405081E-8	1.407620E-8	1.361377E-8	1.352368E-8	1.309712E-8	1.353115E-8	1.345381E-8	1.024071E-8	1.562248E-8	1.448242E-8	1.446436E-8	1.374073E-8	1.355524E-8	1.362105E-8	1.396450E-8	1.323905E-8	1.587930E-8	1.581540E-8	1.501485E-8	1.471767E-8	1.456719E-8	1.407032E-8	1.446358E-8	1.449068E-8
   0:33:29	1	2.592325E+1	4.289839E+2	4.674700E-7	4.669415E-7	1.497561E-8	1.458078E-8	1.406704E-8	1.373145E-8	1.413595E-8	1.446631E-8	1.449828E-8	1.297537E-8	1.471068E-8	1.474214E-8	1.425185E-8	1.416155E-8	1.372682E-8	1.417950E-8	1.409568E-8	1.072733E-8	1.635862E-8	1.518677E-8	1.515732E-8	1.440104E-8	1.420125E-8	1.427107E-8	1.463603E-8	1.388473E-8	1.663859E-8	1.657075E-8	1.574338E-8	1.543888E-8	1.528864E-8	1.476029E-8	1.517440E-8	1.520333E-8
   0:33:42	1	2.592280E+1	4.302495E+2	4.898000E-7	4.889091E-7	1.565518E-8	1.525324E-8	1.472141E-8	1.436539E-8	1.479682E-8	1.514744E-8	1.517594E-8	1.358921E-8	1.539235E-8	1.543014E-8	1.492181E-8	1.482436E-8	1.436747E-8	1.485808E-8	1.475845E-8	1.121870E-8	1.713322E-8	1.587980E-8	1.587529E-8	1.507446E-8	1.487308E-8	1.495579E-8	1.533146E-8	1.454597E-8	1.742493E-8	1.735161E-8	1.648486E-8	1.617726E-8	1.602474E-8	1.545629E-8	1.589802E-8	1.594630E-8
   0:33:56	1	2.592568E+1	4.315151E+2	5.124000E-7	5.111849E-7	1.633746E-8	1.593989E-8	1.538356E-8	1.500383E-8	1.546224E-8	1.584134E-8	1.587090E-8	1.421700E-8	1.608677E-8	1.612295E-8	1.559632E-8	1.549778E-8	1.501591E-8	1.552966E-8	1.543655E-8	1.173298E-8	1.791212E-8	1.660739E-8	1.659899E-8	1.576148E-8	1.555727E-8	1.563711E-8	1.604009E-8	1.521714E-8	1.823429E-8	1.814408E-8	1.723941E-8	1.692660E-8	1.676710E-8	1.616223E-8	1.662508E-8	1.667940E-8
   0:34:10	1	2.592622E+1	4.327807E+2	5.384700E-7	5.378136E-7	1.715678E-8	1.675372E-8	1.617415E-8	1.577833E-8	1.626053E-8	1.666561E-8	1.670994E-8	1.496229E-8	1.691556E-8	1.695251E-8	1.638590E-8	1.629751E-8	1.579928E-8	1.634203E-8	1.624165E-8	1.234111E-8	1.882919E-8	1.746897E-8	1.746662E-8	1.658058E-8	1.636488E-8	1.645715E-8	1.688671E-8	1.601881E-8	1.918356E-8	1.909815E-8	1.813571E-8	1.782263E-8	1.766599E-8	1.701493E-8	1.750186E-8	1.758092E-8
   0:34:24	1	2.592568E+1	4.340463E+2	5.664300E-7	5.652791E-7	1.799647E-8	1.759441E-8	1.698718E-8	1.658188E-8	1.708726E-8	1.751338E-8	1.756838E-8	1.573510E-8	1.777402E-8	1.780709E-8	1.720665E-8	1.713171E-8	1.658504E-8	1.717706E-8	1.707704E-8	1.296140E-8	1.978332E-8	1.835138E-8	1.835422E-8	1.742733E-8	1.720386E-8	1.730339E-8	1.776721E-8	1.684376E-8	2.016392E-8	2.007784E-8	1.906756E-8	1.875133E-8	1.858875E-8	1.790545E-8	1.841834E-8	1.848737E-8
   0:34:37	1	2.592302E+1	4.353119E+2	5.957800E-7	5.950942E-7	1.890616E-8	1.851051E-8	1.788125E-8	1.744004E-8	1.798146E-8	1.844929E-8	1.848853E-8	1.657108E-8	1.869499E-8	1.873877E-8	1.810107E-8	1.803215E-8	1.746437E-8	1.808680E-8	1.798628E-8	1.364384E-8	2.081563E-8	1.932072E-8	1.932220E-8	1.833847E-8	1.810682E-8	1.823214E-8	1.870046E-8	1.774204E-8	2.122108E-8	2.114565E-8	2.007840E-8	1.975747E-8	1.958546E-8	1.885503E-8	1.940532E-8	1.949069E-8
   0:34:51	1	2.592401E+1	4.365775E+2	6.281600E-7	6.274903E-7	1.990326E-8	1.949407E-8	1.883505E-8	1.837567E-8	1.895188E-8	1.944566E-8	1.949540E-8	1.749019E-8	1.969943E-8	1.974768E-8	1.907489E-8	1.900092E-8	1.840920E-8	1.908287E-8	1.896007E-8	1.438912E-8	2.195146E-8	2.036482E-8	2.036086E-8	1.934552E-8	1.908752E-8	1.922553E-8	1.974562E-8	1.873549E-8	2.237629E-8	2.227966E-8	2.117549E-8	2.084484E-8	2.068232E-8	1.989389E-8	2.048745E-8	2.057821E-8
   0:35:05	1	2.592568E+1	4.378431E+2	6.619200E-7	6.607000E-7	2.090698E-8	2.050513E-8	1.981907E-8	1.934097E-8	1.994676E-8	2.047460E-8	2.053614E-8	1.842426E-8	2.073969E-8	2.077396E-8	2.006984E-8	1.999129E-8	1.937904E-8	2.009137E-8	1.997840E-8	1.514535E-8	2.311079E-8	2.143184E-8	2.144152E-8	2.037025E-8	2.009712E-8	2.025797E-8	2.080486E-8	1.973505E-8	2.356516E-8	2.346422E-8	2.230132E-8	2.196500E-8	2.179244E-8	2.095619E-8	2.158194E-8	2.170151E-8
   0:35:19	1	2.592606E+1	4.391086E+2	7.023200E-7	7.015090E-7	2.215412E-8	2.174545E-8	2.102819E-8	2.051532E-8	2.117529E-8	2.173850E-8	2.180617E-8	1.957039E-8	2.199109E-8	2.204329E-8	2.128658E-8	2.122692E-8	2.057908E-8	2.134707E-8	2.120107E-8	1.606860E-8	2.451953E-8	2.276232E-8	2.276868E-8	2.162034E-8	2.133501E-8	2.153564E-8	2.209891E-8	2.098934E-8	2.501249E-8	2.491928E-8	2.367194E-8	2.334153E-8	2.315205E-8	2.226474E-8	2.294789E-8	2.309218E-8
   0:35:32	1	2.592629E+1	4.403742E+2	7.450100E-7	7.442492E-7	2.345714E-8	2.304504E-8	2.227220E-8	2.175504E-8	2.244140E-8	2.308179E-8	2.313407E-8	2.079762E-8	2.332256E-8	2.336912E-8	2.255334E-8	2.250961E-8	2.182111E-8	2.264233E-8	2.251166E-8	1.705171E-8	2.600974E-8	2.413819E-8	2.414918E-8	2.293545E-8	2.265058E-8	2.284122E-8	2.347744E-8	2.227354E-8	2.654930E-8	2.642811E-8	2.513033E-8	2.476175E-8	2.458447E-8	2.363993E-8	2.435046E-8	2.456376E-8
   0:35:46	1	2.592333E+1	4.416398E+2	7.890700E-7	7.883024E-7	2.479005E-8	2.438649E-8	2.358499E-8	2.301647E-8	2.376110E-8	2.443998E-8	2.452879E-8	2.205529E-8	2.468711E-8	2.472926E-8	2.386094E-8	2.381799E-8	2.310330E-8	2.398725E-8	2.385418E-8	1.805762E-8	2.754025E-8	2.554904E-8	2.558235E-8	2.429438E-8	2.399417E-8	2.420336E-8	2.488237E-8	2.362307E-8	2.810938E-8	2.801375E-8	2.661808E-8	2.623528E-8	2.605441E-8	2.505980E-8	2.584743E-8	2.603452E-8
   0:36:00	1	2.592424E+1	4.429054E+2	8.438400E-7	8.433438E-7	2.645183E-8	2.604441E-8	2.519310E-8	2.460154E-8	2.541329E-8	2.614364E-8	2.625463E-8	2.361500E-8	2.638115E-8	2.643369E-8	2.549922E-8	2.547781E-8	2.470638E-8	2.566702E-8	2.553926E-8	1.931578E-8	2.946055E-8	2.731847E-8	2.736146E-8	2.597366E-8	2.565180E-8	2.591574E-8	2.665827E-8	2.531382E-8	3.009595E-8	2.995756E-8	2.847257E-8	2.808711E-8	2.790549E-8	2.683154E-8	2.768823E-8	2.791384E-8
   0:36:14	1	2.592432E+1	4.441710E+2	9.086000E-7	9.077549E-7	2.840031E-8	2.798481E-8	2.708889E-8	2.644514E-8	2.732411E-8	2.814111E-8	2.825601E-8	2.547598E-8	2.836773E-8	2.841251E-8	2.739927E-8	2.738377E-8	2.656392E-8	2.764679E-8	2.749648E-8	2.080413E-8	3.168823E-8	2.939756E-8	2.944317E-8	2.795152E-8	2.762184E-8	2.791008E-8	2.873216E-8	2.728411E-8	3.237439E-8	3.226570E-8	3.066644E-8	3.026337E-8	3.007376E-8	2.892263E-8	2.985024E-8	3.011878E-8
   0:36:27	1	2.592584E+1	4.454366E+2	9.697000E-7	9.706475E-7	3.028483E-8	2.988372E-8	2.893145E-8	2.825273E-8	2.920983E-8	3.008325E-8	3.022618E-8	2.726055E-8	3.029758E-8	3.036220E-8	2.925182E-8	2.928803E-8	2.839986E-8	2.956176E-8	2.941708E-8	2.225577E-8	3.387278E-8	3.141490E-8	3.147412E-8	2.989566E-8	2.954627E-8	2.986214E-8	3.074728E-8	2.921487E-8	3.462194E-8	3.447876E-8	3.278435E-8	3.235802E-8	3.218873E-8	3.093274E-8	3.197749E-8	3.231080E-8
   0:36:41	1	2.592584E+1	4.467022E+2	1.046400E-6	1.044994E-6	3.252762E-8	3.210660E-8	3.109159E-8	3.039447E-8	3.140739E-8	3.239407E-8	3.254826E-8	2.939161E-8	3.259647E-8	3.263468E-8	3.142950E-8	3.148821E-8	3.055777E-8	3.183687E-8	3.168600E-8	2.398113E-8	3.644458E-8	3.379773E-8	3.389126E-8	3.216077E-8	3.179956E-8	3.219430E-8	3.315175E-8	3.151789E-8	3.728123E-8	3.712806E-8	3.529172E-8	3.486308E-8	3.468745E-8	3.335782E-8	3.446307E-8	3.489125E-8
   0:36:55	1	2.592409E+1	4.479678E+2	1.134400E-6	1.135283E-6	3.524717E-8	3.481139E-8	3.373050E-8	3.295492E-8	3.408804E-8	3.518719E-8	3.540282E-8	3.202128E-8	3.535606E-8	3.538277E-8	3.408055E-8	3.416883E-8	3.317719E-8	3.459683E-8	3.443039E-8	2.604363E-8	3.957414E-8	3.671033E-8	3.681882E-8	3.493774E-8	3.454371E-8	3.497856E-8	3.608238E-8	3.432112E-8	4.049514E-8	4.032031E-8	3.835859E-8	3.789567E-8	3.773580E-8	3.629882E-8	3.751892E-8	3.801340E-8
