APD#	0018	Started	07/16/07 13:54	Sense_ohms	1.004464E+6	1.004628E+6	1.002105E+6	1.000924E+6	9.998282E+5	1.007735E+6	1.002821E+6	9.989270E+5	9.993226E+5	1.002376E+6	1.001862E+6	1.003102E+6	1.000030E+6	1.003780E+6	1.000011E+6	1.000898E+6	9.999006E+5	1.006439E+6	1.005624E+6	1.010450E+6	1.003884E+6	1.005600E+6	1.002519E+6	1.006362E+6	1.004620E+6	1.008599E+6	1.003214E+6	1.000475E+6	1.003139E+6	9.996927E+5	1.009944E+6	1.000506E+6					
ElapTime	Shutter_Open	DegC	H2O_In	H2O_Out	TE_A	TE_V	BiasV	KE237_Amps	Pixel_Sum	A1	A2	A3	A4	A5	A6	A7	A8	B1	B2	B3	B4	B5	B6	B7	B8	C1	C2	C3	C4	C5	C6	C7	C8	D1	D2	D3	D4	D5	D6	D7	D8
0:00:00	0	5.014522E+0	2.551200E+1	2.568600E+1	8.023525E-1	1.043560E+0	0.000000E+0	-2.670600E-10	-1.746463E-10	-1.261369E-12	-6.052987E-12	-5.499424E-12	-4.746614E-12	-5.574958E-12	-5.029100E-12	-5.747785E-12	-7.609165E-12	-4.944349E-12	-6.445685E-12	-6.765403E-12	-1.010366E-11	-2.913913E-12	-6.184622E-12	-6.080933E-12	-5.253283E-12	-6.018598E-12	-6.293476E-12	-6.109639E-12	-5.579692E-12	-6.625267E-12	-4.283015E-12	-5.370472E-12	-3.839573E-12	-4.350899E-12	-5.652395E-12	-4.672981E-12	-6.330993E-12	-4.357322E-12	-4.308324E-12	-6.271635E-12	-4.368789E-12
0:00:13	0	5.014673E+0	2.549400E+1	2.566500E+1	8.036193E-1	1.044421E+0	0.000000E+0	-2.819800E-10	-3.905676E-10	-1.828836E-12	-1.242151E-11	-1.220032E-11	-1.126459E-11	-1.267118E-11	-1.382903E-11	-1.193832E-11	-8.179777E-12	-1.217024E-11	-1.320762E-11	-1.258257E-11	-1.465055E-11	-7.917762E-12	-1.476718E-11	-1.532883E-11	-1.284746E-11	-1.488748E-11	-1.271413E-11	-1.335390E-11	-1.404226E-11	-1.034881E-11	-1.196897E-11	-1.307905E-11	-1.258891E-11	-1.368279E-11	-1.306367E-11	-1.035572E-11	-1.183938E-11	-1.395519E-11	-1.356017E-11	-1.110161E-11	-1.221982E-11
0:00:26	0	5.013457E+0	2.549500E+1	2.566500E+1	8.017571E-1	1.042141E+0	1.000000E+1	2.226600E-10	-3.075331E-10	3.342081E-12	-8.701728E-12	-1.055678E-11	-9.683053E-12	-9.819687E-12	-1.018323E-11	-1.004367E-11	-9.828546E-12	-9.254269E-12	-1.017482E-11	-1.043257E-11	-9.598226E-12	-7.030789E-12	-1.287334E-11	-9.184899E-12	-1.063245E-11	-1.273327E-11	-1.051132E-11	-1.121194E-11	-1.097036E-11	-6.814532E-12	-9.889618E-12	-9.414285E-12	-9.819528E-12	-1.021481E-11	-1.155563E-11	-8.524602E-12	-7.851271E-12	-1.105031E-11	-1.051823E-11	-1.160361E-11	-1.019384E-11
0:00:40	0	5.014598E+0	2.549100E+1	2.566300E+1	8.028212E-1	1.043155E+0	2.000000E+1	3.423500E-10	-2.922679E-10	1.324089E-12	-8.953563E-12	-7.838500E-12	-8.544105E-12	-9.819687E-12	-8.863441E-12	-8.653588E-12	-7.673233E-12	-8.938055E-12	-1.086917E-11	-9.610106E-12	-6.378215E-12	-7.157785E-12	-1.053916E-11	-1.323885E-11	-8.100726E-12	-9.755970E-12	-1.107767E-11	-9.637797E-12	-1.034391E-11	-9.906523E-12	-9.763325E-12	-1.004669E-11	-1.051212E-11	-9.080050E-12	-8.855849E-12	-8.903385E-12	-1.038407E-11	-1.054590E-11	-9.250843E-12	-1.059960E-11	-9.750066E-12
0:00:53	0	5.016878E+0	2.549600E+1	2.567000E+1	8.023652E-1	1.042787E+0	3.000000E+1	2.722800E-10	-2.666379E-10	1.955272E-12	-7.881524E-12	-6.700895E-12	-9.176521E-12	-9.376611E-12	-7.354116E-12	-9.664736E-12	-4.628967E-12	-7.796281E-12	-9.100378E-12	-9.230812E-12	-5.241740E-12	-4.370869E-12	-1.123254E-11	-1.672282E-11	-7.024692E-12	-9.248919E-12	-8.433695E-12	-9.448860E-12	-1.028156E-11	-8.139387E-12	-8.189141E-12	-8.593353E-12	-8.875534E-12	-1.034122E-11	-9.545915E-12	-6.756285E-12	-8.673880E-12	-9.535069E-12	-8.934746E-12	-8.342047E-12	-9.750066E-12
0:01:07	0	5.012545E+0	2.549200E+1	2.566800E+1	8.036699E-1	1.043775E+0	4.000000E+1	3.177300E-10	-2.359306E-10	2.080712E-12	-6.746776E-12	-7.774634E-12	-5.695737E-12	-7.476284E-12	-7.229083E-12	-8.274657E-12	-4.185491E-12	-7.162852E-12	-8.342179E-12	-1.062222E-11	-8.272339E-12	-3.863884E-12	-9.655502E-12	-7.220921E-12	-6.898805E-12	-8.488844E-12	-8.874855E-12	-8.315235E-12	-8.463556E-12	-5.300413E-12	-8.944909E-12	-8.214308E-12	-8.182940E-12	-8.827218E-12	-7.096973E-12	-5.809329E-12	-8.421000E-12	-7.577215E-12	-9.567940E-12	-8.844055E-12	-7.661123E-12
0:01:20	0	5.016574E+0	2.549100E+1	2.566900E+1	8.030872E-1	1.043383E+0	5.000000E+1	9.123000E-10	-2.200400E-10	6.558722E-12	-5.801152E-12	-5.878625E-12	-7.531041E-12	-6.526121E-12	-5.908299E-12	-7.137864E-12	-6.214668E-12	-6.275251E-12	-7.520132E-12	-7.081814E-12	-8.398946E-12	-3.483895E-12	-1.022336E-11	-9.121900E-12	-5.506056E-12	-7.285724E-12	-8.056127E-12	-9.007343E-12	-1.021822E-11	-6.436003E-12	-8.189141E-12	-8.340989E-12	-6.608954E-12	-7.692461E-12	-4.772957E-12	-5.051764E-12	-7.597391E-12	-7.956026E-12	-1.032817E-11	-8.090548E-12	-8.357771E-12
0:01:34	0	5.014901E+0	2.549700E+1	2.567000E+1	8.063935E-1	1.047069E+0	6.000000E+1	9.833000E-10	-1.863141E-10	6.747877E-12	-5.737447E-12	-5.372690E-12	-6.834685E-12	-6.779165E-12	-5.657241E-12	-6.758933E-12	-9.131798E-12	-6.465380E-12	-6.509533E-12	-6.322228E-12	-2.462362E-12	-2.786916E-12	-9.466218E-12	-1.269986E-13	-4.367078E-12	-7.221718E-12	-7.804745E-12	-8.693110E-12	-7.272008E-12	-1.116862E-11	-5.354018E-12	-6.255243E-12	-6.735151E-12	-7.314208E-12	-5.149718E-12	-3.156854E-12	-7.281541E-12	-5.052141E-12	-6.717064E-12	-6.585514E-12	-6.521700E-12
0:01:47	0	5.015129E+0	2.549800E+1	2.566800E+1	8.058361E-1	1.046828E+0	7.000000E+1	1.111800E-9	-1.683846E-10	6.180411E-12	-6.684066E-12	-5.309823E-12	-5.632795E-12	-6.272078E-12	-5.217642E-12	-5.243209E-12	-2.726926E-12	-4.881307E-12	-6.256135E-12	-6.132581E-12	-5.556763E-12	-2.533924E-12	-7.068282E-12	5.699937E-13	-4.999510E-12	-7.981793E-12	-6.357067E-12	-6.677446E-12	-6.268494E-12	-4.416845E-12	-5.669252E-12	-5.244788E-12	-6.357553E-12	-7.314208E-12	-4.648032E-12	-5.051764E-12	-6.901722E-12	-6.946196E-12	-9.124804E-12	-5.519118E-12	-6.140893E-12
0:02:01	0	5.016726E+0	2.550400E+1	2.567200E+1	8.015291E-1	1.042724E+0	8.000000E+1	1.180100E-9	-1.521465E-10	7.945531E-12	-4.855529E-12	-3.034612E-12	-3.860433E-12	-5.701980E-12	-5.908299E-12	-5.622140E-12	-4.946307E-12	-3.866619E-12	-5.435086E-12	-4.552523E-12	-8.904379E-12	-3.356899E-12	-8.519795E-12	2.089977E-12	-6.328317E-12	-7.095705E-12	-6.797233E-12	-6.235929E-12	-6.394181E-12	-2.902726E-12	-5.228719E-12	-6.318085E-12	-6.735151E-12	-5.674783E-12	-2.700776E-12	-2.147099E-12	-5.698293E-12	-5.745963E-12	-5.955830E-12	-5.770617E-12	-5.888021E-12
0:02:14	0	5.014826E+0	2.549800E+1	2.567700E+1	8.022005E-1	1.043459E+0	9.000000E+1	1.258500E-9	-1.481695E-10	5.675664E-12	-5.863862E-12	-3.413814E-12	-3.733550E-12	-4.434762E-12	-4.588508E-12	-5.937251E-12	-5.960396E-12	-4.183834E-12	-4.866437E-12	-4.362876E-12	-5.999390E-12	-1.203964E-12	-7.698898E-12	-3.293964E-12	-1.645522E-12	-7.475743E-12	-5.224360E-12	-5.542827E-12	-7.272008E-12	-5.994717E-12	-5.858194E-12	-5.370472E-12	-5.287362E-12	-6.494993E-12	-3.768594E-12	-2.525882E-12	-6.015143E-12	-4.293523E-12	-5.892811E-12	-4.829971E-12	-4.811565E-12
0:02:28	0	5.015738E+0	2.549800E+1	2.567600E+1	8.023778E-1	1.042952E+0	1.000000E+2	1.274000E-9	-1.118308E-10	8.134687E-12	-2.963286E-12	-2.781146E-12	-3.987316E-12	-3.484599E-12	-4.273941E-12	-3.979773E-12	-2.092245E-12	-2.598760E-12	-4.802589E-12	-3.983583E-12	3.157206E-12	1.076968E-12	-6.815238E-12	-1.089488E-11	-4.809681E-12	-5.764573E-12	-5.286957E-12	-4.787077E-12	-5.328319E-12	-2.334931E-12	-3.527247E-12	-3.601927E-12	-3.902174E-12	-4.855567E-12	-1.947256E-12	-1.831115E-12	-3.862165E-12	-4.988342E-12	-5.195597E-12	-4.327963E-12	-5.191373E-12
0:02:42	0	5.018018E+0	2.550100E+1	2.567100E+1	8.062415E-1	1.047183E+0	1.200000E+2	1.522500E-9	-6.089822E-11	9.774367E-12	-5.673742E-13	-1.833141E-12	-1.138948E-12	-1.457250E-12	-2.577066E-12	-3.221911E-12	2.156314E-12	-7.605152E-13	-3.665291E-12	-2.592173E-12	-2.778381E-12	9.499715E-13	-6.941760E-12	-2.469973E-12	-6.324321E-13	-3.864384E-12	-4.028063E-12	-3.338226E-12	-3.573655E-12	4.412860E-13	-3.590891E-12	-2.779997E-12	-2.643184E-12	-2.963310E-12	-8.159834E-13	-1.893913E-13	-4.115045E-12	-4.167917E-12	-3.422052E-12	-2.445680E-12	-1.646167E-12
0:02:55	0	5.014445E+0	2.549600E+1	2.566800E+1	8.052787E-1	1.046385E+0	1.400000E+2	1.639300E-9	-1.096960E-11	1.091030E-11	1.387578E-12	7.584036E-13	1.202889E-12	-2.407414E-12	-8.801917E-13	-1.200613E-12	-2.854062E-12	1.711159E-12	-1.643096E-12	-1.267640E-13	-5.052328E-12	2.153935E-12	-3.722927E-12	0.000000E+0	2.911386E-12	-5.070504E-13	-1.887844E-12	-3.086641E-12	-1.755653E-12	-5.677947E-13	-3.152347E-13	-1.200975E-12	-1.887989E-13	-1.323884E-12	9.419006E-13	6.309721E-13	-3.168495E-13	-9.470273E-13	-9.502920E-13	-1.693163E-12	-9.495195E-13
0:03:09	0	5.016422E+0	2.549500E+1	2.566800E+1	8.085090E-1	1.049083E+0	1.600000E+2	1.692000E-9	8.687974E-11	1.362119E-11	4.035325E-12	3.224213E-12	1.582538E-12	3.864664E-12	2.703092E-12	1.452901E-12	1.966110E-12	3.866619E-12	6.314996E-13	2.149997E-12	2.272949E-12	5.637831E-12	2.520473E-13	1.203987E-12	6.328317E-12	1.077107E-12	1.825247E-12	2.708766E-12	1.755653E-12	6.305509E-13	1.511535E-12	5.686675E-12	2.958180E-12	1.639426E-12	3.077536E-12	3.599431E-12	3.798196E-13	1.579043E-12	8.872727E-13	1.630783E-12	1.139423E-12
0:03:23	0	5.016954E+0	2.549000E+1	2.566800E+1	8.083063E-1	1.048830E+0	1.800000E+2	1.767100E-9	2.051090E-10	1.570290E-11	7.818815E-12	7.459298E-12	6.138328E-12	5.638969E-12	5.280158E-12	5.053743E-12	6.595077E-12	8.113496E-12	6.382834E-12	5.437875E-12	5.999390E-12	9.691709E-12	3.786686E-12	6.587928E-12	9.239703E-12	4.751472E-12	3.901876E-12	3.905038E-12	4.388144E-12	9.086707E-12	6.551313E-12	5.623834E-12	7.112749E-12	3.719814E-12	7.788031E-12	7.261661E-12	4.431895E-12	5.683161E-12	5.005538E-12	4.829971E-12	6.140893E-12
0:03:37	0	5.014598E+0	2.549500E+1	2.567100E+1	8.080657E-1	1.048716E+0	2.000000E+2	1.916300E-9	3.477281E-10	2.081110E-11	1.279976E-11	1.207359E-11	1.031547E-11	1.013674E-11	8.108282E-12	7.895726E-12	1.261954E-11	1.274063E-11	1.086917E-11	8.409342E-12	7.956319E-12	1.159165E-11	8.077467E-12	1.273186E-11	1.601162E-11	8.171812E-12	1.032253E-11	1.165346E-11	9.466079E-12	1.192568E-11	1.039379E-11	1.181524E-11	1.221131E-11	7.755171E-12	1.243507E-11	1.149206E-11	9.243609E-12	8.209231E-12	8.744687E-12	9.470822E-12	1.126930E-11
0:03:50	0	5.015054E+0	2.550300E+1	2.567500E+1	8.069256E-1	1.047576E+0	2.200000E+2	2.081500E-9	5.300413E-10	2.730611E-11	1.866362E-11	1.826854E-11	1.461949E-11	1.577571E-11	1.527485E-11	1.395962E-11	1.629749E-11	1.984044E-11	1.636711E-11	1.561692E-11	1.862921E-11	1.735548E-11	1.299986E-11	1.140187E-11	2.303731E-11	1.577457E-11	1.466457E-11	1.656683E-11	1.648770E-11	1.495492E-11	1.631464E-11	1.901909E-11	1.775007E-11	1.443929E-11	1.802500E-11	1.749078E-11	1.392938E-11	1.458721E-11	1.419336E-11	1.593158E-11	1.449866E-11
0:04:04	0	5.014445E+0	2.550900E+1	2.567800E+1	8.070649E-1	1.047778E+0	2.400000E+2	2.314000E-9	7.816169E-10	3.310820E-11	2.648244E-11	2.566398E-11	2.208659E-11	2.388510E-11	2.231440E-11	2.128695E-11	2.714112E-11	2.636886E-11	2.350814E-11	2.459520E-11	2.930111E-11	2.616022E-11	2.208751E-11	1.627982E-11	3.259373E-11	2.337632E-11	2.171418E-11	2.368480E-11	2.444851E-11	2.378861E-11	2.299224E-11	2.881242E-11	2.480022E-11	2.105970E-11	2.418008E-11	2.412048E-11	2.000750E-11	2.266984E-11	2.255793E-11	2.508852E-11	2.545212E-11
0:04:18	0	5.017334E+0	2.551200E+1	2.568300E+1	8.058361E-1	1.046423E+0	2.600000E+2	2.639800E-9	1.119568E-9	4.357647E-11	3.682259E-11	3.641036E-11	3.233912E-11	3.224854E-11	3.230909E-11	2.956161E-11	4.254966E-11	3.885632E-11	3.305047E-11	3.249849E-11	3.542611E-11	3.458496E-11	3.363586E-11	3.160865E-11	4.316224E-11	3.211919E-11	3.159556E-11	3.357418E-11	3.441635E-11	3.798646E-11	3.376392E-11	3.961720E-11	3.701153E-11	2.988692E-11	3.535895E-11	3.434960E-11	3.191084E-11	3.252092E-11	3.313918E-11	3.575149E-11	3.792481E-11
0:04:32	0	5.014978E+0	2.551100E+1	2.568600E+1	8.056208E-1	1.046360E+0	2.800000E+2	3.059800E-9	1.573046E-9	5.606373E-11	5.025343E-11	5.031708E-11	4.657896E-11	4.758017E-11	4.519541E-11	4.251108E-11	5.275961E-11	5.356228E-11	4.790119E-11	4.609218E-11	4.849856E-11	4.852054E-11	4.650920E-11	4.839447E-11	5.955452E-11	4.814679E-11	4.556858E-11	4.976214E-11	4.870998E-11	5.041718E-11	4.818914E-11	5.566678E-11	5.388021E-11	4.256137E-11	5.080909E-11	4.798777E-11	4.539644E-11	4.780195E-11	4.726953E-11	4.879676E-11	5.178979E-11
0:04:45	0	5.013382E+0	2.550400E+1	2.568400E+1	8.047214E-1	1.045865E+0	3.000000E+2	3.705200E-9	2.205298E-9	7.498228E-11	6.967355E-11	6.934303E-11	6.385600E-11	6.798068E-11	6.430460E-11	6.272406E-11	6.455427E-11	7.099409E-11	6.704969E-11	6.784268E-11	7.577893E-11	6.821995E-11	6.689314E-11	6.163432E-11	7.803393E-11	6.550551E-11	6.526873E-11	6.802940E-11	7.002425E-11	6.694897E-11	7.187351E-11	7.879252E-11	7.591105E-11	6.349465E-11	6.971353E-11	6.876200E-11	6.451735E-11	6.857773E-11	6.837001E-11	7.125148E-11	7.439236E-11
0:04:59	0	5.014673E+0	2.550600E+1	2.568300E+1	8.077110E-1	1.048792E+0	3.200000E+2	4.620800E-9	3.142495E-9	1.010270E-10	9.949753E-11	9.804162E-11	9.265139E-11	9.687064E-11	9.152208E-11	8.761185E-11	9.664170E-11	1.009764E-10	9.276958E-11	9.363964E-11	1.006598E-10	9.773807E-11	9.390205E-11	9.533295E-11	1.079061E-10	9.204915E-11	9.384275E-11	9.914740E-11	1.041279E-10	9.912998E-11	9.965394E-11	1.114592E-10	1.078866E-10	9.092294E-11	9.797551E-11	9.584894E-11	9.421225E-11	9.787776E-11	1.013191E-10	1.015452E-10	1.087080E-10
0:05:13	0	5.019766E+0	2.550700E+1	2.568200E+1	8.073309E-1	1.048298E+0	3.400000E+2	6.076000E-9	4.560717E-9	1.396854E-10	1.426259E-10	1.415939E-10	1.332808E-10	1.399530E-10	1.331977E-10	1.286072E-10	1.370350E-10	1.433831E-10	1.331516E-10	1.380250E-10	1.386748E-10	1.413818E-10	1.368776E-10	1.396735E-10	1.558151E-10	1.337973E-10	1.384038E-10	1.433667E-10	1.479479E-10	1.465807E-10	1.445664E-10	1.620079E-10	1.589975E-10	1.338626E-10	1.445143E-10	1.396701E-10	1.396727E-10	1.453009E-10	1.506803E-10	1.487746E-10	1.596112E-10
0:05:27	0	5.016118E+0	2.550500E+1	2.568100E+1	8.068369E-1	1.047918E+0	3.600000E+2	8.291300E-9	6.808054E-9	2.045778E-10	2.090844E-10	2.090410E-10	1.998583E-10	2.091369E-10	1.975648E-10	1.922158E-10	1.977852E-10	2.119686E-10	1.971675E-10	2.089659E-10	2.112338E-10	2.107417E-10	2.059156E-10	2.025108E-10	2.275207E-10	2.003799E-10	2.080782E-10	2.157427E-10	2.212321E-10	2.159901E-10	2.195903E-10	2.439595E-10	2.417699E-10	1.996904E-10	2.157349E-10	2.069788E-10	2.089388E-10	2.196236E-10	2.276680E-10	2.269255E-10	2.404623E-10
0:05:40	0	5.016041E+0	2.551100E+1	2.568400E+1	8.064188E-1	1.047690E+0	3.620000E+2	8.224400E-9	7.113312E-9	2.111365E-10	2.170286E-10	2.170691E-10	2.082126E-10	2.194647E-10	2.083762E-10	2.004276E-10	2.088821E-10	2.216672E-10	2.070890E-10	2.181338E-10	2.154008E-10	2.194204E-10	2.150661E-10	2.177776E-10	2.382161E-10	2.058915E-10	2.150642E-10	2.232385E-10	2.327666E-10	2.293681E-10	2.292283E-10	2.540062E-10	2.528474E-10	2.100944E-10	2.260343E-10	2.153768E-10	2.176766E-10	2.289693E-10	2.378061E-10	2.400341E-10	2.515417E-10
0:05:54	0	5.013457E+0	2.551000E+1	2.568700E+1	8.049494E-1	1.045777E+0	3.640000E+2	8.463800E-9	7.430302E-9	2.211627E-10	2.260449E-10	2.271199E-10	2.165659E-10	2.287773E-10	2.162334E-10	2.115452E-10	2.107211E-10	2.288931E-10	2.171371E-10	2.278078E-10	2.344089E-10	2.293011E-10	2.248481E-10	2.229715E-10	2.486587E-10	2.165975E-10	2.259531E-10	2.350183E-10	2.424840E-10	2.383911E-10	2.398111E-10	2.672757E-10	2.637371E-10	2.155800E-10	2.361464E-10	2.267423E-10	2.279327E-10	2.394524E-10	2.494016E-10	2.495049E-10	2.640774E-10
0:06:07	0	5.016650E+0	2.550900E+1	2.568600E+1	8.057095E-1	1.046714E+0	3.660000E+2	8.742700E-9	7.775955E-9	2.311900E-10	2.363233E-10	2.378024E-10	2.264388E-10	2.408154E-10	2.264167E-10	2.191887E-10	2.306325E-10	2.411273E-10	2.237095E-10	2.368490E-10	2.445763E-10	2.412738E-10	2.345026E-10	2.282925E-10	2.599875E-10	2.271136E-10	2.370308E-10	2.462302E-10	2.535801E-10	2.476033E-10	2.514012E-10	2.782700E-10	2.765148E-10	2.290110E-10	2.465093E-10	2.349509E-10	2.400260E-10	2.494928E-10	2.600469E-10	2.614214E-10	2.776265E-10
0:06:21	0	5.016194E+0	2.551100E+1	2.568200E+1	8.053674E-1	1.046233E+0	3.680000E+2	9.129600E-9	8.127448E-9	2.415955E-10	2.459697E-10	2.476637E-10	2.375135E-10	2.494949E-10	2.360968E-10	2.309375E-10	2.421108E-10	2.517766E-10	2.346415E-10	2.484194E-10	2.529743E-10	2.518514E-10	2.447259E-10	2.411513E-10	2.706200E-10	2.352224E-10	2.474159E-10	2.559933E-10	2.655540E-10	2.634418E-10	2.638743E-10	2.913491E-10	2.890411E-10	2.375854E-10	2.568087E-10	2.461269E-10	2.506629E-10	2.616796E-10	2.725297E-10	2.727112E-10	2.899093E-10
0:06:34	0	5.013077E+0	2.550600E+1	2.568300E+1	8.063302E-1	1.046727E+0	3.700000E+2	9.535000E-9	8.499952E-9	2.514963E-10	2.575083E-10	2.589788E-10	2.485254E-10	2.619760E-10	2.468456E-10	2.401595E-10	2.490863E-10	2.609678E-10	2.449430E-10	2.549952E-10	2.630789E-10	2.623031E-10	2.566538E-10	2.533762E-10	2.838471E-10	2.492238E-10	2.577374E-10	2.676468E-10	2.775278E-10	2.735376E-10	2.744570E-10	3.053129E-10	3.042732E-10	2.511427E-10	2.689929E-10	2.570508E-10	2.635158E-10	2.755092E-10	2.882446E-10	2.872001E-10	3.038383E-10
0:06:48	0	5.017714E+0	2.550500E+1	2.568400E+1	8.058868E-1	1.046702E+0	3.720000E+2	9.759000E-9	8.900273E-9	2.616500E-10	2.700562E-10	2.708628E-10	2.590946E-10	2.719857E-10	2.589143E-10	2.532984E-10	2.597397E-10	2.742788E-10	2.554959E-10	2.718139E-10	2.762770E-10	2.756047E-10	2.700323E-10	2.612951E-10	2.965677E-10	2.611330E-10	2.696964E-10	2.806864E-10	2.915701E-10	2.861576E-10	2.884407E-10	3.195929E-10	3.182473E-10	2.636898E-10	2.823699E-10	2.703740E-10	2.740268E-10	2.887696E-10	3.004733E-10	3.000582E-10	3.180201E-10
0:07:01	0	5.015357E+0	2.551200E+1	2.568800E+1	8.072929E-1	1.047918E+0	3.740000E+2	1.010300E-8	9.336617E-9	2.750193E-10	2.832969E-10	2.837577E-10	2.708028E-10	2.876984E-10	2.703548E-10	2.651739E-10	2.723582E-10	2.870194E-10	2.663023E-10	2.878730E-10	2.912426E-10	2.903003E-10	2.824643E-10	2.704800E-10	3.117570E-10	2.719660E-10	2.860601E-10	2.944182E-10	3.059884E-10	3.001024E-10	3.016060E-10	3.351368E-10	3.332280E-10	2.763632E-10	2.932979E-10	2.826864E-10	2.896014E-10	3.017777E-10	3.157440E-10	3.170552E-10	3.356841E-10
0:07:15	0	5.015890E+0	2.551800E+1	2.568800E+1	8.070649E-1	1.047639E+0	3.760000E+2	1.067700E-8	9.794306E-9	2.854876E-10	2.952147E-10	2.970317E-10	2.850416E-10	2.994825E-10	2.828640E-10	2.777435E-10	2.873874E-10	3.002684E-10	2.805843E-10	2.972306E-10	2.976846E-10	3.022089E-10	2.979876E-10	2.920798E-10	3.255537E-10	2.845103E-10	2.973891E-10	3.087794E-10	3.208462E-10	3.181493E-10	3.171022E-10	3.521340E-10	3.497191E-10	2.935777E-10	3.107578E-10	2.965778E-10	3.030880E-10	3.194592E-10	3.336135E-10	3.331749E-10	3.515761E-10
0:07:28	0	5.015966E+0	2.551300E+1	2.568900E+1	8.086990E-1	1.049210E+0	3.780000E+2	1.107600E-8	1.028749E-8	3.001810E-10	3.097166E-10	3.115073E-10	2.995342E-10	3.155752E-10	2.975098E-10	2.921459E-10	2.970257E-10	3.140227E-10	2.932233E-10	3.144285E-10	3.125245E-10	3.166515E-10	3.124390E-10	3.139965E-10	3.432108E-10	2.989537E-10	3.133136E-10	3.233306E-10	3.381483E-10	3.327247E-10	3.330390E-10	3.698254E-10	3.677216E-10	3.046117E-10	3.236331E-10	3.128684E-10	3.201829E-10	3.353085E-10	3.498975E-10	3.497333E-10	3.705065E-10
0:07:42	0	5.014217E+0	2.551400E+1	2.568500E+1	8.078756E-1	1.048424E+0	3.800000E+2	1.156500E-8	1.082018E-8	3.160730E-10	3.262362E-10	3.276263E-10	3.132675E-10	3.321111E-10	3.140419E-10	3.078107E-10	3.090746E-10	3.302507E-10	3.093380E-10	3.314369E-10	3.337427E-10	3.338810E-10	3.274582E-10	3.212185E-10	3.581474E-10	3.151083E-10	3.296146E-10	3.412200E-10	3.552002E-10	3.486259E-10	3.516846E-10	3.894131E-10	3.892486E-10	3.201857E-10	3.405903E-10	3.293485E-10	3.371509E-10	3.535582E-10	3.688433E-10	3.694274E-10	3.892470E-10
0:07:55	0	5.016802E+0	2.551300E+1	2.568800E+1	8.066215E-1	1.048082E+0	3.820000E+2	1.225300E-8	1.137067E-8	3.296325E-10	3.423148E-10	3.434301E-10	3.286463E-10	3.478868E-10	3.298189E-10	3.234137E-10	3.293664E-10	3.472382E-10	3.236201E-10	3.471167E-10	3.480135E-10	3.520604E-10	3.439289E-10	3.355973E-10	3.775759E-10	3.305029E-10	3.463568E-10	3.602430E-10	3.733178E-10	3.666728E-10	3.692601E-10	4.095065E-10	4.091391E-10	3.375883E-10	3.608768E-10	3.463339E-10	3.534231E-10	3.711131E-10	3.881703E-10	3.889334E-10	4.095708E-10
0:08:09	0	5.014673E+0	2.551600E+1	2.569300E+1	8.050887E-1	1.045802E+0	3.840000E+2	1.279300E-8	1.199059E-8	3.459029E-10	3.602219E-10	3.608125E-10	3.483281E-10	3.668300E-10	3.453458E-10	3.389518E-10	3.474388E-10	3.639726E-10	3.398615E-10	3.664008E-10	3.689166E-10	3.698599E-10	3.645022E-10	3.584651E-10	3.985881E-10	3.474815E-10	3.661196E-10	3.787628E-10	3.946944E-10	3.908400E-10	3.902357E-10	4.310532E-10	4.297847E-10	3.549282E-10	3.790902E-10	3.630661E-10	3.740003E-10	3.927093E-10	4.111073E-10	4.091296E-10	4.331858E-10
0:08:22	0	5.015966E+0	2.551700E+1	2.569000E+1	8.053674E-1	1.046423E+0	3.860000E+2	1.330200E-8	1.263228E-8	3.661455E-10	3.776244E-10	3.781959E-10	3.671877E-10	3.859633E-10	3.635747E-10	3.575234E-10	3.638634E-10	3.840662E-10	3.573659E-10	3.860013E-10	3.861561E-10	3.876584E-10	3.836867E-10	3.751879E-10	4.192835E-10	3.675635E-10	3.866374E-10	3.992347E-10	4.147558E-10	4.097695E-10	4.109606E-10	4.560113E-10	4.555289E-10	3.754843E-10	4.005060E-10	3.838393E-10	3.943247E-10	4.130425E-10	4.333482E-10	4.335914E-10	4.581952E-10
0:08:36	0	5.014522E+0	2.551500E+1	2.568700E+1	8.052534E-1	1.046106E+0	3.880000E+2	1.415100E-8	1.335176E-8	3.839929E-10	3.972346E-10	4.003203E-10	3.856037E-10	4.078211E-10	3.850090E-10	3.796949E-10	3.823793E-10	4.045410E-10	3.784727E-10	4.076889E-10	4.168459E-10	4.121096E-10	4.052053E-10	3.914667E-10	4.426365E-10	3.887226E-10	4.070937E-10	4.229821E-10	4.407086E-10	4.328648E-10	4.347713E-10	4.806532E-10	4.819657E-10	3.964176E-10	4.226139E-10	4.034772E-10	4.176876E-10	4.388056E-10	4.585039E-10	4.579897E-10	4.854823E-10
0:08:49	0	5.016726E+0	2.551200E+1	2.568600E+1	8.063048E-1	1.046828E+0	3.900000E+2	1.492400E-8	1.411675E-8	4.054341E-10	4.181050E-10	4.230136E-10	4.069949E-10	4.294248E-10	4.056900E-10	3.988339E-10	4.127549E-10	4.261557E-10	3.989481E-10	4.285530E-10	4.323179E-10	4.329490E-10	4.300066E-10	4.168044E-10	4.657997E-10	4.096917E-10	4.305070E-10	4.451545E-10	4.648444E-10	4.600601E-10	4.629286E-10	5.094028E-10	5.102905E-10	4.200623E-10	4.457887E-10	4.303758E-10	4.420640E-10	4.640643E-10	4.879049E-10	4.870300E-10	5.147965E-10
0:09:03	0	5.014370E+0	2.551400E+1	2.568700E+1	8.059628E-1	1.046461E+0	3.920000E+2	1.571900E-8	1.494076E-8	4.266236E-10	4.428216E-10	4.458325E-10	4.297779E-10	4.550842E-10	4.303304E-10	4.222060E-10	4.344422E-10	4.509405E-10	4.206874E-10	4.546664E-10	4.504417E-10	4.596162E-10	4.527247E-10	4.430291E-10	4.945959E-10	4.347792E-10	4.556829E-10	4.716107E-10	4.928042E-10	4.873830E-10	4.896380E-10	5.405533E-10	5.413221E-10	4.432034E-10	4.719785E-10	4.574627E-10	4.703656E-10	4.919119E-10	5.165457E-10	5.156929E-10	5.460097E-10
0:09:16	0	5.015434E+0	2.551500E+1	2.568800E+1	8.072169E-1	1.047816E+0	3.940000E+2	1.666500E-8	1.583347E-8	4.521645E-10	4.696823E-10	4.710544E-10	4.563583E-10	4.818208E-10	4.554739E-10	4.484828E-10	4.520070E-10	4.754080E-10	4.457758E-10	4.819167E-10	4.813209E-10	4.891973E-10	4.821325E-10	4.669099E-10	5.217465E-10	4.618929E-10	4.845718E-10	5.027277E-10	5.219546E-10	5.157777E-10	5.194332E-10	5.717039E-10	5.740529E-10	4.701907E-10	5.001770E-10	4.826567E-10	4.974007E-10	5.216545E-10	5.498120E-10	5.475561E-10	5.804523E-10
0:09:30	0	5.013913E+0	2.550900E+1	2.569000E+1	8.069129E-1	1.047525E+0	3.960000E+2	1.780900E-8	1.682853E-8	4.783984E-10	4.972995E-10	4.989936E-10	4.829388E-10	5.117239E-10	4.844518E-10	4.763402E-10	4.830163E-10	5.063420E-10	4.724435E-10	5.104955E-10	5.125172E-10	5.190954E-10	5.112873E-10	4.906636E-10	5.545300E-10	4.900207E-10	5.154749E-10	5.337820E-10	5.559325E-10	5.460023E-10	5.527556E-10	6.089201E-10	6.102456E-10	4.998258E-10	5.327102E-10	5.144805E-10	5.308309E-10	5.563845E-10	5.867533E-10	5.861919E-10	6.176795E-10
0:09:43	0	5.015434E+0	2.550600E+1	2.568400E+1	8.084204E-1	1.048830E+0	3.980000E+2	1.870000E-8	1.788417E-8	5.072188E-10	5.269343E-10	5.309154E-10	5.136953E-10	5.423252E-10	5.107890E-10	5.040072E-10	5.150396E-10	5.359440E-10	5.007552E-10	5.426156E-10	5.374608E-10	5.520974E-10	5.452390E-10	5.243632E-10	5.888952E-10	5.196697E-10	5.464415E-10	5.667267E-10	5.934841E-10	5.855029E-10	5.889131E-10	6.477164E-10	6.514117E-10	5.317931E-10	5.664362E-10	5.451040E-10	5.641350E-10	5.928839E-10	6.242018E-10	6.241386E-10	6.573134E-10
0:09:57	0	5.016194E+0	2.551200E+1	2.568200E+1	8.083824E-1	1.048589E+0	4.000000E+2	1.987100E-8	1.908418E-8	5.396958E-10	5.590915E-10	5.639120E-10	5.446428E-10	5.772342E-10	5.459273E-10	5.379275E-10	5.409124E-10	5.692856E-10	5.339324E-10	5.794131E-10	5.724453E-10	5.880764E-10	5.795682E-10	5.679438E-10	6.300322E-10	5.552092E-10	5.835754E-10	6.064105E-10	6.319749E-10	6.231098E-10	6.295426E-10	6.935260E-10	6.965426E-10	5.665993E-10	6.042451E-10	5.842522E-10	6.032634E-10	6.348761E-10	6.686835E-10	6.683569E-10	7.039748E-10
0:10:10	0	5.013457E+0	2.551200E+1	2.568900E+1	8.073183E-1	1.048323E+0	4.020000E+2	2.121600E-8	2.037739E-8	5.717318E-10	5.933291E-10	5.990580E-10	5.817285E-10	6.157548E-10	5.825113E-10	5.757638E-10	5.772474E-10	6.059875E-10	5.667933E-10	6.181720E-10	6.133025E-10	6.269052E-10	6.217229E-10	6.036064E-10	6.702201E-10	5.939800E-10	6.228505E-10	6.467248E-10	6.753565E-10	6.648188E-10	6.720625E-10	7.411680E-10	7.464580E-10	6.078358E-10	6.440002E-10	6.218215E-10	6.450506E-10	6.802158E-10	7.165242E-10	7.178438E-10	7.568410E-10
0:10:24	0	5.009885E+0	2.551400E+1	2.569100E+1	8.084077E-1	1.049185E+0	4.040000E+2	2.274500E-8	2.185029E-8	6.111468E-10	6.368984E-10	6.415366E-10	6.217255E-10	6.585191E-10	6.219234E-10	6.177703E-10	6.205589E-10	6.469362E-10	6.087546E-10	6.607237E-10	6.567488E-10	6.720688E-10	6.648877E-10	6.436399E-10	7.168003E-10	6.364893E-10	6.667190E-10	6.961091E-10	7.260725E-10	7.160558E-10	7.227715E-10	7.939281E-10	8.020374E-10	6.514692E-10	6.906640E-10	6.674099E-10	6.949429E-10	7.319325E-10	7.708269E-10	7.684594E-10	8.137592E-10
0:10:37	0	5.006389E+0	2.552100E+1	2.569900E+1	8.053548E-1	1.046309E+0	4.060000E+2	2.429300E-8	2.349452E-8	6.528945E-10	6.805315E-10	6.859112E-10	6.661525E-10	7.057833E-10	6.669928E-10	6.597129E-10	6.680548E-10	6.942233E-10	6.500844E-10	7.099141E-10	7.015847E-10	7.206524E-10	7.168882E-10	6.960893E-10	7.693291E-10	6.826719E-10	7.161269E-10	7.470058E-10	7.821169E-10	7.696915E-10	7.799682E-10	8.561025E-10	8.668700E-10	7.033625E-10	7.438596E-10	7.187440E-10	7.511032E-10	7.873754E-10	8.329870E-10	8.315570E-10	8.801746E-10
0:10:51	0	5.016954E+0	2.552000E+1	2.569600E+1	8.059501E-1	1.047056E+0	4.080000E+2	2.605600E-8	2.528139E-8	6.962828E-10	7.289564E-10	7.345847E-10	7.127944E-10	7.556438E-10	7.177204E-10	7.101198E-10	7.120630E-10	7.446794E-10	6.969740E-10	7.622667E-10	7.577245E-10	7.743038E-10	7.765227E-10	7.465738E-10	8.294532E-10	7.338599E-10	7.723946E-10	8.046417E-10	8.404186E-10	8.326649E-10	8.427715E-10	9.209312E-10	9.340953E-10	7.550666E-10	8.012639E-10	7.750669E-10	8.082761E-10	8.507116E-10	9.038918E-10	8.994212E-10	9.492487E-10
0:11:04	0	5.017030E+0	2.551700E+1	2.568800E+1	8.051267E-1	1.045840E+0	4.100000E+2	2.815100E-8	2.736138E-8	7.527876E-10	7.857675E-10	7.917913E-10	7.688026E-10	8.169093E-10	7.717783E-10	7.675378E-10	7.689451E-10	8.029329E-10	7.522068E-10	8.239758E-10	8.204310E-10	8.380909E-10	8.389986E-10	7.973132E-10	8.958415E-10	7.945500E-10	8.355231E-10	8.702776E-10	9.140789E-10	8.993609E-10	9.131961E-10	9.981447E-10	1.014224E-9	8.193805E-10	8.682132E-10	8.407349E-10	8.790624E-10	9.273082E-10	9.826540E-10	9.796414E-10	1.030922E-9
0:11:18	0	5.014901E+0	2.551500E+1	2.569000E+1	8.056968E-1	1.046410E+0	4.106850E+2	2.894000E-8	2.813987E-8	7.703820E-10	8.057550E-10	8.139147E-10	7.898772E-10	8.396533E-10	7.928364E-10	7.885096E-10	7.971634E-10	8.227733E-10	7.709752E-10	8.423745E-10	8.374183E-10	8.604502E-10	8.667656E-10	8.206870E-10	9.193854E-10	8.199535E-10	8.597550E-10	8.978047E-10	9.395309E-10	9.261150E-10	9.395267E-10	1.031949E-9	1.044814E-9	8.414495E-10	8.949057E-10	8.655491E-10	9.043884E-10	9.538299E-10	1.011358E-9	1.006298E-9	1.063719E-9
0:11:31	0	5.010189E+0	2.551500E+1	2.568800E+1	8.069129E-1	1.047272E+0	4.113700E+2	2.966200E-8	2.897170E-8	7.929582E-10	8.283912E-10	8.367347E-10	8.127870E-10	8.623351E-10	8.164081E-10	8.118807E-10	8.163139E-10	8.461632E-10	7.935356E-10	8.686146E-10	8.598368E-10	8.881314E-10	8.875899E-10	8.524226E-10	9.478648E-10	8.389594E-10	8.850561E-10	9.233163E-10	9.665505E-10	9.592423E-10	9.688186E-10	1.063036E-9	1.074084E-9	8.666083E-10	9.195250E-10	8.889120E-10	9.324371E-10	9.847718E-10	1.044878E-9	1.037784E-9	1.095755E-9
0:11:45	0	5.015357E+0	2.552000E+1	2.568800E+1	8.065329E-1	1.047031E+0	4.120549E+2	3.036300E-8	2.981735E-8	8.132646E-10	8.501445E-10	8.580997E-10	8.348106E-10	8.864103E-10	8.408599E-10	8.348110E-10	8.374306E-10	8.687935E-10	8.146424E-10	8.960545E-10	8.868011E-10	9.137226E-10	9.135896E-10	8.730724E-10	9.734329E-10	8.670242E-10	9.102956E-10	9.508435E-10	9.963284E-10	9.797506E-10	9.969759E-10	1.093554E-9	1.110654E-9	8.922080E-10	9.478504E-10	9.179567E-10	9.611185E-10	1.016850E-9	1.077637E-9	1.071151E-9	1.131210E-9
0:11:58	0	5.010189E+0	2.551500E+1	2.568900E+1	8.082810E-1	1.048538E+0	4.127399E+2	3.136200E-8	3.053859E-8	8.305444E-10	8.700693E-10	8.771905E-10	8.542397E-10	9.099783E-10	8.577692E-10	8.548973E-10	8.581037E-10	8.876193E-10	8.346758E-10	9.160343E-10	9.090292E-10	9.343720E-10	9.323328E-10	8.931522E-10	9.991278E-10	8.861561E-10	9.321986E-10	9.733936E-10	1.021592E-9	1.005305E-9	1.022991E-9	1.120914E-9	1.136587E-9	9.157900E-10	9.717787E-10	9.405620E-10	9.847343E-10	1.039709E-9	1.104313E-9	1.101822E-9	1.161600E-9
0:12:12	0	5.014522E+0	2.552100E+1	2.569500E+1	8.078250E-1	1.048120E+0	4.134249E+2	3.209700E-8	3.147217E-8	8.565265E-10	8.958580E-10	9.024114E-10	8.780986E-10	9.319631E-10	8.815929E-10	8.787750E-10	8.843559E-10	9.137980E-10	8.579316E-10	9.416417E-10	9.317627E-10	9.609122E-10	9.636962E-10	9.222279E-10	1.026468E-9	9.120667E-10	9.591361E-10	1.003314E-9	1.052561E-9	1.041651E-9	1.054362E-9	1.158447E-9	1.173787E-9	9.432183E-10	1.000355E-9	9.693545E-10	1.019938E-9	1.074945E-9	1.141635E-9	1.137824E-9	1.201551E-9
0:12:25	0	5.011481E+0	2.552100E+1	2.569100E+1	8.082683E-1	1.048944E+0	4.141099E+2	3.322400E-8	3.245656E-8	8.796702E-10	9.183678E-10	9.282650E-10	9.046791E-10	9.586357E-10	9.105072E-10	9.079577E-10	9.080724E-10	9.420061E-10	8.847887E-10	9.718644E-10	9.546856E-10	9.904933E-10	9.960699E-10	9.565605E-10	1.055834E-9	9.396244E-10	9.906065E-10	1.036951E-9	1.088043E-9	1.072506E-9	1.090079E-9	1.193262E-9	1.213316E-9	9.731680E-10	1.032762E-9	1.000737E-9	1.050139E-9	1.111318E-9	1.179844E-9	1.176398E-9	1.239348E-9
0:12:39	0	5.015662E+0	2.552000E+1	2.568900E+1	8.081543E-1	1.048741E+0	4.147948E+2	3.400600E-8	3.346350E-8	9.051484E-10	9.458586E-10	9.548141E-10	9.319549E-10	9.918974E-10	9.336393E-10	9.312031E-10	9.309649E-10	9.695168E-10	9.102562E-10	1.002592E-9	9.877131E-10	1.022608E-9	1.026992E-9	9.814542E-10	1.088364E-9	9.701594E-10	1.021006E-9	1.070966E-9	1.122272E-9	1.105130E-9	1.121323E-9	1.231426E-9	1.251775E-9	1.004758E-9	1.062469E-9	1.033381E-9	1.085152E-9	1.148132E-9	1.222235E-9	1.213529E-9	1.284807E-9
0:12:52	0	5.013154E+0	2.551200E+1	2.569000E+1	8.056714E-1	1.046474E+0	4.154798E+2	3.540100E-8	3.458338E-8	9.331484E-10	9.711426E-10	9.852191E-10	9.591687E-10	1.020407E-9	9.658859E-10	9.622176E-10	9.674901E-10	9.965831E-10	9.371144E-10	1.033511E-9	1.018972E-9	1.055673E-9	1.056652E-9	1.010276E-9	1.125704E-9	9.993013E-10	1.057637E-9	1.106871E-9	1.159823E-9	1.144630E-9	1.163590E-9	1.273698E-9	1.294326E-9	1.041015E-9	1.101345E-9	1.068488E-9	1.125420E-9	1.188482E-9	1.270518E-9	1.259315E-9	1.329759E-9
0:13:06	0	5.016802E+0	2.551400E+1	2.569300E+1	8.069129E-1	1.047715E+0	4.161648E+2	3.642800E-8	3.573993E-8	9.613376E-10	1.004120E-9	1.012779E-9	9.889762E-10	1.051896E-9	9.975033E-10	9.950639E-10	1.002114E-9	1.028657E-9	9.675112E-10	1.063290E-9	1.050167E-9	1.090575E-9	1.093128E-9	1.048092E-9	1.167348E-9	1.033131E-9	1.088351E-9	1.140066E-9	1.199693E-9	1.188926E-9	1.207054E-9	1.318054E-9	1.340653E-9	1.076576E-9	1.136893E-9	1.103658E-9	1.164422E-9	1.230349E-9	1.312528E-9	1.299896E-9	1.377117E-9
0:13:19	0	5.011937E+0	2.551300E+1	2.569200E+1	8.048480E-1	1.045384E+0	4.168498E+2	3.757700E-8	3.695913E-8	9.907881E-10	1.036718E-9	1.047419E-9	1.022581E-9	1.084523E-9	1.026042E-9	1.024689E-9	1.028303E-9	1.061492E-9	9.982871E-10	1.102555E-9	1.086415E-9	1.125921E-9	1.131875E-9	1.082362E-9	1.202282E-9	1.068290E-9	1.124856E-9	1.180696E-9	1.242009E-9	1.227290E-9	1.249385E-9	1.367212E-9	1.390757E-9	1.112391E-9	1.176899E-9	1.142869E-9	1.207350E-9	1.275751E-9	1.363917E-9	1.350323E-9	1.426881E-9
0:13:33	0	5.018626E+0	2.551000E+1	2.568500E+1	8.054308E-1	1.045980E+0	4.175348E+2	3.870700E-8	3.808203E-8	1.016707E-9	1.063452E-9	1.075612E-9	1.049858E-9	1.114681E-9	1.057849E-9	1.058295E-9	1.060961E-9	1.092108E-9	1.026851E-9	1.133156E-9	1.121337E-9	1.159873E-9	1.162923E-9	1.111690E-9	1.241458E-9	1.101549E-9	1.162809E-9	1.216726E-9	1.279247E-9	1.266223E-9	1.287054E-9	1.411442E-9	1.432677E-9	1.144674E-9	1.211442E-9	1.181953E-9	1.245275E-9	1.316039E-9	1.404914E-9	1.396110E-9	1.477088E-9
0:13:46	0	5.012698E+0	2.551200E+1	2.569100E+1	8.071156E-1	1.047297E+0	4.182197E+2	4.019100E-8	3.945443E-8	1.049311E-9	1.100212E-9	1.109810E-9	1.081501E-9	1.154151E-9	1.090786E-9	1.091962E-9	1.103321E-9	1.126401E-9	1.059206E-9	1.171788E-9	1.159352E-9	1.199525E-9	1.208423E-9	1.149949E-9	1.278101E-9	1.137723E-9	1.203090E-9	1.262961E-9	1.327518E-9	1.315946E-9	1.336755E-9	1.462369E-9	1.487628E-9	1.188433E-9	1.260178E-9	1.221986E-9	1.295041E-9	1.367503E-9	1.465870E-9	1.453437E-9	1.534196E-9
0:14:00	0	5.015510E+0	2.551000E+1	2.568000E+1	8.063175E-1	1.046499E+0	4.189047E+2	4.167700E-8	4.090846E-8	1.084626E-9	1.133252E-9	1.146852E-9	1.122447E-9	1.195269E-9	1.130073E-9	1.131252E-9	1.140037E-9	1.166272E-9	1.098640E-9	1.213139E-9	1.193768E-9	1.243612E-9	1.248810E-9	1.194924E-9	1.327593E-9	1.179535E-9	1.247211E-9	1.305669E-9	1.374975E-9	1.366804E-9	1.389291E-9	1.520753E-9	1.547299E-9	1.231373E-9	1.304707E-9	1.270163E-9	1.344299E-9	1.422630E-9	1.523468E-9	1.512332E-9	1.597383E-9
0:14:13	0	5.015890E+0	2.551300E+1	2.568300E+1	8.075970E-1	1.047753E+0	4.195897E+2	4.310100E-8	4.241045E-8	1.117924E-9	1.174048E-9	1.187117E-9	1.158773E-9	1.234676E-9	1.170554E-9	1.170794E-9	1.171426E-9	1.205065E-9	1.133524E-9	1.256449E-9	1.235257E-9	1.288079E-9	1.299044E-9	1.239011E-9	1.376388E-9	1.221220E-9	1.293534E-9	1.357195E-9	1.427571E-9	1.420123E-9	1.442015E-9	1.575472E-9	1.606782E-9	1.282131E-9	1.353569E-9	1.316951E-9	1.393938E-9	1.479336E-9	1.588860E-9	1.572482E-9	1.661138E-9
0:14:27	0	5.015585E+0	2.551000E+1	2.568100E+1	8.077490E-1	1.047968E+0	4.202747E+2	4.475000E-8	4.405811E-8	1.159230E-9	1.213014E-9	1.228964E-9	1.200985E-9	1.278646E-9	1.213486E-9	1.212105E-9	1.220064E-9	1.249944E-9	1.175800E-9	1.304944E-9	1.287860E-9	1.334763E-9	1.344101E-9	1.282276E-9	1.427968E-9	1.269113E-9	1.341998E-9	1.410674E-9	1.484743E-9	1.470730E-9	1.502047E-9	1.641628E-9	1.670608E-9	1.330051E-9	1.408020E-9	1.372074E-9	1.453770E-9	1.541094E-9	1.653492E-9	1.639531E-9	1.734391E-9
0:14:40	0	5.014598E+0	2.551300E+1	2.568400E+1	8.080277E-1	1.048513E+0	4.209596E+2	4.665200E-8	4.576334E-8	1.195807E-9	1.252801E-9	1.272706E-9	1.240856E-9	1.325909E-9	1.256419E-9	1.258470E-9	1.267560E-9	1.293618E-9	1.218709E-9	1.353250E-9	1.328907E-9	1.388477E-9	1.399256E-9	1.332064E-9	1.482712E-9	1.316374E-9	1.393986E-9	1.462578E-9	1.544487E-9	1.533073E-9	1.562897E-9	1.705951E-9	1.745133E-9	1.383521E-9	1.459771E-9	1.426629E-9	1.512147E-9	1.606388E-9	1.728389E-9	1.711284E-9	1.803213E-9
0:14:54	0	5.014522E+0	2.551600E+1	2.568400E+1	8.087497E-1	1.048919E+0	4.216446E+2	4.795400E-8	4.725577E-8	1.233582E-9	1.290002E-9	1.313351E-9	1.279334E-9	1.364112E-9	1.296585E-9	1.297507E-9	1.299583E-9	1.330256E-9	1.253783E-9	1.393020E-9	1.365028E-9	1.430981E-9	1.440465E-9	1.385970E-9	1.526444E-9	1.360846E-9	1.439995E-9	1.513412E-9	1.597523E-9	1.583805E-9	1.616944E-9	1.765914E-9	1.806630E-9	1.426523E-9	1.513596E-9	1.473038E-9	1.561469E-9	1.666061E-9	1.790105E-9	1.766855E-9	1.873046E-9
0:15:07	0	5.015282E+0	2.551900E+1	2.568800E+1	8.061402E-1	1.047145E+0	4.223296E+2	4.994100E-8	4.921531E-8	1.276654E-9	1.340444E-9	1.357030E-9	1.327811E-9	1.416887E-9	1.346306E-9	1.346650E-9	1.345114E-9	1.381537E-9	1.302190E-9	1.447711E-9	1.424451E-9	1.485455E-9	1.495935E-9	1.431198E-9	1.592136E-9	1.416152E-9	1.500165E-9	1.578418E-9	1.667735E-9	1.653845E-9	1.689385E-9	1.842747E-9	1.880527E-9	1.486803E-9	1.576966E-9	1.540347E-9	1.637763E-9	1.739437E-9	1.877485E-9	1.854163E-9	1.955859E-9
0:15:21	0	5.012470E+0	2.551600E+1	2.568900E+1	8.074829E-1	1.048323E+0	4.230146E+2	5.207200E-8	5.133304E-8	1.324267E-9	1.391643E-9	1.412720E-9	1.380529E-9	1.473274E-9	1.396467E-9	1.402931E-9	1.402250E-9	1.435480E-9	1.356853E-9	1.510559E-9	1.482675E-9	1.550318E-9	1.563900E-9	1.491629E-9	1.657197E-9	1.475005E-9	1.562475E-9	1.647708E-9	1.736317E-9	1.729375E-9	1.764408E-9	1.927226E-9	1.968838E-9	1.548910E-9	1.644041E-9	1.607404E-9	1.708360E-9	1.820833E-9	1.966005E-9	1.941095E-9	2.052349E-9
0:15:34	0	5.013685E+0	2.552300E+1	2.569300E+1	8.049874E-1	1.045904E+0	4.236996E+2	5.421700E-8	5.358610E-8	1.375475E-9	1.443977E-9	1.466198E-9	1.431918E-9	1.531245E-9	1.451531E-9	1.458644E-9	1.463443E-9	1.489993E-9	1.412149E-9	1.564176E-9	1.545002E-9	1.615436E-9	1.636473E-9	1.566438E-9	1.724662E-9	1.536772E-9	1.632275E-9	1.719454E-9	1.818441E-9	1.808187E-9	1.847748E-9	2.012780E-9	2.060170E-9	1.616377E-9	1.716329E-9	1.680459E-9	1.793454E-9	1.913280E-9	2.062636E-9	2.035678E-9	2.155296E-9
0:15:48	0	5.015738E+0	2.552400E+1	2.569300E+1	8.051521E-1	1.045967E+0	4.243845E+2	5.677400E-8	5.605855E-8	1.428385E-9	1.499716E-9	1.527323E-9	1.492926E-9	1.592384E-9	1.512882E-9	1.519348E-9	1.528378E-9	1.551733E-9	1.468329E-9	1.637646E-9	1.607015E-9	1.684922E-9	1.703240E-9	1.630479E-9	1.806367E-9	1.607092E-9	1.708055E-9	1.800775E-9	1.904515E-9	1.899808E-9	1.936566E-9	2.115332E-9	2.162520E-9	1.698410E-9	1.798227E-9	1.763869E-9	1.886337E-9	2.006547E-9	2.176757E-9	2.139797E-9	2.262865E-9
0:16:01	0	5.017030E+0	2.551900E+1	2.569100E+1	8.052534E-1	1.046043E+0	4.250695E+2	5.949900E-8	5.869521E-8	1.491763E-9	1.561824E-9	1.588260E-9	1.558870E-9	1.660490E-9	1.576998E-9	1.589399E-9	1.591219E-9	1.617530E-9	1.533103E-9	1.707955E-9	1.683298E-9	1.762961E-9	1.778462E-9	1.699460E-9	1.887565E-9	1.678426E-9	1.784211E-9	1.881151E-9	1.996292E-9	1.997234E-9	2.034392E-9	2.222875E-9	2.271728E-9	1.775461E-9	1.882762E-9	1.850122E-9	1.978207E-9	2.113205E-9	2.293221E-9	2.257023E-9	2.389744E-9
0:16:15	0	5.018398E+0	2.551900E+1	2.569400E+1	8.082050E-1	1.049134E+0	4.257545E+2	6.215400E-8	6.151597E-8	1.548394E-9	1.627147E-9	1.658425E-9	1.623422E-9	1.733920E-9	1.648593E-9	1.657745E-9	1.667505E-9	1.687130E-9	1.596677E-9	1.783005E-9	1.749985E-9	1.837136E-9	1.869777E-9	1.774523E-9	1.975979E-9	1.752799E-9	1.871950E-9	1.979984E-9	2.092711E-9	2.094536E-9	2.141166E-9	2.328458E-9	2.390945E-9	1.863358E-9	1.976530E-9	1.943509E-9	2.082297E-9	2.224722E-9	2.425969E-9	2.385538E-9	2.522132E-9
0:16:28	0	5.014217E+0	2.551900E+1	2.569200E+1	8.079010E-1	1.048298E+0	4.264395E+2	6.508900E-8	6.437040E-8	1.608115E-9	1.696127E-9	1.722015E-9	1.686961E-9	1.805512E-9	1.709629E-9	1.726661E-9	1.732440E-9	1.752419E-9	1.661768E-9	1.860142E-9	1.830436E-9	1.923472E-9	1.948281E-9	1.864598E-9	2.062113E-9	1.834649E-9	1.951883E-9	2.064895E-9	2.196087E-9	2.199534E-9	2.245733E-9	2.454261E-9	2.516708E-9	1.952895E-9	2.074317E-9	2.037464E-9	2.190314E-9	2.345899E-9	2.552570E-9	2.507217E-9	2.655278E-9
0:16:42	0	5.019842E+0	2.551500E+1	2.568900E+1	8.076476E-1	1.048488E+0	4.271244E+2	6.853800E-8	6.782753E-8	1.680134E-9	1.767819E-9	1.798502E-9	1.766386E-9	1.890029E-9	1.795494E-9	1.810293E-9	1.817730E-9	1.839514E-9	1.742783E-9	1.954160E-9	1.920612E-9	2.017979E-9	2.052532E-9	1.958284E-9	2.171477E-9	1.933224E-9	2.059195E-9	2.183004E-9	2.319209E-9	2.324535E-9	2.376064E-9	2.592764E-9	2.662047E-9	2.052267E-9	2.194213E-9	2.154404E-9	2.314664E-9	2.479518E-9	2.717318E-9	2.657999E-9	2.823373E-9
0:16:55	0	5.014673E+0	2.551700E+1	2.569000E+1	8.085977E-1	1.049121E+0	4.278094E+2	7.234500E-8	7.162577E-8	1.759341E-9	1.852435E-9	1.883712E-9	1.849671E-9	1.985885E-9	1.887079E-9	1.904853E-9	1.908221E-9	1.927750E-9	1.826832E-9	2.049444E-9	2.021714E-9	2.131302E-9	2.164422E-9	2.060015E-9	2.293940E-9	2.034775E-9	2.168144E-9	2.308355E-9	2.452989E-9	2.461461E-9	2.517481E-9	2.744598E-9	2.822618E-9	2.170810E-9	2.325287E-9	2.275195E-9	2.458831E-9	2.634227E-9	2.892710E-9	2.834747E-9	3.016921E-9
0:17:09	0	5.016574E+0	2.551900E+1	2.568800E+1	8.058488E-1	1.046930E+0	4.284944E+2	7.644800E-8	7.569984E-8	1.837539E-9	1.936927E-9	1.975053E-9	1.943082E-9	2.081110E-9	1.989727E-9	1.998530E-9	2.012599E-9	2.021817E-9	1.927249E-9	2.159019E-9	2.127238E-9	2.243293E-9	2.282810E-9	2.174290E-9	2.407415E-9	2.142538E-9	2.290248E-9	2.441581E-9	2.599996E-9	2.609746E-9	2.677355E-9	2.914442E-9	3.002953E-9	2.295719E-9	2.452404E-9	2.418021E-9	2.612180E-9	2.803018E-9	3.086414E-9	3.022785E-9	3.212747E-9
0:17:22	0	5.014445E+0	2.552000E+1	2.570200E+1	8.077743E-1	1.048665E+0	4.291794E+2	8.098900E-8	8.037421E-8	1.931819E-9	2.034280E-9	2.082386E-9	2.048011E-9	2.194708E-9	2.084835E-9	2.108758E-9	2.124461E-9	2.127550E-9	2.024821E-9	2.282248E-9	2.244758E-9	2.367065E-9	2.416974E-9	2.300979E-9	2.558231E-9	2.270761E-9	2.425442E-9	2.592947E-9	2.765874E-9	2.782765E-9	2.853985E-9	3.108232E-9	3.210481E-9	2.445345E-9	2.612619E-9	2.575435E-9	2.790158E-9	3.002435E-9	3.318582E-9	3.237355E-9	3.449917E-9
0:17:36	0	5.016194E+0	2.551600E+1	2.569500E+1	8.081417E-1	1.049071E+0	4.298644E+2	8.623900E-8	8.552712E-8	2.028685E-9	2.149102E-9	2.186055E-9	2.151106E-9	2.315591E-9	2.201689E-9	2.228080E-9	2.234736E-9	2.237971E-9	2.132444E-9	2.412686E-9	2.371688E-9	2.515034E-9	2.565400E-9	2.448887E-9	2.720564E-9	2.405002E-9	2.573664E-9	2.757982E-9	2.945292E-9	2.976419E-9	3.059024E-9	3.327044E-9	3.427136E-9	2.596106E-9	2.784703E-9	2.752547E-9	2.989916E-9	3.233300E-9	3.584395E-9	3.490748E-9	3.724126E-9
0:17:49	0	5.019234E+0	2.551800E+1	2.569300E+1	8.079770E-1	1.049121E+0	4.305493E+2	9.231000E-8	9.158883E-8	2.144723E-9	2.261652E-9	2.315640E-9	2.278248E-9	2.449778E-9	2.328223E-9	2.367741E-9	2.376527E-9	2.375903E-9	2.265848E-9	2.555832E-9	2.526718E-9	2.675545E-9	2.733389E-9	2.599202E-9	2.894796E-9	2.569271E-9	2.758014E-9	2.964024E-9	3.165960E-9	3.196447E-9	3.292977E-9	3.588696E-9	3.701385E-9	2.792202E-9	2.994912E-9	2.965967E-9	3.228360E-9	3.497063E-9	3.896845E-9	3.783467E-9	4.043475E-9
0:18:13	1	5.009961E+0	2.550800E+1	2.568700E+1	8.101305E-1	1.050680E+0	0.000000E+0	-2.653000E-9	2.552979E-9	9.472116E-11	7.723954E-11	8.306016E-11	8.050062E-11	8.153901E-11	8.209301E-11	8.312750E-11	8.110503E-11	7.828403E-11	7.949911E-11	7.991919E-11	7.843071E-11	8.361249E-11	7.635837E-11	7.379619E-11	7.910996E-11	7.906186E-11	7.766790E-11	6.865986E-11	7.134049E-11	7.287993E-11	7.653540E-11	7.620205E-11	7.786264E-11	1.020834E-10	6.845734E-11	7.457033E-11	7.585097E-11	7.628155E-11	7.635446E-11	8.034604E-11	1.064291E-10
0:18:27	1	5.014598E+0	2.551000E+1	2.569100E+1	8.085470E-1	1.049843E+0	0.000000E+0	1.895000E-9	2.673560E-9	9.610897E-11	8.247331E-11	8.432450E-11	8.277851E-11	8.407344E-11	8.523669E-11	8.666452E-11	8.250052E-11	8.430611E-11	8.095266E-11	8.320707E-11	8.310421E-11	8.367649E-11	7.926139E-11	7.620316E-11	8.233806E-11	8.387734E-11	8.200994E-11	8.012438E-11	8.005443E-11	8.196664E-11	8.188942E-11	8.169920E-11	8.258261E-11	8.417611E-11	8.560290E-11	8.637838E-11	8.123241E-11	8.316395E-11	8.357768E-11	8.944060E-11	8.857418E-11
0:18:40	1	5.016954E+0	2.551400E+1	2.569500E+1	8.077870E-1	1.048653E+0	1.000000E+1	3.136300E-9	2.949281E-9	1.053159E-10	9.243621E-11	9.342734E-11	9.322086E-11	9.230886E-11	9.573350E-11	9.493918E-11	9.841660E-11	9.127883E-11	9.062168E-11	8.965606E-11	9.623947E-11	9.482416E-11	8.538325E-11	8.678105E-11	9.069156E-11	8.951490E-11	8.943711E-11	8.787181E-11	9.008561E-11	8.928621E-11	8.730708E-11	9.079828E-11	9.089175E-11	9.262607E-11	9.069016E-11	9.117696E-11	9.224918E-11	9.048896E-11	9.213131E-11	9.734302E-11	9.610837E-11
0:18:54	1	5.015357E+0	2.552200E+1	2.569200E+1	8.084837E-1	1.049261E+0	2.000000E+1	3.473000E-9	2.974697E-9	1.071447E-10	9.470570E-11	9.633521E-11	9.239762E-11	9.389313E-11	9.428768E-11	9.557139E-11	1.037433E-10	9.413076E-11	9.213808E-11	9.066818E-11	9.074551E-11	9.279722E-11	8.853833E-11	8.836503E-11	9.069156E-11	9.008495E-11	8.924833E-11	8.995012E-11	8.952051E-11	9.256747E-11	9.039379E-11	8.978683E-11	9.038795E-11	9.376082E-11	9.112938E-11	9.262929E-11	9.243909E-11	9.162539E-11	9.168818E-11	9.671625E-11	9.661511E-11
0:19:07	1	5.015357E+0	2.551700E+1	2.569500E+1	8.082050E-1	1.049121E+0	3.000000E+1	3.684500E-9	3.009842E-9	1.067027E-10	9.432745E-11	9.595501E-11	9.366345E-11	9.383012E-11	9.535642E-11	9.645590E-11	1.026652E-10	9.451102E-11	9.295913E-11	9.098359E-11	9.087112E-11	9.628111E-11	8.853833E-11	9.267298E-11	9.284363E-11	9.078202E-11	9.138855E-11	9.020270E-11	9.140185E-11	9.439736E-11	8.957438E-11	9.086112E-11	9.322093E-11	9.502200E-11	9.508635E-11	9.515517E-11	9.351558E-11	9.200420E-11	9.270249E-11	9.853517E-11	9.737473E-11
0:19:21	1	5.013533E+0	2.552600E+1	2.570000E+1	8.091678E-1	1.050034E+0	4.000000E+1	3.865900E-9	3.022864E-9	1.084688E-10	9.369637E-11	9.690402E-11	9.511911E-11	9.516035E-11	9.699078E-11	9.708712E-11	9.771885E-11	9.476519E-11	9.403358E-11	9.326035E-11	9.390271E-11	9.406418E-11	8.948475E-11	9.102600E-11	9.436226E-11	9.439338E-11	9.170253E-11	9.039164E-11	8.958385E-11	9.395508E-11	9.064539E-11	9.060876E-11	9.322093E-11	9.710239E-11	9.269987E-11	9.458700E-11	9.395937E-11	9.383545E-11	9.422295E-11	9.840942E-11	9.750166E-11
0:19:34	1	5.016041E+0	2.553200E+1	2.570900E+1	8.087117E-1	1.049932E+0	5.000000E+1	4.026000E-9	3.060991E-9	1.076495E-10	9.773269E-11	9.842082E-11	9.632200E-11	9.668061E-11	9.749388E-11	9.936070E-11	1.023488E-10	9.729991E-11	9.510802E-11	9.370253E-11	9.579684E-11	9.729508E-11	8.980055E-11	8.551506E-11	9.524847E-11	9.274622E-11	9.245866E-11	9.259624E-11	9.190361E-11	9.319802E-11	9.222056E-11	9.345160E-11	9.429112E-11	9.754335E-11	9.502389E-11	9.780665E-11	9.332567E-11	9.408866E-11	9.454005E-11	9.903717E-11	1.009839E-10
0:19:48	1	5.013838E+0	2.553700E+1	2.571100E+1	8.107006E-1	1.051490E+0	6.000000E+1	4.135300E-9	3.079675E-9	1.103604E-10	9.817365E-11	9.987476E-11	9.562564E-11	9.693465E-11	9.831057E-11	9.942452E-11	1.029194E-10	9.755408E-11	9.510802E-11	9.401894E-11	9.484978E-11	1.019189E-10	9.106278E-11	8.652805E-11	9.512158E-11	9.306325E-11	9.327639E-11	9.354093E-11	9.347024E-11	9.345104E-11	9.316527E-11	9.376780E-11	9.498272E-11	9.830085E-11	9.577741E-11	9.635432E-11	9.288288E-11	9.547730E-11	9.606052E-11	9.834704E-11	9.997141E-11
0:20:01	1	5.016041E+0	2.553500E+1	2.570900E+1	8.101938E-1	1.050870E+0	7.000000E+1	4.254100E-9	3.106000E-9	1.103604E-10	9.804724E-11	1.008856E-10	9.765077E-11	9.750475E-11	9.893970E-11	9.999292E-11	1.054552E-10	9.761713E-11	9.472892E-11	9.471464E-11	9.156596E-11	9.887803E-11	9.062045E-11	9.197599E-11	9.537535E-11	9.350629E-11	9.478667E-11	9.385615E-11	9.441041E-11	9.565946E-11	9.360581E-11	9.427352E-11	9.592771E-11	9.905736E-11	9.747283E-11	9.995375E-11	9.528874E-11	9.528789E-11	9.656768E-11	1.005422E-10	1.014906E-10
0:20:15	1	5.015129E+0	2.553700E+1	2.570700E+1	8.111693E-1	1.051858E+0	8.000000E+1	4.325300E-9	3.152695E-9	1.118746E-10	1.012634E-10	1.009495E-10	9.765077E-11	9.864495E-11	9.963135E-11	1.015725E-10	1.043139E-10	9.926524E-11	9.713022E-11	9.623182E-11	8.859817E-11	1.040089E-10	9.510152E-11	9.710693E-11	9.872934E-11	9.572351E-11	9.485026E-11	9.480084E-11	9.472413E-11	9.950851E-11	9.524364E-11	9.528398E-11	9.649410E-11	9.981386E-11	9.803797E-11	9.963776E-11	9.566856E-11	9.674033E-11	9.884838E-11	1.021096E-10	1.031368E-10
0:20:28	1	5.015054E+0	2.553800E+1	2.570800E+1	8.111313E-1	1.051832E+0	9.000000E+1	4.432300E-9	3.186887E-9	1.130095E-10	1.013261E-10	1.029722E-10	9.948607E-11	1.020025E-10	1.010772E-10	1.027721E-10	9.955783E-11	1.009134E-10	9.908956E-11	9.673787E-11	9.605005E-11	1.012850E-10	9.282911E-11	9.970390E-11	1.001850E-10	9.692763E-11	9.755683E-11	9.473819E-11	9.810975E-11	9.603799E-11	9.675617E-11	9.686400E-11	9.813069E-11	1.007595E-10	9.960847E-11	1.009007E-10	9.864414E-11	9.819277E-11	9.916547E-11	1.022978E-10	1.031998E-10
0:20:42	1	5.015054E+0	2.554400E+1	2.571300E+1	8.087117E-1	1.050375E+0	1.000000E+2	4.500300E-9	3.263919E-9	1.169191E-10	1.030919E-10	1.041098E-10	1.023344E-10	1.038398E-10	1.023970E-10	1.037832E-10	1.050747E-10	1.031949E-10	9.940481E-11	1.008472E-10	1.023645E-10	1.033119E-10	9.718365E-11	9.482596E-11	1.011342E-10	9.977792E-11	9.963346E-11	9.876952E-11	9.873621E-11	9.881421E-11	9.788982E-11	1.003392E-10	1.006477E-10	1.036601E-10	1.021833E-10	1.033000E-10	1.044694E-10	9.913980E-11	1.011931E-10	1.051831E-10	1.063652E-10
0:20:55	1	5.013989E+0	2.554400E+1	2.572000E+1	8.108779E-1	1.051807E+0	1.200000E+2	4.905800E-9	3.467775E-9	1.217127E-10	1.104688E-10	1.123276E-10	1.089154E-10	1.084646E-10	1.088084E-10	1.111734E-10	1.188996E-10	1.097243E-10	1.061667E-10	1.048937E-10	1.062165E-10	1.107867E-10	1.048198E-10	1.050248E-10	1.074635E-10	1.058595E-10	1.056756E-10	1.048792E-10	1.040645E-10	1.061338E-10	1.042522E-10	1.051411E-10	1.054948E-10	1.084520E-10	1.095946E-10	1.087933E-10	1.059257E-10	1.051390E-10	1.077831E-10	1.115804E-10	1.131398E-10
0:21:09	1	5.013533E+0	2.554200E+1	2.571700E+1	8.112073E-1	1.051946E+0	1.400000E+2	5.272100E-9	3.824417E-9	1.330003E-10	1.206835E-10	1.230729E-10	1.187253E-10	1.207557E-10	1.199343E-10	1.210276E-10	1.266989E-10	1.246204E-10	1.183638E-10	1.158952E-10	1.115839E-10	1.208584E-10	1.135279E-10	1.207977E-10	1.203739E-10	1.161855E-10	1.159345E-10	1.155879E-10	1.146598E-10	1.198266E-10	1.154644E-10	1.181574E-10	1.173286E-10	1.207471E-10	1.187013E-10	1.191491E-10	1.172593E-10	1.166947E-10	1.196318E-10	1.239999E-10	1.251697E-10
0:21:23	1	5.016118E+0	2.553900E+1	2.571700E+1	8.087371E-1	1.049881E+0	1.600000E+2	5.830500E-9	4.391951E-9	1.519825E-10	1.392844E-10	1.396351E-10	1.372052E-10	1.384328E-10	1.382258E-10	1.429458E-10	1.416009E-10	1.400239E-10	1.363111E-10	1.347371E-10	1.334969E-10	1.383408E-10	1.341011E-10	1.323895E-10	1.381579E-10	1.354445E-10	1.324253E-10	1.334773E-10	1.328398E-10	1.334557E-10	1.307090E-10	1.347755E-10	1.359600E-10	1.369523E-10	1.369147E-10	1.384700E-10	1.360634E-10	1.346284E-10	1.372472E-10	1.423138E-10	1.434034E-10
0:21:37	1	5.014445E+0	2.554100E+1	2.571400E+1	8.092184E-1	1.050185E+0	1.800000E+2	6.733900E-9	5.220248E-9	1.746852E-10	1.643165E-10	1.648560E-10	1.618864E-10	1.653584E-10	1.629923E-10	1.665701E-10	1.698833E-10	1.661395E-10	1.615891E-10	1.603444E-10	1.622926E-10	1.641221E-10	1.594692E-10	1.501893E-10	1.644853E-10	1.628122E-10	1.593629E-10	1.608146E-10	1.580405E-10	1.585701E-10	1.594958E-10	1.595441E-10	1.623332E-10	1.653262E-10	1.637945E-10	1.640428E-10	1.604398E-10	1.625398E-10	1.620228E-10	1.703510E-10	1.715782E-10
0:21:50	1	5.014901E+0	2.553800E+1	2.571900E+1	8.079010E-1	1.048969E+0	2.000000E+2	7.787600E-9	6.374387E-9	2.106317E-10	1.992479E-10	2.017723E-10	1.956182E-10	1.988732E-10	1.985075E-10	2.001753E-10	2.097060E-10	2.021439E-10	1.981153E-10	1.942333E-10	1.971514E-10	1.994040E-10	1.932943E-10	1.896519E-10	2.004330E-10	1.957555E-10	1.949865E-10	1.959639E-10	1.957801E-10	1.978177E-10	1.945197E-10	1.965070E-10	1.993448E-10	2.014563E-10	1.983375E-10	2.016120E-10	1.972893E-10	1.984700E-10	1.992812E-10	2.082343E-10	2.100717E-10
0:22:04	1	5.013913E+0	2.554300E+1	2.572100E+1	8.082177E-1	1.049210E+0	2.200000E+2	8.177400E-9	7.933828E-9	2.594428E-10	2.470417E-10	2.486117E-10	2.426398E-10	2.450601E-10	2.468456E-10	2.479924E-10	2.618950E-10	2.489877E-10	2.444372E-10	2.408326E-10	2.420502E-10	2.457706E-10	2.419494E-10	2.406444E-10	2.501144E-10	2.427611E-10	2.422541E-10	2.450966E-10	2.437379E-10	2.481711E-10	2.428978E-10	2.476881E-10	2.496378E-10	2.508272E-10	2.469485E-10	2.499786E-10	2.476244E-10	2.478510E-10	2.506060E-10	2.591015E-10	2.643312E-10
0:22:18	1	5.015890E+0	2.554100E+1	2.571500E+1	8.078123E-1	1.049121E+0	2.400000E+2	1.136800E-8	1.005818E-8	3.226318E-10	3.117970E-10	3.152374E-10	3.078885E-10	3.118366E-10	3.115899E-10	3.154541E-10	3.247374E-10	3.140227E-10	3.094009E-10	3.076631E-10	3.051993E-10	3.118376E-10	3.067594E-10	3.080426E-10	3.168834E-10	3.111809E-10	3.073967E-10	3.095362E-10	3.117561E-10	3.090626E-10	3.094799E-10	3.142853E-10	3.183099E-10	3.177898E-10	3.154058E-10	3.155199E-10	3.152443E-10	3.154807E-10	3.170114E-10	3.336135E-10	3.361279E-10
0:22:32	1	5.016041E+0	2.553400E+1	2.570900E+1	8.073563E-1	1.048691E+0	2.600000E+2	1.411900E-8	1.298580E-8	4.098484E-10	4.001979E-10	4.033549E-10	3.948442E-10	4.004078E-10	4.019182E-10	4.048988E-10	4.120571E-10	4.042238E-10	3.992643E-10	3.979520E-10	3.994170E-10	4.025449E-10	3.970013E-10	3.907697E-10	4.066258E-10	4.029130E-10	3.974001E-10	4.021324E-10	4.033460E-10	4.016928E-10	3.990553E-10	4.095693E-10	4.129150E-10	4.123071E-10	4.074146E-10	4.090334E-10	4.074934E-10	4.107686E-10	4.147194E-10	4.310823E-10	4.386311E-10
0:22:45	1	5.014978E+0	2.553000E+1	2.570400E+1	8.105739E-1	1.051731E+0	2.800000E+2	1.828200E-8	1.704728E-8	5.304889E-10	5.203140E-10	5.269967E-10	5.156575E-10	5.230019E-10	5.244921E-10	5.302841E-10	5.463652E-10	5.274503E-10	5.197760E-10	5.164394E-10	5.207267E-10	5.251762E-10	5.204377E-10	5.133414E-10	5.329484E-10	5.261313E-10	5.240983E-10	5.297507E-10	5.302924E-10	5.303531E-10	5.273697E-10	5.385953E-10	5.445317E-10	5.455396E-10	5.374207E-10	5.382222E-10	5.391249E-10	5.431869E-10	5.491147E-10	5.690068E-10	5.806422E-10
0:22:59	1	5.014826E+0	2.552800E+1	2.570200E+1	8.103965E-1	1.051655E+0	3.000000E+2	2.390600E-8	2.281365E-8	7.034717E-10	6.938359E-10	7.031678E-10	6.890623E-10	6.992571E-10	7.033883E-10	7.088563E-10	7.270922E-10	7.024638E-10	6.926772E-10	6.921472E-10	6.888921E-10	7.016500E-10	6.977664E-10	6.878544E-10	7.106608E-10	7.047811E-10	7.002660E-10	7.097146E-10	7.129081E-10	7.089893E-10	7.107399E-10	7.253718E-10	7.321063E-10	7.302861E-10	7.193037E-10	7.205123E-10	7.233714E-10	7.287126E-10	7.381948E-10	7.660761E-10	7.800773E-10
0:23:13	1	5.009429E+0	2.552300E+1	2.569800E+1	8.102445E-1	1.050718E+0	3.200000E+2	3.266200E-8	3.130882E-8	9.544006E-10	9.461114E-10	9.579745E-10	9.428408E-10	9.585087E-10	9.614234E-10	9.728925E-10	9.901925E-10	9.587405E-10	9.476673E-10	9.486596E-10	9.465398E-10	9.619261E-10	9.578274E-10	9.456646E-10	9.736866E-10	9.650909E-10	9.629128E-10	9.719448E-10	9.805305E-10	9.791819E-10	9.775746E-10	9.981447E-10	1.009376E-9	1.002362E-9	9.877315E-10	9.902543E-10	9.965746E-10	1.005863E-9	1.017758E-9	1.059485E-9	1.078977E-9
0:23:27	1	5.016041E+0	2.552100E+1	2.569400E+1	8.099025E-1	1.050591E+0	3.400000E+2	4.549600E-8	4.429296E-8	1.336123E-9	1.329600E-9	1.346411E-9	1.324774E-9	1.349351E-9	1.354227E-9	1.373811E-9	1.395718E-9	1.347118E-9	1.333661E-9	1.339909E-9	1.339516E-9	1.360036E-9	1.353314E-9	1.330924E-9	1.377147E-9	1.364014E-9	1.362579E-9	1.378991E-9	1.390395E-9	1.389331E-9	1.389102E-9	1.419277E-9	1.438280E-9	1.419903E-9	1.397469E-9	1.402824E-9	1.416225E-9	1.430650E-9	1.455352E-9	1.510075E-9	1.536855E-9
0:23:40	1	5.013001E+0	2.551500E+1	2.569000E+1	8.081163E-1	1.049172E+0	3.600000E+2	6.614000E-8	6.496693E-8	1.935855E-9	1.933143E-9	1.958554E-9	1.928716E-9	1.967892E-9	1.976024E-9	2.009647E-9	2.048300E-9	1.961028E-9	1.941783E-9	1.954414E-9	1.957681E-9	1.989982E-9	1.984694E-9	1.950177E-9	2.014584E-9	1.994167E-9	1.996633E-9	2.026219E-9	2.046381E-9	2.048092E-9	2.053164E-9	2.093786E-9	2.125886E-9	2.087578E-9	2.055978E-9	2.065435E-9	2.091857E-9	2.113457E-9	2.146722E-9	2.233377E-9	2.275717E-9
0:23:54	1	5.014750E+0	2.551400E+1	2.568900E+1	8.105359E-1	1.050971E+0	3.620000E+2	6.848200E-8	6.770614E-8	2.013486E-9	2.011139E-9	2.039655E-9	2.010355E-9	2.051395E-9	2.057929E-9	2.091829E-9	2.127695E-9	2.040073E-9	2.023810E-9	2.037936E-9	2.039648E-9	2.071821E-9	2.068878E-9	2.037402E-9	2.099708E-9	2.078552E-9	2.080090E-9	2.111699E-9	2.132205E-9	2.133595E-9	2.137828E-9	2.182814E-9	2.216589E-9	2.176547E-9	2.142400E-9	2.154972E-9	2.179614E-9	2.205525E-9	2.241579E-9	2.332037E-9	2.377335E-9
0:24:07	1	5.013305E+0	2.552200E+1	2.569200E+1	8.103712E-1	1.050958E+0	3.640000E+2	7.145600E-8	7.052290E-8	2.098308E-9	2.094372E-9	2.125688E-9	2.093070E-9	2.137941E-9	2.143545E-9	2.182726E-9	2.215712E-9	2.123429E-9	2.107356E-9	2.124117E-9	2.125470E-9	2.158096E-9	2.154767E-9	2.117407E-9	2.188502E-9	2.164394E-9	2.166949E-9	2.198500E-9	2.220473E-9	2.220357E-9	2.228221E-9	2.275508E-9	2.310503E-9	2.265453E-9	2.230766E-9	2.241603E-9	2.271800E-9	2.295824E-9	2.334723E-9	2.429318E-9	2.478002E-9
0:24:21	1	5.010873E+0	2.551800E+1	2.569300E+1	8.111186E-1	1.051883E+0	3.660000E+2	7.430200E-8	7.364672E-8	2.189246E-9	2.183403E-9	2.214627E-9	2.182496E-9	2.228160E-9	2.237267E-9	2.274760E-9	2.318123E-9	2.217244E-9	2.196523E-9	2.214595E-9	2.214573E-9	2.251907E-9	2.250183E-9	2.218505E-9	2.286662E-9	2.260498E-9	2.262932E-9	2.295820E-9	2.322594E-9	2.324976E-9	2.328694E-9	2.375594E-9	2.413416E-9	2.365204E-9	2.329871E-9	2.346481E-9	2.374749E-9	2.399384E-9	2.440226E-9	2.539581E-9	2.588420E-9
0:24:34	1	5.018094E+0	2.552500E+1	2.569200E+1	8.076603E-1	1.048919E+0	3.680000E+2	7.765900E-8	7.690527E-8	2.279679E-9	2.278550E-9	2.310393E-9	2.275780E-9	2.325918E-9	2.335138E-9	2.375574E-9	2.413877E-9	2.312515E-9	2.293401E-9	2.311396E-9	2.308602E-9	2.350722E-9	2.352289E-9	2.320931E-9	2.386277E-9	2.360340E-9	2.364076E-9	2.401393E-9	2.425092E-9	2.432435E-9	2.437670E-9	2.483895E-9	2.523505E-9	2.469936E-9	2.433373E-9	2.447573E-9	2.476750E-9	2.508123E-9	2.550670E-9	2.654863E-9	2.704536E-9
0:24:48	1	5.019310E+0	2.552100E+1	2.569500E+1	8.088257E-1	1.050059E+0	3.700000E+2	8.113400E-8	8.043846E-8	2.383607E-9	2.381200E-9	2.414566E-9	2.382038E-9	2.430202E-9	2.441243E-9	2.482831E-9	2.521806E-9	2.417676E-9	2.397483E-9	2.418819E-9	2.414123E-9	2.460052E-9	2.458434E-9	2.421332E-9	2.498486E-9	2.467909E-9	2.472143E-9	2.510114E-9	2.534862E-9	2.541472E-9	2.548662E-9	2.600156E-9	2.640960E-9	2.585891E-9	2.543659E-9	2.561543E-9	2.594642E-9	2.626207E-9	2.672646E-9	2.779051E-9	2.834644E-9
0:25:01	1	5.014826E+0	2.551700E+1	2.569800E+1	8.074703E-1	1.048450E+0	3.720000E+2	8.473700E-8	8.406283E-8	2.488986E-9	2.484418E-9	2.522468E-9	2.486208E-9	2.538540E-9	2.546845E-9	2.594509E-9	2.631320E-9	2.524801E-9	2.501564E-9	2.525989E-9	2.532086E-9	2.569319E-9	2.570006E-9	2.528510E-9	2.609114E-9	2.577950E-9	2.584490E-9	2.622867E-9	2.652342E-9	2.658396E-9	2.661922E-9	2.717239E-9	2.763072E-9	2.703738E-9	2.661293E-9	2.676019E-9	2.715193E-9	2.746502E-9	2.792088E-9	2.907942E-9	2.967094E-9
0:25:15	1	5.017334E+0	2.552400E+1	2.569600E+1	8.082177E-1	1.049299E+0	3.740000E+2	8.896000E-8	8.809531E-8	2.603067E-9	2.599994E-9	2.641243E-9	2.603161E-9	2.659803E-9	2.668540E-9	2.719643E-9	2.765882E-9	2.643337E-9	2.619106E-9	2.646373E-9	2.649606E-9	2.691824E-9	2.692370E-9	2.646078E-9	2.735943E-9	2.702309E-9	2.708670E-9	2.750046E-9	2.778788E-9	2.784280E-9	2.791812E-9	2.854289E-9	2.896892E-9	2.832304E-9	2.788472E-9	2.806723E-9	2.844672E-9	2.878604E-9	2.931109E-9	3.050383E-9	3.109991E-9
0:25:28	1	5.010341E+0	2.552500E+1	2.570400E+1	8.081797E-1	1.049109E+0	3.760000E+2	9.280000E-8	9.221239E-8	2.719230E-9	2.719921E-9	2.761978E-9	2.722962E-9	2.782776E-9	2.791366E-9	2.842060E-9	2.895435E-9	2.766625E-9	2.741325E-9	2.764482E-9	2.767379E-9	2.817243E-9	2.819592E-9	2.774982E-9	2.861823E-9	2.824450E-9	2.836815E-9	2.879932E-9	2.910938E-9	2.918871E-9	2.924095E-9	2.985210E-9	3.035118E-9	2.964086E-9	2.920488E-9	2.937111E-9	2.980545E-9	3.018159E-9	3.069116E-9	3.196523E-9	3.261752E-9
0:25:42	1	5.011101E+0	2.552900E+1	2.570100E+1	8.092438E-1	1.049767E+0	3.780000E+2	9.716000E-8	9.673514E-8	2.848573E-9	2.849243E-9	2.891120E-9	2.853269E-9	2.916710E-9	2.927329E-9	2.979699E-9	3.031138E-9	2.896064E-9	2.873781E-9	2.900925E-9	2.899992E-9	2.952607E-9	2.954072E-9	2.911363E-9	3.003525E-9	2.964393E-9	2.976352E-9	3.022606E-9	3.053682E-9	3.062297E-9	3.069985E-9	3.133380E-9	3.187443E-9	3.113019E-9	3.065002E-9	3.084106E-9	3.130221E-9	3.170153E-9	3.226260E-9	3.361417E-9	3.425416E-9
0:25:55	1	5.014598E+0	2.553300E+1	2.570900E+1	8.084710E-1	1.049438E+0	3.800000E+2	1.026000E-7	1.016550E-7	2.988826E-9	2.987518E-9	3.035749E-9	2.996295E-9	3.056283E-9	3.074669E-9	3.130226E-9	3.179081E-9	3.041411E-9	3.017865E-9	3.046095E-9	3.046371E-9	3.104314E-9	3.101487E-9	3.053317E-9	3.154973E-9	3.115675E-9	3.125393E-9	3.174224E-9	3.211723E-9	3.220173E-9	3.231370E-9	3.299558E-9	3.357204E-9	3.270022E-9	3.221700E-9	3.243854E-9	3.293890E-9	3.334208E-9	3.397407E-9	3.536785E-9	3.607377E-9
0:26:09	1	5.016574E+0	2.553400E+1	2.570800E+1	8.103965E-1	1.051136E+0	3.820000E+2	1.074900E-7	1.066650E-7	3.134628E-9	3.132730E-9	3.180819E-9	3.139956E-9	3.208906E-9	3.221508E-9	3.284732E-9	3.336535E-9	3.187204E-9	3.168016E-9	3.196322E-9	3.199065E-9	3.258933E-9	3.257297E-9	3.201479E-9	3.306738E-9	3.268858E-9	3.281295E-9	3.333968E-9	3.371394E-9	3.379626E-9	3.389859E-9	3.463273E-9	3.523567E-9	3.428475E-9	3.381350E-9	3.403288E-9	3.457432E-9	3.501231E-9	3.566970E-9	3.711651E-9	3.787881E-9
0:26:22	1	5.015966E+0	2.553500E+1	2.570900E+1	8.101305E-1	1.050692E+0	3.840000E+2	1.127300E-7	1.122737E-7	3.291151E-9	3.292253E-9	3.345423E-9	3.300386E-9	3.373759E-9	3.388774E-9	3.453702E-9	3.510350E-9	3.351188E-9	3.326444E-9	3.358500E-9	3.362432E-9	3.424448E-9	3.427811E-9	3.372065E-9	3.479767E-9	3.434711E-9	3.451609E-9	3.512609E-9	3.552756E-9	3.559082E-9	3.575307E-9	3.649481E-9	3.714855E-9	3.613159E-9	3.561474E-9	3.583874E-9	3.643577E-9	3.691175E-9	3.759407E-9	3.917377E-9	3.994788E-9
0:26:36	1	5.015662E+0	2.553200E+1	2.571300E+1	8.112579E-1	1.051858E+0	3.860000E+2	1.185100E-7	1.181828E-7	3.456314E-9	3.457957E-9	3.513630E-9	3.470310E-9	3.548177E-9	3.562767E-9	3.633159E-9	3.691204E-9	3.521891E-9	3.503390E-9	3.532691E-9	3.530282E-9	3.604089E-9	3.611703E-9	3.561274E-9	3.666087E-9	3.617100E-9	3.637092E-9	3.694463E-9	3.739257E-9	3.751536E-9	3.761890E-9	3.845104E-9	3.913507E-9	3.800744E-9	3.746371E-9	3.775447E-9	3.842893E-9	3.890908E-9	3.961159E-9	4.130253E-9	4.210117E-9
0:26:49	1	5.014445E+0	2.553500E+1	2.570800E+1	8.084077E-1	1.049603E+0	3.880000E+2	1.255400E-7	1.247092E-7	3.642477E-9	3.644531E-9	3.704402E-9	3.657701E-9	3.740969E-9	3.756811E-9	3.828470E-9	3.888925E-9	3.712942E-9	3.687413E-9	3.726862E-9	3.722128E-9	3.801529E-9	3.807016E-9	3.754410E-9	3.868165E-9	3.818366E-9	3.835100E-9	3.899561E-9	3.948704E-9	3.960017E-9	3.978394E-9	4.062525E-9	4.134253E-9	4.013423E-9	3.959530E-9	3.986277E-9	4.054554E-9	4.111416E-9	4.186737E-9	4.363264E-9	4.452351E-9
0:27:03	1	5.015054E+0	2.553300E+1	2.570500E+1	8.092184E-1	1.050692E+0	3.900000E+2	1.327400E-7	1.315551E-7	3.833623E-9	3.837158E-9	3.903520E-9	3.854458E-9	3.943009E-9	3.958399E-9	4.036920E-9	4.100407E-9	3.911346E-9	3.883443E-9	3.931212E-9	3.929446E-9	4.008218E-9	4.013816E-9	3.951031E-9	4.082269E-9	4.025587E-9	4.043115E-9	4.117760E-9	4.166364E-9	4.179228E-9	4.196789E-9	4.289870E-9	4.365828E-9	4.236572E-9	4.176397E-9	4.210054E-9	4.282743E-9	4.341651E-9	4.425178E-9	4.611828E-9	4.707882E-9
0:27:16	1	5.012393E+0	2.553000E+1	2.570200E+1	8.072296E-1	1.048374E+0	3.920000E+2	1.397400E-7	1.392732E-7	4.049299E-9	4.053556E-9	4.122802E-9	4.070329E-9	4.167162E-9	4.185509E-9	4.269502E-9	4.334085E-9	4.133900E-9	4.108037E-9	4.156996E-9	4.162277E-9	4.242969E-9	4.249709E-9	4.178626E-9	4.317640E-9	4.261826E-9	4.281092E-9	4.359394E-9	4.415744E-9	4.431564E-9	4.453356E-9	4.544571E-9	4.628872E-9	4.487398E-9	4.421775E-9	4.459149E-9	4.541637E-9	4.603962E-9	4.695617E-9	4.892693E-9	4.992156E-9
0:27:30	1	5.014978E+0	2.552400E+1	2.570100E+1	8.080910E-1	1.049109E+0	3.940000E+2	1.482000E-7	1.474172E-7	4.271725E-9	4.280170E-9	4.356371E-9	4.301136E-9	4.404749E-9	4.421732E-9	4.514904E-9	4.594712E-9	4.367740E-9	4.339837E-9	4.394478E-9	4.393404E-9	4.487852E-9	4.498727E-9	4.427950E-9	4.568893E-9	4.506678E-9	4.532976E-9	4.614695E-9	4.679417E-9	4.694501E-9	4.718679E-9	4.820946E-9	4.905765E-9	4.752791E-9	4.684676E-9	4.724030E-9	4.810978E-9	4.877703E-9	4.977906E-9	5.192815E-9	5.298275E-9
0:27:43	1	5.015357E+0	2.552500E+1	2.570000E+1	8.080530E-1	1.048830E+0	3.960000E+2	1.573800E-7	1.565790E-7	4.526502E-9	4.537427E-9	4.613074E-9	4.559851E-9	4.670525E-9	4.691396E-9	4.788037E-9	4.870368E-9	4.633715E-9	4.604812E-9	4.663004E-9	4.660587E-9	4.767891E-9	4.781759E-9	4.709072E-9	4.852107E-9	4.785930E-9	4.816267E-9	4.901869E-9	4.970611E-9	4.994919E-9	5.018899E-9	5.124300E-9	5.220173E-9	5.045108E-9	4.978477E-9	5.023449E-9	5.116977E-9	5.192173E-9	5.295678E-9	5.523042E-9	5.640987E-9
0:27:57	1	5.015282E+0	2.552600E+1	2.570500E+1	8.089397E-1	1.049742E+0	3.980000E+2	1.663700E-7	1.662928E-7	4.796476E-9	4.802628E-9	4.887792E-9	4.833564E-9	4.953662E-9	4.975454E-9	5.081067E-9	5.161877E-9	4.907550E-9	4.881922E-9	4.947716E-9	4.943178E-9	5.057052E-9	5.072931E-9	4.995451E-9	5.154243E-9	5.081146E-9	5.113342E-9	5.208445E-9	5.283058E-9	5.313953E-9	5.340097E-9	5.453056E-9	5.553841E-9	5.361133E-9	5.293193E-9	5.339348E-9	5.440011E-9	5.524452E-9	5.642535E-9	5.882873E-9	6.009784E-9
0:28:10	1	5.015662E+0	2.552700E+1	2.570300E+1	8.085724E-1	1.049451E+0	4.000000E+2	1.780100E-7	1.773898E-7	5.097918E-9	5.109823E-9	5.203473E-9	5.143541E-9	5.268098E-9	5.295405E-9	5.412441E-9	5.502722E-9	5.222208E-9	5.197895E-9	5.269543E-9	5.266629E-9	5.393594E-9	5.413012E-9	5.323067E-9	5.500240E-9	5.419823E-9	5.451328E-9	5.564027E-9	5.638759E-9	5.672549E-9	5.707719E-9	5.828253E-9	5.937424E-9	5.724763E-9	5.644209E-9	5.702225E-9	5.815910E-9	5.908068E-9	6.037104E-9	6.294075E-9	6.423915E-9
0:28:24	1	5.013989E+0	2.553600E+1	2.570500E+1	8.104345E-1	1.050971E+0	4.020000E+2	1.890600E-7	1.891962E-7	5.419669E-9	5.431268E-9	5.531985E-9	5.475668E-9	5.605847E-9	5.639997E-9	5.758025E-9	5.863859E-9	5.555945E-9	5.531627E-9	5.608504E-9	5.615653E-9	5.748695E-9	5.769878E-9	5.676845E-9	5.863261E-9	5.773069E-9	5.815811E-9	5.934916E-9	6.017468E-9	6.055311E-9	6.092160E-9	6.227208E-9	6.348391E-9	6.107371E-9	6.032405E-9	6.088085E-9	6.216440E-9	6.317765E-9	6.454995E-9	6.737451E-9	6.880590E-9
0:28:37	1	5.015054E+0	2.553600E+1	2.570900E+1	8.098138E-1	1.050426E+0	4.040000E+2	2.027800E-7	2.026388E-7	5.782850E-9	5.802713E-9	5.908727E-9	5.847540E-9	5.996309E-9	6.029846E-9	6.161281E-9	6.267672E-9	5.940265E-9	5.909658E-9	5.995960E-9	6.000483E-9	6.150352E-9	6.180826E-9	6.078383E-9	6.278620E-9	6.183014E-9	6.235808E-9	6.357207E-9	6.460123E-9	6.502439E-9	6.543123E-9	6.680125E-9	6.815123E-9	6.537776E-9	6.461490E-9	6.529071E-9	6.670093E-9	6.780756E-9	6.931937E-9	7.226424E-9	7.392854E-9
0:28:51	1	5.015282E+0	2.553700E+1	2.570600E+1	8.112706E-1	1.051820E+0	4.060000E+2	2.182600E-7	2.176645E-7	6.187401E-9	6.205938E-9	6.323588E-9	6.262508E-9	6.423836E-9	6.466024E-9	6.609892E-9	6.721203E-9	6.358944E-9	6.333633E-9	6.436339E-9	6.437412E-9	6.598442E-9	6.631155E-9	6.531486E-9	6.738599E-9	6.641488E-9	6.693569E-9	6.830077E-9	6.945529E-9	6.990516E-9	7.044098E-9	7.197109E-9	7.334792E-9	7.027262E-9	6.948666E-9	7.022398E-9	7.180346E-9	7.304368E-9	7.464641E-9	7.800386E-9	7.972864E-9
0:29:04	1	5.016194E+0	2.553200E+1	2.570600E+1	8.110679E-1	1.051769E+0	4.080000E+2	2.346300E-7	2.339371E-7	6.617937E-9	6.641258E-9	6.773213E-9	6.706401E-9	6.876575E-9	6.923949E-9	7.087306E-9	7.199908E-9	6.809948E-9	6.790341E-9	6.899414E-9	6.905851E-9	7.086689E-9	7.129695E-9	7.015056E-9	7.251042E-9	7.131066E-9	7.192806E-9	7.352080E-9	7.472436E-9	7.522131E-9	7.587720E-9	7.756492E-9	7.905887E-9	7.560190E-9	7.474532E-9	7.561378E-9	7.739733E-9	7.879950E-9	8.063054E-9	8.417565E-9	8.605488E-9
0:29:18	1	5.016041E+0	2.553100E+1	2.570200E+1	8.098772E-1	1.051136E+0	4.100000E+2	2.532800E-7	2.531328E-7	7.129696E-9	7.156086E-9	7.299641E-9	7.235855E-9	7.414846E-9	7.466734E-9	7.649490E-9	7.783179E-9	7.339109E-9	7.324020E-9	7.447909E-9	7.462130E-9	7.657600E-9	7.698409E-9	7.581416E-9	7.843102E-9	7.704647E-9	7.784501E-9	7.955530E-9	8.098206E-9	8.161963E-9	8.231751E-9	8.410783E-9	8.589781E-9	8.188708E-9	8.098309E-9	8.203341E-9	8.394284E-9	8.560105E-9	8.752525E-9	9.149834E-9	9.359354E-9
0:29:31	1	5.015434E+0	2.552500E+1	2.570700E+1	8.107639E-1	1.051756E+0	4.106850E+2	2.603900E-7	2.601791E-7	7.304381E-9	7.344362E-9	7.488265E-9	7.419638E-9	7.617268E-9	7.667315E-9	7.853644E-9	7.988574E-9	7.543091E-9	7.522135E-9	7.655990E-9	7.662250E-9	7.864225E-9	7.924961E-9	7.796849E-9	8.058281E-9	7.917127E-9	8.004349E-9	8.181099E-9	8.319378E-9	8.389188E-9	8.477172E-9	8.660177E-9	8.845398E-9	8.411542E-9	8.329558E-9	8.432107E-9	8.629181E-9	8.802904E-9	9.014916E-9	9.416901E-9	9.636917E-9
0:29:45	1	5.015129E+0	2.552700E+1	2.570400E+1	8.076856E-1	1.048931E+0	4.113700E+2	2.681800E-7	2.676678E-7	7.504292E-9	7.536548E-9	7.689216E-9	7.623421E-9	7.825834E-9	7.880783E-9	8.072895E-9	8.209314E-9	7.745995E-9	7.726507E-9	7.860719E-9	7.875188E-9	8.086558E-9	8.147158E-9	8.016844E-9	8.288079E-9	8.135372E-9	8.227596E-9	8.413034E-9	8.571140E-9	8.643606E-9	8.727250E-9	8.912667E-9	9.104099E-9	8.654614E-9	8.569912E-9	8.691557E-9	8.904031E-9	9.073677E-9	9.291438E-9	9.716708E-9	9.941768E-9
0:29:58	1	5.013761E+0	2.552600E+1	2.569900E+1	8.074956E-1	1.048564E+0	4.120549E+2	2.751900E-7	2.754352E-7	7.698842E-9	7.739264E-9	7.902998E-9	7.828848E-9	8.040863E-9	8.105629E-9	8.302696E-9	8.437159E-9	7.960562E-9	7.938841E-9	8.083469E-9	8.098167E-9	8.318583E-9	8.379392E-9	8.249760E-9	8.527944E-9	8.378767E-9	8.465384E-9	8.661847E-9	8.827227E-9	8.904524E-9	8.984447E-9	9.184113E-9	9.382314E-9	8.913574E-9	8.827538E-9	8.937559E-9	9.166977E-9	9.345649E-9	9.584307E-9	1.000523E-8	1.025270E-8
0:30:12	1	5.017182E+0	2.552500E+1	2.570200E+1	8.074449E-1	1.048513E+0	4.127399E+2	2.818000E-7	2.819267E-7	7.873087E-9	7.918271E-9	8.081508E-9	8.006556E-9	8.220667E-9	8.285467E-9	8.492073E-9	8.628730E-9	8.134943E-9	8.126150E-9	8.270368E-9	8.290267E-9	8.513303E-9	8.568080E-9	8.432447E-9	8.725909E-9	8.568570E-9	8.667106E-9	8.875196E-9	9.030593E-9	9.106758E-9	9.193833E-9	9.415310E-9	9.617662E-9	9.126632E-9	9.030711E-9	9.153189E-9	9.396303E-9	9.588637E-9	9.823001E-9	1.026364E-8	1.050177E-8
0:30:25	1	5.012393E+0	2.552700E+1	2.570500E+1	8.086357E-1	1.049375E+0	4.134249E+2	2.912000E-7	2.904376E-7	8.093303E-9	8.138452E-9	8.307237E-9	8.233501E-9	8.462816E-9	8.523013E-9	8.737855E-9	8.892146E-9	8.366181E-9	8.358075E-9	8.508231E-9	8.530235E-9	8.769842E-9	8.827131E-9	8.685127E-9	8.984251E-9	8.825395E-9	8.933214E-9	9.146056E-9	9.313950E-9	9.392096E-9	9.492541E-9	9.704510E-9	9.920174E-9	9.399339E-9	9.309628E-9	9.445472E-9	9.681662E-9	9.886563E-9	1.012309E-8	1.059663E-8	1.084993E-8
0:30:39	1	5.015813E+0	2.552800E+1	2.571000E+1	8.102445E-1	1.050692E+0	4.141099E+2	2.992800E-7	2.994060E-7	8.325125E-9	8.365825E-9	8.549658E-9	8.475448E-9	8.704201E-9	8.770551E-9	8.998416E-9	9.155817E-9	8.611686E-9	8.601883E-9	8.758927E-9	8.772601E-9	9.030625E-9	9.087445E-9	8.958330E-9	9.265692E-9	9.096601E-9	9.205617E-9	9.427875E-9	9.607026E-9	9.698319E-9	9.792320E-9	1.001488E-8	1.024704E-8	9.694177E-9	9.609457E-9	9.747290E-9	9.999123E-9	1.020880E-8	1.046843E-8	1.094881E-8	1.120803E-8
0:30:52	1	5.014826E+0	2.553600E+1	2.570600E+1	8.096998E-1	1.050084E+0	4.147948E+2	3.090000E-7	3.087904E-7	8.562750E-9	8.602274E-9	8.793782E-9	8.717455E-9	8.962756E-9	9.032796E-9	9.259421E-9	9.431410E-9	8.871195E-9	8.865784E-9	9.024355E-9	9.040921E-9	9.308954E-9	9.377356E-9	9.236158E-9	9.555742E-9	9.376614E-9	9.490041E-9	9.729915E-9	9.922230E-9	1.001786E-8	1.012057E-8	1.034951E-8	1.058223E-8	9.999041E-9	9.913621E-9	1.005631E-8	1.033001E-8	1.054329E-8	1.081244E-8	1.131359E-8	1.158999E-8
0:31:06	1	5.015813E+0	2.554200E+1	2.571300E+1	8.109159E-1	1.051579E+0	4.154798E+2	3.192500E-7	3.186594E-7	8.811598E-9	8.862746E-9	9.058513E-9	8.982688E-9	9.235186E-9	9.305289E-9	9.544745E-9	9.707891E-9	9.131656E-9	9.128485E-9	9.305083E-9	9.317766E-9	9.598114E-9	9.665120E-9	9.515062E-9	9.861929E-9	9.671070E-9	9.793032E-9	1.004562E-8	1.024138E-8	1.035128E-8	1.045513E-8	1.069666E-8	1.093560E-8	1.032496E-8	1.023210E-8	1.039670E-8	1.067710E-8	1.091112E-8	1.118952E-8	1.171507E-8	1.199121E-8
0:31:19	1	5.015890E+0	2.555200E+1	2.571900E+1	8.105739E-1	1.051566E+0	4.161648E+2	3.290500E-7	3.291891E-7	9.079932E-9	9.129334E-9	9.334495E-9	9.270388E-9	9.515535E-9	9.608896E-9	9.853251E-9	1.001830E-8	9.416837E-9	9.407995E-9	9.594726E-9	9.619934E-9	9.906025E-9	9.990244E-9	9.834697E-9	1.017875E-8	9.981490E-9	1.011830E-8	1.037500E-8	1.058323E-8	1.069561E-8	1.081500E-8	1.106301E-8	1.131729E-8	1.067384E-8	1.058834E-8	1.074910E-8	1.105287E-8	1.128406E-8	1.158441E-8	1.212320E-8	1.242496E-8
0:31:33	1	5.014445E+0	2.555900E+1	2.572900E+1	8.104979E-1	1.051883E+0	4.168498E+2	3.408400E-7	3.401096E-7	9.353186E-9	9.407840E-9	9.620781E-9	9.544228E-9	9.813497E-9	9.900309E-9	1.016119E-8	1.034513E-8	9.707597E-9	9.708233E-9	9.901820E-9	9.925259E-9	1.022464E-8	1.031133E-8	1.015813E-8	1.051215E-8	1.031789E-8	1.045742E-8	1.072580E-8	1.094495E-8	1.106241E-8	1.118432E-8	1.145533E-8	1.172007E-8	1.102575E-8	1.094174E-8	1.111653E-8	1.143416E-8	1.168195E-8	1.200622E-8	1.256118E-8	1.287860E-8
0:31:46	1	5.016118E+0	2.556100E+1	2.573800E+1	8.110806E-1	1.052200E+0	4.175348E+2	3.513600E-7	3.505812E-7	9.617926E-9	9.674428E-9	9.893288E-9	9.818702E-9	1.010506E-8	1.019574E-8	1.046003E-8	1.064875E-8	9.986883E-9	9.990144E-9	1.019557E-8	1.022174E-8	1.053084E-8	1.062245E-8	1.047124E-8	1.084188E-8	1.063160E-8	1.077395E-8	1.105505E-8	1.128749E-8	1.142196E-8	1.154268E-8	1.182642E-8	1.209623E-8	1.136428E-8	1.127850E-8	1.147050E-8	1.180119E-8	1.206291E-8	1.239870E-8	1.298279E-8	1.331223E-8
0:32:00	1	5.015129E+0	2.555900E+1	2.573300E+1	8.079770E-1	1.049451E+0	4.182197E+2	3.630200E-7	3.629316E-7	9.915648E-9	9.988873E-9	1.021763E-8	1.014652E-8	1.042919E-8	1.053512E-8	1.080663E-8	1.101375E-8	1.031479E-8	1.032425E-8	1.053498E-8	1.056812E-8	1.089792E-8	1.099900E-8	1.084472E-8	1.120649E-8	1.099657E-8	1.115140E-8	1.145775E-8	1.169403E-8	1.184258E-8	1.198753E-8	1.226492E-8	1.255509E-8	1.176870E-8	1.168667E-8	1.187827E-8	1.223787E-8	1.252761E-8	1.286253E-8	1.346920E-8	1.380728E-8
0:32:13	1	5.016041E+0	2.555500E+1	2.573200E+1	8.092564E-1	1.050781E+0	4.189047E+2	3.764300E-7	3.759531E-7	1.023733E-8	1.030761E-8	1.055727E-8	1.048264E-8	1.078854E-8	1.088531E-8	1.118645E-8	1.138554E-8	1.065734E-8	1.067202E-8	1.089980E-8	1.092744E-8	1.128652E-8	1.138843E-8	1.122162E-8	1.162609E-8	1.138067E-8	1.156157E-8	1.186568E-8	1.211656E-8	1.226882E-8	1.241613E-8	1.272233E-8	1.301862E-8	1.221021E-8	1.211895E-8	1.232178E-8	1.269330E-8	1.300696E-8	1.337261E-8	1.400459E-8	1.436437E-8
0:32:27	1	5.014445E+0	2.555400E+1	2.573100E+1	8.074956E-1	1.048767E+0	4.195897E+2	3.902400E-7	3.897974E-7	1.057763E-8	1.065484E-8	1.090569E-8	1.083470E-8	1.116526E-8	1.125586E-8	1.156633E-8	1.177604E-8	1.102296E-8	1.104285E-8	1.128833E-8	1.131909E-8	1.167501E-8	1.178562E-8	1.161644E-8	1.203682E-8	1.179245E-8	1.197886E-8	1.230548E-8	1.258523E-8	1.275463E-8	1.292215E-8	1.322996E-8	1.353772E-8	1.265631E-8	1.256443E-8	1.279869E-8	1.319190E-8	1.353152E-8	1.390469E-8	1.457133E-8	1.494862E-8
0:32:40	1	5.014598E+0	2.554700E+1	2.572500E+1	8.082557E-1	1.049261E+0	4.202747E+2	4.040600E-7	4.046157E-7	1.093892E-8	1.101513E-8	1.128319E-8	1.120544E-8	1.154172E-8	1.166412E-8	1.198235E-8	1.221587E-8	1.140810E-8	1.142859E-8	1.169526E-8	1.173214E-8	1.211733E-8	1.223727E-8	1.206619E-8	1.250326E-8	1.222850E-8	1.243379E-8	1.279441E-8	1.307735E-8	1.324971E-8	1.343043E-8	1.375782E-8	1.408225E-8	1.313678E-8	1.305669E-8	1.330376E-8	1.371919E-8	1.407805E-8	1.448498E-8	1.516593E-8	1.558118E-8
0:32:54	1	5.015585E+0	2.554400E+1	2.572400E+1	8.091804E-1	1.049932E+0	4.209596E+2	4.210700E-7	4.204044E-7	1.131358E-8	1.140007E-8	1.168459E-8	1.161306E-8	1.196177E-8	1.209376E-8	1.241883E-8	1.266300E-8	1.181683E-8	1.184959E-8	1.212217E-8	1.215909E-8	1.256618E-8	1.270805E-8	1.252455E-8	1.297387E-8	1.271022E-8	1.292088E-8	1.330325E-8	1.359592E-8	1.378561E-8	1.397815E-8	1.431632E-8	1.466953E-8	1.366820E-8	1.359123E-8	1.383990E-8	1.429580E-8	1.466595E-8	1.510816E-8	1.583304E-8	1.625324E-8
0:33:07	1	5.015054E+0	2.554500E+1	2.571800E+1	8.088131E-1	1.049818E+0	4.216446E+2	4.335200E-7	4.337476E-7	1.163968E-8	1.173166E-8	1.203162E-8	1.194905E-8	1.231751E-8	1.244741E-8	1.279998E-8	1.304633E-8	1.216121E-8	1.219469E-8	1.248535E-8	1.253439E-8	1.295181E-8	1.309779E-8	1.291963E-8	1.337531E-8	1.309641E-8	1.332514E-8	1.371477E-8	1.405117E-8	1.424744E-8	1.442792E-8	1.481315E-8	1.516641E-8	1.408694E-8	1.402006E-8	1.430671E-8	1.479016E-8	1.517359E-8	1.563441E-8	1.637965E-8	1.683028E-8
0:33:21	1	5.016269E+0	2.554300E+1	2.571400E+1	8.105992E-1	1.051326E+0	4.223296E+2	4.519300E-7	4.516301E-7	1.206170E-8	1.214945E-8	1.247284E-8	1.240281E-8	1.277969E-8	1.291810E-8	1.329647E-8	1.355636E-8	1.261381E-8	1.265773E-8	1.297789E-8	1.302727E-8	1.346483E-8	1.360902E-8	1.343690E-8	1.392952E-8	1.363357E-8	1.386662E-8	1.429970E-8	1.464108E-8	1.486816E-8	1.510004E-8	1.545429E-8	1.584816E-8	1.467977E-8	1.461513E-8	1.492096E-8	1.544256E-8	1.585134E-8	1.632977E-8	1.713168E-8	1.759294E-8
0:33:34	1	5.015966E+0	2.553500E+1	2.571100E+1	8.101812E-1	1.050971E+0	4.230146E+2	4.711200E-7	4.707817E-7	1.250282E-8	1.262008E-8	1.294345E-8	1.286892E-8	1.328673E-8	1.342555E-8	1.381488E-8	1.409112E-8	1.309295E-8	1.316948E-8	1.349123E-8	1.355115E-8	1.402003E-8	1.418890E-8	1.399889E-8	1.451766E-8	1.419017E-8	1.446353E-8	1.489049E-8	1.528020E-8	1.552635E-8	1.576562E-8	1.618504E-8	1.656233E-8	1.530866E-8	1.525078E-8	1.557258E-8	1.611382E-8	1.658037E-8	1.710877E-8	1.794649E-8	1.845267E-8
0:33:48	1	5.016422E+0	2.552900E+1	2.570600E+1	8.105865E-1	1.051528E+0	4.236996E+2	4.911900E-7	4.911654E-7	1.298362E-8	1.309323E-8	1.343979E-8	1.338838E-8	1.380574E-8	1.395960E-8	1.437846E-8	1.467446E-8	1.362814E-8	1.368066E-8	1.403043E-8	1.411653E-8	1.460538E-8	1.477043E-8	1.459166E-8	1.513086E-8	1.479194E-8	1.508412E-8	1.555548E-8	1.596528E-8	1.622613E-8	1.647636E-8	1.691578E-8	1.735398E-8	1.598592E-8	1.592167E-8	1.628994E-8	1.686930E-8	1.736648E-8	1.792446E-8	1.882352E-8	1.933766E-8
0:34:01	1	5.014522E+0	2.552700E+1	2.570300E+1	8.112326E-1	1.051946E+0	4.243845E+2	5.134400E-7	5.133598E-7	1.348258E-8	1.362048E-8	1.398354E-8	1.392195E-8	1.436695E-8	1.454664E-8	1.497405E-8	1.528595E-8	1.418209E-8	1.424840E-8	1.462072E-8	1.471063E-8	1.525788E-8	1.543696E-8	1.524259E-8	1.581152E-8	1.544389E-8	1.575317E-8	1.627169E-8	1.670019E-8	1.699740E-8	1.728644E-8	1.773890E-8	1.820657E-8	1.670726E-8	1.666955E-8	1.705491E-8	1.768688E-8	1.820855E-8	1.881581E-8	1.978498E-8	2.034066E-8
0:34:15	1	5.014294E+0	2.552500E+1	2.570500E+1	8.079390E-1	1.049311E+0	4.250695E+2	5.376200E-7	5.373437E-7	1.403174E-8	1.417806E-8	1.455573E-8	1.450329E-8	1.497503E-8	1.515599E-8	1.561690E-8	1.593771E-8	1.478700E-8	1.485810E-8	1.526241E-8	1.536069E-8	1.593306E-8	1.612886E-8	1.592785E-8	1.654085E-8	1.613049E-8	1.647861E-8	1.704018E-8	1.752782E-8	1.784256E-8	1.816134E-8	1.863822E-8	1.912222E-8	1.749953E-8	1.746591E-8	1.789305E-8	1.857734E-8	1.917640E-8	1.980607E-8	2.081223E-8	2.141844E-8
0:34:28	1	5.012317E+0	2.553100E+1	2.570300E+1	8.092691E-1	1.050718E+0	4.257545E+2	5.632400E-7	5.633835E-7	1.461949E-8	1.477328E-8	1.519177E-8	1.512103E-8	1.563565E-8	1.582858E-8	1.633467E-8	1.666303E-8	1.540725E-8	1.551394E-8	1.595109E-8	1.605817E-8	1.664630E-8	1.688342E-8	1.667334E-8	1.733860E-8	1.689679E-8	1.727109E-8	1.786403E-8	1.839012E-8	1.873592E-8	1.909312E-8	1.960339E-8	2.012694E-8	1.836052E-8	1.834581E-8	1.882743E-8	1.954929E-8	2.019458E-8	2.089321E-8	2.198204E-8	2.260961E-8
0:34:42	1	5.012773E+0	2.552800E+1	2.570100E+1	8.074069E-1	1.048538E+0	4.264395E+2	5.884700E-7	5.888561E-7	1.517344E-8	1.532929E-8	1.577964E-8	1.572998E-8	1.626914E-8	1.647477E-8	1.700316E-8	1.737351E-8	1.602547E-8	1.616023E-8	1.661112E-8	1.673002E-8	1.737696E-8	1.764057E-8	1.741777E-8	1.810837E-8	1.764002E-8	1.805500E-8	1.870250E-8	1.925719E-8	1.964040E-8	2.002799E-8	2.055812E-8	2.112902E-8	1.917883E-8	1.919725E-8	1.970264E-8	2.049369E-8	2.120177E-8	2.195805E-8	2.310638E-8	2.380382E-8
0:34:55	1	5.016118E+0	2.552700E+1	2.569900E+1	8.081543E-1	1.049096E+0	4.271244E+2	6.201200E-7	6.197413E-7	1.585894E-8	1.602035E-8	1.650924E-8	1.645530E-8	1.702479E-8	1.726849E-8	1.782111E-8	1.820206E-8	1.677104E-8	1.692666E-8	1.741246E-8	1.755948E-8	1.823823E-8	1.852116E-8	1.830693E-8	1.905611E-8	1.852054E-8	1.897423E-8	1.968181E-8	2.028668E-8	2.074509E-8	2.114547E-8	2.173831E-8	2.233661E-8	2.021235E-8	2.022631E-8	2.079468E-8	2.168439E-8	2.243837E-8	2.326209E-8	2.447584E-8	2.526616E-8
0:35:09	1	5.013989E+0	2.552500E+1	2.570000E+1	8.077996E-1	1.048893E+0	4.278094E+2	6.531200E-7	6.533714E-7	1.655837E-8	1.675612E-8	1.729471E-8	1.723417E-8	1.784322E-8	1.809187E-8	1.867841E-8	1.910373E-8	1.757036E-8	1.773840E-8	1.827905E-8	1.843889E-8	1.916887E-8	1.948574E-8	1.926545E-8	2.002923E-8	1.950198E-8	1.999449E-8	2.077981E-8	2.143315E-8	2.192954E-8	2.239656E-8	2.303987E-8	2.367223E-8	2.133760E-8	2.138946E-8	2.197936E-8	2.295772E-8	2.378403E-8	2.472448E-8	2.604356E-8	2.687095E-8
0:35:22	1	5.016726E+0	2.553300E+1	2.570300E+1	8.086610E-1	1.049502E+0	4.284944E+2	6.904700E-7	6.903214E-7	1.732813E-8	1.755998E-8	1.811987E-8	1.807044E-8	1.873368E-8	1.900288E-8	1.965193E-8	2.010299E-8	1.844917E-8	1.863494E-8	1.921823E-8	1.939364E-8	2.020491E-8	2.053331E-8	2.031387E-8	2.115367E-8	2.055893E-8	2.110216E-8	2.198155E-8	2.267034E-8	2.324517E-8	2.375108E-8	2.447015E-8	2.515885E-8	2.253398E-8	2.260241E-8	2.332396E-8	2.437572E-8	2.528098E-8	2.634395E-8	2.775867E-8	2.869183E-8
0:35:36	1	5.014598E+0	2.553300E+1	2.570400E+1	8.085090E-1	1.049527E+0	4.291794E+2	7.319000E-7	7.317164E-7	1.819279E-8	1.841637E-8	1.902501E-8	1.898790E-8	1.970860E-8	2.000416E-8	2.069501E-8	2.118989E-8	1.938306E-8	1.961749E-8	2.026584E-8	2.048480E-8	2.133913E-8	2.171043E-8	2.150265E-8	2.238766E-8	2.173119E-8	2.235894E-8	2.331871E-8	2.408525E-8	2.472032E-8	2.535121E-8	2.608720E-8	2.683053E-8	2.387860E-8	2.402413E-8	2.477635E-8	2.598322E-8	2.704518E-8	2.814920E-8	2.973119E-8	3.073443E-8
0:35:49	1	5.014901E+0	2.552800E+1	2.570300E+1	8.099152E-1	1.050616E+0	4.298644E+2	7.767900E-7	7.776201E-7	1.910841E-8	1.936727E-8	2.002925E-8	2.001181E-8	2.076215E-8	2.110846E-8	2.185260E-8	2.238472E-8	2.044519E-8	2.068056E-8	2.138635E-8	2.163303E-8	2.257667E-8	2.300796E-8	2.280209E-8	2.375507E-8	2.303857E-8	2.374639E-8	2.477310E-8	2.568384E-8	2.640610E-8	2.705653E-8	2.790341E-8	2.873479E-8	2.540192E-8	2.556234E-8	2.646951E-8	2.778567E-8	2.896029E-8	3.021564E-8	3.193321E-8	3.303719E-8
0:36:03	1	5.014522E+0	2.553300E+1	2.570700E+1	8.108906E-1	1.051630E+0	4.305493E+2	8.289100E-7	8.291562E-7	2.011459E-8	2.041742E-8	2.110550E-8	2.109521E-8	2.193740E-8	2.231001E-8	2.312080E-8	2.371069E-8	2.157153E-8	2.187728E-8	2.266304E-8	2.294224E-8	2.398168E-8	2.446661E-8	2.424615E-8	2.529177E-8	2.447328E-8	2.528979E-8	2.643203E-8	2.744217E-8	2.825928E-8	2.902120E-8	2.994602E-8	3.089631E-8	2.707807E-8	2.730154E-8	2.832570E-8	2.984360E-8	3.115313E-8	3.261323E-8	3.446634E-8	3.576262E-8
