APD#	0019	Started	07/20/07 13:43	Sense_ohms	1.004464E+6	1.004628E+6	1.002105E+6	1.000924E+6	9.998282E+5	1.007735E+6	1.002821E+6	9.989270E+5	9.993226E+5	1.002376E+6	1.001862E+6	1.003102E+6	1.000030E+6	1.003780E+6	1.000011E+6	1.000898E+6	9.999006E+5	1.006439E+6	1.005624E+6	1.010450E+6	1.003884E+6	1.005600E+6	1.002519E+6	1.006362E+6	1.004620E+6	1.008599E+6	1.003214E+6	1.000475E+6	1.003139E+6	9.996927E+5	1.009944E+6	1.000506E+6					
ElapTime	Shutter_Open	DegC	H2O_In	H2O_Out	TE_A	TE_V	BiasV	KE237_Amps	Pixel_Sum	A1	A2	A3	A4	A5	A6	A7	A8	B1	B2	B3	B4	B5	B6	B7	B8	C1	C2	C3	C4	C5	C6	C7	C8	D1	D2	D3	D4	D5	D6	D7	D8
0:00:00	0	-9.995086E+0	2.544600E+1	2.587700E+1	1.594952E+0	1.913458E+0	0.000000E+0	-4.464300E-10	-1.392221E-10	-1.072214E-12	-5.359198E-12	-5.689025E-12	-6.518976E-12	-5.131882E-12	-6.474917E-12	-5.495497E-12	7.355893E-12	-7.035766E-12	-6.699083E-12	-7.081814E-12	5.115133E-12	-4.053878E-12	-4.922393E-12	-3.040967E-12	-3.164159E-12	-3.357334E-12	-4.909388E-12	-5.920702E-12	-4.576179E-12	-1.451363E-12	-5.228719E-12	-5.055266E-12	-5.161165E-12	-5.737493E-12	-6.217535E-12	-5.682736E-12	-5.255504E-12	-5.935369E-12	-4.625421E-12	-5.330989E-12	-5.508213E-12
0:00:13	0	-9.991590E+0	2.542600E+1	2.585700E+1	1.594546E+0	1.913192E+0	0.000000E+0	-2.935300E-10	-3.937895E-10	-1.009494E-12	-1.198055E-11	-1.289486E-11	-1.189801E-11	-1.203807E-11	-1.244573E-11	-1.282283E-11	-2.371645E-11	-1.178999E-11	-1.219702E-11	-1.144369E-11	-1.629246E-11	-1.184464E-11	-1.426209E-11	-1.133888E-11	-1.139177E-11	-1.058005E-11	-1.145524E-11	-1.530691E-11	-1.222426E-11	-1.261998E-11	-1.366945E-11	-1.118383E-11	-1.044853E-11	-1.342995E-11	-1.231015E-11	-1.168146E-11	-1.107974E-11	-1.199834E-11	-1.260988E-11	-1.141548E-11	-1.240972E-11
0:00:26	0	-9.996986E+0	2.542000E+1	2.585200E+1	1.598765E+0	1.917803E+0	1.000000E+1	2.417300E-10	-3.398905E-10	-6.939024E-13	-1.128676E-11	-1.118845E-11	-1.120165E-11	-1.083386E-11	-9.994691E-12	-1.073871E-11	-4.121422E-12	-1.217024E-11	-1.080632E-11	-1.125404E-11	-1.389689E-12	-8.931732E-12	-1.236924E-11	-1.678582E-11	-1.329007E-11	-1.368336E-11	-1.139165E-11	-1.171611E-11	-1.046959E-11	-8.708177E-12	-1.058274E-11	-1.093146E-11	-1.101492E-11	-1.330453E-11	-1.300021E-11	-9.786546E-12	-1.183938E-11	-1.098751E-11	-1.222976E-11	-1.179174E-11	-1.139623E-11
0:00:40	0	-9.993338E+0	2.541700E+1	2.584800E+1	1.595699E+0	1.915016E+0	2.000000E+1	3.303200E-10	-3.256673E-10	1.387805E-12	-1.122306E-11	-1.049291E-11	-1.018958E-11	-1.077085E-11	-1.162905E-11	-1.067489E-11	3.173405E-13	-1.045908E-11	-1.036437E-11	-1.466869E-11	-1.111452E-11	-9.057728E-12	-1.325191E-11	-3.166965E-12	-1.151866E-11	-1.355735E-11	-1.208419E-11	-1.240921E-11	-1.147212E-11	-7.698101E-12	-1.077168E-11	-1.150003E-11	-9.630729E-12	-1.103402E-11	-1.180747E-11	-1.067070E-11	-1.044704E-11	-1.161853E-11	-1.134249E-11	-1.154024E-11	-1.120633E-11
0:00:53	0	-9.993186E+0	2.541800E+1	2.584600E+1	1.590911E+0	1.911000E+0	3.000000E+1	2.728500E-10	-3.334810E-10	6.272002E-14	-9.961896E-12	-9.986977E-12	-1.075906E-11	-1.121393E-11	-9.240525E-12	-1.168603E-11	-1.471179E-11	-1.109251E-11	-9.100378E-12	-1.011616E-11	-1.591364E-11	-9.754707E-12	-1.205344E-11	2.153976E-12	-9.493475E-12	-1.127612E-11	-1.208419E-11	-1.177876E-11	-1.203622E-11	-1.293576E-11	-9.952267E-12	-1.017337E-11	-1.088972E-11	-1.179053E-11	-1.036289E-11	-9.850341E-12	-9.433519E-12	-1.105031E-11	-1.184864E-11	-1.172837E-11	-1.342221E-11
0:01:07	0	-9.992046E+0	2.541300E+1	2.584400E+1	1.591975E+0	1.912115E+0	4.000000E+1	3.220000E-10	-3.447600E-10	5.674668E-13	-9.016273E-12	-1.036718E-11	-1.044235E-11	-9.503633E-12	-9.680124E-12	-1.061206E-11	-2.517501E-11	-1.096643E-11	-1.042722E-11	-1.340404E-11	-2.778381E-12	-7.980761E-12	-1.262129E-11	-2.122077E-11	-7.088634E-12	-7.665762E-12	-1.114027E-11	-1.177876E-11	-1.122173E-11	-1.539620E-11	-9.574383E-12	-1.162571E-11	-1.038592E-11	-1.103402E-11	-1.048881E-11	-1.041851E-11	-1.013019E-11	-1.073530E-11	-1.001108E-11	-1.091348E-11	-1.152317E-11
0:01:20	0	-9.993642E+0	2.541300E+1	2.584000E+1	1.591937E+0	1.911114E+0	5.000000E+1	9.511000E-10	-3.232722E-10	7.566224E-13	-8.638023E-12	-8.090969E-12	-9.619112E-12	-1.051681E-11	-1.005721E-11	-9.917024E-12	-1.331629E-11	-1.045908E-11	-9.100378E-12	-1.087475E-11	-9.029989E-12	-7.600772E-12	-1.104326E-11	-2.242375E-11	-1.069540E-11	-1.115011E-11	-1.170662E-11	-1.033090E-11	-1.097036E-11	-8.581669E-12	-1.033115E-11	-8.909557E-12	-9.693331E-12	-1.015210E-11	-1.073965E-11	-8.776791E-12	-1.069992E-11	-9.535069E-12	-1.089835E-11	-9.470822E-12	-1.069959E-11
0:01:34	0	-1.010560E+1	2.540800E+1	2.583800E+1	1.599550E+0	1.917854E+0	6.000000E+1	1.070100E-9	-3.020283E-10	1.513245E-12	-9.016273E-12	-8.913238E-12	-8.354281E-12	-1.013674E-11	-9.868666E-12	-9.348628E-12	-8.238840E-13	-9.444398E-12	-1.042722E-11	-1.112828E-11	-1.483997E-11	-8.424747E-12	-1.173763E-11	-1.140187E-11	-9.746248E-12	-1.045304E-11	-1.032253E-11	-1.140088E-11	-9.528428E-12	-4.479601E-12	-9.385442E-12	-1.048858E-11	-9.755933E-12	-9.772849E-12	-1.224669E-11	-9.850341E-12	-9.940278E-12	-1.041929E-11	-1.064527E-11	-1.016096E-11	-1.107939E-11
0:01:47	0	-9.994326E+0	2.540500E+1	2.583100E+1	1.591595E+0	1.909746E+0	7.000000E+1	1.020700E-9	-2.969482E-10	1.513245E-12	-8.701728E-12	-9.418175E-12	-8.354281E-12	-1.064383E-11	-1.012072E-11	-1.073871E-11	-9.575274E-12	-9.318312E-12	-9.669026E-12	-1.024293E-11	-1.351408E-11	-9.501715E-12	-1.098049E-11	-7.600916E-12	-7.658123E-12	-9.122907E-12	-9.566402E-12	-1.184240E-11	-1.090801E-11	-7.760857E-12	-1.007856E-11	-8.909557E-12	-9.441930E-12	-5.926619E-12	-9.232609E-12	-8.335211E-12	-9.560459E-12	-1.035649E-11	-1.045521E-11	-9.909460E-12	-1.101643E-11
0:02:01	0	-9.990526E+0	2.540100E+1	2.582600E+1	1.592469E+0	1.911722E+0	8.000000E+1	1.109200E-9	-2.753595E-10	1.828836E-12	-8.701728E-12	-7.142964E-12	-9.429287E-12	-8.489458E-12	-8.674900E-12	-1.061206E-11	-1.274568E-11	-9.698570E-12	-1.074347E-11	-6.006815E-12	-5.682373E-13	-7.094787E-12	-1.047540E-11	-9.501895E-12	-7.468293E-12	-8.678863E-12	-9.315021E-12	-1.007832E-11	-9.967836E-12	-8.770934E-12	-8.693317E-12	-9.667647E-12	-9.126934E-12	-8.259840E-12	-1.067719E-11	-9.028981E-12	-8.863790E-12	-1.022989E-11	-9.124804E-12	-9.094564E-12	-1.025681E-11
0:02:14	0	-9.991894E+0	2.539800E+1	2.582500E+1	1.589454E+0	1.909062E+0	9.000000E+1	1.135000E-9	-2.835465E-10	2.838330E-12	-8.259774E-12	-8.659771E-12	-9.429287E-12	-9.819687E-12	-8.674900E-12	-9.854201E-12	-3.550810E-12	-8.810969E-12	-1.067963E-11	-9.357576E-12	3.160197E-13	-6.777797E-12	-1.022336E-11	-1.380885E-11	-7.784010E-12	-1.146614E-11	-1.025894E-11	-1.020461E-11	-9.967836E-12	-1.198943E-11	-1.001591E-11	-1.055242E-11	-1.044853E-11	-8.575382E-12	-9.671832E-12	-9.218372E-12	-1.013019E-11	-9.156259E-12	-9.504921E-12	-9.909460E-12	-9.939970E-12
0:02:28	0	-1.000079E+1	2.539800E+1	2.582200E+1	1.586236E+0	1.905908E+0	1.000000E+2	1.104100E-9	-2.596636E-10	2.585459E-12	-8.890853E-12	-8.470170E-12	-7.720866E-12	-9.186578E-12	-9.114499E-12	-1.010649E-11	-2.662857E-12	-8.493754E-12	-9.794728E-12	-6.765403E-12	-6.125000E-12	-7.600772E-12	-9.781028E-12	-4.687948E-12	-8.227612E-12	-9.565951E-12	-9.126236E-12	-1.014196E-11	-8.400218E-12	-4.606110E-12	-8.189141E-12	-9.224763E-12	-8.875534E-12	-9.710139E-12	-9.609369E-12	-8.208618E-12	-1.057398E-11	-9.913880E-12	-9.314862E-12	-9.282693E-12	-9.877002E-12
0:02:42	0	-9.991894E+0	2.540300E+1	2.582700E+1	1.590885E+0	1.910126E+0	1.200000E+2	1.368600E-9	-2.437932E-10	4.035983E-12	-7.314150E-12	-6.826630E-12	-6.834685E-12	-8.299426E-12	-7.417625E-12	-9.475270E-12	-5.263648E-12	-7.225895E-12	-9.100378E-12	-7.586873E-12	-1.357688E-11	-5.447837E-12	-9.718265E-12	2.913968E-12	-7.088634E-12	-8.045800E-12	-1.019635E-11	-1.058248E-11	-9.027661E-12	-5.363169E-12	-7.811257E-12	-8.530512E-12	-9.126934E-12	-9.458303E-12	-7.724576E-12	-7.261661E-12	-9.687398E-12	-9.282861E-12	-9.060784E-12	-8.530176E-12	-9.877002E-12
0:02:55	0	-1.008675E+1	2.540200E+1	2.582700E+1	1.589162E+0	1.908974E+0	1.400000E+2	1.412800E-9	-2.309024E-10	4.729886E-12	-7.440565E-12	-7.016231E-12	-6.328153E-12	-7.476284E-12	-5.719758E-12	-3.411377E-12	-7.038552E-12	-8.050453E-12	-8.784129E-12	-4.679287E-12	1.452494E-12	-4.813856E-12	-9.970312E-12	-1.292186E-11	-5.568999E-12	-8.171812E-12	-8.686070E-12	-9.637797E-12	-9.466079E-12	-1.123138E-11	-1.014220E-11	-8.466672E-12	-7.616544E-12	-5.863909E-12	-7.034510E-12	-8.335211E-12	-1.000325E-11	-8.650845E-12	-7.223220E-12	-8.028168E-12	-9.307291E-12
0:03:09	0	-9.989538E+0	2.540000E+1	2.582300E+1	1.588795E+0	1.907479E+0	1.600000E+2	1.396300E-9	-2.076607E-10	3.973263E-12	-5.674737E-12	-7.080096E-12	-5.632795E-12	-6.082045E-12	-6.160350E-12	-6.758933E-12	-5.136511E-12	-7.352981E-12	-8.278331E-12	-7.840401E-12	-1.831319E-12	-3.736888E-12	-6.941760E-12	-1.209887E-11	-5.189340E-12	-6.081605E-12	-8.056127E-12	-7.622133E-12	-7.836113E-12	-7.571592E-12	-7.180788E-12	-7.771424E-12	-7.238946E-12	-6.998666E-12	-5.652395E-12	-7.135068E-12	-7.027662E-12	-7.008999E-12	-6.082869E-12	-8.090548E-12	-8.483707E-12
0:03:23	0	-9.991666E+0	2.540100E+1	2.582100E+1	1.580282E+0	1.899789E+0	1.800000E+2	1.429700E-9	-1.724471E-10	5.360073E-12	-4.098034E-12	-3.855883E-12	-3.923375E-12	-6.526121E-12	-4.211425E-12	-5.811605E-12	2.662857E-12	-5.767907E-12	-6.635235E-12	-7.776520E-12	-8.967184E-12	-2.723918E-12	-6.436669E-12	-1.304886E-11	-4.177249E-12	-6.905686E-12	-5.601929E-12	-7.684781E-12	-6.958286E-12	-1.451363E-12	-5.984487E-12	-7.519059E-12	-6.105159E-12	-5.674783E-12	-4.710494E-12	-5.872127E-12	-6.330993E-12	-7.072798E-12	-6.019850E-12	-4.704221E-12	-7.913996E-12
0:03:37	0	-9.992806E+0	2.540900E+1	2.582700E+1	1.580954E+0	1.900334E+0	2.000000E+2	1.409700E-9	-1.272599E-10	6.243131E-12	-3.908910E-12	-2.339076E-12	-1.455655E-12	-5.321914E-12	-2.703092E-12	-6.758933E-12	-5.453852E-12	-4.246877E-12	-4.107241E-12	-4.742170E-12	-1.395571E-11	-2.279932E-12	-5.427484E-12	9.501895E-12	-2.404840E-12	-4.624460E-12	-5.853311E-12	-6.298577E-12	-4.764214E-12	2.081914E-12	-6.109785E-12	-5.686675E-12	-5.035961E-12	-4.350899E-12	-3.580214E-12	-5.177360E-12	-5.255504E-12	-5.872566E-12	-5.195597E-12	-4.641842E-12	-7.534188E-12
0:03:50	0	-9.992958E+0	2.541200E+1	2.583400E+1	1.580637E+0	1.900132E+0	2.200000E+2	1.448400E-9	-8.444776E-11	8.703149E-12	4.409592E-13	-3.603415E-12	5.065320E-13	-2.787479E-12	-9.427082E-13	-5.053743E-12	-1.464872E-11	-3.613448E-12	-3.917692E-12	-1.327528E-12	6.280518E-14	-6.329810E-13	-3.849449E-12	2.216976E-12	8.862042E-13	-2.027202E-12	-3.901876E-12	-5.291242E-12	-2.570142E-12	-2.397687E-12	-3.842482E-12	-4.928585E-12	-2.329182E-12	-2.647767E-12	-3.203454E-12	-3.535636E-12	-2.595767E-12	-5.556558E-12	-2.787857E-12	-3.763575E-12	-5.508213E-12
0:04:04	0	-9.989766E+0	2.541900E+1	2.583800E+1	1.585172E+0	1.905034E+0	2.400000E+2	1.514400E-9	-8.584668E-12	1.248626E-11	3.341535E-12	7.584036E-13	3.923375E-12	-6.331088E-13	1.822900E-12	-8.206848E-13	5.706123E-13	-1.711159E-12	2.524003E-13	2.525298E-13	1.060909E-11	3.230903E-12	-2.460699E-12	-6.460929E-12	3.607760E-12	6.300626E-14	-1.132707E-12	-3.653453E-12	-3.447969E-12	-5.930964E-12	-1.511535E-12	-2.843836E-12	-1.196389E-12	-1.954968E-12	5.651404E-13	-2.715273E-12	-2.152977E-12	-3.031484E-12	-1.900584E-12	-1.254525E-12	-5.255341E-12
0:04:18	0	-9.993262E+0	2.542500E+1	2.584500E+1	1.585311E+0	1.905401E+0	2.600000E+2	1.551500E-9	8.275418E-11	1.488256E-11	5.485613E-12	4.108352E-12	6.392094E-12	2.597446E-12	5.468700E-12	2.522883E-13	1.636055E-11	0.000000E+0	8.848975E-13	2.845701E-12	1.250322E-11	6.460806E-12	1.956604E-12	-4.116955E-12	6.202430E-12	5.700567E-13	8.813251E-13	-1.133624E-12	1.065862E-12	-2.019158E-12	-4.405330E-13	-3.538088E-12	2.265586E-12	2.144094E-12	2.700776E-12	-3.787826E-13	2.528799E-13	-3.788109E-13	1.077331E-12	2.505089E-13	-2.849558E-12
0:04:32	0	-9.994250E+0	2.543000E+1	2.585000E+1	1.585083E+0	1.905021E+0	2.800000E+2	1.663200E-9	2.134167E-10	1.816193E-11	1.040385E-11	7.142964E-12	1.227766E-11	6.399099E-12	1.219467E-11	4.042596E-12	2.168727E-11	4.183834E-12	6.572384E-12	5.437875E-12	4.104269E-12	9.817705E-12	6.247385E-12	1.393585E-11	1.094917E-11	1.900189E-12	4.468229E-12	1.826726E-12	3.824039E-12	5.489678E-12	1.700477E-12	1.580020E-12	5.916360E-12	7.566045E-12	7.159436E-12	2.525882E-12	3.672256E-12	3.283692E-12	3.992227E-12	5.142859E-12	-1.899039E-13
0:04:45	0	-9.992426E+0	2.543600E+1	2.585400E+1	1.584944E+0	1.904894E+0	3.000000E+2	1.874900E-9	3.743771E-10	2.200875E-11	1.494384E-11	1.175725E-11	2.227642E-11	1.235412E-11	1.910919E-11	7.516795E-12	1.984830E-11	9.634526E-12	1.162737E-11	1.372045E-11	4.230876E-12	1.513855E-11	1.148558E-11	2.312075E-11	1.746731E-11	8.932888E-12	9.629992E-12	4.535492E-12	8.463556E-12	1.463914E-11	5.731901E-12	6.192401E-12	1.101492E-11	1.210607E-11	1.256099E-11	6.061518E-12	9.243609E-12	6.883393E-12	7.350259E-12	9.282693E-12	5.508213E-12
0:04:59	0	-9.992046E+0	2.544000E+1	2.585800E+1	1.588073E+0	1.907757E+0	3.200000E+2	2.071600E-9	5.897308E-10	2.913494E-11	2.402282E-11	1.921655E-11	2.797215E-11	1.970339E-11	3.073824E-11	1.497077E-11	2.289156E-11	1.616395E-11	1.819976E-11	1.871515E-11	2.330172E-11	2.356329E-11	1.855287E-11	1.564583E-11	2.708768E-11	1.761175E-11	1.699358E-11	1.348019E-11	1.611163E-11	1.583848E-11	8.755967E-12	1.061526E-11	1.630228E-11	2.042962E-11	2.097662E-11	1.187085E-11	1.677803E-11	1.414460E-11	1.824861E-11	1.593158E-11	5.761085E-12
0:05:13	0	-9.990982E+0	2.544900E+1	2.586800E+1	1.588504E+0	1.908403E+0	3.400000E+2	2.406600E-9	9.124022E-10	3.771166E-11	3.562513E-11	2.844512E-11	4.107305E-11	3.193149E-11	4.651520E-11	2.394046E-11	4.254966E-11	2.833419E-11	2.818503E-11	2.649167E-11	2.904889E-11	3.914583E-11	3.104864E-11	1.754681E-11	4.006103E-11	2.648063E-11	2.687495E-11	2.399903E-11	2.388441E-11	2.214798E-11	1.410998E-11	1.775527E-11	2.637321E-11	3.348132E-11	3.303493E-11	1.875273E-11	3.013768E-11	2.273264E-11	2.496567E-11	2.646879E-11	1.354914E-11
0:05:27	0	-1.006349E+1	2.545800E+1	2.587700E+1	1.588846E+0	1.908619E+0	3.600000E+2	2.943600E-9	1.465419E-9	5.120741E-11	5.353225E-11	4.456419E-11	6.322358E-11	5.005060E-11	7.561909E-11	3.853130E-11	7.691953E-11	4.475131E-11	4.480554E-11	3.888460E-11	3.757345E-11	5.960621E-11	4.865508E-11	4.206054E-11	6.183247E-11	3.965794E-11	4.443488E-11	3.785709E-11	4.018408E-11	4.189827E-11	2.437749E-11	3.178194E-11	4.192130E-11	5.296530E-11	5.269289E-11	3.655950E-11	4.628302E-11	3.649843E-11	3.928607E-11	4.396778E-11	2.323624E-11
0:05:40	0	-9.977225E+0	2.546400E+1	2.588200E+1	1.582410E+0	1.903146E+0	3.620000E+2	2.632900E-9	1.514467E-9	5.347728E-11	5.624370E-11	4.652407E-11	6.550148E-11	5.442235E-11	7.869926E-11	4.023749E-11	6.582263E-11	4.754120E-11	4.651149E-11	4.141389E-11	5.531840E-11	6.188614E-11	5.086374E-11	4.269353E-11	6.778113E-11	4.288826E-11	4.739383E-11	4.088108E-11	4.093622E-11	3.306458E-11	2.456643E-11	3.342480E-11	4.273909E-11	5.498298E-11	5.325803E-11	2.412048E-11	4.837202E-11	3.971932E-11	4.213695E-11	4.616296E-11	2.488241E-11
0:05:54	0	-9.991818E+0	2.546900E+1	2.588700E+1	1.580434E+0	1.900714E+0	3.640000E+2	2.633000E-9	1.587610E-9	5.637833E-11	5.750487E-11	4.848394E-11	6.777937E-11	5.619665E-11	8.121381E-11	4.326894E-11	7.114934E-11	4.918932E-11	4.815458E-11	4.261465E-11	5.279224E-11	6.359609E-11	5.382952E-11	3.819658E-11	6.873128E-11	4.485246E-11	4.909289E-11	4.403037E-11	4.538770E-11	4.082543E-11	2.557478E-11	3.424673E-11	4.443828E-11	5.864008E-11	5.551959E-11	3.428581E-11	5.090482E-11	4.142397E-11	4.486179E-11	4.810762E-11	2.633767E-11
0:06:07	0	-9.990906E+0	2.547000E+1	2.589000E+1	1.585679E+0	1.904844E+0	3.660000E+2	2.699200E-9	1.671576E-9	5.612645E-11	6.021532E-11	5.221309E-11	7.246304E-11	5.854106E-11	8.775025E-11	4.491131E-11	8.186584E-11	5.261164E-11	5.181988E-11	4.425859E-11	4.401447E-11	6.714399E-11	5.742693E-11	4.598749E-11	7.132595E-11	4.618259E-11	5.268079E-11	4.453454E-11	4.563808E-11	4.353889E-11	2.903938E-11	3.658484E-11	4.670486E-11	6.185523E-11	5.828283E-11	3.801183E-11	5.286789E-11	4.243480E-11	4.600214E-11	5.011466E-11	2.842762E-11
0:06:21	0	-9.991590E+0	2.546500E+1	2.588200E+1	1.586084E+0	1.905579E+0	3.680000E+2	2.788500E-9	1.762495E-9	5.902750E-11	6.292677E-11	5.423583E-11	7.550024E-11	6.189863E-11	8.907104E-11	4.156375E-11	8.693929E-11	5.387950E-11	5.453742E-11	4.482853E-11	4.129989E-11	6.993090E-11	5.900397E-11	6.708126E-11	7.651529E-11	4.947692E-11	5.343593E-11	4.711701E-11	4.946212E-11	5.268836E-11	2.966885E-11	3.961720E-11	4.897045E-11	6.412574E-11	6.318170E-11	3.782244E-11	5.483096E-11	4.616010E-11	4.866395E-11	5.161969E-11	2.741413E-11
0:06:34	0	-9.992882E+0	2.546400E+1	2.588400E+1	1.583019E+0	1.903184E+0	3.700000E+2	2.880400E-9	1.860738E-9	6.117193E-11	6.563823E-11	5.493137E-11	7.733554E-11	6.601634E-11	9.447623E-11	4.889108E-11	8.326134E-11	5.850663E-11	5.662247E-11	4.862147E-11	5.184518E-11	7.442777E-11	6.197075E-11	7.202221E-11	8.208429E-11	5.315128E-11	5.828172E-11	4.944790E-11	5.140581E-11	4.732519E-11	3.137033E-11	4.201816E-11	5.262122E-11	6.582788E-11	6.594494E-11	4.047392E-11	5.888303E-11	4.874898E-11	5.265618E-11	5.550803E-11	2.925020E-11
0:06:48	0	-9.993186E+0	2.546100E+1	2.587800E+1	1.584007E+0	1.904135E+0	3.720000E+2	2.920000E-9	1.946093E-9	6.180212E-11	6.929530E-11	5.866052E-11	8.246181E-11	6.905786E-11	9.956784E-11	4.705925E-11	8.446563E-11	6.116944E-11	5.889706E-11	5.184646E-11	6.056014E-11	7.784866E-11	6.569368E-11	6.860125E-11	8.518550E-11	5.669964E-11	6.054813E-11	5.221932E-11	5.341185E-11	4.814500E-11	3.300815E-11	4.321913E-11	5.394381E-11	7.005236E-11	6.914839E-11	4.249442E-11	6.325196E-11	5.196987E-11	5.506392E-11	5.858147E-11	3.216273E-11
0:07:01	0	-9.991894E+0	2.545700E+1	2.587600E+1	1.578977E+0	1.900030E+0	3.740000E+2	3.022800E-9	2.045995E-9	6.627913E-11	7.219588E-11	6.156840E-11	8.701859E-11	7.266948E-11	1.054136E-10	5.508161E-11	9.315395E-11	6.484593E-11	6.281575E-11	5.285758E-11	7.066380E-11	8.386648E-11	6.948036E-11	5.181543E-11	8.942570E-11	5.872684E-11	6.281354E-11	5.751056E-11	5.598199E-11	4.928059E-11	3.489757E-11	4.486199E-11	5.847498E-11	7.446597E-11	7.253924E-11	4.508310E-11	6.584772E-11	5.424273E-11	5.734462E-11	6.115290E-11	3.361899E-11
0:07:15	0	-9.958907E+0	2.545300E+1	2.587000E+1	1.581144E+0	1.900271E+0	3.760000E+2	3.099100E-9	2.148487E-9	7.031611E-11	7.648304E-11	6.580348E-11	9.144850E-11	7.532994E-11	1.086198E-10	6.019818E-11	9.676783E-11	6.820520E-11	6.515419E-11	5.355328E-11	6.245427E-11	8.722338E-11	7.231963E-11	6.562428E-11	9.145088E-11	6.050001E-11	6.627525E-11	5.908471E-11	5.836410E-11	5.805153E-11	3.565334E-11	4.827340E-11	6.162295E-11	8.014075E-11	7.674705E-11	4.716740E-11	6.888628E-11	5.550577E-11	5.987940E-11	6.497885E-11	3.640458E-11
0:07:28	0	-9.992502E+0	2.544700E+1	2.586400E+1	1.581017E+0	1.901196E+0	3.780000E+2	3.258300E-9	2.291001E-9	7.126189E-11	8.020382E-11	6.839503E-11	9.499323E-11	8.166603E-11	1.171052E-10	6.057711E-11	1.097047E-10	7.245208E-11	7.020918E-11	5.823257E-11	6.447500E-11	9.013730E-11	7.774712E-11	8.032012E-11	9.759036E-11	6.214718E-11	7.156221E-11	6.273816E-11	6.187441E-11	6.284690E-11	3.861376E-11	5.099055E-11	6.413994E-11	8.310505E-11	8.208614E-11	5.007107E-11	7.388790E-11	5.929487E-11	6.526506E-11	6.792654E-11	3.938007E-11
0:07:42	0	-9.994022E+0	2.544200E+1	2.586000E+1	1.577204E+0	1.897395E+0	3.800000E+2	3.361800E-9	2.421724E-9	7.466669E-11	8.638222E-11	7.092371E-11	9.999261E-11	8.432649E-11	1.231405E-10	6.645154E-11	1.128110E-10	7.631870E-11	7.317913E-11	6.221516E-11	6.504324E-11	9.596412E-11	8.046086E-11	9.165899E-11	1.033492E-10	6.696266E-11	7.508652E-11	6.488011E-11	6.770449E-11	6.593889E-11	3.905529E-11	5.579346E-11	6.691032E-11	8.783321E-11	8.484938E-11	5.385989E-11	7.724431E-11	6.365220E-11	6.970042E-11	7.250600E-11	4.286231E-11
0:07:55	0	-9.998051E+0	2.543800E+1	2.585500E+1	1.578319E+0	1.898409E+0	3.820000E+2	3.495500E-9	2.536370E-9	7.706299E-11	8.903096E-11	7.484246E-11	1.049290E-10	8.901529E-11	1.307457E-10	6.942017E-11	1.045682E-10	8.113596E-11	7.893046E-11	6.499797E-11	7.723143E-11	9.970201E-11	8.550878E-11	8.367808E-11	1.130325E-10	7.165012E-11	7.905198E-11	6.979348E-11	7.046365E-11	6.638118E-11	4.340195E-11	5.857345E-11	7.024609E-11	9.294061E-11	9.050178E-11	5.581760E-11	8.319548E-11	6.725090E-11	7.350259E-11	7.614383E-11	4.362293E-11
0:08:09	0	-9.991894E+0	2.543600E+1	2.585200E+1	1.578141E+0	1.897585E+0	3.840000E+2	3.650400E-9	2.672775E-9	8.254950E-11	9.401191E-11	7.958348E-11	1.103710E-10	9.357608E-11	1.378487E-10	7.156811E-11	1.111633E-10	8.462232E-11	8.076311E-11	6.980303E-11	7.817849E-11	1.078098E-10	9.068421E-11	8.146010E-11	1.172097E-10	7.760471E-11	8.528286E-11	7.395110E-11	7.334653E-11	6.745401E-11	4.800020E-11	6.173250E-11	7.515586E-11	9.918278E-11	9.778713E-11	5.897446E-11	8.864090E-11	7.135601E-11	7.667056E-11	8.091043E-11	4.552197E-11
0:08:22	0	-1.007337E+1	2.542700E+1	2.584500E+1	1.583728E+0	1.902538E+0	3.860000E+2	3.825500E-9	2.834607E-9	8.393730E-11	9.836278E-11	8.489330E-11	1.164474E-10	1.004823E-10	1.454549E-10	7.681032E-11	1.322159E-10	9.039123E-11	8.695639E-11	7.094091E-11	8.790332E-11	1.121806E-10	9.434438E-11	8.336108E-11	1.219565E-10	8.108906E-11	8.962590E-11	8.037597E-11	7.880053E-11	7.414203E-11	4.831543E-11	6.444965E-11	7.962443E-11	1.022725E-10	1.012414E-10	6.307926E-11	9.300982E-11	7.451310E-11	8.180314E-11	8.630479E-11	4.932104E-11
0:08:36	0	-9.992882E+0	2.542600E+1	2.584000E+1	1.579218E+0	1.897433E+0	3.880000E+2	3.993800E-9	3.015739E-9	8.841432E-11	1.051096E-10	8.893878E-11	1.260036E-10	1.068814E-10	1.543809E-10	8.060063E-11	1.410303E-10	9.527154E-11	9.100078E-11	7.511414E-11	7.975759E-11	1.215554E-10	1.019795E-10	9.406597E-11	1.292979E-10	8.343329E-11	9.724186E-11	8.554092E-11	8.444356E-11	8.083105E-11	5.348051E-11	7.108394E-11	8.560438E-11	1.104696E-10	1.078982E-10	6.705648E-11	9.832829E-11	8.089108E-11	8.636554E-11	9.276455E-11	5.090324E-11
0:08:49	0	-9.993034E+0	2.542400E+1	2.583900E+1	1.574404E+0	1.893050E+0	3.900000E+2	4.146100E-9	3.215385E-9	9.352252E-11	1.081993E-10	9.462781E-11	1.303066E-10	1.150538E-10	1.635579E-10	8.565437E-11	1.553617E-10	1.028146E-10	9.725692E-11	8.004595E-11	8.051524E-11	1.285861E-10	1.082907E-10	1.173137E-10	1.381579E-10	8.964191E-11	1.024026E-10	8.932066E-11	8.851799E-11	8.928621E-11	5.555887E-11	7.165251E-11	9.095435E-11	1.172792E-10	1.145559E-10	7.160287E-11	1.051660E-10	8.442698E-11	9.143510E-11	9.790741E-11	5.641146E-11
0:09:03	0	-9.995695E+0	2.542200E+1	2.583700E+1	1.577521E+0	1.896597E+0	3.920000E+2	4.409800E-9	3.428909E-9	9.900902E-11	1.170891E-10	1.005703E-10	1.392304E-10	1.214529E-10	1.745588E-10	9.013872E-11	1.543466E-10	1.076329E-10	1.055352E-10	8.491389E-11	9.529141E-11	1.347310E-10	1.157365E-10	1.246616E-10	1.486635E-10	9.642058E-11	1.088223E-10	9.606075E-11	9.353357E-11	9.326177E-11	5.883453E-11	7.974013E-11	9.599031E-11	1.249089E-10	1.219037E-10	7.633865E-11	1.128274E-10	9.339384E-11	1.000527E-10	1.034899E-10	5.976776E-11
0:09:16	0	-9.991210E+0	2.542300E+1	2.583800E+1	1.578141E+0	1.897611E+0	3.940000E+2	4.602200E-9	3.648989E-9	1.034243E-10	1.244670E-10	1.069539E-10	1.489763E-10	1.293722E-10	1.867535E-10	9.683483E-11	1.607515E-10	1.164429E-10	1.111599E-10	9.199570E-11	1.145527E-10	1.456886E-10	1.222369E-10	1.226977E-10	1.580930E-10	1.026922E-10	1.166896E-10	1.029261E-10	9.986442E-11	9.300875E-11	6.173230E-11	8.732303E-11	1.029143E-10	1.329796E-10	1.298802E-10	8.151601E-11	1.196652E-10	9.749795E-11	1.048682E-10	1.105150E-10	6.451536E-11
0:09:30	0	-9.992730E+0	2.542200E+1	2.583700E+1	1.574531E+0	1.894672E+0	3.960000E+2	4.856000E-9	3.901714E-9	1.087844E-10	1.327895E-10	1.142236E-10	1.567602E-10	1.378617E-10	1.996388E-10	1.046039E-10	1.796488E-10	1.289944E-10	1.183638E-10	9.363964E-11	1.259194E-10	1.553803E-10	1.308823E-10	1.274486E-10	1.680301E-10	1.097879E-10	1.253131E-10	1.119345E-10	1.076382E-10	9.471313E-11	6.544849E-11	9.256682E-11	1.078866E-10	1.438882E-10	1.391128E-10	8.650398E-11	1.292256E-10	1.053284E-10	1.132958E-10	1.182293E-10	6.787166E-11
0:09:43	0	-9.993414E+0	2.542200E+1	2.583900E+1	1.575114E+0	1.894051E+0	3.980000E+2	5.135700E-9	4.162526E-9	1.154685E-10	1.407974E-10	1.234521E-10	1.689109E-10	1.481254E-10	2.135939E-10	1.124368E-10	1.887165E-10	1.357770E-10	1.281585E-10	9.945581E-11	1.176461E-10	1.664650E-10	1.390235E-10	1.345425E-10	1.816369E-10	1.166296E-10	1.345019E-10	1.190524E-10	1.160384E-10	1.084687E-10	6.935461E-11	1.000859E-10	1.164472E-10	1.531574E-10	1.485962E-10	9.439761E-11	1.397986E-10	1.100645E-10	1.202660E-10	1.277001E-10	7.375968E-11
0:09:57	0	-9.992806E+0	2.542400E+1	2.583800E+1	1.572555E+0	1.892138E+0	4.000000E+2	5.438000E-9	4.482133E-9	1.216490E-10	1.516422E-10	1.317966E-10	1.800496E-10	1.589593E-10	2.303770E-10	1.197641E-10	2.105309E-10	1.471227E-10	1.373217E-10	1.076755E-10	1.204882E-10	1.776137E-10	1.515810E-10	1.486684E-10	1.951168E-10	1.252454E-10	1.430618E-10	1.269262E-10	1.251284E-10	1.222870E-10	7.609487E-11	1.075421E-10	1.241263E-10	1.636868E-10	1.609688E-10	1.005219E-10	1.500557E-10	1.199156E-10	1.309102E-10	1.364808E-10	7.882411E-11
0:10:10	0	-9.992730E+0	2.543200E+1	2.584600E+1	1.579168E+0	1.897218E+0	4.020000E+2	5.778800E-9	4.821842E-9	1.306677E-10	1.628025E-10	1.422895E-10	1.942255E-10	1.710604E-10	2.487946E-10	1.277227E-10	2.145893E-10	1.560607E-10	1.454744E-10	1.162745E-10	1.258556E-10	1.916123E-10	1.624988E-10	1.752101E-10	2.106858E-10	1.352544E-10	1.551460E-10	1.370671E-10	1.339680E-10	1.295439E-10	8.031523E-11	1.161983E-10	1.358974E-10	1.754783E-10	1.730271E-10	1.082880E-10	1.614523E-10	1.306509E-10	1.408593E-10	1.468933E-10	8.597849E-11
0:10:24	0	-9.992882E+0	2.543700E+1	2.585000E+1	1.580029E+0	1.899473E+0	4.040000E+2	6.119900E-9	5.213480E-9	1.384868E-10	1.750349E-10	1.514552E-10	2.071366E-10	1.863930E-10	2.686579E-10	1.400409E-10	2.331061E-10	1.698791E-10	1.582400E-10	1.265803E-10	1.508002E-10	2.076378E-10	1.742364E-10	1.821780E-10	2.265715E-10	1.480517E-10	1.692442E-10	1.491621E-10	1.439359E-10	1.361064E-10	8.617343E-11	1.260555E-10	1.460310E-10	1.898539E-10	1.854622E-10	1.153602E-10	1.758255E-10	1.426482E-10	1.526449E-10	1.585593E-10	9.193048E-11
0:10:37	0	-9.992654E+0	2.544300E+1	2.585700E+1	1.576913E+0	1.897129E+0	4.060000E+2	6.608900E-9	5.663352E-9	1.489561E-10	1.882130E-10	1.644768E-10	2.265657E-10	2.009015E-10	2.919150E-10	1.518526E-10	2.601201E-10	1.834443E-10	1.711314E-10	1.356225E-10	1.710075E-10	2.260072E-10	1.903286E-10	1.892089E-10	2.461899E-10	1.585678E-10	1.846014E-10	1.627676E-10	1.584799E-10	1.400819E-10	9.474045E-11	1.379974E-10	1.596275E-10	2.071938E-10	2.021061E-10	1.269151E-10	1.900077E-10	1.542040E-10	1.661411E-10	1.719818E-10	1.019974E-10
0:10:51	0	-9.992958E+0	2.544800E+1	2.586000E+1	1.573619E+0	1.893975E+0	4.080000E+2	7.136600E-9	6.174308E-9	1.614423E-10	2.053009E-10	1.788266E-10	2.440325E-10	2.193377E-10	3.199502E-10	1.642965E-10	2.877678E-10	1.995452E-10	1.870566E-10	1.451697E-10	1.826265E-10	2.469106E-10	2.077457E-10	2.084027E-10	2.708098E-10	1.712380E-10	2.001482E-10	1.765630E-10	1.724598E-10	1.568030E-10	1.024254E-10	1.493079E-10	1.760559E-10	2.251010E-10	2.201311E-10	1.387231E-10	2.074195E-10	1.695488E-10	1.794481E-10	1.888530E-10	1.108609E-10
0:11:04	0	-9.991210E+0	2.544700E+1	2.586100E+1	1.573961E+0	1.894304E+0	4.100000E+2	7.699100E-9	6.748366E-9	1.722889E-10	2.238381E-10	1.981060E-10	2.678275E-10	2.420826E-10	3.511915E-10	1.815409E-10	3.130059E-10	2.185611E-10	2.082901E-10	1.563609E-10	1.907732E-10	2.693339E-10	2.269930E-10	2.254415E-10	2.968844E-10	1.859985E-10	2.195334E-10	1.946413E-10	1.886961E-10	1.763640E-10	1.118109E-10	1.634612E-10	1.902178E-10	2.435130E-10	2.392239E-10	1.524879E-10	2.286934E-10	1.829986E-10	1.991542E-10	2.064154E-10	1.226369E-10
0:11:18	0	-9.995923E+0	2.545100E+1	2.586400E+1	1.574734E+0	1.893595E+0	4.106900E+2	7.821900E-9	6.980167E-9	1.771452E-10	2.307113E-10	2.036683E-10	2.770680E-10	2.489248E-10	3.635747E-10	1.865946E-10	3.178891E-10	2.264214E-10	2.138509E-10	1.609134E-10	1.861635E-10	2.794056E-10	2.342505E-10	2.465993E-10	3.077067E-10	1.942983E-10	2.275896E-10	2.011289E-10	1.967203E-10	1.851349E-10	1.154018E-10	1.699698E-10	1.997860E-10	2.531604E-10	2.478279E-10	1.566555E-10	2.360379E-10	1.916504E-10	2.051100E-10	2.125623E-10	1.262461E-10
0:11:31	0	-9.993870E+0	2.545300E+1	2.586400E+1	1.580523E+0	1.899270E+0	4.113800E+2	8.052700E-9	7.217112E-9	1.845860E-10	2.373943E-10	2.096736E-10	2.849787E-10	2.582384E-10	3.770257E-10	1.939219E-10	3.272101E-10	2.343447E-10	2.235828E-10	1.695124E-10	2.031498E-10	2.866904E-10	2.423280E-10	2.452683E-10	3.190984E-10	2.010130E-10	2.352055E-10	2.091289E-10	2.007323E-10	1.879112E-10	1.194958E-10	1.768565E-10	2.025553E-10	2.600964E-10	2.569971E-10	1.641694E-10	2.438252E-10	1.971442E-10	2.122072E-10	2.223470E-10	1.304240E-10
0:11:45	0	-9.993946E+0	2.546000E+1	2.587100E+1	1.579028E+0	1.899042E+0	4.120699E+2	8.330700E-9	7.465282E-9	1.889376E-10	2.455287E-10	2.149835E-10	2.960534E-10	2.678050E-10	3.904151E-10	2.006171E-10	3.431272E-10	2.424582E-10	2.270585E-10	1.729260E-10	2.150858E-10	2.987890E-10	2.524248E-10	2.540102E-10	3.300466E-10	2.082987E-10	2.425691E-10	2.161205E-10	2.086941E-10	1.887310E-10	1.254177E-10	1.814689E-10	2.121851E-10	2.707521E-10	2.650994E-10	1.685892E-10	2.512966E-10	2.040266E-10	2.187332E-10	2.284305E-10	1.346029E-10
0:11:58	0	-9.992426E+0	2.546100E+1	2.587200E+1	1.574772E+0	1.895596E+0	4.127599E+2	8.587400E-9	7.758567E-9	1.935410E-10	2.559953E-10	2.233908E-10	3.047234E-10	2.762315E-10	4.036785E-10	2.076921E-10	3.676675E-10	2.517125E-10	2.350844E-10	1.784907E-10	2.302408E-10	3.115207E-10	2.625227E-10	2.629411E-10	3.411227E-10	2.143803E-10	2.521991E-10	2.248763E-10	2.160918E-10	1.947257E-10	1.290712E-10	1.898727E-10	2.201166E-10	2.841194E-10	2.747712E-10	1.728824E-10	2.602874E-10	2.136882E-10	2.279210E-10	2.370864E-10	1.399212E-10
0:12:12	0	-9.996151E+0	2.546200E+1	2.587400E+1	1.576963E+0	1.897218E+0	4.134499E+2	8.876900E-9	8.029172E-9	2.012347E-10	2.655162E-10	2.317342E-10	3.154196E-10	2.861782E-10	4.212784E-10	2.147661E-10	3.752136E-10	2.603974E-10	2.449430E-10	1.856982E-10	2.309356E-10	3.221623E-10	2.709787E-10	2.745340E-10	3.537164E-10	2.208420E-10	2.611991E-10	2.319316E-10	2.241783E-10	2.063993E-10	1.335432E-10	1.973289E-10	2.279846E-10	2.902351E-10	2.815539E-10	1.810910E-10	2.702906E-10	2.196874E-10	2.350812E-10	2.472464E-10	1.458732E-10
0:12:25	0	-9.992806E+0	2.545900E+1	2.587400E+1	1.572213E+0	1.892619E+0	4.141399E+2	9.134900E-9	8.274467E-9	2.060283E-10	2.716956E-10	2.398252E-10	3.248488E-10	2.982152E-10	4.317762E-10	2.213994E-10	3.912578E-10	2.694615E-10	2.527155E-10	1.887326E-10	2.268942E-10	3.297631E-10	2.806342E-10	2.868858E-10	3.675769E-10	2.262265E-10	2.689413E-10	2.410652E-10	2.315760E-10	2.157381E-10	1.370078E-10	2.030784E-10	2.357899E-10	2.998198E-10	2.927328E-10	1.862683E-10	2.795982E-10	2.242341E-10	2.425585E-10	2.527031E-10	1.494184E-10
0:12:39	0	-9.993414E+0	2.545800E+1	2.587200E+1	1.577736E+0	1.896432E+0	4.148298E+2	9.435100E-9	8.576899E-9	2.138474E-10	2.820994E-10	2.488651E-10	3.373163E-10	3.082260E-10	4.494396E-10	2.289162E-10	3.904329E-10	2.778922E-10	2.632695E-10	1.999237E-10	2.304302E-10	3.447757E-10	2.904152E-10	2.979077E-10	3.823866E-10	2.373766E-10	2.800816E-10	2.496947E-10	2.379079E-10	2.233097E-10	1.426770E-10	2.127461E-10	2.434690E-10	3.112321E-10	3.029708E-10	1.911935E-10	2.906150E-10	2.366103E-10	2.530138E-10	2.626136E-10	1.552434E-10
0:12:52	0	-9.992274E+0	2.545400E+1	2.586600E+1	1.580092E+0	1.899789E+0	4.155198E+2	9.731000E-9	8.946933E-9	2.202807E-10	2.926287E-10	2.569561E-10	3.505431E-10	3.216573E-10	4.684853E-10	2.399072E-10	4.143396E-10	2.896192E-10	2.710420E-10	2.077013E-10	2.560059E-10	3.577613E-10	3.001963E-10	3.124136E-10	3.999169E-10	2.452954E-10	2.910330E-10	2.603398E-10	2.501945E-10	2.298722E-10	1.482836E-10	2.217185E-10	2.546728E-10	3.230863E-10	3.153434E-10	2.014226E-10	3.018216E-10	2.462720E-10	2.633419E-10	2.740291E-10	1.607517E-10
0:13:06	0	-9.991590E+0	2.545300E+1	2.586500E+1	1.577432E+0	1.897712E+0	4.162098E+2	1.002400E-8	9.309515E-9	2.284781E-10	3.043574E-10	2.677015E-10	3.665543E-10	3.332513E-10	4.894174E-10	2.505193E-10	4.365344E-10	3.022968E-10	2.825437E-10	2.150356E-10	2.736880E-10	3.751807E-10	3.138905E-10	3.165945E-10	4.114985E-10	2.554954E-10	3.046901E-10	2.706071E-10	2.587204E-10	2.339105E-10	1.540792E-10	2.288585E-10	2.650587E-10	3.360753E-10	3.283436E-10	2.101994E-10	3.144216E-10	2.559336E-10	2.739242E-10	2.838761E-10	1.677791E-10
0:13:19	0	-1.009238E+1	2.544600E+1	2.586000E+1	1.573708E+0	1.894330E+0	4.168998E+2	1.039200E-8	9.699830E-9	2.380006E-10	3.157696E-10	2.787003E-10	3.800978E-10	3.485829E-10	5.106005E-10	2.612570E-10	4.631039E-10	3.134523E-10	2.932862E-10	2.184492E-10	2.816443E-10	3.889253E-10	3.289097E-10	3.372443E-10	4.309910E-10	2.626541E-10	3.172154E-10	2.822606E-10	2.690019E-10	2.482976E-10	1.605668E-10	2.396633E-10	2.755708E-10	3.474876E-10	3.416581E-10	2.146192E-10	3.274005E-10	2.659103E-10	2.861529E-10	2.975492E-10	1.748065E-10
0:13:33	0	-9.993870E+0	2.544100E+1	2.585500E+1	1.577913E+0	1.897180E+0	4.175897E+2	1.087200E-8	1.014469E-8	2.458844E-10	3.291368E-10	2.919125E-10	3.959192E-10	3.667660E-10	5.354295E-10	2.719957E-10	4.901820E-10	3.300606E-10	3.061147E-10	2.293250E-10	2.767186E-10	4.066618E-10	3.417841E-10	3.575781E-10	4.504845E-10	2.756404E-10	3.299296E-10	2.939140E-10	2.812885E-10	2.662808E-10	1.669918E-10	2.519214E-10	2.886625E-10	3.631881E-10	3.573591E-10	2.275636E-10	3.424693E-10	2.796761E-10	3.001572E-10	3.107202E-10	1.829744E-10
0:13:46	0	-9.992198E+0	2.543800E+1	2.585200E+1	1.574848E+0	1.894507E+0	4.182797E+2	1.129200E-8	1.060107E-8	2.581178E-10	3.428821E-10	3.027846E-10	4.151584E-10	3.806414E-10	5.588136E-10	2.838712E-10	5.097760E-10	3.417865E-10	3.222294E-10	2.405162E-10	2.962949E-10	4.252842E-10	3.580655E-10	3.767709E-10	4.734578E-10	2.869805E-10	3.449091E-10	3.078984E-10	2.959582E-10	2.722755E-10	1.752436E-10	2.616519E-10	3.010626E-10	3.782584E-10	3.728092E-10	2.364660E-10	3.584247E-10	2.912956E-10	3.131462E-10	3.259616E-10	1.922807E-10
0:14:00	0	-9.993794E+0	2.543300E+1	2.584500E+1	1.570579E+0	1.890593E+0	4.189697E+2	1.175500E-8	1.107493E-8	2.656233E-10	3.575741E-10	3.200413E-10	4.312335E-10	3.988245E-10	5.854654E-10	2.996627E-10	5.177666E-10	3.573170E-10	3.370172E-10	2.486720E-10	3.079777E-10	4.437177E-10	3.722011E-10	4.002086E-10	4.999121E-10	3.007279E-10	3.583784E-10	3.198661E-10	3.075560E-10	2.857153E-10	1.822365E-10	2.773853E-10	3.156031E-10	3.985616E-10	3.887620E-10	2.502318E-10	3.744431E-10	3.044932E-10	3.287970E-10	3.385693E-10	2.003846E-10
0:14:13	0	-9.991742E+0	2.543000E+1	2.584100E+1	1.575519E+0	1.894089E+0	4.196597E+2	1.231600E-8	1.160476E-8	2.794963E-10	3.742201E-10	3.330629E-10	4.543961E-10	4.206183E-10	6.147578E-10	3.121065E-10	5.381855E-10	3.749390E-10	3.527529E-10	2.615071E-10	3.404360E-10	4.684849E-10	3.908177E-10	3.950147E-10	5.261136E-10	3.187827E-10	3.767561E-10	3.361803E-10	3.242941E-10	2.944862E-10	1.906772E-10	2.897691E-10	3.314652E-10	4.145767E-10	4.060325E-10	2.593235E-10	3.936910E-10	3.196486E-10	3.451451E-10	3.560049E-10	2.110212E-10
0:14:27	0	-9.993566E+0	2.543200E+1	2.584100E+1	1.572099E+0	1.891175E+0	4.203496E+2	1.291900E-8	1.219367E-8	2.900283E-10	3.953424E-10	3.506359E-10	4.740780E-10	4.419059E-10	6.496440E-10	3.304249E-10	5.791504E-10	3.948425E-10	3.705107E-10	2.732672E-10	3.423939E-10	4.948352E-10	4.127787E-10	4.207324E-10	5.473785E-10	3.303758E-10	3.966450E-10	3.546375E-10	3.406561E-10	3.124704E-10	2.014489E-10	3.062615E-10	3.477675E-10	4.349436E-10	4.251253E-10	2.718264E-10	4.108498E-10	3.340454E-10	3.620633E-10	3.748218E-10	2.217848E-10
0:14:40	0	-9.987485E+0	2.543500E+1	2.584300E+1	1.578623E+0	1.897497E+0	4.210396E+2	1.347200E-8	1.279614E-8	3.038397E-10	4.123666E-10	3.655535E-10	4.970507E-10	4.642708E-10	6.786844E-10	3.460269E-10	6.290560E-10	4.115768E-10	3.860567E-10	2.852179E-10	3.613381E-10	5.154845E-10	4.351183E-10	4.487301E-10	5.754782E-10	3.429831E-10	4.154638E-10	3.700071E-10	3.557643E-10	3.312733E-10	2.108343E-10	3.212996E-10	3.652662E-10	4.541120E-10	4.424593E-10	2.862221E-10	4.303506E-10	3.505905E-10	3.786654E-10	3.923831E-10	2.326113E-10
0:14:54	0	-9.994706E+0	2.543400E+1	2.584400E+1	1.576773E+0	1.896090E+0	4.217296E+2	1.420100E-8	1.350314E-8	3.165778E-10	4.326696E-10	3.863507E-10	5.251508E-10	4.911974E-10	7.192913E-10	3.679460E-10	6.643138E-10	4.342702E-10	4.029925E-10	2.976099E-10	3.766835E-10	5.465866E-10	4.564476E-10	4.874336E-10	6.136410E-10	3.619250E-10	4.362977E-10	3.904153E-10	3.737562E-10	3.494467E-10	2.222365E-10	3.367797E-10	3.855342E-10	4.757391E-10	4.678331E-10	3.016286E-10	4.542202E-10	3.689658E-10	4.019835E-10	4.131447E-10	2.440705E-10
0:15:07	0	-9.992502E+0	2.543500E+1	2.584500E+1	1.572339E+0	1.892429E+0	4.224196E+2	1.499800E-8	1.424455E-8	3.322807E-10	4.587111E-10	4.064514E-10	5.535026E-10	5.143224E-10	7.638586E-10	3.855065E-10	6.954492E-10	4.585476E-10	4.287762E-10	3.159457E-10	3.968280E-10	5.747108E-10	4.791030E-10	5.214493E-10	6.493349E-10	3.818810E-10	4.595847E-10	4.102577E-10	3.946321E-10	3.657265E-10	2.340155E-10	3.577578E-10	4.105233E-10	5.014015E-10	4.912587E-10	3.198141E-10	4.770134E-10	3.870261E-10	4.209294E-10	4.373549E-10	2.605951E-10
0:15:21	0	-9.994402E+0	2.543200E+1	2.584500E+1	1.571706E+0	1.890719E+0	4.231096E+2	1.586900E-8	1.508448E-8	3.508209E-10	4.804644E-10	4.319897E-10	5.852722E-10	5.492314E-10	8.121967E-10	4.102676E-10	7.281073E-10	4.818744E-10	4.537379E-10	3.349773E-10	4.301078E-10	6.137296E-10	5.130547E-10	5.342441E-10	6.918018E-10	4.079185E-10	4.858307E-10	4.382254E-10	4.201465E-10	3.871174E-10	2.480002E-10	3.791140E-10	4.323653E-10	5.318568E-10	5.192073E-10	3.337055E-10	5.044924E-10	4.111474E-10	4.510906E-10	4.586799E-10	2.737015E-10
0:15:34	0	-9.992806E+0	2.543300E+1	2.584500E+1	1.572707E+0	1.892037E+0	4.237995E+2	1.669900E-8	1.601655E-8	3.684164E-10	5.066940E-10	4.577794E-10	6.201430E-10	5.859137E-10	8.648087E-10	4.381869E-10	7.830222E-10	5.142013E-10	4.804066E-10	3.535657E-10	4.530307E-10	6.522424E-10	5.447339E-10	5.753547E-10	7.403432E-10	4.285076E-10	5.124543E-10	4.636733E-10	4.436558E-10	4.062362E-10	2.639370E-10	4.045779E-10	4.597461E-10	5.575830E-10	5.511745E-10	3.525210E-10	5.392519E-10	4.363433E-10	4.753591E-10	4.887855E-10	2.938983E-10
0:15:48	0	-9.992730E+0	2.543900E+1	2.584800E+1	1.574835E+0	1.894152E+0	4.244895E+2	1.783700E-8	1.711439E-8	3.911190E-10	5.392294E-10	4.860988E-10	6.649496E-10	6.237372E-10	9.237081E-10	4.664860E-10	8.600058E-10	5.441846E-10	5.156059E-10	3.760747E-10	4.900359E-10	6.952521E-10	5.832284E-10	6.103843E-10	7.887587E-10	4.517569E-10	5.483293E-10	4.951065E-10	4.738087E-10	4.389850E-10	2.806295E-10	4.307370E-10	4.927919E-10	5.928928E-10	5.849014E-10	3.767043E-10	5.754047E-10	4.700007E-10	5.089424E-10	5.224676E-10	3.120691E-10
0:16:01	0	-9.992806E+0	2.544300E+1	2.585200E+1	1.571085E+0	1.891036E+0	4.251795E+2	1.885200E-8	1.818159E-8	4.126868E-10	5.715757E-10	5.157454E-10	7.062125E-10	6.640311E-10	9.868180E-10	4.969322E-10	9.208821E-10	5.824706E-10	5.429061E-10	3.990899E-10	5.094856E-10	7.436467E-10	6.228596E-10	6.552958E-10	8.472372E-10	4.743732E-10	5.811212E-10	5.236410E-10	5.054045E-10	4.640357E-10	3.004097E-10	4.637827E-10	5.213681E-10	6.259322E-10	6.186899E-10	3.990564E-10	6.068088E-10	4.950700E-10	5.414484E-10	5.514444E-10	3.311265E-10
0:16:15	0	-9.997214E+0	2.544700E+1	2.585600E+1	1.568716E+0	1.888148E+0	4.258695E+2	2.031400E-8	1.951451E-8	4.395518E-10	6.160280E-10	5.505112E-10	7.527285E-10	7.168702E-10	1.067968E-9	5.310419E-10	9.747829E-10	6.194886E-10	5.851198E-10	4.242540E-10	5.351878E-10	7.946372E-10	6.729024E-10	7.189561E-10	9.161573E-10	5.101667E-10	6.231018E-10	5.601119E-10	5.381286E-10	5.036628E-10	3.159686E-10	4.979666E-10	5.642333E-10	6.714569E-10	6.641609E-10	4.311333E-10	6.549279E-10	5.338413E-10	5.834583E-10	5.926527E-10	3.533492E-10
0:16:28	0	-9.992806E+0	2.544800E+1	2.585800E+1	1.574493E+0	1.893152E+0	4.265594E+2	2.185100E-8	2.106427E-8	4.666688E-10	6.594083E-10	5.946333E-10	8.143056E-10	7.732568E-10	1.158862E-9	5.827122E-10	1.072058E-9	6.617052E-10	6.256275E-10	4.568793E-10	5.973261E-10	8.591842E-10	7.321594E-10	7.541117E-10	9.974193E-10	5.502047E-10	6.735162E-10	6.055912E-10	5.836419E-10	5.361586E-10	3.426770E-10	5.390372E-10	6.162256E-10	7.169188E-10	7.074328E-10	4.596098E-10	7.013379E-10	5.719187E-10	6.264835E-10	6.434565E-10	3.837388E-10
0:16:42	0	-9.992426E+0	2.545100E+1	2.586000E+1	1.570249E+0	1.889402E+0	4.272494E+2	2.371700E-8	2.286237E-8	5.040021E-10	7.096617E-10	6.446969E-10	8.803136E-10	8.450392E-10	1.267607E-9	6.365932E-10	1.184933E-9	7.152045E-10	6.731496E-10	4.960803E-10	6.474666E-10	9.374119E-10	7.900915E-10	8.319618E-10	1.086528E-9	5.908757E-10	7.223577E-10	6.552280E-10	6.319749E-10	5.814008E-10	3.723459E-10	5.878163E-10	6.685954E-10	7.746760E-10	7.616962E-10	4.968003E-10	7.600940E-10	6.210475E-10	6.781884E-10	6.923156E-10	4.162184E-10
0:16:55	0	-9.997747E+0	2.545200E+1	2.586100E+1	1.576165E+0	1.895292E+0	4.279394E+2	2.547900E-8	2.475609E-8	5.425341E-10	7.621219E-10	6.946348E-10	9.520173E-10	9.197350E-10	1.377170E-9	6.854842E-10	1.320320E-9	7.704149E-10	7.304674E-10	5.324356E-10	6.948914E-10	1.020708E-9	8.610223E-10	9.163369E-10	1.189562E-9	6.240090E-10	7.805769E-10	7.041091E-10	6.804968E-10	6.399574E-10	4.012599E-10	6.305935E-10	7.257488E-10	8.241096E-10	8.169025E-10	5.359485E-10	8.166341E-10	6.672076E-10	7.350259E-10	7.505842E-10	4.530667E-10
0:17:09	0	-9.995390E+0	2.545200E+1	2.586000E+1	1.573226E+0	1.892708E+0	4.286294E+2	2.795100E-8	2.716187E-8	5.864889E-10	8.356417E-10	7.606907E-10	1.044415E-9	1.011918E-9	1.532431E-9	7.571152E-10	1.463950E-9	8.394446E-10	7.923354E-10	5.758098E-10	7.581662E-10	1.121170E-9	9.436291E-10	1.025289E-9	1.316771E-9	6.844460E-10	8.486148E-10	7.754141E-10	7.497689E-10	6.928988E-10	4.417631E-10	6.960536E-10	7.996457E-10	8.949185E-10	8.890649E-10	5.817891E-10	8.928649E-10	7.326901E-10	8.023826E-10	8.213960E-10	4.928906E-10
0:17:22	0	-9.992578E+0	2.545200E+1	2.586100E+1	1.568691E+0	1.888705E+0	4.293193E+2	3.085700E-8	3.012402E-8	6.423635E-10	9.188725E-10	8.448885E-10	1.158141E-9	1.120953E-9	1.717486E-9	8.526866E-10	1.643916E-9	9.248915E-10	8.759418E-10	6.359389E-10	8.487851E-10	1.245386E-9	1.057851E-9	1.152990E-9	1.482522E-9	7.534989E-10	9.285481E-10	8.472232E-10	8.212984E-10	7.617404E-10	4.880002E-10	7.816071E-10	8.955098E-10	9.790329E-10	9.713385E-10	6.371652E-10	9.832789E-10	8.087194E-10	8.909658E-10	9.033729E-10	5.491121E-10
0:17:36	0	-9.995542E+0	2.544900E+1	2.585700E+1	1.571161E+0	1.889972E+0	4.300093E+2	3.460500E-8	3.374526E-8	7.047958E-10	1.014649E-9	9.429940E-10	1.289334E-9	1.282953E-9	1.947486E-9	9.605752E-10	1.892938E-9	1.021368E-9	9.721871E-10	7.049823E-10	9.565169E-10	1.405580E-9	1.187723E-9	1.294881E-9	1.721181E-9	8.286334E-10	1.026293E-9	9.497725E-10	9.200346E-10	8.447799E-10	5.502993E-10	8.667816E-10	1.001193E-9	1.077900E-9	1.071450E-9	7.038428E-10	1.086798E-9	9.071644E-10	9.908915E-10	1.007239E-9	6.120453E-10
0:17:49	0	-9.994706E+0	2.545700E+1	2.586400E+1	1.567348E+0	1.887096E+0	4.306993E+2	3.909300E-8	3.836017E-8	7.873453E-10	1.143783E-9	1.064107E-9	1.470332E-9	1.464215E-9	2.254427E-9	1.104784E-9	2.252555E-9	1.147636E-9	1.091373E-9	7.961556E-10	1.071891E-9	1.605174E-9	1.367198E-9	1.492579E-9	1.980788E-9	9.216326E-10	1.154753E-9	1.070525E-9	1.035635E-9	9.586118E-10	6.149920E-10	9.913199E-10	1.149427E-9	1.193099E-9	1.188895E-9	7.892743E-10	1.225458E-9	1.019944E-9	1.118951E-9	1.138013E-9	6.953012E-10
0:18:13	1	-9.992350E+0	2.546700E+1	2.587500E+1	1.575760E+0	1.894368E+0	0.000000E+0	-2.392700E-9	2.604464E-9	9.320792E-11	7.749237E-11	8.198542E-11	7.898102E-11	8.090490E-11	8.102527E-11	8.287421E-11	8.218318E-11	8.183343E-11	8.050971E-11	7.947602E-11	7.994700E-11	8.234553E-11	7.875630E-11	6.670127E-11	8.119808E-11	8.121607E-11	8.144358E-11	7.936863E-11	8.043050E-11	8.190389E-11	8.144889E-11	8.428967E-11	8.075722E-11	8.341960E-11	8.321642E-11	8.101063E-11	8.047278E-11	8.177531E-11	8.142302E-11	8.486213E-11	8.800447E-11
0:18:27	1	-9.992882E+0	2.546900E+1	2.587700E+1	1.572073E+0	1.892125E+0	0.000000E+0	1.903100E-9	2.668757E-9	9.579338E-11	8.222148E-11	8.483043E-11	8.290540E-11	8.464354E-11	8.511067E-11	8.527544E-11	8.896846E-11	8.227773E-11	8.404930E-11	8.061490E-11	9.005066E-11	8.563943E-11	8.292156E-11	7.671016E-11	8.119808E-11	7.956891E-11	8.245110E-11	7.892711E-11	8.049384E-11	7.830686E-11	8.283413E-11	8.283634E-11	8.113581E-11	8.474349E-11	8.164593E-11	8.189479E-11	8.306854E-11	8.587942E-11	8.186716E-11	8.467400E-11	8.521888E-11
0:18:40	1	-9.993718E+0	2.546700E+1	2.587600E+1	1.568716E+0	1.888616E+0	1.000000E+1	3.162700E-9	2.917396E-9	1.031714E-10	9.016571E-11	9.247933E-11	9.024661E-11	9.218284E-11	9.133354E-11	9.216002E-11	9.924149E-11	9.064440E-11	9.062168E-11	8.889747E-11	8.695626E-11	9.248023E-11	8.822252E-11	9.558595E-11	8.904604E-11	8.666461E-11	8.717170E-11	8.604508E-11	8.732644E-11	9.496516E-11	9.127586E-11	8.864969E-11	8.812237E-11	9.218411E-11	8.861797E-11	9.130355E-11	9.098378E-11	9.105717E-11	9.048381E-11	9.464584E-11	9.446320E-11
0:18:54	1	-9.994630E+0	2.546500E+1	2.587400E+1	1.568590E+0	1.888616E+0	2.000000E+1	3.459600E-9	2.925413E-9	1.039281E-10	9.054396E-11	9.241547E-11	9.208192E-11	9.148572E-11	9.271684E-11	9.367574E-11	1.052019E-10	9.096162E-11	9.024159E-11	8.807500E-11	8.354584E-11	9.216424E-11	8.942198E-11	9.153199E-11	9.075550E-11	8.894484E-11	8.798944E-11	8.667554E-11	8.807957E-11	9.364030E-11	9.096062E-11	8.688015E-11	8.849996E-11	9.256236E-11	9.056424E-11	9.250270E-11	9.028711E-11	9.023675E-11	9.137108E-11	9.383095E-11	9.363962E-11
0:19:07	1	-9.996835E+0	2.546000E+1	2.586800E+1	1.570490E+0	1.889110E+0	3.000000E+1	3.582000E-9	2.925705E-9	1.058206E-10	9.224708E-11	9.469167E-11	9.087903E-11	9.167575E-11	9.303041E-11	9.430796E-11	8.370482E-11	9.007402E-11	9.270673E-11	9.174218E-11	8.165172E-11	9.140426E-11	8.986332E-11	9.507995E-11	9.050173E-11	9.040199E-11	8.786325E-11	8.610773E-11	8.807957E-11	9.212519E-11	9.177904E-11	8.934494E-11	8.919256E-11	9.470646E-11	9.100445E-11	9.269209E-11	9.091981E-11	9.093157E-11	9.219533E-11	9.489734E-11	9.408239E-11
0:19:21	1	-9.995846E+0	2.545700E+1	2.586600E+1	1.575950E+0	1.894824E+0	4.000000E+1	3.797100E-9	2.957413E-9	1.050003E-10	9.369637E-11	9.481741E-11	9.252451E-11	9.224585E-11	9.334498E-11	9.418131E-11	9.492886E-11	9.318012E-11	9.251718E-11	9.237500E-11	9.743875E-11	9.362119E-11	8.961127E-11	8.000412E-11	9.126105E-11	9.249219E-11	8.924833E-11	8.881650E-11	8.952051E-11	9.199967E-11	9.121221E-11	8.801728E-11	8.969536E-11	9.357170E-11	9.219720E-11	9.326026E-11	9.199630E-11	9.200420E-11	9.308260E-11	9.489734E-11	9.465311E-11
0:19:34	1	-9.995086E+0	2.545500E+1	2.586400E+1	1.573708E+0	1.893379E+0	5.000000E+1	3.940100E-9	2.970077E-9	1.051267E-10	9.388550E-11	9.545008E-11	9.182815E-11	9.294297E-11	9.353352E-11	9.569704E-11	1.023488E-10	8.963072E-11	9.264388E-11	9.256464E-11	9.617566E-11	9.355719E-11	9.055769E-11	8.545106E-11	8.980535E-11	9.109906E-11	8.899695E-11	9.013906E-11	8.851799E-11	8.871842E-11	9.228321E-11	9.105064E-11	8.912896E-11	9.685055E-11	9.112938E-11	9.408162E-11	9.072990E-11	9.238401E-11	9.314562E-11	9.539935E-11	9.522282E-11
0:19:48	1	-9.996379E+0	2.545600E+1	2.586600E+1	1.569844E+0	1.889769E+0	6.000000E+1	4.005800E-9	3.000312E-9	1.067027E-10	9.413833E-11	9.513374E-11	9.296810E-11	9.357608E-11	9.359603E-11	9.601315E-11	1.098308E-10	9.311708E-11	9.283343E-11	8.851818E-11	9.409213E-11	9.488815E-11	9.219849E-11	9.387597E-11	9.221020E-11	8.919887E-11	8.931093E-11	8.944695E-11	9.046168E-11	9.218894E-11	9.228321E-11	9.326207E-11	9.026275E-11	9.590492E-11	9.326501E-11	9.243990E-11	9.174342E-11	9.263621E-11	9.295557E-11	9.483397E-11	9.642521E-11
0:20:01	1	-9.992882E+0	2.546000E+1	2.586600E+1	1.571605E+0	1.891213E+0	7.000000E+1	4.115800E-9	3.005318E-9	1.065135E-10	9.413833E-11	9.595501E-11	9.385328E-11	9.465326E-11	9.466477E-11	9.437078E-11	9.258234E-11	9.444798E-11	9.340208E-11	9.199570E-11	8.866097E-11	9.590112E-11	9.163064E-11	1.023639E-10	9.379277E-11	9.179612E-11	9.056982E-11	8.919437E-11	9.052402E-11	9.464938E-11	9.266110E-11	9.067160E-11	8.843736E-11	9.741793E-11	9.383015E-11	9.382844E-11	9.256603E-11	9.269902E-11	9.327266E-11	9.753115E-11	9.674205E-11
0:20:15	1	-9.993946E+0	2.546100E+1	2.587000E+1	1.567779E+0	1.887717E+0	8.000000E+1	4.313600E-9	3.005059E-9	1.073339E-10	9.407562E-11	9.766242E-11	9.486634E-11	9.497032E-11	9.611058E-11	9.519246E-11	8.852399E-11	9.343329E-11	9.213808E-11	9.262753E-11	8.973464E-11	9.558413E-11	9.333420E-11	8.665505E-11	9.417243E-11	9.331628E-11	9.126236E-11	9.127368E-11	9.039834E-11	9.237820E-11	9.089797E-11	9.471541E-11	9.183574E-11	9.716510E-11	9.401853E-11	9.464980E-11	9.370549E-11	9.389925E-11	9.434899E-11	9.759452E-11	9.718482E-11
0:20:28	1	-9.993186E+0	2.545700E+1	2.586800E+1	1.573632E+0	1.892138E+0	9.000000E+1	4.359500E-9	3.046107E-9	1.091000E-10	9.602958E-11	9.842082E-11	9.505617E-11	9.579346E-11	9.730534E-11	9.828773E-11	9.340723E-11	9.907511E-11	9.529757E-11	9.490429E-11	9.466036E-11	9.640811E-11	9.459643E-11	8.032012E-11	9.410949E-11	9.407635E-11	9.283623E-11	9.127368E-11	9.271810E-11	9.446012E-11	9.392104E-11	9.351444E-11	9.101794E-11	9.748064E-11	9.540065E-11	9.439761E-11	9.376946E-11	9.560390E-11	9.656768E-11	9.771928E-11	9.857812E-11
0:20:42	1	-9.993718E+0	2.545500E+1	2.586400E+1	1.575456E+0	1.894760E+0	1.000000E+2	4.346700E-9	3.114807E-9	1.094783E-10	9.880374E-11	9.930596E-11	9.689147E-11	9.649058E-11	9.793348E-11	1.001196E-10	1.099580E-10	9.672952E-11	9.523472E-11	9.616893E-11	9.510199E-11	9.906803E-11	9.598518E-11	9.172199E-11	9.398260E-11	9.515346E-11	9.245866E-11	9.310040E-11	9.321985E-11	9.963502E-11	9.543258E-11	9.458873E-11	9.416492E-11	1.008859E-10	9.640501E-11	9.641811E-11	9.566856E-11	9.667753E-11	9.606052E-11	1.011066E-10	1.008570E-10
0:20:55	1	-9.995390E+0	2.545300E+1	2.586100E+1	1.569970E+0	1.888515E+0	1.200000E+2	4.697900E-9	3.299577E-9	1.173611E-10	1.043531E-10	1.049311E-10	1.042327E-10	1.033328E-10	1.043449E-10	1.045411E-10	1.096406E-10	1.032589E-10	1.019967E-10	1.019222E-10	8.866097E-11	1.038829E-10	1.017275E-10	1.101558E-10	1.025899E-10	1.007920E-10	9.875214E-11	9.820271E-11	9.898758E-11	1.073331E-10	1.011018E-10	1.005916E-10	9.982988E-11	1.044793E-10	1.025601E-10	1.030478E-10	1.014298E-10	1.028661E-10	1.014462E-10	1.059989E-10	1.052258E-10
0:21:09	1	-9.993034E+0	2.544800E+1	2.585800E+1	1.571541E+0	1.890010E+0	1.400000E+2	5.078200E-9	3.614453E-9	1.264416E-10	1.147569E-10	1.154879E-10	1.127129E-10	1.127734E-10	1.144031E-10	1.150893E-10	1.056464E-10	1.129575E-10	1.121076E-10	1.139349E-10	1.014802E-10	1.147776E-10	1.122029E-10	1.195937E-10	1.111971E-10	1.140323E-10	1.083821E-10	1.110524E-10	1.087664E-10	1.137054E-10	1.108035E-10	1.098164E-10	1.100896E-10	1.160817E-10	1.142416E-10	1.132769E-10	1.113071E-10	1.125278E-10	1.122185E-10	1.165362E-10	1.160523E-10
0:21:23	1	-9.994174E+0	2.544700E+1	2.585500E+1	1.571820E+0	1.890504E+0	1.600000E+2	5.618500E-9	4.156413E-9	1.466852E-10	1.320957E-10	1.334401E-10	1.299899E-10	1.310835E-10	1.325686E-10	1.332820E-10	1.253675E-10	1.312759E-10	1.292329E-10	1.308174E-10	1.301503E-10	1.315631E-10	1.291159E-10	1.161097E-10	1.306267E-10	1.301869E-10	1.251243E-10	1.242800E-10	1.256925E-10	1.273982E-10	1.283144E-10	1.261183E-10	1.292249E-10	1.330433E-10	1.301945E-10	1.289994E-10	1.294155E-10	1.300189E-10	1.304041E-10	1.334084E-10	1.311846E-10
0:21:37	1	-9.994782E+0	2.544900E+1	2.585600E+1	1.572390E+0	1.890795E+0	1.800000E+2	6.404300E-9	4.993359E-9	1.718479E-10	1.593346E-10	1.603056E-10	1.567602E-10	1.584522E-10	1.590319E-10	1.608851E-10	1.627176E-10	1.561238E-10	1.555225E-10	1.547798E-10	1.510524E-10	1.572173E-10	1.558728E-10	1.423974E-10	1.560049E-10	1.528032E-10	1.505516E-10	1.505473E-10	1.522104E-10	1.561087E-10	1.528819E-10	1.526565E-10	1.535213E-10	1.597778E-10	1.557557E-10	1.549500E-10	1.543617E-10	1.539517E-10	1.533421E-10	1.606921E-10	1.609416E-10
0:21:50	1	-9.992958E+0	2.545500E+1	2.586300E+1	1.569565E+0	1.889566E+0	2.000000E+2	7.497400E-9	6.133743E-9	2.079198E-10	1.940768E-10	1.962728E-10	1.933404E-10	1.930452E-10	1.965586E-10	1.950587E-10	2.008916E-10	1.924454E-10	1.905951E-10	1.882275E-10	1.867318E-10	1.899653E-10	1.915908E-10	1.939599E-10	1.925221E-10	1.868226E-10	1.835322E-10	1.834284E-10	1.850601E-10	1.916337E-10	1.885352E-10	1.875984E-10	1.883298E-10	1.955924E-10	1.895451E-10	1.896784E-10	1.861456E-10	1.894403E-10	1.896493E-10	1.976971E-10	1.978529E-10
0:22:04	1	-9.992882E+0	2.545800E+1	2.586500E+1	1.569286E+0	1.889452E+0	2.200000E+2	9.044200E-9	7.679648E-9	2.559743E-10	2.430064E-10	2.443137E-10	2.416907E-10	2.436659E-10	2.463425E-10	2.471707E-10	2.513687E-10	2.402397E-10	2.401394E-10	2.362162E-10	2.356719E-10	2.402598E-10	2.412551E-10	2.397574E-10	2.412544E-10	2.345893E-10	2.299812E-10	2.292229E-10	2.319521E-10	2.346685E-10	2.346460E-10	2.348614E-10	2.361675E-10	2.432601E-10	2.374650E-10	2.377927E-10	2.364177E-10	2.387575E-10	2.387564E-10	2.463691E-10	2.464133E-10
0:22:18	1	-9.993262E+0	2.546200E+1	2.586900E+1	1.569248E+0	1.889769E+0	2.400000E+2	1.095400E-8	9.824854E-9	3.236413E-10	3.101576E-10	3.120132E-10	3.092173E-10	3.108234E-10	3.158023E-10	3.148229E-10	3.219474E-10	3.045153E-10	3.049774E-10	3.054503E-10	3.129034E-10	3.091767E-10	3.088426E-10	3.039887E-10	3.088457E-10	2.995878E-10	2.970751E-10	2.954255E-10	2.949557E-10	2.974527E-10	3.018586E-10	2.991844E-10	3.034554E-10	3.105383E-10	3.035984E-10	3.015658E-10	3.023284E-10	3.032302E-10	3.050988E-10	3.149234E-10	3.174504E-10
0:22:32	1	-9.993262E+0	2.546300E+1	2.587200E+1	1.568894E+0	1.889541E+0	2.600000E+2	1.397400E-8	1.282696E-8	4.182987E-10	4.065027E-10	4.068945E-10	4.046531E-10	4.054767E-10	4.124160E-10	4.093831E-10	4.273395E-10	4.000400E-10	4.000854E-10	3.959917E-10	4.051004E-10	4.033049E-10	4.052691E-10	3.998286E-10	4.039672E-10	3.889757E-10	3.836169E-10	3.842430E-10	3.901806E-10	3.910920E-10	3.943934E-10	3.908664E-10	3.950388E-10	4.042991E-10	3.960474E-10	3.923011E-10	3.924246E-10	3.961186E-10	3.978643E-10	4.110119E-10	4.139395E-10
0:22:45	1	-9.992350E+0	2.546700E+1	2.587300E+1	1.574785E+0	1.894152E+0	2.800000E+2	1.820800E-8	1.706763E-8	5.522458E-10	5.383465E-10	5.414722E-10	5.372376E-10	5.397907E-10	5.500762E-10	5.491080E-10	5.766768E-10	5.308096E-10	5.320997E-10	5.288313E-10	5.253364E-10	5.368319E-10	5.390544E-10	5.469130E-10	5.379479E-10	5.146652E-10	5.100627E-10	5.117986E-10	5.151220E-10	5.307954E-10	5.235899E-10	5.205866E-10	5.264666E-10	5.343155E-10	5.228500E-10	5.205420E-10	5.231705E-10	5.246222E-10	5.276982E-10	5.476185E-10	5.509482E-10
0:22:59	1	-9.994326E+0	2.547300E+1	2.588200E+1	1.574189E+0	1.893582E+0	3.000000E+2	2.414100E-8	2.305590E-8	7.388498E-10	7.255511E-10	7.321189E-10	7.274768E-10	7.350533E-10	7.468868E-10	7.489672E-10	7.697690E-10	7.172959E-10	7.175122E-10	7.155417E-10	7.073947E-10	7.263532E-10	7.320329E-10	7.439768E-10	7.321795E-10	6.964192E-10	6.880556E-10	6.899994E-10	6.945401E-10	7.127746E-10	7.075905E-10	7.038251E-10	7.108307E-10	7.218371E-10	7.025349E-10	6.999912E-10	7.065934E-10	7.092626E-10	7.121518E-10	7.386667E-10	7.438626E-10
0:23:13	1	-9.990602E+0	2.547600E+1	2.588300E+1	1.574341E+0	1.893924E+0	3.200000E+2	3.277500E-8	3.189633E-8	1.015320E-9	1.003804E-9	1.011199E-9	1.005241E-9	1.018000E-9	1.034653E-9	1.036313E-9	1.060897E-9	9.901807E-10	9.925357E-10	9.895674E-10	9.913129E-10	1.006583E-9	1.013361E-9	1.015154E-9	1.013114E-9	9.640778E-10	9.510174E-10	9.573936E-10	9.617863E-10	9.815168E-10	9.805977E-10	9.774827E-10	9.857725E-10	9.977594E-10	9.734741E-10	9.673968E-10	9.778965E-10	9.797197E-10	9.870263E-10	1.024111E-9	1.032062E-9
0:23:27	1	-9.992502E+0	2.547600E+1	2.588400E+1	1.571706E+0	1.890669E+0	3.400000E+2	4.670300E-8	4.559198E-8	1.442259E-9	1.429602E-9	1.445275E-9	1.435589E-9	1.453761E-9	1.482144E-9	1.486185E-9	1.532817E-9	1.414498E-9	1.418911E-9	1.408385E-9	1.409548E-9	1.442446E-9	1.451824E-9	1.443487E-9	1.448726E-9	1.372439E-9	1.360817E-9	1.367526E-9	1.375413E-9	1.405737E-9	1.403023E-9	1.398868E-9	1.412662E-9	1.424379E-9	1.388677E-9	1.382682E-9	1.396091E-9	1.401413E-9	1.412327E-9	1.465417E-9	1.479051E-9
0:23:40	1	-9.993490E+0	2.547300E+1	2.588200E+1	1.572529E+0	1.891137E+0	3.600000E+2	6.904400E-8	6.787150E-8	2.132867E-9	2.123440E-9	2.147433E-9	2.133196E-9	2.166831E-9	2.211307E-9	2.212414E-9	2.288447E-9	2.102258E-9	2.107356E-9	2.091806E-9	2.089599E-9	2.148532E-9	2.167704E-9	2.169096E-9	2.164200E-9	2.038387E-9	2.021997E-9	2.035352E-9	2.050268E-9	2.097691E-9	2.089639E-9	2.088603E-9	2.104044E-9	2.113178E-9	2.063201E-9	2.056911E-9	2.079637E-9	2.087123E-9	2.100212E-9	2.182134E-9	2.206643E-9
0:23:54	1	-9.991666E+0	2.546600E+1	2.587600E+1	1.573556E+0	1.893443E+0	3.620000E+2	7.172800E-8	7.094152E-8	2.227083E-9	2.217767E-9	2.242124E-9	2.230340E-9	2.265160E-9	2.310560E-9	2.316008E-9	2.390795E-9	2.195881E-9	2.203285E-9	2.188482E-9	2.203838E-9	2.243800E-9	2.266970E-9	2.259044E-9	2.262675E-9	2.133922E-9	2.114206E-9	2.127824E-9	2.141045E-9	2.183128E-9	2.181985E-9	2.181361E-9	2.198398E-9	2.208200E-9	2.157284E-9	2.149858E-9	2.172585E-9	2.180771E-9	2.195449E-9	2.283052E-9	2.308641E-9
0:24:07	1	-9.993566E+0	2.546600E+1	2.587400E+1	1.570046E+0	1.890238E+0	3.640000E+2	7.476700E-8	7.405061E-8	2.322246E-9	2.314994E-9	2.340229E-9	2.331029E-9	2.363804E-9	2.411762E-9	2.419412E-9	2.503479E-9	2.293563E-9	2.300794E-9	2.280984E-9	2.293510E-9	2.343248E-9	2.366489E-9	2.351654E-9	2.362228E-9	2.220713E-9	2.207167E-9	2.222121E-9	2.236521E-9	2.281690E-9	2.278112E-9	2.276330E-9	2.296969E-9	2.306248E-9	2.249607E-9	2.241225E-9	2.268064E-9	2.278332E-9	2.293917E-9	2.383405E-9	2.410764E-9
0:24:21	1	-9.990830E+0	2.546300E+1	2.587200E+1	1.569996E+0	1.888743E+0	3.660000E+2	7.834800E-8	7.749445E-8	2.429896E-9	2.421617E-9	2.447689E-9	2.435009E-9	2.472903E-9	2.523525E-9	2.528879E-9	2.609126E-9	2.399674E-9	2.409047E-9	2.388786E-9	2.379771E-9	2.452007E-9	2.477304E-9	2.481763E-9	2.473171E-9	2.326953E-9	2.312465E-9	2.325677E-9	2.340774E-9	2.393251E-9	2.385449E-9	2.386399E-9	2.407059E-9	2.411863E-9	2.352607E-9	2.347934E-9	2.371204E-9	2.384356E-9	2.400560E-9	2.496806E-9	2.520928E-9
0:24:34	1	-9.994478E+0	2.545800E+1	2.586900E+1	1.575659E+0	1.894355E+0	3.680000E+2	8.175900E-8	8.103331E-8	2.538995E-9	2.531014E-9	2.560585E-9	2.548861E-9	2.591442E-9	2.639122E-9	2.645169E-9	2.723015E-9	2.509145E-9	2.518121E-9	2.499243E-9	2.498617E-9	2.564061E-9	2.592662E-9	2.587738E-9	2.588166E-9	2.434080E-9	2.414868E-9	2.427785E-9	2.446407E-9	2.498879E-9	2.494741E-9	2.497416E-9	2.516015E-9	2.521514E-9	2.463959E-9	2.454897E-9	2.479535E-9	2.491579E-9	2.510179E-9	2.608073E-9	2.637424E-9
0:24:48	1	-9.993034E+0	2.545400E+1	2.586300E+1	1.571237E+0	1.890187E+0	3.700000E+2	8.566000E-8	8.494890E-8	2.659383E-9	2.653589E-9	2.685492E-9	2.669864E-9	2.710994E-9	2.769302E-9	2.775102E-9	2.853582E-9	2.630532E-9	2.639708E-9	2.618933E-9	2.626241E-9	2.688213E-9	2.717738E-9	2.709675E-9	2.714236E-9	2.549822E-9	2.533572E-9	2.548035E-9	2.565830E-9	2.615992E-9	2.613733E-9	2.618101E-9	2.639450E-9	2.642828E-9	2.581090E-9	2.571962E-9	2.601416E-9	2.613010E-9	2.631966E-9	2.735397E-9	2.764113E-9
0:25:01	1	-9.996910E+0	2.545200E+1	2.586000E+1	1.575545E+0	1.894887E+0	3.720000E+2	8.973900E-8	8.904046E-8	2.784437E-9	2.779380E-9	2.814064E-9	2.797956E-9	2.845118E-9	2.901494E-9	2.910406E-9	3.008056E-9	2.755215E-9	2.765971E-9	2.742795E-9	2.755191E-9	2.819270E-9	2.849757E-9	2.841874E-9	2.843912E-9	2.668226E-9	2.651961E-9	2.668535E-9	2.687198E-9	2.744022E-9	2.741796E-9	2.743967E-9	2.766975E-9	2.768115E-9	2.702995E-9	2.695404E-9	2.726843E-9	2.737598E-9	2.758441E-9	2.867049E-9	2.896436E-9
0:25:15	1	-9.992882E+0	2.545100E+1	2.585900E+1	1.572453E+0	1.891973E+0	3.740000E+2	9.482000E-8	9.362074E-8	2.927024E-9	2.921817E-9	2.958820E-9	2.943009E-9	2.992864E-9	3.055121E-9	3.059985E-9	3.168554E-9	2.895810E-9	2.904051E-9	2.880250E-9	2.892099E-9	2.964389E-9	2.995848E-9	3.001311E-9	2.993272E-9	2.804874E-9	2.785015E-9	2.807052E-9	2.825366E-9	2.885808E-9	2.882268E-9	2.884619E-9	2.906900E-9	2.908978E-9	2.840788E-9	2.832675E-9	2.865186E-9	2.877594E-9	2.896322E-9	3.015886E-9	3.047184E-9
0:25:28	1	-9.994478E+0	2.545100E+1	2.586000E+1	1.567893E+0	1.887679E+0	3.760000E+2	9.922000E-8	9.824673E-8	3.070051E-9	3.065704E-9	3.101552E-9	3.088694E-9	3.139659E-9	3.203781E-9	3.211711E-9	3.315355E-9	3.037862E-9	3.050221E-9	3.023586E-9	3.028500E-9	3.110395E-9	3.147114E-9	3.154161E-9	3.143391E-9	2.944500E-9	2.924868E-9	2.947521E-9	2.968486E-9	3.026456E-9	3.023749E-9	3.029124E-9	3.052869E-9	3.051226E-9	2.980654E-9	2.974428E-9	3.007264E-9	3.021379E-9	3.041363E-9	3.161337E-9	3.199769E-9
0:25:42	1	-9.992502E+0	2.544500E+1	2.585400E+1	1.572466E+0	1.890871E+0	3.780000E+2	1.042600E-7	1.033852E-7	3.227899E-9	3.227687E-9	3.264133E-9	3.248366E-9	3.306665E-9	3.376579E-9	3.382387E-9	3.483589E-9	3.197219E-9	3.208965E-9	3.181843E-9	3.205128E-9	3.278254E-9	3.311127E-9	3.295545E-9	3.308003E-9	3.101167E-9	3.078755E-9	3.100777E-9	3.117751E-9	3.184837E-9	3.184567E-9	3.186140E-9	3.212999E-9	3.209868E-9	3.137604E-9	3.125464E-9	3.163841E-9	3.177793E-9	3.204083E-9	3.327171E-9	3.369003E-9
0:25:55	1	-9.994858E+0	2.544400E+1	2.585200E+1	1.568539E+0	1.887856E+0	3.800000E+2	1.100500E-7	1.089569E-7	3.400125E-9	3.397363E-9	3.441948E-9	3.420188E-9	3.483934E-9	3.556356E-9	3.570498E-9	3.681564E-9	3.368049E-9	3.379465E-9	3.352494E-9	3.371904E-9	3.454156E-9	3.490096E-9	3.476963E-9	3.488881E-9	3.265374E-9	3.243531E-9	3.269718E-9	3.286512E-9	3.358298E-9	3.359811E-9	3.361986E-9	3.385718E-9	3.381060E-9	3.304602E-9	3.294810E-9	3.332005E-9	3.348479E-9	3.373519E-9	3.507306E-9	3.550142E-9
0:26:09	1	-9.993870E+0	2.544500E+1	2.585300E+1	1.576115E+0	1.894380E+0	3.820000E+2	1.156000E-7	1.147959E-7	3.576324E-9	3.577127E-9	3.622733E-9	3.602263E-9	3.674634E-9	3.748011E-9	3.758924E-9	3.895583E-9	3.543379E-9	3.561403E-9	3.530351E-9	3.547016E-9	3.638041E-9	3.678784E-9	3.672887E-9	3.677163E-9	3.433571E-9	3.416048E-9	3.442753E-9	3.461542E-9	3.542107E-9	3.534678E-9	3.543140E-9	3.572538E-9	3.560383E-9	3.479639E-9	3.468450E-9	3.510490E-9	3.529899E-9	3.558099E-9	3.695093E-9	3.742866E-9
0:26:22	1	-9.992654E+0	2.544600E+1	2.585400E+1	1.574658E+0	1.893696E+0	3.840000E+2	1.223500E-7	1.213478E-7	3.779388E-9	3.779654E-9	3.830826E-9	3.810158E-9	3.883518E-9	3.966885E-9	3.972679E-9	4.116704E-9	3.747108E-9	3.764005E-9	3.733437E-9	3.748209E-9	3.845426E-9	3.891138E-9	3.906689E-9	3.892342E-9	3.629390E-9	3.610153E-9	3.638780E-9	3.659202E-9	3.740557E-9	3.736945E-9	3.742048E-9	3.773015E-9	3.759948E-9	3.672700E-9	3.663812E-9	3.707906E-9	3.727043E-9	3.758710E-9	3.905084E-9	3.954330E-9
0:26:36	1	-1.008219E+1	2.544800E+1	2.585600E+1	1.570224E+0	1.890238E+0	3.860000E+2	1.287300E-7	1.281478E-7	3.991028E-9	3.989179E-9	4.043281E-9	4.027800E-9	4.102413E-9	4.189155E-9	4.199070E-9	4.341822E-9	3.954703E-9	3.970273E-9	3.942972E-9	3.968030E-9	4.061172E-9	4.110053E-9	4.115472E-9	4.114040E-9	3.830086E-9	3.807784E-9	3.837200E-9	3.870530E-9	3.945189E-9	3.950866E-9	3.956501E-9	3.988097E-9	3.968340E-9	3.879894E-9	3.870727E-9	3.914565E-9	3.937763E-9	3.966989E-9	4.127367E-9	4.175482E-9
0:26:49	1	-9.993718E+0	2.545200E+1	2.585700E+1	1.573619E+0	1.892835E+0	3.880000E+2	1.366100E-7	1.357776E-7	4.224554E-9	4.228215E-9	4.283678E-9	4.263607E-9	4.347538E-9	4.444739E-9	4.455338E-9	4.600229E-9	4.187970E-9	4.210541E-9	4.176469E-9	4.201873E-9	4.307768E-9	4.358505E-9	4.344779E-9	4.360738E-9	4.057579E-9	4.036506E-9	4.072092E-9	4.097655E-9	4.180932E-9	4.184443E-9	4.191743E-9	4.229175E-9	4.200064E-9	4.106054E-9	4.097975E-9	4.149843E-9	4.171279E-9	4.202833E-9	4.373739E-9	4.429179E-9
0:27:03	1	-9.988854E+0	2.545400E+1	2.585900E+1	1.570388E+0	1.888895E+0	3.900000E+2	1.440900E-7	1.438579E-7	4.466654E-9	4.475131E-9	4.538421E-9	4.516690E-9	4.610084E-9	4.712328E-9	4.721144E-9	4.893070E-9	4.434931E-9	4.457126E-9	4.418758E-9	4.447017E-9	4.569691E-9	4.618439E-9	4.616589E-9	4.622244E-9	4.294769E-9	4.272280E-9	4.311458E-9	4.344403E-9	4.432385E-9	4.431183E-9	4.438166E-9	4.480323E-9	4.447612E-9	4.347226E-9	4.341263E-9	4.396203E-9	4.420900E-9	4.454453E-9	4.635787E-9	4.691167E-9
0:27:16	1	-9.994022E+0	2.545900E+1	2.586500E+1	1.572567E+0	1.891581E+0	3.920000E+2	1.529500E-7	1.530566E-7	4.751259E-9	4.761580E-9	4.828248E-9	4.811287E-9	4.906209E-9	5.011723E-9	5.027628E-9	5.215524E-9	4.709400E-9	4.742956E-9	4.705367E-9	4.727840E-9	4.856064E-9	4.913398E-9	4.934577E-9	4.920837E-9	4.561350E-9	4.541472E-9	4.585908E-9	4.614596E-9	4.723843E-9	4.718490E-9	4.728568E-9	4.770371E-9	4.727002E-9	4.624761E-9	4.612016E-9	4.674344E-9	4.696409E-9	4.733065E-9	4.927441E-9	4.993105E-9
0:27:30	1	-9.991058E+0	2.545900E+1	2.586500E+1	1.568704E+0	1.888693E+0	3.940000E+2	1.628500E-7	1.627895E-7	5.047972E-9	5.059254E-9	5.134318E-9	5.114999E-9	5.219630E-9	5.331927E-9	5.352937E-9	5.542355E-9	5.011696E-9	5.040350E-9	5.002724E-9	5.038849E-9	5.169296E-9	5.227984E-9	5.237932E-9	5.241519E-9	4.854603E-9	4.835023E-9	4.874846E-9	4.906919E-9	5.015048E-9	5.020979E-9	5.032618E-9	5.074204E-9	5.025119E-9	4.914103E-9	4.905121E-9	4.970214E-9	4.997176E-9	5.035693E-9	5.240483E-9	5.313596E-9
0:27:43	1	-9.991362E+0	2.546200E+1	2.586700E+1	1.565701E+0	1.885665E+0	3.960000E+2	1.737100E-7	1.739583E-7	5.388074E-9	5.401255E-9	5.487990E-9	5.464341E-9	5.581836E-9	5.708952E-9	5.725873E-9	5.923150E-9	5.345624E-9	5.389060E-9	5.341053E-9	5.387180E-9	5.531492E-9	5.592297E-9	5.600261E-9	5.608906E-9	5.183078E-9	5.159917E-9	5.210838E-9	5.244128E-9	5.360962E-9	5.365042E-9	5.380266E-9	5.426001E-9	5.360692E-9	5.246152E-9	5.234533E-9	5.309329E-9	5.336274E-9	5.386543E-9	5.598056E-9	5.679164E-9
0:27:57	1	-9.994022E+0	2.546500E+1	2.587100E+1	1.572238E+0	1.890466E+0	3.980000E+2	1.860200E-7	1.859030E-7	5.751255E-9	5.777871E-9	5.861128E-9	5.843110E-9	5.961336E-9	6.102448E-9	6.130077E-9	6.351189E-9	5.713083E-9	5.754578E-9	5.707644E-9	5.759380E-9	5.908889E-9	5.980969E-9	5.980770E-9	6.002684E-9	5.532334E-9	5.510428E-9	5.562831E-9	5.601396E-9	5.733944E-9	5.733924E-9	5.752304E-9	5.802157E-9	5.718078E-9	5.599743E-9	5.592169E-9	5.670729E-9	5.701136E-9	5.752282E-9	5.982411E-9	6.070691E-9
0:28:10	1	-9.992654E+0	2.547000E+1	2.587600E+1	1.567906E+0	1.886653E+0	4.000000E+2	2.002900E-7	1.997393E-7	6.169554E-9	6.195786E-9	6.290591E-9	6.274090E-9	6.412242E-9	6.565215E-9	6.585763E-9	6.830083E-9	6.130809E-9	6.178488E-9	6.128926E-9	6.171617E-9	6.353875E-9	6.437671E-9	6.459274E-9	6.452411E-9	5.938985E-9	5.919221E-9	5.974159E-9	6.019725E-9	6.167945E-9	6.162773E-9	6.180639E-9	6.237355E-9	6.140790E-9	6.007598E-9	6.000066E-9	6.087974E-9	6.126618E-9	6.178724E-9	6.434947E-9	6.525406E-9
0:28:24	1	-9.993946E+0	2.547100E+1	2.587700E+1	1.573138E+0	1.892379E+0	4.020000E+2	2.153800E-7	2.147056E-7	6.623801E-9	6.651977E-9	6.760887E-9	6.742031E-9	6.892224E-9	7.058090E-9	7.089454E-9	7.365859E-9	6.584985E-9	6.640760E-9	6.590233E-9	6.649466E-9	6.836359E-9	6.921823E-9	6.955955E-9	6.952196E-9	6.374844E-9	6.353192E-9	6.415221E-9	6.467645E-9	6.626114E-9	6.629799E-9	6.653081E-9	6.708369E-9	6.583301E-9	6.450185E-9	6.445345E-9	6.541247E-9	6.578434E-9	6.636406E-9	6.910624E-9	7.015700E-9
0:28:37	1	-9.992046E+0	2.547200E+1	2.587700E+1	1.571034E+0	1.890973E+0	4.040000E+2	2.328300E-7	2.322117E-7	7.154417E-9	7.193728E-9	7.315950E-9	7.289838E-9	7.466038E-9	7.653047E-9	7.678420E-9	7.978744E-9	7.111991E-9	7.171658E-9	7.125198E-9	7.202462E-9	7.398527E-9	7.489464E-9	7.514461E-9	7.526725E-9	6.891155E-9	6.859982E-9	6.944971E-9	6.991731E-9	7.155963E-9	7.171090E-9	7.194267E-9	7.267819E-9	7.111627E-9	6.967382E-9	6.962855E-9	7.063784E-9	7.108108E-9	7.184128E-9	7.474361E-9	7.591847E-9
0:28:51	1	-9.995086E+0	2.547100E+1	2.587800E+1	1.567741E+0	1.887856E+0	4.060000E+2	2.527500E-7	2.520801E-7	7.756735E-9	7.799354E-9	7.945413E-9	7.919791E-9	8.104663E-9	8.312308E-9	8.342239E-9	8.695947E-9	7.706949E-9	7.783446E-9	7.722694E-9	7.813050E-9	8.043359E-9	8.142425E-9	8.181665E-9	8.195426E-9	7.453650E-9	7.442172E-9	7.525997E-9	7.592550E-9	7.777875E-9	7.790302E-9	7.815951E-9	7.897578E-9	7.708492E-9	7.547698E-9	7.545214E-9	7.657487E-9	7.708254E-9	7.787799E-9	8.114995E-9	8.248590E-9
0:29:04	1	-9.993718E+0	2.546900E+1	2.587500E+1	1.568400E+0	1.886881E+0	4.080000E+2	2.748300E-7	2.740024E-7	8.419155E-9	8.459206E-9	8.620834E-9	8.608666E-9	8.816468E-9	9.050586E-9	9.091209E-9	9.474277E-9	8.368400E-9	8.460327E-9	8.392273E-9	8.483884E-9	8.750332E-9	8.867456E-9	8.906895E-9	8.919128E-9	8.089695E-9	8.071568E-9	8.174675E-9	8.250478E-9	8.456136E-9	8.469487E-9	8.509416E-9	8.598467E-9	8.355109E-9	8.190632E-9	8.188251E-9	8.320519E-9	8.379000E-9	8.462633E-9	8.826256E-9	8.970993E-9
0:29:18	1	-9.991742E+0	2.546900E+1	2.587500E+1	1.565043E+0	1.884854E+0	4.100000E+2	3.005500E-7	3.002109E-7	9.200257E-9	9.262313E-9	9.444864E-9	9.431895E-9	9.672024E-9	9.933875E-9	9.986027E-9	1.040829E-8	9.151115E-9	9.253484E-9	9.198166E-9	9.304126E-9	9.594820E-9	9.724945E-9	9.782311E-9	9.811552E-9	8.849913E-9	8.834713E-9	8.949839E-9	9.033163E-9	9.262804E-9	9.288573E-9	9.331335E-9	9.418129E-9	9.129218E-9	8.962129E-9	8.961553E-9	9.101383E-9	9.169912E-9	9.269006E-9	9.661138E-9	9.827995E-9
0:29:31	1	-9.993718E+0	2.547100E+1	2.587900E+1	1.572111E+0	1.890605E+0	4.106900E+2	3.099000E-7	3.102358E-7	9.500313E-9	9.571020E-9	9.756498E-9	9.751302E-9	1.001275E-8	1.027331E-8	1.032934E-8	1.077285E-8	9.451573E-9	9.563390E-9	9.503426E-9	9.616777E-9	9.912612E-9	1.006275E-8	1.011531E-8	1.014084E-8	9.130115E-9	9.128893E-9	9.248855E-9	9.332632E-9	9.572813E-9	9.598746E-9	9.649160E-9	9.737005E-9	9.419390E-9	9.234388E-9	9.252637E-9	9.404281E-9	9.478952E-9	9.567199E-9	9.977628E-9	1.016900E-8
0:29:45	1	-9.992730E+0	2.546600E+1	2.587400E+1	1.573150E+0	1.892341E+0	4.113800E+2	3.204900E-7	3.208581E-7	9.810332E-9	9.894293E-9	1.009474E-8	1.008507E-8	1.035265E-8	1.062972E-8	1.068579E-8	1.116740E-8	9.766484E-9	9.890297E-9	9.828034E-9	9.959865E-9	1.026607E-8	1.041148E-8	1.046605E-8	1.049658E-8	9.431475E-9	9.427667E-9	9.558896E-9	9.651848E-9	9.899796E-9	9.929328E-9	9.976209E-9	1.007879E-8	9.732955E-9	9.552557E-9	9.558054E-9	9.722184E-9	9.793169E-9	9.906452E-9	1.032228E-8	1.051159E-8
0:29:58	1	-9.994250E+0	2.546900E+1	2.587600E+1	1.569768E+0	1.889465E+0	4.120699E+2	3.316200E-7	3.320406E-7	1.015485E-8	1.023024E-8	1.043944E-8	1.044663E-8	1.072278E-8	1.101706E-8	1.108020E-8	1.158048E-8	1.009921E-8	1.021733E-8	1.016649E-8	1.029436E-8	1.061800E-8	1.077220E-8	1.085498E-8	1.086815E-8	9.745951E-9	9.756778E-9	9.888462E-9	9.985984E-9	1.024281E-8	1.027730E-8	1.032803E-8	1.043682E-8	1.005049E-8	9.880586E-9	9.887150E-9	1.005965E-8	1.013523E-8	1.024038E-8	1.068255E-8	1.088000E-8
0:30:12	1	-9.993718E+0	2.546600E+1	2.587500E+1	1.565613E+0	1.885715E+0	4.127599E+2	3.435000E-7	3.438321E-7	1.049968E-8	1.059002E-8	1.081403E-8	1.080787E-8	1.110944E-8	1.141502E-8	1.147638E-8	1.199006E-8	1.045424E-8	1.057445E-8	1.052196E-8	1.067004E-8	1.100750E-8	1.116964E-8	1.125475E-8	1.128199E-8	1.008843E-8	1.009552E-8	1.023019E-8	1.032821E-8	1.061705E-8	1.064423E-8	1.069356E-8	1.080757E-8	1.040303E-8	1.022124E-8	1.023519E-8	1.040909E-8	1.048564E-8	1.060669E-8	1.106628E-8	1.126317E-8
0:30:25	1	-9.989538E+0	2.546900E+1	2.587500E+1	1.566005E+0	1.886602E+0	4.134499E+2	3.566200E-7	3.564225E-7	1.087301E-8	1.096336E-8	1.120923E-8	1.121449E-8	1.152157E-8	1.184434E-8	1.191539E-8	1.244023E-8	1.081898E-8	1.097314E-8	1.092149E-8	1.106820E-8	1.142157E-8	1.158810E-8	1.166117E-8	1.170254E-8	1.044129E-8	1.045894E-8	1.060624E-8	1.071344E-8	1.099168E-8	1.103541E-8	1.109997E-8	1.121626E-8	1.076987E-8	1.056623E-8	1.059624E-8	1.078075E-8	1.086477E-8	1.099499E-8	1.146952E-8	1.168009E-8
0:30:39	1	-9.992350E+0	2.546600E+1	2.587300E+1	1.568159E+0	1.887096E+0	4.141399E+2	3.675100E-7	3.669282E-7	1.118871E-8	1.129124E-8	1.153970E-8	1.154168E-8	1.186515E-8	1.220490E-8	1.228309E-8	1.285039E-8	1.113459E-8	1.129050E-8	1.123724E-8	1.138224E-8	1.176033E-8	1.192976E-8	1.200937E-8	1.206594E-8	1.074602E-8	1.075009E-8	1.091439E-8	1.102582E-8	1.131519E-8	1.135434E-8	1.142405E-8	1.154483E-8	1.106225E-8	1.087724E-8	1.089787E-8	1.109567E-8	1.118852E-8	1.131796E-8	1.180708E-8	1.203204E-8
0:30:52	1	-9.994782E+0	2.546700E+1	2.587300E+1	1.574012E+0	1.892366E+0	4.148298E+2	3.812700E-7	3.809038E-7	1.159723E-8	1.171048E-8	1.197985E-8	1.197860E-8	1.232682E-8	1.267603E-8	1.275753E-8	1.335845E-8	1.153545E-8	1.169881E-8	1.164032E-8	1.183047E-8	1.222273E-8	1.240192E-8	1.251219E-8	1.255338E-8	1.114202E-8	1.116367E-8	1.131867E-8	1.144321E-8	1.175039E-8	1.179969E-8	1.186161E-8	1.199879E-8	1.146952E-8	1.128484E-8	1.130519E-8	1.150424E-8	1.160895E-8	1.173781E-8	1.224186E-8	1.249309E-8
0:31:06	1	-9.994706E+0	2.546700E+1	2.587500E+1	1.571364E+0	1.890795E+0	4.155198E+2	3.953100E-7	3.960265E-7	1.204038E-8	1.216629E-8	1.245918E-8	1.245427E-8	1.282195E-8	1.320096E-8	1.328390E-8	1.391553E-8	1.198918E-8	1.216657E-8	1.211610E-8	1.229392E-8	1.270934E-8	1.290955E-8	1.302319E-8	1.306254E-8	1.156850E-8	1.159380E-8	1.176722E-8	1.188342E-8	1.222023E-8	1.227283E-8	1.233879E-8	1.248592E-8	1.191001E-8	1.170588E-8	1.174100E-8	1.194764E-8	1.205433E-8	1.219986E-8	1.273423E-8	1.299003E-8
0:31:19	1	-9.992122E+0	2.545800E+1	2.586500E+1	1.567184E+0	1.887375E+0	4.162098E+2	4.117500E-7	4.121572E-7	1.252591E-8	1.265085E-8	1.295116E-8	1.297069E-8	1.335141E-8	1.375091E-8	1.384830E-8	1.451637E-8	1.246839E-8	1.264938E-8	1.260004E-8	1.281471E-8	1.322995E-8	1.344109E-8	1.356580E-8	1.362568E-8	1.202311E-8	1.205055E-8	1.223934E-8	1.237002E-8	1.270604E-8	1.277210E-8	1.285059E-8	1.300036E-8	1.235996E-8	1.216800E-8	1.219518E-8	1.243744E-8	1.253715E-8	1.269924E-8	1.325544E-8	1.353205E-8
0:31:33	1	-9.993642E+0	2.545200E+1	2.585900E+1	1.567196E+0	1.886019E+0	4.168998E+2	4.298200E-7	4.293214E-7	1.304221E-8	1.317791E-8	1.348549E-8	1.350957E-8	1.393061E-8	1.435398E-8	1.445223E-8	1.514606E-8	1.297512E-8	1.317965E-8	1.311743E-8	1.335116E-8	1.380232E-8	1.402174E-8	1.414439E-8	1.420324E-8	1.250110E-8	1.254060E-8	1.273212E-8	1.288332E-8	1.324466E-8	1.330716E-8	1.339759E-8	1.354962E-8	1.285367E-8	1.265342E-8	1.269236E-8	1.292326E-8	1.305110E-8	1.321832E-8	1.379949E-8	1.408054E-8
0:31:46	1	-9.999494E+0	2.544800E+1	2.585500E+1	1.565131E+0	1.884740E+0	4.175897E+2	4.481400E-7	4.477467E-7	1.356671E-8	1.371878E-8	1.406685E-8	1.409162E-8	1.452603E-8	1.497226E-8	1.508706E-8	1.583942E-8	1.350700E-8	1.373412E-8	1.368654E-8	1.391413E-8	1.441105E-8	1.462611E-8	1.479759E-8	1.485416E-8	1.302400E-8	1.305230E-8	1.327755E-8	1.344032E-8	1.381439E-8	1.388089E-8	1.397145E-8	1.415703E-8	1.338811E-8	1.316271E-8	1.321972E-8	1.347549E-8	1.361052E-8	1.377213E-8	1.439314E-8	1.470752E-8
0:32:00	1	-9.994174E+0	2.544000E+1	2.584800E+1	1.570819E+0	1.888604E+0	4.182797E+2	4.671300E-7	4.676872E-7	1.413844E-8	1.433424E-8	1.468936E-8	1.471296E-8	1.519596E-8	1.566308E-8	1.579668E-8	1.657691E-8	1.410361E-8	1.433605E-8	1.427733E-8	1.453836E-8	1.504644E-8	1.531169E-8	1.548272E-8	1.554533E-8	1.357952E-8	1.363166E-8	1.384944E-8	1.402522E-8	1.443302E-8	1.451724E-8	1.461638E-8	1.478761E-8	1.395988E-8	1.374083E-8	1.378049E-8	1.405280E-8	1.420024E-8	1.439126E-8	1.501716E-8	1.535521E-8
0:32:13	1	-9.992350E+0	2.543900E+1	2.584500E+1	1.572605E+0	1.891821E+0	4.189697E+2	4.885900E-7	4.891877E-7	1.476706E-8	1.497405E-8	1.536592E-8	1.540810E-8	1.590890E-8	1.641832E-8	1.653408E-8	1.740547E-8	1.471550E-8	1.498677E-8	1.492990E-8	1.523805E-8	1.576596E-8	1.601849E-8	1.619782E-8	1.631105E-8	1.416724E-8	1.424627E-8	1.448609E-8	1.464359E-8	1.509361E-8	1.518307E-8	1.528919E-8	1.549385E-8	1.456879E-8	1.432899E-8	1.440263E-8	1.469430E-8	1.483942E-8	1.503910E-8	1.570421E-8	1.606198E-8
0:32:27	1	-9.993110E+0	2.544100E+1	2.584900E+1	1.570135E+0	1.889706E+0	4.196597E+2	5.128100E-7	5.125506E-7	1.545344E-8	1.566732E-8	1.610127E-8	1.614881E-8	1.668963E-8	1.721996E-8	1.736599E-8	1.831690E-8	1.541035E-8	1.567477E-8	1.564178E-8	1.597021E-8	1.654032E-8	1.681236E-8	1.701699E-8	1.712101E-8	1.481779E-8	1.489341E-8	1.516406E-8	1.534948E-8	1.581497E-8	1.592008E-8	1.603017E-8	1.622684E-8	1.521043E-8	1.497482E-8	1.505798E-8	1.537304E-8	1.553321E-8	1.574726E-8	1.645467E-8	1.683136E-8
0:32:40	1	-9.993946E+0	2.544400E+1	2.585000E+1	1.565955E+0	1.885728E+0	4.203496E+2	5.381100E-7	5.380734E-7	1.619078E-8	1.642578E-8	1.687846E-8	1.693331E-8	1.753531E-8	1.811821E-8	1.827079E-8	1.928465E-8	1.613006E-8	1.646572E-8	1.641018E-8	1.675168E-8	1.738114E-8	1.767812E-8	1.790818E-8	1.801717E-8	1.552111E-8	1.561256E-8	1.588713E-8	1.610640E-8	1.659040E-8	1.673198E-8	1.685733E-8	1.706293E-8	1.593914E-8	1.569726E-8	1.577199E-8	1.612712E-8	1.629432E-8	1.652271E-8	1.727650E-8	1.769501E-8
0:32:54	1	-9.993566E+0	2.545000E+1	2.585600E+1	1.566436E+0	1.886235E+0	4.210396E+2	5.630000E-7	5.630659E-7	1.691140E-8	1.716357E-8	1.766323E-8	1.772945E-8	1.836584E-8	1.897743E-8	1.916334E-8	2.025183E-8	1.686067E-8	1.719675E-8	1.716170E-8	1.755556E-8	1.819599E-8	1.853189E-8	1.878315E-8	1.890492E-8	1.620594E-8	1.632598E-8	1.661663E-8	1.685385E-8	1.735883E-8	1.750779E-8	1.763749E-8	1.788826E-8	1.661369E-8	1.640011E-8	1.648770E-8	1.684764E-8	1.703187E-8	1.728429E-8	1.808260E-8	1.850649E-8
0:33:07	1	-9.993338E+0	2.545300E+1	2.586000E+1	1.566867E+0	1.885690E+0	4.217296E+2	5.928400E-7	5.933061E-7	1.776415E-8	1.807513E-8	1.861242E-8	1.869140E-8	1.938169E-8	2.004804E-8	2.024987E-8	2.141456E-8	1.771748E-8	1.809753E-8	1.807381E-8	1.850128E-8	1.920859E-8	1.955055E-8	1.983428E-8	1.998069E-8	1.702761E-8	1.715717E-8	1.749686E-8	1.774793E-8	1.828823E-8	1.843347E-8	1.860581E-8	1.888190E-8	1.746169E-8	1.724792E-8	1.734801E-8	1.772215E-8	1.792003E-8	1.820757E-8	1.904606E-8	1.951228E-8
0:33:21	1	-9.992350E+0	2.546000E+1	2.586600E+1	1.573581E+0	1.891859E+0	4.224196E+2	6.256500E-7	6.264347E-7	1.874100E-8	1.905239E-8	1.964537E-8	1.974696E-8	2.049080E-8	2.121073E-8	2.144303E-8	2.272582E-8	1.865993E-8	1.909860E-8	1.907805E-8	1.953907E-8	2.031380E-8	2.070199E-8	2.100768E-8	2.115867E-8	1.793543E-8	1.805821E-8	1.844273E-8	1.871881E-8	1.932149E-8	1.950225E-8	1.967340E-8	1.995183E-8	1.836998E-8	1.811908E-8	1.826553E-8	1.868105E-8	1.890809E-8	1.918940E-8	2.008435E-8	2.059923E-8
0:33:34	1	-9.992350E+0	2.546900E+1	2.587400E+1	1.572327E+0	1.891606E+0	4.231096E+2	6.620800E-7	6.628655E-7	1.975771E-8	2.010645E-8	2.077661E-8	2.091459E-8	2.170843E-8	2.252210E-8	2.277041E-8	2.415172E-8	1.970761E-8	2.019712E-8	2.016499E-8	2.070354E-8	2.152156E-8	2.193187E-8	2.232682E-8	2.248658E-8	1.890300E-8	1.907884E-8	1.948648E-8	1.977513E-8	2.046215E-8	2.062314E-8	2.083848E-8	2.114608E-8	1.935583E-8	1.913815E-8	1.927226E-8	1.971587E-8	1.996662E-8	2.028802E-8	2.125040E-8	2.181699E-8
0:33:48	1	-9.993946E+0	2.547400E+1	2.587800E+1	1.568172E+0	1.888186E+0	4.237995E+2	7.021700E-7	7.027222E-7	2.089569E-8	2.129695E-8	2.200975E-8	2.216096E-8	2.305962E-8	2.393591E-8	2.424005E-8	2.575259E-8	2.083395E-8	2.133924E-8	2.137927E-8	2.192693E-8	2.285823E-8	2.331138E-8	2.375365E-8	2.393556E-8	1.997338E-8	2.018167E-8	2.063241E-8	2.095119E-8	2.166811E-8	2.187819E-8	2.209594E-8	2.245476E-8	2.043152E-8	2.019001E-8	2.037075E-8	2.088017E-8	2.114096E-8	2.149663E-8	2.252772E-8	2.315904E-8
0:34:01	1	-9.991286E+0	2.547800E+1	2.588200E+1	1.569692E+0	1.889440E+0	4.244895E+2	7.471200E-7	7.479108E-7	2.215286E-8	2.262031E-8	2.340275E-8	2.360054E-8	2.459195E-8	2.555817E-8	2.585946E-8	2.759619E-8	2.211464E-8	2.270715E-8	2.272974E-8	2.337368E-8	2.435483E-8	2.489390E-8	2.535512E-8	2.561732E-8	2.117135E-8	2.140314E-8	2.190338E-8	2.227075E-8	2.308420E-8	2.332739E-8	2.357045E-8	2.393301E-8	2.162166E-8	2.142055E-8	2.159204E-8	2.215508E-8	2.245302E-8	2.285003E-8	2.395268E-8	2.467348E-8
0:34:15	1	-9.993946E+0	2.548300E+1	2.588700E+1	1.565562E+0	1.886070E+0	4.251795E+2	7.928300E-7	7.931376E-7	2.342327E-8	2.394329E-8	2.481085E-8	2.502822E-8	2.612123E-8	2.718439E-8	2.755751E-8	2.946992E-8	2.336129E-8	2.402401E-8	2.408129E-8	2.481076E-8	2.589591E-8	2.645477E-8	2.697800E-8	2.726648E-8	2.237997E-8	2.264639E-8	2.318108E-8	2.359639E-8	2.445858E-8	2.473791E-8	2.501942E-8	2.544827E-8	2.284143E-8	2.260543E-8	2.283468E-8	2.344537E-8	2.376799E-8	2.421186E-8	2.538963E-8	2.616204E-8
0:34:28	1	-9.996226E+0	2.548200E+1	2.588800E+1	1.570642E+0	1.888807E+0	4.258695E+2	8.493900E-7	8.500935E-7	2.499071E-8	2.555632E-8	2.656416E-8	2.684808E-8	2.808520E-8	2.925842E-8	2.966273E-8	3.180986E-8	2.491740E-8	2.567592E-8	2.577641E-8	2.660925E-8	2.780931E-8	2.848087E-8	2.909750E-8	2.943499E-8	2.385548E-8	2.420018E-8	2.480195E-8	2.526520E-8	2.620841E-8	2.656885E-8	2.687102E-8	2.734762E-8	2.431020E-8	2.411708E-8	2.437275E-8	2.506705E-8	2.541568E-8	2.589444E-8	2.718891E-8	2.803154E-8
0:34:42	1	-9.995618E+0	2.548000E+1	2.588600E+1	1.573505E+0	1.892315E+0	4.265594E+2	9.166000E-7	9.174639E-7	2.685607E-8	2.750939E-8	2.864504E-8	2.902109E-8	3.038578E-8	3.170193E-8	3.217191E-8	3.464639E-8	2.676807E-8	2.763673E-8	2.777401E-8	2.880406E-8	3.010562E-8	3.084282E-8	3.157870E-8	3.199461E-8	2.559701E-8	2.600485E-8	2.666912E-8	2.720940E-8	2.828439E-8	2.869219E-8	2.902199E-8	2.959953E-8	2.605067E-8	2.584415E-8	2.619446E-8	2.691889E-8	2.736527E-8	2.791900E-8	2.932614E-8	3.032461E-8
0:34:55	1	-9.993186E+0	2.548800E+1	2.589200E+1	1.569869E+0	1.889237E+0	4.272494E+2	9.906000E-7	9.930502E-7	2.890708E-8	2.969822E-8	3.095796E-8	3.140705E-8	3.298077E-8	3.453711E-8	3.510613E-8	3.788103E-8	2.884263E-8	2.985329E-8	3.002143E-8	3.119854E-8	3.269085E-8	3.351020E-8	3.443901E-8	3.486872E-8	2.753664E-8	2.800067E-8	2.878165E-8	2.941502E-8	3.061524E-8	3.106681E-8	3.148662E-8	3.208672E-8	2.799040E-8	2.778130E-8	2.817504E-8	2.900803E-8	2.951516E-8	3.018548E-8	3.169493E-8	3.281053E-8
0:35:09	1	-9.993186E+0	2.548500E+1	2.589100E+1	1.571795E+0	1.891403E+0	4.279394E+2	1.068400E-6	1.070597E-6	3.097348E-8	3.191038E-8	3.333397E-8	3.388808E-8	3.570298E-8	3.741805E-8	3.808394E-8	4.127312E-8	3.091941E-8	3.208950E-8	3.229236E-8	3.363402E-8	3.528500E-8	3.630859E-8	3.737907E-8	3.794206E-8	2.948215E-8	3.002758E-8	3.093070E-8	3.163938E-8	3.301827E-8	3.356180E-8	3.404166E-8	3.474102E-8	2.987545E-8	2.976582E-8	3.020607E-8	3.113427E-8	3.175277E-8	3.242016E-8	3.412952E-8	3.543605E-8
0:35:22	1	-9.993490E+0	2.547700E+1	2.588600E+1	1.567830E+0	1.888072E+0	4.286294E+2	1.169500E-6	1.169975E-6	3.360689E-8	3.472753E-8	3.638205E-8	3.704626E-8	3.913523E-8	4.115645E-8	4.195278E-8	4.582129E-8	3.359990E-8	3.492215E-8	3.526644E-8	3.683309E-8	3.874239E-8	3.988238E-8	4.117815E-8	4.183902E-8	3.191839E-8	3.260100E-8	3.366979E-8	3.448588E-8	3.606619E-8	3.671142E-8	3.723236E-8	3.811277E-8	3.236985E-8	3.223732E-8	3.274154E-8	3.382079E-8	3.450919E-8	3.537598E-8	3.727807E-8	3.875251E-8
0:35:36	1	-9.995467E+0	2.547100E+1	2.587900E+1	1.566829E+0	1.885703E+0	4.293193E+2	1.289700E-6	1.290595E-6	3.676845E-8	3.808379E-8	4.008627E-8	4.088984E-8	4.338552E-8	4.576664E-8	4.680330E-8	5.137063E-8	3.668828E-8	3.836563E-8	3.878966E-8	4.068405E-8	4.295262E-8	4.428399E-8	4.592498E-8	4.675968E-8	3.486182E-8	3.568555E-8	3.697831E-8	3.789997E-8	3.976561E-8	4.058424E-8	4.122115E-8	4.223690E-8	3.518917E-8	3.518042E-8	3.581011E-8	3.706757E-8	3.785723E-8	3.886857E-8	4.100798E-8	4.277681E-8
0:35:49	1	-9.990830E+0	2.546900E+1	2.587600E+1	1.573024E+0	1.891251E+0	4.300093E+2	1.434500E-6	1.435966E-6	4.054040E-8	4.209498E-8	4.450984E-8	4.549280E-8	4.854636E-8	5.142010E-8	5.263296E-8	5.837670E-8	4.045524E-8	4.243494E-8	4.303391E-8	4.530694E-8	4.803958E-8	4.963460E-8	5.178471E-8	5.285781E-8	3.833252E-8	3.934304E-8	4.087001E-8	4.204803E-8	4.415156E-8	4.518091E-8	4.599560E-8	4.723149E-8	3.857080E-8	3.864612E-8	3.943529E-8	4.091060E-8	4.187009E-8	4.307965E-8	4.552661E-8	4.761171E-8
0:36:03	1	-9.994250E+0	2.546400E+1	2.587300E+1	1.572719E+0	1.892176E+0	4.306993E+2	1.614000E-6	1.616308E-6	4.496878E-8	4.700254E-8	4.992483E-8	5.123713E-8	5.503299E-8	5.864667E-8	6.022334E-8	6.736093E-8	4.498557E-8	4.743163E-8	4.821956E-8	5.112354E-8	5.449519E-8	5.652261E-8	5.915096E-8	6.051993E-8	4.246093E-8	4.372515E-8	4.560867E-8	4.700768E-8	4.962535E-8	5.098603E-8	5.199099E-8	5.352890E-8	4.262055E-8	4.280155E-8	4.376797E-8	4.558843E-8	4.677192E-8	4.822725E-8	5.103160E-8	5.371850E-8
