APD#	0006	Started	03/06/07 23:07	Sense_ohms	1.004464E+6	1.004628E+6	1.002105E+6	1.000924E+6	9.998282E+5	1.007735E+6	1.002821E+6	9.989270E+5	9.993226E+5	1.002376E+6	1.001862E+6	1.003102E+6	1.000030E+6	1.003780E+6	1.000011E+6	1.000898E+6	9.999006E+5	1.006439E+6	1.005624E+6	1.010450E+6	1.003884E+6	1.005600E+6	1.002519E+6	1.006362E+6	1.004620E+6	1.008599E+6	1.003214E+6	1.000475E+6	1.003139E+6	9.996927E+5	1.009944E+6	1.000506E+6	
ElapTime	Shutter_Open	DegC	BiasV	KE237_Amps	Pixel_Sum	A1	A2	A3	A4	A5	A6	A7	A8	B1	B2	B3	B4	B5	B6	B7	B8	C1	C2	C3	C4	C5	C6	C7	C8	D1	D2	D3	D4	D5	D6	D7	D8
   0:00:00	0	2.707000E+1	0.000000E+0	1.170000E-12	-1.503911E-10	-1.009494E-12	-5.422903E-12	-4.172217E-12	-3.290959E-12	-5.638969E-12	-2.451041E-12	-7.516795E-12	-3.550810E-12	-3.993705E-12	-3.286192E-12	-3.983583E-12	-4.230876E-12	-4.750857E-12	-3.975971E-12	-3.736959E-12	-6.138488E-12	-5.638560E-12	-5.664526E-12	-5.858054E-12	-5.955762E-12	-7.067550E-12	-5.858194E-12	-5.434311E-12	-4.468571E-12	-5.674783E-12	-3.265916E-12	-4.925171E-12	-4.241985E-12	-5.177747E-12	-4.182285E-12	-5.206229E-12	-4.621661E-12
   0:00:13	0	2.703200E+1	0.000000E+0	2.850000E-12	-3.618483E-10	-2.333583E-12	-1.134947E-11	-1.163052E-11	-9.935819E-12	-1.058082E-11	-1.012072E-11	-1.029596E-11	-1.046323E-11	-1.191707E-11	-1.131212E-11	-1.106440E-11	-1.149335E-11	-1.108467E-11	-1.167487E-11	-9.944891E-12	-1.379661E-11	-1.400039E-11	-1.365806E-11	-1.366912E-11	-1.391756E-11	-1.356631E-11	-1.209427E-11	-1.093146E-11	-1.126732E-11	-1.166511E-11	-1.086557E-11	-1.092389E-11	-1.190335E-11	-9.913880E-12	-1.178562E-11	-1.103923E-11	-1.164911E-11
   0:00:27	0	2.704100E+1	1.000000E+1	2.201800E-9	1.791964E-9	5.612645E-11	6.872793E-11	5.278189E-11	6.556442E-11	4.663001E-11	7.895032E-11	-1.244390E-11	8.326134E-11	7.333968E-11	7.494892E-11	7.347020E-11	4.982444E-11	6.264612E-11	-1.123254E-11	5.840336E-11	8.031288E-11	4.377535E-11	5.368731E-11	5.530596E-11	7.146618E-11	7.313295E-11	7.521281E-11	4.776867E-11	5.444661E-11	6.563875E-11	3.868733E-11	4.925071E-11	6.496114E-11	6.914595E-11	4.188387E-11	4.766799E-11	3.862046E-11
   0:00:41	0	2.704900E+1	2.000000E+1	2.347900E-9	1.990415E-9	5.972140E-11	7.433995E-11	5.783925E-11	7.531041E-11	5.150785E-11	9.171062E-11	-1.010649E-11	9.974803E-11	8.075570E-11	8.050971E-11	8.130960E-11	5.595044E-11	7.151385E-11	-1.243201E-11	6.537128E-11	9.278068E-11	4.662663E-11	5.746399E-11	6.034462E-11	7.786036E-11	7.830686E-11	8.125994E-11	5.478200E-11	6.061537E-11	7.219645E-11	4.339782E-11	5.322892E-11	7.274844E-11	7.463971E-11	4.555900E-11	5.205833E-11	4.349599E-11
   0:00:55	0	2.705600E+1	3.000000E+1	2.629600E-9	2.211760E-9	6.564894E-11	8.272515E-11	6.504508E-11	8.258869E-11	5.644970E-11	1.015168E-10	-1.092817E-11	1.132555E-10	8.886920E-11	8.828324E-11	8.826465E-11	6.289590E-11	8.177555E-11	-1.161111E-11	7.018523E-11	1.036659E-10	5.365833E-11	6.344349E-11	6.721101E-11	8.557177E-11	8.815062E-11	8.995227E-11	6.116393E-11	6.766551E-11	7.856503E-11	4.685212E-11	5.865847E-11	8.034684E-11	8.253293E-11	5.069158E-11	5.820521E-11	5.046047E-11
   0:01:09	0	2.706300E+1	4.000000E+1	2.854700E-9	2.421247E-9	7.069442E-11	8.934650E-11	6.991184E-11	9.113279E-11	6.284880E-11	1.118885E-10	-1.174886E-11	1.287912E-10	9.596901E-11	9.662442E-11	9.970934E-11	6.826424E-11	9.058028E-11	-1.116978E-11	7.899013E-11	1.173996E-10	5.701567E-11	6.967437E-11	7.231331E-11	9.466178E-11	9.395508E-11	9.776352E-11	6.824010E-11	7.490346E-11	8.625749E-11	4.936451E-11	6.238450E-11	8.560134E-11	8.840550E-11	5.385955E-11	6.259555E-11	5.501916E-11
   0:01:23	0	2.707000E+1	5.000000E+1	3.125800E-9	2.743145E-9	8.034235E-11	1.016416E-10	8.103742E-11	1.044225E-10	7.285952E-11	1.308717E-10	-1.073871E-11	1.489568E-10	1.078230E-10	1.090738E-10	1.098255E-10	7.729423E-11	1.068598E-10	-1.224272E-11	8.944202E-11	1.352465E-10	6.474444E-11	7.647160E-11	8.081649E-11	1.039398E-10	1.039881E-10	1.096689E-10	7.651825E-11	8.390520E-11	9.464375E-11	5.778015E-11	6.996114E-11	9.440216E-11	9.907700E-11	6.127283E-11	7.062372E-11	6.261632E-11
   0:01:37	0	2.707600E+1	6.000000E+1	3.541600E-9	3.118735E-9	8.847803E-11	1.137476E-10	8.786405E-11	1.151816E-10	7.995474E-11	1.444487E-10	-1.080153E-11	1.629078E-10	1.230994E-10	1.236722E-10	1.234192E-10	8.594540E-11	1.212384E-10	-1.192692E-11	1.007169E-10	1.554354E-10	7.532449E-11	9.038104E-11	9.442297E-11	1.219318E-10	1.222870E-10	1.253540E-10	8.706967E-11	9.706050E-11	1.087048E-10	6.613332E-11	8.132662E-11	1.083315E-10	1.138536E-10	7.172804E-11	8.053417E-11	7.091012E-11
   0:01:51	0	2.708100E+1	7.000000E+1	3.718700E-9	3.245248E-9	9.062246E-11	1.180984E-10	9.285853E-11	1.183456E-10	8.280623E-11	1.504205E-10	-1.136993E-11	1.728635E-10	1.296278E-10	1.269583E-10	1.294260E-10	9.030288E-11	1.259892E-10	-1.135906E-11	1.053408E-10	1.609415E-10	7.874583E-11	9.308761E-11	9.902111E-11	1.246900E-10	1.260106E-10	1.317164E-10	9.029255E-11	1.004589E-10	1.134329E-10	6.764036E-11	8.423128E-11	1.124466E-10	1.187154E-10	7.388270E-11	8.461063E-11	7.439236E-11
   0:02:05	0	2.708600E+1	8.000000E+1	3.779100E-9	3.369124E-9	9.327064E-11	1.213773E-10	9.589215E-11	1.229024E-10	8.654387E-11	1.598496E-10	-1.061206E-11	1.790151E-10	1.331142E-10	1.312551E-10	1.325871E-10	9.270244E-11	1.323870E-10	-1.243201E-11	1.104718E-10	1.703710E-10	7.969592E-11	9.673810E-11	1.017299E-10	1.299560E-10	1.335194E-10	1.361257E-10	9.142969E-11	1.034807E-10	1.179103E-10	7.235085E-11	8.669337E-11	1.190315E-10	1.221256E-10	7.622742E-11	8.686917E-11	7.654527E-11
   0:02:19	0	2.709000E+1	9.000000E+1	3.882400E-9	3.479276E-9	9.364895E-11	1.254753E-10	9.791489E-11	1.281546E-10	8.882426E-11	1.665755E-10	-1.238107E-11	1.902391E-10	1.380585E-10	1.363740E-10	1.372025E-10	9.497638E-11	1.380879E-10	-1.161111E-11	1.137657E-10	1.779662E-10	8.261021E-11	9.875214E-11	1.040608E-10	1.342818E-10	1.350963E-10	1.388345E-10	9.439921E-11	1.075090E-10	1.220083E-10	7.429811E-11	8.991402E-11	1.208046E-10	1.264830E-10	7.793795E-11	9.044363E-11	7.857124E-11
   0:02:33	0	2.709400E+1	1.000000E+2	4.080600E-9	3.590456E-9	9.730662E-11	1.301417E-10	1.015183E-10	1.316354E-10	9.135870E-11	1.730495E-10	-1.130710E-11	1.992438E-10	1.410375E-10	1.406079E-10	1.408068E-10	9.712273E-11	1.437247E-10	-1.192692E-11	1.162367E-10	1.880291E-10	8.349730E-11	1.011437E-10	1.064543E-10	1.377297E-10	1.402712E-10	1.445038E-10	9.616875E-11	1.084530E-10	1.259810E-10	7.555431E-11	9.294527E-11	1.254894E-10	1.303977E-10	7.983953E-11	9.107139E-11	8.237032E-11
   0:02:47	0	2.709800E+1	1.200000E+2	4.278000E-9	3.835271E-9	1.028559E-10	1.368248E-10	1.080286E-10	1.398628E-10	9.712469E-11	1.909014E-10	-1.099099E-11	2.194084E-10	1.510533E-10	1.490768E-10	1.503540E-10	1.028061E-10	1.556333E-10	-1.167487E-11	1.252316E-10	2.077744E-10	8.894484E-11	1.067457E-10	1.120598E-10	1.449384E-10	1.474642E-10	1.525040E-10	1.013497E-10	1.149368E-10	1.339253E-10	7.875677E-11	9.774385E-11	1.339104E-10	1.382281E-10	8.547827E-11	9.778265E-11	8.623237E-11
   0:03:01	0	2.710100E+1	1.400000E+2	4.506200E-9	4.095620E-9	1.084688E-10	1.447063E-10	1.147295E-10	1.486596E-10	1.039039E-10	2.064908E-10	-1.080153E-11	2.402718E-10	1.595471E-10	1.593135E-10	1.581944E-10	1.112050E-10	1.698859E-10	-1.135906E-11	1.341625E-10	2.290393E-10	9.464641E-11	1.123476E-10	1.179815E-10	1.557217E-10	1.566137E-10	1.633383E-10	1.065945E-10	1.241263E-10	1.422488E-10	8.277720E-11	1.012795E-10	1.403054E-10	1.480792E-10	8.997765E-11	1.009808E-10	9.218336E-11
   0:03:16	0	2.710400E+1	1.600000E+2	4.846300E-9	4.421584E-9	1.165408E-10	1.557412E-10	1.222517E-10	1.607475E-10	1.123293E-10	2.239021E-10	-1.073871E-11	2.674760E-10	1.688013E-10	1.698045E-10	1.697020E-10	1.163840E-10	1.837575E-10	-1.173763E-11	1.470854E-10	2.560001E-10	1.010450E-10	1.188925E-10	1.269888E-10	1.678203E-10	1.674666E-10	1.768188E-10	1.146193E-10	1.351412E-10	1.524009E-10	8.868044E-11	1.092359E-10	1.499928E-10	1.578037E-10	9.726389E-11	1.082565E-10	1.011108E-10
   0:03:30	0	2.710600E+1	1.800000E+2	5.266700E-9	4.798930E-9	1.265680E-10	1.662705E-10	1.338822E-10	1.741011E-10	1.219600E-10	2.487946E-10	-1.143275E-11	3.003232E-10	1.824936E-10	1.822540E-10	1.828525E-10	1.242775E-10	1.994670E-10	-1.217996E-11	1.624142E-10	2.883401E-10	1.083938E-10	1.270748E-10	1.347999E-10	1.795438E-10	1.795187E-10	1.901104E-10	1.231488E-10	1.477301E-10	1.652635E-10	9.470959E-11	1.183915E-10	1.592364E-10	1.691700E-10	1.048042E-10	1.152816E-10	1.113676E-10
   0:03:44	0	2.710800E+1	2.000000E+2	5.623700E-9	5.195648E-9	1.346400E-10	1.775573E-10	1.445018E-10	1.875807E-10	1.329838E-10	2.726183E-10	-1.263336E-11	3.361517E-10	1.944737E-10	1.947662E-10	1.953722E-10	1.354548E-10	2.132756E-10	-1.287334E-11	1.771741E-10	3.261861E-10	1.164396E-10	1.359496E-10	1.434930E-10	1.953417E-10	1.932116E-10	2.062361E-10	1.314898E-10	1.606966E-10	1.772431E-10	1.027485E-10	1.254000E-10	1.708229E-10	1.814833E-10	1.136759E-10	1.219929E-10	1.221942E-10
   0:03:58	0	2.710900E+1	2.200000E+2	6.089800E-9	5.626187E-9	1.440997E-10	1.902306E-10	1.568917E-10	2.046049E-10	1.456550E-10	3.012191E-10	-1.187550E-11	3.766091E-10	2.080389E-10	2.089845E-10	2.087763E-10	1.447370E-10	2.298711E-10	-1.432485E-11	1.962398E-10	3.699818E-10	1.246754E-10	1.429356E-10	1.528782E-10	2.059983E-10	2.057050E-10	2.226770E-10	1.397031E-10	1.747969E-10	1.897285E-10	1.078982E-10	1.353131E-10	1.830431E-10	1.936711E-10	1.231168E-10	1.301468E-10	1.341601E-10
   0:04:12	0	2.711000E+1	2.400000E+2	6.611500E-9	6.111929E-9	1.581630E-10	2.023376E-10	1.709242E-10	2.230209E-10	1.600995E-10	3.379906E-10	-9.917024E-12	4.277830E-10	2.219844E-10	2.241514E-10	2.225596E-10	1.556621E-10	2.470376E-10	-1.186415E-11	2.196776E-10	4.261183E-10	1.329112E-10	1.500478E-10	1.627676E-10	2.204800E-10	2.159273E-10	2.405668E-10	1.493079E-10	1.899664E-10	2.020237E-10	1.158121E-10	1.407436E-10	1.936170E-10	2.063632E-10	1.323677E-10	1.372343E-10	1.460631E-10
   0:04:27	0	2.711100E+1	2.600000E+2	7.149400E-9	6.690662E-9	1.698299E-10	2.186053E-10	1.879923E-10	2.465002E-10	1.768894E-10	3.794152E-10	-1.105382E-11	4.925275E-10	2.371967E-10	2.438047E-10	2.389351E-10	1.675971E-10	2.671810E-10	-1.217996E-11	2.485623E-10	5.001649E-10	1.401959E-10	1.601816E-10	1.722165E-10	2.350863E-10	2.327749E-10	2.649443E-10	1.607441E-10	2.088493E-10	2.153909E-10	1.230975E-10	1.487619E-10	2.062160E-10	2.212654E-10	1.436471E-10	1.446981E-10	1.606247E-10
   0:04:41	0	2.711200E+1	2.800000E+2	7.900000E-9	7.449855E-9	1.883074E-10	2.466634E-10	2.110637E-10	2.876362E-10	2.018517E-10	4.445365E-10	-9.600916E-12	5.857445E-10	2.528543E-10	2.637743E-10	2.593581E-10	1.810484E-10	2.870074E-10	-9.844787E-12	2.874558E-10	6.019954E-10	1.488748E-10	1.662237E-10	1.833658E-10	2.548963E-10	2.501275E-10	2.914648E-10	1.727498E-10	2.313839E-10	2.338655E-10	1.296293E-10	1.607593E-10	2.175497E-10	2.419146E-10	1.556228E-10	1.537293E-10	1.778460E-10
   0:04:55	0	2.711300E+1	3.000000E+2	8.960500E-9	8.486873E-9	2.082982E-10	2.717583E-10	2.418479E-10	3.271907E-10	2.319458E-10	5.170754E-10	-1.111764E-11	6.960829E-10	2.886045E-10	3.070634E-10	2.993806E-10	2.013185E-10	3.151945E-10	-1.173763E-11	3.399683E-10	7.478115E-10	1.597719E-10	1.786854E-10	1.984201E-10	2.937642E-10	2.886818E-10	3.466458E-10	1.901261E-10	2.627931E-10	2.520246E-10	1.367888E-10	1.720620E-10	2.361009E-10	2.644579E-10	1.728581E-10	1.640784E-10	1.989293E-10
   0:05:09	0	2.711400E+1	3.200000E+2	1.024100E-8	9.781273E-9	2.359199E-10	2.960967E-10	2.823038E-10	3.772504E-10	2.741401E-10	6.119912E-10	-1.193832E-11	8.489719E-10	3.143399E-10	3.425152E-10	3.304886E-10	2.234209E-10	3.455996E-10	-1.249477E-11	4.140804E-10	9.386881E-10	1.712380E-10	1.913360E-10	2.149869E-10	3.295601E-10	3.189064E-10	4.004405E-10	2.102185E-10	3.029516E-10	2.969192E-10	1.509827E-10	1.916989E-10	2.733302E-10	3.135867E-10	1.969995E-10	1.788812E-10	2.278627E-10
   0:05:23	0	2.711300E+1	3.400000E+2	1.201300E-8	1.149894E-8	2.730640E-10	3.317218E-10	3.405851E-10	4.466123E-10	3.361658E-10	7.499035E-10	-1.162221E-11	1.074595E-9	3.447665E-10	3.900373E-10	3.689301E-10	2.577106E-10	3.849985E-10	-1.123254E-11	5.208153E-10	1.227155E-9	1.847954E-10	2.051202E-10	2.378523E-10	3.687407E-10	3.540529E-10	4.712440E-10	2.382099E-10	3.597900E-10	3.322918E-10	1.649883E-10	2.130413E-10	3.000485E-10	3.545680E-10	2.291254E-10	1.939969E-10	2.668640E-10
   0:05:38	0	2.711300E+1	3.600000E+2	1.444800E-8	1.411418E-8	3.353082E-10	3.826063E-10	4.324317E-10	5.591354E-10	4.328464E-10	9.613599E-10	-7.769083E-12	1.421781E-9	3.889475E-10	4.627744E-10	4.289962E-10	3.087981E-10	4.451746E-10	-1.274781E-11	6.902614E-10	1.675550E-9	2.048774E-10	2.275270E-10	2.694735E-10	4.257262E-10	4.036492E-10	5.777009E-10	2.799129E-10	4.477862E-10	3.799606E-10	1.840811E-10	2.425913E-10	3.346191E-10	4.139895E-10	2.756977E-10	2.151337E-10	3.259980E-10
   0:05:51	0	2.711200E+1	3.620000E+2	1.468600E-8	1.443364E-8	3.403527E-10	3.879655E-10	4.434934E-10	5.717927E-10	4.462777E-10	9.882638E-10	-1.155939E-11	1.463760E-9	3.957301E-10	4.729493E-10	4.372159E-10	3.149869E-10	4.508755E-10	-1.079121E-11	7.136352E-10	1.732889E-9	2.070946E-10	2.296662E-10	2.722449E-10	4.341887E-10	4.097067E-10	5.924403E-10	2.854729E-10	4.586133E-10	3.857618E-10	1.857140E-10	2.449906E-10	3.369609E-10	4.211251E-10	2.836192E-10	2.173289E-10	3.308726E-10
   0:06:05	0	2.711100E+1	3.640000E+2	1.504400E-8	1.478057E-8	3.501907E-10	3.951532E-10	4.558834E-10	5.873613E-10	4.572386E-10	1.016299E-9	-1.105382E-11	1.508910E-9	4.037165E-10	4.840080E-10	4.453717E-10	3.206075E-10	4.573363E-10	-1.186415E-11	7.348559E-10	1.790228E-9	2.087417E-10	2.316176E-10	2.766551E-10	4.413984E-10	4.163320E-10	6.074960E-10	2.920443E-10	4.693768E-10	3.917521E-10	1.902986E-10	2.491582E-10	3.413299E-10	4.288289E-10	2.898281E-10	2.204023E-10	3.410664E-10
   0:06:19	0	2.711000E+1	3.660000E+2	1.554300E-8	1.516436E-8	3.575688E-10	4.018373E-10	4.682094E-10	6.041318E-10	4.718101E-10	1.047539E-9	-9.538093E-12	1.560464E-9	4.075831E-10	4.941828E-10	4.518846E-10	3.300801E-10	4.657610E-10	-1.217996E-11	7.591796E-10	1.860351E-9	2.122261E-10	2.346392E-10	2.825131E-10	4.486704E-10	4.240938E-10	6.218576E-10	3.001320E-10	4.836649E-10	3.990026E-10	1.922459E-10	2.545250E-10	3.455089E-10	4.379852E-10	2.962921E-10	2.232876E-10	3.488535E-10
   0:06:33	0	2.710900E+1	3.680000E+2	1.590100E-8	1.554594E-8	3.684164E-10	4.091514E-10	4.836968E-10	6.201430E-10	4.858755E-10	1.078089E-9	-1.168603E-11	1.612020E-9	4.122743E-10	5.047357E-10	4.611783E-10	3.376576E-10	4.737418E-10	-1.224272E-11	7.855944E-10	1.927373E-9	2.143173E-10	2.379121E-10	2.858514E-10	4.569459E-10	4.314761E-10	6.396221E-10	3.044291E-10	4.971978E-10	4.062541E-10	1.949457E-10	2.579978E-10	3.496879E-10	4.448048E-10	3.045926E-10	2.267373E-10	3.571473E-10
   0:06:46	0	2.710800E+1	3.700000E+2	1.622600E-8	1.596965E-8	3.766138E-10	4.176003E-10	4.962753E-10	6.384960E-10	5.020943E-10	1.113226E-9	-1.174886E-11	1.668837E-9	4.187397E-10	5.160479E-10	4.712316E-10	3.444774E-10	4.822295E-10	-1.135906E-11	8.139720E-10	2.004712E-9	2.171676E-10	2.413738E-10	2.911426E-10	4.655965E-10	4.395528E-10	6.572593E-10	3.117587E-10	5.112971E-10	4.135683E-10	1.977099E-10	2.624176E-10	3.550064E-10	4.541504E-10	3.111186E-10	2.325070E-10	3.665815E-10
   0:07:00	0	2.710700E+1	3.720000E+2	1.663600E-8	1.639760E-8	3.856325E-10	4.263021E-10	5.142276E-10	6.565963E-10	5.174259E-10	1.150125E-9	-1.212779E-11	1.725338E-9	4.255222E-10	5.273600E-10	4.803366E-10	3.534446E-10	4.926182E-10	-9.339696E-12	8.431107E-10	2.080721E-9	2.205249E-10	2.433878E-10	2.957408E-10	4.751259E-10	4.459260E-10	6.737639E-10	3.187720E-10	5.271592E-10	4.203151E-10	2.004731E-10	2.674694E-10	3.601349E-10	4.616020E-10	3.207506E-10	2.323822E-10	3.767744E-10
   0:07:14	0	2.710500E+1	3.740000E+2	1.717200E-8	1.686632E-8	3.963527E-10	4.342463E-10	5.313585E-10	6.761512E-10	5.365602E-10	1.187399E-9	-1.168603E-11	1.789448E-9	4.334456E-10	5.406305E-10	4.905795E-10	3.655062E-10	5.006630E-10	-1.337843E-11	8.731994E-10	2.162807E-9	2.236292E-10	2.473523E-10	3.012209E-10	4.857202E-10	4.553913E-10	6.934795E-10	3.270492E-10	5.425811E-10	4.292688E-10	2.038640E-10	2.704996E-10	3.646928E-10	4.737260E-10	3.301915E-10	2.365844E-10	3.877908E-10
   0:07:27	0	2.710300E+1	3.760000E+2	1.763200E-8	1.735424E-8	4.080833E-10	4.430735E-10	5.481092E-10	6.974156E-10	5.526519E-10	1.225052E-9	-1.111764E-11	1.856286E-9	4.413690E-10	5.563032E-10	5.019603E-10	3.733997E-10	5.118746E-10	-1.306262E-11	9.060750E-10	2.253182E-9	2.269236E-10	2.510028E-10	3.066385E-10	4.958128E-10	4.645407E-10	7.141418E-10	3.348206E-10	5.595124E-10	4.326103E-10	2.081352E-10	2.782029E-10	3.712776E-10	4.838931E-10	3.379218E-10	2.396578E-10	3.984914E-10
   0:07:41	0	2.710200E+1	3.780000E+2	1.811600E-8	1.789344E-8	4.206960E-10	4.527208E-10	5.676421E-10	7.209588E-10	5.733065E-10	1.270122E-9	-9.917024E-12	1.928513E-9	4.506243E-10	5.688155E-10	5.139101E-10	3.828085E-10	5.245433E-10	-1.249477E-11	9.429406E-10	2.348684E-9	2.314220E-10	2.552832E-10	3.140707E-10	5.058439E-10	4.737529E-10	7.371331E-10	3.386749E-10	5.779550E-10	4.447801E-10	2.115895E-10	2.833812E-10	3.774197E-10	4.956382E-10	3.478699E-10	2.444868E-10	4.102674E-10
   0:07:55	0	2.709900E+1	3.800000E+2	1.879400E-8	1.846562E-8	4.354521E-10	4.632511E-10	5.878695E-10	7.438047E-10	5.952273E-10	1.319528E-9	-1.136993E-11	2.006194E-9	4.566453E-10	5.833500E-10	5.247220E-10	3.949967E-10	5.362619E-10	-1.318915E-11	9.801242E-10	2.454248E-9	2.334492E-10	2.591851E-10	3.209371E-10	5.169400E-10	4.822081E-10	7.604405E-10	3.530816E-10	5.975941E-10	4.554986E-10	2.159857E-10	2.888108E-10	3.841305E-10	5.085198E-10	3.598456E-10	2.483128E-10	4.235627E-10
   0:08:09	0	2.709800E+1	3.820000E+2	1.931400E-8	1.906022E-8	4.480021E-10	4.741586E-10	6.084133E-10	7.681702E-10	6.163879E-10	1.366861E-9	-1.263336E-11	2.085460E-9	4.666611E-10	6.015507E-10	5.381889E-10	4.067423E-10	5.507665E-10	-1.148558E-11	1.019904E-9	2.559812E-9	2.383267E-10	2.632768E-10	3.279287E-10	5.311079E-10	4.937553E-10	7.866458E-10	3.621807E-10	6.167920E-10	4.668482E-10	2.198168E-10	2.964512E-10	3.893231E-10	5.205181E-10	3.688433E-10	2.538953E-10	4.375546E-10
   0:08:22	0	2.709600E+1	3.840000E+2	1.996700E-8	1.971079E-8	4.624437E-10	4.853826E-10	6.343307E-10	7.959525E-10	6.414132E-10	1.422429E-9	-1.313894E-11	2.176269E-9	4.759154E-10	6.182969E-10	5.526050E-10	4.191199E-10	5.630551E-10	-1.274781E-11	1.064118E-9	2.677402E-9	2.435222E-10	2.669273E-10	3.344799E-10	5.432688E-10	5.055554E-10	8.127874E-10	3.739959E-10	6.382564E-10	4.752981E-10	2.232711E-10	3.032703E-10	3.977431E-10	5.363673E-10	3.833538E-10	2.567806E-10	4.530667E-10
   0:08:36	0	2.709400E+1	3.860000E+2	2.062300E-8	2.038955E-8	4.771371E-10	4.969840E-10	6.558854E-10	8.258239E-10	6.661224E-10	1.477806E-9	-1.193832E-11	2.270564E-9	4.858671E-10	6.364967E-10	5.661359E-10	4.327596E-10	5.782577E-10	-1.293710E-11	1.110993E-9	2.804231E-9	2.473226E-10	2.713329E-10	3.426062E-10	5.563086E-10	5.180489E-10	8.394332E-10	3.854959E-10	6.650708E-10	4.882234E-10	2.282324E-10	3.111001E-10	4.028716E-10	5.499437E-10	3.952034E-10	2.614848E-10	4.666789E-10
   0:08:50	0	2.709100E+1	3.880000E+2	2.135600E-8	2.114318E-8	4.935966E-10	5.114231E-10	6.842676E-10	8.585427E-10	6.955825E-10	1.542111E-9	-1.288565E-11	2.371961E-9	4.984186E-10	6.581093E-10	5.842182E-10	4.476633E-10	5.930802E-10	-1.299986E-11	1.160275E-9	2.937452E-9	2.525181E-10	2.763675E-10	3.512983E-10	5.731100E-10	5.306061E-10	8.745823E-10	3.963007E-10	6.890522E-10	4.979973E-10	2.313100E-10	3.189928E-10	4.131927E-10	5.656674E-10	4.100310E-10	2.677564E-10	4.835833E-10
   0:09:03	0	2.708800E+1	3.900000E+2	2.215600E-8	2.192602E-8	5.138402E-10	5.245384E-10	7.118915E-10	8.913884E-10	7.242824E-10	1.604844E-9	-1.054924E-11	2.476529E-9	5.119828E-10	6.785218E-10	5.997093E-10	4.621245E-10	6.095497E-10	-1.129630E-11	1.214244E-9	3.079091E-9	2.579026E-10	2.838572E-10	3.606845E-10	5.889079E-10	5.442989E-10	9.065195E-10	4.096960E-10	7.132861E-10	5.133185E-10	2.387837E-10	3.257490E-10	4.209171E-10	5.821486E-10	4.240973E-10	2.726488E-10	5.025137E-10
   0:09:17	0	2.708500E+1	3.920000E+2	2.322500E-8	2.280037E-8	5.324442E-10	5.394186E-10	7.434969E-10	9.275889E-10	7.577342E-10	1.676126E-9	-1.042260E-11	2.599043E-9	5.223158E-10	7.024719E-10	6.171598E-10	4.799951E-10	6.276022E-10	-1.249477E-11	1.272014E-9	3.242247E-9	2.630972E-10	2.883265E-10	3.692513E-10	6.067109E-10	5.588743E-10	9.413534E-10	4.253027E-10	7.506116E-10	5.268758E-10	2.451896E-10	3.374933E-10	4.291472E-10	6.009038E-10	4.406984E-10	2.789838E-10	5.208115E-10
   0:09:31	0	2.708300E+1	3.940000E+2	2.421000E-8	2.372553E-8	5.547048E-10	5.563801E-10	7.768727E-10	9.680285E-10	7.920101E-10	1.754385E-9	-1.168603E-11	2.724728E-9	5.352466E-10	7.266754E-10	6.360646E-10	4.989403E-10	6.485685E-10	-1.123254E-11	1.335801E-9	3.408948E-9	2.698758E-10	2.954387E-10	3.798965E-10	6.263328E-10	5.745236E-10	9.821728E-10	4.407837E-10	7.787486E-10	5.416934E-10	2.515331E-10	3.463967E-10	4.385817E-10	6.196579E-10	4.578707E-10	2.858832E-10	5.417049E-10
   0:09:45	0	2.708000E+1	3.960000E+2	2.511100E-8	2.475648E-8	5.781014E-10	5.737825E-10	8.109440E-10	1.011759E-9	8.319879E-10	1.843581E-9	-1.269618E-11	2.866011E-9	5.486847E-10	7.530917E-10	6.573720E-10	5.194636E-10	6.689649E-10	-1.249477E-11	1.407191E-9	3.602103E-9	2.765915E-10	3.012284E-10	3.909831E-10	6.457044E-10	5.938316E-10	1.024693E-9	4.573380E-10	8.161367E-10	5.585286E-10	2.587560E-10	3.571940E-10	4.483950E-10	6.418223E-10	4.773237E-10	2.948520E-10	5.652570E-10
   0:09:58	0	2.707800E+1	3.980000E+2	2.611500E-8	2.583453E-8	6.018762E-10	5.899875E-10	8.524745E-10	1.058718E-9	8.713317E-10	1.925297E-9	-1.162221E-11	3.016934E-9	5.633276E-10	7.831083E-10	6.792492E-10	5.401136E-10	6.916413E-10	-1.091773E-11	1.480797E-9	3.803802E-9	2.818490E-10	3.072079E-10	4.057859E-10	6.677708E-10	6.115627E-10	1.071055E-9	4.745875E-10	8.528969E-10	5.757421E-10	2.666689E-10	3.681169E-10	4.600455E-10	6.651232E-10	4.990574E-10	3.015633E-10	5.893788E-10
   0:10:12	0	2.707500E+1	4.000000E+2	2.730100E-8	2.706676E-8	6.305074E-10	6.109844E-10	8.965957E-10	1.110803E-9	9.170105E-10	2.033792E-9	-1.212779E-11	3.183393E-9	5.810126E-10	8.159703E-10	7.042237E-10	5.673939E-10	7.178655E-10	-1.274781E-11	1.565171E-9	4.031639E-9	2.906549E-10	3.171529E-10	4.195176E-10	6.919689E-10	6.299254E-10	1.123653E-9	4.961971E-10	8.983427E-10	5.950996E-10	2.728864E-10	3.807453E-10	4.693521E-10	6.905085E-10	5.211712E-10	3.089647E-10	6.191357E-10
   0:10:26	0	2.707300E+1	4.020000E+2	2.856800E-8	2.836660E-8	6.618495E-10	6.322330E-10	9.433732E-10	1.166558E-9	9.654779E-10	2.140025E-9	-1.193832E-11	3.363295E-9	5.983173E-10	8.527489E-10	7.322336E-10	5.913267E-10	7.452936E-10	-1.312638E-11	1.653979E-9	4.273401E-9	2.984477E-10	3.262155E-10	4.320521E-10	7.181107E-10	6.528932E-10	1.179527E-9	5.187543E-10	9.434736E-10	6.146463E-10	2.819931E-10	3.955846E-10	4.831555E-10	7.164620E-10	5.451865E-10	3.180592E-10	6.469936E-10
   0:10:39	0	2.707000E+1	4.040000E+2	3.012000E-8	2.987213E-8	6.951469E-10	6.562558E-10	9.976719E-10	1.229908E-9	1.021104E-9	2.269702E-9	-1.111764E-11	3.574016E-9	6.198689E-10	8.888331E-10	7.604960E-10	6.209438E-10	7.786116E-10	-1.325191E-11	1.758561E-9	4.557754E-9	3.080136E-10	3.352165E-10	4.483674E-10	7.457568E-10	6.782596E-10	1.241070E-9	5.404277E-10	9.967248E-10	6.403088E-10	2.913517E-10	4.110539E-10	4.973378E-10	7.487297E-10	5.742705E-10	3.280320E-10	6.827026E-10
   0:10:53	0	2.706800E+1	4.060000E+2	3.173600E-8	3.151157E-8	7.333633E-10	6.834321E-10	1.053108E-9	1.299839E-9	1.082813E-9	2.408242E-9	-1.257054E-11	3.799576E-9	6.425623E-10	9.305420E-10	7.924255E-10	6.544758E-10	8.126266E-10	-1.350495E-11	1.873086E-9	4.864638E-9	3.170095E-10	3.463568E-10	4.690908E-10	7.784185E-10	7.025533E-10	1.315149E-9	5.690506E-10	1.054507E-9	6.648365E-10	3.025940E-10	4.276605E-10	5.116470E-10	7.818817E-10	6.067134E-10	3.385693E-10	7.208792E-10
   0:11:07	0	2.706500E+1	4.080000E+2	3.364800E-8	3.329643E-8	7.725892E-10	7.106710E-10	1.119544E-9	1.380276E-9	1.151934E-9	2.555771E-9	-1.212779E-11	4.043779E-9	6.637336E-10	9.774326E-10	8.297300E-10	6.881972E-10	8.498725E-10	-1.268405E-11	1.995594E-9	5.200381E-9	3.267655E-10	3.578111E-10	4.885554E-10	8.137760E-10	7.325886E-10	1.389038E-9	6.007697E-10	1.119592E-9	6.935259E-10	3.127050E-10	4.465398E-10	5.271586E-10	8.192643E-10	6.397266E-10	3.500471E-10	7.638695E-10
   0:11:21	0	2.706200E+1	4.100000E+2	3.576100E-8	3.534430E-8	8.212738E-10	7.394857E-10	1.191416E-9	1.465459E-9	1.227454E-9	2.722912E-9	-1.332840E-11	4.329265E-9	6.898493E-10	1.032539E-9	8.689301E-10	7.293705E-10	8.938962E-10	-1.375700E-11	2.141541E-9	5.588590E-9	3.395618E-10	3.708402E-10	5.109793E-10	8.515147E-10	7.648951E-10	1.477732E-9	6.332469E-10	1.192985E-9	7.270072E-10	3.263963E-10	4.698389E-10	5.454569E-10	8.605627E-10	6.832580E-10	3.644103E-10	8.107208E-10
   0:11:34	0	2.705800E+1	4.110000E+2	3.682600E-8	3.644187E-8	8.459945E-10	7.591586E-10	1.232251E-9	1.515962E-9	1.267368E-9	2.817703E-9	-1.181168E-11	4.480315E-9	7.030342E-10	1.059965E-9	8.903013E-10	7.520412E-10	9.145456E-10	-1.255853E-11	2.215274E-9	5.800795E-9	3.454533E-10	3.750570E-10	5.225701E-10	8.715750E-10	7.825635E-10	1.524094E-9	6.518869E-10	1.235409E-9	7.410683E-10	3.344986E-10	4.810150E-10	5.526115E-10	8.825377E-10	7.022668E-10	3.727514E-10	8.361719E-10
   0:11:48	0	2.705500E+1	4.120000E+2	3.795000E-8	3.757366E-8	8.705897E-10	7.774440E-10	1.273085E-9	1.567351E-9	1.310513E-9	2.907654E-9	-1.212779E-11	4.644237E-9	7.178663E-10	1.089287E-9	9.123043E-10	7.738276E-10	9.374119E-10	-1.243201E-11	2.293631E-9	6.010658E-9	3.529291E-10	3.834907E-10	5.339709E-10	8.938928E-10	8.000416E-10	1.574173E-9	6.707793E-10	1.275883E-9	7.607414E-10	3.393341E-10	4.926965E-10	5.639451E-10	9.072282E-10	7.243176E-10	3.787735E-10	8.601678E-10
   0:12:02	0	2.705200E+1	4.130000E+2	3.921000E-8	3.882478E-8	9.006077E-10	7.971797E-10	1.318219E-9	1.620448E-9	1.358537E-9	3.011497E-9	-1.282283E-11	4.814628E-9	7.335239E-10	1.120316E-9	9.353184E-10	7.995289E-10	9.618631E-10	-1.060192E-11	2.381742E-9	6.247419E-9	3.600248E-10	3.904141E-10	5.489000E-10	9.177149E-10	8.183406E-10	1.627842E-9	6.926412E-10	1.319315E-9	7.785222E-10	3.492577E-10	5.063984E-10	5.755316E-10	9.340022E-10	7.490302E-10	3.874284E-10	8.920146E-10
   0:12:15	0	2.704900E+1	4.140000E+2	4.058400E-8	4.023281E-8	9.339050E-10	8.167889E-10	1.367144E-9	1.681266E-9	1.410362E-9	3.133631E-9	-6.821756E-12	5.010257E-9	7.500041E-10	1.155641E-9	9.623172E-10	8.264304E-10	9.913803E-10	-1.211620E-11	2.481320E-9	6.512408E-9	3.695907E-10	3.987226E-10	5.643958E-10	9.455490E-10	8.401738E-10	1.685732E-9	7.181689E-10	1.372692E-9	8.009695E-10	3.569823E-10	5.193418E-10	5.862945E-10	9.623552E-10	7.760865E-10	3.962725E-10	9.255697E-10
   0:12:29	0	2.704500E+1	4.150000E+2	4.203500E-8	4.163472E-8	9.642386E-10	8.357681E-10	1.418030E-9	1.745755E-9	1.466115E-9	3.241685E-9	-1.181168E-11	5.207915E-9	7.700346E-10	1.192105E-9	9.907692E-10	8.529531E-10	1.021151E-9	-1.135906E-11	2.580010E-9	6.784103E-9	3.771925E-10	4.069675E-10	5.795138E-10	9.688070E-10	8.615009E-10	1.747023E-9	7.404727E-10	1.428586E-9	8.236687E-10	3.665917E-10	5.354431E-10	5.973113E-10	9.872979E-10	8.035859E-10	4.044888E-10	9.588088E-10
   0:12:43	0	2.704300E+1	4.160000E+2	4.354600E-8	4.317215E-8	9.969048E-10	8.599800E-10	1.471824E-9	1.812016E-9	1.520094E-9	3.376894E-9	-1.206496E-11	5.422949E-9	7.851849E-10	1.230590E-9	1.018400E-9	8.840228E-10	1.053076E-9	-1.186415E-11	2.690418E-9	7.074026E-9	3.865054E-10	4.179190E-10	5.984732E-10	9.998387E-10	8.854788E-10	1.813039E-9	7.665690E-10	1.480767E-9	8.461159E-10	3.762635E-10	5.508496E-10	6.093416E-10	1.020260E-9	8.347615E-10	4.167191E-10	9.967966E-10
   0:12:57	0	2.704000E+1	4.170000E+2	4.511400E-8	4.477642E-8	1.034239E-9	8.844448E-10	1.527829E-9	1.886314E-9	1.584083E-9	3.508520E-9	-1.225443E-11	5.645972E-9	8.062291E-10	1.270529E-9	1.046472E-9	9.142071E-10	1.086901E-9	-1.167487E-11	2.802854E-9	7.380466E-9	3.943612E-10	4.270453E-10	6.173709E-10	1.028927E-9	9.107825E-10	1.884094E-9	7.941176E-10	1.539054E-9	8.719675E-10	3.868148E-10	5.660677E-10	6.216247E-10	1.054043E-9	8.654930E-10	4.256889E-10	1.033835E-9
   0:13:10	0	2.703700E+1	4.180000E+2	4.713000E-8	4.668245E-8	1.076933E-9	9.084049E-10	1.597425E-9	1.972509E-9	1.651051E-9	3.663843E-9	-1.231725E-11	5.919726E-9	8.260065E-10	1.318305E-9	1.084535E-9	9.538023E-10	1.127504E-9	-1.104326E-11	2.936511E-9	7.744056E-9	4.070315E-10	4.378706E-10	6.360787E-10	1.067669E-9	9.398715E-10	1.965542E-9	8.263424E-10	1.609551E-9	8.988284E-10	3.983704E-10	5.868409E-10	6.381499E-10	1.091806E-9	9.056663E-10	4.362252E-10	1.079357E-9
   0:13:24	0	2.703400E+1	4.190000E+2	4.899300E-8	4.859526E-8	1.117987E-9	9.398056E-10	1.662596E-9	2.056681E-9	1.720869E-9	3.827465E-9	-1.238107E-11	6.177309E-9	8.503470E-10	1.367091E-9	1.117729E-9	9.898605E-10	1.167791E-9	-1.205344E-11	3.068836E-9	8.116442E-9	4.176745E-10	4.495146E-10	6.586299E-10	1.099703E-9	9.678240E-10	2.055306E-9	8.580615E-10	1.682882E-9	9.275179E-10	4.091101E-10	6.068566E-10	6.530918E-10	1.133419E-9	9.437480E-10	4.485189E-10	1.127032E-9
   0:13:38	0	2.703100E+1	4.200000E+2	5.103500E-8	5.066631E-8	1.167302E-9	9.642704E-10	1.735038E-9	2.151106E-9	1.798733E-9	3.995800E-9	-1.231725E-11	6.471357E-9	8.726601E-10	1.419479E-9	1.159586E-9	1.031917E-9	1.209407E-9	-1.344119E-11	3.216112E-9	8.507565E-9	4.305978E-10	4.623539E-10	6.819994E-10	1.141769E-9	9.960932E-10	2.144253E-9	8.947721E-10	1.757911E-9	9.611883E-10	4.221113E-10	6.290831E-10	6.699338E-10	1.175411E-9	9.867722E-10	4.606869E-10	1.176796E-9
   0:13:51	0	2.702800E+1	4.210000E+2	5.361200E-8	5.310237E-8	1.221032E-9	9.968685E-10	1.822965E-9	2.266920E-9	1.891739E-9	4.196446E-9	-1.225443E-11	6.809347E-9	9.022622E-10	1.478946E-9	1.202517E-9	1.080858E-9	1.257104E-9	-1.217996E-11	3.392462E-9	8.967733E-9	4.439011E-10	4.738091E-10	7.092114E-10	1.186779E-9	1.033132E-9	2.251151E-9	9.357169E-10	1.852894E-9	9.991469E-10	4.383774E-10	6.553497E-10	6.873455E-10	1.224476E-9	1.034169E-9	4.754887E-10	1.238652E-9
   0:14:05	0	2.702500E+1	4.220000E+2	5.608200E-8	5.560080E-8	1.273753E-9	1.034638E-9	1.905835E-9	2.387037E-9	1.983795E-9	4.400675E-9	-1.219161E-11	7.158878E-9	9.278705E-10	1.542899E-9	1.247408E-9	1.128346E-9	1.309869E-9	-1.255853E-11	3.565138E-9	9.447519E-9	4.575855E-10	4.900476E-10	7.369902E-10	1.235803E-9	1.071687E-9	2.364284E-9	9.809580E-10	1.942905E-9	1.035529E-9	4.543927E-10	6.822483E-10	7.058327E-10	1.275562E-9	1.087205E-9	4.909183E-10	1.299939E-9
   0:14:19	0	2.702100E+1	4.230000E+2	5.872600E-8	5.838500E-8	1.334294E-9	1.074045E-9	2.002802E-9	2.522470E-9	2.084910E-9	4.642743E-9	-1.206496E-11	7.542463E-9	9.595640E-10	1.606599E-9	1.299570E-9	1.179875E-9	1.367448E-9	-1.230549E-11	3.762329E-9	9.983189E-9	4.730430E-10	5.054047E-10	7.656510E-10	1.284951E-9	1.111881E-9	2.484662E-9	1.028789E-9	2.048274E-9	1.080107E-9	4.709731E-10	7.126196E-10	7.243839E-10	1.334289E-9	1.146830E-9	5.091708E-10	1.366038E-9
   0:14:33	0	2.701800E+1	4.240000E+2	6.181800E-8	6.138944E-8	1.405366E-9	1.106265E-9	2.110328E-9	2.665498E-9	2.193758E-9	4.878463E-9	-1.181168E-11	7.957818E-9	9.917018E-10	1.685340E-9	1.353123E-9	1.240372E-9	1.428573E-9	-1.224272E-11	3.977761E-9	1.055797E-8	4.904648E-10	5.217057E-10	7.980905E-10	1.341561E-9	1.158259E-9	2.620978E-9	1.080917E-9	2.164282E-9	1.124434E-9	4.917613E-10	7.445700E-10	7.508503E-10	1.393584E-9	1.206647E-9	5.271708E-10	1.445874E-9
   0:14:46	0	2.701500E+1	4.250000E+2	6.538200E-8	6.506832E-8	1.481547E-9	1.158411E-9	2.231442E-9	2.859027E-9	2.328895E-9	5.185151E-9	-1.155939E-11	8.468294E-9	1.032270E-9	1.771032E-9	1.418880E-9	1.312362E-9	1.504269E-9	-1.085397E-11	4.232343E-9	1.125401E-8	5.109268E-10	5.445536E-10	8.409246E-10	1.411711E-9	1.217258E-9	2.786332E-9	1.143218E-9	2.302760E-9	1.180552E-9	5.107282E-10	7.811285E-10	7.763662E-10	1.475926E-9	1.285535E-9	5.521346E-10	1.532740E-9
   0:15:00	0	2.701200E+1	4.260000E+2	6.917900E-8	6.883683E-8	1.564097E-9	1.205637E-9	2.359887E-9	3.069075E-9	2.468595E-9	5.490267E-9	-1.149657E-11	8.973632E-9	1.073092E-9	1.863296E-9	1.486027E-9	1.388456E-9	1.581104E-9	-1.161111E-11	4.503076E-9	1.197284E-8	5.300587E-10	5.665818E-10	8.847024E-10	1.482299E-9	1.272155E-9	2.956914E-9	1.208679E-9	2.436139E-9	1.239066E-9	5.381742E-10	8.219184E-10	8.018821E-10	1.550755E-9	1.363220E-9	5.744635E-10	1.633850E-9
   0:15:14	0	2.700900E+1	4.270000E+2	7.333600E-8	7.322683E-8	1.652007E-9	1.261187E-9	2.502872E-9	3.350319E-9	2.622740E-9	5.836996E-9	-8.527943E-12	9.587850E-9	1.117337E-9	1.965292E-9	1.560383E-9	1.464993E-9	1.668517E-9	-1.306262E-11	4.800604E-9	1.279806E-8	5.566033E-10	5.882960E-10	9.320084E-10	1.565865E-9	1.337589E-9	3.159622E-9	1.284818E-9	2.612194E-9	1.309812E-9	5.641122E-10	8.711063E-10	8.323996E-10	1.645601E-9	1.457380E-9	5.989867E-10	1.742875E-9
   0:15:27	0	2.700700E+1	4.280000E+2	7.830500E-8	7.809584E-8	1.763062E-9	1.318880E-9	2.666592E-9	3.662448E-9	2.796841E-9	6.211067E-9	-1.162221E-11	1.024151E-8	1.167477E-9	2.076515E-9	1.646245E-9	1.563253E-9	1.764925E-9	-1.199068E-11	5.152924E-9	1.372023E-8	5.814998E-10	6.139756E-10	9.871254E-10	1.653379E-9	1.405043E-9	3.376127E-9	1.371698E-9	2.800461E-9	1.383332E-9	5.960803E-10	9.259131E-10	8.675389E-10	1.748089E-9	1.559523E-9	6.295319E-10	1.868172E-9
   0:15:41	0	2.700400E+1	4.290000E+2	8.470700E-8	8.424643E-8	1.883828E-9	1.394481E-9	2.866277E-9	4.178422E-9	3.012631E-9	6.694703E-9	-1.155939E-11	1.106353E-8	1.229090E-9	2.224519E-9	1.747788E-9	1.673448E-9	1.879512E-9	-1.293710E-11	5.570554E-9	1.484182E-8	6.147591E-10	6.501656E-10	1.050936E-9	1.764905E-9	1.491742E-9	3.663496E-9	1.476270E-9	3.017997E-9	1.481191E-9	6.352078E-10	9.956221E-10	9.078708E-10	1.875960E-9	1.695756E-9	6.655339E-10	2.022907E-9
   0:15:55	0	2.700200E+1	4.300000E+2	9.172000E-8	9.136545E-8	2.020234E-9	1.469956E-9	3.077658E-9	4.966909E-9	3.247174E-9	7.230259E-9	-1.200214E-11	1.197681E-8	1.295900E-9	2.379662E-9	1.864758E-9	1.810607E-9	2.020006E-9	-1.173763E-11	6.031826E-9	1.609499E-8	6.526439E-10	6.881818E-10	1.125957E-9	1.896991E-9	1.597434E-9	3.974047E-9	1.597840E-9	3.287651E-9	1.590463E-9	6.793592E-10	1.070508E-9	9.550404E-10	2.029596E-9	1.844346E-9	7.054876E-10	2.206897E-9
   0:16:09	0	2.699900E+1	4.310000E+2	1.004800E-7	1.001209E-7	2.175624E-9	1.559428E-9	3.320265E-9	6.464457E-9	3.514978E-9	7.832948E-9	-1.301229E-11	1.301608E-8	1.374691E-9	2.556481E-9	1.993741E-9	1.952693E-9	2.177480E-9	-1.337843E-11	6.570380E-9	1.755726E-8	6.986364E-10	7.309176E-10	1.215530E-9	2.045880E-9	1.704515E-9	4.343750E-9	1.739881E-9	3.589532E-9	1.724577E-9	7.267774E-10	1.159159E-9	1.010124E-9	2.200157E-9	2.022399E-9	7.530932E-10	2.415830E-9
   0:16:22	0	2.699700E+1	4.320000E+2	1.190100E-7	1.180976E-7	2.374148E-9	1.662520E-9	3.634617E-9	1.515381E-8	3.843858E-9	8.567642E-9	-1.193832E-11	1.433254E-8	1.466603E-9	2.785941E-9	2.161990E-9	2.142584E-9	2.371562E-9	-1.211620E-11	7.256207E-9	1.942495E-8	7.513447E-10	7.868703E-10	1.333952E-9	2.238214E-9	1.857973E-9	4.824568E-9	1.924257E-9	3.988474E-9	1.895200E-9	7.983748E-10	1.275783E-9	1.080340E-9	2.423949E-9	2.252350E-9	8.152492E-10	2.695735E-9
   0:16:36	0	2.699500E+1	4.330000E+2	3.084400E-7	3.118366E-7	2.589950E-9	1.814162E-9	3.964835E-9	1.983963E-7	4.228746E-9	9.415166E-9	-1.181168E-11	1.575121E-8	1.569292E-9	3.040110E-9	2.336118E-9	2.341819E-9	2.587815E-9	-9.213174E-12	8.022038E-9	2.148005E-8	8.051300E-10	8.433904E-10	1.466295E-9	2.461389E-9	2.042351E-9	5.383058E-9	2.132645E-9	4.520419E-9	2.095839E-9	8.802091E-10	1.416841E-9	1.136880E-9	2.703688E-9	2.530393E-9	8.854976E-10	3.016035E-9
   0:16:50	0	2.699500E+1	4.340000E+2	9.399000E-7	1.069552E-6	2.817609E-9	2.406485E-9	4.351946E-9	9.428082E-7	4.689913E-9	1.046723E-8	-1.313894E-11	1.759609E-8	1.703737E-9	3.362276E-9	2.572334E-9	2.617337E-9	2.876152E-9	-1.489271E-11	8.983985E-9	2.407252E-8	8.706345E-10	9.298070E-10	1.622575E-9	2.749637E-9	2.210324E-9	6.106396E-9	2.332312E-9	4.863969E-9	2.397676E-9	9.579615E-10	1.599447E-9	1.372474E-9	3.013233E-9	2.878454E-9	9.234433E-10	3.426365E-9
   0:17:04	0	2.699600E+1	4.350000E+2	1.807500E-6	1.764869E-6	3.144214E-9	2.103767E-9	4.947023E-9	1.622310E-6	5.262903E-9	1.179412E-8	-1.225443E-11	1.985340E-8	1.846170E-9	3.717683E-9	2.862674E-9	2.888815E-9	3.202368E-9	-3.117416E-11	1.020735E-8	2.725098E-8	9.897984E-10	1.019622E-9	1.829184E-9	3.090606E-9	2.441837E-9	7.021232E-9	2.677179E-9	5.444129E-9	2.728203E-9	1.097577E-9	1.843428E-9	1.408881E-9	3.501231E-9	3.359198E-9	1.094923E-9	3.973767E-9
   0:17:18	0	2.699900E+1	4.360000E+2	2.773600E-6	2.742894E-6	3.621603E-9	1.600223E-9	5.613591E-9	2.576796E-6	6.019560E-9	1.349966E-8	-1.718153E-11	2.296216E-8	2.082796E-9	4.260149E-9	3.240708E-9	3.453051E-9	3.685485E-9	-1.501923E-11	1.188148E-8	3.172235E-8	1.153371E-9	1.152676E-9	2.149682E-9	3.653372E-9	2.910921E-9	8.426463E-9	3.239722E-9	7.098687E-9	3.261132E-9	1.347791E-9	2.202266E-9	1.554568E-9	4.227355E-9	4.091943E-9	1.251036E-9	4.766509E-9
   0:17:31	0	2.700200E+1	4.370000E+2	3.609800E-6	3.649162E-6	4.080957E-9	2.309951E-9	6.376813E-9	3.453237E-6	6.959318E-9	1.554810E-8	-7.579618E-12	2.667892E-8	2.339074E-9	4.953774E-9	3.730971E-9	3.935824E-9	4.303588E-9	-8.582558E-12	1.396968E-8	3.724639E-8	1.365154E-9	1.348984E-9	2.573545E-9	4.386781E-9	3.524314E-9	1.026325E-8	3.968632E-9	8.033601E-9	4.154789E-9	1.532248E-9	2.773574E-9	1.895708E-9	5.231514E-9	5.104508E-9	1.435938E-9	5.914878E-9
   0:17:45	0	2.700500E+1	4.380000E+2	4.586100E-6	4.542890E-6	4.740286E-9	2.506991E-9	7.520061E-9	4.301988E-6	8.240245E-9	1.860115E-8	-1.769010E-12	3.207816E-8	2.695441E-9	5.881031E-9	4.379178E-9	4.834815E-9	5.148773E-9	-4.733109E-12	1.695605E-8	4.500356E-8	1.654225E-9	1.641905E-9	3.277970E-9	5.541340E-9	4.344991E-9	1.326136E-8	4.794534E-9	1.070547E-8	5.616562E-9	2.084493E-9	3.684017E-9	2.325870E-9	6.900735E-9	6.862617E-9	1.881259E-9	7.745254E-9
   0:17:59	0	2.700900E+1	4.390000E+2	5.497400E-6	5.458007E-6	5.721300E-9	3.335255E-9	9.033228E-9	5.144190E-6	1.009530E-8	2.276938E-8	-1.004367E-11	3.989071E-8	3.248880E-9	7.229607E-9	5.445251E-9	5.980654E-9	6.449080E-9	-9.339696E-12	2.151652E-8	5.659017E-8	2.049283E-9	2.123647E-9	4.461439E-9	7.656556E-9	5.824366E-9	1.857986E-8	6.640507E-9	1.329784E-8	9.388115E-9	3.063432E-9	5.673243E-9	3.189167E-9	1.027157E-8	1.050677E-8	2.548550E-9	1.125684E-8
   0:18:13	0	2.701400E+1	4.400000E+2	6.660200E-6	6.632207E-6	7.313966E-9	4.384839E-9	1.159761E-8	6.143821E-6	1.323915E-8	3.008885E-8	-1.699207E-11	5.363422E-8	4.163249E-9	9.733447E-9	7.272707E-9	8.217897E-9	8.969182E-9	-2.126661E-11	2.982349E-8	7.773419E-8	3.266451E-9	3.238433E-9	7.564736E-9	1.297598E-8	9.292209E-9	3.171890E-8	1.047096E-8	2.075657E-8	2.772109E-8	7.098205E-9	1.281524E-8	6.083036E-9	2.147260E-8	2.261077E-8	4.365585E-9	2.080095E-8
   0:18:37	1	2.697900E+1	0.000000E+0	1.173300E-10	2.361434E-10	2.245078E-11	9.079978E-12	1.226319E-11	2.936487E-11	1.406542E-11	-2.036647E-11	-1.269618E-11	-1.838973E-11	1.261455E-11	1.270182E-11	1.251869E-11	1.389290E-11	-1.634251E-11	-1.325191E-11	1.463284E-11	-1.904989E-11	1.058005E-11	9.315021E-12	9.133632E-12	8.839626E-12	9.590750E-12	1.064539E-11	9.478125E-12	1.051212E-11	1.248432E-11	1.381719E-11	1.458612E-11	1.266299E-11	1.168233E-11	1.222976E-11	1.342253E-11	1.367508E-11
   0:18:51	1	2.697200E+1	0.000000E+0	5.350900E-10	2.863708E-10	2.339656E-11	1.097123E-11	1.346366E-11	1.715015E-11	1.254416E-11	-6.285383E-12	-1.155939E-11	-6.658144E-12	1.413558E-11	1.314477E-11	1.245581E-11	1.414512E-11	-4.370869E-12	-1.230549E-11	1.387285E-11	-6.519146E-12	1.039003E-11	9.566402E-12	8.882047E-12	9.403731E-12	9.969279E-12	9.511734E-12	1.295337E-11	1.000833E-11	1.223249E-11	1.362881E-11	1.376476E-11	1.342262E-11	1.338698E-11	1.311603E-11	1.354729E-11	1.500541E-11
   0:19:05	1	2.696700E+1	1.000000E+1	2.915700E-9	2.540778E-9	8.204575E-11	9.476841E-11	7.857260E-11	9.398016E-11	7.279551E-11	9.108248E-11	-1.307512E-11	9.651456E-11	1.023713E-10	1.004164E-10	1.030601E-10	7.678880E-11	7.601172E-11	-1.249477E-11	8.469107E-11	9.442621E-11	6.873583E-11	7.754171E-11	8.119536E-11	9.760800E-11	9.950851E-11	1.009129E-10	7.866584E-11	8.056842E-11	9.357170E-11	6.500304E-11	7.583327E-11	9.338964E-11	9.554110E-11	6.856007E-11	7.526556E-11	6.692214E-11
   0:19:19	1	2.696300E+1	2.000000E+1	3.137900E-9	2.751340E-9	8.538783E-11	1.013898E-10	8.502003E-11	1.018909E-10	7.982871E-11	1.053511E-10	-1.193832E-11	1.138261E-10	1.099775E-10	1.080632E-10	1.089402E-10	8.089407E-11	8.880634E-11	-1.337843E-11	9.108900E-11	1.096146E-10	7.336029E-11	8.402397E-11	8.572986E-11	1.051304E-10	1.055660E-10	1.086615E-10	8.125632E-11	8.629698E-11	9.905736E-11	7.096973E-11	7.936891E-11	9.991054E-11	1.029289E-10	7.261531E-11	8.003216E-11	7.166974E-11
   0:19:33	1	2.695900E+1	3.000000E+1	3.352600E-9	2.959194E-9	9.087434E-11	1.075055E-10	9.007639E-11	1.093590E-10	8.495960E-11	1.184260E-10	-1.004367E-11	1.301236E-10	1.160626E-10	1.150776E-10	1.156427E-10	8.746169E-11	9.913203E-11	-1.192692E-11	9.488996E-11	1.221463E-10	7.868182E-11	8.899695E-11	9.121003E-11	1.103340E-10	1.135161E-10	1.150865E-10	8.789160E-11	9.347233E-11	1.056151E-10	7.461241E-11	8.543142E-11	1.064954E-10	1.082333E-10	7.667056E-11	8.479876E-11	7.838134E-11
   0:19:47	1	2.695500E+1	4.000000E+1	3.617900E-9	3.174493E-9	9.762221E-11	1.139994E-10	9.551295E-11	1.169529E-10	8.907830E-11	1.304321E-10	-1.301229E-11	1.445181E-10	1.254440E-10	1.231035E-10	1.241149E-10	9.327067E-11	1.108497E-10	-1.230549E-11	1.052148E-10	1.351197E-10	8.343329E-11	9.497545E-11	9.795013E-11	1.189223E-10	1.196373E-10	1.240941E-10	9.326207E-11	9.976728E-11	1.111007E-10	7.856839E-11	8.871487E-11	1.129533E-10	1.157477E-10	8.256337E-11	8.944060E-11	8.344678E-11
   0:20:01	1	2.695200E+1	5.000000E+1	3.965200E-9	3.499931E-9	1.063881E-10	1.276821E-10	1.077761E-10	1.314455E-10	1.015594E-10	1.492267E-10	-1.282283E-11	1.677270E-10	1.364104E-10	1.347947E-10	1.353689E-10	1.035647E-10	1.272562E-10	-1.236924E-11	1.153497E-10	1.571439E-10	9.147909E-11	1.024026E-10	1.065796E-10	1.246276E-10	1.309325E-10	1.341736E-10	1.010335E-10	1.090194E-10	1.204953E-10	8.484938E-11	9.648091E-11	1.220080E-10	1.249039E-10	8.775997E-11	9.671625E-11	8.996748E-11
   0:20:15	1	2.694800E+1	6.000000E+1	4.336400E-9	3.874197E-9	1.137034E-10	1.384642E-10	1.152983E-10	1.414453E-10	1.071974E-10	1.628672E-10	-1.155939E-11	1.820583E-10	1.512435E-10	1.495187E-10	1.504169E-10	1.128469E-10	1.401778E-10	-1.205344E-11	1.281456E-10	1.711943E-10	1.014251E-10	1.163757E-10	1.207529E-10	1.457539E-10	1.474015E-10	1.508035E-10	1.130393E-10	1.212943E-10	1.363849E-10	9.357931E-11	1.080358E-10	1.360004E-10	1.398699E-10	9.561638E-11	1.080684E-10	9.883099E-11
   0:20:29	1	2.694500E+1	7.000000E+1	4.480000E-9	4.010291E-9	1.173611E-10	1.423104E-10	1.199764E-10	1.452418E-10	1.096688E-10	1.704724E-10	-1.168603E-11	1.916336E-10	1.556174E-10	1.556482E-10	1.541480E-10	1.165734E-10	1.470826E-10	-1.344119E-11	1.317556E-10	1.806877E-10	1.038963E-10	1.188299E-10	1.240911E-10	1.508318E-10	1.521331E-10	1.546460E-10	1.170202E-10	1.263293E-10	1.401684E-10	9.753629E-11	1.128344E-10	1.397356E-10	1.455531E-10	1.009390E-10	1.110794E-10	1.016166E-10
   0:20:43	1	2.694200E+1	8.000000E+1	4.605900E-9	4.127245E-9	1.186852E-10	1.477960E-10	1.228833E-10	1.487865E-10	1.120132E-10	1.773244E-10	-1.187550E-11	2.022871E-10	1.612582E-10	1.579866E-10	1.590798E-10	1.190986E-10	1.533534E-10	-1.230549E-11	1.353035E-10	1.896747E-10	1.065566E-10	1.217878E-10	1.273040E-10	1.569756E-10	1.555409E-10	1.604405E-10	1.184097E-10	1.276509E-10	1.455904E-10	9.828981E-11	1.144761E-10	1.444844E-10	1.494678E-10	1.015092E-10	1.145915E-10	1.028200E-10
   0:20:57	1	2.693900E+1	9.000000E+1	4.727500E-9	4.245226E-9	1.221537E-10	1.492463E-10	1.245907E-10	1.532164E-10	1.151178E-10	1.866900E-10	-1.187550E-11	2.100234E-10	1.647446E-10	1.627892E-10	1.628727E-10	1.224462E-10	1.582303E-10	-1.129630E-11	1.432214E-10	1.993570E-10	1.073807E-10	1.248094E-10	1.298239E-10	1.595457E-10	1.610306E-10	1.645982E-10	1.203688E-10	1.326868E-10	1.486801E-10	1.004879E-10	1.171285E-10	1.475239E-10	1.520567E-10	1.042340E-10	1.166609E-10	1.066820E-10
   0:21:11	1	2.693500E+1	1.000000E+2	4.857900E-9	4.365484E-9	1.256849E-10	1.546692E-10	1.278778E-10	1.580889E-10	1.166380E-10	1.942336E-10	-1.181168E-11	2.190280E-10	1.685482E-10	1.675928E-10	1.678684E-10	1.239615E-10	1.650080E-10	-1.249477E-11	1.436644E-10	2.077744E-10	1.106110E-10	1.273897E-10	1.322801E-10	1.638706E-10	1.650061E-10	1.690712E-10	1.240336E-10	1.361488E-10	1.540393E-10	1.023092E-10	1.197172E-10	1.524616E-10	1.564778E-10	1.074660E-10	1.179788E-10	1.102912E-10
   0:21:25	1	2.693200E+1	1.200000E+2	5.035900E-9	4.629889E-9	1.307304E-10	1.633709E-10	1.348312E-10	1.677720E-10	1.241773E-10	2.110793E-10	-1.200214E-11	2.408424E-10	1.775493E-10	1.763131E-10	1.770992E-10	1.312867E-10	1.780567E-10	-1.217996E-11	1.517723E-10	2.287226E-10	1.173267E-10	1.337468E-10	1.350515E-10	1.734000E-10	1.749126E-10	1.788345E-10	1.283297E-10	1.438280E-10	1.621110E-10	1.070197E-10	1.252734E-10	1.596162E-10	1.647499E-10	1.141191E-10	1.231841E-10	1.189648E-10
   0:21:39	1	2.692900E+1	1.400000E+2	5.381800E-9	4.965747E-9	1.393071E-10	1.739629E-10	1.445018E-10	1.778347E-10	1.329838E-10	2.296854E-10	-1.193832E-11	2.640513E-10	1.908603E-10	1.894578E-10	1.898076E-10	1.389280E-10	1.932592E-10	-1.255853E-11	1.646952E-10	2.520127E-10	1.240413E-10	1.423067E-10	1.468939E-10	1.844337E-10	1.863333E-10	1.923150E-10	1.373660E-10	1.533325E-10	1.720730E-10	1.119811E-10	1.319031E-10	1.706329E-10	1.775686E-10	1.212162E-10	1.322786E-10	1.242201E-10
   0:21:53	1	2.692600E+1	1.600000E+2	5.819900E-9	5.397581E-9	1.494598E-10	1.872046E-10	1.568917E-10	1.932764E-10	1.433106E-10	2.540122E-10	-1.124328E-11	2.945531E-10	2.052500E-10	2.029179E-10	2.045401E-10	1.506098E-10	2.101087E-10	-1.274781E-11	1.799610E-10	2.825812E-10	1.343674E-10	1.538871E-10	1.591141E-10	1.984126E-10	1.996476E-10	2.072444E-10	1.477279E-10	1.668654E-10	1.853776E-10	1.237885E-10	1.433951E-10	1.834229E-10	1.915866E-10	1.317345E-10	1.438199E-10	1.365029E-10
   0:22:08	1	2.692300E+1	1.800000E+2	6.358700E-9	5.938824E-9	1.652891E-10	2.044807E-10	1.736425E-10	2.128953E-10	1.601635E-10	2.817328E-10	-1.244390E-11	3.303174E-10	2.227449E-10	2.202966E-10	2.214846E-10	1.643771E-10	2.301251E-10	-1.419933E-11	2.012448E-10	3.206800E-10	1.479887E-10	1.669788E-10	1.727206E-10	2.169063E-10	2.170002E-10	2.273389E-10	1.608079E-10	1.856857E-10	2.044823E-10	1.367263E-10	1.552660E-10	2.000750E-10	2.079423E-10	1.465620E-10	1.569285E-10	1.525838E-10
   0:22:22	1	2.692000E+1	2.000000E+2	7.033000E-9	6.590264E-9	1.824426E-10	2.243427E-10	1.919739E-10	2.345393E-10	1.801199E-10	3.134128E-10	-1.307512E-11	3.740724E-10	2.427755E-10	2.438047E-10	2.428558E-10	1.836374E-10	2.547024E-10	-1.318915E-11	2.245555E-10	3.653619E-10	1.647134E-10	1.815808E-10	1.943888E-10	2.386600E-10	2.384538E-10	2.505827E-10	1.785632E-10	2.074015E-10	2.242818E-10	1.523648E-10	1.741453E-10	2.190060E-10	2.266964E-10	1.622128E-10	1.729225E-10	1.719580E-10
   0:22:36	1	2.691700E+1	2.200000E+2	7.828500E-9	7.360845E-9	2.038839E-10	2.476728E-10	2.162478E-10	2.616263E-10	2.042591E-10	3.533280E-10	-1.200214E-11	4.264516E-10	2.674332E-10	2.674396E-10	2.653639E-10	2.046661E-10	2.825725E-10	-1.230549E-11	2.542632E-10	4.206752E-10	1.847954E-10	2.017847E-10	2.109556E-10	2.629205E-10	2.599075E-10	2.794958E-10	1.999822E-10	2.323905E-10	2.488095E-10	1.707666E-10	1.943504E-10	2.407227E-10	2.525233E-10	1.831233E-10	1.918017E-10	1.949404E-10
   0:22:50	1	2.691300E+1	2.400000E+2	8.818100E-9	8.321530E-9	2.308117E-10	2.751635E-10	2.448197E-10	2.969396E-10	2.350494E-10	4.011015E-10	-1.168603E-11	4.948740E-10	2.961476E-10	2.997328E-10	2.948280E-10	2.315677E-10	3.182985E-10	-1.299986E-11	2.934738E-10	4.919382E-10	2.077286E-10	2.267718E-10	2.365298E-10	2.888119E-10	2.893751E-10	3.126303E-10	2.250671E-10	2.651223E-10	2.789493E-10	1.940672E-10	2.187868E-10	2.674420E-10	2.819500E-10	2.091023E-10	2.150080E-10	2.241276E-10
   0:23:05	1	2.691000E+1	2.600000E+2	9.935000E-9	9.574028E-9	2.664426E-10	3.131219E-10	2.839473E-10	3.413036E-10	2.728099E-10	4.655936E-10	-1.225443E-11	5.792135E-10	3.343075E-10	3.394824E-10	3.362419E-10	2.683197E-10	3.570643E-10	-1.104326E-11	3.444022E-10	5.885155E-10	2.389608E-10	2.565421E-10	2.690956E-10	3.303746E-10	3.260367E-10	3.587401E-10	2.574814E-10	3.061612E-10	3.167815E-10	2.247157E-10	2.472005E-10	3.023914E-10	3.192698E-10	2.435728E-10	2.471840E-10	2.620514E-10
   0:23:19	1	2.690700E+1	2.800000E+2	1.146400E-8	1.123873E-8	3.100828E-10	3.669687E-10	3.360975E-10	4.097164E-10	3.269152E-10	5.591272E-10	-1.294947E-11	7.019172E-10	3.816575E-10	3.910489E-10	3.853066E-10	3.102506E-10	4.089417E-10	-1.211620E-11	4.132575E-10	7.164836E-10	2.783017E-10	2.955013E-10	3.104809E-10	3.786461E-10	3.753810E-10	4.159368E-10	3.003843E-10	3.602938E-10	3.650166E-10	2.640316E-10	2.936103E-10	3.489273E-10	3.701022E-10	2.898921E-10	2.870743E-10	3.124489E-10
   0:23:33	1	2.690400E+1	3.000000E+2	1.390100E-8	1.362214E-8	3.757945E-10	4.375878E-10	4.077158E-10	4.924310E-10	4.009149E-10	6.736563E-10	-1.288565E-11	8.548693E-10	4.635550E-10	4.794578E-10	4.708523E-10	3.752938E-10	4.810266E-10	-1.344119E-11	5.109344E-10	9.055248E-10	3.329741E-10	3.504475E-10	3.695656E-10	4.625880E-10	4.570319E-10	5.138266E-10	3.640131E-10	4.349459E-10	4.319165E-10	3.184199E-10	3.523316E-10	4.114825E-10	4.429735E-10	3.538267E-10	3.435240E-10	3.789902E-10
   0:23:47	1	2.690100E+1	3.200000E+2	1.724000E-8	1.687062E-8	4.635786E-10	5.234664E-10	5.122687E-10	6.045744E-10	5.046287E-10	8.312423E-10	-1.414909E-11	1.071170E-9	5.523612E-10	5.800638E-10	5.651876E-10	4.628821E-10	5.740138E-10	-1.211620E-11	6.482639E-10	1.161082E-9	4.119730E-10	4.303808E-10	4.520835E-10	5.646464E-10	5.525648E-10	6.326293E-10	4.484922E-10	5.389929E-10	5.446567E-10	4.013230E-10	4.414253E-10	5.179150E-10	5.560695E-10	4.458310E-10	4.268177E-10	4.763020E-10
   0:24:01	1	2.689800E+1	3.400000E+2	2.205200E-8	2.159237E-8	5.975884E-10	6.523469E-10	6.649882E-10	7.720306E-10	6.633980E-10	1.066083E-9	-1.124328E-11	1.392420E-9	6.852852E-10	7.282557E-10	7.052987E-10	5.949893E-10	7.146356E-10	-1.565084E-11	8.558426E-10	1.544227E-9	5.247372E-10	5.427910E-10	5.744115E-10	7.002444E-10	6.872826E-10	8.025825E-10	5.766325E-10	6.961650E-10	6.855179E-10	5.213430E-10	5.685297E-10	6.489128E-10	7.028218E-10	5.817478E-10	5.471165E-10	6.210358E-10
   0:24:16	1	2.689500E+1	3.600000E+2	2.945200E-8	2.897662E-8	8.066431E-10	8.543053E-10	9.066465E-10	1.031947E-9	9.094082E-10	1.433491E-9	-1.136993E-11	1.891289E-9	8.860982E-10	9.584108E-10	9.214093E-10	8.038235E-10	9.300011E-10	-1.230549E-11	1.179848E-9	2.148187E-9	7.052251E-10	7.241830E-10	7.647689E-10	9.174645E-10	8.933662E-10	1.068913E-9	7.792690E-10	9.432848E-10	9.048814E-10	7.101970E-10	7.659114E-10	8.520273E-10	9.288234E-10	7.970599E-10	7.357814E-10	8.476321E-10
   0:24:29	1	2.689300E+1	3.620000E+2	3.020800E-8	2.994848E-8	8.340130E-10	8.794011E-10	9.396431E-10	1.066882E-9	9.429870E-10	1.477052E-9	-1.250672E-11	1.956098E-9	9.142423E-10	9.911460E-10	9.496078E-10	8.313561E-10	9.581893E-10	-1.192692E-11	1.224063E-9	2.226602E-9	7.278413E-10	7.500514E-10	7.889569E-10	9.458004E-10	9.239065E-10	1.102362E-9	8.051119E-10	9.762680E-10	9.317424E-10	7.353190E-10	7.923683E-10	8.773533E-10	9.595131E-10	8.260178E-10	7.612462E-10	8.777688E-10
   0:24:43	1	2.689000E+1	3.640000E+2	3.118400E-8	3.093296E-8	8.613191E-10	9.061981E-10	9.723871E-10	1.099791E-9	9.774519E-10	1.527339E-9	-1.307512E-11	2.023189E-9	9.415618E-10	1.019457E-9	9.778702E-10	8.598996E-10	9.846665E-10	-1.255853E-11	1.266313E-9	2.304762E-9	7.534349E-10	7.732759E-10	8.161062E-10	9.751388E-10	9.504086E-10	1.140283E-9	8.278586E-10	1.010509E-9	9.623231E-10	7.620105E-10	8.204660E-10	9.052110E-10	9.907710E-10	8.553549E-10	7.855198E-10	9.077157E-10
   0:24:57	1	2.688700E+1	3.660000E+2	3.226900E-8	3.203147E-8	8.928503E-10	9.354547E-10	1.008923E-9	1.140230E-9	1.013185E-9	1.579638E-9	-1.105382E-11	2.095099E-9	9.696428E-10	1.053266E-9	1.009484E-9	8.895795E-10	1.015958E-9	-1.180039E-11	1.314328E-9	2.397035E-9	7.792195E-10	8.017873E-10	8.431919E-10	1.006609E-9	9.793084E-10	1.180220E-9	8.636215E-10	1.047836E-9	9.947323E-10	7.897708E-10	8.485009E-10	9.344631E-10	1.024618E-9	8.882410E-10	8.160027E-10	9.415246E-10
   0:25:10	1	2.688500E+1	3.680000E+2	3.340900E-8	3.315369E-8	9.251392E-10	9.667927E-10	1.044638E-9	1.176557E-9	1.051896E-9	1.632187E-9	-1.231725E-11	2.170119E-9	1.001718E-9	1.088150E-9	1.042426E-9	9.203331E-10	1.049530E-9	-1.154835E-11	1.364687E-9	2.487727E-9	8.043059E-10	8.275921E-10	8.738684E-10	1.040336E-9	1.011679E-9	1.220472E-9	8.938883E-10	1.084532E-9	1.028845E-9	8.194139E-10	8.795033E-10	9.661831E-10	1.059412E-9	9.214442E-10	8.442270E-10	9.799561E-10
   0:25:24	1	2.688200E+1	3.700000E+2	3.450900E-8	3.438681E-8	9.593823E-10	9.975623E-10	1.085157E-9	1.222819E-9	1.090859E-9	1.691777E-9	-1.212779E-11	2.252872E-9	1.034806E-9	1.126762E-9	1.079413E-9	9.574011E-10	1.085444E-9	-1.243201E-11	1.419035E-9	2.587912E-9	8.367422E-10	8.584961E-10	9.059937E-10	1.077073E-9	1.047898E-9	1.265826E-9	9.286398E-10	1.126705E-9	1.064659E-9	8.498749E-10	9.122740E-10	9.982208E-10	1.096541E-9	9.596529E-10	8.759010E-10	1.015664E-9
   0:25:38	1	2.688000E+1	3.720000E+2	3.593300E-8	3.565278E-8	9.950760E-10	1.033439E-9	1.127003E-9	1.265348E-9	1.136475E-9	1.753882E-9	-1.155939E-11	2.337338E-9	1.069543E-9	1.166764E-9	1.116338E-9	9.929539E-10	1.123830E-9	-1.274781E-11	1.475666E-9	2.693983E-9	8.687974E-10	8.901543E-10	9.382453E-10	1.112241E-9	1.084622E-9	1.312125E-9	9.621284E-10	1.166990E-9	1.101419E-9	8.842285E-10	9.463076E-10	1.030385E-9	1.133482E-9	9.962772E-10	9.078256E-10	1.054222E-9
   0:25:52	1	2.687700E+1	3.740000E+2	3.728200E-8	3.704743E-8	1.033986E-9	1.070830E-9	1.173021E-9	1.316167E-9	1.181521E-9	1.826483E-9	-1.206496E-11	2.431759E-9	1.108019E-9	1.207713E-9	1.157499E-9	1.031602E-9	1.162216E-9	-1.230549E-11	1.536096E-9	2.805939E-9	9.032608E-10	9.221910E-10	9.737089E-10	1.153303E-9	1.121788E-9	1.361637E-9	1.002062E-9	1.216086E-9	1.140197E-9	9.186456E-10	9.872241E-10	1.071286E-9	1.178758E-9	1.036006E-9	9.457722E-10	1.097021E-9
   0:26:05	1	2.687500E+1	3.760000E+2	3.867900E-8	3.854018E-8	1.073969E-9	1.108157E-9	1.220178E-9	1.365593E-9	1.229545E-9	1.896320E-9	-1.238107E-11	2.524280E-9	1.149093E-9	1.252267E-9	1.254616E-9	1.074606E-9	1.201933E-9	-1.154835E-11	1.600010E-9	2.924605E-9	9.384203E-10	9.593249E-10	1.011818E-9	1.193550E-9	1.163938E-9	1.413668E-9	1.041553E-9	1.261721E-9	1.185470E-9	9.590293E-10	1.024225E-9	1.110415E-9	1.222329E-9	1.080869E-9	9.819624E-10	1.140644E-9
   0:26:19	1	2.687300E+1	3.780000E+2	4.032200E-8	4.006530E-8	1.120194E-9	1.149079E-9	1.274034E-9	1.420906E-9	1.282320E-9	1.970744E-9	-8.401300E-12	2.631447E-9	1.189599E-9	1.302632E-9	1.243235E-9	1.118873E-9	1.250389E-9	-1.142183E-11	1.669056E-9	3.057446E-9	9.779512E-10	9.979701E-10	1.053707E-9	1.241445E-9	1.207919E-9	1.467275E-9	1.084330E-9	1.316797E-9	1.231373E-9	9.983452E-10	1.067667E-9	1.150746E-9	1.269121E-9	1.126047E-9	1.022417E-9	1.192054E-9
   0:26:33	1	2.687000E+1	3.800000E+2	4.193800E-8	4.176432E-8	1.167555E-9	1.195864E-9	1.327700E-9	1.479889E-9	1.340797E-9	2.051329E-9	-1.288565E-11	2.747049E-9	1.234857E-9	1.355147E-9	1.292994E-9	1.166046E-9	1.298404E-9	-1.205344E-11	1.743358E-9	3.194845E-9	1.020333E-9	1.038503E-9	1.098430E-9	1.291973E-9	1.254676E-9	1.531968E-9	1.132919E-9	1.375273E-9	1.282194E-9	1.042182E-9	1.115844E-9	1.200322E-9	1.324059E-9	1.176041E-9	1.066949E-9	1.241755E-9
   0:26:46	1	2.686800E+1	3.820000E+2	4.372200E-8	4.352520E-8	1.217816E-9	1.242838E-9	1.383769E-9	1.543175E-9	1.396297E-9	2.139270E-9	-1.130710E-11	2.865378E-9	1.281448E-9	1.409305E-9	1.342818E-9	1.215238E-9	1.349712E-9	-1.312638E-11	1.822665E-9	3.339394E-9	1.063159E-9	1.084197E-9	1.145232E-9	1.342501E-9	1.305282E-9	1.596472E-9	1.182647E-9	1.432048E-9	1.333519E-9	1.090354E-9	1.160485E-9	1.246858E-9	1.375397E-9	1.229712E-9	1.115621E-9	1.297027E-9
   0:27:00	1	2.686500E+1	3.840000E+2	4.573800E-8	4.548442E-8	1.270978E-9	1.294542E-9	1.449573E-9	1.610639E-9	1.463834E-9	2.232678E-9	-1.054924E-11	2.995120E-9	1.334947E-9	1.469783E-9	1.401050E-9	1.272262E-9	1.405010E-9	-8.961127E-12	1.908179E-9	3.498563E-9	1.110419E-9	1.132472E-9	1.195183E-9	1.397981E-9	1.360747E-9	1.667967E-9	1.237302E-9	1.499273E-9	1.389826E-9	1.140033E-9	1.218134E-9	1.301309E-9	1.434375E-9	1.288704E-9	1.164732E-9	1.358313E-9
   0:27:14	1	2.686200E+1	3.860000E+2	4.781700E-8	4.753643E-8	1.328240E-9	1.349524E-9	1.517083E-9	1.682468E-9	1.531878E-9	2.332435E-9	-1.086435E-11	3.134121E-9	1.391235E-9	1.532724E-9	1.457006E-9	1.331938E-9	1.464109E-9	-1.199068E-11	1.999648E-9	3.667290E-9	1.159959E-9	1.185027E-9	1.246332E-9	1.459103E-9	1.416085E-9	1.741291E-9	1.293348E-9	1.570148E-9	1.453952E-9	1.194735E-9	1.272373E-9	1.357405E-9	1.500806E-9	1.350104E-9	1.217042E-9	1.421880E-9
   0:27:28	1	2.686000E+1	3.880000E+2	5.021900E-8	4.977778E-8	1.391241E-9	1.406903E-9	1.590725E-9	1.760310E-9	1.604928E-9	2.441809E-9	-1.206496E-11	3.282380E-9	1.449552E-9	1.602617E-9	1.523268E-9	1.392813E-9	1.528465E-9	-1.167487E-11	2.098024E-9	3.850382E-9	1.217799E-9	1.238840E-9	1.307874E-9	1.523987E-9	1.482088E-9	1.821920E-9	1.355333E-9	1.646689E-9	1.518708E-9	1.255280E-9	1.336588E-9	1.418567E-9	1.569257E-9	1.416002E-9	1.276062E-9	1.493106E-9
   0:27:41	1	2.685800E+1	3.900000E+2	5.247000E-8	5.215628E-8	1.459348E-9	1.471847E-9	1.668222E-9	1.844355E-9	1.684945E-9	2.557531E-9	-1.181168E-11	3.443956E-9	1.515158E-9	1.674470E-9	1.591364E-9	1.460446E-9	1.597826E-9	-1.356771E-11	2.202985E-9	4.045499E-9	1.274562E-9	1.296682E-9	1.369982E-9	1.594263E-9	1.548973E-9	1.908409E-9	1.418077E-9	1.725558E-9	1.588760E-9	1.316639E-9	1.402255E-9	1.482769E-9	1.643770E-9	1.485767E-9	1.338407E-9	1.568828E-9
   0:27:55	1	2.685500E+1	3.920000E+2	5.520500E-8	5.481189E-8	1.533069E-9	1.539944E-9	1.753495E-9	1.936183E-9	1.772884E-9	2.685700E-9	-1.219161E-11	3.616376E-9	1.585075E-9	1.757192E-9	1.664454E-9	1.534647E-9	1.672698E-9	-1.249477E-11	2.318714E-9	4.266566E-9	1.341904E-9	1.363082E-9	1.439524E-9	1.672375E-9	1.621979E-9	2.005164E-9	1.496553E-9	1.815065E-9	1.669469E-9	1.384972E-9	1.474806E-9	1.558430E-9	1.725671E-9	1.569661E-9	1.408717E-9	1.652211E-9
   0:28:09	1	2.685300E+1	3.940000E+2	5.808400E-8	5.761105E-8	1.611709E-9	1.614284E-9	1.843446E-9	2.031556E-9	1.865383E-9	2.820721E-9	-1.092817E-11	3.801098E-9	1.658414E-9	1.841431E-9	1.748799E-9	1.612636E-9	1.757387E-9	-1.173763E-11	2.442616E-9	4.495732E-9	1.410196E-9	1.432253E-9	1.515176E-9	1.753307E-9	1.698835E-9	2.107591E-9	1.573766E-9	1.910615E-9	1.754591E-9	1.460526E-9	1.552597E-9	1.633078E-9	1.811804E-9	1.653555E-9	1.480846E-9	1.739773E-9
   0:28:22	1	2.685100E+1	3.960000E+2	6.103100E-8	6.075231E-8	1.699683E-9	1.691083E-9	1.945912E-9	2.142372E-9	1.969349E-9	2.973718E-9	-1.143275E-11	4.010233E-9	1.744242E-9	1.938624E-9	1.837001E-9	1.701990E-9	1.846511E-9	-1.287334E-11	2.581530E-9	4.753757E-9	1.489069E-9	1.512627E-9	1.596749E-9	1.843580E-9	1.788879E-9	2.217071E-9	1.664121E-9	2.019068E-9	1.845135E-9	1.545312E-9	1.640112E-9	1.719693E-9	1.909554E-9	1.747715E-9	1.563576E-9	1.838351E-9
   0:28:36	1	2.684900E+1	3.980000E+2	6.433500E-8	6.408900E-8	1.791945E-9	1.782383E-9	2.054004E-9	2.256604E-9	2.077941E-9	3.135014E-9	-1.320176E-11	4.228439E-9	1.832414E-9	2.039988E-9	1.931399E-9	1.796461E-9	1.942412E-9	-1.293710E-11	2.728171E-9	5.022351E-9	1.574149E-9	1.592246E-9	1.685188E-9	1.943131E-9	1.882961E-9	2.342867E-9	1.755172E-9	2.130607E-9	1.946904E-9	1.636505E-9	1.734445E-9	1.814158E-9	2.014630E-9	1.847387E-9	1.652451E-9	1.942817E-9
   0:28:50	1	2.684700E+1	4.000000E+2	6.819400E-8	6.785612E-8	1.897639E-9	1.877467E-9	2.177269E-9	2.386025E-9	2.204845E-9	3.311143E-9	-1.269618E-11	4.480443E-9	1.931109E-9	2.153424E-9	2.038000E-9	1.903626E-9	2.048131E-9	-1.116978E-11	2.894576E-9	5.334363E-9	1.666959E-9	1.690369E-9	1.785595E-9	2.050644E-9	1.988905E-9	2.479748E-9	1.861703E-9	2.257503E-9	2.059896E-9	1.735548E-9	1.838251E-9	1.914765E-9	2.131391E-9	1.963978E-9	1.753683E-9	2.062985E-9
   0:29:04	1	2.684500E+1	4.020000E+2	7.220400E-8	7.190641E-8	2.009072E-9	1.982325E-9	2.303819E-9	2.526774E-9	2.335231E-9	3.508897E-9	-1.193832E-11	4.748615E-9	2.039819E-9	2.278423E-9	2.154909E-9	2.017736E-9	2.166394E-9	-1.350495E-11	3.072257E-9	5.661118E-9	1.768067E-9	1.789498E-9	1.895135E-9	2.171575E-9	2.102107E-9	2.627087E-9	1.974805E-9	2.394533E-9	2.182096E-9	1.842128E-9	1.953674E-9	2.027719E-9	2.257242E-9	2.089565E-9	1.861940E-9	2.189296E-9
   0:29:17	1	2.684300E+1	4.040000E+2	7.672900E-8	7.652275E-8	2.134002E-9	2.100236E-9	2.454579E-9	2.687331E-9	2.488806E-9	3.727834E-9	-1.073871E-11	5.049763E-9	2.159941E-9	2.419348E-9	2.285347E-9	2.147762E-9	2.298084E-9	-1.426209E-11	3.274578E-9	6.039328E-9	1.884696E-9	1.907447E-9	2.016896E-9	2.305793E-9	2.231778E-9	2.795843E-9	2.105159E-9	2.553719E-9	2.321319E-9	1.969056E-9	2.082988E-9	2.156187E-9	2.401469E-9	2.230362E-9	1.982240E-9	2.335865E-9
   0:29:31	1	2.684100E+1	4.060000E+2	8.211400E-8	8.166603E-8	2.278417E-9	2.233467E-9	2.617097E-9	2.865672E-9	2.658219E-9	3.977823E-9	-1.244390E-11	5.390672E-9	2.290710E-9	2.570699E-9	2.429125E-9	2.295593E-9	2.443710E-9	-1.312638E-11	3.496663E-9	6.460511E-9	2.016087E-9	2.035152E-9	2.151320E-9	2.453177E-9	2.377917E-9	2.983434E-9	2.252066E-9	2.733740E-9	2.478574E-9	2.110055E-9	2.231185E-9	2.294910E-9	2.560661E-9	2.387063E-9	2.117280E-9	2.500605E-9
   0:29:45	1	2.683900E+1	4.080000E+2	8.770600E-8	8.725396E-8	2.431788E-9	2.372373E-9	2.797756E-9	3.054329E-9	2.838149E-9	4.239819E-9	-1.143275E-11	5.760052E-9	2.437199E-9	2.741830E-9	2.587319E-9	2.446898E-9	2.601434E-9	-1.180039E-11	3.745415E-9	6.916565E-9	2.152927E-9	2.177963E-9	2.301616E-9	2.618427E-9	2.536424E-9	3.187528E-9	2.409778E-9	2.918419E-9	2.648251E-9	2.260410E-9	2.390176E-9	2.453702E-9	2.737535E-9	2.562011E-9	2.271323E-9	2.679780E-9
   0:29:58	1	2.683700E+1	4.100000E+2	9.443000E-8	9.384021E-8	2.606032E-9	2.536311E-9	3.006165E-9	3.280325E-9	3.054256E-9	4.552730E-9	-1.168603E-11	6.187138E-9	2.607332E-9	2.935965E-9	2.767327E-9	2.635713E-9	2.792032E-9	-1.192692E-11	4.031795E-9	7.458500E-9	2.318274E-9	2.345761E-9	2.480571E-9	2.811950E-9	2.720801E-9	3.427213E-9	2.596175E-9	3.150307E-9	2.848635E-9	2.444930E-9	2.578213E-9	2.637379E-9	2.948129E-9	2.767946E-9	2.445876E-9	2.890043E-9
   0:30:12	1	2.683500E+1	4.110000E+2	9.796000E-8	9.726460E-8	2.708004E-9	2.624648E-9	3.114953E-9	3.396012E-9	3.170513E-9	4.706168E-9	-1.238107E-11	6.412065E-9	2.697406E-9	3.041437E-9	2.865266E-9	2.734668E-9	2.888124E-9	-1.262129E-11	4.183947E-9	7.733486E-9	2.406775E-9	2.427833E-9	2.572097E-9	2.910436E-9	2.816334E-9	3.558300E-9	2.689312E-9	3.261214E-9	2.951412E-9	2.542214E-9	2.673747E-9	2.735391E-9	3.054089E-9	2.872434E-9	2.538515E-9	3.002803E-9
   0:30:26	1	2.683300E+1	4.120000E+2	1.004600E-7	1.009810E-7	2.807960E-9	2.713553E-9	3.228987E-9	3.518977E-9	3.288988E-9	4.887578E-9	-1.250672E-11	6.652845E-9	2.795086E-9	3.152533E-9	2.967504E-9	2.834190E-9	2.993716E-9	-1.255853E-11	4.346300E-9	8.039485E-9	2.501929E-9	2.522810E-9	2.673826E-9	3.018514E-9	2.918555E-9	3.693040E-9	2.797485E-9	3.395286E-9	3.064972E-9	2.644460E-9	2.781529E-9	2.841822E-9	3.171352E-9	2.990038E-9	2.639559E-9	3.123160E-9
   0:30:40	1	2.683100E+1	4.130000E+2	1.056300E-7	1.048825E-7	2.911826E-9	2.811664E-9	3.357496E-9	3.658398E-9	3.417790E-9	5.067353E-9	-1.219161E-11	6.909032E-9	2.892260E-9	3.267358E-9	3.076445E-9	2.943817E-9	3.102160E-9	-1.192692E-11	4.518216E-9	8.350355E-9	2.600694E-9	2.622632E-9	2.776754E-9	3.138000E-9	3.028665E-9	3.836535E-9	2.905975E-9	3.523945E-9	3.187611E-9	2.750412E-9	2.896069E-9	2.951420E-9	3.295688E-9	3.110240E-9	2.748318E-9	3.249533E-9
   0:30:53	1	2.682900E+1	4.140000E+2	1.091200E-7	1.093855E-7	3.029754E-9	2.924402E-9	3.494792E-9	3.808766E-9	3.559645E-9	5.281577E-9	-1.276000E-11	7.199210E-9	3.010351E-9	3.404490E-9	3.204100E-9	3.069989E-9	3.228085E-9	-1.299986E-11	4.712366E-9	8.713568E-9	2.720300E-9	2.736679E-9	2.897633E-9	3.267768E-9	3.157451E-9	3.999874E-9	3.037970E-9	3.684390E-9	3.327653E-9	2.877906E-9	3.026900E-9	3.073555E-9	3.439662E-9	3.253190E-9	2.870749E-9	3.398507E-9
   0:31:07	1	2.682700E+1	4.150000E+2	1.143100E-7	1.139305E-7	3.156322E-9	3.034619E-9	3.637398E-9	3.965526E-9	3.706756E-9	5.488067E-9	-1.200214E-11	7.485899E-9	3.129331E-9	3.538210E-9	3.325748E-9	3.197486E-9	3.356101E-9	-1.173763E-11	4.908669E-9	9.083423E-9	2.832812E-9	2.859159E-9	3.019015E-9	3.399980E-9	3.285292E-9	4.170079E-9	3.171418E-9	3.838729E-9	3.469776E-9	3.004269E-9	3.156971E-9	3.205250E-9	3.590267E-9	3.397090E-9	2.995438E-9	3.545140E-9
   0:31:21	1	2.682500E+1	4.160000E+2	1.184900E-7	1.187989E-7	3.284719E-9	3.152717E-9	3.790118E-9	4.130198E-9	3.866729E-9	5.722781E-9	-1.238107E-11	7.805183E-9	3.247739E-9	3.675469E-9	3.459537E-9	3.332373E-9	3.493239E-9	-1.287334E-11	5.122456E-9	9.484036E-9	2.956157E-9	2.979939E-9	3.151044E-9	3.550122E-9	3.420388E-9	4.354018E-9	3.304171E-9	4.009309E-9	3.621735E-9	3.143005E-9	3.302324E-9	3.342073E-9	3.744471E-9	3.550432E-9	3.128972E-9	3.698736E-9
   0:31:35	1	2.682300E+1	4.170000E+2	1.244200E-7	1.240936E-7	3.427368E-9	3.280904E-9	3.958261E-9	4.312464E-9	4.037537E-9	5.962901E-9	-1.212779E-11	8.150594E-9	3.383896E-9	3.834972E-9	3.597246E-9	3.483236E-9	3.643236E-9	-1.173763E-11	5.343971E-9	9.913509E-9	3.095340E-9	3.114945E-9	3.293654E-9	3.701518E-9	3.576686E-9	4.544443E-9	3.455059E-9	4.189269E-9	3.790466E-9	3.292794E-9	3.458600E-9	3.499030E-9	3.907958E-9	3.721008E-9	3.271538E-9	3.875063E-9
   0:31:48	1	2.682100E+1	4.180000E+2	1.303900E-7	1.301898E-7	3.585658E-9	3.432799E-9	4.144547E-9	4.519854E-9	4.227542E-9	6.252556E-9	-1.257054E-11	8.542488E-9	3.536977E-9	4.008569E-9	3.770109E-9	3.650581E-9	3.814958E-9	-1.173763E-11	5.615464E-9	1.039260E-8	3.249536E-9	3.272042E-9	3.463225E-9	3.884196E-9	3.742702E-9	4.769765E-9	3.631409E-9	4.399377E-9	3.977483E-9	3.467895E-9	3.644427E-9	3.672133E-9	4.114448E-9	3.913953E-9	3.439316E-9	4.077474E-9
   0:32:02	1	2.681900E+1	4.190000E+2	1.370300E-7	1.364214E-7	3.756243E-9	3.583622E-9	4.334500E-9	4.734015E-9	4.425655E-9	6.536049E-9	-1.193832E-11	8.935268E-9	3.696271E-9	4.193668E-9	3.943920E-9	3.822535E-9	3.997196E-9	-1.236924E-11	5.888161E-9	1.089979E-8	3.410068E-9	3.430650E-9	3.634497E-9	4.067689E-9	3.916100E-9	5.004348E-9	3.808140E-9	4.610744E-9	4.178688E-9	3.645380E-9	3.827034E-9	3.848971E-9	4.309131E-9	4.115262E-9	3.607849E-9	4.284256E-9
   0:32:16	1	2.681800E+1	4.200000E+2	1.433500E-7	1.432327E-7	3.927145E-9	3.743083E-9	4.544616E-9	4.967605E-9	4.639798E-9	6.850593E-9	-1.035978E-11	9.373958E-9	3.866087E-9	4.394564E-9	4.126394E-9	4.012235E-9	4.175506E-9	-1.262129E-11	6.184865E-9	1.145407E-8	3.581686E-9	3.604741E-9	3.817673E-9	4.271558E-9	4.114801E-9	5.257389E-9	4.008249E-9	4.856353E-9	4.388342E-9	3.840829E-9	4.026057E-9	4.044424E-9	4.535069E-9	4.336215E-9	3.807553E-9	4.504205E-9
   0:32:29	1	2.681600E+1	4.210000E+2	1.508600E-7	1.512126E-7	4.134876E-9	3.928774E-9	4.788866E-9	5.239231E-9	4.895122E-9	7.216933E-9	-1.143275E-11	9.885129E-9	4.059673E-9	4.622380E-9	4.338712E-9	4.232185E-9	4.402846E-9	-1.161111E-11	6.525595E-9	1.209790E-8	3.802211E-9	3.815462E-9	4.035054E-9	4.504199E-9	4.340890E-9	5.562333E-9	4.237236E-9	5.127895E-9	4.646924E-9	4.068120E-9	4.270860E-9	4.270080E-9	4.790371E-9	4.594995E-9	4.027453E-9	4.773347E-9
   0:32:43	1	2.681400E+1	4.220000E+2	1.598700E-7	1.593923E-7	4.348914E-9	4.121086E-9	5.038174E-9	5.531424E-9	5.151206E-9	7.582645E-9	-1.225443E-11	1.041501E-8	4.264101E-9	4.858097E-9	4.560513E-9	4.453458E-9	4.627903E-9	-1.180039E-11	6.871201E-9	1.275806E-8	4.003351E-9	4.020582E-9	4.262704E-9	4.746370E-9	4.572276E-9	5.862743E-9	4.473235E-9	5.411020E-9	4.917676E-9	4.313815E-9	4.514840E-9	4.510296E-9	5.063290E-9	4.863850E-9	4.255007E-9	5.043503E-9
   0:32:57	1	2.681200E+1	4.230000E+2	1.684600E-7	1.684471E-7	4.583196E-9	4.337991E-9	5.307899E-9	5.839375E-9	5.430859E-9	7.995752E-9	-1.042260E-11	1.097495E-8	4.489191E-9	5.119533E-9	4.803305E-9	4.697908E-9	4.873611E-9	-1.318915E-11	7.266025E-9	1.345828E-8	4.247888E-9	4.264161E-9	4.509878E-9	5.023271E-9	4.830607E-9	6.208254E-9	4.733244E-9	5.728135E-9	5.206966E-9	4.572507E-9	4.792349E-9	4.778243E-9	5.371511E-9	5.162675E-9	4.510345E-9	5.352787E-9
   0:33:11	1	2.681000E+1	4.240000E+2	1.788700E-7	1.784376E-7	4.842196E-9	4.568890E-9	5.600822E-9	6.180742E-9	5.732116E-9	8.440416E-9	-1.212779E-11	1.161009E-8	4.731712E-9	5.408018E-9	5.071325E-9	4.971596E-9	5.146746E-9	-1.299986E-11	7.695815E-9	1.427058E-8	4.503131E-9	4.518563E-9	4.783132E-9	5.319480E-9	5.111906E-9	6.580665E-9	5.027310E-9	6.082763E-9	5.536800E-9	4.872777E-9	5.103765E-9	5.078799E-9	5.701262E-9	5.485392E-9	4.792903E-9	5.692966E-9
   0:33:24	1	2.680800E+1	4.250000E+2	1.910200E-7	1.905010E-7	5.147486E-9	4.840649E-9	5.956832E-9	6.639507E-9	6.104901E-9	8.975532E-9	-1.124328E-11	1.237276E-8	5.025831E-9	5.754514E-9	5.383352E-9	5.300603E-9	5.474673E-9	-1.230549E-11	8.212387E-9	1.521433E-8	4.818683E-9	4.839743E-9	5.128950E-9	5.677752E-9	5.457568E-9	7.028224E-9	5.376665E-9	6.494359E-9	5.926155E-9	5.237360E-9	5.467148E-9	5.434376E-9	6.103695E-9	5.894408E-9	5.139438E-9	6.096649E-9
   0:33:38	1	2.680600E+1	4.260000E+2	2.035000E-7	2.030810E-7	5.458137E-9	5.122244E-9	6.329783E-9	7.039793E-9	6.489979E-9	9.548489E-9	-1.174886E-11	1.315527E-8	5.322297E-9	6.098168E-9	5.717002E-9	5.638008E-9	5.821159E-9	-1.161111E-11	8.747902E-9	1.620429E-8	5.151086E-9	5.176785E-9	5.474013E-9	6.060223E-9	5.824682E-9	7.510744E-9	5.730884E-9	6.942271E-9	6.344265E-9	5.619966E-9	5.877633E-9	5.811668E-9	6.538778E-9	6.315023E-9	5.499396E-9	6.534460E-9
   0:33:52	1	2.680400E+1	4.270000E+2	2.171600E-7	2.174709E-7	5.801706E-9	5.447347E-9	6.733707E-9	7.576652E-9	6.918137E-9	1.016859E-8	-1.181168E-11	1.402949E-8	5.669790E-9	6.504132E-9	6.096111E-9	6.025111E-9	6.210782E-9	-1.199068E-11	9.353725E-9	1.734081E-8	5.533728E-9	5.554927E-9	5.880681E-9	6.494289E-9	6.234199E-9	8.058397E-9	6.163327E-9	7.440979E-9	6.835200E-9	6.054764E-9	6.330868E-9	6.251517E-9	7.020840E-9	6.820036E-9	5.913732E-9	7.031148E-9
   0:34:05	1	2.680300E+1	4.280000E+2	2.336100E-7	2.337208E-7	6.202978E-9	5.797985E-9	7.200905E-9	8.189011E-9	7.404012E-9	1.088700E-8	-1.162221E-11	1.503763E-8	6.058103E-9	6.950413E-9	6.508480E-9	6.463304E-9	6.646963E-9	-1.287334E-11	1.002467E-8	1.860037E-8	5.955013E-9	5.983924E-9	6.343663E-9	6.992107E-9	6.707829E-9	8.670305E-9	6.630460E-9	8.015221E-9	7.384523E-9	6.564867E-9	6.847747E-9	6.746513E-9	7.589538E-9	7.362879E-9	6.382699E-9	7.596152E-9
   0:34:19	1	2.680100E+1	4.290000E+2	2.542800E-7	2.538426E-7	6.684406E-9	6.231727E-9	7.763616E-9	9.037621E-9	7.998922E-9	1.174641E-8	-1.162221E-11	1.623835E-8	6.515702E-9	7.494014E-9	7.023276E-9	6.978410E-9	7.185124E-9	-1.318915E-11	1.086544E-8	2.015948E-8	6.502179E-9	6.513625E-9	6.896469E-9	7.604712E-9	7.294782E-9	9.456005E-9	7.214675E-9	8.703395E-9	8.080067E-9	7.196494E-9	7.492869E-9	7.362756E-9	8.294633E-9	8.057414E-9	6.972404E-9	8.302407E-9
   0:34:33	1	2.679900E+1	4.300000E+2	2.774000E-7	2.765536E-7	7.213380E-9	6.695169E-9	8.372348E-9	1.040151E-8	8.635334E-9	1.267622E-8	-1.200214E-11	1.757573E-8	7.030220E-9	8.095628E-9	7.566397E-9	7.547193E-9	7.764143E-9	-1.180039E-11	1.178025E-8	2.186864E-8	7.095969E-9	7.114697E-9	7.542626E-9	8.291728E-9	7.933226E-9	1.029582E-8	7.871364E-9	9.493788E-9	8.859160E-9	7.904179E-9	8.231629E-9	8.062574E-9	9.090031E-9	8.845099E-9	7.632230E-9	9.091161E-9
   0:34:47	1	2.679800E+1	4.310000E+2	3.041400E-7	3.037212E-7	7.791041E-9	7.233453E-9	9.079563E-9	1.246635E-8	9.380778E-9	1.375072E-8	-1.174886E-11	1.912339E-8	7.611106E-9	8.798419E-9	8.233696E-9	8.220044E-9	8.446603E-9	-1.350495E-11	1.285844E-8	2.384380E-8	7.802842E-9	7.818488E-9	8.281758E-9	9.087829E-9	8.698440E-9	1.132139E-8	8.640085E-9	1.041762E-8	9.828544E-9	8.760651E-9	9.123511E-9	8.879654E-9	1.003022E-8	9.778899E-9	8.437761E-9	1.000135E-8
   0:35:00	1	2.679700E+1	4.320000E+2	3.473900E-7	3.460346E-7	8.541624E-9	7.900931E-9	9.970596E-9	2.243853E-8	1.030748E-8	1.515096E-8	-1.086435E-11	2.109718E-8	8.361997E-9	9.672464E-9	9.049392E-9	9.077358E-9	9.315225E-9	-1.287334E-11	1.423244E-8	2.637570E-8	8.732713E-9	8.736905E-9	9.257864E-9	1.013437E-8	9.692829E-9	1.263264E-8	9.631721E-9	1.156277E-8	1.106345E-8	9.888876E-9	1.027876E-8	9.999503E-9	1.125293E-8	1.100950E-8	9.465761E-9	1.122582E-8
   0:35:14	1	2.679600E+1	4.330000E+2	5.846800E-7	6.215105E-7	9.366997E-9	8.585501E-9	1.092219E-8	2.615676E-7	1.134741E-8	1.661356E-8	-1.478130E-11	2.329495E-8	9.183887E-9	1.064933E-8	9.965363E-9	1.000186E-8	1.025542E-8	-1.142183E-11	1.572508E-8	2.918082E-8	9.760331E-9	9.779185E-9	1.037752E-8	1.134134E-8	1.079089E-8	1.414672E-8	1.074442E-8	1.294164E-8	1.251293E-8	1.118134E-8	1.160051E-8	1.128245E-8	1.270518E-8	1.243754E-8	1.063708E-8	1.263763E-8
   0:35:28	1	2.679800E+1	4.340000E+2	1.356200E-6	1.434552E-6	1.035684E-8	1.028131E-8	1.211822E-8	1.027497E-6	1.260337E-8	1.853302E-8	-5.874428E-12	2.594822E-8	1.019638E-8	1.186602E-8	1.109018E-8	1.121899E-8	1.148504E-8	-1.533503E-11	1.764713E-8	3.271218E-8	1.117864E-8	1.115102E-8	1.183173E-8	1.287078E-8	1.226547E-8	1.611655E-8	1.218070E-8	1.414205E-8	1.439855E-8	1.299590E-8	1.339248E-8	1.292896E-8	1.466204E-8	1.427461E-8	1.215807E-8	1.447194E-8
   0:35:42	1	2.680100E+1	4.350000E+2	2.195300E-6	2.212401E-6	1.159597E-8	9.875630E-9	1.351988E-8	1.747770E-6	1.414115E-8	2.080995E-8	-1.231725E-11	2.929173E-8	1.144639E-8	1.337164E-8	1.250008E-8	1.265791E-8	1.294294E-8	-8.582558E-12	1.998201E-8	3.709741E-8	1.288545E-8	1.287135E-8	1.366280E-8	1.486495E-8	1.410156E-8	1.858748E-8	1.402029E-8	1.639169E-8	1.702215E-8	1.526290E-8	1.577552E-8	1.507387E-8	1.708232E-8	1.676603E-8	1.419494E-8	1.685643E-8
   0:35:56	1	2.680500E+1	4.360000E+2	3.200100E-6	3.189169E-6	1.321399E-8	1.235318E-8	1.548564E-8	2.637931E-6	1.627415E-8	2.399846E-8	-1.257054E-11	3.384479E-8	1.314601E-8	1.539697E-8	1.441125E-8	1.460486E-8	1.501439E-8	-1.514276E-12	2.324595E-8	4.321244E-8	1.543730E-8	1.542103E-8	1.636340E-8	1.777633E-8	1.683523E-8	2.228853E-8	1.664282E-8	1.961847E-8	2.103230E-8	1.882086E-8	1.932991E-8	1.850985E-8	2.090586E-8	2.045403E-8	1.726308E-8	2.035162E-8
   0:36:09	1	2.681000E+1	4.370000E+2	4.181800E-6	4.184700E-6	1.516972E-8	1.341064E-8	1.779105E-8	3.521226E-6	1.884633E-8	2.774453E-8	-2.400229E-12	3.964251E-8	1.524954E-8	1.795806E-8	1.677652E-8	1.716694E-8	1.760480E-8	-8.709080E-12	2.737245E-8	5.072462E-8	1.886486E-8	1.877541E-8	1.995123E-8	2.167927E-8	2.054519E-8	2.719266E-8	2.016366E-8	2.384614E-8	2.683784E-8	2.390442E-8	2.439049E-8	2.330437E-8	2.627769E-8	2.564643E-8	2.144377E-8	2.520361E-8
   0:36:23	1	2.681600E+1	4.380000E+2	5.284300E-6	5.227887E-6	1.778622E-8	1.659161E-8	2.098609E-8	4.392138E-6	2.231266E-8	3.317326E-8	-6.506645E-12	4.749578E-8	1.813908E-8	2.137880E-8	2.009772E-8	2.053456E-8	2.112814E-8	-6.058100E-12	3.312265E-8	6.132388E-8	2.420322E-8	2.405429E-8	2.561076E-8	2.778451E-8	2.587158E-8	3.469919E-8	2.540593E-8	3.004587E-8	3.689667E-8	3.267293E-8	3.307726E-8	3.118416E-8	3.514546E-8	3.413632E-8	2.805961E-8	3.284333E-8
   0:36:37	1	2.682200E+1	4.390000E+2	6.425900E-6	6.414846E-6	2.144529E-8	1.998400E-8	2.540404E-8	5.284204E-6	2.732069E-8	4.048242E-8	-9.411450E-12	5.904254E-8	2.228496E-8	2.646902E-8	2.487567E-8	2.574448E-8	2.646023E-8	-6.310148E-12	4.173659E-8	7.736281E-8	3.318693E-8	3.310149E-8	3.534333E-8	3.817323E-8	3.523390E-8	4.799050E-8	3.403187E-8	3.958133E-8	5.840353E-8	5.038298E-8	5.012240E-8	4.672494E-8	5.228356E-8	5.035332E-8	4.039889E-8	4.673248E-8
   0:36:51	1	2.683100E+1	4.400000E+2	8.115500E-6	8.103170E-6	2.734582E-8	2.508178E-8	3.263712E-8	6.240621E-6	3.554808E-8	5.340933E-8	-3.221911E-12	7.913357E-8	2.939018E-8	3.534340E-8	3.342729E-8	3.485210E-8	3.589594E-8	-1.830082E-12	5.729326E-8	1.059656E-7	5.429552E-8	5.408881E-8	5.793326E-8	6.253265E-8	5.652489E-8	7.798401E-8	5.264895E-8	6.018983E-8	1.395882E-7	1.116336E-7	1.032371E-7	9.309820E-8	1.020950E-7	9.689188E-8	7.237146E-8	8.211754E-8
