40 1200 1598 2663 5.592 16.15 100 152.8 203.8 339.6 .8168 2069  
41 1152 1535 2559 5.389 15.52 101 148.4 197.9 329.8 .7946 2009  
42 1107 1475 2459 5.193 14.92 102 144.2 192.2 320.4 .7731 1950  
43 1064 1418 2363 5.006 14.35 103 140.1 186.8 311.3 .7523 1894  
44 1023 1363 2272 4.827 13.80 104 136.1 181.5 302.5 .7321 1840  
45 983.8 1310 2184 4.655 13.28 105 132.3 176.4 294.0 .7126 1788  
46 946.2 1260 2101 4.489 12.77 106 128.6 171.4 285.7 .6936 1737  
47 910.2 1212 2021 4.331 12.29 107 125.0 166.7 277.8 .6753 1688  
48 875.8 1167 1944 4.179 11.83 108 121.6 162.0 270.1 .6575 1640  
49 842.8 1123 1871 4.033 11.39 109 118.2 157.6 262.6 .6403 1594  
50 811.3 1081 1801 3.893 10.97 110 115.0 153.2 255.4 .6235 1550  
51 781.1 1040 1734 3.758 10.57 111 111.8 149.0 248.4 .6073 1507  
52 752.2 1002 1670 3.629 10.18 112 108.8 145.0 241.6 .5916 1465  
53 724.5 965.0 1608 3.504 9807 113 105.8 141.1 235.1 .5764 1425  
54 697.9 929.6 1549 3.385 9450 114 103.0 137.2 228.7 .5616 1386  
55 672.5 895.8 1493 3.270 9109 115 100.2 133.6 222.6 .5473 1348  
56 648.1 863.3 1439 3.160 8781 116 97.6 130.0 216.7 .5334 1311  
57 624.8 832.2 1387 3.054 8467 117 95.0 126.5 210.9 .5199 1276  
58 602.4 802.3 1337 2.952 8166 118 92.5 123.2 205.3 .5068 1241  
59 580.9 773.7 1290 2.854 7876 119 90.0 119.9 199.9 .4941 1208  
60 560.3 746.3 1244 2.760 7599 120 87.7 116.8 194.7 .4818 1176  
61 540.5 719.9 1200 2.669 7332 121 85.4 113.8 189.6 .4698 1145  
62 521.5 694.7 1158 2.582 7076 122 83.2 110.8 184.7 .4582 1114  
63 503.3 670.4 1117 2.497 6830 123 81.1 107.9 179.9 .4469 1085  
64 485.8 647.1 1079 2.417 6594 124 79.0 105.2 175.3 .4359 1057  
65 469.0 624.7 1041 2.339 6367 125 77.0 102.5 170.8 .4253 1029  
66 452.9 603.3 1006 2.264 6149 126 75.0 99.9 166.4 .4149 1002  
67 437.4 582.6 971.1 2.191 5940 127 73.1 97.3 162.2 .4049 976.3  
68 422.5 562.9 938.0 2.122 5738 128 71.3 94.9 158.1 .3951 951.1  
69 408.2 543.7 906.3 2.055 5545 129 69.5 92.5 154.1 .3856 926.7  
70 394.5 525.4 875.7 1.990 5359 130 67.8 90.2 150.3 .3764 903.0  
71 381.2 507.8 846.4 1.928 5180 131 66.1 87.9 146.5 .3674 880.0  
72 368.5 490.9 818.3 1.868 5007 132 64.4 85.7 142.9 .3587 857.7  
73 356.2 474.7 791.2 1.810 4842 133 62.9 83.6 139.4 .3503 836.1  
74 344.5 459.0 765.1 1.754 4682 134 61.3 81.6 136.0 .3420 815.0  
75 333.1 444.0 740.0 1.700 4529 135 59.8 79.6 132.6 .3340 794.6  
76 322.3 429.5 715.9 1.648 4381 136 58.4 77.6 129.4 .3263 774.8  
77 311.8 415.6 692.7 1.598 4239 137 57.0 75.8 126.3 .3187 755.6  
78 301.7 402.2 670.3 1.549 4102 138 55.6 73.9 123.2 .3113 736.9  
79 292.0 389.3 648.8 1.503 3970 139 54.3 72.2 120.3 .3042 718.8  
80 282.7 376.9 628.1 1.458 3843 140 53.0 70.4 117.4 .2972 701.2  
81 273.7 364.9 608.2 1.414 3720 141 51.7 68.8 114.6 .2904 684.1  
82 265.0 353.4 588.9 1.372 3602 142 50.5 67.1 111.9 .2838 667.5  
83 256.7 342.2 570.4 1.332 3489 143 49.3 65.5 109.2 .2774 651.3  
84 248.6 331.5 552.6 1.293 3379 144 48.2 64.0 106.7 .2712 635.6  
85 240.9 321.2 535.4 1.255 3273 145 47.0 62.5 104.2 .2651 620.3  
86 233.4 311.3 518.8 1.218 3172 146 45.9 61.1 101.8 .2592 605.5  
87 226.2 301.7 502.8 1.183 3073 147 44.9 59.6 99.40 .2534 591.1  
88 219.3 292.4 487.4 1.149 2979 148 43.8 58.3 97.10 .2478 577.1  
89 212.6 283.5 472.6 1.116 2887 149 42.8 56.9 94.87 .2423 563.5  
90 206.1 274.9 458.2 1.084 2799 150 41.9 55.6 92.70 .2370 550.2  
91 199.9 266.6 444.4 1.053 2714  
92 193.9 258.6 431.0 1.023 2632  
93 188.1 250.9 418.2 994.2 2552  
94 182.5 243.4 405.7 .9663 2476  
95 177.1 236.2 393.7 .9393 2402  
96 171.9 229.3 382.1 .9132 2331  
97 166.9 222.6 370.9 .8879 2262  
98 162.0 216.1 360.1 .8634 2195  
99 157.3 209.8 349.7 .8397 2131 
